2.0784
2.1238
2.1317
2.0891
2.0232
1.9380
1.8488
1.7830
1.7289
1.6992
1.6838
1.6775
1.6659
1.6544
1.6467
1.6428
1.6350
1.6168
1.5896
1.5547
1.5200
1.4581
1.3924
1.3474
1.3257
1.3232
1.3233
1.3349
1.3323
1.3388
1.3260
1.3131
1.2925
1.2744
1.2551
1.2461
1.2373
1.2361
1.2414
1.2570
1.2660
1.2789
1.2661
1.2445
1.2102
1.1466
1.0575
0.9738
0.9206
0.8739
0.8689
0.8945
0.9265
0.9520
0.9609
0.9889
1.0181
1.0612
1.1170
1.1956
1.2677
1.3219
1.3495
1.3505
1.3111
1.2668
1.2174
1.1911
1.1722
1.1610
1.1572
1.1535
1.1497
1.1385
1.1235
1.1198
1.1198
1.1046
1.0783
1.0482
1.0043
0.9744
0.9332
0.8995
0.8808
0.8580
0.8238
0.7858
0.7706
0.7630
0.7554
0.7516
0.7516
0.7402
0.7137
0.6833
0.6264
0.5468
0.4636
0.3830
0.2938
0.2137
0.1639
0.1419
0.1673
0.2238
0.2902
0.3165
0.3154
0.2983
0.2811
0.2751
0.2851
0.3038
0.3487
0.3936
0.4261
0.4324
0.4324
0.4287
0.4139
0.4030
0.3920
0.3920
0.3920
0.3920
0.3957
0.4067
0.4103
0.4101
0.4098
0.4095
0.4055
0.3938
0.3811
0.3435
0.3210
0.2796
0.2344
0.1892
0.1613
0.1722
0.1672
0.1672
0.1535
0.1411
0.1323
0.1186
0.1186
0.1136
0.1099
0.1024
0.0899
0.0862
0.0700
0.0575
0.0450
0.0363
0.0363
0.0325
0.0187
0.0150
-0.0025
-0.0113
-0.0079
-0.0058
-0.0111
-0.0126
-0.0165
-0.0339
-0.0427
-0.0464
-0.0564
-0.0726
-0.0851
-0.1076
-0.1127
-0.1179
-0.1193
-0.1193
-0.1119
-0.1060
-0.1036
-0.1149
-0.1586
-0.2299
-0.3136
-0.3812
-0.4363
-0.4752
-0.4866
-0.4916
-0.4916
-0.4953
-0.4953
-0.4953
-0.4880
-0.4845
-0.4809
-0.4835
-0.4861
-0.4923
-0.4887
-0.4924
-0.4925
-0.4927
-0.5039
-0.5114
-0.5079
-0.4920
-0.4725
-0.4617
-0.4509
-0.4475
-0.4513
-0.4513
-0.4476
-0.4440
-0.4404
-0.4404
-0.4331
-0.4481
-0.4805
-0.5043
-0.5084
-0.4904
-0.4649
-0.4357
-0.4324
-0.4363
-0.4413
-0.4501
-0.4501
-0.4514
-0.4478
-0.4578
-0.4716
-0.4606
-0.4534
-0.4475
-0.4442
-0.4460
-0.4465
-0.4533
-0.4849
-0.5263
-0.5589
-0.5666
-0.5569
-0.5596
-0.5911
-0.6039
-0.5942
-0.5809
-0.5602
-0.5743
-0.5921
-0.6072
-0.6123
-0.6123
-0.6086
-0.5976
-0.5966
-0.6056
-0.6409
-0.6661
-0.6863
-0.7042
-0.7221
-0.7373
-0.7575
-0.7626
-0.7639
-0.7741
-0.7791
-0.7805
-0.7856
-0.7894
-0.8122
-0.8529
-0.9023
-0.9657
-1.0341
-1.0599
-1.0768
-1.0821
-1.0821
-1.0858
-1.0933
-1.1134
-1.1436
-1.1914
-1.2532
-1.3238
-1.3820
-1.4465
-1.4847
-1.5016
-1.5107
-1.5123
-1.5176
-1.5194
-1.5410
-1.5817
-1.6237
-1.6504
-1.6607
-1.6733
-1.6749
-1.6640
-1.6569
-1.6573
-1.6725
-1.6950
-1.7188
-1.7225
-1.7226
-1.7264
-1.7515
-1.7869
-1.8311
-1.8629
-1.8807
-1.8932
-1.9020
-1.9160
-1.9197
-1.9374
-1.9639
-1.9941
-2.0294
-2.0698
-2.1067
-2.1298
-2.1557
-2.1815
-2.2146
-2.2412
-2.2677
-2.2994
-2.3325
-2.3641
-2.3884
-2.4054
-2.4231
-2.4371
-2.4525
-2.4679
-2.4988
-2.5349
-2.5644
-2.6035
-2.6604
-2.7062
-2.7558
-2.8001
-2.8519
-2.8910
-2.9280
-2.9457
-2.9708
-2.9982
-3.0410
-3.0833
-3.1388
-3.1802
-3.2127
-3.2180
-3.2087
-3.1943
-3.1872
-3.1923
-3.1960
-3.2138
-3.2426
-3.2869
-3.3468
-3.4147
-3.4848
-3.5445
-3.5947
-3.6391
-3.6903
-3.7399
-3.7718
-3.7913
-3.8019
-3.8108
-3.8322
-3.8594
-3.8866
-3.9545
-4.0609
-4.1940
-4.3255
-4.4106
-4.4529
-4.4508
-4.4311
-4.4078
-4.4078
-4.4078
-4.4078
-4.4078
-4.4130
-4.4203
-4.4204
-4.4241
-4.4205
-4.4351
-4.4690
-4.4904
-4.5081
-4.5081
-4.5311
-4.5452
-4.5844
-4.6414
-4.7233
-4.8100
-4.9235
-5.0333
-5.1360
-5.2031
-5.2401
-5.2579
-5.2667
-5.2845
-5.2881
-5.3059
-5.3378
-5.3912
-5.4765
-5.5852
-5.7008
-5.7915
-5.8429
-5.8660
-5.8732
-5.8858
-5.9038
-5.9307
-5.9810
-6.0328
-6.0756
-6.1076
-6.1520
-6.2268
-6.3191
-6.4028
-6.4794
-6.5632
-6.6362
-6.7128
-6.7805
-6.8090
-6.8179
-6.8179
-6.8215
-6.8304
-6.8446
-6.8499
-6.8588
-6.8677
-6.8890
-6.9068
-6.9317
-6.9531
-6.9744
-7.0207
-7.0760
-7.1471
-7.2023
-7.2450
-7.2663
-7.2806
-7.3019
-7.3215
-7.3446
-7.3767
-7.4142
-7.4605
-7.5033
-7.5568
-7.6104
-7.6551
-7.6872
-7.7550
-7.8442
-7.9551
-8.0730
-8.1856
-8.2893
-8.3769
-8.4611
-8.5271
-8.5842
-8.6308
-8.6809
-8.7148
-8.7379
-8.7612
-8.7845
-8.8327
-8.8986
-8.9554
-8.9964
-9.0321
-9.0569
-9.0981
-9.1284
-9.1572
-9.1875
-9.2537
-9.3397
-9.4488
-9.5563
-9.6583
-9.7462
-9.8163
-9.8700
-9.9075
-9.9359
-9.9609
-9.9894
-10.0144
-10.0398
-10.0880
-10.1471
-10.2485
-10.3663
-10.4649
-10.5816
-10.6982
-10.8205
-10.9179
-10.9918
-11.0366
-11.0510
-11.0510
-11.0600
-11.0635
-11.0725
-11.0849
-11.1097
-11.1647
-11.2342
-11.3205
-11.4082
-11.4927
-11.5681
-11.6401
-11.7553
-11.8650
-11.9746
-12.0574
-12.1154
-12.1570
-12.1750
-12.1853
-12.1887
-12.1921
-12.1989
-12.2291
-12.2683
-12.3280
-12.4158
-12.5114
-12.5935
-12.6542
-12.7135
-12.7649
-12.7874
-12.7908
-12.7908
-12.7998
-12.7998
-12.8088
-12.8381
-12.8853
-12.9213
-12.9496
-12.9787
-13.0202
-13.0638
-13.1164
-13.1791
-13.2590
-13.3459
-13.4406
-13.5176
-13.5821
-13.6306
-13.6542
-13.6723
-13.6779
-13.6779
-13.6892
-13.7037
-13.7128
-13.7420
-13.7995
-13.8627
-13.9370
-14.0112
-14.0933
-14.1731
-14.2406
-14.2913
-14.3308
-14.3467
-14.3535
-14.3604
-14.3637
-14.3771
-14.4120
-14.4558
-14.5009
-14.5460
-14.6002
-14.6454
-14.6746
-14.6836
-14.6892
-14.7038
-14.7038
-14.7072
-14.7129
-14.7242
-14.7390
-14.7503
-14.7729
-14.8024
-14.8432
-14.8998
-14.9821
-15.0669
-15.1315
-15.1709
-15.2150
-15.2477
-15.2927
-15.3538
-15.3922
-15.4352
-15.4770
-15.5359
-15.5904
-15.6425
-15.6947
-15.7343
-15.7808
-15.8204
-15.8542
-15.8799
-15.9378
-16.0267
-16.1115
-16.1652
-16.1910
-16.2101
-16.2158
-16.2306
-16.2338
-16.2500
-16.2629
-16.2725
-16.2757
-16.2790
-16.2857
-16.3046
-16.3268
-16.3391
-16.3514
-16.3636
-16.3905
-16.4231
-16.4681
-16.5100
-16.5586
-16.6006
-16.6704
-16.7282
-16.7891
-16.8589
-16.9127
-16.9660
-17.0111
-17.0265
-17.0362
-17.0394
-17.0394
-17.0494
-17.0659
-17.0949
-17.1239
-17.1529
-17.1786
-17.2133
-17.2447
-17.2480
-17.2637
-17.2875
-17.3090
-17.3395
-17.3634
-17.3872
-17.3930
-17.4045
-17.4078
-17.4111
-17.4211
-17.4458
-17.4730
-17.5101
-17.5703
-17.6305
-17.7030
-17.7962
-17.9016
-18.0054
-18.0795
-18.1149
-18.1379
-18.1478
-18.1478
-18.1511
-18.1511
-18.1576
-18.1642
-18.1776
-18.1978
-18.2295
-18.2635
-18.2852
-18.3067
-18.3306
-18.3545
-18.3759
-18.4155
-18.4560
-18.4924
-18.5263
-18.5724
-18.6152
-18.6762
-18.7288
-18.7947
-18.8588
-18.9108
-18.9564
-18.9952
-19.0277
-19.0472
-19.0601
-19.0699
-19.0699
-19.0763
-19.1035
-19.1255
-19.1412
-19.1509
-19.1800
-19.2156
-19.2609
-19.3222
-19.3867
-19.4320
-19.4679
-19.4845
-19.4945
-19.5009
-19.5009
-19.5009
-19.5009
-19.5041
-19.5105
-19.5234
-19.5361
-19.5553
-19.5906
-19.6323
-19.6773
-19.7220
-19.7605
-19.7990
-19.8279
-19.8565
-19.8757
-19.8852
-19.8948
-19.9075
-19.9328
-19.9551
-19.9747
-19.9938
-20.0095
-20.0222
-20.0286
-20.0349
-20.0381
-20.0413
-20.0413
-20.0445
-20.0445
-20.0476
-20.0508
-20.0598
-20.0598
-20.0687
-20.0951
-20.1337
-20.1934
-20.2805
-20.3613
-20.4127
-20.4672
-20.5073
-20.5382
-20.5667
-20.5921
-20.6143
-20.6296
-20.6327
-20.6417
-20.6655
-20.7130
-20.7696
-20.8171
-20.8499
-20.8710
-20.8773
-20.8804
-20.8953
-20.9074
-20.9312
-20.9671
-21.0237
-21.0928
-21.1655
-21.2297
-21.2942
-21.3500
-21.3937
-21.4405
-21.4810
-21.5338
-21.5804
-21.6332
-21.6766
-21.7107
-21.7385
-21.7600
-21.7784
-21.7968
-21.8061
-21.8152
-21.8302
-21.8512
-21.8812
-21.9144
-21.9361
-21.9488
-21.9645
-21.9829
-22.0044
-22.0290
-22.0474
-22.0689
-22.0904
-22.1149
-22.1364
-22.1520
-22.1559
-22.1748
-22.2085
-22.2390
-22.2573
-22.2545
-22.2548
-22.2465
-22.2559
-22.2650
-22.2684
-22.2628
-22.2426
-22.2340
-22.2374
-22.2497
-22.2623
-22.2781
-22.2969
-22.3188
-22.3407
-22.3625
-22.3961
-22.4356
-22.4751
-22.4939
-22.4947
-22.4803
-22.4512
-22.4310
-22.4195
-22.4225
-22.4256
-22.4287
-22.4288
-22.4175
-22.4298
-22.4309
-22.4057
-22.3455
-22.2651
-22.2136
-22.1999
-22.2091
-22.2154
-22.2158
-22.2252
-22.2320
-22.2448
-22.2547
-22.2677
-22.2835
-22.3110
-22.3145
-22.3090
-22.3061
-22.3032
-22.3032
-22.3062
-22.3092
-22.3153
-22.3245
-22.3312
-22.3442
-22.3575
-22.3765
-22.4042
-22.4374
-22.4674
-22.4796
-22.4831
-22.4866
-22.4930
-22.4904
-22.4879
-22.4823
-22.4885
-22.4920
-22.5015
-22.5108
-22.5229
-22.5349
-22.5469
-22.5560
-22.5740
-22.5949
-22.6222
-22.6408
-22.6449
-22.6638
-22.6912
-22.7183
-22.7422
-22.7456
-22.7576
-22.7665
-22.7785
-22.7817
-22.7649
-22.7484
-22.7235
-22.6928
-22.6624
-22.6495
-22.6540
-22.6699
-22.6828
-22.7043
-22.7139
-22.7146
-22.7124
-22.7157
-22.7219
-22.7307
-22.7222
-22.7080
-22.6967
-22.6827
-22.6633
-22.6153
-22.5533
-22.4771
-22.4152
-22.3591
-22.3287
-22.3095
-22.3159
-22.3130
-22.2957
-22.2784
-22.2727
-22.2727
-22.2727
-22.2669
-22.2583
-22.2583
-22.2583
-22.2583
-22.2526
-22.2500
-22.2590
-22.2565
-22.2425
-22.1997
-22.1398
-22.0857
-22.0433
-22.0297
-22.0246
-22.0251
-22.0253
-22.0254
-22.0254
-22.0284
-22.0197
-21.9996
-21.9622
-21.9047
-21.8182
-21.7318
-21.6684
-21.6339
-21.6339
-21.6339
-21.6369
-21.6458
-21.6517
-21.6636
-21.6669
-21.6793
-21.6918
-21.6956
-21.6904
-21.6620
-21.6104
-21.5558
-21.5360
-21.5395
-21.5402
-21.5354
-21.5279
-21.5204
-21.5043
-21.4622
-21.4029
-21.3378
-21.2752
-21.2152
-21.2013
-21.2016
-21.2048
-21.1963
-21.1850
-21.1564
-21.1249
-21.0849
-21.0534
-21.0079
-20.9565
-20.9223
-20.8826
-20.8486
-20.8345
-20.8059
-20.7891
-20.7780
-20.7610
-20.7584
-20.7443
-20.7445
-20.7188
-20.6791
-20.6163
-20.5504
-20.4695
-20.3712
-20.2732
-20.1583
-20.0611
-19.9611
-19.8956
-19.8615
-19.8585
-19.8585
-19.8585
-19.8585
-19.8585
-19.8529
-19.8415
-19.8216
-19.7934
-19.7679
-19.7452
-19.7337
-19.7083
-19.6882
-19.6655
-19.6600
-19.6375
-19.6001
-19.5316
-19.4369
-19.3307
-19.2013
-19.0521
-18.9288
-18.8028
-18.7142
-18.6458
-18.6031
-18.6031
-18.6031
-18.6062
-18.6062
-18.6062
-18.6062
-18.6032
-18.6033
-18.6034
-18.6034
-18.6035
-18.6006
-18.5920
-18.5838
-18.5696
-18.5493
-18.5033
-18.4293
-18.3183
-18.1896
-18.0499
-17.9158
-17.8081
-17.7292
-17.6964
-17.6828
-17.6859
-17.6829
-17.6769
-17.6652
-17.6425
-17.6253
-17.6111
-17.5940
-17.5768
-17.5651
-17.5393
-17.5039
-17.4680
-17.4437
-17.4194
-17.3808
-17.3317
-17.2623
-17.1787
-17.0790
-16.9708
-16.8490
-16.7316
-16.6001
-16.4803
-16.3778
-16.2979
-16.2690
-16.2549
-16.2549
-16.2488
-16.2364
-16.2209
-16.2093
-16.2037
-16.1896
-16.1583
-16.1239
-16.0723
-16.0300
-15.9863
-15.9419
-15.8865
-15.8279
-15.7646
-15.7044
-15.6527
-15.5901
-15.5361
-15.4618
-15.3844
-15.3211
-15.2695
-15.2179
-15.1640
-15.1358
-15.1046
-15.0897
-15.0686
-15.0560
-15.0443
-15.0248
-14.9872
-14.9419
-14.8880
-14.8169
-14.7567
-14.6879
-14.6363
-14.5879
-14.5567
-14.5449
-14.5418
-14.5386
-14.5229
-14.5039
-14.4944
-14.4858
-14.4632
-14.4397
-14.4139
-14.3849
-14.3528
-14.3388
-14.3225
-14.2998
-14.2600
-14.2342
-14.2030
-14.1632
-14.1202
-14.0578
-13.9922
-13.9461
-13.9172
-13.9045
-13.8854
-13.8504
-13.7964
-13.7359
-13.7008
-13.6689
-13.6485
-13.6345
-13.6204
-13.6086
-13.6000
-13.5838
-13.5589
-13.5264
-13.4789
-13.4251
-13.3907
-13.3681
-13.3390
-13.3046
-13.2616
-13.2304
-13.1874
-13.1272
-13.0810
-13.0294
-12.9799
-12.9477
-12.9241
-12.9112
-12.9016
-12.8758
-12.8264
-12.7706
-12.6856
-12.5984
-12.4983
-12.3896
-12.2777
-12.2056
-12.1765
-12.1679
-12.1647
-12.1647
-12.1614
-12.1517
-12.1410
-12.1120
-12.0755
-12.0196
-11.9541
-11.9004
-11.8565
-11.8158
-11.7838
-11.7624
-11.7313
-11.7003
-11.6606
-11.6124
-11.5792
-11.5428
-11.5192
-11.5139
-11.5106
-11.5106
-11.5020
-11.5020
-11.5020
-11.4881
-11.4485
-11.4023
-11.3455
-11.2888
-11.2235
-11.1581
-11.0724
-10.9748
-10.8858
-10.8021
-10.7421
-10.7078
-10.6927
-10.6841
-10.6841
-10.6841
-10.6703
-10.6531
-10.6413
-10.6156
-10.5984
-10.5780
-10.5543
-10.5187
-10.4660
-10.4086
-10.3428
-10.2558
-10.1701
-10.0912
-10.0023
-9.9305
-9.8725
-9.8316
-9.7946
-9.7813
-9.7661
-9.7496
-9.7364
-9.7132
-9.6980
-9.6671
-9.6224
-9.5644
-9.4888
-9.4171
-9.3468
-9.2717
-9.2053
-9.1644
-9.1341
-9.1017
-9.0817
-9.0599
-9.0366
-8.9995
-8.9278
-8.8509
-8.7502
-8.6514
-8.5478
-8.4493
-8.3916
-8.3610
-8.3375
-8.3140
-8.2836
-8.2634
-8.2533
-8.2433
-8.2246
-8.2008
-8.1565
-8.1037
-8.0301
-7.9482
-7.8563
-7.7661
-7.6945
-7.6417
-7.6111
-7.5874
-7.5772
-7.5601
-7.5397
-7.5055
-7.4542
-7.4081
-7.3397
-7.2748
-7.2064
-7.1603
-7.1313
-7.1245
-7.1074
-7.0869
-7.0561
-7.0219
-6.9672
-6.9261
-6.8969
-6.8643
-6.8472
-6.8232
-6.7923
-6.7512
-6.6998
-6.6278
-6.5387
-6.4257
-6.3042
-6.1639
-6.0339
-5.9331
-5.8715
-5.8356
-5.8322
-5.8271
-5.8271
-5.8271
-5.8271
-5.8237
-5.8134
-5.7962
-5.7722
-5.7481
-5.7121
-5.6608
-5.5907
-5.5173
-5.4490
-5.3960
-5.3686
-5.3583
-5.3514
-5.3410
-5.3307
-5.3238
-5.3134
-5.2996
-5.2789
-5.2685
-5.2582
-5.2478
-5.2340
-5.2236
-5.2201
-5.2028
-5.1804
-5.1700
-5.1511
-5.1339
-5.1013
-5.0531
-5.0049
-4.9673
-4.9312
-4.8952
-4.8645
-4.8114
-4.7719
-4.7374
-4.6976
-4.6417
-4.5792
-4.5272
-4.4857
-4.4357
-4.3705
-4.2866
-4.2198
-4.1409
-4.0621
-3.9919
-3.9468
-3.9018
-3.8567
-3.8151
-3.7836
-3.7505
-3.7225
-3.6910
-3.6543
-3.6041
-3.5469
-3.4846
-3.4222
-3.3463
-3.2603
-3.1814
-3.1024
-3.0406
-2.9888
-2.9526
-2.9405
-2.9320
-2.9284
-2.9214
-2.8972
-2.8595
-2.8133
-2.7565
-2.7117
-2.6755
-2.6513
-2.6372
-2.6195
-2.5912
-2.5558
-2.5033
-2.4372
-2.3525
-2.2722
-2.1919
-2.1321
-2.0817
-2.0518
-2.0049
-1.9651
-1.9168
-1.8499
-1.7780
-1.6990
-1.6214
-1.5510
-1.4965
-1.4212
-1.3523
-1.2955
-1.2189
-1.1293
-1.0284
-0.9631
-0.8927
-0.8553
-0.8482
-0.8519
-0.8556
-0.8556
-0.8484
-0.8414
-0.8418
-0.8387
-0.8393
-0.8362
-0.8244
-0.8123
-0.7931
-0.7715
-0.7392
-0.7033
-0.6530
-0.5954
-0.5381
-0.4735
-0.4052
-0.3369
-0.2611
-0.1963
-0.1533
-0.1173
-0.0884
-0.0559
-0.0307
-0.0199
-0.0093
-0.0023
0.0156
0.0299
0.0405
0.0437
0.0429
0.0418
0.0554
0.0837
0.1414
0.2016
0.2741
0.3406
0.4119
0.4779
0.5622
0.6478
0.7409
0.8354
0.9191
0.9774
1.0077
1.0148
1.0109
0.9962
0.9753
0.9531
0.9380
0.9120
0.8996
0.8860
0.8811
0.8590
0.8208
0.7493
0.6931
0.6122
0.5158
0.3737
0.2542
0.1765
0.1574
0.2140
0.3491
0.5303
0.7245
0.8911
1.0348
1.1227
1.1817
1.2282
1.2456
1.2185
1.1622
1.0919
1.0098
0.9122
0.8017
0.6794
0.5479
0.4227
0.3157
0.2409
0.1903
0.1643
0.1307
0.0894
0.0160
-0.0747
-0.1939
-0.3033
-0.4186
-0.5499
-0.6974
-0.8437
-0.9746
-1.0913
-1.1870
-1.2813
-1.3857
-1.4757
-1.5535
-1.6336
-1.7290
-1.8206
-1.9100
-2.0017
-2.0887
-2.1421
-2.1648
-2.1929
-2.2232
-2.2687
-2.3459
-2.4544
-2.5298
-2.5999
-2.6591
-2.7215
-2.7854
-2.8493
-2.9356
-3.0073
-3.0790
-3.1580
-3.2402
-3.3036
-3.3546
-3.3832
-3.3958
-3.3993
-3.4214
-3.4471
-3.4712
-3.5137
-3.5542
-3.6085
-3.6447
-3.6826
-3.7172
-3.7226
-3.6742
-3.6058
-3.5339
-3.4705
-3.4125
-3.3834
-3.3701
-3.3711
-3.3894
-3.4113
-3.4296
-3.4443
-3.4552
-3.4589
-3.4662
-3.4772
-3.4970
-3.5080
-3.5299
-3.5628
-3.6067
-3.6653
-3.7134
-3.7667
-3.8105
-3.8580
-3.9039
-3.9572
-4.0051
-4.0458
-4.0723
-4.0647
-4.0284
-3.9849
-3.9429
-3.9067
-3.9007
-3.9123
-3.9344
-3.9669
-3.9995
-4.0320
-4.0717
-4.1114
-4.1511
-4.1836
-4.1945
-4.2017
-4.2001
-4.2006
-4.1833
-4.1729
-4.1765
-4.1910
-4.2201
-4.2585
-4.2935
-4.3391
-4.3990
-4.4732
-4.5380
-4.5759
-4.5694
-4.5381
-4.5121
-4.4808
-4.4657
-4.4521
-4.4577
-4.4686
-4.4706
-4.4814
-4.4814
-4.4710
-4.4591
-4.4383
-4.4227
-4.4071
-4.4020
-4.3968
-4.4004
-4.4096
-4.4241
-4.4350
-4.4531
-4.4569
-4.4498
-4.4463
-4.4463
-4.4500
-4.4431
-4.4578
-4.4951
-4.5375
-4.5764
-4.5976
-4.6065
-4.6083
-4.6013
-4.6189
-4.6381
-4.6505
-4.6593
-4.6593
-4.6697
-4.6866
-4.7035
-4.7296
-4.7468
-4.7644
-4.7821
-4.8014
-4.8239
-4.8568
-4.8602
-4.8726
-4.8814
-4.8743
-4.8780
-4.8674
-4.8641
-4.8694
-4.8748
-4.8890
-4.9030
-4.9138
-4.9120
-4.9156
-4.9333
-4.9685
-5.0022
-5.0113
-5.0095
-5.0185
-5.0114
-5.0150
-5.0399
-5.1036
-5.1565
-5.2163
-5.2814
-5.3520
-5.4049
-5.4366
-5.4419
-5.4420
-5.4472
-5.4524
-5.4613
-5.4913
-5.5178
-5.5460
-5.5761
-5.5990
-5.6183
-5.6271
-5.6412
-5.6624
-5.6942
-5.7224
-5.7419
-5.7649
-5.7859
-5.8088
-5.8353
-5.8494
-5.8635
-5.8705
-5.8703
-5.8597
-5.8491
-5.8527
-5.8580
-5.8633
-5.8739
-5.8827
-5.9109
-5.9551
-6.0029
-6.0629
-6.1212
-6.1796
-6.2025
-6.2131
-6.2148
-6.1989
-6.1849
-6.1833
-6.2045
-6.2417
-6.2594
-6.2735
-6.2912
-6.3054
-6.3213
-6.3550
-6.3851
-6.4417
-6.5196
-6.6152
-6.7233
-6.8455
-6.9820
-7.1364
-7.3051
-7.4489
-7.5556
-7.6410
-7.6803
-7.7052
-7.7177
-7.7177
-7.7247
-7.7388
-7.7600
-7.7846
-7.8022
-7.8022
-7.8022
-7.8058
-7.8058
-7.8093
-7.8269
-7.8480
-7.8709
-7.8920
-7.9096
-7.9131
-7.9166
-7.9272
-7.9518
-8.0046
-8.0733
-8.1809
-8.3082
-8.4413
-8.5482
-8.6409
-8.6963
-8.7213
-8.7267
-8.7267
-8.7302
-8.7511
-8.7616
-8.7793
-8.8148
-8.8715
-8.9283
-8.9919
-9.0683
-9.1732
-9.3068
-9.4601
-9.6135
-9.7507
-9.8894
-9.9768
-10.0090
-10.0124
-10.0124
-10.0159
-10.0277
-10.0450
-10.0692
-10.1106
-10.1944
-10.3141
-10.4433
-10.5642
-10.6606
-10.7303
-10.7610
-10.7720
-10.7720
-10.7720
-10.7789
-10.7947
-10.8337
-10.9036
-10.9825
-11.0784
-11.1516
-11.2194
-11.2782
-11.3117
-11.3554
-11.3917
-11.4390
-11.4884
-11.5453
-11.6042
-11.6808
-11.7684
-11.8460
-11.9249
-11.9872
-12.0483
-12.0895
-12.1386
-12.1653
-12.2010
-12.2724
-12.3797
-12.5428
-12.7305
-12.9125
-13.0765
-13.2236
-13.3506
-13.4563
-13.5264
-13.5744
-13.5777
-13.5777
-13.5788
-13.5998
-13.6497
-13.7053
-13.7601
-13.8094
-13.8631
-13.9224
-13.9895
-14.0544
-14.1192
-14.1672
-14.1996
-14.2141
-14.2175
-14.2242
-14.2376
-14.2543
-14.2800
-14.3179
-14.3704
-14.4575
-14.5590
-14.6662
-14.7744
-14.8669
-14.9246
-14.9479
-14.9610
-14.9749
-14.9846
-15.0015
-15.0184
-15.0329
-15.0651
-15.1053
-15.1554
-15.2021
-15.2530
-15.3015
-15.3314
-15.3592
-15.3823
-15.4266
-15.4921
-15.5665
-15.6667
-15.7758
-15.9051
-16.0344
-16.1603
-16.2667
-16.3463
-16.3748
-16.3813
-16.3844
-16.3908
-16.4069
-16.4134
-16.4256
-16.4411
-16.4542
-16.4859
-16.5274
-16.5665
-16.6088
-16.6568
-16.7007
-16.7461
-16.8029
-16.8483
-16.8904
-16.9407
-16.9878
-17.0154
-17.0526
-17.0907
-17.1167
-17.1522
-17.1878
-17.2291
-17.2699
-17.3171
-17.3860
-17.4395
-17.4859
-17.5283
-17.5622
-17.5847
-17.6096
-17.6353
-17.6705
-17.7089
-17.7448
-17.7756
-17.8299
-17.8841
-17.9446
-17.9993
-18.0451
-18.0896
-18.1214
-18.1436
-18.1500
-18.1532
-18.1361
-18.1248
-18.1191
-18.1191
-18.1109
-18.1122
-18.1086
-18.1176
-18.1322
-18.1614
-18.1837
-18.1910
-18.1888
-18.1929
-18.1994
-18.1915
-18.1693
-18.1559
-18.1631
-18.1758
-18.1853
-18.1931
-18.2009
-18.2020
-18.2087
-18.2187
-18.2149
-18.2017
-18.1741
-18.1375
-18.1016
-18.0743
-18.0858
-18.1141
-18.1330
-18.1491
-18.1590
-18.1657
-18.1603
-18.1556
-18.1590
-18.1622
-18.1622
-18.1685
-18.1719
-18.1785
-18.1819
-18.1823
-18.1889
-18.1841
-18.1819
-18.1823
-18.1951
-18.2017
-18.2021
-18.2029
-18.2063
-18.2063
-18.2063
-18.2063
-18.2063
-18.2033
-18.1818
-18.1512
-18.1082
-18.0684
-18.0317
-18.0092
-18.0086
-18.0003
-17.9785
-17.9528
-17.9096
-17.8702
-17.8445
-17.8388
-17.8388
-17.8482
-17.8608
-17.8764
-17.8871
-17.9039
-17.9183
-17.9320
-17.9044
-17.8737
-17.8511
-17.8548
-17.8642
-17.8673
-17.8673
-17.8674
-17.8706
-17.8707
-17.8596
-17.8454
-17.8345
-17.8410
-17.8482
-17.8405
-17.8153
-17.7725
-17.7327
-17.6842
-17.6325
-17.6039
-17.5958
-17.6022
-17.6087
-17.6151
-17.6092
-17.5783
-17.5331
-17.4702
-17.4024
-17.3670
-17.3697
-17.4111
-17.4487
-17.4551
-17.4093
-17.3465
-17.2981
-17.2608
-17.2546
-17.2578
-17.2609
-17.2609
-17.2491
-17.2491
-17.2460
-17.2404
-17.2175
-17.1828
-17.1171
-17.0479
-16.9613
-16.8834
-16.8298
-16.7928
-16.7273
-16.6499
-16.5668
-16.4869
-16.3977
-16.3147
-16.2287
-16.1656
-16.1207
-16.1035
-16.0949
-16.0950
-16.0919
-16.0721
-16.0208
-15.9497
-15.8526
-15.7469
-15.6461
-15.5578
-15.4720
-15.3988
-15.3500
-15.3186
-15.3068
-15.3100
-15.2950
-15.2651
-15.2407
-15.2202
-15.2060
-15.1729
-15.1234
-15.0621
-15.0063
-14.9630
-14.9403
-14.9262
-14.9207
-14.9175
-14.9175
-14.9034
-14.8892
-14.8751
-14.8664
-14.8546
-14.8460
-14.8200
-14.7713
-14.7154
-14.6453
-14.5783
-14.5091
-14.4171
-14.3086
-14.1939
-14.0791
-13.9644
-13.8789
-13.8312
-13.8094
-13.7944
-13.7848
-13.7665
-13.7460
-13.7159
-13.6662
-13.6166
-13.5323
-13.4404
-13.3269
-13.1930
-13.0612
-12.9293
-12.7910
-12.6471
-12.5195
-12.4211
-12.3302
-12.2685
-12.2435
-12.2403
-12.2338
-12.2338
-12.2272
-12.2153
-12.2002
-12.1882
-12.1611
-12.1340
-12.1102
-12.0918
-12.0581
-12.0256
-11.9779
-11.9108
-11.8403
-11.7514
-11.6440
-11.5603
-11.4853
-11.4161
-11.3534
-11.2883
-11.2211
-11.1601
-11.1069
-11.0557
-11.0017
-10.9497
-10.8772
-10.8133
-10.7420
-10.6954
-10.6641
-10.6607
-10.6554
-10.6554
-10.6521
-10.6401
-10.6175
-10.5916
-10.5676
-10.5524
-10.5211
-10.4726
-10.4001
-10.3196
-10.2458
-10.1514
-10.0656
-9.9758
-9.9019
-9.8433
-9.8126
-9.8093
-9.8026
-9.7925
-9.7658
-9.7290
-9.6755
-9.6219
-9.5577
-9.4962
-9.4327
-9.3620
-9.2845
-9.2084
-9.1669
-9.1376
-9.1309
-9.1121
-9.0915
-9.0309
-8.9756
-8.8981
-8.8258
-8.7671
-8.7222
-8.6909
-8.6755
-8.6514
-8.6310
-8.5937
-8.5598
-8.5154
-8.4676
-8.4006
-8.3301
-8.2371
-8.1681
-8.1060
-8.0488
-8.0300
-8.0111
-7.9990
-7.9956
-7.9956
-7.9888
-7.9802
-7.9734
-7.9647
-7.9214
-7.8661
-7.7901
-7.7088
-7.6241
-7.5429
-7.4738
-7.4046
-7.3632
-7.3547
-7.3547
-7.3495
-7.3390
-7.3183
-7.2924
-7.2631
-7.2165
-7.1733
-7.1215
-7.0922
-7.0819
-7.0698
-7.0664
-7.0629
-7.0595
-7.0526
-7.0458
-7.0424
-7.0355
-7.0234
-7.0045
-6.9735
-6.9357
-6.8944
-6.8582
-6.8290
-6.7841
-6.7203
-6.6548
-6.5892
-6.5271
-6.4908
-6.4666
-6.4511
-6.4373
-6.4235
-6.4096
-6.3889
-6.3768
-6.3769
-6.3561
-6.3250
-6.2939
-6.2506
-6.1987
-6.1432
-6.0878
-6.0062
-5.9316
-5.8517
-5.7630
-5.6898
-5.6201
-5.5609
-5.5036
-5.4671
-5.4376
-5.4289
-5.4289
-5.4203
-5.4081
-5.3994
-5.3838
-5.3560
-5.3143
-5.2640
-5.2172
-5.1582
-5.0906
-5.0247
-4.9519
-4.8756
-4.7925
-4.7040
-4.6605
-4.6342
-4.6131
-4.5990
-4.5849
-4.5709
-4.5673
-4.5639
-4.5568
-4.5570
-4.5500
-4.5503
-4.5470
-4.5436
-4.5400
-4.5365
-4.5366
-4.5367
-4.5262
-4.5092
-4.4676
-4.4086
-4.3634
-4.3391
-4.3356
-4.3321
-4.3251
-4.3074
-4.2899
-4.2546
-4.2230
-4.1699
-4.1133
-4.0639
-4.0429
-4.0291
-4.0202
-4.0076
-4.0076
-4.0127
-4.0179
-4.0230
-4.0282
-4.0369
-4.0594
-4.0856
-4.1082
-4.1410
-4.1564
-4.1734
-4.1802
-4.1711
-4.1428
-4.1110
-4.0935
-4.0796
-4.0918
-4.1040
-4.0971
-4.0935
-4.0900
-4.0900
-4.0900
-4.0900
-4.0951
-4.1038
-4.1213
-4.1599
-4.1897
-4.2369
-4.2509
-4.2509
-4.2509
-4.2735
-4.3152
-4.3796
-4.4320
-4.4828
-4.5144
-4.5301
-4.4908
-4.4266
-4.3691
-4.3368
-4.3152
-4.3008
-4.2936
-4.2967
-4.3129
-4.3299
-4.3429
-4.3521
-4.3467
-4.3319
-4.3168
