11.112700
11.112529
11.112017
11.111164
11.109970
11.108434
11.106557
11.104339
11.101780
11.098880
11.095639
11.092057
11.088134
11.083870
11.079265
11.074321
11.069035
11.063409
11.057443
11.051137
11.044491
11.037505
11.030179
11.022514
11.014509
11.006165
10.997483
10.988461
10.979101
10.969402
10.959365
10.948990
10.938277
10.927226
10.915838
10.904113
10.892051
10.879653
10.866918
10.853847
10.840440
10.826698
10.812620
10.798208
10.783461
10.768380
10.752964
10.737215
10.721133
10.704717
10.687969
10.670889
10.653477
10.635733
10.617658
10.599252
10.580515
10.561449
10.542053
10.522328
10.502274
10.481892
10.461182
10.440144
10.418779
10.397088
10.375070
10.352727
10.330058
10.307065
10.283748
10.260107
10.236142
10.211855
10.187246
10.162315
10.137063
10.111490
10.085597
10.059384
10.032853
10.006003
9.978835
9.951350
9.923548
9.895430
9.866997
9.838248
9.809185
9.779809
9.750119
9.720118
9.689804
9.659179
9.628243
9.596998
9.565443
9.533580
9.501409
9.468931
9.436146
9.403056
9.369660
9.335960
9.301956
9.267650
9.233041
9.198130
9.162919
9.127408
9.091598
9.055488
9.019082
8.982378
8.945378
8.908083
8.870492
8.832609
8.794432
8.755963
8.717202
8.678151
8.638810
8.599180
8.559262
8.519057
8.478565
8.437788
8.396726
8.355380
8.313752
8.271841
8.229649
8.187177
8.144426
8.101396
8.058088
8.014504
7.970644
7.926509
7.882100
7.837419
7.792465
7.747241
7.701746
7.655983
7.609951
7.563652
7.517086
7.470256
7.423161
7.375803
7.328183
7.280302
7.232161
7.183760
7.135101
7.086185
7.037013
6.987586
6.937905
6.887971
6.837785
6.787349
6.736662
6.685727
6.634544
6.583115
6.531440
6.479521
6.427359
6.374954
6.322309
6.269423
6.216299
6.162937
6.109339
6.055505
6.001437
5.947135
5.892602
5.837838
5.782844
5.727622
5.672172
5.616497
5.560596
5.504471
5.448124
5.391555
5.334767
5.277759
5.220533
5.163091
5.105433
5.047561
4.989476
4.931180
4.872673
4.813957
4.755032
4.695901
4.636565
4.577024
4.517280
4.457335
4.397189
4.336844
4.276301
4.215561
4.154626
4.093497
4.032175
3.970662
3.908958
3.847066
3.784986
3.722720
3.660269
3.597635
3.534818
3.471820
3.408643
3.345287
3.281754
3.218046
3.154164
3.090108
3.025882
2.961485
2.896919
2.832186
2.767286
2.702222
2.636995
2.571606
2.506056
2.440347
2.374480
2.308457
2.242279
2.175947
2.109463
2.042828
1.976044
1.909112
1.842034
1.774810
1.707443
1.639933
1.572283
1.504493
1.436565
1.368500
1.300301
1.231968
1.163502
1.094906
1.026181
0.957328
0.888348
0.819243
0.750015
0.680665
0.611194
0.541605
0.471897
0.402074
0.332136
0.262084
0.191921
0.121648
0.051266
-0.019223
-0.089818
-0.160517
-0.231319
-0.302222
-0.373225
-0.444326
-0.515524
-0.586817
-0.658203
-0.729682
-0.801252
-0.872911
-0.944658
-1.016490
-1.088408
-1.160408
-1.232490
-1.304652
-1.376893
-1.449211
-1.521604
-1.594071
-1.666610
-1.739221
-1.811900
-1.884648
-1.957461
-2.030340
-2.103282
-2.176285
-2.249348
-2.322470
-2.395649
-2.468884
-2.542172
-2.615512
-2.688904
-2.762345
-2.835833
-2.909367
-2.982946
-3.056569
-3.130232
-3.203936
-3.277677
-3.351456
-3.425270
-3.499117
-3.572997
-3.646907
-3.720846
-3.794813
-3.868805
-3.942822
-4.016861
-4.090921
-4.165002
-4.239100
-4.313214
-4.387343
-4.461486
-4.535641
-4.609805
-4.683978
-4.758159
-4.832344
-4.906534
-4.980726
-5.054918
-5.129110
-5.203300
-5.277485
-5.351665
-5.425838
-5.500002
-5.574156
-5.648298
-5.722427
-5.796541
-5.870638
-5.944717
-6.018777
-6.092815
-6.166831
-6.240822
-6.314787
-6.388725
-6.462634
-6.536512
-6.610358
-6.684170
-6.757947
-6.831687
-6.905389
-6.979051
-7.052671
-7.126248
-7.199781
-7.273267
-7.346705
-7.420095
-7.493433
-7.566719
-7.639951
-7.713127
-7.786246
-7.859307
-7.932308
-8.005246
-8.078122
-8.150933
-8.223677
-8.296354
-8.368961
-8.441497
-8.513961
-8.586351
-8.658665
-8.730902
-8.803061
-8.875139
-8.947136
-9.019049
-9.090878
-9.162621
-9.234276
-9.305841
-9.377316
-9.448699
-9.519988
-9.591181
-9.662278
-9.733276
-9.804175
-9.874972
-9.945667
-10.016257
-10.086741
-10.157118
-10.227386
-10.297544
-10.367590
-10.437523
-10.507342
-10.577044
-10.646628
-10.716094
-10.785438
-10.854661
-10.923760
-10.992734
-11.061581
-11.130301
-11.198891
-11.267351
-11.335678
-11.403871
-11.471930
-11.539851
-11.607635
-11.675279
-11.742782
-11.810143
-11.877361
-11.944433
-12.011358
-12.078135
-12.144763
-12.211240
-12.277565
-12.343736
-12.409752
-12.475612
-12.541314
-12.606857
-12.672239
-12.737459
-12.802515
-12.867407
-12.932133
-12.996691
-13.061080
-13.125299
-13.189347
-13.253222
-13.316922
-13.380447
-13.443794
-13.506964
-13.569953
-13.632762
-13.695388
-13.757831
-13.820089
-13.882160
-13.944044
-14.005739
-14.067243
-14.128557
-14.189677
-14.250603
-14.311334
-14.371868
-14.432204
-14.492341
-14.552278
-14.612012
-14.671544
-14.730871
-14.789993
-14.848908
-14.907615
-14.966112
-15.024399
-15.082474
-15.140337
-15.197985
-15.255417
-15.312633
-15.369631
-15.426410
-15.482969
-15.539306
-15.595420
-15.651311
-15.706977
-15.762416
-15.817628
-15.872611
-15.927365
-15.981888
-16.036179
-16.090236
-16.144060
-16.197648
-16.250999
-16.304112
-16.356987
-16.409622
-16.462015
-16.514167
-16.566075
-16.617738
-16.669157
-16.720328
-16.771252
-16.821927
-16.872353
-16.922527
-16.972450
-17.022120
-17.071535
-17.120696
-17.169600
-17.218247
-17.266636
-17.314766
-17.362635
-17.410244
-17.457590
-17.504673
-17.551491
-17.598044
-17.644331
-17.690351
-17.736103
-17.781585
-17.826798
-17.871739
-17.916408
-17.960804
-18.004927
-18.048774
-18.092346
-18.135641
-18.178659
-18.221398
-18.263857
-18.306036
-18.347934
-18.389550
-18.430883
-18.471932
-18.512696
-18.553175
-18.593368
-18.633273
-18.672889
-18.712217
-18.751255
-18.790003
-18.828459
-18.866623
-18.904493
-18.942070
-18.979352
-19.016339
-19.053029
-19.089423
-19.125518
-19.161315
-19.196813
-19.232011
-19.266907
-19.301503
-19.335796
-19.369786
-19.403472
-19.436854
-19.469931
-19.502702
-19.535166
-19.567323
-19.599172
-19.630713
-19.661944
-19.692866
-19.723477
-19.753777
-19.783764
-19.813440
-19.842802
-19.871851
-19.900585
-19.929004
-19.957108
-19.984896
-20.012366
-20.039520
-20.066355
-20.092873
-20.119071
-20.144949
-20.170508
-20.195746
-20.220662
-20.245257
-20.269529
-20.293479
-20.317106
-20.340409
-20.363387
-20.386041
-20.408370
-20.430372
-20.452049
-20.473399
-20.494422
-20.515118
-20.535485
-20.555524
-20.575235
-20.594616
-20.613667
-20.632389
-20.650780
-20.668840
-20.686569
-20.703966
-20.721031
-20.737764
-20.754165
-20.770232
-20.785966
-20.801367
-20.816433
-20.831165
-20.845562
-20.859625
-20.873352
-20.886743
-20.899799
-20.912519
-20.924902
-20.936949
-20.948659
-20.960031
-20.971067
-20.981764
-20.992124
-21.002146
-21.011830
-21.021175
-21.030181
-21.038849
-21.047177
-21.055167
-21.062817
-21.070127
-21.077098
-21.083729
-21.090019
-21.095970
-21.101581
-21.106851
-21.111780
-21.116369
-21.120618
-21.124525
-21.128092
-21.131318
-21.134203
-21.136747
-21.138949
-21.140811
-21.142331
-21.143510
-21.144348
-21.144844
-21.145000
-21.144814
-21.144286
-21.143418
-21.142208
-21.140657
-21.138765
-21.136531
-21.133957
-21.131041
-21.127785
-21.124187
-21.120249
-21.115970
-21.111350
-21.106390
-21.101089
-21.095448
-21.089466
-21.083145
-21.076483
-21.069482
-21.062141
-21.054460
-21.046440
-21.038081
-21.029383
-21.020346
-21.010971
-21.001257
-20.991204
-20.980814
-20.970086
-20.959020
-20.947617
-20.935877
-20.923800
-20.911386
-20.898636
-20.885550
-20.872128
-20.858371
-20.844278
-20.829851
-20.815088
-20.799992
-20.784561
-20.768797
-20.752700
-20.736270
-20.719506
-20.702411
-20.684984
-20.667225
-20.649135
-20.630714
-20.611963
-20.592882
-20.573471
-20.553731
-20.533662
-20.513265
-20.492540
-20.471488
-20.450108
-20.428402
-20.406370
-20.384012
-20.361329
-20.338321
-20.314989
-20.291333
-20.267355
-20.243053
-20.218429
-20.193483
-20.168217
-20.142629
-20.116722
-20.090495
-20.063949
-20.037085
-20.009903
-19.982403
-19.954587
-19.926455
-19.898007
-19.869245
-19.840168
-19.810777
-19.781074
-19.751058
-19.720730
-19.690091
-19.659142
-19.627882
-19.596314
-19.564437
-19.532252
-19.499760
-19.466961
-19.433857
-19.400448
-19.366734
-19.332717
-19.298396
-19.263774
-19.228850
-19.193625
-19.158100
-19.122276
-19.086154
-19.049734
-19.013017
-18.976003
-18.938694
-18.901091
-18.863194
-18.825004
-18.786522
-18.747748
-18.708684
-18.669330
-18.629687
-18.589756
-18.549538
-18.509033
-18.468243
-18.427169
-18.385810
-18.344169
-18.302245
-18.260041
-18.217556
-18.174792
-18.131749
-18.088429
-18.044833
-18.000960
-17.956813
-17.912392
-17.867698
-17.822733
-17.777496
-17.731989
-17.686213
-17.640169
-17.593858
-17.547281
-17.500439
-17.453332
-17.405963
-17.358331
-17.310438
-17.262285
-17.213872
-17.165202
-17.116274
-17.067091
-17.017652
-16.967960
-16.918014
-16.867817
-16.817369
-16.766672
-16.715725
-16.664531
-16.613091
-16.561405
-16.509475
-16.457302
-16.404886
-16.352230
-16.299334
-16.246199
-16.192826
-16.139217
-16.085373
-16.031294
-15.976982
-15.922439
-15.867664
-15.812660
-15.757427
-15.701968
-15.646282
-15.590371
-15.534236
-15.477879
-15.421300
-15.364502
-15.307484
-15.250248
-15.192796
-15.135129
-15.077248
-15.019153
-14.960847
-14.902331
-14.843605
-14.784672
-14.725531
-14.666185
-14.606636
-14.546883
-14.486928
-14.426773
-14.366419
-14.305867
-14.245119
-14.184175
-14.123037
-14.061707
-14.000185
-13.938473
-13.876572
-13.814484
-13.752209
-13.689750
-13.627107
-13.564282
-13.501276
-13.438091
-13.374727
-13.311186
-13.247470
-13.183580
-13.119517
-13.055283
-12.990878
-12.926305
-12.861564
-12.796657
-12.731586
-12.666351
-12.600954
-12.535397
-12.469681
-12.403807
-12.337777
-12.271592
-12.205254
-12.138763
-12.072121
-12.005331
-11.938392
-11.871307
-11.804077
-11.736703
-11.669187
-11.601530
-11.533734
-11.465800
-11.397729
-11.329524
-11.261185
-11.192713
-11.124111
-11.055380
-10.986521
-10.917536
-10.848425
-10.779192
-10.709836
-10.640360
-10.570765
-10.501052
-10.431224
-10.361280
-10.291224
-10.221056
-10.150778
-10.080391
-10.009897
-9.939298
-9.868594
-9.797787
-9.726880
-9.655873
-9.584767
-9.513565
-9.442268
-9.370877
-9.299393
-9.227820
-9.156157
-9.084406
-9.012570
-8.940649
-8.868645
-8.796559
-8.724393
-8.652149
-8.579828
-8.507431
-8.434961
-8.362418
-8.289805
-8.217122
-8.144372
-8.071555
-7.998674
-7.925729
-7.852723
-7.779657
-7.706532
-7.633351
-7.560114
-7.486823
-7.413481
-7.340087
-7.266644
-7.193153
-7.119617
-7.046036
-6.972412
-6.898747
-6.825041
-6.751298
-6.677518
-6.603702
-6.529853
-6.455972
-6.382061
-6.308120
-6.234153
-6.160159
-6.086142
-6.012101
-5.938040
-5.863959
-5.789860
-5.715745
-5.641615
-5.567472
-5.493317
-5.419152
-5.344978
-5.270798
-5.196612
-5.122422
-5.048230
-4.974037
-4.899846
-4.825656
-4.751471
-4.677291
-4.603119
-4.528955
-4.454802
-4.380660
-4.306532
-4.232419
-4.158322
-4.084244
-4.010185
-3.936148
-3.862134
-3.788143
-3.714179
-3.640243
-3.566335
-3.492459
-3.418614
-3.344803
-3.271028
-3.197290
-3.123590
-3.049930
-2.976311
-2.902736
-2.829206
-2.755722
-2.682286
-2.608899
-2.535563
-2.462279
-2.389050
-2.315876
-2.242759
-2.169701
-2.096703
-2.023767
-1.950895
-1.878087
-1.805345
-1.732672
-1.660068
-1.587535
-1.515074
-1.442688
-1.370377
-1.298144
-1.225989
-1.153914
-1.081921
-1.010011
-0.938186
-0.866447
-0.794796
-0.723235
-0.651764
-0.580386
-0.509101
-0.437912
-0.366820
-0.295826
-0.224932
-0.154139
-0.083449
-0.012864
0.057616
0.127988
0.198251
0.268404
0.338445
0.408373
0.478186
0.547883
0.617462
0.686922
0.756261
0.825478
0.894572
0.963540
1.032382
1.101096
1.169680
1.238134
1.306455
1.374642
1.442694
1.510610
1.578387
1.646025
1.713522
1.780876
1.848087
1.915152
1.982071
2.048842
2.115463
2.181933
2.248251
2.314415
2.380424
2.446277
2.511972
2.577507
2.642882
2.708095
2.773144
2.838028
2.902746
2.967297
3.031679
3.095890
3.159930
3.223797
3.287489
3.351006
3.414345
3.477507
3.540488
3.603289
3.665907
3.728341
3.790591
3.852654
3.914529
3.976215
4.037711
4.099016
4.160127
4.221045
4.281767
4.342292
4.402619
4.462747
4.522675
4.582400
4.641923
4.701241
4.760353
4.819259
4.877956
4.936444
4.994722
5.052787
5.110640
5.168278
5.225701
5.282907
5.339895
5.396664
5.453213
5.509540
5.565644
5.621525
5.677180
5.732610
5.787811
5.842784
5.897528
5.952040
6.006320
6.060368
6.114180
6.167757
6.221098
6.274201
6.327065
6.379688
6.432071
6.484212
6.536109
6.587761
6.639168
6.690329
6.741242
6.791906
6.842320
6.892483
6.942394
6.992053
7.041457
7.090606
7.139498
7.188134
7.236511
7.284629
7.332487
7.380084
7.427418
7.474489
7.521295
7.567836
7.614111
7.660119
7.705859
7.751329
7.796529
7.841458
7.886115
7.930499
7.974609
8.018444
8.062004
8.105286
8.148291
8.191017
8.233464
8.275631
8.317516
8.359119
8.400439
8.441476
8.482227
8.522693
8.562872
8.602764
8.642368
8.681683
8.720708
8.759443
8.797885
8.836036
8.873893
8.911457
8.948726
8.985699
9.022376
9.058756
9.094838
9.130622
9.166106
9.201290
9.236173
9.270755
9.305034
9.339011
9.372683
9.406051
9.439114
9.471872
9.504322
9.536465
9.568301
9.599827
9.631045
9.661952
9.692549
9.722835
9.752809
9.782470
9.811818
9.840853
9.869573
9.897978
9.926067
9.953841
9.981297
10.008436
10.035258
10.061760
10.087944
10.113808
10.139352
10.164576
10.189478
10.214058
10.238316
10.262251
10.285863
10.309151
10.332115
10.354754
10.377068
10.399057
10.420718
10.442054
10.463062
10.483743
10.504095
10.524120
10.543815
10.563182
10.582218
10.600925
10.619301
10.637346
10.655060
10.672442
10.689493
10.706211
10.722596
10.738649
10.754368
10.769753
10.784804
10.799521
10.813903
10.827951
10.841663
10.855039
10.868080
10.880784
10.893153
10.905184
10.916879
10.928236
10.939256
10.949939
10.960283
10.970290
10.979958
10.989288
10.998279
11.006932
11.015245
11.023219
11.030853
11.038149
11.045104
11.051719
11.057995
11.063930
11.069525
11.074780
11.079695
11.084268
11.088501
11.092393
11.095945
11.099155
11.102025
11.104553
11.106740
11.108587
11.110091
11.111255
11.112078
11.112559
11.112699
11.112497
11.111955
11.111071
11.109845
11.108279
11.106371
11.104122
11.101533
11.098602
11.095330
11.091717
11.087763
11.083469
11.078834
11.073858
11.068542
11.062885
11.056889
11.050552
11.043875
11.036858
11.029502
11.021806
11.013771
11.005397
10.996683
10.987631
10.978240
10.968511
10.958443
10.948038
10.937294
10.926213
10.914795
10.903040
10.890947
10.878519
10.865753
10.852652
10.839215
10.825443
10.811335
10.796892
10.782115
10.767004
10.751558
10.735779
10.719666
10.703221
10.686443
10.669333
10.651891
10.634117
10.616012
10.597576
10.578810
10.559714
10.540288
10.520534
10.500450
10.480038
10.459298
10.438231
10.416837
10.395116
10.373069
10.350697
10.327999
10.304976
10.281630
10.257960
10.233966
10.209650
10.185012
10.160051
10.134770
10.109169
10.083247
10.057005
10.030445
10.003567
9.976370
9.948856
9.921026
9.892880
9.864418
9.835641
9.806550
9.777145
9.747428
9.717397
9.687056
9.656403
9.625439
9.594166
9.562583
9.530693
9.498494
9.465988
9.433176
9.400058
9.366635
9.332907
9.298876
9.264542
9.229906
9.194968
9.159730
9.124192
9.088354
9.052219
9.015785
8.979054
8.942028
8.904706
8.867089
8.829179
8.790976
8.752480
8.713693
8.674616
8.635249
8.595593
8.555649
8.515418
8.474901
8.434098
8.393010
8.351639
8.309985
8.268049
8.225832
8.183334
8.140558
8.097503
8.054170
8.010561
7.966676
7.922517
7.878084
7.833377
7.788399
7.743151
7.697632
7.651844
7.605788
7.559465
7.512875
7.466021
7.418903
7.371521
7.323878
7.275973
7.227808
7.179384
7.130702
7.081763
7.032568
6.983118
6.933414
6.883457
6.833249
6.782789
6.732080
6.681123
6.629918
6.578466
6.526770
6.474829
6.422644
6.370218
6.317551
6.264644
6.211498
6.158115
6.104495
6.050640
5.996551
5.942229
5.887675
5.832890
5.777875
5.722632
5.667162
5.611466
5.555545
5.499401
5.443033
5.386445
5.329636
5.272609
5.215363
5.157902
5.100225
5.042334
4.984230
4.925914
4.867388
4.808653
4.749710
4.690561
4.631206
4.571647
4.511885
4.451921
4.391757
4.331394
4.270833
4.210076
4.149123
4.087977
4.026638
3.965107
3.903387
3.841477
3.779381
3.717098
3.654630
3.591979
3.529146
3.466132
3.402938
3.339567
3.276018
3.212294
3.148396
3.084325
3.020083
2.955671
2.891090
2.826342
2.761427
2.696349
2.631107
2.565703
2.500139
2.434415
2.368534
2.302497
2.236305
2.169960
2.103462
2.036814
1.970016
1.903071
1.835980
1.768743
1.701363
1.633840
1.566177
1.498375
1.430434
1.362358
1.294146
1.225801
1.157324
1.088716
1.019979
0.951114
0.882123
0.813007
0.743768
0.674407
0.604926
0.535325
0.465607
0.395773
0.325825
0.255764
0.185591
0.115308
0.044916
-0.025583
-0.096187
-0.166896
-0.237707
-0.308619
-0.379630
-0.450740
-0.521947
-0.593248
-0.664644
-0.736131
-0.807709
-0.879375
-0.951130
-1.022970
-1.094895
-1.166903
-1.238992
-1.311162
-1.383409
-1.455734
-1.528134
-1.600607
-1.673153
-1.745770
-1.818456
-1.891209
-1.964029
-2.036913
-2.109860
-2.182869
-2.255938
-2.329065
-2.402249
-2.475488
-2.548781
-2.622127
-2.695523
-2.768968
-2.842460
-2.915999
-2.989582
-3.063208
-3.136875
-3.210582
-3.284327
-3.358109
-3.431926
-3.505776
-3.579659
-3.653572
-3.727513
-3.801482
-3.875477
-3.949495
-4.023537
-4.097599
-4.171681
-4.245780
-4.319896
-4.394027
-4.468171
-4.542326
-4.616492
-4.690666
-4.764846
-4.839032
-4.913222
-4.987414
-5.061607
-5.135799
-5.209988
-5.284173
-5.358352
-5.432524
-5.506688
-5.580841
-5.654982
-5.729109
-5.803221
-5.877317
-5.951395
-6.025452
-6.099489
-6.173502
