11.8972
11.9200
11.9088
11.8714
11.7910
11.6779
11.5524
11.4432
11.3655
11.3290
11.3526
11.3972
11.4291
11.4352
11.4114
11.3513
11.2747
11.1858
11.0836
11.0066
10.9698
10.9614
10.9864
11.0209
11.0289
11.0086
10.9873
10.9932
11.0074
11.0133
10.9989
10.9669
10.9237
10.8504
10.7674
10.7405
10.7767
10.8346
10.8775
10.8965
10.8959
10.8959
10.9037
10.9075
10.9192
10.9542
11.0126
11.0828
11.1373
11.1868
11.2519
11.2936
11.3194
11.3163
11.2647
11.1961
11.1362
11.1107
11.1104
11.1058
11.0801
11.0208
10.9396
10.8885
10.8529
10.8444
10.8282
10.8139
10.7861
10.6887
10.5841
10.4750
10.3762
10.3272
10.3070
10.2702
10.2244
10.1427
10.0389
9.9269
9.8312
9.7780
9.7527
9.7481
9.7439
9.7110
9.6315
9.4849
9.3048
9.1304
8.9732
8.8060
8.6073
8.3578
8.0656
7.7377
7.4452
7.2647
7.1872
7.1841
7.1983
7.2022
7.1600
7.0838
6.9912
6.8799
6.7722
6.6519
6.5334
6.4244
6.3138
6.2203
6.1272
6.0426
5.9803
5.9085
5.8240
5.6995
5.5445
5.3335
5.0820
4.7590
4.4085
4.0391
3.7144
3.4815
3.3586
3.3431
3.3431
3.3431
3.3431
3.3431
3.3304
3.2833
3.1930
3.0889
2.9584
2.8128
2.6428
2.4501
2.2396
1.9569
1.7117
1.5064
1.3067
1.1393
1.0241
0.8984
0.7395
0.5006
0.1751
-0.1633
-0.4846
-0.7986
-1.1177
-1.3862
-1.6084
-1.7987
-1.9268
-1.9833
-1.9833
-1.9908
-1.9983
-2.0208
-2.0560
-2.1306
-2.2476
-2.3996
-2.6107
-2.8533
-3.1457
-3.4645
-3.8511
-4.2893
-4.7002
-5.0832
-5.3872
-5.6088
-5.7659
-5.8832
-5.9823
-6.0684
-6.1318
-6.1732
-6.2036
-6.2411
-6.2969
-6.3803
-6.5073
-6.6595
-6.8150
-6.9597
-7.0843
-7.1854
-7.2811
-7.4077
-7.5706
-7.7589
-7.9599
-8.1663
-8.3905
-8.5948
-8.7665
-8.9308
-9.1131
-9.3407
-9.5918
-9.8954
-10.2178
-10.5438
-10.8606
-11.1558
-11.3917
-11.5690
-11.6950
-11.7715
-11.8425
-11.9373
-12.0718
-12.2269
-12.3840
-12.5443
-12.7287
-12.9578
-13.2032
-13.4482
-13.7127
-13.9947
-14.3000
-14.6124
-14.9109
-15.1683
-15.3805
-15.4949
-15.5670
-15.6113
-15.6420
-15.6682
-15.7219
-15.8033
-15.9154
-16.0230
-16.1540
-16.2838
-16.3922
-16.4990
-16.6227
-16.7589
-16.9181
-17.0589
-17.1778
-17.2885
-17.3701
-17.4579
-17.5277
-17.6041
-17.6821
-17.7594
-17.8458
-17.9112
-17.9916
-18.0453
-18.1022
-18.1558
-18.2128
-18.2698
-18.3428
-18.4396
-18.5184
-18.6060
-18.6881
-18.8126
-18.9362
-19.0905
-19.2627
-19.4372
-19.5475
-19.6179
-19.6568
-19.6856
-19.7164
-19.7461
-19.7646
-19.7992
-19.8376
-19.8978
-19.9738
-20.0536
-20.1439
-20.2496
-20.3466
-20.4558
-20.5705
-20.6972
-20.8359
-20.9713
-21.0785
-21.1346
-21.2103
-21.2787
-21.3288
-21.3546
-21.3510
-21.3418
-21.3411
-21.3345
-21.3255
-21.3284
-21.3139
-21.2996
-21.2530
-21.1886
-21.1152
-21.0479
-21.0043
-21.0017
-21.0195
-21.0431
-21.0372
-21.0023
-20.9260
-20.8412
-20.7768
-20.7416
-20.7270
-20.7183
-20.6746
-20.5964
-20.4718
-20.3327
-20.1911
-20.0464
-19.8902
-19.7401
-19.6211
-19.5511
-19.5557
-19.5922
-19.6315
-19.6253
-19.5488
-19.4381
-19.3160
-19.2545
-19.2619
-19.2776
-19.2884
-19.2397
-19.1513
-19.0235
-18.8791
-18.7152
-18.5623
-18.4438
-18.3476
-18.2508
-18.1590
-18.0443
-17.9518
-17.8592
-17.7779
-17.7138
-17.6496
-17.5825
-17.4903
-17.3645
-17.2443
-17.1548
-17.0702
-16.9765
-16.8243
-16.6033
-16.3301
-16.0828
-15.8837
-15.7204
-15.5696
-15.4281
-15.2836
-15.0936
-14.8814
-14.6530
-14.4462
-14.2523
-14.1133
-14.0104
-13.8902
-13.7307
-13.4907
-13.1894
-12.8515
-12.4876
-12.1303
-11.8248
-11.6007
-11.4547
-11.3955
-11.3618
-11.3280
-11.2481
-11.1000
-10.9164
-10.7537
-10.6591
-10.5949
-10.5204
-10.3935
-10.2227
-10.0437
-9.8869
-9.7539
-9.6443
-9.5585
-9.4830
-9.4089
-9.3097
-9.1837
-9.0261
-8.8052
-8.5474
-8.3080
-8.1039
-7.9518
-7.8165
-7.6845
-7.5712
-7.4480
-7.3166
-7.1885
-7.0855
-7.0025
-6.9095
-6.7468
-6.5462
-6.3557
-6.1671
-5.9568
-5.7085
-5.4603
-5.2284
-5.0059
-4.8066
-4.5775
-4.3170
-4.0373
-3.7273
-3.3549
-2.9307
-2.4826
-2.0115
-1.5181
-1.0779
-0.6734
-0.3161
-0.0255
0.2361
0.4532
0.6751
0.8780
1.0540
1.2146
1.3511
1.4957
1.6626
1.8415
2.0051
2.1616
2.3049
2.4320
2.5273
2.5861
2.6470
2.7058
2.7956
2.8962
3.0213
3.1652
3.3382
3.5266
3.6966
3.8494
3.9966
4.1619
4.3298
4.5138
4.6608
4.7961
4.9069
5.0014
5.1083
5.2595
5.4268
5.6166
5.7901
5.9552
6.0926
6.1904
6.2964
6.3849
6.4947
6.6351
6.8225
7.0584
7.3074
7.5290
7.7045
7.8617
7.9839
8.0980
8.2192
8.3427
8.4645
8.6018
8.7243
8.8399
8.9442
9.0710
9.2225
9.3966
9.5753
9.7534
9.9383
10.0995
10.2348
10.3701
10.5092
10.6717
10.8159
10.8992
10.9471
10.9677
11.0205
11.1158
11.2221
11.3398
11.4727
11.6013
11.6695
11.7015
11.7388
11.8099
11.9048
12.0171
12.1406
12.2290
12.2805
12.3029
12.3619
12.4440
12.5553
12.6470
12.6863
12.6910
12.6386
12.5847
12.5554
12.5467
12.5661
12.5755
12.6160
12.6327
12.6115
12.5686
12.5655
12.5967
12.6423
12.6498
12.6273
12.5699
12.5116
12.4692
12.4351
12.3785
12.3253
12.3244
12.3648
12.4460
12.5485
12.7065
12.8989
13.0913
13.2146
13.2996
13.3442
13.3805
13.4434
13.4725
13.4855
13.4445
13.4020
13.3095
13.2272
13.1365
13.0287
12.9426
12.8173
12.6841
12.5428
