8.193500
8.192774
8.190596
8.186966
8.181884
8.175352
8.167369
8.157938
8.147058
8.134732
8.120960
8.105744
8.089087
8.070989
8.051454
8.030483
8.008079
7.984244
7.958981
7.932294
7.904185
7.874657
7.843714
7.811360
7.777599
7.742433
7.705868
7.667908
7.628557
7.587819
7.545700
7.502205
7.457337
7.411104
7.363509
7.314559
7.264260
7.212616
7.159635
7.105322
7.049684
6.992727
6.934458
6.874884
6.814011
6.751847
6.688399
6.623674
6.557680
6.490425
6.421916
6.352162
6.281170
6.208949
6.135507
6.060853
5.984996
5.907944
5.829707
5.750293
5.669712
5.587972
5.505085
5.421059
5.335904
5.249631
5.162248
5.073767
4.984197
4.893550
4.801835
4.709064
4.615247
4.520395
4.424520
4.327631
4.229742
4.130862
4.031005
3.930180
3.828401
3.725678
3.622025
3.517452
3.411973
3.305599
3.198343
3.090218
2.981236
2.871409
2.760751
2.649274
2.536992
2.423918
2.310064
2.195444
2.080072
1.963960
1.847123
1.729574
1.611327
1.492395
1.372793
1.252533
1.131632
1.010102
0.887957
0.765213
0.641882
0.517981
0.393522
0.268521
0.142992
0.016950
-0.109591
-0.236615
-0.364108
-0.492056
-0.620442
-0.749253
-0.878473
-1.008086
-1.138079
-1.268436
-1.399141
-1.530179
-1.661536
-1.793195
-1.925141
-2.057360
-2.189835
-2.322551
-2.455493
-2.588645
-2.721991
-2.855517
-2.989206
-3.123042
-3.257012
-3.391097
-3.525284
-3.659556
-3.793898
-3.928293
-4.062727
-4.197184
-4.331648
-4.466103
-4.600533
-4.734924
-4.869258
-5.003522
-5.137698
-5.271771
-5.405726
-5.539547
-5.673219
-5.806725
-5.940050
-6.073180
-6.206097
-6.338787
-6.471234
-6.603423
-6.735338
-6.866964
-6.998286
-7.129288
-7.259955
-7.390271
-7.520222
-7.649793
-7.778968
-7.907732
-8.036070
-8.163967
-8.291409
-8.418380
-8.544865
-8.670851
-8.796321
-8.921263
-9.045660
-9.169498
-9.292764
-9.415442
-9.537519
-9.658979
-9.779810
-9.899996
-10.019524
-10.138380
-10.256550
-10.374020
-10.490777
-10.606806
-10.722095
-10.836630
-10.950397
-11.063384
-11.175577
-11.286962
-11.397528
-11.507261
-11.616148
-11.724177
-11.831335
-11.937609
-12.042988
-12.147458
-12.251008
-12.353626
-12.455299
-12.556016
-12.655765
-12.754534
-12.852312
-12.949088
-13.044850
-13.139587
-13.233287
-13.325941
-13.417537
-13.508064
-13.597513
-13.685871
-13.773130
-13.859280
-13.944309
-14.028208
-14.110967
-14.192577
-14.273029
-14.352312
-14.430417
-14.507336
-14.583059
-14.657578
-14.730883
-14.802967
-14.873821
-14.943437
-15.011806
-15.078921
-15.144773
-15.209355
-15.272660
-15.334680
-15.395408
-15.454837
-15.512960
-15.569770
-15.625260
-15.679424
-15.732256
-15.783750
-15.833899
-15.882697
-15.930140
-15.976221
-16.020935
-16.064277
-16.106242
-16.146825
-16.186021
-16.223825
-16.260234
-16.295243
-16.328847
-16.361044
-16.391828
-16.421197
-16.449148
-16.475676
-16.500779
-16.524454
-16.546698
-16.567509
-16.586884
-16.604821
-16.621317
-16.636371
-16.649981
-16.662146
-16.672864
-16.682134
-16.689954
-16.696324
-16.701243
-16.704711
-16.706727
-16.707291
-16.706402
-16.704062
-16.700270
-16.695026
-16.688331
-16.680187
-16.670593
-16.659552
-16.647064
-16.633131
-16.617754
-16.600935
-16.582677
-16.562981
-16.541849
-16.519285
-16.495290
-16.469868
-16.443022
-16.414754
-16.385068
-16.353967
-16.321456
-16.287537
-16.252215
-16.215494
-16.177378
-16.137871
-16.096979
-16.054706
-16.011057
-15.966037
-15.919651
-15.871904
-15.822803
-15.772353
-15.720560
-15.667429
-15.612968
-15.557182
-15.500078
-15.441663
-15.381943
-15.320926
-15.258618
-15.195026
-15.130159
-15.064024
-14.996628
-14.927980
-14.858087
-14.786957
-14.714599
-14.641022
-14.566233
-14.490242
-14.413057
-14.334687
-14.255142
-14.174431
-14.092563
-14.009548
-13.925395
-13.840115
-13.753717
-13.666211
-13.577608
-13.487917
-13.397150
-13.305317
-13.212428
-13.118495
-13.023528
-12.927538
-12.830538
-12.732537
-12.633547
-12.533581
-12.432649
-12.330764
-12.227937
-12.124180
-12.019505
-11.913926
-11.807453
-11.700099
-11.591877
-11.482800
-11.372879
-11.262129
-11.150562
-11.038191
-10.925028
-10.811088
-10.696384
-10.580928
-10.464735
-10.347817
-10.230189
-10.111865
-9.992857
-9.873181
-9.752849
-9.631877
-9.510277
-9.388065
-9.265254
-9.141859
-9.017895
-8.893375
-8.768314
-8.642727
-8.516628
-8.390033
-8.262955
-8.135410
-8.007413
-7.878979
-7.750122
-7.620857
-7.491200
-7.361166
-7.230770
-7.100027
-6.968952
-6.837561
-6.705869
-6.573891
-6.441643
-6.309140
-6.176398
-6.043432
-5.910258
-5.776890
-5.643346
-5.509640
-5.375787
-5.241804
-5.107707
-4.973510
-4.839229
-4.704880
-4.570480
-4.436042
-4.301584
-4.167121
-4.032668
-3.898241
-3.763856
-3.629528
-3.495274
-3.361109
-3.227048
-3.093107
-2.959302
-2.825648
-2.692161
-2.558857
-2.425751
-2.292858
-2.160194
-2.027775
-1.895616
-1.763733
-1.632140
-1.500853
-1.369888
-1.239259
-1.108983
-0.979074
-0.849547
-0.720417
-0.591700
-0.463410
-0.335563
-0.208174
-0.081256
0.045174
0.171103
0.296515
0.421396
0.545732
0.669507
0.792708
0.915319
1.037328
1.158718
1.279478
1.399591
1.519045
1.637825
1.755917
1.873308
1.989984
2.105932
2.221137
2.335586
2.449267
2.562166
2.674269
2.785564
2.896037
3.005676
3.114468
3.222400
3.329460
3.435634
3.540912
3.645280
3.748727
3.851239
3.952806
4.053415
4.153055
4.251714
4.349381
4.446044
4.541692
4.636313
4.729897
4.822433
4.913910
5.004318
5.093645
5.181881
5.269017
