-2.754912
-2.850889
-2.946851
-3.042785
-3.138676
-3.234510
-3.330272
-3.425949
-3.521526
-3.616988
-3.712323
-3.807515
-3.902550
-3.997415
-4.092094
-4.186575
-4.280842
-4.374883
-4.468682
-4.562226
-4.655501
-4.748493
-4.841189
-4.933574
-5.025635
-5.117357
-5.208729
-5.299735
-5.390362
-5.480597
-5.570426
-5.659836
-5.748814
-5.837346
-5.925420
-6.013021
-6.100138
-6.186756
-6.272864
-6.358449
-6.443497
-6.527996
-6.611933
-6.695296
-6.778073
-6.860251
-6.941818
-7.022762
-7.103071
-7.182732
-7.261735
-7.340066
-7.417715
-7.494671
-7.570920
-7.646453
-7.721258
-7.795324
-7.868639
-7.941194
-8.012976
-8.083976
-8.154183
-8.223586
-8.292175
-8.359940
-8.426870
-8.492957
-8.558189
-8.622558
-8.686054
-8.748666
-8.810387
-8.871206
-8.931115
-8.990105
-9.048166
-9.105291
-9.161471
-9.216697
-9.270961
-9.324256
-9.376573
-9.427904
-9.478242
-9.527580
-9.575909
-9.623223
-9.669515
-9.714778
-9.759005
-9.802189
-9.844324
-9.885405
-9.925424
-9.964375
-10.002254
-10.039054
-10.074770
-10.109396
-10.142928
-10.175360
-10.206688
-10.236907
-10.266012
-10.293999
-10.320864
-10.346602
-10.371211
-10.394687
-10.417025
-10.438223
-10.458277
-10.477185
-10.494943
-10.511549
-10.527001
-10.541296
-10.554432
-10.566407
-10.577220
-10.586868
-10.595351
-10.602667
-10.608814
-10.613793
-10.617602
-10.620241
-10.621709
-10.622006
-10.621132
-10.619088
-10.615873
-10.611488
-10.605933
-10.599210
-10.591320
-10.582263
-10.572041
-10.560656
-10.548109
-10.534402
-10.519537
-10.503516
-10.486342
-10.468018
-10.448545
-10.427927
-10.406168
-10.383269
-10.359235
-10.334069
-10.307776
-10.280358
-10.251820
-10.222166
-10.191400
-10.159528
-10.126554
-10.092483
-10.057319
-10.021069
-9.983737
-9.945329
-9.905851
-9.865309
-9.823708
-9.781055
-9.737357
-9.692619
-9.646849
-9.600053
-9.552238
-9.503411
-9.453580
-9.402752
-9.350935
-9.298135
-9.244362
-9.189623
-9.133926
-9.077280
-9.019693
-8.961173
-8.901730
-8.841371
-8.780107
-8.717946
-8.654898
-8.590971
-8.526176
-8.460522
-8.394018
-8.326676
-8.258504
-8.189512
-8.119712
-8.049114
-7.977727
-7.905563
-7.832633
-7.758946
-7.684515
-7.609351
-7.533463
-7.456865
-7.379567
-7.301580
-7.222916
-7.143588
-7.063606
-6.982984
-6.901731
-6.819862
-6.737387
-6.654320
-6.570673
-6.486457
-6.401686
-6.316373
-6.230529
-6.144168
-6.057302
-5.969945
-5.882110
-5.793809
-5.705056
-5.615863
-5.526245
-5.436214
-5.345785
-5.254969
-5.163782
-5.072236
-4.980345
-4.888123
-4.795583
-4.702740
-4.609606
-4.516197
-4.422525
-4.328606
-4.234452
-4.140078
-4.045497
-3.950725
-3.855775
-3.760660
-3.665397
-3.569997
-3.474476
-3.378849
-3.283128
-3.187329
-3.091465
-2.995551
-2.899601
-2.803630
-2.707652
-2.611681
-2.515731
-2.419816
-2.323952
-2.228151
-2.132429
-2.036800
-1.941277
-1.845876
-1.750610
-1.655493
-1.560540
-1.465765
-1.371182
-1.276804
-1.182647
-1.088724
-0.995048
-0.901635
-0.808497
-0.715649
-0.623105
-0.530878
-0.438982
-0.347431
-0.256238
-0.165416
-0.074981
0.015056
0.104681
0.193880
0.282640
0.370948
0.458790
0.546155
0.633028
0.719397
0.805248
0.890570
0.975349
1.059573
1.143230
1.226306
1.308789
1.390668
1.471930
1.552562
1.632554
1.711892
1.790566
1.868563
1.945872
2.022481
2.098379
2.173555
2.247997
2.321695
2.394637
2.466812
2.538211
2.608821
2.678634
2.747637
2.815822
2.883177
2.949693
3.015361
3.080169
3.144109
3.207171
3.269345
3.330623
3.390995
3.450453
3.508986
3.566588
3.623248
3.678960
3.733713
3.787501
3.840315
3.892148
3.942991
3.992837
4.041679
4.089510
4.136321
4.182107
4.226861
4.270575
4.313244
4.354860
4.395419
4.434913
4.473337
4.510685
4.546952
4.582132
4.616220
4.649211
4.681100
4.711882
4.741553
4.770108
4.797543
4.823854
4.849037
4.873088
4.896004
4.917781
4.938416
4.957906
4.976248
4.993440
5.009478
5.024360
5.038085
5.050650
5.062052
5.072292
5.081367
5.089275
5.096015
5.101588
5.105990
5.109223
5.111285
5.112177
5.111898
5.110447
5.107826
5.104035
5.099074
5.092944
5.085646
5.077181
5.067551
5.056756
5.044798
5.031680
5.017402
5.001968
4.985379
4.967638
4.948748
4.928711
4.907531
4.885210
4.861752
4.837160
4.811438
4.784591
4.756621
4.727533
4.697331
4.666020
4.633605
4.600089
4.565480
4.529780
4.492997
4.455134
4.416199
4.376196
4.335132
4.293012
4.249844
4.205633
4.160386
4.114110
4.066811
4.018497
3.969175
3.918852
3.867536
3.815234
3.761954
3.707704
3.652492
3.596327
3.539216
3.481169
3.422193
3.362298
3.301493
3.239786
3.177187
3.113705
3.049349
2.984130
2.918056
2.851138
2.783386
2.714809
2.645418
2.575224
2.504236
2.432465
2.359923
2.286619
2.212564
2.137770
2.062248
1.986010
1.909065
1.831426
1.753105
1.674113
1.594461
1.514162
1.433228
1.351670
1.269501
