-2.056344352
-2.121855103
-2.18247916
-2.245059353
-2.284921207
-2.324412965
-2.345587139
-2.357260777
-2.380667466
-2.446131532
-2.559358735
-2.697294771
-2.850815546
-3.02736767
-3.22467176
-3.444114954
-3.631480017
-3.780787916
-3.942140208
-4.108639451
-4.203479898
-4.283121834
-4.348255743
-4.365955396
-4.355077692
-4.342773506
-4.354314872
-4.391685979
-4.445381518
-4.55137589
-4.686435431
-4.884990386
-5.148254552
-5.522866639
-6.048491184
-6.719196231
-7.511246205
-8.317215622
-9.097242905
-9.800454369
-10.39908289
-10.86476213
-11.136424
-11.1983932
-11.17897296
-11.14831749
-11.12005603
-11.07411359
-11.11020704
-11.12683466
-11.05709973
-10.98464919
-10.99267827
-11.00534242
-10.93791928
-10.87700234
-10.92439759
-10.99582408
-11.01748853
-11.01795027
-11.05430358
-11.11847483
-11.15246315
-11.11822939
-11.13204076
-11.22846387
-11.3652704
-11.46150455
-11.53630003
-11.60653119
-11.63963761
-11.6625438
-11.7225118
-11.80616934
-11.86160323
-11.9174084
-12.00001322
-12.08835744
-12.14101637
-12.1606922
-12.17130483
-12.18984324
-12.2296565
-12.30240525
-12.39370566
-12.46666754
-12.53951164
-12.64520674
-12.79390947
-12.90733972
-13.01166139
-13.12885993
-13.28722733
-13.38800299
-13.41694106
-13.41714711
-13.43560595
-13.44356829
-13.40491829
-13.41554847
-13.49521192
-13.60093633
-13.67175216
-13.71531208
-13.82625481
-13.99427989
-14.10852434
-14.21082818
-14.34730292
-14.44116172
-14.4581159
-14.4581159
-14.46194085
-14.4671349
-14.48653841
-14.50485476
-14.5335503
-14.61549672
-14.67545401
-14.67053749
-14.64226804
-14.67479961
-14.75393905
-14.82119342
-14.92203083
-15.04480523
-15.14738802
-15.24776129
-15.32711995
-15.34199278
-15.37326463
-15.46789269
-15.54607932
-15.53719779
-15.54642979
-15.58781906
-15.65861324
-15.71297018
-15.74026823
-15.74624122
-15.77324877
-15.73813228
-15.58389569
-15.4320979
-15.30939682
-15.16308809
-15.01141996
-14.89566792
-14.82551519
-14.78497468
-14.82623634
-14.91529349
-14.9902315
-15.05875182
-15.11601454
-15.15648502
-15.11832099
-15.00413029
-14.85611939
-14.6523688
-14.46658985
-14.34396115
-14.28642169
-14.34264701
-14.45064949
-14.55256851
-14.61699513
-14.62153006
-14.55351554
-14.42658828
-14.28181841
-14.11424306
-13.95584258
-13.88428611
-13.90194428
-13.97002936
-14.03195459
-14.00617356
-13.91928151
-13.72159573
-13.40947431
-13.0486903
-12.72574403
-12.5037001
-12.41499847
-12.40109813
-12.44494611
-12.45829018
-12.4150971
-12.31760136
-12.2528204
-12.2197002
-12.16907667
-12.07491523
-12.00424249
-11.95884386
-11.84588488
-11.70029527
-11.54225233
-11.36182226
-11.21680988
-11.15749126
-11.14603471
-11.10421808
-11.01211511
-10.87690513
-10.72708151
-10.49953898
-10.23948896
-10.03096746
-9.86265913
-9.651067875
-9.462064503
-9.358607944
-9.277934465
-9.200337741
-9.126135559
-9.071327373
-9.030198765
-8.985174702
-8.946356866
-8.883212179
-8.735813789
-8.505348213
-8.278906694
-8.053278209
-7.808529818
-7.606471411
-7.418505519
-7.24185158
-7.044530683
-6.83512323
-6.582170731
-6.273919245
-5.929482089
-5.523073904
-5.074596646
-4.704853529
-4.486118699
-4.376588595
-4.315377855
-4.301222735
-4.301222735
-4.278223304
-4.210438481
-4.125172597
-4.033120266
-3.892746183
-3.726022293
-3.603453069
-3.516268016
-3.447906882
-3.393882054
-3.369974746
-3.330015194
-3.251592838
-3.163493768
-3.061651052
-2.963991423
-2.857682286
-2.709732802
-2.561864645
-2.414077345
-2.224271026
-2.039875036
-1.904164372
-1.763533993
-1.667480846
-1.6187235
-1.541385294
-1.418486751
-1.266226413
-1.066268452
-0.813794174
-0.562000708
-0.333944114
-0.108560688
0.118498039
0.261035761
0.325034159
0.400866169
0.463154992
0.530315495
0.624270096
0.75770133
0.851754443
0.883287613
0.899076937
0.92263063
0.945455177
0.969738008
1.008224778
1.043192066
1.076703856
1.149597462
1.257757308
1.345860006
1.415949288
1.509636189
1.591035685
1.672303383
1.803155078
1.906196787
1.97850565
2.041565555
2.084519067
2.09661966
2.113022812
2.188858964
2.274030083
2.31834353
2.368541986
2.482528764
2.643729976
2.894075289
3.218147303
3.531317179
3.849456791
4.159414696
4.402579936
4.505622941
4.520700589
4.528854326
4.577201172
4.641872181
4.721621689
4.837251884
4.971193434
5.077435063
5.189913165
5.308020452
5.380857339
5.424733113
5.510073186
5.698352674
5.946882283
6.20030079
6.487093041
6.736958475
6.820298569
6.814692729
6.782929702
6.805907126
6.836718122
6.866977874
6.898898355
6.950993794
7.032813502
7.153936065
7.299645625
7.50592929
7.763322318
8.001655846
8.213779245
8.377938636
8.459625737
8.459486324
8.388826476
8.294806526
8.204751971
8.079815869
7.930513242
7.74182157
7.508866809
7.237912348
6.96755613
6.753384158
6.593689574
6.479493525
6.44306435
6.433735137
6.392611488
6.320397276
6.25039705
6.166946976
6.098405617
6.025528301
5.972127734
5.966043897
5.984905258
6.008087966
6.060670351
6.113278978
6.125906687
6.138870021
6.177549889
6.231815218
6.249255646
6.262870201
6.307902337
6.35740069
6.418585234
6.468735548
6.525194196
6.566424114
6.529982948
6.452174694
6.403967525
6.342763994
6.308427252
6.341464149
6.406748631
6.464098921
6.487363684
6.50073904
6.505642161
6.51719962
6.539727632
6.530432509
6.472279292
6.38936071
6.30789149
6.195265031
6.049697934
5.940656102
5.886333058
5.859975039
5.881000535
5.9372594
6.005209321
6.064378692
6.083146408
6.051263781
5.964051784
5.82253091
5.670023617
5.498443192
5.321436409
5.246349094
5.248765149
5.302404052
5.407936383
5.515161741
5.568399681
5.516602341
5.392832851
5.253955248
5.082386164
4.918484727
4.795514997
4.754175412
4.751468455
4.753118338
4.747667835
4.703020294
4.598083195
4.460914564
4.290416336
4.115493806
3.926258439
3.709246417
3.499539319
3.31906505
3.134973616
2.9942925
2.929983424
2.949770192
2.972484002
2.975512972
2.941003858
2.832663528
2.650118952
2.365666831
2.102775479
1.921940071
1.744676758
1.561297964
1.437023707
1.31585388
1.148807868
0.972744415
0.799330491
0.596176394
0.372313994
0.14971415
-0.054461045
-0.260581778
-0.484954777
-0.770585906
-1.116148226
-1.48254746
-1.826748169
-2.183031568
-2.515582181
-2.743191269
-2.930712668
-3.142187852
-3.302313916
-3.352119699
-3.399451401
-3.521407313
-3.606793307
-3.670328162
-3.805792775
-3.987035408
-4.141138091
-4.242888391
-4.38724991
-4.543230423
-4.668956728
-4.831226346
-5.094867057
-5.401490237
-5.736554564
-6.092457969
-6.547527622
-7.026680136
-7.345466857
-7.455683722
-7.490791536
-7.494136124
-7.472343592
-7.462239036
-7.468393677
-7.504865627
-7.612573872
-7.751814097
-7.809603454
-7.800698109
-7.845782817
-7.929652618
-7.952966762
-7.975241087
-8.013256093
-8.008820548
-7.935090411
-7.891079632
-7.920663445
-8.00289961
-8.059864917
-8.066338827
-8.084875798
-8.093685537
-8.056092826
-7.946868255
-7.76661476
-7.567780124
-7.358914737
-7.10710086
-6.828155481
-6.661361187
-6.603413412
-6.58533656
-6.526971345
-6.381103224
-6.144830582
-5.916412499
-5.738723639
-5.590417075
-5.412607696
-5.20532898
-5.023549994
-4.844785353
-4.690080642
-4.57065951
