-5.7979
-5.7760
-5.7470
-5.6995
-5.6453
-5.6026
-5.5339
-5.4826
-5.4447
-5.4298
-5.4377
-5.4373
-5.4307
-5.4237
-5.4463
-5.5059
-5.5774
-5.6453
-5.7065
-5.7609
-5.8314
-5.9554
-6.0054
-6.0079
-6.0123
-6.0427
-6.0728
-6.1314
-6.2636
-6.3936
-6.4767
-6.5346
-6.5875
-6.6182
-6.6305
-6.7030
-6.8191
-6.9034
-6.9791
-7.0463
-7.0786
-7.0932
-7.1770
-7.2499
-7.2893
-7.3181
-7.3963
-7.4571
-7.5297
-7.6512
-7.7639
-7.8276
-7.9323
-8.0732
-8.1865
-8.2912
-8.4200
-8.5901
-8.6954
-8.7240
-8.7696
-8.8012
-8.8017
-8.8318
-8.8749
-8.8907
-8.9189
-8.9701
-9.0245
-9.0843
-9.1295
-9.1746
-9.2079
-9.2586
-9.2968
-9.3320
-9.3320
-9.3356
-9.3612
-9.3735
-9.3735
-9.4086
-9.5085
-9.5918
-9.6599
-9.7446
-9.8611
-9.9401
-10.0359
-10.1438
-10.1863
-10.1974
-10.2218
-10.2643
-10.2809
-10.3246
-10.3921
-10.5016
-10.6108
-10.7225
-10.8715
-10.9938
-11.0792
-11.1678
-11.2186
-11.2297
-11.2366
-11.2722
-11.2878
-11.2996
-11.3139
-11.3483
-11.3906
-11.4383
-11.5085
-11.5723
-11.6202
-11.6533
-11.6990
-11.7459
-11.7643
-11.7828
-11.7945
-11.8076
-11.8258
-11.8461
-11.8597
-11.8661
-11.9251
-12.0435
-12.1330
-12.1809
-12.2283
-12.2427
-12.2654
-12.3142
-12.4081
-12.4915
-12.5198
-12.5418
-12.6052
-12.6641
-12.7368
-12.7981
-12.8467
-12.8760
-12.9153
-13.0132
-13.0924
-13.1266
-13.1482
-13.1617
-13.1726
-13.1537
-13.1482
-13.1559
-13.1775
-13.1865
-13.1768
-13.1852
-13.2519
-13.3610
-13.4115
-13.4436
-13.4844
-13.5568
-13.6127
-13.6764
-13.7457
-13.7727
-13.7821
-13.8036
-13.8283
-13.8543
-13.8771
-13.9057
-13.9448
-13.9447
-13.9349
-13.9525
-13.9932
-14.0238
-14.0341
-13.9850
-14.0051
-14.0769
-14.1547
-14.2271
-14.2993
-14.3738
-14.4562
-14.5387
-14.5953
-14.5938
-14.6110
-14.6095
-14.5729
-14.5051
-14.4659
-14.5135
-14.6029
-14.7435
-14.8999
-15.0358
-15.1324
-15.1981
-15.2560
-15.2560
-15.1410
-15.0518
-14.9987
-15.0223
-15.0716
-15.1048
-15.1178
-15.1388
-15.1773
-15.1619
-15.0789
-15.0697
-15.0918
-15.1171
-15.1358
-15.1705
-15.1784
-15.1240
-15.1301
-15.1520
-15.1591
-15.1389
-15.1883
-15.2846
-15.3347
-15.3557
-15.3768
-15.4032
-15.3960
-15.3580
-15.3363
-15.3429
-15.3572
-15.3620
-15.3492
-15.2960
-15.2210
-15.1378
-15.0649
-15.0123
-14.9613
-14.9217
-14.8692
-14.8124
-14.7258
-14.6404
-14.6006
-14.5756
-14.5399
-14.4787
-14.4415
-14.4337
-14.4219
-14.4315
-14.4718
-14.4940
-14.4121
-14.3131
-14.2215
-14.1364
-14.0421
-13.9563
-13.8972
-13.8958
-13.9184
-13.9479
-13.9293
-13.9090
-13.9331
-13.9692
-13.9760
-13.9273
-13.8920
-13.9124
-13.9228
-13.9304
-13.9327
-13.9375
-13.9314
-13.9355
-13.9142
-13.8756
-13.7997
-13.7097
-13.6361
-13.5416
-13.4527
-13.3685
-13.2963
-13.2485
-13.2450
-13.2637
-13.2682
-13.2186
-13.1701
-13.1053
-12.9927
-12.8596
-12.7476
-12.6344
-12.5322
-12.4593
-12.4131
-12.3736
-12.3242
-12.3281
-12.3210
-12.2959
-12.2313
-12.1721
-12.1118
-12.0621
-12.0228
-11.9659
-11.8604
-11.7400
-11.6732
-11.6157
-11.5512
-11.4881
-11.4425
-11.4205
-11.4030
-11.3717
-11.3215
-11.2748
-11.2277
-11.1862
-11.1469
-11.0840
-11.0001
-10.9074
-10.8202
-10.7460
-10.6740
-10.6041
-10.5373
-10.4458
-10.3393
-10.2454
-10.1670
-10.0921
-10.0124
-9.9485
-9.8856
-9.8073
-9.7161
-9.5990
-9.4949
-9.4063
-9.3481
-9.3158
-9.2964
-9.2834
-9.2576
-9.2188
-9.1885
-9.1369
-9.0401
-8.9176
-8.7907
-8.6427
-8.4503
-8.2867
-8.1772
-8.1269
-8.1109
-8.0980
-8.0788
-8.0461
-8.0233
-7.9858
-7.9218
-7.8514
-7.7682
-7.6404
-7.5283
-7.4154
-7.3007
-7.2061
-7.1233
-7.0870
-7.0616
-7.0510
-7.0423
-7.0242
-6.9680
-6.9172
-6.8834
-6.8284
-6.7458
-6.6178
-6.4645
-6.3054
-6.1361
-5.9971
-5.8750
-5.7509
-5.6626
-5.6079
-5.5441
-5.4812
-5.4246
-5.3441
-5.2251
-5.1436
-5.0507
-4.9261
-4.7873
-4.6765
-4.5958
-4.5176
-4.4818
-4.4599
-4.4263
-4.3920
-4.3690
-4.3249
-4.2302
-4.1273
-4.0345
-3.9425
-3.8040
-3.6313
-3.4408
-3.2289
-3.0023
-2.8108
-2.6670
-2.5724
-2.5158
-2.4682
-2.4418
-2.4135
-2.3992
-2.3461
-2.2245
-2.1107
-2.0595
-2.0230
-1.9911
-1.9778
-2.0281
-1.9977
-1.9081
-1.8491
-1.8380
-1.8565
-1.8688
-1.8533
-1.7865
-1.7143
-1.6844
-1.6799
-1.6690
-1.6115
-1.5058
-1.4502
-1.4236
-1.4080
-1.3959
-1.3765
-1.3166
-1.2256
-1.1328
-1.0202
-0.8362
-0.6225
-0.4596
-0.2989
-0.1306
0.0133
0.1094
0.1431
0.1625
0.1791
0.2269
0.2861
0.3294
0.3933
0.4739
0.5542
0.6534
0.7768
0.9019
1.0278
1.1972
1.4018
1.6032
1.8268
2.0581
2.2299
2.3060
2.3403
2.3486
2.3563
2.3720
2.4388
2.4709
2.5009
2.5130
2.5190
2.5196
2.5327
2.5783
2.6148
2.6394
2.6815
2.7482
2.8373
2.9176
3.0220
3.1328
3.2188
3.2880
3.3660
3.4474
3.5973
3.7556
3.8791
3.9788
4.0586
4.1138
4.1373
4.1853
4.2952
4.3699
4.4635
4.5904
4.7123
4.8235
4.9439
5.0220
5.0655
5.1302
5.2150
5.3047
5.4044
5.5290
5.6336
5.7004
5.7440
5.7808
5.8219
5.8554
5.8889
5.9183
5.9275
5.9371
5.9798
6.0203
6.0442
6.0772
6.1348
6.1650
6.1916
6.2186
6.2558
6.3083
6.3466
6.3742
6.3768
6.3795
6.3880
6.4061
6.4241
6.4533
6.5075
6.5574
6.5977
6.6423
6.6827
6.7172
6.7660
6.8250
6.8893
6.9637
7.0510
7.1234
7.2006
7.2528
7.2805
7.2911
7.2916
7.2916
7.2916
7.2927
7.3038
7.3086
7.3032
7.3052
7.3349
7.3790
7.4419
7.5140
7.6006
7.7048
7.7688
7.7906
7.8072
7.8096
7.8106
7.7966
7.7958
7.8074
7.8269
7.8498
7.8804
7.9144
7.9421
7.9571
7.9775
7.9930
7.9930
7.9581
7.9281
7.9014
7.8928
7.8778
7.8405
7.8067
7.7469
7.6068
7.4132
7.3196
7.3079
7.3297
7.3541
7.3541
7.3232
7.3005
7.3058
7.3116
7.3164
7.3218
7.3271
7.3139
7.2977
7.3116
7.3256
7.3131
7.2911
7.2641
7.2160
7.1552
7.1140
7.0391
6.9536
6.8693
6.8320
6.8290
6.8349
6.8290
6.8296
6.8324
6.8003
6.7613
6.7292
6.7230
6.7046
6.7115
6.7448
6.7924
6.8628
6.9301
6.9529
6.8781
6.7463
6.5687
6.3832
6.2355
6.1473
6.1015
6.0521
5.9857
5.9271
5.8233
5.6836
5.5225
5.4202
5.3725
5.3384
5.3319
5.3414
5.3509
5.3700
5.4004
5.4528
5.5183
5.5796
5.6545
5.6711
5.6356
5.5847
5.5825
5.5957
5.5988
5.6019
5.5985
5.5614
5.5375
5.5101
5.5260
5.5007
5.4825
5.4974
5.4844
5.4369
5.4379
5.4821
5.5013
5.5335
5.5919
5.6063
5.6057
5.5800
5.5705
5.5741
5.5730
5.5826
5.5826
5.5827
5.5943
5.6144
5.6080
5.5855
5.5595
5.5407
5.5275
5.5395
5.5142
5.4522
5.4159
5.4561
5.5254
5.5802
5.6205
5.6420
5.6137
5.5825
5.6082
5.6466
5.7003
5.7359
5.7692
5.8099
5.8469
5.8898
5.8879
5.8494
5.7775
5.6868
5.5657
5.4444
5.3546
5.2945
5.2526
5.2466
5.2466
5.2059
5.1557
5.1335
5.1518
5.1824
5.2569
5.3305
5.4189
5.5272
5.6460
5.7332
5.7732
5.8227
5.8562
5.8853
5.9101
5.9151
5.9145
5.8923
5.8332
5.7238
5.6171
5.5215
5.4185
5.2897
5.1811
5.1193
5.0960
5.0812
5.1043
5.2032
5.3363
5.4179
5.4727
5.4864
5.3714
5.1743
4.9819
4.8170
4.7241
4.7185
4.7631
4.7851
4.7894
4.7815
4.7326
4.6215
4.5366
4.4940
4.4897
4.5107
4.5614
4.6147
4.6363
4.6307
4.6346
4.6446
4.6621
4.6618
4.6576
4.6581
4.6608
4.6753
4.6753
4.6632
4.6438
4.6135
4.5700
4.5059
4.3864
4.2248
4.1005
4.0333
3.9852
3.9732
3.9671
3.9475
3.8778
3.7336
3.5851
3.4319
3.2831
3.1688
3.1351
3.1114
3.0585
3.0027
2.9661
2.9202
2.8554
2.7947
2.7386
2.6782
2.6099
2.5545
2.5011
2.4143
2.3213
2.2251
2.0828
1.9301
1.8266
1.7485
1.6612
1.6183
1.5841
1.5343
1.5044
1.4983
1.4889
1.4741
1.4741
1.4741
1.4708
1.4676
1.5047
1.6120
1.6442
1.6035
1.5234
1.4009
1.2069
1.0442
0.9595
0.9334
0.9531
1.0214
1.0348
1.0166
0.9871
0.9751
0.9247
0.9019
0.9019
0.9019
0.8905
0.8854
0.8716
0.8287
0.7552
0.6862
0.6126
0.5250
0.4328
0.3249
0.2141
0.1016
-0.0079
-0.0997
-0.1845
-0.3021
-0.4136
-0.5216
-0.6404
-0.7628
-0.8400
-0.8995
-0.9896
-1.0984
-1.2007
-1.3183
-1.4226
-1.5324
-1.6023
-1.6665
-1.7450
-1.8037
-1.8540
-1.9348
-2.0219
-2.1169
-2.2166
-2.3575
-2.5084
-2.6869
-2.8917
-3.1009
-3.2539
-3.3277
-3.3657
-3.3910
-3.4290
-3.4200
-3.4011
-3.4771
-3.5695
-3.6438
-3.7729
-3.9403
-4.1257
-4.3336
-4.5818
-4.8179
-5.0004
-5.1501
-5.2796
-5.3889
-5.4705
-5.5450
-5.6400
-5.6863
-5.6930
-5.6731
-5.5729
-5.4605
-5.3587
-5.3054
-5.2519
-5.1830
-5.0763
-4.9663
-4.8983
-4.8620
-4.8211
-4.7672
-4.6255
-4.3540
