2.579290
2.498306
2.417324
2.336349
2.255384
2.174432
2.093496
2.012579
1.931684
1.850815
1.769975
1.689168
1.608395
1.527661
1.446969
1.366322
1.285723
1.205175
1.124682
1.044247
0.963872
0.883562
0.803318
0.723146
0.643047
0.563025
0.483083
0.403224
0.323451
0.243768
0.164178
0.084684
0.005288
-0.074005
-0.153193
-0.232273
-0.311240
-0.390094
-0.468829
-0.547443
-0.625934
-0.704297
-0.782529
-0.860629
-0.938591
-1.016415
-1.094095
-1.171630
-1.249015
-1.326249
-1.403328
-1.480249
-1.557008
-1.633604
-1.710032
-1.786290
-1.862375
-1.938283
-2.014012
-2.089559
-2.164920
-2.240094
-2.315075
-2.389863
-2.464454
-2.538844
-2.613031
-2.687012
-2.760784
-2.834344
-2.907689
-2.980817
-3.053723
-3.126407
-3.198863
-3.271091
-3.343086
-3.414846
-3.486368
-3.557650
-3.628688
-3.699479
-3.770021
-3.840312
-3.910347
-3.980125
-4.049643
-4.118897
-4.187886
-4.256606
-4.325055
-4.393229
-4.461127
-4.528746
-4.596082
-4.663134
-4.729898
-4.796372
-4.862553
-4.928439
-4.994027
-5.059315
-5.124299
-5.188977
-5.253348
-5.317407
-5.381153
-5.444583
-5.507694
-5.570484
-5.632951
-5.695093
-5.756905
-5.818387
-5.879535
-5.940348
-6.000823
-6.060957
-6.120748
-6.180194
-6.239292
-6.298040
-6.356436
-6.414477
-6.472161
-6.529486
-6.586450
-6.643049
-6.699283
-6.755148
-6.810643
-6.865765
-6.920513
-6.974883
-7.028874
-7.082484
-7.135710
-7.188551
-7.241004
-7.293067
-7.344738
-7.396016
-7.446897
-7.497381
-7.547464
-7.597146
-7.646424
-7.695296
-7.743760
-7.791815
-7.839458
-7.886687
-7.933501
-7.979897
-8.025875
-8.071432
-8.116566
-8.161275
-8.205558
-8.249413
-8.292839
-8.335832
-8.378393
-8.420519
-8.462208
-8.503459
-8.544269
-8.584639
-8.624565
-8.664047
-8.703082
-8.741670
-8.779808
-8.817496
-8.854731
-8.891512
-8.927839
-8.963708
-8.999119
-9.034071
-9.068561
-9.102590
-9.136155
-9.169254
-9.201888
-9.234054
-9.265751
-9.296978
-9.327733
-9.358016
-9.387825
-9.417160
-9.446018
-9.474398
-9.502301
-9.529724
-9.556666
-9.583126
-9.609104
-9.634598
-9.659607
-9.684131
-9.708168
-9.731717
-9.754777
-9.777348
-9.799429
-9.821018
-9.842115
-9.862719
-9.882830
-9.902445
-9.921565
-9.940189
-9.958317
-9.975946
-9.993077
-10.009710
-10.025842
-10.041474
-10.056606
-10.071236
-10.085363
-10.098988
-10.112110
-10.124728
-10.136842
-10.148452
-10.159556
-10.170154
-10.180247
-10.189833
-10.198912
-10.207484
-10.215549
-10.223105
-10.230154
-10.236694
-10.242726
-10.248248
-10.253262
-10.257766
-10.261761
-10.265246
-10.268221
-10.270686
-10.272642
-10.274087
-10.275022
-10.275447
-10.275361
-10.274766
-10.273660
-10.272044
-10.269918
-10.267282
-10.264137
-10.260481
-10.256316
-10.251641
-10.246458
-10.240765
-10.234563
-10.227853
-10.220634
-10.212907
-10.204673
-10.195931
-10.186683
-10.176927
-10.166665
-10.155898
-10.144625
-10.132846
-10.120564
-10.107777
-10.094487
-10.080694
-10.066398
-10.051600
-10.036301
-10.020501
-10.004202
-9.987402
-9.970104
-9.952308
-9.934015
-9.915225
-9.895939
-9.876158
-9.855882
-9.835113
-9.813851
-9.792098
-9.769853
-9.747118
-9.723894
-9.700182
-9.675982
-9.651296
-9.626124
-9.600468
-9.574329
-9.547707
-9.520604
-9.493021
-9.464958
-9.436418
-9.407400
-9.377907
-9.347939
-9.317498
-9.286585
-9.255200
-9.223346
-9.191024
-9.158234
-9.124979
-9.091259
-9.057076
-9.022431
-8.987325
-8.951760
-8.915738
-8.879260
-8.842326
-8.804940
-8.767101
-8.728813
-8.690075
-8.650890
-8.611259
-8.571185
-8.530667
-8.489709
-8.448311
-8.406476
-8.364205
-8.321499
-8.278361
-8.234792
-8.190793
-8.146367
-8.101516
-8.056240
-8.010542
-7.964424
-7.917888
-7.870935
-7.823567
-7.775786
-7.727594
-7.678994
-7.629986
-7.580573
-7.530756
-7.480538
-7.429921
-7.378907
-7.327498
-7.275695
-7.223501
-7.170918
-7.117949
-7.064594
-7.010856
-6.956738
-6.902242
-6.847369
-6.792122
-6.736503
-6.680514
-6.624158
-6.567436
-6.510351
-6.452906
-6.395102
-6.336942
-6.278428
-6.219563
-6.160348
-6.100786
-6.040880
-5.980632
-5.920044
-5.859119
-5.797858
-5.736266
-5.674343
-5.612092
-5.549517
-5.486619
-5.423401
-5.359865
-5.296014
-5.231850
-5.167377
-5.102596
-5.037510
-4.972122
-4.906434
-4.840449
-4.774169
-4.707598
-4.640737
-4.573590
-4.506159
-4.438446
-4.370456
-4.302189
-4.233649
-4.164839
-4.095761
-4.026418
-3.956813
-3.886949
-3.816828
-3.746453
-3.675827
-3.604953
-3.533833
-3.462471
-3.390869
-3.319030
-3.246956
-3.174652
-3.102119
-3.029361
-2.956380
-2.883179
-2.809762
-2.736131
-2.662288
-2.588238
-2.513983
-2.439525
-2.364869
-2.290016
-2.214969
-2.139733
-2.064309
-1.988701
-1.912911
-1.836944
-1.760801
-1.684485
-1.608001
-1.531350
-1.454536
-1.377562
-1.300432
-1.223147
-1.145711
-1.068127
-0.990398
-0.912528
-0.834520
-0.756375
-0.678099
-0.599693
-0.521161
-0.442505
-0.363730
-0.284838
-0.205833
-0.126717
-0.047493
0.031835
0.111264
0.190790
0.270412
0.350125
0.429927
0.509814
0.589783
0.669832
0.749955
0.830152
0.910418
0.990750
1.071146
1.151601
1.232112
1.312678
1.393293
1.473956
1.554662
1.635409
1.716194
1.797013
1.877863
1.958741
2.039643
2.120567
2.201509
2.282466
2.363435
2.444412
2.525395
2.606379
2.687363
2.768343
2.849315
2.930276
3.011223
3.092153
3.173063
3.253950
3.334809
3.415639
3.496435
3.577195
3.657915
3.738592
3.819224
3.899806
3.980336
4.060810
4.141226
4.221579
4.301867
4.382087
4.462236
4.542309
4.622305
4.702220
4.782050
4.861793
4.941445
5.021004
5.100465
5.179827
5.259085
5.338237
5.417280
5.496210
5.575024
5.653719
5.732292
5.810740
5.889060
5.967249
6.045303
6.123219
6.200995
6.278627
6.356112
6.433447
6.510629
6.587656
6.664523
6.741228
6.817768
6.894139
6.970340
7.046366
7.122214
7.197883
7.273368
7.348667
7.423776
7.498694
7.573416
7.647940
7.722262
7.796381
7.870292
7.943994
8.017482
8.090755
8.163809
8.236641
8.309249
8.381629
8.453779
8.525696
8.597377
8.668819
8.740019
8.810975
8.881683
8.952142
9.022347
9.092297
9.161988
9.231418
9.300584
9.369483
9.438112
9.506470
9.574552
9.642357
9.709881
9.777123
9.844079
9.910746
9.977122
10.043205
10.108992
10.174480
10.239666
10.304548
10.369124
10.433390
10.497345
10.560985
10.624309
10.687313
10.749996
10.812354
10.874386
10.936088
10.997458
11.058495
11.119195
11.179556
11.239575
11.299251
11.358581
11.417562
11.476193
11.534470
11.592392
11.649957
11.707161
11.764003
11.820480
11.876591
11.932333
11.987703
12.042700
12.097322
12.151565
12.205429
12.258911
12.312008
12.364719
12.417042
12.468975
12.520514
12.571660
12.622408
12.672758
12.722708
12.772255
12.821397
12.870133
12.918460
12.966377
13.013882
13.060973
13.107647
13.153904
13.199741
13.245156
13.290148
13.334715
13.378856
13.422567
13.465848
13.508697
13.551113
13.593092
13.634635
13.675739
13.716402
13.756624
13.796402
13.835734
13.874620
13.913058
13.951045
13.988582
14.025665
14.062294
14.098468
14.134184
14.169442
14.204239
14.238576
14.272449
14.305858
14.338802
14.371280
14.403289
14.434829
14.465898
14.496496
14.526620
14.556271
14.585446
14.614144
14.642365
14.670107
14.697369
14.724151
14.750450
14.776266
14.801598
14.826445
14.850806
14.874679
14.898065
14.920962
14.943369
14.965285
14.986710
15.007642
