2.758657041
2.885262063
3.012040885
3.120252164
3.158648816
3.233108861
3.330692318
3.383155038
3.361915
3.25181137
3.143846226
3.049790943
2.970204149
2.910404111
2.875594932
2.859525872
2.840652491
2.784655075
2.681885596
2.576487943
2.463150838
2.312321335
2.137605747
1.962318498
1.833324421
1.733704905
1.62005727
1.472811194
1.308628699
1.114345775
0.888602947
0.597975088
0.302035223
0.031151287
-0.147210529
-0.273541785
-0.367496577
-0.459544582
-0.566642493
-0.679815629
-0.794923404
-0.932406432
-1.11975774
-1.345999183
-1.591316064
-1.87457606
-2.15790965
-2.428619846
-2.690460437
-2.894515803
-3.024427024
-3.073697928
-3.08322118
-3.071028146
-3.067249281
-3.07168799
-3.080563983
-3.085001267
-3.091050827
-3.074193007
-3.08898068
-3.114500902
-3.149758871
-3.205562212
-3.285457622
-3.380316222
-3.473137387
-3.555074508
-3.628990473
-3.699320785
-3.759064921
-3.821430033
-3.904188461
-3.999772981
-4.112752153
-4.195940022
-4.276963338
-4.350355222
-4.403641366
-4.45339373
-4.503079945
-4.54398309
-4.559314622
-4.542417626
-4.524355901
-4.522894736
-4.518259757
-4.519725812
-4.552761327
-4.624950161
-4.690403451
-4.725707555
-4.751152914
-4.784167345
-4.816289386
-4.861361679
-4.906407564
-4.956624155
-5.006808334
-5.052655244
-5.071001124
-5.041792347
-4.998926465
-5.027181573
-5.103876829
-5.191632294
-5.255461147
-5.28389112
-5.318673679
-5.363197466
-5.400215043
-5.428684591
-5.496877649
-5.591952519
-5.684439114
-5.748334296
-5.781852787
-5.811601055
-5.848970825
-5.857275549
-5.822874256
-5.747581433
-5.665456088
-5.608900408
-5.583382967
-5.582119656
-5.593224879
-5.595851758
-5.581963814
-5.553295914
-5.487679476
-5.413136487
-5.327962378
-5.228809956
-5.113565635
-4.994541429
-4.860247346
-4.761548876
-4.665719709
-4.578846728
-4.535293025
-4.528954655
-4.55858594
-4.588362587
-4.59690827
-4.59690827
-4.602005349
-4.603655049
-4.579946917
-4.564225061
-4.54462833
-4.538100048
-4.555824921
-4.560857805
-4.522324701
-4.427047548
-4.303017449
-4.14030888
-3.972226417
-3.811531367
-3.718960035
-3.684288147
-3.685860295
-3.690164462
-3.690164462
-3.690950549
-3.680702066
-3.678324982
-3.670425029
-3.668823902
-3.659347578
-3.598661199
-3.522645783
-3.432069771
-3.348566657
-3.258769983
-3.178060199
-3.100600458
-3.036161672
-2.979204159
-2.923011057
-2.878616628
-2.840072766
-2.809308887
-2.796182561
-2.795926071
-2.778335236
-2.731594828
-2.666751054
-2.568084271
-2.438058407
-2.289694396
-2.117535989
-1.929092514
-1.759243679
-1.628043941
-1.530218954
-1.487350405
-1.470508857
-1.46611421
-1.466820332
-1.466820332
-1.459890792
-1.459184785
-1.459184785
-1.439811648
-1.402152604
-1.330399491
-1.241809969
-1.124372291
-1.000742387
-0.888164026
-0.813679064
-0.76665563
-0.753969421
-0.743346599
-0.732723409
-0.722099853
-0.694654935
-0.670267802
-0.646280026
-0.615417343
-0.579738208
-0.555761185
-0.546838142
-0.534851847
-0.507425577
-0.45539149
-0.381028359
-0.301910506
-0.232721887
-0.170103372
-0.118492807
-0.104194469
-0.103520306
-0.099741154
-0.086004233
-0.068181016
-0.054808664
-0.050350271
-0.039042242
-0.000957701
0.085854022
0.212466324
0.366527234
0.52572739
0.660447339
0.757042637
0.860404589
0.938216284
0.993090037
1.031174817
1.058612182
1.102837794
1.157711755
1.240022743
1.313294181
1.386552112
1.450747276
1.509423695
1.581038117
1.662339037
1.740069048
1.817455802
1.911603065
2.010620951
2.118741837
2.219303094
2.32957369
2.450497004
2.592740362
2.713062203
2.824213865
2.914601144
2.984803137
3.074822589
3.17606294
3.293694375
3.432621599
3.576701291
3.722179237
3.855527787
3.968362995
4.075125251
4.181301094
4.296732908
4.406413773
4.52047167
4.620015344
4.714612345
4.801741017
4.873234467
4.955615786
5.087804427
5.264934073
5.464223383
5.658858658
5.815280596
5.95962175
6.072900347
6.210696162
6.379732773
6.557712277
6.725037659
6.846116393
6.923771847
6.982672826
7.022618893
7.073947658
7.137993721
7.185414637
7.232844095
7.272074886
7.29965059
7.314350274
7.334282164
7.364206848
7.410225926
7.449129143
7.487094442
7.523465032
7.553947451
7.595381129
7.643461361
7.709130942
7.800568934
7.89342289
7.987677364
8.086740672
8.177843418
8.251857025
8.295263915
8.306681802
8.306681802
8.306681802
8.332515843
8.359096617
8.338907314
8.315128606
8.318589176
8.352708659
8.411011627
8.46933308
8.522860216
8.566320746
8.575815372
8.585172017
8.600542192
8.630518406
8.680979427
8.72226414
8.749249047
8.739664243
8.708136621
8.682351439
8.68218963
8.72157339
8.78052648
8.822307487
8.849156184
8.869381699
8.863975212
8.858568771
8.84820531
8.844473084
8.840620811
8.831370926
8.832237297
8.84322006
8.84045646
8.815872363
8.795088645
8.791195461
8.81018937
8.852080475
8.892849389
8.911888242
8.899840508
8.855222813
8.811055748
8.773104692
8.761865674
8.733847654
8.71793534
8.684998452
8.625360496
8.548208958
8.47702861
8.402876708
8.339016198
8.274734634
8.221712929
8.179766062
8.133463028
8.086062259
8.046605515
7.99893435
7.950419058
7.859946133
7.711286679
7.571086876
7.443745135
7.347681469
7.276146286
7.253407367
7.245881192
7.238879768
7.212785668
7.165155884
7.107708052
7.044463017
6.975226967
6.904788384
6.829320782
6.754899459
6.664147835
6.545826021
6.416680711
6.2767084
6.134797786
6.015605595
5.911999936
5.812612175
5.730056586
5.660178926
5.608270393
5.550404596
5.494388622
5.438455905
5.393220206
5.343914129
5.27647944
5.195731449
5.121605758
5.035348477
4.957655522
4.882047444
4.813088067
4.69483387
4.569123307
4.432453435
4.322683277
4.204106757
4.0522493
3.871171602
3.671121684
3.435264936
3.176744698
2.946093908
2.719764945
2.514742481
2.299157535
2.091028167
1.914619838
1.779990676
1.696425193
1.623686034
1.546215174
1.460916678
1.343053089
1.201840418
1.048056157
0.844443081
0.645943786
0.476197938
0.39357737
0.387318147
0.457430196
0.512587743
0.541080188
0.560030764
0.574595655
0.603297354
0.668051224
0.730657034
0.761249564
0.779659921
0.741814631
0.603148845
0.309020851
-0.127480138
0.197302693
