0.829177
0.828183
0.825202
0.820233
0.813277
0.804336
0.793410
0.780500
0.765608
0.748736
0.729886
0.709059
0.686259
0.661488
0.634748
0.606043
0.575377
0.542752
0.508174
0.471644
0.433169
0.392753
0.350399
0.306114
0.259902
0.211768
0.161719
0.109760
0.055897
0.000137
-0.057515
-0.117051
-0.178464
-0.241747
-0.306893
-0.373895
-0.442744
-0.513432
-0.585951
-0.660293
-0.736449
-0.814410
-0.894168
-0.975712
-1.059033
-1.144121
-1.230967
-1.319561
-1.409892
-1.501949
-1.595722
-1.691200
-1.788372
-1.887226
-1.987752
-2.089936
-2.193767
-2.299234
-2.406324
-2.515024
-2.625321
-2.737203
-2.850658
-2.965670
-3.082228
-3.200317
-3.319924
-3.441035
-3.563636
-3.687711
-3.813248
-3.940231
-4.068646
-4.198476
-4.329709
-4.462327
-4.596315
-4.731659
-4.868342
-5.006348
-5.145661
-5.286265
-5.428143
-5.571279
-5.715657
-5.861258
-6.008068
-6.156067
-6.305239
-6.455567
-6.607033
-6.759620
-6.913309
-7.068082
-7.223922
-7.380811
-7.538730
-7.697660
-7.857584
-8.018482
-8.180336
-8.343127
-8.506836
-8.671443
-8.836930
-9.003278
-9.170466
-9.338476
-9.507287
-9.676881
-9.847237
-10.018335
-10.190156
-10.362679
-10.535885
-10.709753
-10.884262
-11.059393
-11.235125
-11.411438
-11.588311
-11.765723
-11.943654
-12.122082
-12.300988
-12.480350
-12.660148
-12.840359
-13.020965
-13.201942
-13.383270
-13.564929
-13.746896
-13.929151
-14.111673
-14.294439
-14.477429
-14.660622
-14.843995
-15.027528
-15.211200
-15.394988
-15.578871
-15.762829
-15.946839
-16.130880
-16.314930
-16.498968
-16.682974
-16.866924
-17.050798
-17.234574
-17.418231
-17.601747
-17.785102
-17.968273
-18.151239
-18.333979
-18.516471
-18.698695
-18.880629
-19.062252
-19.243542
-19.424479
-19.605041
-19.785207
-19.964957
-20.144269
-20.323123
-20.501497
-20.679371
-20.856724
-21.033535
-21.209784
-21.385450
-21.560512
-21.734951
-21.908746
-22.081876
-22.254322
-22.426063
-22.597079
-22.767351
-22.936858
-23.105581
-23.273500
-23.440595
-23.606847
-23.772237
-23.936745
-24.100352
-24.263039
-24.424787
-24.585577
-24.745391
-24.904209
-25.062014
-25.218786
-25.374508
-25.529161
-25.682728
-25.835190
-25.986529
-26.136729
-26.285771
-26.433638
-26.580313
-26.725779
-26.870018
-27.013015
-27.154752
-27.295212
-27.434380
-27.572238
-27.708772
-27.843965
-27.977802
-28.110266
-28.241342
-28.371015
-28.499270
-28.626092
-28.751466
-28.875378
-28.997813
-29.118756
-29.238194
-29.356113
-29.472499
-29.587338
-29.700617
-29.812323
-29.922442
-30.030963
-30.137871
-30.243156
-30.346804
-30.448803
-30.549142
-30.647809
-30.744792
-30.840080
-30.933662
-31.025527
-31.115664
-31.204063
-31.290713
-31.375604
-31.458727
-31.540072
-31.619629
-31.697388
-31.773342
-31.847481
-31.919796
-31.990279
-32.058922
-32.125716
-32.190654
-32.253729
-32.314933
-32.374258
-32.431698
-32.487247
-32.540897
-32.592643
-32.642479
-32.690398
-32.736395
-32.780464
-32.822602
-32.862801
-32.901059
-32.937371
-32.971731
-33.004137
-33.034584
-33.063069
-33.089589
-33.114140
-33.136720
-33.157326
-33.175955
-33.192606
-33.207276
-33.219964
-33.230669
-33.239388
-33.246121
-33.250868
-33.253627
-33.254399
-33.253183
-33.249979
-33.244788
-33.237611
-33.228448
-33.217300
-33.204168
-33.189055
-33.171962
-33.152890
-33.131843
-33.108822
-33.083830
-33.056871
-33.027947
-32.997061
-32.964218
-32.929421
-32.892674
-32.853982
-32.813348
-32.770779
-32.726278
-32.679850
-32.631502
-32.581239
-32.529067
-32.474992
-32.419020
-32.361157
-32.301411
-32.239789
-32.176297
-32.110943
-32.043734
-31.974680
-31.903786
-31.831063
-31.756517
-31.680159
-31.601997
-31.522039
-31.440296
-31.356777
-31.271492
-31.184449
-31.095661
-31.005137
-30.912887
-30.818923
-30.723255
-30.625895
-30.526853
-30.426142
-30.323773
-30.219758
-30.114109
-30.006839
-29.897960
-29.787484
-29.675426
-29.561797
-29.446610
-29.329881
-29.211621
-29.091845
-28.970567
-28.847801
-28.723561
-28.597862
-28.470718
-28.342145
-28.212157
-28.080769
-27.947997
-27.813856
-27.678362
-27.541530
-27.403377
-27.263919
-27.123172
-26.981152
-26.837876
-26.693361
-26.547624
-26.400681
-26.252549
-26.103247
-25.952791
-25.801199
-25.648488
-25.494677
-25.339783
-25.183825
-25.026820
-24.868787
-24.709745
-24.549711
-24.388705
-24.226746
-24.063851
-23.900041
-23.735334
-23.569750
-23.403308
-23.236027
-23.067926
-22.899027
-22.729347
-22.558907
-22.387727
-22.215826
-22.043226
-21.869945
-21.696005
-21.521425
-21.346225
-21.170427
-20.994051
-20.817117
-20.639646
-20.461658
-20.283175
-20.104217
-19.924806
-19.744961
-19.564704
-19.384056
-19.203039
-19.021672
-18.839978
-18.657977
-18.475692
-18.293142
-18.110349
-17.927336
-17.744122
-17.560730
-17.377180
-17.193494
-17.009694
-16.825802
-16.641837
-16.457823
-16.273780
-16.089730
-15.905694
-15.721694
-15.537751
-15.353887
-15.170123
-14.986481
-14.802981
-14.619646
-14.436497
-14.253555
-14.070842
-13.888378
-13.706186
-13.524286
-13.342699
-13.161447
-12.980551
-12.800032
-12.619911
-12.440210
-12.260948
-12.082147
-11.903827
-11.726011
-11.548718
-11.371968
-11.195784
-11.020184
-10.845190
-10.670822
-10.497101
-10.324046
-10.151678
-9.980017
-9.809083
-9.638896
-9.469475
-9.300841
-9.133014
-8.966012
-8.799855
-8.634563
-8.470155
-8.306649
-8.144066
-7.982425
-7.821743
-7.662039
-7.503333
-7.345643
-7.188988
-7.033384
-6.878852
-6.725408
-6.573070
-6.421857
-6.271786
-6.122874
-5.975140
-5.828599
-5.683270
-5.539168
-5.396312
-5.254717
-5.114400
-4.975378
-4.837667
-4.701282
-4.566240
-4.432556
-4.300246
-4.169326
-4.039811
-3.911715
-3.785054
-3.659843
-3.536096
-3.413827
-3.293051
-3.173782
-3.056034
-2.939821
-2.825155
-2.712052
-2.600522
-2.490581
-2.382240
-2.275512
-2.170410
-2.066946
-1.965131
-1.864979
-1.766500
-1.669706
-1.574608
-1.481217
-1.389545
-1.299602
-1.211398
-1.124944
-1.040250
-0.957325
-0.876180
-0.796824
-0.719265
-0.643514
-0.569579
-0.497468
-0.427190
-0.358754
-0.292167
-0.227436
-0.164570
-0.103576
-0.044461
0.012768
0.068105
0.121542
0.173075
0.222696
0.270401
0.316183
0.360037
0.401957
0.441940
0.479981
0.516074
0.550216
0.582403
0.612632
0.640897
0.667197
0.691528
0.713887
0.734272
0.752680
0.769110
0.783559
0.796025
0.806508
0.815005
0.821516
0.826041
0.828578
0.829127
0.827689
0.824263
0.818850
0.811451
0.802065
0.790696
0.777343
0.762008
0.744693
0.725401
0.704133
0.680891
0.655680
0.628500
0.599357
0.568252
0.535191
0.500175
0.463211
0.424301
0.383451
0.340665
0.295949
0.249306
0.200744
0.150267
0.097882
0.043594
-0.012589
-0.070663
-0.130619
-0.192451
-0.256151
-0.321713
-0.389128
-0.458389
-0.529487
-0.602415
-0.677163
-0.753724
-0.832087
-0.912245
-0.994187
-1.077904
