-3.24699424
-3.22818748
-3.182540423
-3.135382058
-3.108423428
-3.064956932
-3.008336918
-2.92812851
-2.83964154
-2.771616821
-2.669449431
-2.592120694
-2.621323068
-2.705749625
-2.856525218
-3.089550473
-3.345519204
-3.606014513
-3.873239757
-4.075109628
-4.198516864
-4.317482002
-4.378645
-4.400805095
-4.445092229
-4.501451571
-4.587571526
-4.69307168
-4.844501109
-4.993116052
-5.136211729
-5.310274265
-5.497517592
-5.672329629
-5.865532949
-6.055527165
-6.244275682
-6.480713502
-6.744805993
-7.011693977
-7.280403228
-7.572669733
-7.850296474
-8.117176461
-8.429762162
-8.760384831
-9.071169793
-9.331625802
-9.54209634
-9.703637092
-9.840017284
-10.0234674
-10.23654662
-10.42552708
-10.57610896
-10.70810041
-10.81691168
-10.91222692
-10.99875105
-11.09658946
-11.23607737
-11.35512819
-11.46682817
-11.61795507
-11.79773262
-12.04307023
-12.34335807
-12.67974402
-13.00000023
-13.27299523
-13.45856287
-13.58210658
-13.63857884
-13.6412466
-13.62297894
-13.63223986
-13.67815764
-13.73195705
-13.84717294
-14.01970838
-14.21153761
-14.39255467
-14.60318266
-14.79514308
-14.95921378
-15.09445077
-15.1695208
-15.16106568
-15.04349747
-14.82991148
-14.58402617
-14.3437264
-14.10900869
-13.90063769
-13.71587664
-13.54043793
-13.3766671
-13.2362805
-13.14729939
-13.11607296
-13.08974203
-13.12365401
-13.15616101
-13.14991546
-13.11767114
-13.02499266
-12.82700302
-12.57269917
-12.28790353
-11.9441338
-11.60644114
-11.27624888
-10.97165627
-10.72359581
-10.55407389
-10.44161125
-10.37998988
-10.33912155
-10.35033928
-10.33360837
-10.2429438
-10.04860345
-9.759006406
-9.38937687
-8.9302495
-8.421069111
-7.918358622
-7.444258054
-7.034912481
-6.706672151
-6.461072621
-6.326011218
-6.277821727
-6.274718066
-6.262568742
-6.21254736
-6.090093504
-5.866651021
-5.572786207
-5.226257039
-4.847344362
-4.420046001
-3.997628953
-3.582023286
-3.176168397
-2.809359804
-2.490998342
-2.203320806
-1.95698427
-1.715094379
-1.460274792
-1.239150186
-1.0206547
-0.791287266
-0.540225664
-0.249708203
0.094637401
0.476715692
0.874567397
1.298277267
1.726025449
2.06089425
2.376418821
2.696956285
2.989877345
3.268344035
3.544860323
3.848284071
4.162627776
4.452759553
4.755773584
5.012096278
5.239594851
5.422811954
5.593016837
5.758489934
5.905519567
6.067701208
6.254799524
6.411617998
6.557042261
6.713315109
6.864512951
7.031641126
7.235714357
7.391050208
7.534007785
7.673846668
7.79464522
7.886153046
7.975448071
8.086558665
8.221346506
8.332253063
8.477054397
8.636789887
8.788774951
8.958962671
9.148653305
9.332274317
9.529000009
9.712821742
9.832720289
9.920936236
10.00221558
10.02809939
10.06421218
10.08972584
10.1356955
10.18129776
10.26198195
10.33897543
10.41489476
10.50673591
10.59270489
10.68891033
10.84104228
11.00922851
11.08424496
11.13532064
11.15957713
11.17125387
11.17544043
11.1904817
11.20479556
11.19886006
11.18882041
11.15631011
11.05570775
10.91854766
10.73021568
10.49693365
10.23869096
10.03368279
9.87192392
9.723068863
9.630898921
9.595390264
9.600458423
9.583412747
9.567707118
9.535436824
9.423492584
9.274979374
9.052770774
8.764047777
8.444070409
8.106658797
7.754886872
7.365738558
7.000479882
6.662781548
6.369020426
6.129331594
5.988118406
5.90187902
5.840498554
5.838895305
5.8337946
5.838424419
5.853168143
5.856389759
5.799320569
5.70525175
5.599578396
5.447367585
5.318138352
5.200583935
5.068457701
4.929754562
4.764535305
4.590814719
4.441273029
4.295261506
4.156596103
4.004303033
3.859146129
3.716073459
3.569258409
3.413795974
3.267466637
3.108952043
2.910201291
2.70254368
2.424509297
2.06159477
1.605448388
1.14609543
0.649020707
0.063160547
-0.517323999
-1.079136984
-1.573189468
-1.983116817
-2.29723323
-2.493839415
-2.615728881
-2.665002308
-2.655904677
-2.656234068
-2.660679507
-2.695957199
-2.747286481
-2.817230239
-2.901471059
-2.985388095
-3.123457519
-3.304407633
-3.399493912
-3.341487874
-3.25900311
-3.159775264
-2.999026682
-2.794232776
-2.611580102
-2.417668149
-2.205991956
-2.022767238
-1.83960491
-1.695638898
