-3.229164
-3.492196
-3.755008
-4.017381
-4.279095
-4.539933
-4.799676
-5.058108
-5.315012
-5.570174
-5.823381
-6.074421
-6.323085
-6.569165
-6.812456
-7.052755
-7.289860
-7.523573
-7.753700
-7.980049
-8.202430
-8.420657
-8.634549
-8.843926
-9.048614
-9.248442
-9.443244
-9.632855
-9.817118
-9.995880
-10.168990
-10.336304
-10.497683
-10.652991
-10.802100
-10.944884
-11.081224
-11.211006
-11.334122
-11.450470
-11.559951
-11.662475
-11.757956
-11.846314
-11.927476
-12.001373
-12.067944
-12.127133
-12.178891
-12.223174
-12.259947
-12.289177
-12.310841
-12.324920
-12.331403
-12.330284
-12.321564
-12.305250
-12.281357
-12.249904
-12.210917
-12.164429
-12.110479
-12.049111
-11.980378
-11.904336
-11.821048
-11.730586
-11.633023
-11.528442
-11.416929
-11.298579
-11.173489
-11.041765
-10.903516
-10.758858
-10.607911
-10.450802
-10.287662
-10.118626
-9.943838
-9.763441
-9.577587
-9.386431
-9.190133
-8.988857
-8.782771
-8.572046
-8.356859
-8.137390
-7.913822
-7.686341
-7.455138
-7.220406
-6.982340
-6.741140
-6.497007
-6.250145
-6.000759
-5.749059
-5.495255
-5.239558
-4.982182
-4.723342
-4.463254
-4.202135
-3.940204
-3.677679
-3.414780
-3.151725
-2.888735
-2.626029
-2.363828
-2.102348
-1.841810
-1.582431
-1.324427
-1.068013
-0.813405
-0.560814
-0.310451
-0.062526
0.182754
0.425185
0.664564
0.900691
1.133369
1.362404
1.587604
1.808781
2.025751
2.238333
2.446348
2.649623
2.847988
3.041278
3.229331
3.411991
3.589104
3.760523
3.926104
4.085710
4.239206
4.386466
4.527365
4.661786
4.789617
4.910751
5.025088
5.132530
5.232990
5.326382
5.412629
5.491658
5.563405
5.627808
5.684815
5.734377
5.776453
5.811008
5.838013
5.857446
5.869290
5.873535
5.870178
5.859222
5.840676
5.814555
5.780881
5.739682
5.690993
5.634854
5.571313
5.500422
5.422240
5.336833
5.244272
5.144634
5.038004
4.924468
4.804124
4.677070
4.543413
4.403265
4.256743
4.103969
3.945070
3.780181
3.609437
3.432982
3.250963
3.063532
2.870846
2.673065
2.470355
2.262885
2.050829
1.834363
1.613668
1.388928
1.160332
0.928070
0.692336
0.453326
0.211242
-0.033716
-0.281343
