5.6181
5.6410
5.6743
5.7039
5.7561
5.7753
5.7792
5.7533
5.7323
5.7207
5.7284
5.7409
5.7321
5.7356
5.7566
5.7959
5.8113
5.8017
5.7816
5.7319
5.6633
5.5948
5.5516
5.5353
5.5112
5.5078
5.5308
5.5768
5.6182
5.6375
5.6374
5.6207
5.6078
5.5888
5.5579
5.4835
5.3397
5.1467
4.8989
4.5998
4.2879
4.0237
3.8164
3.6850
3.6280
3.6419
3.6507
3.6439
3.5931
3.5217
3.4377
3.3538
3.2486
3.1321
3.0375
2.9878
2.9878
2.9877
3.0067
3.0256
3.0442
3.0576
3.0484
2.9987
2.8921
2.7784
2.6320
2.4992
2.4069
2.3686
2.3236
2.2729
2.2273
2.1522
2.0875
2.0381
1.9771
1.9111
1.8362
1.7486
1.6216
1.4184
1.1497
0.7929
0.3853
-0.0399
-0.4250
-0.7353
-0.9626
-1.0920
-1.1469
-1.1521
-1.1478
-1.1502
-1.1539
-1.1616
-1.1692
-1.1692
-1.1805
-1.2501
-1.3758
-1.5573
-1.8095
-2.1051
-2.4559
-2.8016
-3.1280
-3.4053
-3.5606
-3.6341
-3.6578
-3.6947
-3.7635
-3.8865
-4.0370
-4.2322
-4.4772
-4.7778
-5.0895
-5.3922
-5.6393
-5.8510
-6.0454
-6.2111
-6.3482
-6.4331
-6.4620
-6.4801
-6.4945
-6.5533
-6.6764
-6.8714
-7.1343
-7.4202
-7.6825
-7.9245
-8.1234
-8.2776
-8.4014
-8.5003
-8.5621
-8.6224
-8.6738
-8.7287
-8.8240
-8.9491
-9.0971
-9.2646
-9.4284
-9.6029
-9.8038
-10.0246
-10.2449
-10.4283
-10.5848
-10.7624
-10.9831
-11.2146
-11.4230
-11.5998
-11.7645
-11.9041
-12.0329
-12.1370
-12.2108
-12.2794
-12.3522
-12.4439
-12.5762
-12.7439
-12.9530
-13.1272
-13.2735
-13.4183
-13.5869
-13.8071
-14.0729
-14.3383
-14.5585
-14.7012
-14.7888
-14.8019
-14.7667
-14.7149
-14.6884
-14.6948
-14.7012
-14.7045
-14.7045
-14.6935
-14.7033
-14.7098
-14.7228
-14.7510
-14.8047
-14.8684
-14.9520
-15.0114
-15.0728
-15.1193
-15.1877
-15.2813
-15.3761
-15.4696
-15.5640
-15.6625
-15.7641
-15.8777
-16.0066
-16.1572
-16.3325
-16.4855
-16.6115
-16.7175
-16.8423
-16.9695
-17.1329
-17.3270
-17.5264
-17.7067
-17.8678
-18.0341
-18.1752
-18.3045
-18.4140
-18.5023
-18.5807
-18.6432
-18.6932
-18.7254
-18.7421
-18.7525
-18.7504
-18.7434
-18.7443
-18.7539
-18.7499
-18.7400
-18.7210
-18.7231
-18.7452
-18.7707
-18.7995
-18.8142
-18.8395
-18.8586
-18.8713
-18.8901
-18.9177
-18.9653
-19.0395
-19.1110
-19.1769
-19.2225
-19.2471
-19.2829
-19.3386
-19.4267
-19.4986
-19.5685
-19.6391
-19.6875
-19.7454
-19.8538
-20.0150
-20.1866
-20.3505
-20.4621
-20.5230
-20.5371
-20.5393
-20.5535
-20.5952
-20.6545
-20.6909
-20.7390
-20.8018
-20.8787
-21.0010
-21.1485
-21.3326
-21.5285
-21.7134
-21.8931
-22.0498
-22.1670
-22.2336
-22.2801
-22.3090
-22.3516
-22.4083
-22.4880
-22.5823
-22.6627
-22.7149
-22.7667
-22.8495
-22.9355
-23.0415
-23.1531
-23.2395
-23.3061
-23.3618
-23.4212
-23.4895
-23.5802
-23.6935
-23.8239
-23.9624
-24.0578
-24.1329
-24.1848
-24.1942
-24.1891
-24.1976
-24.2034
-24.2121
-24.2322
-24.2639
-24.3100
-24.3674
-24.4503
-24.5360
-24.5911
-24.6263
-24.6502
-24.7126
-24.8052
-24.8839
-24.9678
-25.0433
-25.0999
-25.1401
-25.1635
-25.1697
-25.1868
-25.1788
-25.1456
-25.1011
-25.0435
-25.0003
-24.9622
-24.9324
-24.9111
-24.8547
-24.7714
-24.6574
-24.5376
-24.4088
-24.2767
-24.1578
-24.0639
-24.0362
-24.0307
-24.0363
-24.0282
-23.9622
-23.9154
-23.8602
-23.7967
-23.6807
-23.5453
-23.3847
-23.2406
-23.1186
-22.9915
-22.8672
-22.8067
-22.7740
-22.7661
-22.7663
-22.7609
-22.7499
-22.7279
-22.7117
-22.7179
-22.7296
-22.7329
-22.7364
-22.7290
-22.7220
-22.7292
-22.7144
-22.6471
-22.5108
-22.3052
-22.0690
-21.8354
-21.6182
-21.4287
-21.2885
-21.1950
-21.1706
-21.1761
-21.2259
-21.2509
-21.2509
-21.2371
-21.2371
-21.2702
-21.2841
-21.2869
-21.2953
-21.3118
-21.3147
-21.3230
-21.3510
-21.3844
-21.4148
-21.4369
-21.4647
-21.5202
-21.6092
-21.7480
-21.9371
-22.1427
-22.3427
-22.5429
-22.7294
-22.8718
-22.9727
-22.9845
-22.9573
-22.9102
-22.9018
-22.8934
-22.8822
-22.8767
-22.8712
-22.8519
-22.8298
-22.8049
-22.8051
-22.7943
-22.7638
-22.7303
-22.6995
-22.6462
-22.5732
-22.5142
-22.4945
-22.5005
-22.4923
-22.4815
-22.4816
-22.4817
-22.4789
-22.4621
-22.4678
-22.4736
-22.4681
-22.4569
-22.4572
-22.4631
-22.4548
-22.4294
-22.3985
-22.4013
-22.4070
-22.4270
-22.4274
-22.4054
-22.3637
-22.3188
-22.2935
-22.2797
-22.2403
-22.1894
-22.1214
-22.0701
-22.0302
-21.9729
-21.9441
-21.9609
-22.0320
-22.1202
-22.2171
-22.3027
-22.3942
-22.4857
-22.5889
-22.6434
-22.6492
-22.6463
-22.6579
-22.6868
-22.7328
-22.7960
-22.8622
-22.9400
-23.0064
-23.0756
-23.1333
-23.1829
-23.2104
-23.2150
-23.1503
-23.0476
-22.9503
-22.8673
-22.8101
-22.7586
-22.6923
-22.6374
-22.5970
-22.5769
-22.5538
-22.5190
-22.5074
-22.5191
-22.5106
-22.4700
-22.4177
-22.3827
-22.3478
-22.3130
-22.2375
-22.1561
-22.0778
-22.0168
-21.9358
-21.8344
-21.7299
-21.6545
-21.6025
-21.5650
-21.5304
-21.4783
-21.4088
-21.3597
-21.3221
-21.2991
-21.2762
-21.2679
-21.2654
-21.2542
-21.1907
-21.1040
-20.9794
-20.8402
-20.7214
-20.5936
-20.4457
-20.2658
-20.1004
-19.9496
-19.8251
-19.7093
-19.6023
-19.5097
-19.4463
-19.4144
-19.3826
-19.3273
-19.2809
-19.2294
-19.1900
-19.1685
-19.1615
-19.1739
-19.2137
-19.2806
-19.3556
-19.3984
-19.4200
-19.4304
-19.4470
-19.4842
-19.5127
-19.5264
-19.4533
-19.3581
-19.2342
-19.0685
-18.8777
-18.6905
-18.5162
-18.3973
-18.3155
-18.2558
-18.2274
-18.2219
-18.2107
-18.1939
-18.1630
-18.1016
-18.0201
-17.9362
-17.8553
-17.7503
-17.6192
-17.4796
-17.3491
-17.2523
-17.1611
-17.0699
-16.9641
-16.8215
-16.6613
-16.4729
-16.2735
-16.0455
-15.7949
-15.5234
-15.2521
-14.9864
-14.7217
-14.4966
-14.3110
-14.1628
-14.0581
-13.9948
-13.9693
-13.9351
-13.8997
-13.8460
-13.7891
-13.7206
-13.6393
-13.5451
-13.4328
-13.3155
-13.1995
-13.0721
-12.9173
-12.7637
-12.6061
-12.4591
-12.3027
-12.1517
-12.0145
-11.9102
-11.8429
-11.7873
-11.7422
-11.6823
-11.5908
-11.4761
-11.3634
-11.2507
-11.1361
-11.0067
-10.8837
-10.7880
-10.7123
-10.6567
-10.6114
-10.5163
-10.3544
-10.1471
-9.8887
-9.6061
-9.3336
-9.0630
-8.8039
-8.5812
-8.3953
-8.2629
-8.1757
-8.1321
-8.0920
-8.0033
-7.8341
-7.5944
-7.3009
-7.0174
-6.7336
-6.4629
-6.2576
-6.1098
-5.9922
-5.8861
-5.8036
-5.7582
-5.7582
-5.7532
-5.7532
-5.7532
-5.7482
-5.7230
-5.6792
-5.6137
-5.5130
-5.3855
-5.2345
-5.0417
-4.8372
-4.6367
-4.4482
-4.3026
-4.1955
-4.1184
-4.0512
-3.9761
-3.8794
-3.7862
-3.6940
-3.5915
-3.4714
-3.3288
-3.1804
-3.0251
-2.8818
-2.7350
-2.6082
-2.4922
-2.3867
-2.2789
-2.1759
-2.0741
-1.9555
-1.8193
-1.6792
-1.5523
-1.4586
-1.3874
-1.3043
-1.2330
-1.1724
-1.1238
-1.0599
-1.0079
-0.9311
-0.8461
-0.7480
-0.6345
-0.5355
-0.4554
-0.3636
-0.2658
-0.1656
-0.0618
0.0503
0.1304
0.1940
0.2089
0.1988
0.1804
0.1727
0.1864
0.2144
0.2493
0.2949
0.3749
0.5074
0.6898
0.9254
1.1659
1.4177
1.6678
1.8978
2.0792
2.1888
2.2090
2.2090
2.2127
2.2201
2.2284
2.2321
2.2525
2.2739
2.2894
2.2929
2.3203
2.3736
2.4533
2.5464
2.6513
2.7593
2.8632
2.9765
3.0925
3.1947
3.3042
3.4367
3.5663
3.6923
3.8034
3.9015
3.9745
4.0205
4.0523
4.0769
4.1435
4.2561
4.3884
4.5287
4.6427
4.7231
4.7739
4.7812
4.7734
4.7771
4.7771
4.7939
4.8096
4.8613
4.9287
5.0007
5.0792
5.1389
5.1892
5.2150
5.2430
5.3083
5.4514
5.6979
6.0226
6.3681
6.7054
7.0226
7.2790
7.4485
7.5225
7.5234
7.4902
7.4783
7.4942
7.4942
7.4902
7.4503
7.3855
7.2969
7.1542
6.9782
6.7847
6.5867
6.3771
6.1897
6.0025
5.8391
5.7387
5.6838
5.6576
5.6379
5.6080
5.5470
5.4195
5.3011
5.2352
5.2757
5.4852
5.8190
6.2077
6.5014
6.6443
6.6756
6.6041
6.4479
6.2112
5.8774
5.4647
5.0542
4.6619
4.2665
3.8479
3.4343
3.0799
2.8551
