3.002400
3.001984
3.000736
2.998655
2.995743
2.991999
2.987424
2.982017
2.975780
2.968713
2.960815
2.952089
2.942534
2.932151
2.920940
2.908903
2.896041
2.882354
2.867843
2.852510
2.836355
2.819379
2.801585
2.782972
2.763542
2.743298
2.722239
2.700368
2.677686
2.654195
2.629896
2.604791
2.578883
2.552171
2.524660
2.496350
2.467244
2.437343
2.406649
2.375166
2.342895
2.309838
2.275998
2.241377
2.205977
2.169802
2.132853
2.095133
2.056645
2.017391
1.977375
1.936599
1.895066
1.852779
1.809741
1.765955
1.721424
1.676152
1.630140
1.583394
1.535915
1.487707
1.438775
1.389120
1.338747
1.287659
1.235860
1.183354
1.130144
1.076233
1.021627
0.966328
0.910340
0.853668
0.796315
0.738286
0.679584
0.620215
0.560181
0.499487
0.438137
0.376137
0.313489
0.250199
0.186271
0.121710
0.056519
-0.009295
-0.075730
-0.142779
-0.210438
-0.278703
-0.347569
-0.417031
-0.487083
-0.557721
-0.628941
-0.700736
-0.773102
-0.846034
-0.919527
-0.993575
-1.068173
-1.143316
-1.218999
-1.295216
-1.371963
-1.449232
-1.527020
-1.605320
-1.684128
-1.763436
-1.843241
-1.923536
-2.004316
-2.085574
-2.167306
-2.249505
-2.332166
-2.415282
-2.498849
-2.582859
-2.667308
-2.752188
-2.837495
-2.923222
-3.009363
-3.095912
-3.182863
-3.270209
-3.357945
-3.446065
-3.534561
-3.623429
-3.712661
-3.802252
-3.892195
-3.982483
-4.073111
-4.164072
-4.255359
-4.346966
-4.438887
-4.531115
-4.623643
-4.716466
-4.809576
-4.902967
-4.996633
-5.090566
-5.184761
-5.279210
-5.373906
-5.468844
-5.564017
-5.659417
-5.755038
-5.850873
-5.946916
-6.043160
-6.139597
-6.236222
-6.333027
-6.430005
-6.527150
-6.624455
-6.721913
-6.819516
-6.917259
-7.015134
-7.113135
-7.211254
-7.309484
-7.407819
-7.506252
-7.604775
-7.703382
-7.802066
-7.900820
-7.999636
-8.098509
-8.197430
-8.296393
-8.395391
-8.494417
-8.593464
-8.692525
-8.791593
-8.890661
-8.989722
-9.088769
-9.187795
-9.286794
-9.385757
-9.484678
-9.583550
-9.682367
-9.781120
-9.879804
-9.978411
-10.076934
-10.175367
-10.273702
-10.371932
-10.470051
-10.568051
-10.665926
-10.763669
-10.861273
-10.958730
-11.056035
-11.153180
-11.250158
-11.346963
-11.443587
-11.540025
-11.636268
-11.732311
-11.828146
-11.923767
-12.019167
-12.114339
-12.209277
-12.303973
-12.398422
-12.492616
-12.586549
-12.680214
-12.773605
-12.866715
-12.959538
-13.052066
-13.144294
-13.236214
-13.327821
-13.419108
-13.510069
-13.600696
-13.690984
-13.780926
-13.870517
-13.959749
-14.048616
-14.137112
-14.225232
-14.312967
-14.400314
-14.487264
-14.573813
-14.659953
-14.745680
-14.830986
-14.915866
-15.000314
-15.084324
-15.167890
-15.251007
-15.333667
-15.415866
-15.497597
-15.578855
-15.659634
-15.739929
-15.819733
-15.899042
-15.977848
-16.056148
-16.133936
-16.211205
-16.287950
-16.364167
-16.439850
-16.514992
-16.589590
-16.663638
-16.737130
-16.810061
-16.882427
-16.954222
-17.025441
-17.096078
-17.166130
-17.235591
-17.304457
-17.372721
-17.440380
-17.507429
-17.573863
-17.639677
-17.704867
-17.769427
-17.833355
-17.896644
-17.959291
-18.021291
-18.082640
-18.143333
-18.203367
-18.262736
-18.321437
-18.379466
-18.436818
-18.493489
-18.549476
-18.604775
-18.659381
-18.713290
-18.766500
-18.819006
-18.870804
-18.921891
-18.972264
-19.021918
-19.070850
-19.119057
-19.166535
-19.213281
-19.259292
-19.304564
-19.349094
-19.392879
-19.435917
-19.478203
-19.519735
-19.560511
-19.600526
-19.639779
-19.678266
-19.715985
-19.752934
-19.789108
-19.824507
-19.859128
-19.892967
-19.926023
-19.958294
-19.989777
-20.020469
-20.050369
-20.079475
-20.107784
-20.135295
-20.162006
-20.187914
-20.213018
-20.237316
-20.260806
-20.283487
-20.305358
-20.326416
-20.346660
-20.366089
-20.384701
-20.402495
-20.419469
-20.435624
-20.450956
-20.465466
-20.479153
-20.492014
-20.504050
-20.515260
-20.525642
-20.535197
-20.543923
-20.551819
-20.558886
-20.565123
-20.570528
-20.575103
-20.578846
-20.581758
-20.583837
-20.585085
-20.585500
-20.585083
-20.583834
-20.581753
-20.578840
-20.575096
-20.570520
-20.565112
-20.558874
-20.551806
-20.543908
-20.535181
-20.525625
-20.515241
-20.504030
-20.491993
-20.479129
-20.465442
-20.450930
-20.435596
-20.419440
-20.402464
-20.384669
-20.366055
-20.346625
-20.326380
-20.305320
-20.283449
-20.260766
-20.237274
-20.212974
-20.187869
-20.161960
-20.135248
-20.107736
-20.079425
-20.050318
-20.020416
-19.989722
-19.958238
-19.925966
-19.892909
-19.859068
-19.824446
-19.789046
-19.752870
-19.715920
-19.678199
-19.639711
-19.600457
-19.560440
-19.519663
-19.478130
-19.435842
-19.392803
-19.349017
-19.304485
-19.259212
-19.213200
-19.166452
-19.118973
-19.070765
-19.021831
-18.972176
-18.921803
-18.870714
-18.818915
-18.766408
-18.713197
-18.659286
-18.604679
-18.549379
-18.493391
-18.436718
-18.379365
-18.321335
-18.262633
-18.203262
-18.143228
-18.082533
-18.021183
-17.959182
-17.896534
-17.833244
-17.769315
-17.704753
-17.639562
-17.573747
-17.507312
-17.440262
-17.372602
-17.304337
-17.235470
-17.166008
-17.095955
-17.025317
-16.954097
-16.882301
-16.809934
-16.737002
-16.663509
-16.589460
-16.514861
-16.439718
-16.364034
-16.287817
-16.211070
-16.133800
-16.056012
-15.977711
-15.898903
-15.819594
-15.739789
-15.659493
-15.578713
-15.497454
-15.415722
-15.333523
-15.250862
-15.167745
-15.084178
-15.000167
-14.915718
-14.830837
-14.745530
-14.659803
-14.573662
-14.487112
-14.400161
-14.312814
-14.225078
-14.136958
-14.048461
-13.959593
-13.870360
-13.780769
-13.690826
-13.600538
-13.509910
-13.418949
-13.327661
-13.236054
-13.144133
-13.051904
-12.959376
-12.866553
-12.773442
-12.680051
-12.586385
-12.492452
-12.398257
-12.303808
-12.209111
-12.114173
-12.019000
-11.923600
-11.827978
-11.732143
-11.636100
-11.539856
-11.443418
-11.346794
-11.249989
-11.153010
-11.055865
-10.958560
-10.861102
-10.763498
-10.665755
-10.567880
-10.469879
-10.371760
-10.273530
-10.175195
-10.076762
-9.978239
-9.879632
-9.780948
-9.682194
-9.583377
-9.484505
-9.385584
-9.286620
-9.187622
-9.088596
-8.989549
-8.890488
-8.791420
-8.692352
-8.593291
-8.494244
-8.395218
-8.296220
-8.197257
-8.098336
-7.999463
-7.900647
-7.801893
-7.703210
-7.604603
-7.506080
-7.407647
-7.309312
-7.211082
-7.112963
-7.014963
-6.917088
-6.819346
-6.721742
-6.624285
-6.526980
-6.429835
-6.332857
-6.236053
-6.139428
-6.042991
-5.946748
-5.850705
-5.754870
-5.659250
-5.563850
-5.468678
-5.373741
-5.279044
-5.184596
-5.090402
-4.996469
-4.902804
-4.809413
-4.716303
-4.623481
-4.530953
-4.438726
-4.346805
-4.255199
-4.163912
-4.072952
-3.982325
-3.892037
-3.802095
-3.712505
-3.623273
-3.534406
-3.445910
-3.357791
-3.270056
-3.182710
-3.095760
-3.009212
-2.923072
-2.837345
-2.752039
-2.667160
-2.582712
-2.498702
-2.415137
-2.332021
-2.249361
-2.167163
-2.085432
-2.004174
-1.923395
-1.843101
-1.763297
-1.683989
-1.605183
-1.526883
-1.449097
-1.371828
-1.295083
-1.218866
-1.143184
-1.068042
-0.993445
-0.919398
-0.845906
-0.772975
-0.700610
-0.628816
-0.557597
-0.486960
-0.416909
-0.347448
-0.278583
-0.210320
-0.142661
-0.075613
-0.009180
0.056634
0.121823
0.186384
0.250310
0.313599
0.376246
0.438245
0.499593
0.560286
0.620319
0.679688
0.738388
0.796416
0.853768
0.910439
