-5.93230768
-5.894646996
-5.855074435
-5.841183919
-5.8463827
-5.85210908
-5.844334346
-5.832058502
-5.821822419
-5.81709109
-5.80380109
-5.775498412
-5.730770994
-5.685014114
-5.657710094
-5.625980331
-5.612334287
-5.602786112
-5.582338301
-5.54797614
-5.509152053
-5.461835136
-5.448332078
-5.469102287
-5.516213297
-5.560286691
-5.602684603
-5.672281889
-5.726803373
-5.765869834
-5.780014849
-5.754059062
-5.718321364
-5.696099928
-5.642731853
-5.577555218
-5.535023443
-5.514777917
-5.505999809
-5.496987369
-5.508547569
-5.514736745
-5.502750498
-5.521255861
-5.553430974
-5.582458547
-5.609643412
-5.641016686
-5.663643803
-5.670967433
-5.684669767
-5.698226607
-5.690486822
-5.665434744
-5.64039546
-5.607933848
-5.559662045
-5.488131336
-5.403004256
-5.321344573
-5.217504462
-5.126468954
-5.041761125
-5.005877196
-4.996569382
-5.013462384
-5.033228037
-5.047632926
-5.07493106
-5.110781279
-5.148618129
-5.187594712
-5.225456268
-5.242253492
-5.239934549
-5.249152739
-5.289959387
-5.327471285
-5.360481268
-5.388170343
-5.412626024
-5.423286036
-5.431857344
-5.436177766
-5.456253234
-5.478402656
-5.499348949
-5.509821582
-5.541237688
-5.602053821
-5.692231647
-5.799052443
-5.90393594
-6.017100714
-6.120843351
-6.204628081
-6.263182041
-6.323658132
-6.36121051
-6.396626818
-6.450743273
-6.515196094
-6.57130975
-6.610784723
-6.664782703
-6.713608473
-6.765466231
-6.831948676
-6.914009319
-6.990989588
-7.036781116
-7.060737956
-7.077353967
-7.093970366
-7.107561917
-7.134552055
-7.192732329
-7.224135661
-7.268853947
-7.314682688
-7.357270361
-7.384340369
-7.415521726
-7.457065558
-7.489275149
-7.523635613
-7.556885386
-7.600501476
-7.641957096
-7.68042673
-7.700105599
-7.746838532
-7.809062775
-7.877611564
-7.952415569
-8.026080111
-8.09565318
-8.170426319
-8.218221427
-8.254528679
-8.300035633
-8.344391439
-8.396151092
-8.470796374
-8.526588367
-8.578313969
-8.614563855
-8.653703938
-8.706606551
-8.748666501
-8.799405997
-8.86045166
-8.916245369
-8.957057279
-8.984634969
-9.01390008
-9.035121928
-9.0483139
-9.056334099
-9.056334099
-9.060343529
-9.079807849
-9.088982531
-9.096995838
-9.105007361
-9.12102506
-9.144475152
-9.157640239
-9.169126408
-9.187447644
-9.220078429
-9.261340993
-9.310568055
-9.366083251
-9.417583423
-9.456632913
-9.481400434
-9.489557323
-9.500529999
-9.506353454
-9.516159573
-9.539059519
-9.554501355
-9.57790193
-9.611564705
-9.648715964
-9.701267207
-9.765710677
-9.830826308
-9.879817593
-9.932296632
-9.974941417
-10.02386331
-10.0534414
-10.08418774
-10.13542213
-10.19452823
-10.25124422
-10.31266064
-10.36657083
-10.43068736
-10.49203122
-10.54704683
-10.57649113
-10.59963267
-10.62276597
-10.6474208
-10.68106492
-10.71706735
-10.77102939
-10.83750334
-10.92065996
-11.00998234
-11.08637159
-11.1409399
-11.17014469
-11.18414363
-11.19040766
-11.19427387
-11.19712383
-11.21781703
-11.26600954
-11.31802474
-11.36609948
-11.42807781
-11.49750303
-11.55295551
-11.58822508
-11.616038
-11.63114361
-11.63114361
-11.61222352
-11.59330626
-11.58940509
-11.58430144
-11.57042084
-11.56524717
-11.57524206
-11.57509773
-11.56234309
-11.58494563
-11.64167286
-11.694671
-11.75009936
-11.79263123
-11.81238947
-11.79067817
-11.76536939
-11.75648498
-11.75900817
-11.75629823
-11.75740109
-11.77734714
-11.78325979
-11.79427188
-11.80037308
-11.81038573
-11.8051741
-11.80616097
-11.80605609
-11.80465095
-11.8133578
-11.82683581
-11.82520353
-11.81095739
-11.77768703
-11.75689856
-11.72729671
-11.71315288
-11.70174112
-11.70174112
-11.69925315
-11.69034679
-11.67094786
-11.6226994
-11.55533292
-11.46153706
-11.39297036
-11.33996681
-11.28727866
-11.22960737
-11.19091163
-11.15087599
-11.10841058
-11.07085581
-11.04582559
-11.01210518
-10.98846577
-10.95844781
-10.9335428
-10.89477219
-10.87079705
-10.86198466
-10.85317312
-10.83316005
-10.81671994
-10.79543101
-10.79515038
-10.7920495
-10.799395
-10.77671477
-10.74042067
-10.69166303
-10.63782387
-10.55285173
-10.45886241
-10.35696933
-10.27375983
-10.18322758
-10.1040302
-10.04569892
-9.990248228
-9.955633446
-9.938527855
-9.932728021
-9.918350931
-9.896659603
-9.859799983
-9.809427572
-9.740450395
-9.655072796
-9.5802604
-9.504355541
-9.44378868
-9.395332868
-9.371649853
-9.365460425
-9.346894054
-9.326012096
-9.308836635
-9.285482777
-9.239241443
-9.185760652
-9.150829496
-9.111861739
-9.071832024
-9.040108459
-9.012431071
-8.977522374
-8.949849783
-8.921119792
-8.888339512
-8.843226772
-8.806391003
-8.770602339
-8.727593349
-8.709799782
-8.708396028
-8.690779964
-8.663115019
-8.630336279
-8.586284852
-8.535040113
-8.466383489
-8.373565744
-8.281606626
-8.187414527
-8.083015548
-7.986873504
-7.888772214
-7.816262485
-7.764179096
-7.713117757
-7.660055729
-7.617236162
-7.562205722
-7.519422388
-7.45833085
-7.399023369
-7.319290858
-7.225290583
-7.111376613
-6.976416305
-6.830638902
-6.709302594
-6.588094929
-6.474998742
-6.393197832
-6.323530559
-6.2761457
-6.233861691
-6.191593651
-6.161411972
-6.125204717
-6.084879733
-6.050594748
-6.004434934
-5.958288831
-5.898212305
-5.824047007
-5.753878903
-5.665708183
-5.575666577
-5.483634591
-5.387681999
-5.291778868
-5.213861117
-5.147974505
-5.070159382
-4.980441635
-4.88482415
-4.788383787
-4.692033774
-4.596675257
-4.507353138
-4.410109722
-4.304037394
-4.20025457
-4.091659284
-3.998854142
-3.933668633
-3.880364754
-3.8371733
-3.803210921
-3.762264154
-3.745700189
-3.712424001
-3.677258827
-3.643993075
-3.616638096
-3.570446713
-3.510298001
-3.425802153
-3.334108543
-3.245436994
-3.173453411
-3.141930782
-3.127094647
-3.101330195
-3.086492244
-3.070797054
-3.031046303
-2.993632569
-2.938047946
-2.871666641
-2.806257649
-2.721501284
-2.619646691
-2.508789765
-2.41792628
-2.321166375
-2.237904321
-2.168941592
-2.103300673
-2.04584758
-1.9957271
-1.952981978
-1.913490018
-1.869851267
-1.822053993
-1.780825695
-1.744522365
-1.732984486
-1.719774423
-1.690687726
-1.674154014
-1.650007631
-1.624124672
-1.593288067
-1.553454927
-1.511889494
-1.46698987
-1.415311337
-1.35281067
-1.29707157
-1.235465133
-1.184764994
-1.129002995
-1.072342854
-0.984821049
-0.892324923
-0.79484963
-0.68078678
-0.582503359
-0.474184297
-0.360802467
-0.250839475
-0.161651021
-0.094363841
-0.04189394
0.00445063
0.052621943
0.090757949
0.134005183
0.179600464
0.239491585
0.304411766
0.365089438
0.416474476
0.470094218
0.5086208
0.551348955
0.601008278
0.644120264
0.678826417
0.708484062
0.745787119
0.80082136
0.860841773
0.902378745
0.929659775
0.944594341
0.975262258
1.010177057
1.035816615
1.101478304
1.192129447
1.282762486
1.364224042
1.43072946
1.47006824
1.485088019
1.495116309
1.505100982
1.540095359
1.604386805
1.69872867
1.771573794
1.860227251
1.95969433
2.041278949
2.125074717
2.208920044
2.277761691
2.338790147
2.403402732
2.447925516
2.458671346
2.463694986
2.468718783
2.478068769
2.491747028
2.520506032
2.56435628
2.617588188
2.689590617
2.768753045
2.847273483
2.925844189
2.999421271
3.049864104
3.090228973
3.11546178
3.140698236
3.161573749
3.171682106
3.201303793
3.240350982
3.269984348
3.282125063
3.280775921
3.290881955
3.302344766
3.311782684
3.326944602
3.347162475
3.372437993
3.38390178
3.394037585
3.41562835
3.446675527
3.480107159
3.501074317
3.512622859
3.529895133
3.545171054
3.561758149
3.571934643
3.577023967
3.584113769
3.586167236
3.571087772
3.561074157
3.566225983
3.565700329
3.590446221
3.635406174
3.678354373
3.721963125
3.765589637
3.782826927
3.807520133
3.837292239
3.866399996
3.892489401
3.926770655
3.966813407
4.010616854
4.059478436
4.112070166
4.149481408
4.191338745
4.208532332
4.211225315
4.193656547
4.170993788
4.144512782
4.117310067
4.096480296
4.092776924
4.082028681
4.07256403
4.051682027
4.040932981
4.015010675
3.967530092
3.889699773
3.821375865
3.742968468
3.658202937
3.566683076
3.494118057
3.425892331
3.358934307
3.281717036
3.220369188
3.179349201
3.128342135
3.060114947
2.973715618
2.85996435
2.767192691
2.683820244
2.622820956
2.564640623
2.517236585
2.471976326
2.402923405
2.336021274
2.257585275
2.179144498
2.097837524
2.010722568
1.901201851
1.792391796
1.660346282
1.520043357
1.39121504
1.252026844
1.141126166
1.045317893
0.961810836
0.876738293
0.789641765
0.698918629
0.617104138
0.532818868
0.468823024
0.414966827
0.351786473
0.282744218
0.212961772
0.12884055
0.038110744
-0.05006081
-0.139868635
-0.244902194
-0.362054092
-0.501162585
-0.633662818
-0.780511958
-0.920647099
-1.036163343
-1.113561976
-1.185069785
-1.243857844
-1.3085693
-1.370996346
-1.456961858
-1.56073436
-1.668095801
-1.776321069
-1.885553475
-1.976081357
-2.062239294
-2.116158405
-2.176983709
-2.238769259
-2.29962511
-2.369714705
-2.452708485
-2.533955308
-2.627317207
-2.728127614
-2.840237908
-2.967545833
-3.107835175
-3.261991386
-3.418071962
-3.578964739
-3.740024963
-3.929522709
-4.129791348
-4.336264016
-4.538777612
-4.723033728
-4.921808352
-5.139204214
-5.326183931
-5.43185725
-5.450140581
-5.450140581
-5.450140581
-5.409339838
-5.366408466
-5.326359727
-5.207272334
-4.979960743
-4.696867839
-4.430831494
-4.190537387
-3.901366899
-3.638154358
-3.486938042
-3.4689853
-3.586327733
-3.814743355
-4.130747063
-4.521373795
-5.779606578
