7.870600
7.870484
7.870137
7.869559
7.868749
7.867707
7.866434
7.864930
7.863195
7.861228
7.859030
7.856601
7.853940
7.851049
7.847926
7.844573
7.840988
7.837173
7.833126
7.828849
7.824342
7.819603
7.814635
7.809435
7.804006
7.798346
7.792457
7.786337
7.779987
7.773408
7.766599
7.759560
7.752292
7.744795
7.737069
7.729114
7.720930
7.712517
7.703876
7.695006
7.685908
7.676582
7.667029
7.657247
7.647239
7.637003
7.626539
7.615849
7.604932
7.593789
7.582419
7.570823
7.559002
7.546954
7.534682
7.522184
7.509460
7.496513
7.483340
7.469944
7.456323
7.442479
7.428411
7.414120
7.399606
7.384869
7.369909
7.354728
7.339324
7.323699
7.307853
7.291786
7.275498
7.258989
7.242260
7.225312
7.208144
7.190757
7.173151
7.155326
7.137283
7.119023
7.100545
7.081849
7.062937
7.043808
7.024463
7.004903
6.985127
6.965135
6.944930
6.924509
6.903875
6.883028
6.861967
6.840693
6.819207
6.797509
6.775599
6.753479
6.731147
6.708605
6.685853
6.662892
6.639721
6.616342
6.592755
6.568959
6.544957
6.520747
6.496331
6.471709
6.446882
6.421849
6.396611
6.371170
6.345525
6.319676
6.293625
6.267371
6.240916
6.214259
6.187402
6.160344
6.133087
6.105630
6.077974
6.050120
6.022069
5.993820
5.965374
5.936732
5.907894
5.878862
5.849634
5.820213
5.790598
5.760790
5.730790
5.700597
5.670214
5.639640
5.608875
5.577921
5.546778
5.515446
5.483927
5.452220
5.420327
5.388247
5.355982
5.323532
5.290897
5.258079
5.225078
5.191894
5.158529
5.124982
5.091254
5.057346
5.023259
4.988993
4.954549
4.919927
4.885129
4.850154
4.815004
4.779679
4.744179
4.708506
4.672660
4.636642
4.600452
4.564091
4.527559
4.490858
4.453988
4.416950
4.379745
4.342372
4.304833
4.267129
4.229260
4.191227
4.153030
4.114671
4.076149
4.037467
3.998624
3.959621
3.920459
3.881138
3.841660
3.802025
3.762233
3.722287
3.682185
3.641930
3.601521
3.560960
3.520247
3.479383
3.438368
3.397205
3.355892
3.314432
3.272824
3.231070
3.189171
3.147126
3.104937
3.062606
3.020131
2.977515
2.934758
2.891860
2.848824
2.805648
2.762335
2.718885
2.675299
2.631577
2.587721
2.543731
2.499608
2.455353
2.410967
2.366450
2.321803
2.277028
2.232125
2.187094
2.141937
2.096655
2.051248
2.005717
1.960063
1.914287
1.868390
1.822372
1.776235
1.729979
1.683605
1.637114
1.590506
1.543784
1.496947
1.449996
1.402933
1.355758
1.308472
1.261075
1.213570
1.165956
1.118235
1.070407
1.022473
0.974435
0.926293
0.878047
0.829700
0.781251
0.732702
0.684054
0.635307
0.586462
0.537520
0.488483
0.439351
0.390125
0.340805
0.291394
0.241891
0.192297
0.142615
0.092843
0.042984
-0.006961
-0.056993
-0.107109
-0.157309
-0.207592
-0.257958
-0.308404
-0.358931
-0.409536
-0.460221
-0.510982
-0.561820
-0.612734
-0.663722
-0.714784
-0.765918
-0.817125
-0.868402
-0.919748
-0.971164
-1.022648
-1.074199
-1.125815
-1.177497
-1.229243
-1.281052
-1.332924
-1.384857
-1.436849
-1.488902
-1.541012
-1.593181
-1.645405
-1.697685
-1.750020
-1.802408
-1.854848
-1.907341
-1.959884
-2.012476
-2.065117
-2.117806
-2.170542
-2.223324
-2.276150
-2.329020
-2.381933
-2.434888
-2.487884
-2.540920
-2.593994
-2.647107
-2.700256
-2.753442
-2.806662
-2.859917
-2.913204
-2.966524
-3.019874
-3.073255
-3.126665
-3.180102
-3.233567
-3.287058
-3.340575
-3.394115
-3.447679
-3.501264
-3.554871
-3.608498
-3.662144
-3.715809
-3.769490
-3.823188
-3.876901
-3.930628
-3.984369
-4.038121
-4.091885
-4.145659
-4.199443
-4.253235
-4.307034
-4.360839
-4.414649
-4.468464
-4.522282
-4.576103
-4.629924
-4.683746
-4.737567
-4.791387
-4.845204
-4.899017
-4.952826
-5.006629
-5.060425
-5.114213
-5.167993
-5.221763
-5.275523
-5.329271
-5.383006
-5.436728
-5.490435
-5.544127
-5.597801
-5.651459
-5.705097
-5.758716
-5.812315
-5.865892
-5.919446
-5.972977
-6.026484
-6.079964
-6.133419
-6.186846
-6.240244
-6.293613
-6.346951
-6.400258
-6.453533
-6.506774
-6.559980
-6.613152
-6.666287
-6.719384
-6.772443
-6.825463
-6.878443
-6.931381
-6.984277
-7.037130
-7.089939
-7.142702
-7.195420
-7.248090
-7.300712
-7.353285
-7.405808
-7.458280
-7.510700
-7.563067
-7.615380
-7.667638
-7.719840
-7.771985
-7.824073
-7.876102
-7.928071
-7.979979
-8.031826
-8.083610
-8.135331
-8.186987
-8.238578
-8.290102
-8.341559
-8.392948
-8.444267
-8.495516
-8.546694
-8.597799
-8.648832
-8.699791
-8.750674
-8.801482
-8.852213
-8.902866
-8.953441
-9.003936
-9.054350
-9.104683
-9.154933
-9.205100
-9.255183
-9.305180
-9.355092
-9.404916
-9.454652
-9.504299
-9.553857
-9.603324
-9.652699
-9.701981
-9.751170
-9.800265
-9.849265
-9.898168
-9.946974
-9.995682
-10.044291
-10.092800
-10.141209
-10.189516
-10.237720
-10.285822
-10.333818
-10.381710
-10.429496
-10.477174
-10.524745
-10.572207
-10.619560
-10.666802
-10.713933
-10.760952
-10.807857
-10.854649
-10.901326
-10.947887
-10.994332
-11.040659
-11.086868
-11.132958
-11.178928
-11.224777
-11.270505
-11.316110
-11.361592
-11.406950
-11.452182
-11.497289
-11.542269
-11.587122
-11.631846
-11.676441
-11.720906
-11.765241
-11.809443
-11.853513
-11.897450
-11.941253
-11.984921
-12.028454
-12.071849
-12.115108
-12.158228
-12.201210
-12.244052
-12.286753
-12.329313
-12.371731
-12.414006
-12.456137
-12.498125
-12.539967
-12.581662
-12.623212
-12.664613
-12.705867
-12.746971
-12.787926
-12.828730
-12.869383
-12.909884
-12.950232
-12.990426
-13.030466
-13.070352
-13.110081
-13.149654
-13.189069
-13.228327
-13.267426
-13.306366
-13.345145
-13.383764
-13.422221
-13.460516
-13.498648
-13.536616
-13.574419
-13.612058
-13.649531
-13.686837
-13.723977
-13.760948
-13.797751
-13.834385
-13.870848
-13.907142
-13.943264
-13.979214
-14.014991
-14.050595
-14.086026
-14.121282
-14.156362
-14.191267
-14.225995
-14.260547
-14.294920
-14.329115
-14.363131
-14.396967
-14.430623
-14.464098
-14.497392
-14.530503
-14.563432
-14.596177
-14.628739
-14.661115
-14.693307
-14.725313
-14.757132
-14.788765
-14.820209
-14.851466
-14.882534
-14.913413
-14.944102
-14.974601
-15.004908
-15.035024
-15.064948
-15.094680
-15.124218
-15.153562
-15.182713
-15.211668
-15.240428
-15.268992
-15.297360
-15.325530
-15.353504
-15.381279
-15.408856
-15.436233
-15.463412
-15.490390
-15.517168
-15.543744
-15.570120
-15.596293
-15.622264
-15.648032
-15.673596
-15.698957
-15.724113
-15.749064
-15.773810
-15.798350
-15.822685
-15.846812
-15.870732
-15.894445
-15.917950
-15.941246
-15.964334
-15.987212
-16.009881
-16.032339
-16.054587
-16.076624
-16.098450
-16.120064
-16.141465
-16.162655
-16.183631
-16.204394
-16.224943
-16.245278
-16.265399
-16.285305
-16.304995
-16.324470
-16.343729
-16.362772
-16.381598
-16.400207
-16.418599
-16.436774
-16.454730
-16.472468
-16.489987
-16.507287
-16.524368
-16.541229
-16.557870
-16.574291
-16.590492
-16.606471
-16.622230
-16.637767
-16.653082
-16.668176
-16.683047
-16.697695
-16.712121
-16.726323
-16.740303
-16.754058
-16.767590
-16.780897
-16.793981
-16.806839
-16.819473
-16.831882
-16.844065
-16.856023
-16.867755
-16.879261
-16.890541
-16.901594
-16.912421
-16.923021
-16.933394
-16.943540
-16.953458
-16.963149
-16.972613
-16.981848
-16.990855
-16.999634
-17.008185
-17.016506
-17.024600
-17.032464
-17.040099
-17.047506
-17.054682
-17.061630
-17.068348
-17.074836
-17.081094
-17.087123
-17.092921
-17.098489
-17.103827
-17.108935
-17.113812
-17.118459
-17.122875
-17.127061
-17.131015
-17.134739
-17.138232
-17.141494
-17.144525
-17.147324
-17.149893
-17.152230
-17.154337
-17.156212
-17.157855
-17.159267
-17.160448
-17.161398
-17.162116
-17.162603
-17.162858
-17.162882
-17.162674
-17.162235
-17.161565
-17.160663
-17.159530
-17.158165
-17.156569
-17.154742
-17.152683
-17.150393
-17.147872
-17.145120
-17.142137
-17.138922
-17.135477
-17.131801
-17.127894
-17.123756
-17.119387
-17.114788
-17.109958
-17.104898
-17.099607
-17.094086
-17.088335
-17.082354
-17.076143
-17.069702
-17.063032
-17.056131
-17.049002
-17.041643
-17.034055
-17.026238
-17.018191
-17.009917
-17.001413
-16.992681
-16.983721
-16.974533
-16.965116
-16.955472
-16.945601
-16.935502
-16.925175
-16.914622
-16.903842
-16.892835
-16.881602
-16.870142
-16.858457
-16.846545
-16.834408
-16.822046
-16.809459
-16.796646
-16.783609
-16.770348
-16.756862
-16.743153
-16.729220
-16.715063
-16.700683
-16.686081
-16.671256
-16.656208
-16.640938
-16.625447
-16.609734
-16.593800
-16.577645
-16.561269
-16.544673
-16.527857
-16.510822
-16.493566
-16.476092
-16.458400
-16.440488
-16.422359
-16.404012
-16.385447
-16.366666
-16.347668
-16.328453
-16.309022
-16.289376
-16.269515
-16.249438
-16.229147
-16.208642
-16.187923
-16.166991
-16.145845
-16.124487
-16.102917
-16.081135
-16.059141
-16.036937
-16.014522
-15.991896
-15.969061
-15.946017
-15.922763
-15.899301
-15.875631
-15.851754
-15.827669
-15.803377
-15.778879
-15.754176
-15.729267
-15.704153
-15.678834
-15.653312
-15.627586
-15.601657
-15.575525
-15.549191
-15.522656
-15.495920
-15.468982
-15.441845
-15.414509
-15.386973
-15.359238
-15.331306
-15.303176
-15.274848
-15.246325
-15.217605
-15.188690
-15.159580
-15.130275
-15.100777
-15.071086
-15.041201
-15.011125
-14.980856
-14.950397
-14.919747
-14.888907
-14.857878
-14.826660
-14.795254
-14.763660
-14.731879
-14.699912
-14.667758
-14.635420
-14.602896
-14.570189
-14.537298
-14.504224
-14.470968
-14.437530
-14.403911
-14.370112
-14.336133
-14.301975
-14.267638
-14.233123
-14.198432
-14.163563
-14.128519
-14.093299
-14.057904
-14.022336
-13.986594
-13.950679
-13.914593
-13.878335
-13.841906
-13.805307
-13.768539
-13.731602
-13.694498
-13.657225
-13.619787
-13.582182
-13.544412
-13.506478
-13.468380
-13.430119
-13.391695
-13.353109
-13.314363
-13.275456
-13.236390
-13.197165
-13.157782
-13.118241
-13.078544
-13.038691
-12.998683
-12.958520
-12.918203
-12.877734
-12.837112
-12.796339
-12.755416
-12.714342
-12.673119
-12.631748
-12.590229
-12.548563
-12.506751
-12.464794
-12.422692
-12.380446
-12.338058
-12.295527
-12.252855
-12.210042
-12.167089
-12.123997
-12.080767
-12.037399
-11.993895
-11.950255
-11.906480
-11.862570
-11.818527
-11.774352
-11.730045
-11.685607
-11.641038
-11.596340
-11.551514
-11.506560
-11.461479
-11.416273
-11.370941
-11.325484
-11.279905
-11.234202
-11.188378
-11.142433
-11.096367
-11.050183
-11.003880
-10.957459
-10.910922
-10.864269
-10.817500
-10.770618
-10.723623
-10.676515
-10.629296
-10.581966
-10.534526
-10.486977
-10.439321
-10.391557
-10.343687
-10.295712
-10.247632
-10.199449
-10.151163
-10.102775
-10.054286
-10.005698
-9.957010
-9.908224
-9.859341
-9.810361
-9.761286
-9.712116
-9.662853
-9.613497
-9.564049
-9.514510
-9.464881
-9.415163
-9.365357
-9.315463
-9.265484
-9.215418
-9.165269
-9.115035
-9.064720
-9.014322
-8.963844
-8.913285
-8.862648
-8.811933
-8.761141
-8.710273
-8.659330
-8.608312
-8.557222
-8.506058
-8.454824
-8.403519
-8.352145
-8.300702
-8.249191
-8.197614
-8.145972
-8.094264
-8.042493
-7.990659
-7.938763
-7.886806
-7.834790
-7.782714
-7.730581
-7.678390
-7.626143
-7.573842
-7.521486
-7.469077
-7.416615
-7.364103
-7.311540
-7.258928
-7.206268
-7.153560
-7.100806
-7.048006
-6.995163
-6.942275
-6.889346
-6.836374
-6.783363
-6.730311
-6.677222
-6.624094
-6.570930
-6.517731
-6.464497
-6.411229
-6.357929
-6.304597
-6.251234
-6.197842
-6.144421
-6.090972
-6.037497
-5.983995
-5.930470
-5.876920
-5.823348
-5.769753
-5.716138
-5.662504
-5.608850
-5.555179
-5.501491
-5.447787
-5.394068
-5.340335
-5.286590
-5.232833
-5.179064
-5.125287
-5.071500
-5.017705
-4.963903
-4.910096
-4.856284
-4.802467
-4.748648
-4.694827
-4.641005
-4.587184
-4.533363
-4.479544
-4.425729
-4.371917
-4.318111
-4.264310
-4.210517
-4.156732
-4.102956
-4.049190
-3.995435
-3.941691
-3.887961
-3.834245
-3.780544
-3.726859
-3.673191
-3.619541
-3.565910
-3.512299
-3.458709
-3.405141
-3.351596
-3.298075
-3.244578
-3.191108
-3.137664
-3.084249
-3.030862
-2.977505
-2.924179
-2.870885
-2.817624
-2.764396
-2.711203
-2.658046
-2.604926
-2.551844
-2.498800
-2.445796
-2.392833
-2.339911
-2.287032
-2.234196
-2.181405
-2.128660
-2.075962
-2.023310
-1.970708
-1.918154
-1.865652
-1.813200
-1.760801
-1.708456
-1.656164
-1.603928
-1.551748
-1.499626
-1.447561
-1.395556
-1.343611
-1.291727
-1.239905
-1.188146
-1.136451
-1.084820
-1.033256
-0.981758
-0.930329
-0.878967
-0.827676
-0.776455
-0.725306
-0.674229
-0.623226
-0.572297
-0.521443
-0.470665
-0.419965
-0.369343
-0.318800
-0.268337
-0.217955
-0.167655
-0.117438
-0.067304
-0.017255
0.032708
0.082585
0.132375
0.182076
0.231687
0.281209
0.330640
0.379978
0.429224
0.478375
0.527432
0.576393
0.625258
0.674025
0.722694
0.771264
0.819733
0.868102
0.916368
0.964532
1.012592
1.060547
1.108396
1.156140
1.203776
1.251304
1.298722
1.346031
1.393229
1.440316
1.487290
1.534150
1.580896
1.627527
1.674042
1.720440
1.766721
1.812883
1.858925
1.904847
1.950649
1.996328
2.041884
2.087316
2.132625
2.177807
2.222864
2.267794
2.312595
2.357268
2.401812
2.446225
2.490507
2.534657
2.578675
2.622559
2.666308
2.709922
2.753401
2.796742
2.839946
2.883011
2.925937
2.968723
3.011369
3.053872
3.096234
3.138452
3.180526
3.222456
3.264240
3.305878
3.347368
3.388711
3.429906
3.470951
3.511846
3.552590
3.593182
3.633623
3.673910
3.714043
3.754022
3.793845
3.833512
3.873023
3.912376
3.951571
3.990607
4.029483
4.068198
4.106753
4.145146
4.183376
4.221443
4.259346
4.297084
4.334657
4.372064
4.409304
4.446377
4.483281
4.520017
4.556583
4.592979
4.629205
4.665258
4.701140
4.736849
4.772384
4.807745
4.842932
4.877943
4.912777
4.947435
4.981916
5.016219
5.050343
5.084287
5.118052
5.151636
5.185040
5.218261
5.251300
5.284156
5.316828
5.349316
5.381619
5.413737
5.445669
5.477414
5.508972
5.540343
5.571525
5.602518
5.633321
5.663935
5.694358
5.724589
5.754629
5.784477
5.814131
5.843593
5.872860
5.901933
5.930811
5.959493
5.987979
6.016269
6.044361
6.072256
6.099952
6.127450
6.154749
6.181848
6.208746
6.235444
6.261941
6.288236
6.314329
6.340219
6.365907
6.391390
6.416670
6.441744
6.466614
6.491279
6.515737
6.539989
6.564035
6.587872
6.611503
6.634925
6.658138
6.681143
6.703938
6.726523
6.748898
6.771062
6.793015
6.814757
6.836287
6.857604
6.878709
6.899600
6.920279
6.940743
6.960993
6.981028
7.000849
7.020454
7.039843
7.059016
7.077973
7.096713
7.115236
7.133542
7.151629
7.169499
7.187150
7.204582
7.221795
7.238789
7.255563
7.272117
7.288450
7.304563
7.320455
7.336126
7.351575
7.366802
7.381807
7.396590
7.411150
7.425487
7.439601
7.453491
7.467158
7.480601
7.493819
7.506813
7.519582
7.532127
7.544446
7.556540
7.568408
7.580050
7.591467
7.602657
7.613620
7.624357
7.634867
7.645150
7.655205
7.665034
7.674634
7.684007
7.693152
7.702068
7.710756
7.719216
7.727447
7.735450
7.743223
7.750767
7.758083
7.765168
7.772025
7.778651
7.785048
7.791215
7.797152
7.802860
7.808336
7.813583
7.818599
7.823385
7.827940
7.832265
7.836358
7.840221
7.843853
7.847255
7.850425
7.853364
7.856072
7.858549
7.860794
7.862809
7.864592
7.866144
7.867464
7.868553
7.869411
7.870037
7.870432
7.870595
7.870527
7.870228
7.869697
7.868934
7.867941
7.866715
7.865259
7.863571
7.861652
7.859501
7.857120
7.854507
7.851663
7.848588
7.845282
7.841745
7.837977
7.833978
7.829749
7.825288
7.820598
7.815676
7.810525
7.805143
7.799530
7.793688
7.787616
7.781313
7.774781
7.768019
7.761028
7.753807
7.746357
7.738678
7.730770
7.722633
7.714268
7.705673
7.696851
7.687800
7.678521
7.669014
7.659280
7.649318
7.639129
7.628712
7.618069
7.607199
7.596102
7.584779
7.573229
7.561454
7.549453
7.537227
7.524775
7.512098
7.499197
7.486071
7.472720
7.459146
7.445347
7.431326
7.417080
7.402612
7.387921
7.373007
7.357872
7.342514
7.326934
7.311134
7.295112
7.278869
7.262406
7.245723
7.228819
7.211697
7.194354
7.176793
7.159014
7.141016
7.122800
7.104367
7.085716
7.066848
7.047764
7.028464
7.008948
6.989216
6.969269
6.949107
6.928731
6.908141
6.887337
6.866320
6.845090
6.823648
6.801994
6.780128
6.758050
6.735762
