45.25932802
45.27478867
45.27894316
45.27418234
45.27340149
45.2759762
45.27203931
45.26577973
45.22630505
45.19454655
45.17801317
45.18844844
45.17834179
45.16685257
45.16685257
45.17084998
45.18684162
45.21083506
45.24337248
45.26769136
45.27262514
45.27467686
45.2857279
45.27646926
45.26090985
45.25710251
45.25793609
45.23348556
45.21046487
45.22069705
45.2232296
45.2243916
45.21914148
45.21399115
45.20634273
45.19887221
45.18867767
45.18283466
45.18683319
45.18221205
45.17460177
45.1735162
45.16261043
45.15708796
45.15751059
45.17670844
45.18969661
45.17705238
45.14682891
45.12947388
45.1163924
45.1174206
45.09370945
45.08319208
45.08325309
45.08221879
45.07400004
45.06904745
45.05400299
45.03787828
45.02022058
44.99138944
44.96834824
44.94347211
44.92201462
44.90397902
44.86157602
44.83516748
44.8028344
44.80499002
44.79860488
44.78748049
44.77083617
44.75830682
44.77300933
44.7865187
44.77699487
44.75345605
44.72719299
44.71109474
44.69598125
44.70682799
44.7185425
44.70737468
44.70493913
44.71654914
44.73060449
44.74217323
44.74081117
44.75865461
44.7716123
44.7592291
44.73313538
44.71264665
44.71245498
44.73366286
44.72051857
44.69968887
44.65647447
44.63455803
44.63503691
44.64561456
44.63475713
44.61299271
44.5758895
44.54427362
44.49191644
44.42537831
44.39444893
44.38920145
44.36985374
44.34605663
44.32501995
44.31370912
44.32795889
44.36068787
44.362747
44.34527179
44.3201214
44.29539833
44.2546945
44.1972973
44.13445579
44.09234459
44.0503178
44.03285822
44.02990431
44.02419621
44.0149755
44.00016603
43.98694617
43.97268152
43.95694211
43.94047773
43.90262011
43.86575477
43.85773596
43.86100025
43.88617771
43.89967784
43.90054138
43.88262221
43.85098434
43.82831125
43.80877358
43.82056078
43.82865245
43.82219983
43.7773738
43.72571045
43.68728878
43.68404857
43.72690278
43.76625957
43.76499177
43.77793748
43.78059751
43.79369406
43.79901453
43.79175871
43.80187522
43.81918654
43.83388876
43.85998097
43.86963428
43.88250777
43.88688905
43.90275088
43.91931663
43.93260088
43.94757942
43.96676561
43.96564718
43.96578469
43.96763083
43.97902999
44.00863453
44.08383567
44.14343935
44.19403584
44.22731775
44.25780476
44.24554591
44.23884612
44.23370079
44.23712518
44.2469799
44.26577391
44.26571591
44.26426026
44.25621122
44.23562514
44.20408931
44.1828401
44.16151363
44.17642855
44.21164168
44.25574743
44.28692571
44.32110325
44.34545753
44.37232014
44.40001743
44.43798334
44.47249524
44.5112434
44.52429883
44.5341544
44.53814933
44.54357269
44.56463064
44.57340962
44.59104468
44.60756896
44.63610839
44.64539572
44.6605485
44.67855069
44.68444269
44.69669079
44.74711697
44.82383852
44.90625878
44.99002855
45.051818
45.10269491
45.11593781
45.12177691
45.10196614
45.10416295
45.11430008
45.11753121
45.1278306
45.12978701
45.1391367
45.16900749
45.20329705
45.23081144
45.25395111
45.2939374
45.34427472
45.38781525
45.38213861
45.37872323
45.39057772
45.39943471
45.41212145
45.4273255
45.45967051
45.48286667
45.51051961
45.51899287
45.52929351
45.53764246
45.53999474
45.54809438
45.55794629
45.58508794
45.62019676
45.64229108
45.64721407
45.65991611
45.66113206
45.67175745
45.68614385
45.71617185
45.74349434
45.77132955
45.78807394
45.82487761
45.85709033
45.9006546
45.93904625
45.99155923
46.02460998
46.04805106
46.06972024
46.09548877
46.13355017
46.15898498
46.15957823
46.16023291
46.16030451
46.17351474
46.18302057
46.19423723
46.19936912
46.20340297
46.20178084
46.21618895
46.23035315
46.24963428
46.27421761
46.28353194
46.3042253
46.31723504
46.3281252
46.3422688
46.35935694
46.38696815
46.42600381
46.47437562
46.5173931
46.55955089
46.59657263
46.62566181
46.65971361
46.6743649
46.69967243
46.73226449
46.75915682
46.76075568
46.75787216
46.74414322
46.75082536
46.75856469
46.78292154
46.82509577
46.87639263
46.93157354
46.97478305
47.02152601
47.08571179
47.13555235
47.1732923
47.19963521
47.22575616
47.23413434
47.24264814
47.23397465
47.24140998
47.22410217
47.22285153
47.21851734
47.23669784
47.25593994
47.28621971
47.30829484
47.34173715
47.37948711
47.40865358
47.41598785
47.43093914
47.44313511
47.46285391
47.49261013
47.51520048
47.53705062
47.55686189
47.56780859
47.58230025
47.60230247
47.61378344
47.63915148
47.66131499
47.68734233
47.7094234
47.73436348
47.75585373
47.78196211
47.80006705
47.82783765
47.86082196
47.90261292
47.93501717
47.94697301
47.97540487
47.99924814
48.01866902
48.03940948
48.06094759
48.0634828
48.05494421
48.02340811
48.0109921
47.99781538
48.00626204
48.0121569
48.02886288
48.05049855
48.06132884
48.08440984
48.12142115
48.16939399
48.22510677
48.28241675
48.32322405
48.34785716
48.35725678
48.36920545
48.37370502
48.41411495
48.46312556
48.50558244
48.55434345
48.60693608
48.67133698
48.7373978
48.79179146
48.87019519
48.93938125
48.99634683
49.02797353
49.04092162
49.03899687
49.03604136
49.04698707
49.07600731
49.14469036
49.22061615
49.29424436
49.35881765
49.40643294
49.44828064
49.46552258
49.48728422
49.49904636
49.50499858
49.53605559
49.5475403
49.56913409
49.57396903
49.5662042
49.58367336
49.60073362
49.62694617
49.65655267
49.69429338
49.71941516
49.72298521
49.68013673
49.6212897
49.5899881
49.58572671
49.57847592
49.54906831
49.52262933
49.4978739
49.49394333
49.45732489
49.40924189
49.33899837
49.27449898
49.2084171
49.15296451
49.12342849
49.12553253
49.12235145
49.06659427
49.02001802
48.97414891
48.94943634
48.93853517
48.93667609
48.92399619
48.88717343
48.86352506
48.84183531
48.80682317
48.78768349
48.77212531
48.78620196
48.80911855
48.82251867
48.8051979
48.76275405
48.71192438
48.65753444
48.6219963
48.60120361
48.58732326
48.5704415
48.53666224
48.50020101
48.4617555
48.41050105
48.3471558
48.30919133
48.28477136
48.26190125
48.24612221
48.23549101
48.22994034
48.21866422
48.20911061
48.19504478
48.19070142
48.18553461
48.18691611
48.19171809
48.17562226
48.15336158
48.11531331
48.05924852
48.01116054
47.97613194
47.94084068
47.89083869
47.8238437
47.73847106
47.65271791
47.59179367
47.53206303
47.49386095
47.47984157
47.46984601
47.4505042
47.42770751
47.40148699
47.3649286
47.32709588
47.28496429
47.2137143
47.13806523
47.06267223
46.98105029
46.88288181
46.78773791
46.71263567
46.61419283
46.52662173
46.459331
46.42283067
46.39047389
46.35467302
46.32915618
46.30967547
46.29387545
46.28967315
46.28074776
46.27553662
46.25609112
46.19497799
46.01201913
45.68309807
45.19015058
44.64472571
44.06605937
43.45041084
42.67089628
42.03147899
41.51984743
41.1662014
40.83812437
40.50297493
40.25166205
40.03841909
39.92667962
39.85693739
39.87207017
39.89567909
39.89517653
39.92016458
39.93704844
39.968233
39.99084916
40.00131392
40.02991629
40.08435013
40.22535618
40.42549236
40.64712664
40.89464072
41.17006777
41.44452779
41.67392597
41.80734773
41.91937488
41.98901323
42.05145596
42.1375149
42.239529
42.34631424
42.48347629
42.69631143
42.9270623
43.16325517
43.41295004
43.65097879
43.88956976
44.10430053
44.29151037
44.44180677
44.57654752
44.68538503
44.79389554
44.88851704
44.95577634
45.00020643
45.04449412
45.06125348
45.06136853
45.07508375
45.06939176
45.07261904
45.08595082
45.06864822
45.0454821
45.02786967
45.01530904
45.02070837
45.01332747
45.02948226
45.05275507
45.05447137
45.04452467
45.04779743
45.05372535
45.05198588
45.05259537
45.04742462
45.05228458
45.06907679
45.1109361
45.15726684
45.20116264
45.23007979
45.24949542
45.27127226
45.29126891
45.2938742
45.27397719
45.26415167
45.25810229
45.25160399
45.23698768
45.22091384
45.21816647
45.21215212
45.21510285
45.21368669
45.2082691
45.19477631
45.18418655
45.1855737
45.17851929
45.16478381
45.14513766
45.12587026
45.11476755
45.09098096
45.04377021
44.976582
44.90696404
44.86214931
44.82942291
44.83720189
44.85500666
44.87734368
44.872227
44.8543708
44.82872825
44.79462607
44.79614574
44.8088032
44.80412774
44.8085083
44.81588356
44.81905248
44.78921141
44.76542129
44.7673174
44.78937767
44.83123402
44.8680431
44.87593683
44.83080762
44.81064417
44.81047409
44.81560101
44.80137546
44.76761395
44.7580675
44.74525361
44.73732361
44.72298094
44.69764184
44.66303764
44.60489306
44.56063211
44.53359865
44.52608194
44.52908739
44.52456815
44.4941951
44.44288518
44.38015476
44.31962942
44.28609362
44.25213839
44.22076492
44.18982287
44.19496147
44.21584465
44.231817
44.22476119
44.19147403
44.15875826
44.16884148
44.18433374
44.21723203
44.25798782
44.31477709
44.38734002
44.46586202
44.52028999
44.53501702
44.51873535
44.51797384
44.55095479
44.59812252
44.63425433
44.64705957
44.65805186
44.67273172
44.69111925
44.70512821
44.70254766
44.68828813
44.66470547
44.63460538
44.59232461
44.54859674
44.50801651
44.48136495
44.45459449
44.44142361
44.44741274
44.45483311
44.45158818
44.45158818
44.45357919
44.44447459
44.44210988
44.42859835
44.41772164
44.40427493
44.39167953
44.40582273
44.41570867
44.42570483
44.44765039
44.49052594
44.53828594
44.58424162
44.63585953
44.66798232
44.70042866
44.73942471
44.77633141
44.80680889
44.82872311
44.84435313
44.85567311
44.87145231
44.90906739
44.95569023
44.98682111
45.00641751
45.02233393
45.04962807
45.09816329
45.13819287
45.18124299
45.20052229
45.21313088
45.23111245
45.24836092
45.25921288
45.27719116
45.27715227
45.29133824
45.31320105
45.34990614
45.39405278
45.40582074
45.41790431
45.43075581
45.45174821
45.47814379
45.50237066
45.50376533
45.49759065
45.50572065
45.51658151
45.54185321
45.59228807
45.63442228
45.65153697
45.65134573
45.65568551
45.67051821
45.68479541
45.71950426
45.75360885
45.79364066
45.82077528
45.83747658
45.84924597
45.85245104
45.88605833
45.9383158
46.01452405
46.07729048
46.12581162
46.16815047
46.198315
46.22605803
46.25775147
46.26668891
46.2837962
46.28671144
46.28474134
46.28693636
46.29558557
46.28683358
46.27689116
46.2978657
46.34609782
46.38834193
46.4418903
46.49869867
46.54621047
46.57428749
46.60704526
46.62772247
46.64351332
46.65618512
46.68259827
46.68413673
46.68034407
46.69252084
46.70156989
46.72196829
46.73407758
46.75891323
46.79838549
46.84727434
46.89726601
46.9248553
46.95287596
46.96464547
46.96059048
46.95885388
46.96328055
46.9765616
46.98069579
46.9892028
46.97994217
46.94363112
46.92947776
46.9271035
46.93069811
46.95861407
46.99754121
47.04103163
47.07379996
47.08171926
47.0683154
47.04258325
47.02728342
47.02146107
47.03647463
47.04957883
47.06329192
47.0459409
47.02958168
47.01429089
47.0189053
47.04314268
47.05058059
47.06185591
47.07010654
47.08097375
47.08196715
47.09956587
47.10988064
47.12737119
47.14339359
47.17437618
47.21355928
47.26631282
47.32430734
47.36930191
47.41627266
47.4677429
47.51618277
47.57944516
47.63046194
47.68987944
47.72931519
47.7824102
47.81536983
47.85450416
47.89925797
47.94910148
47.98860683
48.02890347
48.05668668
48.07852716
48.10940609
48.14046293
48.16397633
48.19500774
48.22002521
48.24758866
48.25175516
48.25600839
48.27010868
48.25172081
48.20328761
48.16059118
48.13137649
48.11808984
48.12575565
48.12208454
48.12508873
48.12552144
48.11047496
48.09663049
48.07642495
48.06282576
48.06629366
48.05742029
48.04661677
48.04150226
48.01099622
47.95001505
47.88333151
47.83992979
47.79846355
47.75369841
47.69224038
47.62854282
47.5676367
47.50989416
47.44860579
47.41117978
47.37756581
47.3563295
47.36257782
47.36606565
47.35503077
47.3255076
47.30598421
47.30896375
47.31703093
47.32319658
47.32911959
47.32179107
47.31271236
47.30573504
47.28057112
47.23851426
47.21898594
47.18817838
47.16018589
47.1141449
47.0712512
47.05854139
47.03833062
46.98969144
46.92259215
46.84817493
46.78057603
46.73721585
46.70060814
46.66289455
46.62237235
46.60260015
46.57023362
46.50693323
46.45031461
46.39674567
46.34397746
46.30464099
46.26915949
46.23620541
46.20327544
46.13322059
46.05145575
45.97379762
45.88678863
45.83543037
45.81203295
45.81151982
45.81456247
45.72274557
45.44896283
44.93513534
44.19854456
43.43894474
42.68886507
41.81699697
40.98495983
40.38907841
40.01521911
39.86652924
39.78237312
39.75332455
39.69217321
39.63775345
39.62889441
39.61736683
39.64427164
39.60097186
39.60678458
39.69485293
39.79703218
39.96288763
40.13921649
40.3752214
40.64857573
40.94139973
41.21562288
41.50081488
41.77473706
41.98060098
42.17839835
42.40817703
42.62861591
42.84312791
43.03210594
43.23299764
43.43847422
43.63257663
43.83369967
44.03555573
44.27245508
44.49306262
44.67354018
44.8143367
44.91700187
44.95451862
44.94185521
44.94738174
44.95636389
44.9835438
44.98798475
44.99293904
44.99237572
44.98307728
44.97434043
44.97274317
44.97274317
44.97274317
44.97274317
44.99107763
45.02602249
45.08017375
45.15818598
45.21125088
45.26848636
45.32425864
45.33952396
45.33379169
45.36127577
45.41180796
45.45542411
45.46059846
45.45875101
45.45136534
45.45989309
45.4566919
45.44461179
45.41731919
45.38811166
45.36369338
45.35073485
45.33069398
45.31009106
45.29500807
45.27408593
45.27100378
45.26673195
45.26160887
45.25586015
45.25724958
45.23785962
45.21738176
45.1734135
45.15560238
45.12422866
45.10998534
45.10137858
45.09216917
45.0636652
45.02684816
44.98158212
44.95668552
44.94204363
44.94689824
44.95126798
44.93098234
44.9023343
44.88902815
44.89895624
44.92439935
44.9340207
44.93051366
44.94308561
44.95119318
44.97037629
44.96896013
44.96143462
44.9652477
44.94064862
44.9103834
44.90503015
44.89975872
44.90495423
44.86987854
44.83867495
44.8070138
44.77091729
44.73315711
44.71358813
44.70035575
44.69173889
44.70236864
44.72687658
44.7310827
44.73633776
44.7452435
44.75314833
44.76546362
44.7695836
44.76033372
44.76122047
44.79800452
44.84180213
44.90525438
44.97959997
45.0583142
45.11852555
45.15164271
45.16387798
45.15929861
45.13805548
45.10933892
45.09440093
45.0822572
45.08324867
45.12275193
45.19066608
45.26408862
45.32980923
45.39033185
45.42354524
45.43081592
45.43137783
45.43118772
45.42880165
45.42943889
45.42425814
45.43256831
45.45176516
45.47983814
45.49823208
45.50027659
45.49745886
45.49479087
45.50265646
45.54095464
45.5923927
45.64415837
45.66500192
45.65242358
45.64477881
45.64686298
45.6417861
45.63692197
45.63690319
45.643793
45.65526864
45.67905461
45.73723123
45.79135518
45.84432159
45.88517654
45.90515505
45.93447916
45.96240341
45.98441716
45.99609247
46.00018025
45.9886221
45.9933072
46.0149051
46.04316301
46.06717068
46.08962207
46.10663473
46.13124439
46.17041195
46.21680376
46.26142045
46.3168283
46.3764101
46.43374753
46.48162596
46.52039344
46.54075834
46.55165009
46.57416802
46.61164086
46.60822436
46.59916681
46.5970158
46.59102034
46.58593617
46.5826749
46.59869299
46.6490473
46.71981685
46.79003748
46.84371963
46.90053288
46.93856421
46.96754873
47.00349994
47.03766802
47.05246765
47.08001914
47.11124071
47.14642442
47.18400707
47.23417551
47.30068752
47.37860091
47.44413339
47.50120868
47.5327574
47.53427933
47.49557349
47.44817296
47.40534026
47.39855396
47.4255423
47.43534367
47.4296074
47.3973683
47.36623709
47.32797432
47.27859816
47.26584572
47.2472175
47.24130471
47.2308413
47.24372577
47.27272063
47.27339207
47.24588614
47.17951661
47.12382241
47.05616716
46.98390407
46.928451
46.90097719
46.88408579
46.84342312
46.76737941
46.68170062
46.6092497
46.56526732
46.53956081
46.53744501
46.50827557
46.47271219
46.4431723
46.44377263
46.44399828
46.42546026
46.41809534
46.40979261
46.40763068
46.40587605
46.38699334
46.35519119
46.31795415
46.29077487
46.25361658
46.20284848
46.10697082
45.98890751
45.93173336
45.93258623
45.92601542
45.92411645
45.91547822
45.910268
45.88942828
45.86338127
45.82524676
45.69630829
45.44289613
44.96674888
44.36162268
43.83927037
43.37510093
42.73370272
41.99321384
41.23678153
40.4554472
39.6149055
38.65010009
37.61341861
36.37533452
34.96479139
33.41982787
31.78302048
30.18415942
28.59721432
27.08862155
25.65400871
24.4299338
23.34902749
22.30641779
21.26184968
