9.0201
8.8640
8.6901
8.5326
8.3585
8.1365
7.9072
7.7258
7.6324
7.6728
7.8268
8.0662
8.3074
8.5015
8.6174
8.6637
8.6755
8.6499
8.6061
8.5322
8.4333
8.3082
8.1854
8.1014
8.0466
8.0192
7.9891
7.9371
7.8194
7.5602
7.2047
6.7702
6.3588
6.0205
5.7863
5.6805
5.6009
5.5523
5.5520
5.5886
5.6204
5.6589
5.7232
5.7896
5.8338
5.8703
5.9089
5.9622
6.0147
6.1041
6.1965
6.2963
6.4001
6.5152
6.6266
6.7195
6.8014
6.8870
6.9489
6.9871
7.0206
7.0493
7.0708
7.0854
7.0915
7.0497
6.9726
6.8604
6.7185
6.5725
6.4388
6.3170
6.1744
6.0028
5.8189
5.6241
5.4700
5.3694
5.3034
5.2634
5.2319
5.2011
5.1481
5.0840
4.9873
4.8653
4.7551
4.6599
4.5740
4.4792
4.3830
4.2935
4.2148
4.1385
4.0342
3.9349
3.8198
3.7023
3.5711
3.4799
3.4158
3.3566
3.3249
3.3204
3.3028
3.3102
3.2996
3.2582
3.1799
3.0628
2.9287
2.8088
2.6965
2.6250
2.5745
2.5495
2.5436
2.5246
2.4827
2.4025
2.2964
2.1613
2.0287
1.9115
1.7892
1.6466
1.4928
1.3259
1.1401
0.9658
0.7637
0.5898
0.4756
0.4446
0.4446
0.4485
0.4448
0.4192
0.3973
0.3936
0.3712
0.3149
0.2472
0.1253
-0.0051
-0.1388
-0.2624
-0.3380
-0.3764
-0.3988
-0.4149
-0.4307
-0.4527
-0.4983
-0.5964
-0.7497
-0.9684
-1.2146
-1.4793
-1.7152
-1.8691
-1.9539
-2.0030
-2.0251
-2.0325
-2.0361
-2.0361
-2.0505
-2.0828
-2.1393
-2.2213
-2.3107
-2.4202
-2.5204
-2.6085
-2.6896
-2.7585
-2.8335
-2.9213
-3.0153
-3.1186
-3.2327
-3.3581
-3.4628
-3.5548
-3.6306
-3.7129
-3.8145
-3.9183
-4.0145
-4.1108
-4.2214
-4.3199
-4.4115
-4.5336
-4.6863
-4.8510
-5.0291
-5.2041
-5.3949
-5.5578
-5.6859
-5.8070
-5.9178
-6.0150
-6.0809
-6.1418
-6.1856
-6.2313
-6.2927
-6.3537
-6.4476
-6.5623
-6.7169
-6.8748
-7.0538
-7.2605
-7.4465
-7.6170
-7.7841
-7.9528
-8.0763
-8.1961
-8.2932
-8.3693
-8.4455
-8.5544
-8.6981
-8.8436
-8.9874
-9.1312
-9.3044
-9.4931
-9.7040
-9.9128
-10.1235
-10.3457
-10.5710
-10.7668
-10.9442
-11.1065
-11.2876
-11.4706
-11.6254
-11.7542
-11.8724
-11.9793
-12.0654
-12.1269
-12.1790
-12.2430
-12.3116
-12.3822
-12.4787
-12.5913
-12.7066
-12.8145
-12.9542
-13.0979
-13.2132
-13.3198
-13.4168
-13.5281
-13.6274
-13.7082
-13.7846
-13.8468
-13.9024
-13.9578
-14.0036
-14.0462
-14.1136
-14.1789
-14.2376
-14.3026
-14.3836
-14.4612
-14.5032
-14.5365
-14.5526
-14.5666
-14.5668
-14.5615
-14.5670
-14.5790
-14.6145
-14.6414
-14.6534
-14.6599
-14.6782
-14.7138
-14.7461
-14.7815
-14.8170
-14.8362
-14.8522
-14.8315
-14.8184
-14.8161
-14.8256
-14.8640
-14.9118
-14.9437
-14.9788
-15.0107
-15.0363
-15.0586
-15.0746
-15.1032
-15.1246
-15.1438
-15.1661
-15.1852
-15.2201
-15.2614
-15.3151
-15.3688
-15.4255
-15.4853
-15.5545
-15.6205
-15.6958
-15.7647
-15.8032
-15.7906
-15.7554
-15.7193
-15.6762
-15.6183
-15.5372
-15.4407
-15.3519
-15.2655
-15.1674
-15.0641
-14.9554
-14.8499
-14.7538
-14.6676
-14.5908
-14.5279
-14.4342
-14.3321
-14.2215
-14.0824
-13.9318
-13.8014
-13.7176
-13.6699
-13.6825
-13.7003
-13.7118
-13.7086
-13.6927
-13.6831
-13.6450
-13.6015
-13.5399
-13.4549
-13.3669
-13.2470
-13.0805
-12.8875
-12.6976
-12.5341
-12.4121
-12.3559
-12.3453
-12.3421
-12.3325
-12.2878
-12.2304
-12.1444
-12.0224
-11.8919
-11.7635
-11.6475
-11.5558
-11.4737
-11.4098
-11.3576
-11.3079
-11.2159
-11.1056
-10.9719
-10.8074
-10.6326
-10.4578
-10.3033
-10.1541
-10.0205
-9.8991
-9.7993
-9.7033
-9.6176
-9.5249
-9.4030
-9.2571
-9.0842
-8.8642
-8.6189
-8.3434
-8.0967
-7.8671
-7.6596
-7.4790
-7.3039
-7.1609
-7.0566
-6.9793
-6.9523
-6.9372
-6.9238
-6.8785
-6.7895
-6.6401
-6.4690
-6.2928
-6.1382
-5.9922
-5.8429
-5.7083
-5.5738
-5.4606
-5.3505
-5.2621
-5.1824
-5.0859
-4.9814
-4.8687
-4.7409
-4.5844
-4.4073
-4.1884
-3.9496
-3.6857
-3.4255
-3.1501
-2.8644
-2.5634
-2.2873
-2.0478
-1.8345
-1.6711
-1.5477
-1.3993
-1.2696
-1.1395
-0.9992
-0.8623
-0.7229
-0.6048
-0.4903
-0.3712
-0.2424
-0.0718
0.1183
0.3230
0.5439
0.7459
0.9402
1.1362
1.3116
1.5223
1.7115
1.8902
2.0562
2.2121
2.3522
2.5151
2.6658
2.8007
2.9418
3.0913
3.2526
3.4077
3.5939
3.8159
4.0628
4.3216
4.5940
4.8608
5.0952
5.2975
5.4603
5.5721
5.6556
5.6916
5.7142
5.7268
5.7421
5.7696
5.7857
5.7970
5.8273
5.8737
5.9917
6.1824
6.4247
6.6979
6.9540
7.1768
7.3506
7.4597
7.4928
7.5149
7.5139
7.5102
7.5190
7.5091
7.4967
7.4800
7.4800
7.4761
7.4625
7.4399
7.4164
7.4048
7.4247
7.4640
7.4952
7.5372
7.5685
7.5577
7.5377
7.5551
7.6461
7.7824
7.9361
8.0904
8.1897
8.2051
8.1614
8.0860
8.0203
7.9779
7.9804
7.9767
7.9237
7.8563
7.7913
7.6894
7.5093
7.2631
6.9671
6.7229
