12.453800
12.453287
12.451747
12.449181
12.445588
12.440970
12.435326
12.428657
12.420962
12.412243
12.402501
12.391735
12.379946
12.367136
12.353305
12.338454
12.322583
12.305695
12.287789
12.268868
12.248931
12.227982
12.206020
12.183048
12.159066
12.134077
12.108082
12.081082
12.053080
12.024076
11.994074
11.963075
11.931080
11.898093
11.864114
11.829147
11.793193
11.756255
11.718335
11.679435
11.639559
11.598708
11.556885
11.514094
11.470336
11.425614
11.379931
11.333291
11.285696
11.237149
11.187654
11.137213
11.085830
11.033507
10.980250
10.926060
10.870941
10.814897
10.757931
10.700047
10.641249
10.581541
10.520926
10.459408
10.396991
10.333679
10.269477
10.204387
10.138415
10.071565
10.003841
9.935247
9.865787
9.795467
9.724290
9.652262
9.579386
9.505668
9.431112
9.355722
9.279505
9.202464
9.124605
9.045932
8.966451
8.886167
8.805084
8.723208
8.640545
8.557099
8.472876
8.387881
8.302120
8.215598
8.128320
8.040293
7.951522
7.862013
7.771771
7.680802
7.589112
7.496707
7.403593
7.309775
7.215260
7.120053
7.024162
6.927591
6.830348
6.732438
6.633868
6.534643
6.434771
6.334258
6.233109
6.131333
6.028934
5.925920
5.822298
5.718073
5.613252
5.507844
5.401853
5.295286
5.188152
5.080456
4.972205
4.863407
4.754068
4.644195
4.533795
4.422876
4.311444
4.199507
4.087071
3.974145
3.860735
3.746848
3.632491
3.517673
3.402400
3.286680
3.170520
3.053928
2.936911
2.819476
2.701632
2.583385
2.464743
2.345714
2.226305
2.106525
1.986380
1.865878
1.745028
1.623836
1.502311
1.380461
1.258292
1.135814
1.013033
0.889958
0.766597
0.642957
0.519046
0.394873
0.270444
0.145770
0.020856
-0.104289
-0.229656
-0.355238
-0.481027
-0.607015
-0.733193
-0.859554
-0.986089
-1.112790
-1.239650
-1.366660
-1.493812
-1.621098
-1.748510
-1.876039
-2.003678
-2.131418
-2.259251
-2.387169
-2.515164
-2.643227
-2.771350
-2.899526
-3.027745
-3.156000
-3.284283
-3.412585
-3.540898
-3.669214
-3.797525
-3.925822
-4.054097
-4.182343
-4.310550
-4.438710
-4.566817
-4.694860
-4.822832
-4.950726
-5.078532
-5.206242
-5.333848
-5.461343
-5.588718
-5.715964
-5.843075
-5.970040
-6.096853
-6.223506
-6.349989
-6.476296
-6.602418
-6.728346
-6.854074
-6.979592
-7.104893
-7.229969
-7.354812
-7.479413
-7.603766
-7.727861
-7.851691
-7.975248
-8.098524
-8.221511
-8.344202
-8.466588
-8.588661
-8.710415
-8.831840
-8.952930
-9.073676
-9.194071
-9.314108
-9.433777
-9.553072
-9.671986
-9.790509
-9.908636
-10.026358
-10.143668
-10.260558
-10.377021
-10.493049
-10.608635
-10.723772
-10.838452
-10.952668
-11.066412
-11.179678
-11.292457
-11.404744
-11.516529
-11.627808
-11.738571
-11.848813
-11.958526
-12.067703
-12.176338
-12.284422
-12.391950
-12.498914
-12.605308
-12.711125
-12.816357
-12.920999
-13.025043
-13.128483
-13.231313
-13.333525
-13.435113
-13.536071
-13.636392
-13.736070
-13.835098
-13.933471
-14.031181
-14.128222
-14.224589
-14.320275
-14.415274
-14.509580
-14.603187
-14.696088
-14.788279
-14.879752
-14.970503
-15.060525
-15.149813
-15.238361
-15.326163
-15.413213
-15.499507
-15.585038
-15.669801
-15.753791
-15.837002
-15.919429
-16.001067
-16.081910
-16.161953
-16.241191
-16.319620
-16.397233
-16.474027
-16.549996
-16.625135
-16.699439
-16.772905
-16.845526
-16.917299
-16.988218
-17.058280
-17.127479
-17.195812
-17.263274
-17.329860
-17.395567
-17.460390
-17.524325
-17.587368
-17.649514
-17.710761
-17.771104
-17.830539
-17.889062
-17.946670
-18.003358
-18.059124
-18.113964
-18.167874
-18.220851
-18.272891
-18.323991
-18.374148
-18.423358
-18.471619
-18.518927
-18.565279
-18.610673
-18.655105
-18.698572
-18.741073
-18.782603
-18.823161
-18.862744
-18.901349
-18.938974
-18.975616
-19.011273
-19.045943
-19.079623
-19.112312
-19.144008
-19.174707
-19.204409
-19.233111
-19.260812
-19.287510
-19.313202
-19.337889
-19.361567
-19.384235
-19.405892
-19.426537
-19.446168
-19.464784
-19.482384
-19.498966
-19.514530
-19.529074
-19.542599
-19.555101
-19.566582
-19.577040
-19.586475
-19.594885
-19.602271
-19.608632
-19.613968
-19.618277
-19.621561
-19.623818
-19.625049
-19.625254
-19.624431
-19.622583
-19.619708
-19.615807
-19.610880
-19.604927
-19.597949
-19.589946
-19.580919
-19.570869
-19.559795
-19.547699
-19.534582
-19.520443
-19.505285
-19.489108
-19.471914
-19.453702
-19.434475
-19.414234
-19.392979
-19.370713
-19.347437
-19.323152
-19.297860
-19.271562
-19.244261
-19.215957
-19.186653
-19.156351
-19.125051
-19.092758
-19.059472
-19.025196
-18.989931
-18.953681
-18.916447
-18.878232
-18.839038
-18.798869
-18.757725
-18.715610
-18.672528
-18.628479
-18.583468
-18.537497
-18.490569
-18.442688
-18.393855
-18.344075
-18.293350
-18.241684
-18.189079
-18.135541
-18.081071
-18.025673
-17.969351
-17.912109
-17.853950
-17.794878
-17.734896
-17.674009
-17.612220
-17.549533
-17.485953
-17.421483
-17.356128
-17.289891
-17.222777
-17.154791
-17.085936
-17.016217
-16.945639
-16.874205
-16.801921
-16.728791
-16.654820
-16.580013
-16.504374
-16.427908
-16.350621
-16.272516
-16.193600
-16.113876
-16.033351
-15.952029
-15.869916
-15.787016
-15.703336
-15.618880
-15.533654
-15.447663
-15.360913
-15.273410
-15.185159
-15.096165
-15.006434
-14.915973
-14.824786
-14.732881
-14.640261
-14.546935
-14.452907
-14.358183
-14.262770
-14.166673
-14.069900
-13.972455
-13.874346
-13.775578
-13.676158
-13.576092
-13.475387
-13.374049
-13.272084
-13.169500
-13.066302
-12.962497
-12.858093
-12.753095
-12.647510
-12.541345
-12.434607
-12.327303
-12.219439
-12.111023
-12.002061
-11.892561
-11.782529
-11.671972
-11.560898
-11.449313
-11.337225
-11.224641
-11.111568
-10.998014
-10.883985
-10.769489
-10.654533
-10.539125
-10.423272
-10.306981
-10.190260
-10.073116
-9.955558
-9.837591
-9.719224
-9.600465
-9.481321
-9.361800
-9.241909
-9.121656
-9.001049
-8.880095
-8.758802
-8.637178
-8.515231
-8.392968
-8.270398
-8.147528
-8.024366
-7.900920
-7.777198
-7.653207
-7.528956
-7.404453
-7.279706
-7.154722
-7.029509
-6.904076
-6.778431
-6.652582
-6.526536
-6.400302
-6.273888
-6.147302
-6.020551
-5.893645
-5.766592
-5.639399
-5.512074
-5.384626
-5.257063
-5.129393
-5.001624
-4.873765
-4.745823
-4.617807
-4.489725
-4.361585
-4.233395
-4.105164
-3.976899
-3.848610
-3.720304
-3.591989
-3.463674
-3.335366
-3.207075
-3.078808
-2.950573
-2.822379
-2.694234
-2.566146
-2.438123
-2.310173
-2.182306
-2.054528
-1.926848
-1.799274
-1.671814
-1.544477
-1.417271
-1.290204
-1.163283
-1.036517
-0.909915
-0.783484
-0.657232
-0.531167
-0.405298
-0.279633
-0.154179
-0.028945
0.096062
0.220833
0.345360
0.469636
0.593652
0.717401
0.840874
0.964064
1.086963
1.209562
1.331855
1.453833
1.575489
1.696814
1.817801
1.938443
2.058731
2.178657
2.298215
2.417396
2.536193
2.654598
2.772604
2.890202
3.007387
3.124149
3.240482
3.356378
3.471830
3.586830
3.701371
3.815446
3.929047
4.042167
4.154798
4.266935
4.378569
4.489693
4.600300
4.710384
4.819936
4.928951
5.037420
5.145338
5.252697
5.359490
5.465711
5.571353
5.676408
5.780871
5.884734
5.987991
6.090635
6.192661
6.294060
6.394827
6.494955
6.594438
6.693270
6.791443
6.888953
6.985792
7.081955
7.177435
7.272226
7.366322
7.459717
7.552405
7.644381
7.735637
7.826169
7.915971
8.005037
8.093361
8.180937
8.267761
8.353825
8.439126
8.523657
8.607413
8.690389
8.772579
8.853978
8.934581
9.014382
9.093377
9.171561
9.248929
9.325474
9.401194
9.476082
9.550135
9.623347
9.695713
9.767229
9.837891
9.907694
9.976633
10.044704
10.111903
10.178225
10.243666
10.308223
10.371889
10.434663
10.496540
10.557515
10.617585
10.676746
10.734994
10.792325
10.848737
10.904224
10.958785
11.012414
11.065109
11.116867
11.167683
11.217556
11.266480
11.314455
11.361476
11.407540
11.452644
11.496786
11.539963
11.582172
11.623410
11.663675
11.702964
11.741274
11.778603
11.814949
11.850310
11.884682
11.918065
11.950455
11.981851
12.012250
12.041651
12.070052
12.097452
12.123847
12.149237
12.173620
12.196994
12.219359
12.240711
12.261051
12.280377
12.298687
12.315981
12.332257
12.347514
12.361751
12.374968
12.387164
12.398337
12.408487
12.417613
12.425716
12.432793
12.438846
12.443872
12.447873
12.450848
12.452797
12.453719
12.453614
12.452483
12.450326
12.447142
12.442932
12.437696
12.431435
12.424149
12.415838
12.406503
12.396144
12.384763
12.372359
12.358934
12.344489
12.329024
12.312541
12.295040
12.276523
12.256991
12.236444
12.214886
12.192315
12.168736
12.144147
12.118552
12.091952
12.064349
12.035744
12.006139
11.975537
11.943938
11.911346
11.877762
11.843188
11.807626
11.771080
11.733551
11.695041
11.655553
11.615090
11.573654
11.531248
11.487874
11.443536
11.398235
11.351976
11.304761
11.256593
11.207475
11.157410
11.106401
11.054453
11.001567
10.947748
10.892998
10.837322
10.780723
10.723204
10.664770
10.605424
10.545169
10.484010
10.421950
10.358995
10.295146
10.230409
10.164788
10.098287
10.030911
9.962662
9.893547
9.823569
9.752733
9.681043
9.608504
9.535120
9.460897
9.385839
9.309951
9.233237
9.155703
9.077354
8.998194
8.918229
8.837463
8.755903
8.673552
8.590417
8.506503
8.421815
8.336358
8.250138
8.163161
8.075432
7.986957
7.897741
7.807789
7.717109
7.625706
7.533585
7.440752
7.347213
7.252975
7.158043
7.062424
6.966123
6.869147
6.771502
6.673193
6.574229
6.474614
6.374355
6.273459
6.171931
6.069780
5.967010
5.863629
5.759643
5.655059
5.549884
5.444124
5.337786
5.230877
5.123403
5.015373
4.906791
4.797667
4.688006
4.577815
4.467102
4.355873
4.244136
4.131898
4.019166
3.905948
3.792250
3.678080
3.563444
3.448352
3.332809
3.216823
3.100402
2.983553
2.866284
2.748602
2.630514
2.512029
2.393153
2.273894
2.154261
2.034260
1.913900
1.793187
1.672131
1.550737
1.429016
1.306973
1.184617
1.061955
0.938997
0.815748
0.692218
0.568414
