-3.145500
-3.220657
-3.295811
-3.370960
-3.446100
-3.521228
-3.596342
-3.671438
-3.746515
-3.821568
-3.896595
-3.971593
-4.046560
-4.121492
-4.196386
-4.271240
-4.346051
-4.420816
-4.495531
-4.570195
-4.644804
-4.719355
-4.793846
-4.868273
-4.942634
-5.016926
-5.091147
-5.165292
-5.239360
-5.313347
-5.387251
-5.461069
-5.534797
-5.608434
-5.681976
-5.755421
-5.828766
-5.902007
-5.975142
-6.048169
-6.121084
-6.193884
-6.266568
-6.339131
-6.411572
-6.483887
-6.556073
-6.628129
-6.700051
-6.771836
-6.843482
-6.914985
-6.986344
-7.057555
-7.128616
-7.199523
-7.270275
-7.340868
-7.411300
-7.481568
-7.551670
-7.621601
-7.691361
-7.760946
-7.830354
-7.899582
-7.968626
-8.037486
-8.106157
-8.174638
-8.242925
-8.311017
-8.378910
-8.446601
-8.514089
-8.581371
-8.648443
-8.715305
-8.781952
-8.848382
-8.914593
-8.980582
-9.046347
-9.111886
-9.177194
-9.242271
-9.307114
-9.371720
-9.436086
-9.500211
-9.564091
-9.627725
-9.691109
-9.754242
-9.817121
-9.879743
-9.942107
-10.004209
-10.066048
-10.127620
-10.188924
-10.249958
-10.310718
-10.371203
-10.431410
-10.491337
-10.550982
-10.610342
-10.669415
-10.728199
-10.786691
-10.844890
-10.902793
-10.960397
-11.017701
-11.074703
-11.131399
-11.187789
-11.243870
-11.299639
-11.355095
-11.410235
-11.465058
-11.519560
-11.573741
-11.627598
-11.681129
-11.734332
-11.787204
-11.839745
-11.891951
-11.943821
-11.995353
-12.046544
-12.097394
-12.147899
-12.198058
-12.247869
-12.297331
-12.346440
-12.395196
-12.443597
-12.491640
-12.539323
-12.586646
-12.633605
-12.680200
-12.726429
-12.772289
-12.817779
-12.862897
-12.907642
-12.952011
-12.996004
-13.039618
-13.082851
-13.125703
-13.168171
-13.210253
-13.251949
-13.293256
-13.334174
-13.374699
-13.414832
-13.454569
-13.493910
-13.532854
-13.571398
-13.609542
-13.647283
-13.684620
-13.721553
-13.758079
-13.794196
-13.829905
-13.865203
-13.900089
-13.934561
-13.968619
-14.002260
-14.035485
-14.068290
-14.100676
-14.132641
-14.164183
-14.195302
-14.225996
-14.256264
-14.286105
-14.315518
-14.344501
-14.373054
-14.401176
-14.428864
-14.456119
-14.482939
-14.509324
-14.535271
-14.560781
-14.585852
-14.610483
-14.634673
-14.658422
-14.681728
-14.704591
-14.727009
-14.748983
-14.770510
-14.791590
-14.812223
-14.832407
-14.852142
-14.871427
-14.890261
-14.908644
-14.926574
-14.944052
-14.961076
-14.977646
-14.993761
-15.009421
-15.024625
-15.039372
-15.053662
-15.067494
-15.080868
-15.093783
-15.106238
-15.118234
-15.129770
-15.140845
-15.151459
-15.161611
-15.171302
-15.180530
-15.189296
-15.197598
-15.205438
-15.212814
-15.219726
-15.226173
-15.232157
-15.237676
-15.242730
-15.247319
-15.251443
-15.255101
-15.258294
-15.261021
-15.263283
-15.265079
-15.266409
-15.267273
-15.267671
-15.267603
-15.267069
-15.266069
-15.264603
-15.262672
-15.260274
-15.257411
-15.254083
-15.250288
-15.246029
-15.241304
-15.236115
-15.230461
-15.224342
-15.217759
-15.210711
-15.203201
-15.195226
-15.186788
-15.177888
-15.168525
-15.158700
-15.148413
-15.137664
-15.126455
-15.114785
-15.102655
-15.090065
-15.077016
-15.063509
-15.049543
-15.035120
-15.020240
-15.004903
-14.989111
-14.972863
-14.956161
-14.939004
-14.921394
-14.903332
-14.884817
-14.865852
-14.846436
-14.826570
-14.806255
-14.785491
-14.764281
-14.742623
-14.720520
-14.697972
-14.674980
-14.651545
-14.627667
-14.603348
-14.578589
-14.553390
-14.527752
-14.501677
-14.475166
-14.448219
-14.420837
-14.393023
-14.364775
-14.336097
-14.306988
-14.277450
-14.247485
-14.217092
-14.186274
-14.155032
-14.123366
-14.091279
-14.058771
-14.025843
-13.992497
-13.958734
-13.924555
-13.889962
-13.854956
-13.819538
-13.783710
-13.747473
-13.710829
-13.673778
-13.636323
-13.598464
-13.560203
-13.521543
-13.482483
-13.443026
-13.403173
-13.362926
-13.322286
-13.281255
-13.239835
-13.198026
-13.155831
-13.113251
-13.070288
-13.026943
-12.983219
-12.939116
-12.894637
-12.849783
-12.804557
-12.758958
-12.712991
-12.666655
-12.619954
-12.572888
-12.525460
-12.477672
-12.429524
-12.381020
-12.332161
-12.282949
-12.233385
-12.183472
-12.133212
-12.082606
-12.031657
-11.980366
-11.928735
-11.876767
-11.824463
-11.771826
-11.718857
-11.665558
-11.611932
-11.557981
-11.503706
-11.449109
-11.394194
-11.338962
-11.283414
-11.227554
-11.171383
-11.114904
-11.058118
-11.001028
-10.943636
-10.885944
-10.827955
-10.769671
-10.711093
-10.652225
-10.593068
-10.533624
-10.473897
-10.413888
-10.353600
-10.293034
-10.232194
-10.171082
-10.109699
-10.048049
-9.986133
-9.923954
-9.861515
-9.798818
-9.735865
-9.672658
-9.609201
-9.545495
-9.481543
-9.417348
-9.352911
-9.288236
-9.223325
-9.158180
-9.092804
-9.027200
-8.961369
-8.895315
-8.829039
-8.762546
-8.695836
-8.628913
-8.561779
-8.494437
-8.426890
-8.359139
-8.291188
-8.223039
-8.154695
-8.086159
-8.017432
-7.948518
-7.879420
-7.810140
-7.740680
-7.671044
-7.601233
-7.531252
-7.461102
-7.390786
-7.320306
-7.249667
-7.178869
-7.107917
-7.036812
-6.965558
-6.894156
-6.822611
-6.750924
-6.679099
-6.607138
-6.535044
-6.462819
-6.390467
-6.317991
-6.245392
-6.172674
-6.099840
-6.026892
-5.953834
-5.880667
-5.807396
-5.734022
-5.660548
-5.586978
-5.513314
-5.439559
-5.365716
-5.291788
-5.217777
-5.143686
-5.069518
-4.995277
-4.920964
-4.846584
-4.772138
-4.697629
-4.623060
-4.548435
-4.473756
-4.399026
-4.324248
-4.249424
-4.174558
-4.099652
-4.024710
-3.949734
-3.874727
-3.799692
-3.724632
-3.649549
-3.574447
-3.499329
-3.424197
-3.349054
-3.273904
-3.198748
-3.123591
-3.048434
-2.973281
-2.898135
-2.822998
-2.747874
-2.672765
-2.597674
-2.522604
-2.447558
-2.372539
-2.297550
-2.222593
-2.147672
-2.072789
-1.997947
-1.923150
-1.848399
-1.773698
-1.699050
-1.624458
-1.549924
-1.475451
-1.401043
-1.326702
-1.252430
-1.178232
-1.104109
-1.030064
-0.956101
-0.882222
-0.808430
-0.734727
-0.661118
-0.587604
-0.514188
-0.440873
-0.367663
-0.294559
-0.221564
-0.148683
-0.075916
-0.003267
0.069261
0.141665
0.213943
0.286092
0.358109
0.429991
0.501736
0.573340
0.644802
0.716118
0.787286
0.858302
0.929164
0.999870
1.070417
1.140801
1.211021
1.281073
1.350955
1.420664
1.490198
1.559553
1.628728
1.697719
1.766524
1.835140
1.903564
1.971795
2.039829
2.107663
2.175296
2.242724
2.309945
2.376956
2.443755
2.510339
2.576706
2.642852
2.708777
2.774476
2.839947
2.905189
2.970198
3.034972
3.099508
3.163804
3.227858
3.291667
3.355228
3.418539
3.481598
3.544403
3.606950
3.669237
3.731263
3.793024
3.854519
3.915744
3.976698
4.037379
4.097783
4.157908
4.217753
4.277315
4.336592
4.395581
4.454280
4.512687
4.570800
4.628616
4.686133
4.743349
4.800262
4.856869
4.913169
4.969159
5.024837
5.080201
5.135249
5.189979
5.244388
5.298475
5.352237
5.405672
5.458779
5.511555
5.563998
5.616106
5.667878
5.719311
5.770403
5.821152
5.871557
5.921615
5.971324
6.020683
6.069690
6.118342
6.166638
6.214577
6.262155
6.309372
6.356226
6.402714
6.448835
6.494588
6.539970
6.584979
6.629615
6.673875
6.717757
6.761260
6.804382
6.847122
6.889478
6.931448
6.973031
7.014225
7.055028
7.095439
7.135456
7.175078
7.214304
7.253131
7.291559
7.329585
7.367209
7.404428
7.441242
7.477649
7.513648
7.549237
7.584415
7.619180
7.653532
7.687469
7.720989
7.754091
7.786774
7.819038
7.850879
7.882298
7.913293
7.943863
7.974007
8.003723
8.033011
8.061869
8.090296
8.118292
8.145854
8.172982
8.199676
8.225933
8.251753
8.277134
8.302077
8.326580
8.350642
8.374262
8.397439
8.420172
8.442461
8.464304
8.485701
8.506651
8.527153
8.547206
8.566810
8.585964
8.604666
8.622917
8.640716
8.658062
8.674954
8.691391
8.707373
8.722900
8.737971
8.752585
8.766741
8.780440
8.793680
8.806461
8.818783
8.830645
8.842046
8.852987
8.863466
8.873484
8.883040
8.892133
8.900764
8.908932
8.916636
8.923877
8.930653
8.936966
8.942814
8.948197
8.953116
8.957569
8.961557
8.965080
8.968137
8.970729
8.972855
8.974515
8.975709
8.976437
8.976699
8.976495
8.975826
8.974690
8.973088
8.971021
8.968488
8.965489
8.962025
8.958095
8.953700
8.948840
8.943515
8.937725
8.931471
8.924752
8.917570
8.909924
8.901814
8.893242
8.884206
8.874708
8.864748
8.854327
8.843444
8.832100
8.820296
8.808032
8.795309
8.782126
8.768485
8.754386
8.739830
8.724816
8.709347
8.693421
8.677041
8.660206
8.642917
8.625176
8.606981
8.588335
8.569238
8.549691
8.529694
8.509248
8.488354
8.467013
8.445226
8.422993
8.400316
8.377194
8.353630
8.329623
8.305176
8.280288
8.254962
8.229196
8.202994
8.176356
8.149282
8.121774
8.093833
8.065460
8.036656
8.007422
7.977759
7.947669
7.917153
7.886211
7.854845
7.823056
7.790846
7.758215
7.725165
7.691697
7.657813
7.623513
7.588800
7.553674
7.518136
7.482189
7.445833
7.409070
7.371901
7.334328
7.296352
7.257975
7.219198
7.180022
7.140450
7.100482
7.060120
7.019366
6.978221
6.936687
6.894766
6.852458
6.809766
6.766692
6.723236
6.679402
6.635189
6.590601
6.545638
6.500303
6.454597
6.408522
6.362079
6.315271
6.268100
6.220567
6.172673
6.124422
6.075814
6.026852
5.977537
5.927871
5.877857
5.827495
5.776789
5.725740
5.674350
5.622621
5.570555
5.518153
5.465419
5.412354
5.358960
5.305238
5.251192
5.196824
5.142134
5.087126
5.031802
4.976163
4.920212
4.863951
4.807382
4.750507
4.693329
4.635849
4.578071
4.519995
4.461625
4.402962
4.344010
4.284769
4.225243
4.165433
4.105342
4.044973
3.984327
3.923407
3.862216
3.800755
3.739027
3.677034
3.614780
3.552265
3.489493
3.426466
3.363186
3.299656
3.235878
3.171855
3.107589
3.043083
2.978338
2.913359
2.848146
2.782703
2.717033
2.651137
2.585018
2.518678
2.452122
2.385349
2.318365
2.251170
2.183768
2.116161
2.048351
1.980342
1.912136
1.843736
1.775144
1.706362
1.637395
1.568243
1.498910
1.429399
1.359711
1.289851
1.219820
1.149621
1.079257
1.008731
0.938045
0.867202
0.796205
0.725056
0.653759
0.582315
0.510728
0.439001
0.367136
0.295136
0.223003
0.150741
0.078353
