5.9101
5.9319
5.9406
5.9293
5.8990
5.8593
5.8340
5.8331
5.8396
5.8536
5.8551
5.7993
5.7172
5.6307
5.5913
5.5904
5.6325
5.6657
5.6487
5.5935
5.5069
5.4058
5.3326
5.3005
5.3250
5.3853
5.4572
5.5056
5.5024
5.4646
5.4204
5.4173
5.4211
5.4546
5.4861
5.5071
5.5347
5.5301
5.5252
5.5025
5.4547
5.4187
5.4020
5.3934
5.3860
5.4006
5.4099
5.3970
5.3508
5.2708
5.1753
5.0912
5.0004
4.9113
4.8376
4.7610
4.7054
4.6618
4.6198
4.5766
4.5354
4.5216
4.5248
4.5091
4.4872
4.4641
4.4191
4.3646
4.3203
4.3067
4.3224
4.3363
4.3363
4.3169
4.2340
4.1108
3.9512
3.7712
3.5658
3.3594
3.1347
2.9064
2.7057
2.5366
2.4738
2.4612
2.4612
2.4651
2.4496
2.4226
2.3955
2.3144
2.2010
2.0850
1.9727
1.8795
1.8047
1.7224
1.6076
1.4927
1.3840
1.2930
1.1870
1.0582
0.9621
0.8989
0.8406
0.7723
0.6875
0.5989
0.5091
0.3823
0.2466
0.0554
-0.1385
-0.3097
-0.4559
-0.5565
-0.6354
-0.6676
-0.6919
-0.7377
-0.8256
-0.9556
-1.1285
-1.3362
-1.5539
-1.7794
-1.9847
-2.1594
-2.2825
-2.3636
-2.3726
-2.3763
-2.3927
-2.4463
-2.5140
-2.5995
-2.6762
-2.7381
-2.8081
-2.8543
-2.8856
-2.9348
-2.9847
-3.0450
-3.1060
-3.1864
-3.2951
-3.4322
-3.5961
-3.7654
-3.9231
-4.0778
-4.2115
-4.2989
-4.3648
-4.4507
-4.5562
-4.7097
-4.8939
-5.0946
-5.2648
-5.4400
-5.5778
-5.7001
-5.7648
-5.8441
-5.9305
-6.0619
-6.2403
-6.4404
-6.6674
-6.8947
-7.1205
-7.3320
-7.5019
-7.6177
-7.6843
-7.7546
-7.8269
-7.9369
-8.1045
-8.3244
-8.5923
-8.9122
-9.2463
-9.5482
-9.7794
-9.9889
-10.1594
-10.3158
-10.4675
-10.6030
-10.7242
-10.8286
-10.9309
-11.0385
-11.1680
-11.3454
-11.5909
-11.8842
-12.1549
-12.4231
-12.6513
-12.8152
-12.9311
-13.0134
-13.0972
-13.2000
-13.3001
-13.4019
-13.5362
-13.6938
-13.8883
-14.1176
-14.3400
-14.5475
-14.7090
-14.8589
-15.0165
-15.1983
-15.3641
-15.5376
-15.6957
-15.8624
-16.0291
-16.1965
-16.3244
-16.4304
-16.4784
-16.5013
-16.4872
-16.5000
-16.5410
-16.6069
-16.6727
-16.7389
-16.7991
-16.8658
-16.9652
-17.0611
-17.1495
-17.1993
-17.2192
-17.2225
-17.2061
-17.1808
-17.1494
-17.1179
-17.0989
-17.0830
-17.0830
-17.0768
-17.0874
-17.0696
-17.0526
-17.0490
-17.0743
-17.1126
-17.1824
-17.2304
-17.2749
-17.3027
-17.3345
-17.3607
-17.3834
-17.4095
-17.4734
-17.5615
-17.6713
-17.7828
-17.8781
-17.9511
-18.0003
-18.0466
-18.0847
-18.1811
-18.3405
-18.5397
-18.7662
-18.9735
-19.1491
-19.2901
-19.3902
-19.4645
-19.5290
-19.5644
-19.5838
-19.5870
-19.6100
-19.6709
-19.7612
-19.8863
-20.0155
-20.1510
-20.2765
-20.3936
-20.5417
-20.6952
-20.8890
-21.0494
-21.2041
-21.3098
-21.4279
-21.5387
-21.6695
-21.7473
-21.8059
-21.8450
-21.8801
-21.9124
-21.9567
-22.0476
-22.2039
-22.4056
-22.6240
-22.7817
-22.9168
-23.0343
-23.1460
-23.2450
-23.3314
-23.3992
-23.4453
-23.4547
-23.4488
-23.4488
-23.4488
-23.4642
-23.4673
-23.4857
-23.5256
-23.5991
-23.6878
-23.7915
-23.9310
-24.0821
-24.2059
-24.3085
-24.3660
-24.3753
-24.3636
-24.3636
-24.3641
-24.3805
-24.3858
-24.4088
-24.4402
-24.4858
-24.5316
-24.5654
-24.5936
-24.6363
-24.6910
-24.7378
-24.7762
-24.8203
-24.8667
-24.8948
-24.9071
-24.9131
-24.8929
-24.8671
-24.8681
-24.8936
-24.9111
-24.9163
-24.9126
-24.9341
-25.0015
-25.0831
-25.1530
-25.2029
-25.2468
-25.2817
-25.2991
-25.2993
-25.2996
-25.3176
-25.3442
-25.3674
-25.3911
-25.4100
-25.4293
-25.4577
-25.5154
-25.5788
-25.6274
-25.6434
-25.6594
-25.6685
-25.6748
-25.6639
-25.6419
-25.6059
-25.5555
-25.5079
-25.4801
-25.4837
-25.5104
-25.5198
-25.5376
-25.5209
-25.5246
-25.5318
-25.5393
-25.5125
-25.4907
-25.4826
-25.4824
-25.5136
-25.5456
-25.5690
-25.5779
-25.5588
-25.5453
-25.5512
-25.5856
-25.6174
-25.6209
-25.5764
-25.4919
-25.3812
-25.2732
-25.1824
-25.1513
-25.1514
-25.1776
-25.1811
-25.1379
-25.0185
-24.8435
-24.6772
-24.5488
-24.5032
-24.5032
-24.5087
-24.5029
-24.4399
-24.3371
-24.1773
-23.9955
-23.8107
-23.6631
-23.5294
-23.4239
-23.3445
-23.2967
-23.2659
-23.2179
-23.1584
-23.0876
-23.0198
-22.9637
-22.9077
-22.8746
-22.7960
-22.6861
-22.5418
-22.3777
-22.2504
-22.1998
-22.2033
-22.2042
-22.1936
-22.1545
-22.0756
-21.9966
-21.9149
-21.8531
-21.7800
-21.7100
-21.5889
-21.4312
-21.2197
-20.9714
-20.7231
-20.4805
-20.2462
-20.0574
-19.9335
-19.8800
-19.8770
-19.8548
-19.7988
-19.7004
-19.5767
-19.4443
-19.2947
-19.1422
-19.0295
-18.9394
-18.8661
-18.7677
-18.6665
-18.5406
-18.3997
-18.2613
-18.1356
-18.0524
-17.9852
-17.9260
-17.8503
-17.7324
-17.5917
-17.4425
-17.2794
-17.1303
-16.9673
-16.7874
-16.6263
-16.4857
-16.3506
-16.1955
-16.0604
-15.9245
-15.7941
-15.6674
-15.5700
-15.4549
-15.3220
-15.1660
-14.9747
-14.7343
-14.4671
-14.2245
-13.9969
-13.8040
-13.6382
-13.4779
-13.3155
-13.1374
-12.9731
-12.8310
-12.7121
-12.5995
-12.4795
-12.3553
-12.2152
-12.0562
-11.9099
-11.7806
-11.6807
-11.5712
-11.4321
-11.2541
-11.0818
-10.8984
-10.7258
-10.5384
-10.3930
-10.3096
-10.2708
-10.2391
-10.1821
-10.1019
-9.9941
-9.8869
-9.7848
-9.7028
-9.6595
-9.6101
-9.5354
-9.4667
-9.3872
-9.2656
-9.1416
-8.9994
-8.8539
-8.7131
-8.5755
-8.4394
-8.2967
-8.1759
-8.0734
-7.9710
-7.8385
-7.6791
-7.4850
-7.2490
-7.0281
-6.7669
-6.5205
-6.2773
-6.0656
-5.8838
-5.7639
-5.6929
-5.6644
-5.6326
-5.5705
-5.4430
-5.2830
-5.0760
-4.8773
-4.7088
-4.5788
-4.4578
-4.3972
-4.3449
-4.3079
-4.2857
-4.2417
-4.1879
-4.1043
-4.0118
-3.8919
-3.7725
-3.6480
-3.5061
-3.3815
-3.2569
-3.1082
-2.9546
-2.8114
-2.6215
-2.4746
-2.3094
-2.1770
-2.0592
-1.9866
-1.9559
-1.9559
-1.9475
-1.9225
-1.8572
-1.7598
-1.6396
-1.5030
-1.3803
-1.2899
-1.2303
-1.1968
-1.1742
-1.1207
-1.0193
-0.8802
-0.6912
-0.4990
-0.2858
-0.0784
0.1290
0.3750
0.5608
0.7315
0.8473
0.9189
0.9583
0.9844
1.0070
1.0249
1.0644
1.1491
1.2659
1.4044
1.5694
1.7273
1.8796
2.0341
2.1674
2.2934
2.4123
2.5292
2.6535
2.7910
2.9514
3.1097
3.2359
3.3078
3.3417
3.3491
3.3564
3.3564
3.3830
3.4465
3.5393
3.6339
3.7360
3.8563
3.9779
4.1209
4.2640
4.3683
4.4569
4.5456
4.6344
4.7307
4.8280
4.9170
5.0003
5.0578
5.0949
5.1128
5.1190
5.1403
5.1993
5.2772
5.3608
5.4435
5.5103
5.5884
5.6512
5.7174
5.7869
5.8757
5.9847
6.1026
6.1740
6.2303
6.2676
6.2935
6.3231
6.3371
6.3243
6.2747
6.1994
6.1199
6.1035
6.1830
6.3035
6.4167
6.4547
6.4025
6.3208
6.2609
6.2615
6.3177
6.4108
6.4927
6.5302
6.5327
6.5260
6.5338
6.5795
6.6653
6.7663
6.8892
6.9936
7.0905
7.1895
7.2533
7.2908
7.2821
7.2587
7.2285
7.1995
7.1611
7.0765
6.9403
6.7790
6.6370
6.5460
6.4926
6.4755
6.4610
6.4656
6.4853
6.5355
6.5923
6.6738
6.7879
6.8976
7.0263
7.1536
7.2499
7.3366
7.3852
7.3565
7.2477
7.0388
6.8264
6.6328
6.4952
6.3679
6.1745
5.8705
5.4581
5.0512
4.6999
4.4468
4.2826
4.2091
4.1769
4.1599
4.0795
3.9472
3.7558
3.6252
3.5046
3.3773
3.1636
2.9050
2.6253
2.3976
2.2916
2.3000
2.4068
2.5792
2.7637
2.8781
2.9184
2.8403
2.7020
2.4950
2.2769
2.0593
1.8422
1.6016
1.3521
1.1341
0.9750
0.8605
0.8093
0.8473
0.8899
0.9263
0.9500
0.9476
0.9350
0.9199
0.9138
0.9227
0.9804
1.0357
1.1414
1.2456
1.3157
1.3583
1.3796
1.3834
1.3834
1.4092
1.4241
1.4340
1.4074
1.3657
1.3390
1.3186
1.3141
1.2905
1.2150
1.1033
0.9005
0.6965
0.5541
0.5109
0.5367
0.5955
0.6080
0.5842
0.5203
0.4637
0.3830
0.3080
0.2664
0.2573
0.3056
0.3568
0.4095
0.4384
0.4048
0.3601
0.3031
0.2725
0.2772
0.3142
0.3584
0.3835
0.4049
0.4302
0.4356
0.4208
0.3862
0.3417
0.2900
0.2321
0.1655
0.0838
-0.0038
-0.0889
-0.2064
-0.3638
-0.5528
-0.7469
-0.8973
-0.9725
-0.9787
-0.9495
-0.9276
-0.9503
-1.0223
-1.1106
-1.2242
-1.2973
-1.3389
-1.3702
-1.4005
-1.4671
-1.5533
-1.6507
-1.7519
-1.8487
-1.9258
-1.9801
-2.0305
-2.0950
-2.1993
-2.3250
-2.4722
-2.6100
-2.7442
-2.8510
-2.9356
-3.0224
-3.1077
-3.2123
-3.3045
-3.4003
-3.4693
-3.5473
-3.6343
-3.7391
-3.8513
-3.9636
-4.0738
-4.1610
-4.2287
-4.2981
-4.3674
-4.4547
-4.5614
-4.6878
-4.8361
-4.9808
-5.1379
-5.2771
-5.4112
-5.5509
-5.6976
-5.8534
-6.0059
-6.1493
-6.2783
-6.4111
-6.5457
-6.6859
-6.8047
-6.8910
-6.9559
-6.9847
-7.0027
-7.0494
-7.1375
-7.2616
-7.4127
-7.5547
-7.6842
-7.8210
-7.9562
-8.0875
-8.2135
-8.3610
-8.5263
-8.7059
-8.8985
-9.1091
-9.3644
-9.6309
-9.8705
-10.0916
-10.2584
-10.3821
-10.4816
-10.5786
-10.6437
-10.7159
-10.8056
-10.9129
-11.0404
-11.2111
-11.4074
-11.5862
-11.7646
-11.9248
-12.0621
-12.1836
-12.2802
-12.3876
-12.4963
-12.6165
-12.7422
-12.8680
-12.9976
-13.1395
-13.2607
-13.3884
-13.4898
-13.5854
-13.6819
-13.7887
-13.9265
-14.0791
-14.2477
-14.4548
-14.6820
-14.9080
-15.1426
-15.3209
-15.4512
-15.5471
-15.5957
-15.6287
-15.6721
-15.7045
-15.7529
-15.8354
-15.9393
-16.0647
-16.2159
-16.3524
-16.4879
-16.5905
-16.6768
-16.7193
-16.7372
-16.7461
-16.7550
-16.7608
-16.7937
-16.8354
-16.9044
-17.0163
-17.1258
-17.2574
-17.3940
-17.5127
-17.6328
-17.7573
-17.8726
-17.9723
-18.0520
-18.1054
-18.1417
-18.1654
-18.2071
-18.2628
-18.3404
-18.4370
-18.5369
-18.6318
-18.7332
-18.8591
-19.0362
-19.2549
-19.5043
-19.7943
-20.0052
-20.1621
-20.2539
-20.2842
-20.2440
-20.2125
-20.2046
-20.2322
-20.2604
-20.3017
-20.3319
-20.3775
-20.4235
-20.4633
-20.4961
-20.4893
-20.4847
-20.4704
-20.4591
-20.4659
-20.4855
-20.5088
-20.5354
-20.5623
-20.5861
-20.6278
-20.6507
-20.6640
-20.6743
-20.6939
-20.7141
-20.7468
-20.7763
-20.8245
-20.8875
-20.9532
-21.0132
-21.0824
-21.1370
-21.1888
-21.2169
-21.2648
-21.3120
-21.3615
-21.3897
-21.4205
-21.4421
-21.4668
-21.5006
-21.5500
-21.5996
-21.6552
-21.7108
-21.7633
-21.8219
-21.8689
-21.8802
-21.9000
-21.9106
-21.9473
-21.9752
-21.9973
-22.0113
-22.0168
-22.0115
-22.0065
-21.9930
-22.0324
-22.0563
-22.0797
-22.0913
-22.0734
-22.0116
-21.9266
-21.8238
-21.7090
-21.6346
-21.5863
-21.5376
-21.4860
-21.4605
-21.4378
-21.4357
-21.4455
-21.4496
-21.4338
-21.4302
-21.3831
-21.3244
-21.2801
-21.2620
-21.2646
-21.2930
-21.3336
-21.3687
-21.3483
-21.2646
-21.1288
-20.9668
-20.8247
-20.7084
-20.6407
-20.5842
-20.5418
-20.4590
-20.3591
-20.2392
-20.1283
-20.0724
-20.0505
-20.0314
-19.9809
-19.8586
-19.7045
-19.5648
-19.4798
-19.4959
-19.5473
-19.5956
-19.6172
-19.5261
-19.4237
-19.3157
-19.2355
-19.2247
-19.2399
-19.2643
-19.2637
-19.2226
-19.1393
-18.9981
-18.8263
-18.6715
-18.5017
-18.3353
-18.1668
-18.0003
-17.8413
-17.7260
-17.6586
-17.6274
-17.6153
-17.5958
-17.5329
-17.4369
-17.2951
-17.1253
-16.9757
-16.8972
-16.8528
-16.8225
-16.7677
-16.6958
-16.6105
-16.5394
-16.4840
-16.4663
-16.4664
-16.4634
-16.4542
-16.4402
-16.3733
-16.2597
-16.1254
-15.9984
-15.8737
-15.7614
-15.6809
-15.6453
-15.6460
-15.6514
-15.5879
-15.4573
-15.2673
-15.0436
-14.8129
-14.5954
-14.4311
-14.3110
-14.2271
-14.1558
-14.0751
-13.9944
-13.9097
-13.8059
-13.6429
-13.4799
-13.3329
-13.2049
-13.1224
-13.0674
-13.0082
-12.9691
-12.9247
-12.8772
-12.8011
-12.7114
-12.5931
-12.4812
-12.3745
-12.2551
-12.0999
-11.9205
-11.7473
-11.6196
-11.5574
-11.5405
-11.5405
-11.5160
-11.4163
-11.2616
-11.0561
-10.7888
-10.4687
-10.1314
-9.7977
-9.4924
-9.2419
-9.0515
-8.8900
-8.7352
-8.6090
-8.5431
-8.4959
-8.4707
-8.4506
-8.4170
-8.3581
-8.2657
-8.1279
-7.9884
-7.8457
-7.6814
-7.5122
-7.3314
-7.1738
-7.0164
-6.8573
-6.7298
-6.6241
-6.5804
-6.5551
-6.5216
-6.4411
-6.3153
-6.1676
-6.0115
-5.9074
-5.8129
-5.7302
-5.6479
-5.5689
-5.4658
-5.4066
-5.3391
-5.2667
-5.1842
-5.0917
-5.0035
-4.9204
-4.8493
-4.7561
-4.6122
-4.4291
-4.2036
-3.9601
-3.7231
-3.5231
-3.3859
-3.2840
-3.2139
-3.1570
-3.1260
-3.0745
-3.0216
-2.9624
-2.9215
-2.8844
-2.8352
-2.7552
-2.6654
-2.5683
-2.4790
-2.3863
-2.3059
-2.2067
-2.0684
-1.8919
-1.6806
-1.4818
-1.3210
-1.2141
-1.1606
-1.1288
-1.0863
-1.0258
-0.9293
-0.8106
-0.6605
-0.5093
-0.3687
-0.2555
-0.1734
-0.1091
-0.0062
0.1220
0.2566
0.3960
0.5231
0.5912
0.6561
0.7161
0.7667
0.8137
0.8643
0.9038
0.9325
0.9686
1.0192
1.0732
1.1344
1.2318
1.3586
1.4969
1.6354
1.7682
1.8806
1.9797
2.0705
2.1360
2.1696
2.1618
2.1345
2.0986
2.0919
2.0993
2.1177
2.1278
2.1077
2.1005
2.1055
2.1026
2.1173
2.1125
2.0817
2.0629
2.0892
2.1334
2.2022
2.2491
2.2489
2.2326
2.2104
2.2104
2.2252
2.2287
2.2197
2.1936
2.1578
2.1106
2.0487
1.9884
1.9479
1.9059
1.8541
1.7756
1.6928
1.6301
1.6610
1.7564
1.8530
1.9073
1.9255
1.9062
1.8624
1.8311
1.8232
1.8057
1.7870
1.7155
1.5976
1.4466
1.3346
1.2966
1.3567
1.4725
1.5935
1.6851
1.7448
1.8108
1.8503
1.9371
2.0220
2.1101
2.2171
2.3102
2.4238
2.5123
2.5454
2.5016
2.3828
2.2119
1.9700
1.6555
1.3006
0.9057
0.5490
0.2707
0.1002
-0.0079
-0.0354
-0.0606
-0.0936
-0.1753
-0.2994
-0.4585
-0.6493
-0.8137
-1.0068
-1.2463
-1.5284
-1.7687
-1.9873
-2.0714
-2.0486
-1.9585
-1.7945
-1.6516
-1.5640
-1.5256
-1.4866
-1.4042
-1.2739
-1.1246
-0.9584
-0.8511
-0.8168
-0.9074
-1.1052
-1.3600
-1.6488
-1.9395
-2.2387
-2.5426
-2.8316
-3.0662
-3.2194
-3.2674
-3.1912
-3.0582
-2.9359
-2.8249
-2.7634
-2.7044
-2.6464
-2.5985
-2.5590
-2.5101
-2.4835
-2.4989
-2.5453
-2.6320
-2.7465
-2.8639
-2.9504
-2.9835
-2.9944
-2.9944
-3.0018
-3.0112
-3.0463
-3.1011
-3.1741
-3.2858
-3.3874
-3.4384
-3.4540
-3.4468
-3.4432
-3.4435
-3.4733
-3.5158
-3.5316
-3.5741
-3.6623
-3.8049
-3.9669
-4.1321
-4.2155
-4.2018
-4.1158
-3.9745
-3.8542
-3.7643
-3.6996
-3.6494
-3.6280
-3.6173
-3.6137
-3.6174
-3.6502
-3.6919
-3.7871
-3.9207
-4.0552
-4.1561
-4.2020
-4.1930
-4.1572
-4.1394
-4.1715
-4.2882
-4.4896
-4.7497
-4.9763
-5.1017
-5.1210
-5.0656
-5.0066
-4.9994
-5.0519
-5.1686
-5.2941
-5.4060
-5.4804
-5.5442
-5.5725
-5.5867
-5.5973
-5.6380
-5.7055
-5.7996
-5.9204
-6.0679
-6.1888
-6.2830
-6.3541
-6.3987
-6.4450
-6.4912
-6.5463
-6.6104
-6.6762
-6.7652
-6.8630
-6.9823
-7.0838
-7.1889
-7.2904
-7.3937
-7.5096
-7.6254
-7.7482
-7.8853
-8.0368
-8.2045
-8.3331
-8.4420
-8.5417
-8.6252
-8.7425
-8.8275
-8.9001
-8.9552
-8.9855
-9.0263
-9.0779
-9.1668
-9.2877
-9.4324
-9.5899
-9.7257
-9.8561
-9.9484
-10.0719
-10.2097
-10.3757
-10.5327
-10.6951
-10.8250
-10.9404
-11.0452
-11.1603
-11.2753
-11.3890
-11.5076
-11.6792
-11.8675
-12.0693
-12.2701
-12.3977
-12.4771
-12.5118
-12.5419
-12.5719
-12.6388
-12.7446
-12.8662
-13.0160
-13.1828
-13.3622
-13.5447
-13.7046
-13.8419
-13.9232
-13.9844
-14.0222
-14.0522
-14.0844
-14.1068
-14.1425
-14.1860
-14.2394
-14.2764
-14.3221
-14.3689
-14.4268
-14.4791
-14.5304
-14.5804
-14.6473
-14.7464
-14.8673
-15.0006
-15.1424
-15.2983
-15.4675
-15.6045
-15.7111
-15.7406
-15.7293
-15.7035
-15.7035
-15.7134
-15.7288
-15.7321
-15.7419
-15.7615
-15.7976
-15.8469
-15.9211
-16.0125
-16.0941
-16.1467
-16.2004
-16.2482
-16.2668
-16.2668
-16.2668
-16.2668
-16.2798
-16.3029
-16.3351
-16.4039
-16.4701
-16.5554
-16.6377
-16.6891
-16.7181
-16.7374
-16.7663
-16.7985
-16.8277
-16.8664
-16.9243
-16.9722
-17.0019
-17.0491
-17.1127
-17.2182
-17.3202
-17.3904
-17.4319
-17.4812
-17.4966
-17.4657
-17.3996
-17.3074
-17.2503
-17.2456
-17.2535
-17.2791
-17.2990
-17.3133
-17.3219
-17.3129
-17.2826
-17.2173
-17.1583
-17.1169
-17.0927
-17.0842
-17.0411
-16.9648
-16.8757
-16.7698
-16.6427
-16.5211
-16.4183
-16.3637
-16.3439
-16.3408
-16.3315
-16.2826
-16.2102
-16.0945
-15.9597
-15.8054
-15.6495
-15.5007
-15.3758
-15.2934
-15.2544
-15.2467
-15.2302
-15.1964
-15.1358
-15.0697
-14.9895
-14.9171
-14.8479
-14.7905
-14.7560
-14.7072
-14.6412
-14.5556
-14.4613
-14.3726
-14.3289
-14.3423
-14.3825
-14.4172
-14.3854
-14.2382
-14.0082
-13.7591
-13.5296
-13.3443
-13.1892
-13.0492
-12.9448
-12.8694
-12.7952
-12.7414
-12.6812
-12.5908
-12.4661
-12.3091
-12.1802
-12.0835
-12.0200
-11.9361
-11.8030
-11.6181
-11.4205
-11.2368
-11.0736
-10.9501
-10.8532
-10.7511
-10.6490
-10.5067
-10.3280
-10.2048
-10.1329
-10.0867
-10.0333
-9.9956
-9.9461
-9.8743
-9.7774
-9.6392
-9.4911
-9.3604
-9.2635
-9.2008
-9.1422
-9.0394
-8.8781
-8.6500
-8.3588
-8.0760
-7.8355
-7.6888
-7.6409
-7.6203
-7.6135
-7.5966
-7.5523
-7.4788
-7.3764
-7.2877
-7.2129
-7.1330
-7.0204
-6.8923
-6.7435
-6.6273
-6.5333
-6.4736
-6.4380
-6.3883
-6.3541
-6.3215
-6.2649
-6.2050
-6.1192
-5.9975
-5.8605
-5.7078
-5.5737
-5.4721
-5.4236
-5.3594
-5.2796
-5.1825
-5.0612
-4.9017
-4.7342
-4.5717
-4.4369
-4.3726
-4.3515
-4.3480
-4.3516
-4.3413
-4.3136
-4.2860
-4.2300
-4.1561
-4.0716
-3.9870
-3.8918
-3.7620
-3.6514
-3.5436
-3.4413
-3.3597
-3.2673
-3.1539
-3.0437
-2.9904
-2.9587
-2.9607
-2.9676
-2.9514
-2.9443
-2.9495
-2.9838
-3.0119
-3.0341
-3.0319
-3.0101
-2.9543
-2.9036
-2.8666
-2.8663
-2.9083
-2.9527
-2.9593
7.0788
