8.445400
8.445106
8.444223
8.442752
8.440692
8.438044
8.434807
8.430983
8.426570
8.421570
8.415983
8.409808
8.403047
8.395699
8.387764
8.379244
8.370139
8.360448
8.350173
8.339314
8.327871
8.315846
8.303238
8.290048
8.276277
8.261926
8.246994
8.231484
8.215395
8.198728
8.181485
8.163666
8.145271
8.126303
8.106760
8.086646
8.065960
8.044703
8.022877
8.000482
7.977520
7.953992
7.929899
7.905241
7.880021
7.854239
7.827897
7.800995
7.773536
7.745520
7.716948
7.687823
7.658145
7.627917
7.597138
7.565811
7.533938
7.501520
7.468557
7.435053
7.401009
7.366425
7.331304
7.295648
7.259458
7.222736
7.185483
7.147702
7.109394
7.070561
7.031205
6.991328
6.950931
6.910017
6.868587
6.826644
6.784190
6.741226
6.697754
6.653777
6.609297
6.564316
6.518836
6.472859
6.426387
6.379423
6.331968
6.284026
6.235598
6.186686
6.137294
6.087423
6.037075
5.986254
5.934961
5.883199
5.830970
5.778278
5.725123
5.671510
5.617440
5.562917
5.507941
5.452518
5.396648
5.340335
5.283580
5.226388
5.168761
5.110701
5.052211
4.993294
4.933953
4.874191
4.814010
4.753413
4.692404
4.630985
4.569158
4.506928
4.444296
4.381267
4.317842
4.254026
4.189820
4.125228
4.060254
3.994900
3.929169
3.863064
3.796589
3.729747
3.662541
3.594973
3.527049
3.458769
3.390139
3.321161
3.251838
3.182174
3.112172
3.041835
2.971167
2.900171
2.828850
2.757208
2.685249
2.612975
2.540390
2.467498
2.394301
2.320805
2.247011
2.172924
2.098547
2.023883
1.948937
1.873711
1.798210
1.722437
1.646395
1.570088
1.493520
1.416694
1.339615
1.262285
1.184708
1.106889
1.028831
0.950537
0.872011
0.793257
0.714279
0.635081
0.555665
0.476037
0.396200
0.316157
0.235913
0.155471
0.074835
-0.005990
-0.087003
-0.168197
-0.249570
-0.331117
-0.412836
-0.494721
-0.576769
-0.658976
-0.741338
-0.823851
-0.906512
-0.989316
-1.072259
-1.155338
-1.238548
-1.321886
-1.405347
-1.488928
-1.572625
-1.656433
-1.740349
-1.824368
-1.908487
-1.992702
-2.077008
-2.161402
-2.245879
-2.330436
-2.415069
-2.499773
-2.584545
-2.669380
-2.754274
-2.839224
-2.924225
-3.009273
-3.094365
-3.179495
-3.264661
-3.349858
-3.435082
-3.520329
-3.605595
-3.690875
-3.776167
-3.861465
-3.946765
-4.032065
-4.117358
-4.202643
-4.287913
-4.373166
-4.458398
-4.543603
-4.628779
-4.713921
-4.799024
-4.884086
-4.969102
-5.054068
-5.138980
-5.223833
-5.308624
-5.393349
-5.478004
-5.562584
-5.647086
-5.731506
-5.815839
-5.900082
-5.984230
-6.068280
-6.152228
-6.236069
-6.319800
-6.403417
-6.486915
-6.570290
-6.653540
-6.736659
-6.819643
-6.902490
-6.985195
-7.067753
-7.150161
-7.232416
-7.314513
-7.396447
-7.478217
-7.559816
-7.641243
-7.722492
-7.803559
-7.884442
-7.965136
-8.045637
-8.125942
-8.206046
-8.285946
-8.365638
-8.445118
-8.524383
-8.603428
-8.682250
-8.760845
-8.839210
-8.917340
-8.995233
-9.072883
-9.150288
-9.227444
-9.304347
-9.380993
-9.457380
-9.533502
-9.609358
-9.684942
-9.760252
-9.835283
-9.910033
-9.984497
-10.058672
-10.132555
-10.206143
-10.279430
-10.352415
-10.425094
-10.497462
-10.569517
-10.641256
-10.712674
-10.783769
-10.854537
-10.924975
-10.995079
-11.064846
-11.134273
-11.203356
-11.272092
-11.340478
-11.408511
-11.476187
-11.543503
-11.610456
-11.677042
-11.743260
-11.809104
-11.874573
-11.939663
-12.004371
-12.068694
-12.132629
-12.196173
-12.259323
-12.322075
-12.384427
-12.446376
-12.507920
-12.569054
-12.629776
-12.690083
-12.749973
-12.809442
-12.868488
-12.927107
-12.985298
-13.043057
-13.100381
-13.157268
-13.213716
-13.269720
-13.325280
-13.380391
-13.435052
-13.489260
-13.543012
-13.596305
-13.649138
-13.701508
-13.753412
-13.804847
-13.855812
-13.906303
-13.956319
-14.005857
-14.054915
-14.103489
-14.151579
-14.199182
-14.246295
-14.292917
-14.339044
-14.384675
-14.429808
-14.474440
-14.518570
-14.562195
-14.605313
-14.647923
-14.690021
-14.731606
-14.772677
-14.813231
-14.853266
-14.892780
-14.931772
-14.970239
-15.008180
-15.045593
-15.082477
-15.118828
-15.154647
-15.189930
-15.224677
-15.258885
-15.292553
-15.325680
-15.358264
-15.390302
-15.421795
-15.452740
-15.483136
-15.512981
-15.542274
-15.571013
-15.599198
-15.626826
-15.653897
-15.680409
-15.706361
-15.731752
-15.756580
-15.780845
-15.804545
-15.827678
-15.850245
-15.872244
-15.893673
-15.914532
-15.934820
-15.954536
-15.973679
-15.992248
-16.010242
-16.027660
-16.044501
-16.060765
-16.076451
-16.091558
-16.106086
-16.120033
-16.133399
-16.146184
-16.158386
-16.170005
-16.181041
-16.191494
-16.201362
-16.210645
-16.219342
-16.227454
-16.234980
-16.241920
-16.248272
-16.254038
-16.259216
-16.263807
-16.267809
-16.271224
-16.274051
-16.276289
-16.277939
-16.279000
-16.279473
-16.279357
-16.278653
-16.277360
-16.275479
-16.273009
-16.269951
-16.266305
-16.262071
-16.257249
-16.251839
-16.245843
-16.239259
-16.232089
-16.224333
-16.215990
-16.207062
-16.197549
-16.187451
-16.176769
-16.165503
-16.153655
-16.141223
-16.128210
-16.114615
-16.100439
-16.085684
-16.070349
-16.054435
-16.037944
-16.020876
-16.003231
-15.985011
-15.966216
-15.946848
-15.926907
-15.906394
-15.885310
-15.863657
-15.841434
-15.818644
-15.795288
-15.771366
-15.746879
-15.721829
-15.696218
-15.670045
-15.643313
-15.616022
-15.588175
-15.559772
-15.530815
-15.501304
-15.471243
-15.440631
-15.409470
-15.377762
-15.345509
-15.312712
-15.279372
-15.245491
-15.211070
-15.176112
-15.140618
-15.104590
-15.068029
-15.030937
-14.993316
-14.955168
-14.916494
-14.877296
-14.837577
-14.797337
-14.756580
-14.715307
-14.673519
-14.631219
-14.588410
-14.545092
-14.501268
-14.456940
-14.412111
-14.366782
-14.320955
-14.274633
-14.227818
-14.180512
-14.132717
-14.084436
-14.035671
-13.986424
-13.936698
-13.886495
-13.835817
-13.784667
-13.733047
-13.680959
-13.628407
-13.575393
-13.521918
-13.467987
-13.413600
-13.358762
-13.303474
-13.247739
-13.191560
-13.134939
-13.077880
-13.020384
-12.962455
-12.904095
-12.845308
-12.786095
-12.726460
-12.666406
-12.605935
-12.545050
-12.483755
-12.422052
-12.359944
-12.297434
-12.234525
-12.171220
-12.107521
-12.043433
-11.978959
-11.914100
-11.848860
-11.783243
-11.717252
-11.650889
-11.584158
-11.517061
-11.449603
-11.381787
-11.313615
-11.245090
-11.176217
-11.106999
-11.037438
-10.967538
-10.897302
-10.826734
-10.755837
-10.684614
-10.613070
-10.541206
-10.469027
-10.396536
-10.323737
-10.250632
-10.177226
-10.103522
-10.029524
-9.955234
-9.880657
-9.805796
-9.730655
-9.655237
-9.579546
-9.503585
-9.427358
-9.350869
-9.274121
-9.197118
-9.119864
-9.042362
-8.964616
-8.886629
-8.808406
-8.729951
-8.651266
-8.572355
-8.493223
-8.413873
-8.334309
-8.254535
-8.174554
-8.094371
-8.013989
-7.933411
-7.852643
-7.771686
-7.690547
-7.609228
-7.527733
-7.446066
-7.364231
-7.282232
-7.200073
-7.117757
-7.035289
-6.952673
-6.869912
-6.787011
-6.703973
-6.620802
-6.537502
-6.454078
-6.370533
-6.286871
-6.203096
-6.119213
-6.035224
-5.951135
-5.866949
-5.782670
-5.698302
-5.613850
-5.529317
-5.444706
-5.360024
-5.275272
-5.190456
-5.105579
-5.020646
-4.935660
-4.850625
-4.765546
-4.680427
-4.595272
-4.510084
-4.424868
-4.339627
-4.254367
-4.169090
-4.083802
-3.998505
-3.913205
-3.827905
-3.742609
-3.657321
-3.572046
-3.486787
-3.401549
-3.316335
-3.231150
-3.145998
-3.060882
-2.975807
-2.890777
-2.805795
-2.720867
-2.635995
-2.551185
-2.466439
-2.381763
-2.297160
-2.212633
-2.128188
-2.043828
-1.959558
-1.875380
-1.791300
-1.707321
-1.623447
-1.539682
-1.456031
-1.372496
-1.289083
-1.205795
-1.122636
-1.039610
-0.956721
-0.873973
-0.791370
-0.708916
-0.626614
-0.544469
-0.462485
-0.380665
-0.299013
-0.217534
-0.136231
-0.055108
0.025832
0.106583
0.187143
0.267508
0.347673
0.427635
0.507391
0.586936
0.666266
0.745378
0.824268
0.902933
0.981368
1.059570
1.137535
1.215259
1.292739
1.369970
1.446950
1.523675
1.600141
1.676344
1.752281
1.827947
1.903341
1.978457
2.053292
2.127844
2.202107
2.276079
2.349756
2.423135
2.496212
2.568984
2.641447
2.713598
2.785433
2.856948
2.928142
2.999009
3.069547
3.139753
3.209623
3.279153
3.348340
3.417182
3.485675
3.553815
3.621599
3.689025
3.756088
3.822787
3.889116
3.955074
4.020657
4.085863
4.150687
4.215127
4.279180
4.342843
4.406112
4.468985
4.531459
4.593531
4.655198
4.716456
4.777304
4.837737
4.897754
4.957351
5.016525
5.075274
5.133595
5.191485
5.248942
5.305962
5.362543
5.418682
5.474377
5.529624
5.584422
5.638767
5.692658
5.746091
5.799064
5.851574
5.903619
5.955197
6.006305
6.056940
6.107100
6.156784
6.205987
6.254709
6.302946
6.350697
6.397959
6.444729
6.491007
6.536789
6.582073
6.626857
6.671140
6.714918
6.758190
6.800954
6.843207
6.884949
6.926175
6.966886
7.007079
7.046751
7.085902
7.124528
7.162629
7.200203
7.237247
7.273760
7.309740
7.345186
7.380095
7.414467
7.448299
7.481591
7.514339
7.546543
7.578202
7.609313
7.639875
7.669887
7.699348
7.728255
7.756608
7.784406
7.811646
7.838327
7.864449
7.890011
7.915010
7.939445
7.963317
7.986622
8.009361
8.031532
