3.0940
2.8814
2.7179
2.6054
2.5703
2.6354
2.7818
2.9343
3.0456
3.1164
3.1432
3.1452
3.1477
3.1705
3.1948
3.1976
3.1783
3.1599
3.1572
3.1667
3.1861
3.1987
3.2063
3.2061
3.1971
3.1995
3.1854
3.1971
3.1875
3.2008
3.2353
3.2822
3.3269
3.3831
3.4362
3.4828
3.5187
3.5429
3.5532
3.5399
3.5035
3.4651
3.4306
3.4002
3.3641
3.3047
3.2277
3.1556
3.1173
3.0789
3.0406
3.0018
2.9160
2.8387
2.7756
2.7223
2.6850
2.6483
2.6246
2.6085
2.5913
2.5652
2.4968
2.4005
2.3029
2.2015
2.1263
2.0744
2.0333
1.9899
1.9493
1.9250
1.9142
1.9255
1.9627
1.9985
2.0416
2.0728
2.0981
2.1317
2.1653
2.2096
2.2757
2.3369
2.3833
2.3995
2.3991
2.4013
2.3988
2.3841
2.3730
2.3394
2.2612
2.1384
2.0008
1.8446
1.6668
1.4983
1.3800
1.2877
1.2392
1.2079
1.1767
1.1359
1.0914
1.0470
1.0063
0.9714
0.9445
0.9250
0.9214
0.9236
0.9330
0.9649
1.0176
1.0962
1.1794
1.2541
1.3083
1.3587
1.3772
1.3872
1.3972
1.4078
1.4322
1.4682
1.5427
1.6653
1.7952
1.9510
2.1029
2.2153
2.2865
2.3008
2.2639
2.2050
2.1490
2.1092
2.1063
2.1198
2.1265
2.1334
2.1432
2.1670
2.1726
2.1768
2.1698
2.1663
2.1638
2.1679
2.1580
2.1429
2.1319
2.1273
2.1227
2.1191
2.0985
2.0764
2.0801
2.0967
2.1268
2.1646
2.2026
2.2441
2.2773
2.2976
2.3099
2.3198
2.3392
2.3564
2.3623
2.3657
2.3572
2.3557
2.3536
2.3522
2.3483
2.3561
2.3686
2.3743
2.3751
2.3655
2.3534
2.3461
2.3283
2.2988
2.2648
2.2436
2.2142
2.1774
2.1314
2.0900
2.0403
1.9915
1.9435
1.9104
1.9021
1.8938
1.8809
1.8599
1.8282
1.7836
1.7188
1.6459
1.5661
1.4735
1.3615
1.2414
1.1242
1.0106
0.8922
0.7655
0.6480
0.5455
0.4467
0.3571
0.2852
0.2109
0.1342
0.0640
-0.0261
-0.1335
-0.2381
-0.3285
-0.3886
-0.4700
-0.5599
-0.6628
-0.7672
-0.8880
-1.0135
-1.1262
-1.2117
-1.2844
-1.3452
-1.3810
-1.4049
-1.4251
-1.4750
-1.5381
-1.6274
-1.7525
-1.8920
-2.0765
-2.3143
-2.5890
-2.9001
-3.2014
-3.4580
-3.5954
-3.6314
-3.6314
-3.6234
-3.6305
-3.6340
-3.6375
-3.6516
-3.6551
-3.6551
-3.6552
-3.6554
-3.6590
-3.6590
-3.6523
-3.6422
-3.6321
-3.6287
-3.6253
-3.6103
-3.5939
-3.5823
-3.5686
-3.5619
-3.5537
-3.5502
-3.5502
-3.5502
-3.5538
-3.5538
-3.5573
-3.5573
-3.5643
-3.5908
-3.6042
-3.6042
-3.6042
-3.6161
-3.6196
-3.6232
-3.6232
-3.6387
-3.6646
-3.7085
-3.7664
-3.8502
-3.9379
-4.0019
-4.0610
-4.1083
-4.1412
-4.1776
-4.2111
-4.2572
-4.3067
-4.3408
-4.3847
-4.4725
-4.5754
-4.6580
-4.7288
-4.7947
-4.8571
-4.9069
-4.9236
-4.9610
-5.0373
-5.1211
-5.2033
-5.2821
-5.3913
-5.5089
-5.6258
-5.7177
-5.8268
-5.9290
-6.0393
-6.1280
-6.2128
-6.2978
-6.3695
-6.4451
-6.5423
-6.6545
-6.7624
-6.8388
-6.9085
-6.9519
-6.9885
-7.0219
-7.0787
-7.1420
-7.2152
-7.3015
-7.3741
-7.4565
-7.5419
-7.6340
-7.7295
-7.8381
-8.0074
-8.2273
-8.5087
-8.8023
-9.0788
-9.2830
-9.4314
-9.5083
-9.5302
-9.5330
-9.5391
-9.5406
-9.5438
-9.5517
-9.5564
-9.5769
-9.6053
-9.6432
-9.7162
-9.7986
-9.8839
-9.9660
-10.0479
-10.1235
-10.1801
-10.2273
-10.2462
-10.2750
-10.3232
-10.3538
-10.3603
-10.3762
-10.4236
-10.4740
-10.5428
-10.6270
-10.7234
-10.8289
-10.9020
-10.9524
-10.9844
-10.9855
-10.9335
-10.8561
-10.7998
-10.7691
-10.7594
-10.7624
-10.7717
-10.7854
-10.8078
-10.8328
-10.8715
-10.8696
-10.8431
-10.8198
-10.8063
-10.8137
-10.8455
-10.8734
-10.9035
-10.9309
-10.9269
-10.9088
-10.8939
-10.8942
-10.9054
-10.9053
-10.9093
-10.9223
-10.9303
-10.9261
-10.8953
-10.8394
-10.7571
-10.6322
-10.4572
-10.2462
-10.0201
-9.8069
-9.6269
-9.5191
-9.4853
-9.5035
-9.5401
-9.5736
-9.5976
-9.6246
-9.6360
-9.6505
-9.6649
-9.6728
-9.6931
-9.7194
-9.7282
-9.7211
-9.7077
-9.6976
-9.6958
-9.7022
-9.7199
-9.7132
-9.7005
-9.6904
-9.6818
-9.6612
-9.6436
-9.6211
-9.6156
-9.6009
-9.5889
-9.5732
-9.5539
-9.5332
-9.5111
-9.4874
-9.4621
-9.4290
-9.4022
-9.3788
-9.3700
-9.3642
-9.3553
-9.3445
-9.3414
-9.3351
-9.3205
-9.2561
-9.1951
-9.1433
-9.0918
-9.0653
-9.0545
-9.0662
-9.0690
-9.0628
-9.0581
-9.0564
-9.0591
-9.0560
-9.0357
-8.9872
-8.9291
-8.8692
-8.8295
-8.8022
-8.7952
-8.7885
-8.7912
-8.7864
-8.7656
-8.7369
-8.7080
-8.6711
-8.6321
-8.5947
-8.5675
-8.5578
-8.5345
-8.5065
-8.4801
-8.4225
-8.3166
-8.1577
-7.9850
-7.8140
-7.6571
-7.5265
-7.4193
-7.3342
-7.2800
-7.2522
-7.2276
-7.2028
-7.1595
-7.0821
-7.0204
-6.9446
-6.8556
-6.7556
-6.6516
-6.5443
-6.4449
-6.3655
-6.3062
-6.2418
-6.1858
-6.1162
-6.0260
-5.9293
-5.8327
-5.7409
-5.6484
-5.5534
-5.4804
-5.4216
-5.3703
-5.3280
-5.2641
-5.2051
-5.1479
-5.1156
-5.0910
-5.0726
-5.0617
-5.0557
-5.0144
-4.9716
-4.9391
-4.9093
-4.8507
-4.7735
-4.6758
-4.5718
-4.4622
-4.3335
-4.1840
-4.0181
-3.8420
-3.6822
-3.5530
-3.4727
-3.4186
-3.3593
-3.3249
-3.2716
-3.2017
-3.1028
-2.9917
-2.8840
-2.7795
-2.6639
-2.5728
-2.5072
-2.4783
-2.4538
-2.4225
-2.3658
-2.2894
-2.2208
-2.1303
-2.0195
-1.9022
-1.7914
-1.6808
-1.5480
-1.4144
-1.2983
-1.1822
-1.0817
-0.9844
-0.8845
-0.7868
-0.7113
-0.6656
-0.6357
-0.5928
-0.5466
-0.4762
-0.3981
-0.3177
-0.2469
-0.1763
-0.1049
-0.0177
0.0706
0.1502
0.2220
0.2947
0.3618
0.4327
0.4973
0.5772
0.6436
0.7059
0.7561
0.8081
0.8536
0.8906
0.9308
0.9948
1.0869
1.1749
1.2496
1.3095
1.3659
1.4227
1.5039
1.5790
1.6543
1.7264
1.7871
1.8555
1.9196
1.9810
2.0321
2.0757
2.1379
2.1864
2.2169
2.2402
2.2636
2.2938
2.3100
2.3470
2.3979
2.4592
2.5170
2.5921
2.6637
2.7350
2.7919
2.8487
2.9016
2.9473
2.9979
3.0410
3.0886
3.1363
3.1831
3.2130
3.2311
3.2406
3.2374
3.2133
3.1698
3.1245
3.0974
3.1150
3.1765
3.2782
3.3951
3.5282
3.6565
3.7678
3.8317
3.8516
3.8497
3.8296
3.8091
3.7851
3.7851
3.7851
3.7452
3.6691
3.5606
3.4713
3.4113
3.3472
3.2704
3.2024
3.1690
3.1368
3.1011
3.0685
3.0339
2.9581
2.8123
2.6244
2.4245
2.2337
2.0254
1.8324
1.6689
12.1615
