-3.88050886
-3.937181445
-3.970162565
-3.999008353
-4.004543692
-4.024737088
-4.104280698
-4.214512942
-4.369667425
-4.531201236
-4.703402337
-4.888198992
-5.067125499
-5.258706726
-5.502596989
-5.789325666
-6.081794919
-6.387501884
-6.72033011
-7.066697945
-7.438033411
-7.816856158
-8.239146336
-8.676784381
-9.051854742
-9.322713145
-9.482934661
-9.53150802
-9.515621093
-9.410827566
-9.268005521
-9.159146341
-9.146345658
-9.185125903
-9.239006489
-9.322529779
-9.449362
-9.619132814
-9.788342164
-9.955420589
-10.15602566
-10.39342508
-10.60783378
-10.80098483
-10.97153911
-11.09522082
-11.15492047
-11.16287327
-11.1868049
-11.23119636
-11.2811779
-11.31212659
-11.3160972
-11.32183391
-11.32756991
-11.33379623
-11.34382997
-11.35591327
-11.43535886
-11.50669565
-11.57357108
-11.66008658
-11.78480408
-11.88980151
-11.95594645
-12.00486127
-12.04936116
-12.0831386
-12.12332732
-12.17422922
-12.21088928
-12.26032337
-12.36716025
-12.4990694
-12.65405239
-12.78749679
-12.91645974
-13.06064698
-13.25356188
-13.44266161
-13.61830255
-13.76169186
-13.91187
-14.13211014
-14.35834392
-14.5798149
-14.82655154
-15.03801783
-15.21141892
-15.40855122
-15.60280152
-15.78002378
-15.95184614
-16.12134266
-16.27642944
-16.41513863
-16.50861438
-16.66306867
-16.88036279
-17.11092254
-17.27202033
-17.3586772
-17.41199069
-17.42051
-17.40738396
-17.36145224
-17.35298004
-17.38016303
-17.42011782
-17.47866971
-17.56795492
-17.69522203
-17.80324697
-17.90941679
-18.04751014
-18.19881039
-18.33602866
-18.44831079
-18.53900812
-18.60954644
-18.63477494
-18.58113158
-18.54511412
-18.54983208
-18.56832457
-18.57011016
-18.56160206
-18.55669223
-18.5809489
-18.64321196
-18.70907972
-18.8045225
-18.92307061
-19.04540181
-19.15084028
-19.20007539
-19.15482873
-19.09266975
-19.05030776
-19.04663103
-19.07129215
-19.11816079
-19.17053218
-19.23113031
-19.28722901
-19.31315185
-19.3651959
-19.41540052
-19.40780253
-19.37652049
-19.40304765
-19.47056175
-19.53880413
-19.60053521
-19.68836244
-19.77820798
-19.82385183
-19.78547276
-19.72946003
-19.67679795
-19.59360491
-19.52936903
-19.50248598
-19.47605398
-19.44428673
-19.41365908
-19.4216378
-19.44408897
-19.49268649
-19.52935049
-19.55826791
-19.58776499
-19.61605629
-19.64136888
-19.71426161
-19.82896772
-19.93296508
-20.0064147
-20.0387636
-20.06275472
-20.06697947
-20.02232207
-19.90902045
-19.78761115
-19.66273607
-19.52259781
-19.38868546
-19.29040512
-19.23439326
-19.1881355
-19.13222692
-19.08025491
-19.01377268
-18.91779049
-18.84277228
-18.77532049
-18.73544358
-18.70489452
-18.68364428
-18.65339051
-18.60894593
-18.58704902
-18.57351548
-18.55425831
-18.52229659
-18.51117319
-18.52600265
-18.53087365
-18.52647566
-18.51188091
-18.50753121
-18.52672219
-18.55036477
-18.58624791
-18.61381744
-18.64870055
-18.68500348
-18.73529613
-18.7816866
-18.84835627
-18.95232293
-19.0825437
-19.22464728
-19.37867413
-19.53731795
-19.66622091
-19.75801167
-19.8268386
-19.85745939
-19.85725105
-19.81984546
-19.79495017
-19.75426124
-19.69630364
-19.62862966
-19.52829159
-19.38725812
-19.19036662
-18.94560579
-18.68720497
-18.41720582
-18.12705242
-17.8183709
-17.5159528
-17.21699512
-16.95317719
-16.78535889
-16.71428885
-16.72105711
-16.76633397
-16.78961094
-16.80907535
-16.81409321
-16.75220343
-16.68160387
-16.63255373
-16.56941393
-16.49759027
-16.39977132
-16.27819079
-16.16117332
-16.02349754
-15.8523366
-15.66482894
-15.48563302
-15.3129242
-15.13563428
-14.94878798
-14.78666762
-14.64611113
-14.51694731
-14.43667664
-14.36660997
-14.30791155
-14.24578204
-14.17219324
-14.09839912
-14.01307656
-13.90791449
-13.80336157
-13.70966617
-13.61571068
-13.53783639
-13.45833282
-13.3314974
-13.1463511
-12.9439672
-12.71103034
-12.42507713
-12.10153917
-11.76711334
-11.430224
-11.10880367
-10.81649029
-10.58179198
-10.40468523
-10.23604521
-10.10887125
-10.05079099
-10.02511191
-10.03070947
-10.04885958
-10.06938554
-10.08882962
-10.09782554
-10.07985288
-10.06188297
-10.03193928
-9.981351475
-9.920476102
-9.833534597
-9.757606159
-9.677470531
-9.542653866
-9.402744458
-9.302663004
-9.230974242
-9.145772533
-9.047178366
-8.943915858
-8.848684144
-8.776151087
-8.696621749
-8.604589044
-8.471544101
-8.301151167
-8.06732934
-7.775696494
-7.39314576
-6.956870589
-6.47992348
-5.973427184
-5.45506024
-4.910912531
-4.380096449
-3.857787874
-3.353839057
-2.854548674
-2.400594141
-2.049018324
-1.781549318
-1.551738093
-1.362090233
-1.22440612
-1.126430937
-1.035043738
-0.953500128
-0.897497942
-0.842389392
-0.73548882
-0.607857323
-0.450334058
-0.259792848
-0.066743026
0.11984697
0.371644622
0.672625964
1.01345712
1.334980519
1.618632785
1.90921376
2.181776691
2.424049747
2.639179123
2.831750822
3.018805527
3.186002798
3.351742047
3.508792491
3.66749638
3.819309191
3.965679831
4.133529343
4.321138307
4.523090882
4.691507523
4.825857555
4.940967524
5.036657728
5.128509906
5.204653366
5.26129067
5.323039235
5.433807488
5.580473511
5.75229744
5.929450839
6.11057943
6.274916435
6.364177865
6.405257634
6.455252264
6.523395375
6.633739204
6.796753452
7.032869485
7.289422272
7.524855598
7.724608044
7.935203553
8.150202192
8.345381145
8.526215768
8.727369097
8.980765402
9.214017704
9.398241948
9.530588451
9.631865055
9.668047307
9.677941585
9.684193298
9.743282069
9.817643601
9.891103641
9.956178402
10.05948165
10.20629265
10.37522434
10.53413327
10.69034506
10.8219019
10.9193615
10.98931985
11.04904275
11.10828809
11.16822232
11.23883364
11.26142882
11.26679626
11.28066417
11.31546736
11.32779991
11.3350167
11.3513995
11.36739938
11.35661962
11.34471776
11.34005965
11.31487724
11.26850018
11.24178923
11.19976356
11.15423575
11.09931735
11.0583404
11.04507134
11.05622071
11.07644596
11.08672966
11.10568086
11.11590472
11.10241495
11.07013052
11.02465938
10.95657659
10.85531156
10.71700836
10.57455835
10.45023292
10.35852017
10.31311419
10.34695097
10.43646567
10.54834995
10.65162571
10.76232674
10.88138658
11.01321969
11.13087202
11.24389335
11.37418735
11.51829606
11.63676445
11.73443379
11.82697064
11.8846349
11.87660587
11.862107
11.85259947
11.81908513
11.79156157
11.75044963
11.66548056
11.56216632
11.43075684
11.27557933
11.10147499
10.88275486
10.64107534
10.38274787
10.13331826
9.901081723
9.689572399
9.499140377
9.330731074
9.192149725
9.067546874
8.96180045
8.914520857
8.918831346
8.92531039
8.862235394
8.777692855
8.701583801
8.608058953
8.466842268
8.324105561
8.188186931
8.048235425
7.924022899
7.823991091
7.75418854
7.733409913
7.781963855
7.889532548
8.018744034
8.149160957
8.302556723
8.420564131
8.5007798
8.570968302
8.622386046
8.673262214
8.718528667
8.749088755
8.774810258
8.803902828
8.823367413
8.824855655
8.846675077
8.910913296
8.977785365
9.024024226
9.038394467
9.044836106
9.003925334
8.887459346
8.767536857
8.65875135
8.528466858
8.349198662
8.175821619
7.976821102
7.752356704
7.538954073
7.31440207
7.075922403
6.843264921
6.641200185
6.442747145
6.22930623
6.039237698
5.878265512
5.727258653
5.568499705
5.426244703
5.3074243
5.172818393
5.027643327
4.877609132
4.743367514
4.62266952
4.537824703
4.481217486
4.415689426
4.332333429
4.246442921
4.144215417
4.013425516
3.849516331
3.66121354
3.440770316
3.199530483
2.940099817
2.664261477
2.363426575
2.018346569
1.665992536
1.323109807
0.999126081
0.678301564
0.401743472
0.165578931
-0.056085163
-0.229524115
-0.335855283
-0.390159044
-0.449232674
-0.544387523
-0.6389342
-0.757038928
-0.914297228
-1.097780646
-1.316483165
-1.590232913
-1.909730865
-2.256779851
-2.628342409
-3.012019837
-3.373793119
-3.693255196
-3.960188698
-4.144516841
-4.260015893
-4.314545114
-4.334869813
-4.334869813
-4.334869813
-4.359763163
-4.446764071
-4.541941696
-4.612872368
-4.668058226
-4.677333103
-4.660486043
-4.627591367
-4.57271775
-4.415413493
-4.161692171
-3.846976099
-3.549806752
-3.260976364
-2.97796609
-2.66995765
-2.428635051
-2.16116604
-1.822858079
-1.485522963
-1.304494359
