-3.880509
-4.024567
-4.168613
-4.312636
-4.456626
-4.600569
-4.744456
-4.888274
-5.032012
-5.175659
-5.319204
-5.462634
-5.605939
-5.749108
-5.892129
-6.034990
-6.177680
-6.320189
-6.462504
-6.604615
-6.746510
-6.888178
-7.029608
-7.170788
-7.311708
-7.452356
-7.592721
-7.732792
-7.872558
-8.012008
-8.151130
-8.289914
-8.428349
-8.566424
-8.704127
-8.841448
-8.978377
-9.114901
-9.251011
-9.386696
-9.521944
-9.656746
-9.791090
-9.924966
-10.058363
-10.191271
-10.323679
-10.455576
-10.586953
-10.717799
-10.848103
-10.977855
-11.107045
-11.235662
-11.363697
-11.491139
-11.617978
-11.744205
-11.869808
-11.994779
-12.119107
-12.242782
-12.365795
-12.488136
-12.609795
-12.730763
-12.851030
-12.970586
-13.089422
-13.207529
-13.324896
-13.441516
-13.557379
-13.672475
-13.786795
-13.900331
-14.013073
-14.125012
-14.236140
-14.346448
-14.455926
-14.564567
-14.672362
-14.779302
-14.885379
-14.990583
-15.094908
-15.198345
-15.300885
-15.402521
-15.503244
-15.603046
-15.701920
-15.799857
-15.896850
-15.992892
-16.087974
-16.182089
-16.275229
-16.367388
-16.458558
-16.548731
-16.637901
-16.726061
-16.813203
-16.899321
-16.984407
-17.068456
-17.151459
-17.233412
-17.314307
-17.394138
-17.472899
-17.550583
-17.627184
-17.702696
-17.777113
-17.850430
-17.922640
-17.993738
-18.063718
-18.132574
-18.200302
-18.266895
-18.332349
-18.396658
-18.459817
-18.521821
-18.582666
-18.642346
-18.700857
-18.758194
-18.814352
-18.869328
-18.923116
-18.975713
-19.027114
-19.077316
-19.126313
-19.174103
-19.220682
-19.266045
-19.310190
-19.353113
-19.394810
-19.435278
-19.474514
-19.512515
-19.549278
-19.584800
-19.619077
-19.652108
-19.683890
-19.714420
-19.743696
-19.771715
-19.798476
-19.823976
-19.848213
-19.871185
-19.892890
-19.913327
-19.932494
-19.950390
-19.967013
-19.982361
-19.996435
-20.009231
-20.020750
-20.030991
-20.039952
-20.047634
-20.054034
-20.059154
-20.062992
-20.065549
-20.066823
-20.066815
-20.065525
-20.062954
-20.059100
-20.053965
-20.047549
-20.039852
-20.030875
-20.020619
-20.009084
-19.996272
-19.982184
-19.966820
-19.950182
-19.932271
-19.913088
-19.892636
-19.870915
-19.847928
-19.823676
-19.798161
-19.771385
-19.743350
-19.714059
-19.683514
-19.651717
-19.618671
-19.584379
-19.548842
-19.512064
-19.474048
-19.434797
-19.394314
-19.352603
-19.309665
-19.265505
-19.220127
-19.173534
-19.125729
-19.076717
-19.026501
-18.975086
-18.922475
-18.868672
-18.813682
-18.757509
-18.700158
-18.641633
-18.581939
-18.521080
-18.459062
-18.395889
-18.331566
-18.266099
-18.199492
-18.131750
-18.062880
-17.992887
-17.921776
-17.849552
-17.776222
-17.701792
-17.626266
-17.549652
-17.471955
-17.393182
-17.313338
-17.232430
-17.150465
-17.067448
-16.983387
-16.898288
-16.812158
-16.725004
-16.636832
-16.547650
-16.457464
-16.366282
-16.274112
-16.180959
-16.086832
-15.991739
-15.895686
-15.798681
-15.700733
-15.601848
-15.502034
-15.401300
-15.299654
-15.197103
-15.093655
-14.989320
-14.884104
-14.778017
-14.671067
-14.563262
-14.454611
-14.345122
-14.234804
-14.123667
-14.011718
-13.898966
-13.785421
-13.671091
-13.555986
-13.440114
-13.323485
-13.206108
-13.087993
-12.969148
-12.849583
-12.729308
-12.608332
-12.486665
-12.364316
-12.241295
-12.117611
-11.993276
-11.868297
-11.742686
-11.616452
-11.489606
-11.362156
-11.234114
-11.105490
-10.976293
-10.846534
-10.716224
-10.585372
-10.453989
-10.322085
-10.189671
-10.056757
-9.923354
-9.789473
-9.655123
-9.520316
-9.385062
-9.249372
-9.113257
-8.976728
-8.839794
-8.702468
-8.564760
-8.426681
-8.288242
-8.149454
-8.010327
-7.870874
-7.731104
-7.591030
-7.450661
-7.310010
-7.169087
-7.027904
-6.886471
-6.744800
-6.602902
-6.460789
-6.318471
-6.175960
-6.033268
-5.890404
-5.747382
-5.604212
-5.460905
-5.317473
-5.173927
-5.030279
-4.886540
-4.742721
-4.598833
-4.454889
-4.310899
-4.166876
-4.022829
-3.878771
-3.734714
-3.590668
-3.446645
-3.302656
-3.158713
-3.014827
-2.871010
-2.727272
-2.583627
-2.440083
-2.296654
-2.153351
-2.010184
-1.867165
-1.724306
-1.581617
-1.439111
-1.296798
-1.154690
-1.012798
-0.871132
-0.729705
-0.588528
-0.447612
-0.306967
-0.166605
-0.026538
0.113224
0.252670
0.391788
0.530568
0.668999
0.807069
0.944768
1.082085
1.219008
1.355528
1.491633
1.627312
1.762555
1.897351
2.031690
2.165560
2.298951
2.431853
2.564255
2.696146
2.827517
2.958356
3.088653
3.218399
3.347582
3.476192
3.604220
3.731655
3.858487
3.984706
4.110302
4.235265
4.359585
4.483252
4.606257
4.728590
4.850241
4.971200
5.091458
5.211006
5.329833
5.447931
5.565290
5.681901
5.797754
5.912840
6.027151
6.140677
6.253410
6.365340
6.476458
6.586755
6.696224
6.804855
6.912639
7.019569
7.125635
7.230829
7.335144
7.438569
7.541099
7.642723
7.743435
7.843226
7.942089
8.040015
8.136996
8.233026
8.328097
8.422200
8.515329
8.607476
8.698634
8.788795
8.877953
8.966100
9.053230
9.139335
9.224409
9.308445
9.391436
9.473376
9.554259
9.634077
9.712824
9.790495
9.867083
9.942582
10.016986
10.090290
10.162486
10.233571
10.303537
10.372380
10.440094
10.506673
10.572113
10.636409
10.699554
10.761544
10.822375
10.882041
10.940538
10.997861
11.054005
11.108966
11.162740
11.215322
11.266709
11.316896
11.365879
11.413655
11.460219
11.505567
11.549698
11.592605
11.634288
11.674741
11.713962
11.751948
11.788696
11.824203
11.858466
11.891482
11.923248
11.953763
11.983024
12.011028
12.037773
12.063258
12.087479
12.110436
12.132126
12.152548
12.171700
12.189580
12.206188
12.221521
12.235579
12.248360
12.259864
12.270089
12.279035
12.286701
12.293086
12.298190
12.302013
12.304554
12.305813
12.305790
12.304484
12.301897
12.298028
12.292877
12.286446
12.278733
12.269741
12.259470
12.247920
12.235092
12.220988
12.205609
12.188956
12.171029
12.151831
12.131364
12.109628
12.086625
12.062358
12.036828
12.010037
11.981987
11.952681
11.922121
11.890309
11.857247
11.822940
11.787388
11.750595
11.712565
11.673299
11.632801
11.591074
11.548122
11.503948
11.458555
11.411947
11.364128
11.315101
11.264871
11.213441
11.160815
11.106998
11.051994
10.995807
10.938442
10.879903
10.820194
10.759322
10.697289
10.634102
10.569766
10.504284
10.437663
10.369909
10.301025
10.231018
10.159893
10.087657
10.014313
9.939869
9.864331
9.787704
9.709994
9.631207
9.551351
9.470430
9.388452
9.305423
9.221349
9.136238
9.050095
8.962929
8.874745
8.785550
8.695353
8.604159
8.511976
8.418812
8.324673
8.229568
8.133504
8.036488
7.938528
7.839631
7.739807
7.639062
7.537404
7.434843
7.331384
7.227038
7.121812
7.015715
6.908754
6.800939
6.692277
6.582779
6.472451
6.361304
