-3.556402652
-3.916863572
-4.135766707
-4.207093442
-4.178990722
-4.113498294
-4.079069483
-4.068164437
-4.10936263
-4.200792672
-4.315841574
-4.432289209
-4.534049391
-4.669497917
-4.806077871
-4.88013772
-4.88246877
-4.862670292
-4.857453165
-4.882136719
-4.95143458
-5.10896907
-5.353804248
-5.6520905
-5.948262915
-6.189072589
-6.434656746
-6.722518767
-7.011932087
-7.253941435
-7.469763265
-7.669436328
-7.841032832
-7.96031371
-8.044470273
-8.100089626
-8.126799819
-8.133023629
-8.165959006
-8.25674492
-8.349348297
-8.43795176
-8.578240087
-8.732813831
-8.868677971
-9.054577833
-9.318020464
-9.572551711
-9.786310845
-9.990398197
-10.21254812
-10.41688148
-10.6013481
-10.77976509
-10.9469564
-11.08386
-11.20285284
-11.32054537
-11.3962596
-11.42864265
-11.44531224
-11.47470706
-11.51684759
-11.59124954
-11.66995556
-11.74385177
-11.80992312
-11.85261251
-11.88091956
-11.90271497
-11.93050426
-11.99535327
-12.05465436
-12.06459242
-12.04209102
-12.07445815
-12.10286874
-12.11592057
-12.09617491
-12.07028977
-12.05950465
-12.06667999
-12.08662062
-12.05190557
-11.99875423
-11.94727995
-11.96208496
-11.9758112
-11.99410332
-12.00095569
-12.01727742
-12.05199021
-12.08884828
-12.12970005
-12.16619598
-12.23319085
-12.25863732
-12.26109986
-12.26122481
-12.24074206
-12.22397225
-12.20371873
-12.15640549
-12.1249537
-12.13440468
-12.18690175
-12.24753327
-12.28192457
-12.30803986
-12.37496783
-12.4824522
-12.5864093
-12.62303395
-12.61574406
-12.57198988
-12.57462171
-12.55640707
-12.51803643
-12.44263569
-12.39449227
-12.36815961
-12.33638156
-12.32068174
-12.33102475
-12.35461579
-12.38598847
-12.40665431
-12.47826905
-12.63015723
-12.75658075
-12.88089298
-13.04758497
-13.2278907
-13.37309509
-13.47469328
-13.51562453
-13.53633153
-13.54933861
-13.55969302
-13.54600039
-13.49881011
-13.41927896
-13.30914182
-13.19778349
-13.10329705
-13.02567367
-12.96881183
-12.89628527
-12.80389322
-12.72334532
-12.67702403
-12.68751099
-12.72534282
-12.77870202
-12.83541427
-12.89483278
-12.99061682
-13.13129398
-13.26714778
-13.41334125
-13.56942082
-13.75397423
-13.95267385
-14.12168091
-14.25812513
-14.35539432
-14.38969777
-14.34108326
-14.25456794
-14.14031969
-14.03841024
-13.91029845
-13.73789232
-13.52302267
-13.27443651
-13.03450303
-12.82251812
-12.60077496
-12.37173071
-12.09390094
-11.82398132
-11.63783725
-11.57005233
-11.56397057
-11.57156565
-11.59411576
-11.60129223
-11.61344944
-11.60341011
-11.56187717
-11.50652935
-11.37574539
-11.16105602
-10.91615262
-10.64259393
-10.26260488
-9.853086294
-9.434960884
-9.083585486
-8.816700074
-8.618015365
-8.459451831
-8.356320681
-8.313321537
-8.307180083
-8.30103895
-8.244873762
-8.184140425
-8.149583646
-8.086589187
-7.995170716
-7.93723811
-7.902907105
-7.861271031
-7.824912138
-7.770825099
-7.644802163
-7.473047456
-7.319682057
-7.194227047
-7.043093551
-6.883244651
-6.712508119
-6.542652857
-6.375900169
-6.18389893
-5.964548438
-5.759414611
-5.546270064
-5.255768141
-4.909751697
-4.576884771
-4.269774371
-3.98025463
-3.703545215
-3.417097933
-3.118377962
-2.819853802
-2.536430882
-2.242582461
-1.968029737
-1.707989902
-1.44861443
-1.183957578
-0.96612479
-0.827817201
-0.737121326
-0.643378742
-0.538615009
-0.440689034
-0.330046388
-0.209153461
-0.092596635
-0.016594424
0.025106283
0.071356105
0.143137635
0.2336475
0.329521788
0.447725264
0.628905195
0.86657513
1.141344992
1.441779285
1.789776723
2.149516732
2.506450437
2.889287948
3.308859159
3.713389305
4.070279175
4.409513107
4.693561836
4.895320708
5.001190791
5.052845278
5.085224995
5.137196192
5.221790981
5.334853147
5.470027581
5.621701964
5.772207849
5.879510928
5.914062306
5.922745176
5.927218909
5.935179423
5.96360769
6.037380629
6.151242052
6.310418717
6.482105124
6.609998842
6.759682386
6.942925022
7.1361018
7.348116887
7.581573006
7.796264736
7.985345909
8.126026222
8.262490562
8.372083752
8.434516847
8.497374019
8.574711907
8.642752243
8.691425027
8.723138031
8.73654359
8.746560987
8.764627603
8.817899588
8.890548262
8.987636154
9.138502202
9.300894253
9.40360147
9.496551193
9.602739754
9.678044187
9.726814521
9.743597528
9.749851389
9.776367303
9.814198231
9.878534494
9.953383638
10.01284703
10.1071122
10.19283986
10.25865944
10.29739647
10.39985901
10.52343333
10.64271062
10.74640386
10.82980617
10.92115075
10.99294898
11.05097944
11.08752345
11.14951408
11.22641242
11.29928972
11.36163043
11.41310584
11.41950787
11.40626963
11.38795155
11.37217553
11.3375335
11.28808278
11.25285125
11.25719031
11.27935164
11.30005228
11.32508013
11.32948085
11.32956021
11.31632095
11.30349747
11.28567508
11.23617837
11.16550312
11.07907964
10.9776921
10.88766942
10.77112383
10.64851397
10.55610617
10.48759973
10.43709692
10.41285499
10.40870712
10.40500688
10.36999605
10.28988568
10.21067908
10.13193964
10.02195759
9.894832281
9.747277453
9.591910728
9.442062925
9.31141169
9.17664923
9.025792513
8.896742861
8.766174717
8.592503217
8.431486718
8.305174048
8.227975688
8.179401971
8.168157447
8.119192114
8.014841123
7.859959529
7.644769292
7.360827452
7.033561949
6.693158828
6.384540481
6.086073173
5.793685718
5.527644237
5.300105229
5.122690056
4.994991368
4.893707542
4.821518749
4.751270084
4.703846751
4.637282035
4.51347982
4.385836477
4.274593583
4.121685563
3.948220794
3.75732863
3.550238899
3.314611929
3.086331109
2.846921466
2.604747948
2.337879525
2.077713605
1.824361124
1.574745647
1.369334144
1.204056982
1.096628005
1.003389467
0.929995145
0.872670109
0.829365173
0.794430422
0.727759839
0.651030635
0.561157702
0.453118819
0.319641901
0.140907883
-0.064028209
-0.284193749
-0.531795897
-0.784492709
-1.027451535
-1.27357194
-1.51329448
-1.700342453
-1.851907977
-1.934720949
-1.953676145
-1.956054169
-1.935485614
-1.936710481
-1.941313951
-1.963437812
-1.979420792
-1.992942834
-1.981852523
-1.937506107
-1.93737895
-1.96209559
-1.996605613
-1.999964475
-1.996054466
-1.975879782
-1.869763498
-1.668245075
-1.416192805
-1.108227543
-0.735136149
-0.338403881
-0.013157192
0.254808629
0.452144575
0.527253522
0.502971755
0.404842125
0.337872502
