1.5922
1.5394
1.5305
1.5328
1.5612
1.5879
1.5995
1.6110
1.6160
1.6159
1.6235
1.6367
1.6361
1.6003
1.5692
1.5295
1.4904
1.4192
1.3369
1.2575
1.1558
1.0456
0.9556
0.8766
0.8310
0.8038
0.8581
0.9540
1.0237
1.0579
1.0291
0.9527
0.8816
0.8291
0.8262
0.8686
0.9254
0.9605
0.9714
0.9666
0.9631
0.9806
0.9773
0.9812
0.9713
0.9541
0.9098
0.8643
0.8211
0.7704
0.7354
0.6732
0.6073
0.5287
0.4303
0.3075
0.1480
-0.0003
-0.1188
-0.1856
-0.2054
-0.1993
-0.1958
-0.2256
-0.2591
-0.2964
-0.3224
-0.3238
-0.3018
-0.2735
-0.2233
-0.2137
-0.2300
-0.2697
-0.3172
-0.3585
-0.3850
-0.4078
-0.4270
-0.4462
-0.4653
-0.4942
-0.5144
-0.5456
-0.5550
-0.5743
-0.5750
-0.5745
-0.5617
-0.5402
-0.5259
-0.5080
-0.4682
-0.4030
-0.3438
-0.3080
-0.3321
-0.3609
-0.4006
-0.4022
-0.3986
-0.3841
-0.3771
-0.3665
-0.3490
-0.3698
-0.4275
-0.5159
-0.6009
-0.6602
-0.6891
-0.7021
-0.7111
-0.7433
-0.7705
-0.8009
-0.8002
-0.7945
-0.7948
-0.8137
-0.8697
-0.9628
-1.0558
-1.1377
-1.1874
-1.2322
-1.2670
-1.3228
-1.3785
-1.4452
-1.4898
-1.5088
-1.4962
-1.4567
-1.4368
-1.4596
-1.5154
-1.5971
-1.6852
-1.7513
-1.8051
-1.8431
-1.8868
-1.9378
-1.9975
-2.0659
-2.1307
-2.1970
-2.2525
-2.3118
-2.3898
-2.4569
-2.5438
-2.6025
-2.6388
-2.6716
-2.7255
-2.7896
-2.8675
-2.9348
-3.0198
-3.1194
-3.2379
-3.3697
-3.4913
-3.5557
-3.5983
-3.6093
-3.6240
-3.6497
-3.6754
-3.7098
-3.7390
-3.7858
-3.8304
-3.8589
-3.9036
-3.9671
-4.0490
-4.1899
-4.3353
-4.4873
-4.5832
-4.6249
-4.6388
-4.6388
-4.6461
-4.6564
-4.6703
-4.6981
-4.7377
-4.8073
-4.8902
-4.9814
-5.0588
-5.1509
-5.2217
-5.2720
-5.3170
-5.3606
-5.3969
-5.4405
-5.5053
-5.5594
-5.6259
-5.6888
-5.7695
-5.8325
-5.8763
-5.8992
-5.9148
-5.9466
-5.9904
-6.0535
-6.1432
-6.2435
-6.3403
-6.4404
-6.5708
-6.7172
-6.8336
-6.9056
-6.9583
-7.0076
-7.0694
-7.1510
-7.2469
-7.3571
-7.4637
-7.6043
-7.7734
-7.9799
-8.2148
-8.4516
-8.6350
-8.7669
-8.8380
-8.8628
-8.8805
-8.9177
-8.9640
-9.0300
-9.1316
-9.2688
-9.4223
-9.5456
-9.6274
-9.6681
-9.6824
-9.7000
-9.7210
-9.7280
-9.7385
-9.7579
-9.7757
-9.7969
-9.8023
-9.8221
-9.8437
-9.8885
-9.9369
-9.9909
-10.0609
-10.1237
-10.1865
-10.2671
-10.3393
-10.4275
-10.4907
-10.5610
-10.6116
-10.6513
-10.6821
-10.7148
-10.7531
-10.8132
-10.8789
-10.9208
-10.9318
-10.9318
-10.9389
-10.9624
-10.9843
-11.0097
-11.0331
-11.0640
-11.1039
-11.1383
-11.1637
-11.1981
-11.2346
-11.3008
-11.4117
-11.5790
-11.8082
-12.0539
-12.2921
-12.4821
-12.6218
-12.7124
-12.7662
-12.7841
-12.8200
-12.8670
-12.9640
-13.0740
-13.2097
-13.3613
-13.5105
-13.6418
-13.7316
-13.7923
-13.8206
-13.8446
-13.8619
-13.8862
-13.9172
-13.9538
-13.9937
-14.0539
-14.1181
-14.1830
-14.2571
-14.3243
-14.4027
-14.5220
-14.6624
-14.8617
-15.0916
-15.2586
-15.3778
-15.4583
-15.5183
-15.5830
-15.6680
-15.7678
-15.8675
-15.9536
-16.0126
-16.0337
-16.0653
-16.1061
-16.2048
-16.3602
-16.5589
-16.8028
-17.0839
-17.3612
-17.5857
-17.7343
-17.7812
-17.7731
-17.7530
-17.7896
-17.8261
-17.9126
-17.9615
-18.0014
-18.0526
-18.0993
-18.1048
-18.0654
-18.0280
-18.0223
-18.0173
-17.9983
-17.9794
-17.9434
-17.8601
-17.7173
-17.4931
-17.1872
-16.8756
-16.6204
-16.4518
-16.3441
-16.2891
-16.2665
-16.2468
-16.2140
-16.1654
-16.1139
-16.0519
-15.9707
-15.8590
-15.7869
-15.7513
-15.7109
-15.6483
-15.6432
-15.6705
-15.6897
-15.6912
-15.6524
-15.5791
-15.4802
-15.3940
-15.3167
-15.2765
-15.2860
-15.2956
-15.2774
-15.2329
-15.1937
-15.1682
-15.1431
-15.1143
-15.0760
-15.0493
-15.0061
-14.9281
-14.7557
-14.5251
-14.2602
-14.0019
-13.7790
-13.6594
-13.6427
-13.6728
-13.7533
-13.8481
-13.9419
-14.0335
-14.1106
-14.1821
-14.2798
-14.4016
-14.6260
-14.9428
-15.2900
-15.6091
-15.8025
-15.8883
-15.9267
-15.9313
-15.9347
-15.9379
-15.9641
-15.9904
-16.0268
-16.0799
-16.1429
-16.1988
-16.2445
-16.2802
-16.2994
-16.3074
-16.3244
-16.3476
-16.3643
-16.3738
-16.3529
-16.3192
-16.2887
-16.2614
-16.2542
-16.2591
-16.2664
-16.2730
-16.2796
-16.3357
-16.4334
-16.5749
-16.7122
-16.8351
-16.9068
-16.9421
-16.9640
-16.9735
-17.0015
-17.0425
-17.0962
-17.1645
-17.2082
-17.2482
-17.2948
-17.3351
-17.3816
-17.4183
-17.4286
-17.4387
-17.4455
-17.4622
-17.4855
-17.5219
-17.5666
-17.6266
-17.6780
-17.7252
-17.7667
-17.8162
-17.8607
-17.9079
-17.9501
-17.9918
-18.0470
-18.1231
-18.2196
-18.3338
-18.4548
-18.5644
-18.6885
-18.8557
-19.0096
-19.1362
-19.2050
-19.2164
-19.2164
-19.2164
-19.2195
-19.2313
-19.2344
-19.2437
-19.2745
-19.3345
-19.4237
-19.5278
-19.6259
-19.7063
-19.7389
-19.7568
-19.7682
-19.8033
-19.8538
-19.9344
-20.0069
-20.0721
-20.1162
-20.1610
-20.2173
-20.2950
-20.3704
-20.4278
-20.4554
-20.4733
-20.4823
-20.4945
-20.5189
-20.5587
-20.6250
-20.7093
-20.8481
-21.0175
-21.2109
-21.3835
-21.5371
-21.6635
-21.7590
-21.8327
-21.8913
-21.9436
-21.9988
-22.0539
-22.1004
-22.1530
-22.2151
-22.2837
-22.3499
-22.4459
-22.5545
-22.6668
-22.7793
-22.8648
-22.9473
-23.0183
-23.1063
-23.2259
-23.3629
-23.5084
-23.6334
-23.7402
-23.8204
-23.8680
-23.9011
-23.9311
-23.9760
-24.0498
-24.1688
-24.3001
-24.4641
-24.5900
-24.6625
-24.6961
-24.7083
-24.7113
-24.7172
-24.7350
-24.7530
-24.7713
-24.7840
-24.7999
-24.8250
-24.8381
-24.8631
-24.8851
-24.9035
-24.9217
-24.9460
-24.9877
-25.0208
-25.0626
-25.1068
-25.1481
-25.1808
-25.2190
-25.2600
-25.2838
-25.2958
-25.3013
-25.3096
-25.3124
-25.3235
-25.3403
-25.3486
-25.3772
-25.4271
-25.4956
-25.5998
-25.6952
-25.7528
-25.7861
-25.8367
-25.9014
-26.0011
-26.1038
-26.1829
-26.2151
-26.2329
-26.2684
-26.3127
-26.3663
-26.4319
-26.4976
-26.5460
-26.5882
-26.6187
-26.6401
-26.6610
-26.6786
-26.6968
-26.7090
-26.7090
-26.7063
-26.7063
-26.7151
-26.7473
-26.8174
-26.9255
-27.0684
-27.2436
-27.3924
-27.5172
-27.5902
-27.6198
-27.6231
-27.6377
-27.6554
-27.7085
-27.7732
-27.8526
-27.8999
-27.9177
-27.9331
-27.9630
-28.0074
-28.0553
-28.1060
-28.1596
-28.2108
-28.2831
-28.3495
-28.4178
-28.4855
-28.5561
-28.6363
-28.7076
-28.7702
-28.8130
-28.8455
-28.8814
-28.9340
-29.0097
-29.1059
-29.2073
-29.2935
-29.3651
-29.4208
-29.4738
-29.4967
-29.5056
-29.5031
-29.5031
-29.5031
-29.5145
-29.5199
-29.5254
-29.5281
-29.5336
-29.5363
-29.5475
-29.5538
-29.5656
-29.5749
-29.5871
-29.5991
-29.6108
-29.6176
-29.6266
-29.6295
-29.6354
-29.6415
-29.6561
-29.6716
-29.6949
-29.7099
-29.7164
-29.7371
-29.7495
-29.7645
-29.7685
-29.7826
-29.7831
-29.7952
-29.8128
-29.8273
-29.8246
-29.8306
-29.8396
-29.8487
-29.8663
-29.8840
-29.8992
-29.9173
-29.9319
-29.9498
-29.9588
-29.9707
-29.9801
-29.9944
-30.0088
-30.0308
-30.0610
-30.1043
-30.1686
-30.2787
-30.3578
-30.4130
-30.4628
-30.5090
-30.5461
-30.5619
-30.5621
-30.5621
-30.5673
-30.5805
-30.5963
-30.6126
-30.6202
-30.6449
-30.6775
-30.6983
-30.7334
-30.7576
-30.7800
-30.7911
-30.8081
-30.8223
-30.8362
-30.8335
-30.8335
-30.8395
-30.8441
-30.8437
-30.7932
-30.7135
-30.6455
-30.6323
-30.6467
-30.6559
-30.6529
-30.6348
-30.6027
-30.5614
-30.5287
-30.5166
-30.5271
-30.5546
-30.5843
-30.6121
-30.6339
-30.6274
-30.6073
-30.5676
-30.5336
-30.4976
-30.4857
-30.4845
-30.4830
-30.4809
-30.4562
-30.4325
-30.4059
-30.3852
-30.3745
-30.3382
-30.2850
-30.2383
-30.2083
-30.1982
-30.1731
-30.1345
-30.0716
-30.0310
-29.9995
-29.9790
-29.9652
-29.9396
-29.9050
-29.8486
-29.7970
-29.7422
-29.6856
-29.6373
-29.6004
-29.5666
-29.5337
-29.5016
-29.4760
-29.4208
-29.3415
-29.2581
-29.1351
-29.0213
-28.9234
-28.8476
-28.7909
-28.7765
-28.7425
-28.6951
-28.6321
-28.5557
-28.4907
-28.4364
-28.3805
-28.3610
-28.3555
-28.3389
-28.2878
-28.2282
-28.1744
-28.1490
-28.1244
-28.1018
-28.0626
-27.9924
-27.9198
-27.8549
-27.7875
-27.7088
-27.6362
-27.5859
-27.5444
-27.4945
-27.4244
-27.3453
-27.2756
-27.2098
-27.1688
-27.1587
-27.1561
-27.1309
-27.1000
-27.0578
-27.0157
-26.9766
-26.9412
-26.9110
-26.8859
-26.8716
-26.8408
-26.8126
-26.7818
-26.7480
-26.6952
-26.6359
-26.5274
-26.4169
-26.3396
-26.3039
-26.2846
-26.2846
-26.2539
-26.2095
-26.1404
-26.0528
-25.9657
-25.8781
-25.7606
-25.6592
-25.5802
-25.5314
-25.5105
-25.4974
-25.4813
-25.4541
-25.4128
-25.3441
-25.2732
-25.1506
-24.9874
-24.7766
-24.5300
-24.2857
-24.0905
-23.9313
-23.8162
-23.7559
-23.7397
-23.7289
-23.7098
-23.6549
-23.5835
-23.4901
-23.3776
-23.2486
-23.1334
-23.0429
-22.9744
-22.9059
-22.8648
-22.8291
-22.8072
-22.7743
-22.7387
-22.7195
-22.6894
-22.6511
-22.5936
-22.5443
-22.4897
-22.4350
-22.3476
-22.2520
-22.1291
-22.0116
-21.9324
-21.9050
-21.8968
-21.8858
-21.8448
-21.7684
-21.6483
-21.4929
-21.3237
-21.1685
-21.0187
-20.8827
-20.7766
-20.7005
-20.6460
-20.5939
-20.5253
-20.4271
-20.2717
-20.0619
-19.8031
-19.5472
-19.3380
-19.1964
-19.1228
-19.1086
-19.0975
-19.0836
-19.0374
-18.9752
-18.8889
-18.8133
-18.7512
-18.7050
-18.6502
-18.5685
-18.4631
-18.3199
-18.1517
-17.9668
-17.8035
-17.6489
-17.5294
-17.4449
-17.3925
-17.3698
-17.3640
-17.3424
-17.3080
-17.2416
-17.1584
-17.0693
-17.0011
-16.9721
-16.9528
-16.9196
-16.8759
-16.8026
-16.7241
-16.6071
-16.4457
-16.2399
-16.0289
-15.8156
-15.6303
-15.4710
-15.3288
-15.1903
-15.0614
-14.9337
-14.8222
-14.7187
-14.6143
-14.4892
-14.3302
-14.1365
-13.9561
-13.7889
-13.6484
-13.5445
-13.4681
-13.3816
-13.2746
-13.1736
-13.0481
-12.9091
-12.7405
-12.5432
-12.3550
-12.1760
-12.0222
-11.9010
-11.7953
-11.6703
-11.5189
-11.3564
-11.1958
-11.0597
-10.9624
-10.9059
-10.8720
-10.8464
-10.8007
-10.7228
-10.6257
-10.5046
-10.3636
-10.1804
-10.0041
-9.8110
-9.6358
-9.4999
-9.3807
-9.2662
-9.1429
-8.9784
-8.8005
-8.6324
-8.4788
-8.3448
-8.2582
-8.1665
-8.0403
-7.8813
-7.6784
-7.4413
-7.1683
-6.8676
-6.5719
-6.3054
-6.0648
-5.8436
-5.6316
-5.4178
-5.2156
-5.0680
-4.9779
-4.9463
-4.9196
-4.8795
-4.8260
-4.7710
-4.6929
-4.5956
-4.4944
-4.3830
-4.2518
-4.1070
-3.9409
-3.7549
-3.5517
-3.3483
-3.1824
-3.0470
-2.9660
-2.9292
-2.9259
-2.9228
-2.9012
-2.8706
-2.8183
-2.7310
-2.6232
-2.4989
-2.3771
-2.2634
-2.1517
-2.0458
-1.9224
-1.7906
-1.6530
-1.5222
-1.3926
-1.2766
-1.1380
-0.9968
-0.8611
-0.7396
-0.6414
-0.5607
-0.4918
-0.4168
-0.3465
-0.2797
-0.1988
-0.0896
0.0552
0.2249
0.3839
0.5323
0.7029
0.8737
1.0592
1.2221
1.3514
1.4180
1.4644
1.4809
1.4965
1.5155
1.5514
1.6018
1.6627
1.7346
1.8283
1.9178
2.0209
2.1219
2.2320
2.3073
2.3670
2.4148
2.4187
2.3878
2.3557
2.3053
2.2575
2.2180
2.1747
2.1042
2.0063
1.8601
1.7004
1.5380
1.4004
1.2998
1.2524
1.2476
1.2693
1.2921
1.2882
1.2919
1.2955
1.2951
1.3023
1.3093
1.3234
1.3266
1.3312
1.3369
1.3392
1.3428
1.3453
1.3427
1.3461
1.3413
1.3526
1.3725
1.4102
1.3939
1.3974
1.4147
1.4933
1.6155
1.7868
1.9127
1.9946
2.0664
2.1659
2.2682
2.3428
2.3086
2.2059
2.0808
1.9322
1.7788
1.6406
1.5624
1.5131
1.4956
1.4883
1.4303
1.3514
1.2536
1.1259
1.0024
0.8406
0.6378
0.3979
0.2125
0.0651
-0.0348
-0.1278
-0.2819
-0.4879
-0.7246
-0.9497
-1.1485
-1.2418
-1.2818
-1.2794
-1.2779
-1.2948
-1.3495
-1.4211
-1.4849
-1.5678
-1.6497
-1.6916
-1.6814
-1.6316
-1.5462
-1.4807
-1.4306
-1.3995
-1.4202
-1.5252
-1.6959
-1.9229
-2.2059
-2.4992
-2.7801
-3.0526
-3.2887
-3.4643
-3.5757
-3.6245
-3.6119
-3.5627
-3.4941
-3.4140
-3.3276
-3.2361
-3.1468
-3.0929
-3.0694
-3.0381
-3.0088
-3.0321
-3.1232
-3.2589
-3.4157
-3.5721
-3.7049
-3.7857
-3.7773
-3.7066
-3.6034
-3.5159
-3.4465
-3.3866
-3.3231
-3.2421
-3.1567
-3.0702
-3.0233
-3.0388
-3.0930
-3.1625
-3.2430
-3.3197
-3.3708
-3.4000
-3.4183
-3.4365
-3.4619
-3.4837
-3.5128
-3.5456
-3.5892
-3.6328
-3.6873
-3.7525
-3.8140
-3.8451
-3.8536
-3.8374
-3.7951
-3.7553
-3.7264
-3.7266
-3.7341
-3.7554
-3.7860
-3.8288
-3.8552
-3.8680
-3.9025
-3.9205
-3.9313
-3.9313
-3.9454
-3.9459
-3.9409
-3.9257
-3.9096
-3.8797
-3.8600
-3.8571
-3.8717
-3.8756
-3.8687
-3.8585
-3.8670
-3.8735
-3.8958
-3.9180
-3.9489
-3.9796
-4.0123
-4.0294
-4.0256
-4.0290
-4.0308
-4.0291
-4.0217
-4.0303
-4.0633
-4.1389
-4.2636
-4.4453
-4.6431
-4.8496
-5.0206
-5.1776
-5.2793
-5.3289
-5.3397
-5.3205
-5.2962
-5.2616
-5.2444
-5.2272
-5.2101
-5.1997
-5.1808
-5.1635
-5.1394
-5.1330
-5.1159
-5.1129
-5.1240
-5.1349
-5.1580
-5.1876
-5.2209
-5.2487
-5.2593
-5.2609
-5.2607
-5.2708
-5.2845
-5.2999
-5.3325
-5.3722
-5.4222
-5.4655
-5.5072
-5.5437
-5.5857
-5.6260
-5.6855
-5.7451
-5.7804
-5.7998
-5.7858
-5.7788
-5.7648
-5.7438
-5.7264
-5.7230
-5.7594
-5.8328
-5.9602
-6.1208
-6.2831
-6.4471
-6.5885
-6.7003
-6.7404
-6.7301
-6.7057
-6.7059
-6.7555
-6.8156
-6.8967
-6.9654
-7.0147
-7.0463
-7.0726
-7.0903
-7.1290
-7.1712
-7.2362
-7.3359
-7.4702
-7.6095
-7.7366
-7.8445
-7.9385
-8.0098
-8.0394
-8.0464
-8.0430
-8.0361
-8.0275
-8.0433
-8.0765
-8.1028
-8.1275
-8.1364
-8.1558
-8.1872
-8.2187
-8.2345
-8.2712
-8.3201
-8.4107
-8.5084
-8.6113
-8.6813
-8.6955
-8.6610
-8.6404
-8.6545
-8.6983
-8.7751
-8.8502
-8.9062
-8.9552
-9.0093
-9.0755
-9.1751
-9.2921
-9.4143
-9.5364
-9.6857
-9.8488
-9.9896
-10.0613
-10.0563
-10.0529
-10.0476
-10.0476
-10.0476
-10.0476
-10.0578
-10.0818
-10.1092
-10.1434
-10.1742
-10.2189
-10.2568
-10.3000
-10.3208
-10.3503
-10.3939
-10.4374
-10.4790
-10.5351
-10.5824
-10.6385
-10.6896
-10.7673
-10.8083
-10.8683
-10.9051
-10.9138
-10.9419
-10.9700
-11.0107
-11.0635
-11.1130
-11.1465
-11.1713
-11.1873
-11.2155
-11.2684
-11.3374
-11.4206
-11.5199
-11.6261
-11.7162
-11.7908
-11.8299
-11.8723
-11.8952
-11.9073
-11.9127
-11.9525
-12.0260
-12.1299
-12.2250
-12.2850
-12.3025
-12.3112
-12.3282
-12.3545
-12.4125
-12.5069
-12.6835
-12.9319
-13.2330
-13.5341
-13.7869
-13.9380
-14.0016
-14.0082
-14.0115
-14.0115
-14.0214
-14.0312
-14.0446
-14.0680
-14.1043
-14.1341
-14.1637
-14.1868
-14.1967
-14.2001
-14.2132
-14.2460
-14.2865
-14.3195
-14.3767
-14.4305
-14.4865
-14.5785
-14.7066
-14.8688
-15.0530
-15.2459
-15.4476
-15.6164
-15.7302
-15.7587
-15.7587
-15.7749
-15.8019
-15.8653
-15.9671
-16.1258
-16.3271
-16.5416
-16.7330
-16.8839
-16.9946
-17.0943
-17.1787
-17.2537
-17.3201
-17.3847
-17.4159
-17.4352
-17.4541
-17.4858
-17.5338
-17.5786
-17.6331
-17.6936
-17.7609
-17.8019
-17.8650
-17.9461
-18.0644
-18.2203
-18.3723
-18.5337
-18.7353
-18.9230
-19.0698
-19.1572
-19.2043
-19.2425
-19.2806
-19.3324
-19.3748
-19.4218
-19.4985
-19.6004
-19.7076
-19.7922
-19.8615
-19.9213
-19.9656
-20.0367
-20.1513
-20.2845
-20.4166
-20.5347
-20.6490
-20.7453
-20.8013
-20.8347
-20.8496
-20.8701
-20.8973
-20.9343
-20.9748
-21.0185
-21.0283
-21.0144
-20.9822
-20.9568
-20.9506
-20.9476
-20.9476
-20.9445
-20.9416
-20.9150
-20.8735
-20.8097
-20.7293
-20.6822
-20.6961
-20.7091
-20.7310
-20.7561
-20.7698
-20.7873
-20.7774
-20.7506
-20.6995
-20.6615
-20.6427
-20.6165
-20.5959
-20.5782
-20.5693
-20.5605
-20.5427
-20.5310
-20.5288
-20.5329
-20.5280
-20.5347
-20.5293
-20.5300
-20.5403
-20.5721
-20.6255
-20.6793
-20.7389
-20.7923
-20.8536
-20.9031
-20.9431
-20.9622
-20.9771
-20.9772
-20.9803
-20.9803
-20.9803
-20.9865
-21.0252
-21.0785
-21.1430
-21.1904
-21.2199
-21.2372
-21.2882
-21.3717
-21.5104
-21.7275
-22.0089
-22.2646
-22.4574
-22.5552
-22.6172
-22.6580
-22.6925
-22.7383
-22.8013
-22.8733
-22.9542
-23.0268
-23.0850
-23.1488
-23.1836
-23.1954
-23.2010
-23.2182
-23.2413
-23.2648
-23.2939
-23.3319
-23.3816
-23.4599
-23.5865
-23.7159
-23.8311
-23.9343
-24.0229
-24.0972
-24.1573
-24.2205
-24.2951
-24.3613
-24.4131
-24.4565
-24.4857
-24.5117
-24.5289
-24.5433
-24.5637
-24.5840
-24.6043
-24.6219
-24.6398
-24.6718
-24.7038
-24.7386
-24.7535
-24.7769
-24.7890
-24.7840
-24.7792
-24.7631
-24.7246
-24.6887
-24.6611
-24.6361
-24.6168
-24.5947
-24.5754
-24.5449
-24.5202
-24.5095
-24.4988
-24.4965
-24.4883
-24.4944
-24.5008
-24.5153
-24.5190
-24.5112
-24.5007
-24.4734
-24.4490
-24.4330
-24.4366
-24.4542
-24.4605
-24.4669
-24.4733
-24.4905
-24.4993
-24.4942
-24.5117
-24.5375
-24.5747
-24.5924
-24.6293
-24.6522
-24.6610
-24.6586
-24.6278
-24.6054
-24.5944
-24.6029
-24.6084
-24.6029
-24.6085
-24.6144
-24.6257
-24.6372
-24.6460
-24.6570
-24.6736
-24.6849
-24.6879
-24.6938
-24.6968
-24.7081
-24.7114
-24.7228
-24.7398
-24.7515
-24.7686
-24.8106
-24.8555
-24.9059
-24.9534
-25.0035
-25.0289
-25.0236
-24.9899
-24.9365
-24.8750
-24.8246
-24.7968
-24.7664
-24.7417
-24.6750
-24.5886
-24.5022
-24.4606
-24.4665
-24.4753
-24.4815
-24.4626
-24.4155
-24.3408
-24.2466
-24.1831
-24.1667
-24.1644
-24.1702
-24.1732
-24.1763
-24.1820
-24.1767
-24.1491
-24.1047
-24.0634
-24.0361
-24.0032
-23.9480
-23.8874
-23.8266
-23.7826
-23.7525
-23.7085
-23.6481
-23.5517
-23.4388
-23.3480
-23.3041
-23.3014
-23.3042
-23.3042
-23.2876
-23.2573
-23.2050
-23.1389
-23.0812
-23.0457
-23.0158
-23.0132
-22.9885
-22.9527
-22.8978
-22.8375
-22.7939
-22.7340
-22.6604
-22.5649
-22.4367
-22.3058
-22.1830
-22.1422
-22.1451
-22.1479
-22.1370
-22.0988
-22.0661
-22.0198
-21.9736
-21.9384
-21.9114
-21.8682
-21.8059
-21.6999
-21.5860
-21.5130
-21.4944
-21.5029
-21.5003
-21.4894
-21.4623
-21.4323
-21.4130
-21.3936
-21.3547
-21.3103
-21.2496
-21.1674
-21.0719
-20.9651
-20.8583
-20.7893
-20.7500
-20.7080
-20.6557
-20.5818
-20.4781
-20.3744
-20.2872
-20.2300
-20.1861
-20.1634
-20.1209
-20.0529
-19.9877
-19.9123
-19.8099
-19.6918
-19.5243
-19.2797
-19.0293
-18.7878
-18.6561
-18.6019
-18.5816
-18.5680
-18.5219
-18.4520
-18.3550
-18.2435
-18.1709
-18.1060
-18.0494
-17.9905
-17.9421
-17.9122
-17.8774
-17.8344
-17.7886
-17.7398
-17.6799
-17.5959
-17.4896
-17.3640
-17.2437
-17.1310
-17.0347
-16.9390
-16.8023
-16.5894
-16.3356
-16.0543
-15.7812
-15.5476
-15.3728
-15.2182
-15.0891
-14.9796
-14.8796
-14.7774
-14.7037
-14.6289
-14.5426
-14.4533
-14.3590
-14.2720
-14.1793
-14.0621
-13.9173
-13.7394
-13.5215
-13.3015
-13.0823
-12.8671
-12.6720
-12.5118
-12.3895
-12.2603
-12.1541
-12.0487
-11.9842
-11.9533
-11.9407
-11.9407
-11.9282
-11.8943
-11.8378
-11.7504
-11.6216
-11.4568
-11.2862
-11.1439
-11.0361
-10.9838
-10.9591
-10.9527
-10.9496
-10.9257
-10.8898
-10.8526
-10.8078
-10.7599
-10.6955
-10.6393
-10.5553
-10.4580
-10.3165
-10.1513
-9.9841
-9.8669
-9.8099
-9.7953
-9.7953
-9.7920
-9.7856
-9.7710
-9.7514
-9.7168
-9.6694
-9.6024
-9.5243
-9.4267
-9.3225
-9.2018
-9.0859
-9.0089
-8.9483
-8.9155
-8.8713
-8.8207
-8.7603
-8.6853
-8.6138
-8.5341
-8.4496
-8.3681
-8.2637
-8.1411
-7.9906
-7.8483
-7.7288
-7.6256
-7.5353
-7.4236
-7.2936
-7.1321
-6.9853
-6.8798
-6.7790
-6.6747
-6.5671
-6.4563
-6.3567
-6.2653
-6.1706
-6.0757
-5.9726
-5.8613
-5.7768
-5.7120
-5.6806
-5.6672
-5.6504
-5.6270
-5.5804
-5.5305
-5.4650
-5.3909
-5.2999
-5.1854
-5.0616
-4.9279
-4.7959
-4.6863
-4.6135
-4.5695
-4.5252
-4.4795
-4.4462
-4.4163
-4.3676
-4.3203
-4.2657
-4.1872
-4.0983
-3.9818
-3.8583
-3.7347
-3.6318
-3.5252
-3.4078
-3.2866
-3.1795
-3.0827
-2.9891
-2.9072
-2.8567
-2.8327
-2.8363
-2.8398
-2.8440
-2.8161
-2.7860
-2.7811
-2.7929
-2.8344
-2.8976
-2.9635
-3.0160
-3.0771
-3.1087
-3.1136
-3.1137
-3.1033
-3.1134
-3.1141
-3.1218
-3.1191
-3.1318
-3.1487
-3.1694
-3.1899
-3.1874
-3.1625
-3.1467
-3.1718
-3.2036
-3.2292
-3.1758
-3.0221
-2.7641
-2.5188
-2.2563
-1.9988
-1.6925
-1.3563
-1.0246
-0.7430
-0.5396
-0.3864
-0.2505
-0.1542
-0.1781
-0.3236
-0.6291
-1.0328
-1.4949
-1.9984
-2.5174
-3.0620
-3.5886
-4.0865
-4.5105
-4.8207
-4.9516
-4.9326
-4.8584
-4.8160
-4.8597
-5.0211
-5.2435
-5.4442
-5.5547
-5.5452
-5.5005
-5.4339
-5.3765
-5.3544
-5.3581
-5.3934
-5.4305
-5.4585
-5.5069
-5.5977
-5.7546
-5.9020
-6.0252
-6.1206
-6.2652
-6.4296
-6.6191
-6.8118
-6.9346
-7.0497
-7.1120
-7.0963
-6.9977
-6.8436
-6.7080
-6.6574
-6.6771
-6.7310
-6.8331
-6.9173
-6.9565
-6.9491
-6.9471
-6.9842
-7.0355
-7.1115
-7.2440
-7.4078
-7.5235
-7.5948
-7.6096
-7.5752
-7.5251
-7.4791
-7.4455
-7.4278
-7.4242
-7.4207
-7.4241
-7.4310
-7.4520
-7.4853
-7.5396
-7.5921
-7.6358
-7.6934
-7.7388
-7.7842
-7.8330
-7.8886
-7.9614
-8.0496
-8.1308
-8.1685
-8.1523
-8.1310
-8.0976
-8.0661
-8.0467
-8.0409
-8.0456
-8.0295
-8.0029
-7.9868
-7.9811
-7.9893
-8.0427
-8.1014
-8.1704
-8.2838
-8.4176
-8.5577
-8.6670
-8.7046
-8.6912
-8.6744
-8.6746
-8.6798
-8.6798
-8.6764
-8.6697
-8.6596
-8.6495
-8.6462
-8.6309
-8.6054
-8.5797
-8.5491
-8.5204
-8.4935
-8.4735
-8.4568
-8.4417
-8.4385
-8.4388
-8.4616
-8.5208
-8.5920
-8.6668
-8.7294
-8.7728
-8.8197
-8.8978
-8.9865
-9.0771
-9.1451
-9.1734
-9.2002
-9.2429
-9.3187
-9.3999
-9.4792
-9.5254
-9.5264
-9.4993
-9.4823
-9.4756
-9.4761
-9.5392
-9.6096
-9.6887
-9.7490
-9.7798
-9.8054
-9.8325
-9.8523
-9.8803
-9.8803
-9.8837
-9.8803
-9.8838
-9.8857
-9.9031
-9.9589
-10.0548
-10.1896
-10.3331
-10.4713
-10.5659
-10.6411
-10.6687
-10.6755
-10.6823
-10.6992
-10.7195
-10.7330
-10.7431
-10.7567
-10.7721
-10.7944
-10.8332
-10.8828
-10.9458
-11.0143
-11.0833
-11.1800
-11.2821
-11.3721
-11.4703
-11.5543
-11.6350
-11.7352
-11.8126
-11.8617
-11.8792
-11.9087
-11.9323
-11.9646
-12.0144
-12.0757
-12.1533
-12.2740
-12.4056
-12.5398
-12.6436
-12.7333
-12.8109
-12.8547
-12.8875
-12.9390
-13.0201
-13.1123
-13.2077
-13.2776
-13.3044
-13.3227
-13.3214
-13.3214
-13.3247
-13.3313
-13.3610
-13.4039
-13.4853
-13.5929
-13.6881
-13.7939
-13.8778
-13.9158
-13.9517
-13.9757
-13.9855
-14.0182
-14.0848
-14.2038
-14.3097
-14.4024
-14.4951
-14.5649
-14.5943
-14.6169
-14.6331
-14.6525
-14.6871
-14.7391
-14.7750
-14.7902
-14.7902
-14.8021
-14.8215
-14.8649
-14.9225
-14.9790
-15.0508
-15.1356
-15.2031
-15.2740
-15.3451
-15.4074
-15.4729
-15.5320
-15.5682
-15.5966
-15.6274
-15.6613
-15.7173
-15.8028
-15.8565
-15.9113
-15.9801
-16.0489
-16.1352
-16.2421
-16.3622
-16.4919
-16.6336
-16.7539
-16.8685
-16.9600
-17.0341
-17.0669
-17.1006
-17.1263
-17.1760
-17.2281
-17.2850
-17.3418
-17.4121
-17.4814
-17.5640
-17.6293
-17.7063
-17.7547
-17.7976
-17.8238
-17.8707
-17.9393
-18.0542
-18.2194
-18.4548
-18.7140
-18.9352
-19.0751
-19.1460
-19.1671
-19.2100
-19.3000
-19.4381
-19.6214
-19.8654
-20.1492
-20.4377
-20.6677
-20.7962
-20.8506
-20.8722
-20.8815
-20.8846
-20.8936
-20.9027
-20.9120
-20.9242
-20.9333
-20.9457
-20.9887
-21.0749
-21.2160
-21.3692
-21.5222
-21.6650
-21.7710
-21.8256
-21.8463
-21.8720
-21.9005
-21.9119
-21.9416
-21.9536
-21.9747
-22.0018
-22.0321
-22.0197
-21.9940
-21.9374
-21.9098
-21.8883
-21.8779
-21.8819
-21.9056
-21.9307
-21.9267
-21.8908
-21.8606
-21.8026
-21.7370
-21.6298
-21.4831
-21.3018
-21.1260
-20.9771
-20.8669
-20.8045
-20.7695
-20.7055
-20.6248
-20.4995
-20.3300
-20.1418
-19.9203
-19.6872
-19.4666
-19.3093
-19.2307
-19.2188
-19.2274
-19.2274
-19.2305
-19.2399
-19.2609
-19.3071
-19.3617
-19.4361
-19.5265
-19.5941
-19.6138
-19.6139
-19.6256
-19.6562
-19.7104
-19.7822
-19.8189
-19.8435
-19.8443
-19.8479
-19.8541
-19.8785
-19.9089
-19.9454
-19.9848
-20.0329
-20.0897
-20.1674
-20.2333
-20.2905
-20.3212
-20.3547
-20.3652
-20.4015
-20.4312
-20.4401
-20.4289
-20.4291
-20.4351
-20.4269
-20.4104
-20.3939
-20.3974
-20.3895
-20.3679
-20.3263
-20.2822
-20.2186
-20.1860
-20.1617
-20.1347
-20.0988
-20.0437
-19.9662
-19.8807
-19.8040
-19.7582
-19.7095
-19.6159
-19.5138
-19.4058
-19.3203
-19.2852
-19.2949
-19.3041
-19.2932
-19.2549
-19.2082
-19.1636
-19.1529
-19.1540
-19.1523
-19.0978
-19.0132
-18.9148
-18.8327
-18.8110
-18.8200
-18.8176
-18.7791
-18.7218
-18.6700
-18.6237
-18.5797
-18.5665
-18.5527
-18.5335
-18.5009
-18.4571
-18.4053
-18.3453
-18.2962
-18.2475
-18.2038
-18.1630
-18.1223
-18.0685
-17.9931
-17.9142
-17.8460
-17.8298
-17.8239
-17.8149
-17.8060
-17.7869
-17.7731
-17.7624
-17.7241
-17.6578
-17.5658
-17.4798
-17.3969
-17.3473
-17.3199
-17.2781
-17.1982
-17.1016
-16.9686
-16.8092
-16.6264
-16.3934
-16.1739
-15.9909
-15.8536
-15.8051
-15.8028
-15.7998
-15.7701
-15.7268
-15.6448
-15.5166
-15.3861
-15.2332
-15.0721
-14.8913
-14.7286
-14.5922
-14.4891
-14.4172
-14.3559
-14.2477
-14.0791
-13.8804
-13.6869
-13.5215
-13.4060
-13.3124
-13.2210
-13.1005
-12.9613
-12.7932
-12.6220
-12.4475
-12.2781
-12.1289
-12.0260
-11.9722
-11.9247
-11.8627
-11.8275
-11.8038
-11.7778
-11.7258
-11.6553
-11.5715
-11.4865
-11.4167
-11.3640
-11.3177
-11.2675
-11.1687
-11.0681
-10.9731
-10.9068
-10.8539
-10.8028
-10.7313
-10.6548
-10.5653
-10.4532
-10.3410
-10.2504
-10.1527
-10.0813
-10.0177
-9.9537
-9.8965
-9.8624
-9.8334
-9.8010
-9.7590
-9.7139
-9.6772
-9.7078
-9.7904
-9.8693
-9.8941
-9.8778
-9.8746
-9.8933
-9.9544
-10.0225
-10.0860
-10.1432
-10.1660
-10.1357
-10.0569
-9.9645
-9.8819
-9.8261
-9.7733
-9.7180
-9.6786
-9.6603
-9.6501
-9.6449
-9.6263
-9.5907
-9.5622
-9.5340
-9.5058
-9.4795
-9.4297
-9.3634
-9.2720
-9.1620
-9.0316
-8.8926
-8.7623
-8.6424
-8.5425
-8.4862
-8.4430
-8.4129
-8.4163
-8.4214
-8.4318
-8.4354
-8.4544
-8.4854
-8.5352
-8.5646
-8.5364
-8.4829
-8.4360
-8.3924
-8.3673
-8.3673
-8.3739
-8.3671
-8.3369
-8.3034
-8.2900
-8.2899
-8.3122
-8.3091
-8.3042
-8.3042
-8.3025
-8.2991
-8.2924
-8.2822
-8.2719
-8.2616
-8.2445
-8.2377
-8.2275
0.5078
