39.82753965
40.12371053
40.40499469
40.65399443
40.936134
41.18266283
41.3783861
41.55868314
41.73127916
41.88410801
42.00767477
42.12674346
42.18531004
42.23115019
42.289658
42.33618391
42.38349932
42.42964009
42.50758823
42.63159845
42.8134433
43.01612781
43.26483477
43.54227253
43.82318467
44.15376473
44.48205818
44.71927709
44.83107077
44.88043375
44.90381513
44.90695608
44.91409112
44.91839893
44.91839893
44.93608706
44.97387874
45.04720319
45.08615225
45.12307456
45.1701675
45.19763822
45.19733636
45.19601745
45.20283343
45.20283343
45.22954407
45.2886815
45.32604264
45.36342011
45.40329317
45.42135409
45.45313317
45.47681843
45.5162135
45.59528281
45.70665517
45.83349633
45.91041778
45.94267166
45.94627375
45.93935726
45.93325514
45.93768961
45.93768961
45.93242759
45.93686268
45.93428861
45.93978664
45.93850907
45.93488016
45.91021703
45.87000871
45.83283212
45.78546461
45.73657642
45.68256378
45.64429439
45.59296936
45.57956205
45.6006604
45.59951117
45.58248905
45.58534336
45.60330899
45.61181993
45.59552004
45.59182218
45.61434812
45.61773037
45.64315389
45.66859381
45.66101233
45.63097582
45.63115345
45.63899055
45.6543786
45.67726256
45.69494611
45.71294453
45.73494066
45.76154929
45.76875081
45.8081567
45.83219542
45.81441882
45.81981674
45.84434314
45.81617133
45.79314432
45.80998077
45.80853582
45.79808789
45.83332326
45.87053482
45.87975458
45.89842325
45.92960045
45.94510397
45.96206373
45.99764501
46.0267159
46.05733432
46.18858556
46.3360917
46.47800115
46.54641547
46.5782818
46.59376469
46.60596823
46.59968502
46.59664752
46.58898025
46.56408695
46.55365582
46.53833706
46.51984177
46.50499749
46.49380394
46.45495994
46.39649395
46.32853033
46.26966168
46.18457853
46.12719791
46.0866555
46.04091149
46.01723033
46.00073145
45.99924466
45.99924466
45.99924466
45.99775824
45.99775824
45.99775824
46.01244984
46.02758668
46.0234482
46.02834759
46.02834759
46.04187956
46.03444636
46.01902897
46.01951267
46.01566655
45.98041452
45.93295294
45.90788549
45.87431716
45.84351061
45.81223518
45.80156887
45.75957279
45.7291336
45.6948641
45.67247952
45.65959405
45.64687804
45.64674734
45.61473497
45.58401506
45.5883698
45.5822403
45.54914801
45.53900119
45.54817013
45.55246121
45.55026343
45.5336685
45.55119116
45.55107375
45.51497226
45.48668898
45.48111787
45.47893091
45.50230219
45.51300573
45.4521444
45.46080364
45.47495806
45.48795814
45.48795806
45.48941275
45.51542201
45.55389006
45.58417857
45.60226454
45.64455283
45.67141888
45.6783585
45.69836935
45.69912125
45.66765063
45.64802914
45.64763309
45.62078597
45.60243461
45.61422958
45.61009246
45.59686065
45.61101504
45.63082832
45.61350981
45.60857082
45.60730086
45.59904707
45.56522612
45.51336403
45.47476492
45.42765355
45.36882212
45.32239847
45.33767257
45.36385579
45.34562821
45.34202597
45.3569725
45.3598987
45.36437376
45.38197633
45.40326417
45.3992134
45.42149875
45.45760359
45.46491166
45.45190764
45.43047801
45.40316307
45.38799133
45.37304726
45.37511818
45.3597821
45.34227581
45.33668836
45.36880121
45.37714196
45.36687073
45.37952232
45.38506429
45.36274867
45.35879165
45.38125874
45.34981514
45.28162032
45.23166202
45.19575032
45.16475182
45.15788129
45.15580417
45.15777909
45.15777909
45.17164466
45.18273259
45.17778929
45.15127946
45.1645313
45.16808494
45.11529588
45.09211363
45.09762706
45.06909464
45.01916376
45.00315805
44.99624984
44.97613832
44.96558773
44.96782148
44.95917058
44.94714512
44.91139355
44.90289668
44.8931511
44.87289402
44.86139793
44.84812985
44.81171626
44.80116248
44.79496823
44.80289268
44.81609424
44.83068634
44.83646857
44.84462594
44.86878235
44.90906022
44.93449257
44.98307073
45.04138392
45.09841869
45.16410544
45.24067478
45.30048027
45.34169893
45.38229932
45.42750915
45.47551665
45.48801985
45.49526868
45.52040833
45.56181898
45.59722535
45.63325641
45.6753128
45.71941125
45.75052099
45.77645395
45.79502257
45.81735439
45.8397402
45.8621798
45.88279665
45.91425691
45.93685425
45.95761545
45.98220924
46.0049667
46.03348828
46.06400281
46.10804223
46.15414398
46.20044167
46.25860879
46.32101366
46.38772393
46.4528695
46.51243085
46.58032107
46.64090409
46.69601499
46.73292752
46.77365056
46.78879389
46.78921172
46.79613484
46.8063365
46.81484247
46.84699519
46.8964887
46.94560382
46.9967693
47.04598569
47.08119753
47.10917499
47.1381016
47.15971303
47.16333676
47.15548664
47.15300833
47.1527923
47.16363638
47.19689586
47.24382382
47.29544214
47.3575147
47.43337073
47.50064852
47.57616149
47.63304288
47.6913975
47.74888688
47.80303347
47.8596006
47.89361735
47.91747734
47.9456613
47.9736004
47.99691723
48.01325751
48.01708251
48.01842605
48.02076389
48.01560066
48.0151256
48.01186815
48.02438448
48.04182633
48.05304852
48.08249884
48.09151449
48.08623233
48.06678285
48.06218288
48.0716903
48.09545291
48.09470289
48.09046323
48.08576003
48.09084403
48.08881899
48.09123006
48.12389806
48.1828266
48.25418389
48.32207957
48.39568946
48.45386991
48.49444546
48.52269367
48.53562749
48.53571999
48.52887612
48.53597618
48.54054078
48.53947611
48.53819774
48.54164872
48.54223634
48.55578675
48.55882562
48.56522448
48.61207018
48.68021058
48.77026241
48.87438663
48.97165008
49.05932167
49.13713767
49.21086894
49.27335043
49.32747988
49.38450891
49.42629724
49.45599343
49.46948207
49.4963327
49.52717385
49.56125865
49.57152388
49.58295605
49.61174759
49.61325611
49.62427881
49.65324751
49.71074267
49.73245597
49.73425413
49.74835749
49.75618532
49.77294873
49.79231513
49.80623652
49.81858264
49.82227053
49.82016953
49.831336
49.83568789
49.85235623
49.85652022
49.8666062
49.87930852
49.88382659
49.87916742
49.87864501
49.8828293
49.87585216
49.87261246
49.87228695
49.87695703
49.87697052
49.89569413
49.9041139
49.89704646
49.9003608
49.91239652
49.92209359
49.94388474
49.96452036
49.96783773
49.98463879
49.99252061
49.99250476
49.99546627
49.99156194
50.00075221
49.997045
49.995996
50.00798495
50.02830929
50.05665445
50.08731846
50.13111967
50.1612626
50.20507806
50.24212866
50.27951586
50.31532711
50.33305324
50.34254794
50.34969194
50.33879036
50.32956767
50.31578244
50.31157562
50.28556596
50.29610482
50.30561245
50.29994193
50.31319177
50.32635401
50.3236946
50.3381407
50.35814779
50.37838633
50.40443958
50.44009653
50.49025944
50.5506638
50.61396891
50.66163361
50.72763138
50.77415429
50.82862561
50.86251817
50.89133041
50.90393873
50.91987247
50.92811712
50.93975945
50.95822759
50.97670874
51.0049187
51.02875332
51.04865181
51.05934314
51.05652664
51.06742394
51.07656763
51.08669139
51.11366704
51.15020893
51.19606606
51.24966939
51.29397664
51.33545886
51.37094486
51.40559191
51.42552285
51.4549462
51.47229522
51.49178846
51.50874213
51.5394433
51.56799559
51.59899329
51.62526048
51.65921414
51.70081414
51.72608503
51.74159398
51.74311672
51.75476049
51.76700156
51.77707018
51.78856596
51.79347932
51.80170395
51.8247749
51.83802322
51.85168178
51.88324179
51.91854228
51.94703712
51.98018328
52.00750622
52.04104557
52.07400533
52.09946733
52.11867691
52.12416137
52.11801259
52.11218073
52.10725534
52.11682744
52.10942303
52.10910902
52.10999586
52.11161777
52.12623493
52.15286488
52.17732088
52.17531914
52.1771136
52.18711585
52.21284177
52.23828472
52.2590913
52.26835116
52.28117861
52.29437292
52.31980543
52.32289517
52.31781371
52.32818682
52.33123779
52.35354129
52.36731698
52.39257371
52.417482
52.45396494
52.47894236
52.50041584
52.52967999
52.55182996
52.56988749
52.59503071
52.62108813
52.65133447
52.66959467
52.68269308
52.68173264
52.67292986
52.6641384
52.67478039
52.7052115
52.73176941
52.74210059
52.7490523
52.76287691
52.79363219
52.82631719
52.85103212
52.85188885
52.85229425
52.85007509
52.84693328
52.83833138
52.81883375
52.80188042
52.81824276
52.85062509
52.881411
52.91690636
52.94522073
52.96737493
53.01887708
53.06335587
53.09463594
53.12108418
53.16980675
53.20919768
53.25326607
53.29533352
53.33218801
53.37014866
53.39913071
53.44446606
53.46779116
53.47768703
53.47709616
53.45738333
53.42751314
53.4167798
53.40416518
53.39052187
53.38757003
53.3899771
53.40414705
53.39970908
53.39333476
53.38669615
53.3708299
53.34860106
53.33113703
53.31984054
53.32055063
53.32878708
53.34097625
53.36115602
53.40258065
53.43429016
53.45570939
53.47407049
53.49287732
53.49504812
53.49375608
53.51257937
53.52011182
53.50692913
53.48960793
53.48359756
53.4902838
53.49941251
53.51469428
53.52872672
53.55702816
53.58975151
53.60651146
53.61265351
53.6104101
53.61660272
53.61482347
53.60134018
53.57683392
53.56396048
53.54752264
53.54265811
53.56006764
53.57685656
53.58352526
53.58786314
53.57530391
53.53766199
53.48564526
53.47209359
53.4629134
53.4516159
53.4634266
53.47988061
53.49368031
53.50483152
53.51870244
53.51973394
53.51326244
53.52709971
53.54312173
53.53956098
53.52320317
53.50876125
53.4924185
53.49115451
53.48008588
53.42930895
53.37550401
53.32298172
53.27954006
53.23361479
53.21016417
53.17779237
53.15341831
53.128043
53.08049739
53.03171165
53.00274509
52.97086615
52.93048041
52.87625769
52.8133394
52.74556832
52.65920031
52.58935318
52.52964729
52.48744705
52.45389639
52.45065589
52.44894414
52.4413288
52.40706731
52.41325916
52.43169474
52.42284099
52.39055744
52.40115362
52.41501048
52.42983994
52.41182414
52.38853077
52.37702202
52.36817908
52.35178212
52.34218084
52.35863864
52.3803205
52.36229684
52.32823477
52.30178913
52.29369272
52.28248337
52.26423954
52.23774088
52.21092235
52.1840128
52.14787433
52.07633473
51.99318558
51.90329411
51.80206108
51.69901202
51.60115851
51.50924447
51.42155171
51.36255929
51.31446029
51.25683008
51.21028767
51.17335135
51.15286116
51.12375639
51.08917207
51.08029095
51.05989855
51.04203787
51.03705267
51.00662967
50.95379615
50.87922157
50.79552555
50.71542572
50.62238575
50.52357863
50.43690021
50.33846759
50.25129538
50.18362834
50.12888883
50.09531033
50.07436541
50.06390498
50.06390498
50.06390498
50.04572775
50.03384602
50.01254691
49.97511588
49.91934977
49.85949546
49.79471287
49.72922842
49.68003452
49.61929368
49.55303257
49.49121205
49.42577026
49.39848379
49.40435945
49.38872818
49.35616829
49.32630852
49.31521776
49.31648085
49.32088967
49.31742422
49.26146691
49.20953793
49.1839291
49.13475624
49.03319363
48.92890104
48.83644575
48.72646419
48.60494741
48.52066756
48.43284383
48.3271929
48.25432886
48.21721203
48.1960757
48.18685582
48.18861461
48.1921333
48.19635597
48.20550739
48.20472367
48.19549946
48.19973285
48.1810615
48.13300526
48.09512825
48.02329009
47.95526016
47.85038205
47.73222188
47.6334567
47.57806926
47.56425725
47.56764427
47.5700581
47.56194989
47.5467106
47.52318245
47.48172428
47.44161717
47.38660825
47.26155993
47.05551104
46.74189317
46.36877578
45.90210545
45.35683691
44.79783243
44.21343438
43.55723172
42.84557146
42.09457911
41.11502378
39.90366879
38.5473397
37.15093217
35.77438009
34.49542584
33.40617857
32.51016401
31.84224839
31.50114832
31.35740315
31.40014234
31.59281904
31.92095322
32.30875303
32.80050509
33.27220895
33.71488605
34.15773024
34.60947761
35.03191794
35.4327162
35.79302754
36.09572167
36.34540064
36.54350425
36.69731223
36.75709391
36.79030622
36.83727
36.88982762
36.94833632
37.05037085
37.19730366
37.38001513
37.57887969
37.7325171
37.90069458
38.06990091
38.23808366
38.39807894
38.54125368
38.62611798
38.70462774
38.80343328
38.94082997
39.03688324
39.13822821
39.28027286
39.42606458
39.52570418
39.59997233
39.71833268
39.83523824
39.95549917
40.07433858
40.2230994
40.37527743
40.53243688
40.71886405
40.88373265
41.02007357
41.14611855
41.26872302
41.37942058
41.47208329
41.58527651
41.71661405
41.80446705
41.8855664
41.9862738
42.0639613
42.14345466
42.20765463
42.25897705
42.27468469
42.3219857
42.3941781
42.45951779
42.52341886
42.60264904
42.7182565
42.83593869
42.91490937
42.98844899
43.08080672
43.1856816
43.28156782
43.34523588
43.40743109
43.47840425
43.58081824
43.69887688
43.84350624
44.00617378
44.13764046
44.24642845
44.39869038
44.52473411
44.64093818
44.75474306
44.88603591
44.99957339
45.1102056
45.22917678
45.35699653
45.49696907
45.61187413
45.70197935
45.77884782
45.84613479
45.91742845
45.97611083
46.04967502
46.11320143
46.15269192
46.19574817
46.22299454
46.26116868
46.2950153
46.32039601
46.36552448
46.42191321
46.45464271
46.48988022
46.54427552
46.59125199
46.6263424
46.66382947
46.71938467
46.74402215
46.7553838
46.7674716
46.77999259
46.79066644
46.79370371
46.7899527
46.79917062
46.80619623
46.79910946
46.79185959
46.79748931
46.78460809
46.78394454
46.75832235
46.74086664
46.72251689
46.72368394
46.70574724
46.70570809
46.69264126
46.6953346
46.68646623
46.6783537
46.65238908
46.6072055
46.57315896
46.54368739
46.53735166
46.52631576
46.48777579
46.43583084
46.37968784
46.33858889
46.2921322
46.25438076
46.22952364
46.23229606
46.23229606
46.24433881
46.24433881
46.24433881
46.24047491
46.24560567
46.24388734
46.24225838
46.24327205
46.25288444
46.22670626
46.20660065
46.19167315
46.15319495
46.10442636
46.08096832
46.07155527
46.04568277
46.03672239
46.03384187
46.05581462
46.07593448
46.0629851
46.05040312
46.05062992
46.05006733
46.0462703
46.04812337
46.04154055
46.01610162
45.999729
45.98477389
45.95839406
45.9255586
45.9033207
45.87993488
45.85815673
45.8371864
45.82817698
45.801005
45.77964117
45.77008332
45.77680108
45.77045668
45.78529097
45.80021493
45.77226664
45.72263504
45.67963316
45.65850034
45.66607838
45.70811609
45.72139644
45.7349705
45.76061391
45.78381545
45.79511321
45.80873438
45.83056207
45.83621796
45.84252914
45.85016235
45.87352249
45.89028551
45.89280414
45.88538897
45.89356872
45.89137409
45.89822191
45.89428355
45.90336378
45.89523829
45.88642325
45.8696151
45.86187177
45.84704533
45.81685686
45.76678096
45.72017951
45.66688863
45.60429533
45.57004308
45.51813008
45.47758038
45.44332627
45.43652738
45.42566901
45.42155498
45.41476139
45.4019209
45.38052338
45.35143664
45.31555948
45.27884874
45.23545332
45.19578156
45.17277689
45.14912113
45.11642933
45.06203903
45.04924747
45.03697871
45.02709104
45.02334422
45.01782707
45.00989243
44.98135968
44.91387294
44.85072093
44.78355428
44.6973743
44.621534
44.5615304
44.514883
44.46911624
44.46079734
44.46194893
44.47257077
44.48097635
44.50364111
44.49690504
44.48741416
44.50013737
44.5063719
44.52162493
44.5191547
44.46475048
44.42388819
44.38985325
44.36979414
44.33844557
44.31904301
44.2638422
44.21766092
44.20063815
44.19226431
44.19812072
44.20032943
44.18323815
44.18429277
44.17349232
44.16828472
44.17380993
44.16437507
44.14903049
44.13342869
44.12271571
44.13817489
44.1718619
44.21295988
44.25243955
44.28744826
44.32068029
44.36130748
44.42589578
44.47224958
44.49855434
44.52304838
44.54366768
44.58808674
44.62872524
44.66039815
44.70138857
44.77773378
44.86367537
44.949107
45.03690085
45.08804023
45.1561105
45.24750703
45.32571884
45.43297549
45.56585365
45.64152382
45.66700183
45.72333092
45.77232996
45.78082165
45.75768965
45.74180643
45.73839258
45.69768354
45.65119053
45.60474152
45.56994871
45.54734405
45.56845779
45.57339686
45.58426973
45.63410723
45.67820026
45.7246073
45.76219038
45.82341308
45.90768417
46.00945304
46.11711475
46.25350498
46.39776659
46.55362826
46.72612589
46.89274038
46.98200013
47.02430474
47.07263413
47.0957357
47.11226623
47.11422257
47.11618
47.12259192
47.13114589
47.143987
47.17614298
47.21774301
47.25283017
47.30047161
47.35480585
47.4005798
47.42687974
47.4774499
47.52494444
47.55304369
47.60319932
47.6590123
47.71951818
47.76848617
47.81639428
47.85967621
47.90543877
47.97802085
48.03813644
48.12806406
48.20593526
48.28092745
48.36602574
48.41829558
48.49385246
48.55431237
48.58742766
48.5917939
48.60863165
48.63697305
48.6514594
48.66056224
48.6675942
48.68308422
48.68096137
48.68492378
48.68577084
48.69469337
48.69938513
48.72417496
48.76371265
48.80805755
48.84451003
48.86132063
48.88181993
48.89251234
48.88423373
48.88427573
48.87550957
48.86384022
48.85974447
48.86097606
48.88185398
48.90677115
48.9297983
48.9617895
48.98509898
49.00055339
49.01774493
49.04140406
49.03763041
49.04557134
49.03814463
49.04950671
49.04527267
49.03904014
49.04345458
49.04877182
49.0517898
49.0828965
49.13464376
49.18966531
49.24733
49.31498745
49.37905856
49.41863801
49.4744276
49.5490905
49.6135158
49.67328219
49.74384372
49.83151606
49.89002543
49.9341275
50.00035099
50.04001652
50.06024469
50.0649494
50.06586994
50.06196952
50.06864494
50.06374249
50.05905073
50.08004329
50.08834165
50.11157167
50.15108794
50.19494014
50.24834297
50.29986761
50.35670622
50.39735518
50.42833005
50.46358405
50.49537757
50.52081887
50.53461856
50.56079157
50.58775887
50.62220974
50.66464989
50.71786658
50.7696493
50.83844996
50.90453404
50.95802941
51.01838874
51.07109068
51.13144117
51.16279292
51.18657805
51.20996459
51.23269064
51.26244007
51.28434716
51.31895259
51.34359776
51.36709776
51.37976096
51.41233404
51.44706445
51.48692851
51.54151461
51.61675388
51.67231621
51.68604885
51.7087489
51.73882441
51.77341992
51.79216764
51.80963787
51.82350755
51.84035001
51.84922157
51.8581849
51.87743245
51.90529472
51.94216126
51.96834679
52.00962994
52.03006922
52.07317249
52.10264764
52.13319106
52.16789843
52.21404579
52.25142864
52.27566816
52.29923577
52.31902558
52.33018022
52.33904023
52.36207541
52.39575438
52.43356341
52.46369254
52.49646039
52.54052791
52.57301509
52.61910871
52.65172002
52.68197681
52.70973283
52.73216466
52.73760179
52.73760179
52.73045494
52.72449086
52.73553792
52.73528527
52.7420424
52.76585556
52.79497339
52.80755475
52.80844401
52.80942056
52.82319246
52.83347681
52.82461699
52.81222445
52.80809386
52.81279171
52.81922062
52.84014596
52.84642759
52.84132313
52.84609296
52.8621098
52.89986243
52.94648509
52.98557342
53.00146577
53.00292454
53.039636
53.05531686
53.04943019
53.04746591
53.05628969
53.07786962
53.0975516
53.12725392
53.16314253
53.1840469
53.18937319
53.1544091
53.11766695
53.08345523
53.04446675
53.01317519
52.98432984
52.95727939
52.94920947
52.95322438
52.96014155
52.9687931
52.97343613
52.96887534
52.96887534
52.96887534
52.95743079
52.96781979
52.95809505
52.94149626
52.9243472
52.91074317
52.8909922
52.88225423
52.83762715
52.78586868
52.76716177
52.75444619
52.74536711
52.72241302
52.71880772
52.70304609
52.71147177
52.72230265
52.73332275
52.7465786
52.75208597
52.77449944
52.77436868
52.77742003
52.77779004
52.79238082
52.81891167
52.84817698
52.83199001
52.80139925
52.78081567
52.77526615
52.77526615
52.76489981
52.75523181
52.74977635
52.74183635
52.72124499
52.68399249
52.66075174
52.62380034
52.57870871
52.52952171
52.48799008
52.45240103
52.41154217
52.36055934
52.32855049
52.31274415
52.28172335
52.25966377
52.23462232
52.20202009
52.17436479
52.13998305
52.11753116
52.11114848
52.10623416
52.09321093
52.06403831
52.00740635
51.96878241
51.92256381
51.88300184
51.85916515
51.82842328
51.80037642
51.75406822
51.70617986
51.67598502
51.62433496
51.57637207
51.53753808
51.48643391
51.44532028
51.41709408
51.40611586
51.39330554
51.38306209
51.37794196
51.36002992
51.33701941
51.30489817
51.2647478
51.22100558
51.18952859
51.17800057
51.15297461
51.11190904
51.08447219
51.04186413
50.9818009
50.91731738
50.87262698
50.8382591
50.79408153
50.73048406
50.66584328
50.61166505
50.5634803
50.5128499
50.45728721
50.38532466
50.31598489
50.25475699
50.19308137
50.1435872
50.05790716
49.94628801
49.84773372
49.74260253
49.63601529
49.4784637
49.32266554
49.18731035
49.07169555
48.98801871
48.89935055
48.83032024
48.77993368
48.75702333
48.76135399
48.73588748
48.7468531
48.74436236
48.73080936
48.72969649
48.74177196
48.7419676
48.74015163
48.73586467
48.7180876
48.69142284
48.63900298
48.57933809
48.50215765
48.45436601
48.39533169
48.30813939
48.23799474
48.17613597
48.11200979
48.02988957
47.9401251
47.85945941
47.81530718
47.8223723
47.83174156
47.84131549
47.85465618
47.86131092
47.87885022
47.90916683
47.88653257
47.86637477
47.86777744
47.81657691
47.76707285
47.73523482
47.69452666
47.62536874
47.57563432
47.51557276
47.4427775
47.37605945
47.33241347
47.29288574
47.24346654
47.22861455
47.22217257
47.21322267
47.21322267
47.2112557
47.20187177
47.18779684
47.16882054
47.15174925
47.10897774
47.05942796
47.0178063
46.97837243
46.91901347
46.86690846
46.82031725
46.80168444
46.79702657
46.78795474
46.76074261
46.73794103
46.70064198
46.59517706
46.4247449
46.18035916
45.78411923
45.29685074
44.68095458
44.00491945
43.29327633
42.5333207
41.74855396
41.03169248
40.4192027
39.86157529
39.36550764
38.95090049
38.61253341
38.32613358
38.11760541
38.02483899
38.02386239
38.14424614
38.37655417
38.67643266
38.93634344
39.16351759
39.3303084
39.45165827
39.58130118
39.71424764
39.86444746
39.96695488
40.04540941
40.112078
40.1788168
40.26929354
40.36944555
40.49819153
40.63645955
40.79825905
40.95725824
41.12481301
41.28388953
41.43534429
41.56549484
41.72668336
41.91189268
42.06673413
42.2121391
42.35504573
42.47917943
42.561234
42.67601562
42.81396814
42.95421689
43.11325181
43.24660052
43.34957222
43.44547919
43.53194163
43.58775762
43.67310349
43.80667764
43.94471457
44.06876804
44.20429196
44.33524376
44.46855658
44.60201107
44.75393486
44.92425813
45.10579591
45.25693058
45.37578338
45.47861726
45.60203262
45.70262842
45.80782897
45.90372976
46.00189508
46.11368326
46.2185212
46.29591566
46.35279233
46.37102348
46.3825319
46.38722233
46.39875399
46.42631832
46.43602356
46.43449355
46.44425872
46.46770487
46.48899551
46.51722725
46.57291517
46.6313867
46.67653586
46.71748615
46.76344431
46.77152978
46.76175083
46.77618098
46.7977281
46.79468316
46.79824278
46.79267854
46.80991023
46.80619394
46.80543715
46.79658376
46.78330478
46.7721579
46.75969093
46.76078516
46.74453636
46.73057961
46.71666924
46.69884876
46.69980468
46.70200719
46.70799962
46.73194955
46.72820685
46.71634725
46.69212572
46.69188201
46.69081141
46.67865054
46.67372274
46.65916913
46.64499545
46.62245617
46.60323466
46.5789519
46.53880306
46.53876991
46.51968999
46.49711744
46.49498972
46.49176614
46.4885523
46.48746195
46.48592415
46.47793069
46.46592545
46.44300233
46.41305294
46.36211571
46.3312358
46.30021696
46.25612088
46.20339498
46.14648103
46.08786723
46.02867803
45.97563172
45.9545803
45.95308698
45.94527652
45.94527652
45.96004153
45.97050911
45.96809037
45.96965081
45.97319438
45.94046606
45.91552537
45.91361964
45.91160265
45.89654662
45.8783543
45.8908555
45.88037114
45.89200511
45.90911741
45.94421925
45.97431078
46.02522719
46.07652192
46.07682815
46.10182502
46.13097319
46.15638547
46.17397382
46.19660667
46.21542141
46.21205263
46.24061115
46.2543527
46.25190802
46.25373429
46.26579233
46.28788273
46.3143128
46.33287273
46.34856441
46.33508491
46.36035477
46.37850481
46.38865652
46.40395737
46.45329314
46.51017687
46.50608327
46.50424309
46.54725953
46.57278734
46.60358526
46.61904822
46.63551963
46.65338719
46.65925561
46.68438468
46.70252642
46.68625476
46.68174183
46.68667079
46.72009555
46.75063358
46.77621087
46.78773041
46.80372801
46.80236494
46.81649267
46.82945303
46.83468083
46.85251568
46.89761863
46.94577437
47.00099002
47.06944127
47.14604122
47.20725792
47.26248268
47.30259579
47.30046247
47.29545823
47.28662121
47.25541439
47.24380331
47.24129664
47.24492323
47.26185981
47.25725238
47.23768084
47.23562457
47.21568961
47.20655882
47.19766239
47.17623273
47.15183222
47.14524764
47.14675268
47.15382779
47.20054865
47.25913761
47.30083828
47.34668682
47.41526963
47.50728386
47.62246905
47.69887149
47.77338531
47.83553108
47.8992958
47.94957259
47.97796321
47.99198352
47.99780215
48.00503573
48.01991526
48.04372385
48.05473052
48.06113662
48.06231897
48.08534082
48.11842494
48.15485835
48.1766163
48.20269702
48.26025807
48.31933388
48.35642142
48.37374676
48.42655187
48.47957529
48.52885673
48.57227822
48.61562834
48.65176745
48.65799134
48.67692144
48.72463359
48.76779789
48.81065317
48.81672966
48.7781902
48.72512647
48.68617927
48.61754339
48.53534409
48.48071282
48.47848503
48.4714588
48.45476006
48.43709974
48.42198765
48.37953549
48.31633757
48.26595782
48.26102536
48.256093
48.23143275
48.22919417
48.23291679
48.22540434
48.22981771
48.23098493
48.2335998
48.28334411
48.35099293
48.42432657
48.49713142
48.58657546
48.67676664
48.78374772
48.87068202
48.93864549
49.00189274
49.06818309
49.12400112
49.14898344
49.1863207
49.21836703
49.22746361
49.22587527
49.21680992
49.21310748
49.21534088
49.21931688
49.21380552
49.23175343
49.2401922
49.25684109
49.25657341
49.26358608
49.26082585
49.29795672
49.31744151
49.34817662
49.38035409
49.42986388
49.46885559
49.52964354
49.6063394
49.69268389
49.76166375
49.83972663
49.91066717
49.96516532
50.02277766
50.06489628
50.10748863
50.13362896
50.16382747
50.20560279
50.23548791
50.26089252
50.29747293
50.34902183
50.41444395
50.45191931
50.49647224
50.53879905
50.58734366
50.61725563
50.65605816
50.68530825
50.72895913
50.77818427
50.82114527
50.87600736
50.92005437
50.95494743
50.98344888
50.99849397
50.9941108
50.9941108
50.9941108
50.99799769
51.00577192
51.0135468
51.02471867
51.02762818
51.02957392
51.03869235
51.04853064
51.0639481
51.09558864
51.13437321
51.19546753
51.21602496
51.23915273
51.23665592
51.24245912
51.2541353
51.2538707
51.24652941
51.26251337
51.26840138
51.27770434
51.30176829
51.33784519
51.36913825
51.38072516
51.38875671
51.40094388
51.41955436
51.43446959
51.44517743
51.44860537
51.44743794
51.4195057
51.37802115
51.34358003
51.32960572
51.3088807
51.28273615
51.27166043
51.2769622
51.2673522
51.26049491
51.24686086
51.22798008
51.19709283
51.17755658
51.14021795
51.09909004
51.06340527
51.04077096
51.02454667
51.00791004
50.97854379
50.9292212
50.86705885
50.80578052
50.73990386
50.70335925
50.68980585
50.69747116
50.70262429
50.72248899
50.72394555
50.72549314
50.71607249
50.70744254
50.69369397
50.68160732
50.66863873
50.64728808
50.6225301
50.60793833
50.58413048
50.56042285
50.52164127
50.49574485
50.49362188
50.47465784
50.44882217
50.43979363
50.42728346
50.41978073
50.41228053
50.39910215
50.39201454
50.3774806
50.36719309
50.34098671
50.31490647
50.29074784
50.2605334
50.22991325
50.1716415
50.11733329
50.06472454
49.99281664
49.91941329
49.85117183
49.7947998
49.73476443
49.67537247
49.63192801
49.61388992
49.60981492
49.60652675
49.60622004
49.60386848
49.60386848
49.59886414
49.60296376
49.60061492
49.60031848
49.59562334
49.59327623
49.58858291
49.5815452
49.57685491
49.57216584
49.56044846
49.52333624
49.49711116
49.46624569
49.42625932
49.38159423
49.33272416
49.28406804
49.23361593
49.19473344
49.16962226
49.16050031
49.1582206
49.1582206
49.15594121
49.14910491
49.13316451
49.11041918
49.08534936
49.05807384
49.01072595
48.99031946
48.98340588
48.98778859
48.97919084
48.97706866
48.97279341
48.94418199
48.9224855
48.91452296
48.88010606
48.82579479
48.78486464
48.77587272
48.74478231
48.6845492
48.65087844
48.64175539
48.61863026
48.60393031
48.60213452
48.59399222
48.59555875
48.58982015
48.57293537
48.5325047
48.47231226
48.43625016
48.40568041
48.38910569
48.37052582
48.35365768
48.33457478
48.33099493
48.32052809
48.30617789
48.28908792
48.28278159
48.27437787
48.26388082
48.24485686
48.21328824
48.16455712
48.09885457
48.01375771
47.9295057
47.85010931
47.7871169
47.74853988
47.69626203
47.6687721
47.60569324
47.58493173
47.58984737
47.57036398
47.51582139
47.40945498
47.30787273
47.18282723
46.95429994
46.66121514
46.26639578
45.76966511
45.16122101
44.48927878
43.77734964
42.97740176
42.13988864
41.25923784
40.34026285
39.38165945
38.39876168
37.38235631
36.3512284
35.36259367
34.34071782
33.32801797
32.3901797
31.53741201
30.70180714
29.83527317
28.98451976
28.19528509
27.44262832
26.71610041
26.02580677
25.38852075
24.77644742
24.20945411
23.67079119
23.0762803
22.34168452
21.46345287
20.48777599
19.57515267
18.76174008
18.10959853
17.60774649
17.30144558
