-6.248325
-6.333695
-6.419062
-6.504423
-6.589775
-6.675116
-6.760442
-6.845752
-6.931041
-7.016307
-7.101548
-7.186759
-7.271939
-7.357085
-7.442194
-7.527262
-7.612287
-7.697266
-7.782197
-7.867076
-7.951901
-8.036668
-8.121375
-8.206019
-8.290597
-8.375107
-8.459545
-8.543908
-8.628195
-8.712401
-8.796524
-8.880562
-8.964511
-9.048369
-9.132132
-9.215799
-9.299366
-9.382830
-9.466188
-9.549439
-9.632578
-9.715604
-9.798513
-9.881302
-9.963969
-10.046511
-10.128926
-10.211210
-10.293360
-10.375375
-10.457251
-10.538985
-10.620575
-10.702017
-10.783310
-10.864450
-10.945436
-11.026263
-11.106929
-11.187432
-11.267768
-11.347936
-11.427933
-11.507755
-11.587400
-11.666865
-11.746148
-11.825247
-11.904157
-11.982878
-12.061405
-12.139737
-12.217871
-12.295804
-12.373534
-12.451057
-12.528372
-12.605475
-12.682365
-12.759038
-12.835493
-12.911725
-12.987734
-13.063516
-13.139068
-13.214389
-13.289475
-13.364325
-13.438935
-13.513303
-13.587427
-13.661304
-13.734931
-13.808307
-13.881429
-13.954293
-14.026899
-14.099242
-14.171322
-14.243135
-14.314679
-14.385952
-14.456951
-14.527674
-14.598119
-14.668282
-14.738162
-14.807757
-14.877064
-14.946080
-15.014804
-15.083233
-15.151365
-15.219197
-15.286728
-15.353954
-15.420874
-15.487486
-15.553787
-15.619774
-15.685447
-15.750802
-15.815837
-15.880551
-15.944940
-16.009003
-16.072738
-16.136143
-16.199215
-16.261952
-16.324352
-16.386413
-16.448133
-16.509510
-16.570542
-16.631227
-16.691562
-16.751546
-16.811177
-16.870453
-16.929371
-16.987929
-17.046127
-17.103961
-17.161430
-17.218532
-17.275265
-17.331627
-17.387616
-17.443231
-17.498469
-17.553328
-17.607807
-17.661904
-17.715617
-17.768944
-17.821884
-17.874434
-17.926593
-17.978360
-18.029731
-18.080707
-18.131284
-18.181462
-18.231238
-18.280611
-18.329580
-18.378142
-18.426296
-18.474040
-18.521373
-18.568293
-18.614799
-18.660888
-18.706561
-18.751814
-18.796646
-18.841056
-18.885043
-18.928604
-18.971739
-19.014446
-19.056724
-19.098571
-19.139985
-19.180966
-19.221511
-19.261621
-19.301292
-19.340524
-19.379316
-19.417667
-19.455574
-19.493037
-19.530054
-19.566625
-19.602747
-19.638420
-19.673643
-19.708415
-19.742733
-19.776597
-19.810007
-19.842960
-19.875456
-19.907493
-19.939071
-19.970189
-20.000844
-20.031038
-20.060767
-20.090032
-20.118831
-20.147164
-20.175029
-20.202426
-20.229353
-20.255810
-20.281795
-20.307309
-20.332349
-20.356916
-20.381008
-20.404625
-20.427766
-20.450429
-20.472615
-20.494322
-20.515550
-20.536299
-20.556566
-20.576352
-20.595656
-20.614478
-20.632816
-20.650671
-20.668040
-20.684925
-20.701324
-20.717237
-20.732663
-20.747602
-20.762054
-20.776017
-20.789491
-20.802476
-20.814971
-20.826977
-20.838492
-20.849516
-20.860049
-20.870091
-20.879640
-20.888698
-20.897263
-20.905335
-20.912914
-20.920000
-20.926592
-20.932690
-20.938295
-20.943405
-20.948021
-20.952142
-20.955769
-20.958901
-20.961539
-20.963681
-20.965328
-20.966480
-20.967137
-20.967299
-20.966966
-20.966137
-20.964814
-20.962995
-20.960682
-20.957873
-20.954570
-20.950772
-20.946479
-20.941692
-20.936411
-20.930636
-20.924366
-20.917603
-20.910347
-20.902597
-20.894354
-20.885619
-20.876391
-20.866671
-20.856459
-20.845756
-20.834562
-20.822877
-20.810702
-20.798037
-20.784883
-20.771239
-20.757107
-20.742487
-20.727380
-20.711785
-20.695704
-20.679136
-20.662084
-20.644546
-20.626524
-20.608019
-20.589030
-20.569559
-20.549606
-20.529172
-20.508258
-20.486864
-20.464991
-20.442640
-20.419811
-20.396505
-20.372724
-20.348467
-20.323736
-20.298532
-20.272855
-20.246706
-20.220087
-20.192997
-20.165438
-20.137411
-20.108917
-20.079956
-20.050530
-20.020640
-19.990287
-19.959471
-19.928194
-19.896457
-19.864261
-19.831607
-19.798496
-19.764929
-19.730907
-19.696432
-19.661504
-19.626125
-19.590296
-19.554018
-19.517293
-19.480121
-19.442505
-19.404444
-19.365941
-19.326996
-19.287612
-19.247788
-19.207528
-19.166832
-19.125701
-19.084137
-19.042141
-18.999714
-18.956859
-18.913576
-18.869867
-18.825734
-18.781177
-18.736199
-18.690801
-18.644984
-18.598750
-18.552101
-18.505038
-18.457562
-18.409676
-18.361381
-18.312678
-18.263569
-18.214057
-18.164141
-18.113825
-18.063110
-18.011997
-17.960488
-17.908586
-17.856291
-17.803606
-17.750532
-17.697071
-17.643225
-17.588995
-17.534384
-17.479394
-17.424025
-17.368281
-17.312163
-17.255672
-17.198811
-17.141582
-17.083986
-17.026026
-16.967703
-16.909020
-16.849978
-16.790579
-16.730826
-16.670720
-16.610264
-16.549459
-16.488307
-16.426811
-16.364973
-16.302794
-16.240277
-16.177424
-16.114236
-16.050717
-15.986868
-15.922692
-15.858190
-15.793365
-15.728219
-15.662754
-15.596972
-15.530876
-15.464467
-15.397748
-15.330722
-15.263390
-15.195755
-15.127819
-15.059584
-14.991052
-14.922227
-14.853110
-14.783703
-14.714009
-14.644031
-14.573770
-14.503229
-14.432410
-14.361316
-14.289949
-14.218311
-14.146406
-14.074234
-14.001800
-13.929104
-13.856151
-13.782941
-13.709478
-13.635764
-13.561801
-13.487592
-13.413140
-13.338447
-13.263515
-13.188347
-13.112946
-13.037314
-12.961453
-12.885367
-12.809057
-12.732527
-12.655778
-12.578814
-12.501637
-12.424250
-12.346655
-12.268855
-12.190852
-12.112649
-12.034249
-11.955655
-11.876868
-11.797892
-11.718730
-11.639383
-11.559855
-11.480148
-11.400266
-11.320210
-11.239983
-11.159589
-11.079029
-10.998307
-10.917425
-10.836386
-10.755192
-10.673847
-10.592353
-10.510713
-10.428930
-10.347006
-10.264944
-10.182747
-10.100417
-10.017958
-9.935373
-9.852663
-9.769832
-9.686882
-9.603817
-9.520639
-9.437351
-9.353955
-9.270455
-9.186854
-9.103153
-9.019357
-8.935467
-8.851487
-8.767419
-8.683267
-8.599032
-8.514719
-8.430329
-8.345866
-8.261333
-8.176731
-8.092065
-8.007337
-7.922550
-7.837706
-7.752809
-7.667861
-7.582865
-7.497825
-7.412742
-7.327621
-7.242463
-7.157272
-7.072050
-6.986800
-6.901525
-6.816229
-6.730913
-6.645581
-6.560236
-6.474881
-6.389517
-6.304149
-6.218779
-6.133410
-6.048045
-5.962687
-5.877338
-5.792002
-5.706681
-5.621378
-5.536097
-5.450839
-5.365608
-5.280407
-5.195239
-5.110106
-5.025011
-4.939957
-4.854947
-4.769985
-4.685071
-4.600211
-4.515406
-4.430659
-4.345974
-4.261352
-4.176797
-4.092312
-4.007900
-3.923563
-3.839304
-3.755126
-3.671032
-3.587024
-3.503106
-3.419281
-3.335551
-3.251918
-3.168387
-3.084959
-3.001637
-2.918425
-2.835325
-2.752339
-2.669471
-2.586724
-2.504100
-2.421601
-2.339232
-2.256994
-2.174890
-2.092923
-2.011096
-1.929412
-1.847872
-1.766481
-1.685241
-1.604154
-1.523223
-1.442452
-1.361842
-1.281396
-1.201117
-1.121009
-1.041072
-0.961311
-0.881728
-0.802325
-0.723106
-0.644072
-0.565227
-0.486573
-0.408113
-0.329849
-0.251785
-0.173922
-0.096263
-0.018812
0.058430
0.135460
0.212275
0.288873
0.365251
0.441406
0.517337
0.593039
0.668512
0.743752
0.818756
0.893523
0.968050
1.042334
1.116373
1.190164
1.263704
1.336992
1.410025
1.482800
1.555316
1.627568
1.699556
1.771276
1.842727
1.913905
1.984809
2.055436
2.125783
2.195849
2.265630
2.335126
2.404332
2.473248
2.541870
2.610196
2.678225
2.745953
2.813378
2.880499
2.947313
3.013817
3.080009
3.145888
3.211451
3.276696
3.341620
3.406222
3.470498
3.534448
3.598069
3.661359
3.724315
3.786936
3.849219
3.911162
3.972764
4.034022
4.094934
4.155498
4.215712
4.275574
4.335082
4.394234
4.453028
4.511462
4.569534
4.627242
4.684584
4.741558
4.798163
4.854396
4.910256
4.965740
5.020847
5.075575
5.129922
5.183887
5.237466
5.290660
5.343465
5.395880
5.447903
5.499533
5.550768
5.601606
5.652045
5.702084
5.751721
5.800954
5.849782
5.898203
5.946216
5.993818
6.041008
6.087785
6.134147
6.180092
6.225619
6.270727
6.315413
6.359677
6.403517
6.446931
6.489918
6.532476
6.574605
6.616302
6.657567
6.698397
6.738792
6.778750
6.818269
6.857349
6.895989
6.934186
6.971939
7.009248
7.046111
7.082527
7.118494
7.154011
7.189078
7.223693
7.257854
7.291561
7.324813
7.357608
7.389945
7.421824
7.453242
7.484200
7.514696
7.544729
7.574298
7.603401
7.632039
7.660210
7.687913
7.715147
7.741912
7.768206
7.794028
7.819378
7.844255
7.868657
7.892585
7.916037
7.939013
7.961511
7.983531
8.005073
8.026135
8.046717
8.066818
8.086437
8.105574
8.124229
8.142400
8.160086
8.177288
8.194005
8.210236
8.225981
8.241238
8.256008
8.270291
8.284085
8.297390
8.310205
8.322531
8.334367
8.345712
8.356566
8.366929
8.376801
8.386180
8.395067
8.403462
8.411363
8.418771
8.425686
8.432108
8.438035
8.443469
8.448408
8.452853
8.456803
8.460259
8.463219
8.465685
8.467656
8.469132
8.470113
8.470599
8.470589
8.470085
8.469085
8.467590
8.465600
8.463115
8.460135
8.456661
8.452692
8.448228
8.443270
8.437817
8.431871
8.425431
8.418497
8.411070
8.403149
8.394736
8.385830
8.376432
8.366542
8.356160
8.345287
8.333923
8.322068
8.309724
8.296889
8.283566
8.269753
8.255452
8.240663
8.225387
8.209624
8.193374
8.176639
8.159418
8.141713
8.123524
8.104851
8.085695
8.066057
8.045938
8.025338
8.004257
7.982697
7.960659
7.938142
7.915148
7.891678
7.867732
7.843311
7.818416
7.793048
7.767208
7.740896
7.714113
7.686861
7.659140
7.630952
7.602296
7.573174
7.543588
7.513537
7.483024
7.452048
7.420612
7.388716
7.356361
7.323548
7.290279
7.256555
7.222376
7.187744
7.152660
7.117125
7.081141
7.044708
7.007828
6.970502
6.932731
6.894517
6.855861
6.816764
6.777228
6.737253
6.696842
6.655995
6.614714
6.573000
6.530855
6.488280
6.445277
6.401846
6.357990
6.313710
6.269008
6.223884
6.178341
6.132379
6.086002
6.039209
5.992003
5.944385
5.896357
5.847921
5.799077
5.749828
5.700176
5.650122
5.599667
5.548814
5.497564
5.445919
5.393880
5.341450
5.288630
5.235422
5.181828
5.127849
5.073487
5.018745
4.963623
4.908124
4.852250
4.796003
4.739384
4.682396
4.625039
4.567317
4.509231
4.450783
4.391976
4.332810
4.273289
4.213413
4.153186
4.092608
4.031683
3.970412
3.908797
3.846841
3.784545
3.721911
3.658942
3.595640
3.532006
3.468044
3.403754
3.339140
3.274204
3.208947
3.143372
3.077481
3.011277
2.944760
2.877935
2.810803
2.743365
2.675626
2.607586
2.539248
2.470615
2.401688
2.332471
2.262964
2.193172
2.123095
2.052737
1.982099
1.911185
1.839996
1.768535
1.696805
1.624807
1.552544
1.480019
1.407234
1.334191
1.260894
1.187343
1.113543
1.039495
0.965201
0.890666
0.815889
0.740876
0.665627
0.590145
0.514434
0.438495
0.362331
0.285945
0.209339
0.132515
0.055477
-0.021773
-0.099232
-0.176899
-0.254769
-0.332842
-0.411113
-0.489580
-0.568242
-0.647094
-0.726135
-0.805362
-0.884771
-0.964361
-1.044129
-1.124072
-1.204188
-1.284473
-1.364925
-1.445541
-1.526319
-1.607255
-1.688348
-1.769594
-1.850991
-1.932536
-2.014226
-2.096058
-2.178030
-2.260139
-2.342383
-2.424757
-2.507260
-2.589890
-2.672642
-2.755514
-2.838504
-2.921609
-3.004825
-3.088151
-3.171583
-3.255118
-3.338754
-3.422488
-3.506317
-3.590239
-3.674249
-3.758347
-3.842528
-3.926790
-4.011130
-4.095545
-4.180033
-4.264590
-4.349214
-4.433902
-4.518651
-4.603459
-4.688321
-4.773236
-4.858201
-4.943212
-5.028268
-5.113364
-5.198498
-5.283668
-5.368871
-5.454102
-5.539361
-5.624644
-5.709947
-5.795269
-5.880605
-5.965954
-6.051313
-6.136678
-6.222047
-6.307417
-6.392785
-6.478148
-6.563504
-6.648848
-6.734180
-6.819495
-6.904790
-6.990064
-7.075313
-7.160533
-7.245724
-7.330880
-7.416000
-7.501081
-7.586120
-7.671114
-7.756060
-7.840955
-7.925797
-8.010582
-8.095308
-8.179971
-8.264570
-8.349101
-8.433561
-8.517948
-8.602259
-8.686490
-8.770639
-8.854703
-8.938680
-9.022566
-9.106359
-9.190056
-9.273654
-9.357150
-9.440541
-9.523825
-9.606999
-9.690060
-9.773005
-9.855831
-9.938537
-10.021118
-10.103572
-10.185896
-10.268088
-10.350145
-10.432063
-10.513841
-10.595476
-10.676964
-10.758303
-10.839491
-10.920524
-11.001400
-11.082116
-11.162670
-11.243058
-11.323278
-11.403327
-11.483203
-11.562903
-11.642424
-11.721764
-11.800919
-11.879888
-11.958667
-12.037254
-12.115647
-12.193842
-12.271837
-12.349629
-12.427217
-12.504596
-12.581765
-12.658721
-12.735461
-12.811983
-12.888284
-12.964362
-13.040213
-13.115837
-13.191229
-13.266388
-13.341310
-13.415995
-13.490438
-13.564637
-13.638590
-13.712295
-13.785748
-13.858948
-13.931892
-14.004578
-14.077002
-14.149163
-14.221059
-14.292686
-14.364043
-14.435126
-14.505934
-14.576465
-14.646715
-14.716683
-14.786366
-14.855761
-14.924867
-14.993681
-15.062201
-15.130425
-15.198350
-15.265973
-15.333294
-15.400308
-15.467015
-15.533412
-15.599496
-15.665266
-15.730719
-15.795853
-15.860665
-15.925155
-15.989319
-16.053155
-16.116661
-16.179836
-16.242676
-16.305180
-16.367346
-16.429172
-16.490654
-16.551793
-16.612585
-16.673028
-16.733120
-16.792860
-16.852245
-16.911273
-16.969943
-17.028252
-17.086198
-17.143780
-17.200995
-17.257842
-17.314318
-17.370422
-17.426152
-17.481506
-17.536482
-17.591078
-17.645293
-17.699124
-17.752571
-17.805630
-17.858300
-17.910580
-17.962467
-18.013961
-18.065058
-18.115759
-18.166059
-18.215959
-18.265457
-18.314550
-18.363237
-18.411517
-18.459387
-18.506847
-18.553895
-18.600528
-18.646746
-18.692547
-18.737929
-18.782891
-18.827431
-18.871548
-18.915241
-18.958508
-19.001346
-19.043756
-19.085736
-19.127283
-19.168398
-19.209077
-19.249321
-19.289127
-19.328495
-19.367423
-19.405909
-19.443953
-19.481553
-19.518707
-19.555415
-19.591676
-19.627488
-19.662849
-19.697760
-19.732218
-19.766222
-19.799772
-19.832865
-19.865502
-19.897681
-19.929400
-19.960660
-19.991458
-20.021793
-20.051666
-20.081074
-20.110016
-20.138493
-20.166502
-20.194042
-20.221114
-20.247716
-20.273847
-20.299506
-20.324692
-20.349405
-20.373643
-20.397406
-20.420694
-20.443504
-20.465837
-20.487692
-20.509067
-20.529963
-20.550379
-20.570313
-20.589766
-20.608736
-20.627223
-20.645226
-20.662745
-20.679780
-20.696328
-20.712391
-20.727967
-20.743056
-20.757657
-20.771771
-20.785395
-20.798531
-20.811177
-20.823334
-20.835000
-20.846175
-20.856859
-20.867052
-20.876753
-20.885962
-20.894679
-20.902903
-20.910633
-20.917871
-20.924615
-20.930866
-20.936622
-20.941885
-20.946653
-20.950926
-20.954706
-20.957990
-20.960779
-20.963074
-20.964874
-20.966178
-20.966988
-20.967302
-20.967121
-20.966445
-20.965274
-20.963608
-20.961447
-20.958791
-20.955640
-20.951994
-20.947853
-20.943218
-20.938089
-20.932466
-20.926349
-20.919737
-20.912633
-20.905035
-20.896944
-20.888360
-20.879284
-20.869715
-20.859655
-20.849103
-20.838060
-20.826526
-20.814502
-20.801988
-20.788984
-20.775491
-20.761509
-20.747039
-20.732082
-20.716637
-20.700705
-20.684288
-20.667384
-20.649996
-20.632123
-20.613766
-20.594926
-20.575604
-20.555799
-20.535513
-20.514747
-20.493500
-20.471775
-20.449570
-20.426889
-20.403730
-20.380095
-20.355984
-20.331399
-20.306341
-20.280809
-20.254805
-20.228330
-20.201385
-20.173971
-20.146088
-20.117737
-20.088920
-20.059638
-20.029890
-19.999679
-19.969006
-19.937871
-19.906275
-19.874220
-19.841707
-19.808736
-19.775309
-19.741428
-19.707092
-19.672303
-19.637063
-19.601373
-19.565233
-19.528645
-19.491611
-19.454131
-19.416207
-19.377839
-19.339031
-19.299781
-19.260093
-19.219967
-19.179405
-19.138407
-19.096977
-19.055113
-19.012819
-18.970096
-18.926945
-18.883367
-18.839364
-18.794937
-18.750089
-18.704820
-18.659132
-18.613026
-18.566504
-18.519569
-18.472220
-18.424460
-18.376290
-18.327713
-18.278729
-18.229340
-18.179548
-18.129355
-18.078763
-18.027772
-17.976385
-17.924604
-17.872430
-17.819864
-17.766910
-17.713568
-17.659840
-17.605728
-17.551235
-17.496361
-17.441109
-17.385480
-17.329476
-17.273100
-17.216353
-17.159237
-17.101754
-17.043906
-16.985694
-16.927122
-16.868190
-16.808901
-16.749257
-16.689259
-16.628910
-16.568212
-16.507167
-16.445777
-16.384043
-16.321969
-16.259556
-16.196806
-16.133722
-16.070304
-16.006557
-15.942481
-15.878079
-15.813353
-15.748306
-15.682938
-15.617254
-15.551254
-15.484941
-15.418318
-15.351386
-15.284148
-15.216606
-15.148762
-15.080619
-15.012179
-14.943443
-14.874416
-14.805098
-14.735492
-14.665601
-14.595427
-14.524972
-14.454238
-14.383229
-14.311945
-14.240391
-14.168568
-14.096478
-14.024124
-13.951509
-13.878634
-13.805503
-13.732117
-13.658480
-13.584594
-13.510460
-13.436083
-13.361464
-13.286605
-13.211510
-13.136180
-13.060619
-12.984828
-12.908811
-12.832570
-12.756107
-12.679426
-12.602528
-12.525416
-12.448093
-12.370562
-12.292824
-12.214884
-12.136742
-12.058403
-11.979868
-11.901140
-11.822222
-11.743117
-11.663826
-11.584354
-11.504702
-11.424873
-11.344870
-11.264696
-11.184353
-11.103844
-11.023171
-10.942338
-10.861347
-10.780201
-10.698902
-10.617454
-10.535858
-10.454119
-10.372238
-10.290218
-10.208062
-10.125773
-10.043354
-9.960807
-9.878135
-9.795341
-9.712427
-9.629397
-9.546254
-9.462999
-9.379636
-9.296168
-9.212598
-9.128927
-9.045160
-8.961299
-8.877346
-8.793305
-8.709179
-8.624969
-8.540680
-8.456313
-8.371873
-8.287361
-8.202780
-8.118133
-8.033424
-7.948654
-7.863828
-7.778947
-7.694014
-7.609033
-7.524006
-7.438936
-7.353826
-7.268679
-7.183498
-7.098285
-7.013043
-6.927776
-6.842486
-6.757176
-6.671849
-6.586508
-6.501155
-6.415794
-6.330427
-6.245057
-6.159688
-6.074321
-5.988960
-5.903608
-5.818268
-5.732942
-5.647633
-5.562345
-5.477080
-5.391840
-5.306630
-5.221451
-5.136307
-5.051200
-4.966133
-4.881109
-4.796132
-4.711203
-4.626326
-4.541504
-4.456739
-4.372034
-4.287393
-4.202817
-4.118310
-4.033875
-3.949514
-3.865231
-3.781028
-3.696908
-3.612873
-3.528928
-3.445073
-3.361313
-3.277651
-3.194088
-3.110628
-3.027273
-2.944027
-2.860892
-2.777871
-2.694966
-2.612182
-2.529519
-2.446982
-2.364572
-2.282293
-2.200148
-2.118139
-2.036268
-1.954540
-1.872955
-1.791518
-1.710231
-1.629097
-1.548118
-1.467297
-1.386637
-1.306140
-1.225810
-1.145649
-1.065659
-0.985844
-0.906205
-0.826747
-0.747471
-0.668379
-0.589476
-0.510763
-0.432243
-0.353918
-0.275792
-0.197867
-0.120145
-0.042630
0.034677
0.111772
0.188654
0.265319
0.341765
0.417989
0.493988
0.569762
0.645305
0.720617
0.795694
0.870535
0.945136
1.019495
1.093609
1.167476
1.241094
1.314461
1.387572
1.460427
1.533022
1.605356
1.677426
1.749228
1.820762
1.892025
1.963013
2.033725
2.104159
2.174312
2.244181
2.313765
2.383061
2.452066
2.520779
2.589196
2.657317
2.725137
2.792656
2.859871
2.926779
2.993379
3.059668
3.125644
3.191304
3.256647
3.321670
3.386371
3.450748
3.514799
3.578521
3.641913
3.704972
3.767696
3.830083
3.892132
3.953839
4.015203
4.076221
4.136893
4.197215
4.257185
4.316802
4.376064
4.434968
4.493513
4.551697
4.609517
4.666972
4.724060
4.780779
4.837127
4.893102
4.948702
5.003925
5.058770
5.113234
5.167317
5.221015
5.274327
5.327252
5.379787
5.431932
5.483683
5.535040
5.586000
5.636562
5.686724
5.736485
5.785843
5.834796
5.883342
5.931480
5.979209
6.026526
6.073430
6.119920
6.165994
6.211650
6.256887
6.301703
6.346097
6.390068
6.433613
6.476732
6.519422
6.561683
6.603513
6.644911
6.685875
6.726404
6.766497
6.806151
6.845367
6.884142
6.922475
6.960366
6.997811
7.034812
7.071365
7.107470
7.143127
7.178332
7.213086
7.247387
7.281234
7.314626
7.347562
7.380040
7.412060
7.443620
7.474720
7.505358
7.535534
7.565245
7.594493
7.623274
7.651589
7.679436
7.706814
7.733724
7.760162
7.786130
7.811625
7.836648
7.861197
7.885271
7.908869
7.931991
7.954637
7.976804
7.998493
8.019703
8.040433
8.060682
8.080450
8.099735
8.118538
8.136858
8.154694
8.172045
8.188911
8.205292
8.221186
8.236594
8.251514
8.265946
8.279891
8.293346
8.306313
8.318789
8.330776
8.342272
8.353278
8.363792
8.373815
8.383345
8.392384
8.400930
8.408983
8.416544
8.423610
8.430184
8.436263
8.441849
8.446940
8.451537
8.455640
8.459248
8.462361
8.464979
8.467102
8.468731
8.469864
8.470502
8.470645
8.470293
8.469445
8.468103
8.466265
8.463933
8.461105
8.457783
8.453966
8.449655
8.444849
8.439548
8.433754
8.427466
8.420684
8.413408
8.405640
8.397378
8.388624
8.379377
8.369638
8.359408
8.348686
8.337473
8.325770
8.313576
8.300892
8.287719
8.274057
8.259906
