7.4313
7.4095
7.3462
7.2696
7.2288
7.2200
7.2233
7.2472
7.2913
7.3355
7.3442
7.3170
7.2642
7.1771
7.0742
6.9701
6.8621
6.7915
6.7286
6.6872
6.6361
6.5907
6.5405
6.4893
6.4479
6.4184
6.3919
6.3810
6.3789
6.3968
6.4080
6.4121
6.3796
6.3280
6.2164
6.0997
6.0105
5.9443
5.9077
5.8560
5.7698
5.6710
5.5437
5.4122
5.2916
5.1771
5.0884
5.0154
4.9562
4.9110
4.8519
4.7709
4.6773
4.5679
4.4535
4.3584
4.2762
4.2139
4.1487
4.0454
3.9271
3.8434
3.7794
3.7549
3.7206
3.6795
3.5989
3.5160
3.4287
3.3348
3.2241
3.0911
2.9442
2.7909
2.6415
2.5210
2.4365
2.3914
2.3476
2.2818
2.1837
2.0494
1.8920
1.7216
1.5381
1.3547
1.1647
1.0057
0.8699
0.7767
0.7067
0.6832
0.6572
0.6390
0.6039
0.5262
0.4173
0.2630
0.0891
-0.0821
-0.2586
-0.4366
-0.6118
-0.7640
-0.8785
-0.9916
-1.0917
-1.1727
-1.2355
-1.3021
-1.3976
-1.4908
-1.5932
-1.7156
-1.8564
-2.0276
-2.2012
-2.3840
-2.5737
-2.7575
-2.9178
-3.0393
-3.1379
-3.2274
-3.3195
-3.3902
-3.4735
-3.5509
-3.6109
-3.6546
-3.6763
-3.6925
-3.7196
-3.7467
-3.7976
-3.8756
-3.9554
-4.0358
-4.1759
-4.3658
-4.6036
-4.8656
-5.1315
-5.3638
-5.5407
-5.6623
-5.7380
-5.7971
-5.8472
-5.9179
-6.0129
-6.1263
-6.2767
-6.4475
-6.6238
-6.8040
-6.9751
-7.1277
-7.2896
-7.4517
-7.6436
-7.8707
-8.1239
-8.3754
-8.6177
-8.8417
-9.0028
-9.1288
-9.2352
-9.3042
-9.3724
-9.4616
-9.5854
-9.7151
-9.8450
-10.0023
-10.2025
-10.4066
-10.6025
-10.7737
-10.9489
-11.1260
-11.3087
-11.5048
-11.6675
-11.8075
-11.9506
-12.0901
-12.2246
-12.3338
-12.4491
-12.5413
-12.6310
-12.7141
-12.8191
-12.9397
-13.0728
-13.2403
-13.4245
-13.6173
-13.7790
-13.9098
-14.0157
-14.1501
-14.2770
-14.3905
-14.5242
-14.7052
-14.9153
-15.1492
-15.4109
-15.6946
-15.9586
-16.1794
-16.3318
-16.4247
-16.4794
-16.5423
-16.6206
-16.7132
-16.8020
-16.9082
-17.0271
-17.1554
-17.2974
-17.4242
-17.5485
-17.6461
-17.7082
-17.7615
-17.8085
-17.8510
-17.8893
-17.9496
-18.0492
-18.1888
-18.3459
-18.5056
-18.6748
-18.8516
-19.0147
-19.1598
-19.2989
-19.4086
-19.5148
-19.6082
-19.6804
-19.7559
-19.8127
-19.9029
-19.9844
-20.0795
-20.1813
-20.2839
-20.4052
-20.5269
-20.6423
-20.7601
-20.8562
-20.9151
-20.9492
-20.9762
-21.0022
-21.0403
-21.1093
-21.1843
-21.2722
-21.3582
-21.4698
-21.5759
-21.6766
-21.7492
-21.7846
-21.8163
-21.8444
-21.8623
-21.8858
-21.8997
-21.9258
-21.9855
-22.0668
-22.1766
-22.3029
-22.4446
-22.5863
-22.7189
-22.8393
-22.9441
-23.0455
-23.1254
-23.2078
-23.2836
-23.3720
-23.4510
-23.5606
-23.6885
-23.8320
-23.9756
-24.1004
-24.1882
-24.2239
-24.2351
-24.2463
-24.2665
-24.2992
-24.3473
-24.4019
-24.4629
-24.5399
-24.6419
-24.7381
-24.8160
-24.8792
-24.9480
-25.0128
-25.0831
-25.1197
-25.1470
-25.1711
-25.2156
-25.2446
-25.2618
-25.2519
-25.2513
-25.2874
-25.3265
-25.3684
-25.3979
-25.4209
-25.4283
-25.4017
-25.3539
-25.2783
-25.2092
-25.1701
-25.1675
-25.1714
-25.1788
-25.1777
-25.1648
-25.1456
-25.1146
-25.0721
-24.9990
-24.9231
-24.8625
-24.8141
-24.8057
-24.7996
-24.7931
-24.7890
-24.7759
-24.7384
-24.6675
-24.5722
-24.4705
-24.3844
-24.3254
-24.2694
-24.2135
-24.1634
-24.1041
-24.0388
-23.9741
-23.9215
-23.8994
-23.8988
-23.8864
-23.8824
-23.8634
-23.8230
-23.7519
-23.6651
-23.5416
-23.4120
-23.2822
-23.1675
-23.0679
-22.9503
-22.8265
-22.6996
-22.5572
-22.4330
-22.3030
-22.1731
-22.0225
-21.8692
-21.7407
-21.6245
-21.5267
-21.4680
-21.4577
-21.4983
-21.5749
-21.6574
-21.7251
-21.7448
-21.7194
-21.6431
-21.5486
-21.4537
-21.3589
-21.2492
-21.1396
-21.0211
-20.9057
-20.7786
-20.6369
-20.4834
-20.3033
-20.1291
-19.9553
-19.7932
-19.6339
-19.4832
-19.3534
-19.2705
-19.2142
-19.1817
-19.1583
-19.1438
-19.1292
-19.0989
-19.0623
-19.0113
-18.9665
-18.9274
-18.8819
-18.8033
-18.7040
-18.5864
-18.4688
-18.3364
-18.2214
-18.1035
-17.9666
-17.8063
-17.6336
-17.4490
-17.2732
-17.0915
-16.9012
-16.6934
-16.4803
-16.2942
-16.1235
-15.9804
-15.8777
-15.7840
-15.6929
-15.5934
-15.5068
-15.3965
-15.2920
-15.1655
-15.0431
-14.8970
-14.7200
-14.5161
-14.2829
-14.0286
-13.7507
-13.4447
-13.1333
-12.8199
-12.5393
-12.3125
-12.1417
-12.0034
-11.8830
-11.7615
-11.6546
-11.5379
-11.4314
-11.3195
-11.1879
-11.0531
-10.9152
-10.7620
-10.6157
-10.4663
-10.3238
-10.2114
-10.0918
-9.9615
-9.8044
-9.6019
-9.3701
-9.1150
-8.8463
-8.5939
-8.3772
-8.2061
-8.0579
-7.9443
-7.8398
-7.7508
-7.6498
-7.5488
-7.4339
-7.3086
-7.1592
-6.9942
-6.8292
-6.6642
-6.4978
-6.3176
-6.1462
-5.9837
-5.8179
-5.6452
-5.4571
-5.2655
-5.0553
-4.8259
-4.6018
-4.4021
-4.2162
-4.0423
-3.8736
-3.7151
-3.5480
-3.3723
-3.2039
-3.0248
-2.8544
-2.7010
-2.5512
-2.4151
-2.3054
-2.1937
-2.0869
-1.9716
-1.8420
-1.7103
-1.5370
-1.3347
-1.0948
-0.8227
-0.5404
-0.2564
0.0256
0.2932
0.5443
0.7814
1.0118
1.2109
1.3721
1.5041
1.6189
1.7298
1.8308
1.9184
2.0057
2.0854
2.1859
2.2927
2.4169
2.5672
2.7262
2.9063
3.0875
3.2679
3.4657
3.6716
3.8775
4.0557
4.2113
4.3262
4.4278
4.5182
4.6211
4.7251
4.8274
4.9270
5.0294
5.1356
5.2448
5.3597
5.4746
5.5829
5.7095
5.8660
6.0494
6.2476
6.4305
6.6068
6.7602
6.8852
6.9944
7.0863
7.1464
7.1699
7.1702
7.1654
7.1589
7.1696
7.1863
7.2116
7.2254
7.2320
7.2209
7.2323
7.2805
7.3563
7.4586
7.5800
7.6805
7.7322
7.7517
7.7502
7.7554
7.7870
7.8166
7.8502
7.8798
7.8800
7.8763
7.8424
7.7740
7.6721
7.5542
7.4560
7.3861
7.3888
7.4466
7.5154
7.6048
7.6844
7.7563
7.8205
7.8517
7.8793
7.9331
8.0645
8.2613
8.5141
8.7465
8.9066
8.9439
8.8795
8.7427
8.5769
8.3691
8.1737
8.0035
7.8322
7.6660
7.5280
