2.9628
2.8836
2.8428
2.8349
2.8483
2.8424
2.8470
2.8363
2.8038
2.7806
2.7411
2.6963
2.6702
2.6627
2.6833
2.6945
2.7267
2.7655
2.8081
2.8173
2.7973
2.7297
2.6240
2.4924
2.3206
2.1414
1.9823
1.8613
1.7717
1.7003
1.6600
1.6353
1.6196
1.5896
1.5661
1.5620
1.5580
1.5656
1.5848
1.6220
1.6707
1.7168
1.7357
1.7263
1.6798
1.6128
1.5495
1.4965
1.4448
1.3995
1.3467
1.3003
1.2427
1.1928
1.1656
1.1498
1.1253
1.0919
1.0546
1.0477
1.0738
1.1037
1.1219
1.0982
1.0478
0.9899
0.9204
0.8333
0.7374
0.6531
0.5879
0.5572
0.5581
0.5527
0.5497
0.5466
0.5347
0.4974
0.4422
0.3665
0.3134
0.2757
0.2645
0.2787
0.3448
0.4354
0.5146
0.5864
0.6621
0.7302
0.7870
0.8399
0.9156
1.0067
1.0891
1.1192
1.1032
1.0541
1.0091
0.9577
0.9038
0.8371
0.7678
0.6896
0.5844
0.4702
0.3304
0.1586
-0.0529
-0.2785
-0.4888
-0.6759
-0.8374
-0.9927
-1.1362
-1.2783
-1.4165
-1.5486
-1.6768
-1.8141
-1.9822
-2.1622
-2.3370
-2.4872
-2.6208
-2.7342
-2.8461
-2.9565
-3.0932
-3.2354
-3.3797
-3.5294
-3.6754
-3.8209
-3.9560
-4.0512
-4.1432
-4.2311
-4.2989
-4.3544
-4.4169
-4.5215
-4.6682
-4.8438
-5.0431
-5.2243
-5.3818
-5.4977
-5.5773
-5.6315
-5.6586
-5.7003
-5.7600
-5.8290
-5.9055
-5.9949
-6.1152
-6.2829
-6.4817
-6.7170
-6.9633
-7.1825
-7.3253
-7.4242
-7.4994
-7.5546
-7.6080
-7.6817
-7.7590
-7.8549
-7.9637
-8.0930
-8.2336
-8.3890
-8.5798
-8.7796
-8.9516
-9.0735
-9.1453
-9.1911
-9.2312
-9.2639
-9.3149
-9.3876
-9.4841
-9.6025
-9.7425
-9.9023
-10.0911
-10.2831
-10.4625
-10.6217
-10.7393
-10.8380
-10.9052
-10.9597
-11.0324
-11.1201
-11.2043
-11.2829
-11.3717
-11.4585
-11.5911
-11.7559
-11.9323
-12.0954
-12.2542
-12.4175
-12.5993
-12.7417
-12.8659
-12.9783
-13.1180
-13.2741
-13.4434
-13.6049
-13.7911
-13.9637
-14.1144
-14.2817
-14.4236
-14.5479
-14.6429
-14.7321
-14.8072
-14.8999
-14.9911
-15.1175
-15.2803
-15.4303
-15.5855
-15.7180
-15.8523
-15.9819
-16.0896
-16.1738
-16.2680
-16.3573
-16.4499
-16.5304
-16.6276
-16.7187
-16.8269
-16.9361
-17.0621
-17.1905
-17.3039
-17.4137
-17.5110
-17.6167
-17.7172
-17.8371
-17.9767
-18.1236
-18.2420
-18.3325
-18.4096
-18.4886
-18.5550
-18.6180
-18.6744
-18.7098
-18.7434
-18.7839
-18.8344
-18.8875
-18.9383
-19.0022
-19.0917
-19.1769
-19.2528
-19.3289
-19.4240
-19.5094
-19.5880
-19.6634
-19.7419
-19.8136
-19.8857
-19.9511
-20.0094
-20.0552
-20.0922
-20.1353
-20.1792
-20.2170
-20.2438
-20.2735
-20.3004
-20.3392
-20.4080
-20.4886
-20.5720
-20.6462
-20.7352
-20.8083
-20.8655
-20.8888
-20.8996
-20.8946
-20.8838
-20.8642
-20.8566
-20.8287
-20.8015
-20.7656
-20.7182
-20.6683
-20.6215
-20.5925
-20.5693
-20.5368
-20.4893
-20.4238
-20.3574
-20.2876
-20.2062
-20.0861
-19.9575
-19.8260
-19.7070
-19.5914
-19.4901
-19.4251
-19.3865
-19.3808
-19.4082
-19.4563
-19.5104
-19.5643
-19.6180
-19.6688
-19.7072
-19.7454
-19.7929
-19.8526
-19.8936
-19.9136
-19.8947
-19.8582
-19.8335
-19.8232
-19.8280
-19.8327
-19.8221
-19.7933
-19.7290
-19.6436
-19.5345
-19.3781
-19.1804
-18.9436
-18.6809
-18.4122
-18.1376
-17.8899
-17.6862
-17.4913
-17.2961
-17.1165
-16.9719
-16.8420
-16.7089
-16.5758
-16.4516
-16.3268
-16.1697
-15.9897
-15.8067
-15.6268
-15.4463
-15.2778
-15.1392
-15.0144
-14.8871
-14.7686
-14.6445
-14.5205
-14.3964
-14.2869
-14.1732
-14.0693
-13.9565
-13.8581
-13.7695
-13.6921
-13.6091
-13.5382
-13.4785
-13.4133
-13.3181
-13.1908
-13.0580
-12.9219
-12.7913
-12.6960
-12.6239
-12.5585
-12.4997
-12.4344
-12.3538
-12.2866
-12.2206
-12.1590
-12.1053
-12.0230
-11.9573
-11.9026
-11.8534
-11.8163
-11.7759
-11.7159
-11.6449
-11.5892
-11.5162
-11.4419
-11.3668
-11.2752
-11.1778
-11.0663
-10.9406
-10.8137
-10.6814
-10.5666
-10.4450
-10.3302
-10.1891
-10.0501
-9.9125
-9.7768
-9.6513
-9.5069
-9.3747
-9.2459
-9.1030
-8.9622
-8.8229
-8.6821
-8.5604
-8.4492
-8.3506
-8.2519
-8.1499
-8.0512
-7.9299
-7.7964
-7.6406
-7.4643
-7.2688
-7.0575
-6.8462
-6.6503
-6.4578
-6.2617
-6.1019
-5.9507
-5.8149
-5.6913
-5.5711
-5.4648
-5.3811
-5.3060
-5.2134
-5.1295
-5.0558
-4.9701
-4.8895
-4.8282
-4.7827
-4.7530
-4.7356
-4.7234
-4.6989
-4.6693
-4.6239
-4.5836
-4.5432
-4.4835
-4.4099
-4.3466
-4.2745
-4.1863
-4.0700
-3.9202
-3.7493
-3.5728
-3.4212
-3.3142
-3.2385
-3.1905
-3.1358
-3.0724
-3.0073
-2.9403
-2.8630
-2.7959
-2.7216
-2.6328
-2.5303
-2.4060
-2.2709
-2.0914
-1.8957
-1.6802
-1.4594
-1.2485
-1.0446
-0.8596
-0.6928
-0.5576
-0.4470
-0.3598
-0.2734
-0.1856
-0.1029
-0.0063
0.0765
0.1718
0.2658
0.3599
0.4550
0.5664
0.6991
0.8319
0.9672
1.0989
1.2471
1.3854
1.5175
1.6333
1.7468
1.8390
1.9225
1.9973
2.0861
2.1572
2.2333
2.3157
2.3917
2.4500
2.4819
2.4898
2.4851
2.4612
2.4261
2.4035
2.4124
2.4492
2.4858
2.5248
2.5310
2.5184
2.4945
2.4710
2.4920
2.5284
2.5772
2.6298
2.6890
2.7720
2.8654
2.9828
3.1236
3.3033
3.5274
3.7951
4.0956
4.3543
4.5469
4.6979
4.7937
4.8569
4.8706
4.7977
4.6426
4.4049
4.1180
3.8029
3.5217
3.2415
2.9383
2.6118
2.2887
1.9637
1.6421
1.3211
1.0250
0.7415
0.4858
0.2901
0.1243
-0.0003
