2.962800
2.962104
2.960017
2.956538
2.951668
2.945409
2.937759
2.928721
2.918295
2.906482
2.893285
2.878704
2.862741
2.845398
2.826677
2.806581
2.785111
2.762270
2.738061
2.712486
2.685549
2.657253
2.627601
2.596596
2.564242
2.530543
2.495503
2.459126
2.421416
2.382377
2.342014
2.300333
2.257336
2.213031
2.167421
2.120512
2.072310
2.022821
1.972049
1.920001
1.866683
1.812101
1.756262
1.699172
1.640838
1.581266
1.520464
1.458438
1.395196
1.330746
1.265094
1.198248
1.130217
1.061008
0.990629
0.919088
0.846394
0.772555
0.697580
0.621478
0.544257
0.465927
0.386496
0.305974
0.224370
0.141694
0.057956
-0.026836
-0.112670
-0.199537
-0.287427
-0.376330
-0.466235
-0.557131
-0.649008
-0.741856
-0.835664
-0.930420
-1.026113
-1.122733
-1.220268
-1.318707
-1.418038
-1.518250
-1.619330
-1.721268
-1.824051
-1.927668
-2.032105
-2.137352
-2.243395
-2.350223
-2.457823
-2.566182
-2.675288
-2.785128
-2.895689
-3.006959
-3.118924
-3.231571
-3.344887
-3.458859
-3.573474
-3.688718
-3.804578
-3.921040
-4.038091
-4.155717
-4.273904
-4.392639
-4.511908
-4.631696
-4.751990
-4.872776
-4.994040
-5.115767
-5.237944
-5.360555
-5.483588
-5.607027
-5.730858
-5.855067
-5.979639
-6.104559
-6.229814
-6.355387
-6.481266
-6.607435
-6.733879
-6.860584
-6.987535
-7.114716
-7.242114
-7.369713
-7.497499
-7.625456
-7.753570
-7.881826
-8.010208
-8.138702
-8.267293
-8.395966
-8.524706
-8.653497
-8.782325
-8.911174
-9.040031
-9.168879
-9.297703
-9.426489
-9.555222
-9.683886
-9.812467
-9.940950
-10.069318
-10.197559
-10.325656
-10.453595
-10.581361
-10.708938
-10.836313
-10.963469
-11.090393
-11.217070
-11.343484
-11.469621
-11.595466
-11.721005
-11.846223
-11.971105
-12.095637
-12.219804
-12.343592
-12.466987
-12.589973
-12.712537
-12.834664
-12.956340
-13.077551
-13.198282
-13.318521
-13.438252
-13.557461
-13.676136
-13.794261
-13.911823
-14.028809
-14.145204
-14.260996
-14.376170
-14.490714
-14.604614
-14.717856
-14.830427
-14.942315
-15.053506
-15.163987
-15.273746
-15.382769
-15.491044
-15.598558
-15.705298
-15.811253
-15.916410
-16.020757
-16.124281
-16.226970
-16.328812
-16.429797
-16.529910
-16.629142
-16.727481
-16.824914
-16.921431
-17.017020
-17.111670
-17.205371
-17.298111
-17.389879
-17.480665
-17.570459
-17.659249
-17.747025
-17.833777
-17.919495
-18.004169
-18.087790
-18.170346
-18.251830
-18.332230
-18.411538
-18.489745
-18.566841
-18.642818
-18.717666
-18.791378
-18.863943
-18.935354
-19.005603
-19.074681
-19.142580
-19.209293
-19.274811
-19.339126
-19.402233
-19.464122
-19.524787
-19.584221
-19.642416
-19.699367
-19.755066
-19.809506
-19.862683
-19.914588
-19.965217
-20.014563
-20.062621
-20.109384
-20.154849
-20.199008
-20.241858
-20.283392
-20.323607
-20.362497
-20.400059
-20.436287
-20.471177
-20.504726
-20.536929
-20.567783
-20.597284
-20.625428
-20.652213
-20.677635
-20.701691
-20.724379
-20.745696
-20.765639
-20.784205
-20.801394
-20.817203
-20.831629
-20.844672
-20.856329
-20.866600
-20.875483
-20.882977
-20.889082
-20.893796
-20.897119
-20.899051
-20.899591
-20.898740
-20.896497
-20.892863
-20.887838
-20.881422
-20.873617
-20.864424
-20.853843
-20.841876
-20.828523
-20.813788
-20.797671
-20.780174
-20.761299
-20.741049
-20.719426
-20.696432
-20.672070
-20.646343
-20.619254
-20.590806
-20.561002
-20.529846
-20.497342
-20.463493
-20.428303
-20.391776
-20.353917
-20.314730
-20.274220
-20.232391
-20.189248
-20.144797
-20.099041
-20.051988
-20.003642
-19.954008
-19.903093
-19.850903
-19.797444
-19.742721
-19.686742
-19.629512
-19.571039
-19.511330
-19.450390
-19.388229
-19.324851
-19.260266
-19.194480
-19.127502
-19.059338
-18.989998
-18.919489
-18.847819
-18.774996
-18.701030
-18.625929
-18.549701
-18.472355
-18.393902
-18.314348
-18.233705
-18.151981
-18.069186
-17.985329
-17.900420
-17.814470
-17.727488
-17.639484
-17.550469
-17.460453
-17.369446
-17.277460
-17.184504
-17.090590
-16.995729
-16.899931
-16.803209
-16.705572
-16.607033
-16.507603
-16.407293
-16.306116
-16.204083
-16.101207
-15.997498
-15.892969
-15.787633
-15.681501
-15.574586
-15.466901
-15.358457
-15.249269
-15.139348
-15.028707
-14.917359
-14.805317
-14.692594
-14.579204
-14.465160
-14.350474
-14.235160
-14.119232
-14.002704
-13.885588
-13.767898
-13.649649
-13.530854
-13.411527
-13.291681
-13.171331
-13.050491
-12.929175
-12.807397
-12.685171
-12.562511
-12.439433
-12.315949
-12.192075
-12.067825
-11.943213
-11.818255
-11.692964
-11.567355
-11.441443
-11.315243
-11.188769
-11.062036
-10.935059
-10.807852
-10.680431
-10.552810
-10.425005
-10.297029
-10.168899
-10.040628
-9.912232
-9.783727
-9.655126
-9.526445
-9.397699
-9.268903
-9.140072
-9.011221
-8.882365
-8.753519
-8.624698
-8.495917
-8.367191
-8.238535
-8.109964
-7.981494
-7.853139
-7.724913
-7.596833
-7.468913
-7.341168
-7.213612
-7.086261
-6.959130
-6.832233
-6.705585
-6.579201
-6.453096
-6.327284
-6.201781
-6.076599
-5.951756
-5.827264
-5.703138
-5.579394
-5.456044
-5.333104
-5.210589
-5.088511
-4.966887
-4.845728
-4.725051
-4.604869
-4.485196
-4.366045
-4.247431
-4.129368
-4.011870
-3.894949
-3.778621
-3.662897
-3.547793
-3.433321
-3.319494
-3.206326
-3.093831
-2.982020
-2.870908
-2.760507
-2.650830
-2.541890
-2.433699
-2.326271
-2.219617
-2.113751
-2.008684
-1.904429
-1.800998
-1.698403
-1.596656
-1.495768
-1.395752
-1.296620
-1.198382
-1.101051
-1.004637
-0.909152
-0.814607
-0.721013
-0.628382
-0.536723
-0.446047
-0.356365
-0.267688
-0.180026
-0.093389
-0.007787
0.076770
0.160272
0.242709
0.324072
0.404350
0.483536
0.561619
0.638591
0.714442
0.789163
0.862747
0.935184
1.006465
1.076584
1.145530
1.213297
1.279876
1.345260
1.409441
1.472412
1.534165
1.594692
1.653988
1.712045
1.768856
1.824414
1.878714
1.931748
1.983511
2.033997
2.083199
2.131113
2.177732
2.223050
2.267063
2.309766
2.351153
2.391220
2.429963
2.467375
2.503454
2.538194
2.571593
2.603645
2.634348
2.663698
2.691690
2.718323
2.743592
2.767496
2.790030
2.811193
2.830983
2.849395
2.866430
2.882084
2.896356
2.909244
2.920746
2.930862
2.939590
2.946929
2.952878
2.957437
2.960604
2.962381
2.962765
2.961758
2.959360
2.955570
2.950390
2.943819
2.935859
2.926510
2.915774
2.903652
