-6.302769
-6.603075
-6.903313
-7.203416
-7.503317
-7.802948
-8.102241
-8.401129
-8.699545
-8.997421
-9.294692
-9.591289
-9.887146
-10.182197
-10.476375
-10.769614
-11.061848
-11.353011
-11.643038
-11.931864
-12.219423
-12.505650
-12.790482
-13.073855
-13.355703
-13.635965
-13.914577
-14.191477
-14.466601
-14.739889
-15.011278
-15.280708
-15.548118
-15.813448
-16.076638
-16.337629
-16.596362
-16.852779
-17.106822
-17.358434
-17.607559
-17.854141
-18.098123
-18.339452
-18.578072
-18.813930
-19.046974
-19.277150
-19.504407
-19.728694
-19.949959
-20.168155
-20.383230
-20.595138
-20.803830
-21.009259
-21.211379
-21.410145
-21.605512
-21.797435
-21.985873
-22.170782
-22.352120
-22.529848
-22.703924
-22.874311
-23.040969
-23.203860
-23.362950
-23.518200
-23.669578
-23.817047
-23.960577
-24.100133
-24.235685
-24.367202
-24.494654
-24.618014
-24.737253
-24.852344
-24.963261
-25.069980
-25.172477
-25.270727
-25.364710
-25.454405
-25.539790
-25.620847
-25.697557
-25.769904
-25.837871
-25.901442
-25.960604
-26.015342
-26.065646
-26.111503
-26.152903
-26.189837
-26.222296
-26.250274
-26.273764
-26.292760
-26.307258
-26.317256
-26.322750
-26.323740
-26.320225
-26.312207
-26.299686
-26.282666
-26.261151
-26.235145
-26.204655
-26.169687
-26.130248
-26.086349
-26.037998
-25.985207
-25.927988
-25.866353
-25.800316
-25.729893
-25.655098
-25.575949
-25.492464
-25.404661
-25.312561
-25.216183
-25.115550
-25.010684
-24.901609
-24.788349
-24.670930
-24.549378
-24.423721
-24.293987
-24.160204
-24.022404
-23.880617
-23.734875
-23.585211
-23.431659
-23.274252
-23.113027
-22.948020
-22.779268
-22.606808
-22.430681
-22.250924
-22.067579
-21.880687
-21.690291
-21.496432
-21.299154
-21.098503
-20.894522
-20.687259
-20.476759
-20.263070
-20.046239
-19.826317
-19.603352
-19.377394
-19.148495
-18.916705
-18.682078
-18.444665
-18.204520
-17.961697
-17.716251
-17.468237
-17.217711
-16.964729
-16.709348
-16.451626
-16.191620
-15.929390
-15.664993
-15.398490
-15.129940
-14.859405
-14.586944
-14.312619
-14.036492
-13.758625
-13.479081
-13.197921
-12.915211
-12.631013
-12.345390
-12.058409
-11.770132
-11.480625
-11.189953
-10.898182
-10.605376
-10.311603
-10.016928
-9.721416
-9.425136
-9.128153
-8.830535
-8.532348
-8.233659
-7.934535
-7.635045
-7.335255
-7.035232
-6.735045
-6.434760
-6.134446
-5.834170
-5.533999
-5.234001
-4.934243
-4.634794
-4.335719
-4.037087
-3.738965
-3.441420
-3.144519
-2.848328
-2.552915
-2.258345
-1.964685
-1.672001
-1.380359
-1.089825
-0.800463
-0.512340
-0.225519
0.059934
0.343956
0.626482
0.907449
1.186794
1.464454
1.740366
2.014469
2.286700
2.556998
2.825304
3.091555
3.355693
3.617657
3.877390
4.134832
4.389926
4.642613
4.892839
5.140545
5.385676
5.628178
5.867995
6.105074
6.339361
6.570804
6.799350
7.024949
7.247548
7.467099
7.683552
7.896858
8.106969
8.313838
8.517418
8.717663
8.914530
9.107972
9.297947
9.484412
9.667325
9.846644
10.022331
10.194344
10.362645
10.527196
10.687961
10.844903
10.997987
11.147179
11.292444
11.433750
11.571066
11.704360
11.833603
11.958765
12.079818
12.196735
12.309490
12.418057
12.522412
12.622532
12.718393
12.809975
12.897256
12.980218
13.058841
13.133108
13.203001
13.268506
13.329608
13.386292
13.438546
13.486359
13.529719
13.568617
13.603044
13.632992
13.658455
13.679427
13.695902
13.707878
13.715352
13.718322
13.716787
13.710748
13.700206
13.685163
13.665623
13.641590
13.613070
13.580069
13.542594
13.500654
13.454259
13.403418
13.348143
13.288448
13.224344
13.155846
13.082971
13.005734
12.924152
12.838244
12.748030
12.653530
12.554764
12.451756
12.344528
12.233104
12.117510
11.997771
11.873915
11.745969
11.613962
11.477924
11.337885
11.193878
11.045933
10.894086
10.738369
10.578818
10.415468
10.248357
10.077522
9.903002
9.724836
9.543063
9.357725
9.168863
8.976521
8.780740
8.581566
8.379043
8.173217
7.964134
7.751840
7.536385
7.317815
7.096181
6.871533
6.643920
6.413394
6.180007
5.943812
5.704861
5.463209
5.218909
4.972017
4.722588
4.470678
4.216345
3.959644
3.700635
3.439375
3.175923
2.910339
2.642681
2.373011
2.101389
1.827876
1.552533
1.275423
0.996608
0.716151
0.434114
0.150562
-0.134442
-0.420834
-0.708550
-0.997524
-1.287692
-1.578988
-1.871347
-2.164703
-2.458990
-2.754142
-3.050093
-3.346775
-3.644122
-3.942068
-4.240545
-4.539485
-4.838823
-5.138489
-5.438418
-5.738541
-6.038792
-6.339101
-6.639402
-6.939628
-7.239710
-7.539582
-7.839175
-8.138423
-8.437257
-8.735612
-9.033419
-9.330611
-9.627122
-9.922886
-10.217835
-10.511903
-10.805023
-11.097131
-11.388161
-11.678046
-11.966721
-12.254122
-12.540185
-12.824843
-13.108035
-13.389695
-13.669761
-13.948169
-14.224857
-14.499762
-14.772824
-15.043979
-15.313168
-15.580329
-15.845403
-16.108330
-16.369051
-16.627507
-16.883640
-17.137392
-17.388707
-17.637527
-17.883797
-18.127461
-18.368465
-18.606754
