-7.539049127
-7.659129555
-7.70125625
-7.687714543
-7.607388076
-7.450746653
-7.263610033
-7.043881664
-6.784772919
-6.488499917
-6.163092936
-5.824843964
-5.495079134
-5.192105791
-4.929218699
-4.748301095
-4.672277188
-4.724360906
-4.931207964
-5.235306767
-5.594890975
-5.95126178
-6.226385002
-6.390034874
-6.425852398
-6.40636508
-6.356197093
-6.318226824
-6.309778969
-6.301403726
-6.293149201
-6.291085112
-6.291085112
-6.291085112
-6.276009068
-6.248818898
-6.238831702
-6.242920572
-6.234681878
-6.213139824
-6.193500275
-6.159422335
-6.11992731
-6.095376567
-6.062982171
-6.047318705
-6.052180727
-6.076286004
-6.106425686
-6.15965585
-6.23877405
-6.323695207
-6.436881844
-6.529931761
-6.588912059
-6.615951782
-6.646240952
-6.706844132
-6.803878084
-6.971909089
-7.170527369
-7.393723173
-7.616289499
-7.792108095
-7.901219714
-7.940506602
-7.974652273
-8.003228757
-8.032471662
-8.077748811
-8.143933555
-8.236784804
-8.348885817
-8.469096456
-8.623654291
-8.825982356
-9.073817769
-9.348958413
-9.632645303
-9.905307132
-10.12608972
-10.28751683
-10.40463956
-10.51933358
-10.60735119
-10.658639
-10.68878607
-10.71118332
-10.76536721
-10.85753992
-10.96993033
-11.10657069
-11.2802028
-11.48092936
-11.7223033
-11.97441815
-12.22761594
-12.4633587
-12.64427746
-12.77676533
-12.8880319
-12.95681329
-13.05033099
-13.16361951
-13.26438888
-13.35520937
-13.41493662
-13.46471766
-13.53942078
-13.6128796
-13.67259713
-13.71611223
-13.75843093
-13.81313619
-13.89156295
-13.97384118
-14.07349279
-14.1744065
-14.26052198
-14.33902168
-14.42876757
-14.52223367
-14.63196848
-14.7867712
-15.0053992
-15.21773649
-15.41378018
-15.58542189
-15.76577936
-15.96495505
-16.19338128
-16.38555085
-16.54800371
-16.69945825
-16.84410637
-16.98101934
-17.08418847
-17.18893953
-17.31134286
-17.44231373
-17.55921794
-17.64885843
-17.72640107
-17.794453
-17.80718145
-17.76634122
-17.6664226
-17.54357148
-17.39947186
-17.23680398
-17.08255312
-16.98350023
-16.94511751
-16.96990957
-17.02106156
-17.07091531
-17.11979057
-17.11735361
-17.08030139
-17.0011141
-16.89682376
-16.79880504
-16.65556817
-16.49280791
-16.29452352
-16.09215673
-15.9187836
-15.73063042
-15.53983516
-15.31986809
-15.12934126
-14.98975734
-14.90653302
-14.85076988
-14.83733991
-14.85135552
-14.86186255
-14.87688994
-14.90940688
-14.94344431
-14.96017833
-14.93398441
-14.88594422
-14.77949922
-14.63563378
-14.4535508
-14.23641592
-14.00985242
-13.77685591
-13.57619072
-13.41433553
-13.30317475
-13.25427558
-13.26759318
-13.30421362
-13.33915706
-13.34405191
-13.31820547
-13.26558732
-13.16010096
-12.98469903
-12.73111754
-12.41539683
-12.03827949
-11.66939325
-11.33610362
-11.07019471
-10.8589564
-10.71734574
-10.63288151
-10.58667499
-10.56779863
-10.52104096
-10.45654754
-10.37757058
-10.26290911
-10.11923474
-9.963985282
-9.796765813
-9.639203342
-9.495441882
-9.351795764
-9.195038188
-9.039752775
-8.873206438
-8.69946911
-8.501323979
-8.298101168
-8.120690414
-7.952845381
-7.812590046
-7.687368152
-7.555675659
-7.418914132
-7.252799049
-7.064470964
-6.820858126
-6.522281514
-6.168434227
-5.777180068
-5.372952674
-4.970934133
-4.564623898
-4.159679899
-3.741900323
-3.323987936
-2.945422553
-2.640454006
-2.438910064
-2.267662427
-2.109498259
-1.941942044
-1.754833906
-1.526398907
-1.255122817
-0.943582804
-0.602365796
-0.248167055
0.144062329
0.547183726
0.97372419
1.383681421
1.74332313
2.055058386
2.303345919
2.461309518
2.554147866
2.587354687
2.590257939
2.594323992
2.598973051
2.612524327
2.622998696
2.638744037
2.658007361
2.686632911
2.714674214
2.764618816
2.814297228
2.88995946
3.005570705
3.165918167
3.391513896
3.669375375
3.994923597
4.317937064
4.625442791
4.921642872
5.220007651
5.486452004
5.689089869
5.847069791
5.994675745
6.181470801
6.39203599
6.565336812
6.715354465
6.844963798
6.963653127
7.066606755
7.152378373
7.235256604
7.325340067
7.418855882
7.54115542
7.685242663
7.830893749
7.944005379
8.041077241
8.152542501
8.26707717
8.394802411
8.541843212
8.684619464
8.813495444
8.9175983
8.977271296
9.009341931
9.026167023
9.034190983
9.024183857
8.989708924
8.955224335
8.90506698
8.878968456
8.872955818
8.881811997
8.87416847
8.855685118
8.832459679
8.811205876
8.784791649
8.764531213
8.739827254
8.720656037
8.706220177
8.682884993
8.640560093
8.570905946
8.471835911
8.359173263
8.248250238
8.157945101
8.09013907
7.978733415
7.849586151
7.70338203
7.544230378
7.354705202
7.160057939
6.981732347
6.829039198
6.687842776
6.576240923
6.480645525
6.376155308
6.224439748
6.052060119
5.842158921
5.607591664
5.367211799
5.155449597
4.968306753
4.777798234
4.592278
4.408072366
4.223627879
4.040334821
3.852185698
3.636451684
3.395437868
3.121864266
2.815783678
2.488744758
2.14019088
1.788995517
1.454651679
1.109009277
0.762617225
0.438780109
0.129050033
-0.159056066
-0.407282121
-0.626461826
-0.818009966
-0.973451169
-1.142136918
-1.328590795
-1.532020149
-1.74655212
-1.993568153
-2.257182718
-2.52167392
-2.80018652
-3.134127185
-3.492720328
-3.84766593
-4.196103111
-4.530450944
-4.835310049
-5.115736986
-5.379333204
-5.64335943
-5.911755639
-6.14181494
-6.291504418
-6.315692413
-6.196979281
-5.952182766
-5.687679717
-5.449886444
-5.263638909
-5.102386836
-4.998864942
-4.930134409
-4.907870716
-4.961365693
-5.035830107
-5.112957082
-5.159558786
-5.132965448
-5.005030925
-4.770544054
-4.464486791
-4.112250765
-3.75273776
-3.459756506
-3.252834221
-3.121130389
-3.058167908
-3.103221405
-3.210546353
-3.371387871
-3.5354349
-3.691477046
-3.855764471
-4.032632297
-4.213653051
-4.377788245
-4.540429358
-4.708041549
-4.861849079
-5.007206384
-5.153786191
-5.348429775
-5.548542588
-5.714925915
-5.865711499
-5.980612647
-6.051030977
-6.101890058
-6.161772901
-6.191891534
-6.187599214
-6.191949053
-6.186053853
-6.155947973
-6.107422046
-6.050751057
-5.966835834
-5.874018788
-5.743257227
-5.59723184
-5.4359916
-5.306690705
-5.183488325
-5.1311935
-5.135037815
-5.219859727
-5.373596337
-5.561602298
-5.755899598
-5.942368027
-6.09805104
-6.211102562
-6.301344822
-6.334528667
-6.323079038
-6.25814243
-6.179270636
-6.082724055
-6.00970481
-5.984044719
-6.032252394
-6.195630763
-6.453558506
-6.743296832
-6.996508269
-7.140397796
-7.185556996
-7.202906431
-7.216128171
-7.257059466
-7.335527037
-7.436955561
-7.531329918
-7.637567515
-7.721975396
-7.792300742
-7.844665338
-7.906082929
-8.002863562
-8.142386261
-8.295936034
-8.4520796
-8.588190246
-8.714513404
-8.856652543
-8.951426867
-8.992823694
-8.998818463
-8.998818463
-8.999906589
-9.000994662
-9.036949098
-9.098522547
-9.153003423
-9.194943942
-9.245580369
-9.30224537
-9.394443159
-9.527679142
-9.676823659
-9.819978926
-9.935215801
-10.03569197
-10.13729999
-10.24397137
-10.39004053
-10.54343462
-10.73424144
-10.9539611
-11.20691823
-11.45538661
-11.64181094
-11.7623159
-11.84864097
-11.94445079
-12.05093542
-12.17048826
-12.30940281
-12.44576076
-12.57605123
-12.66824319
-12.74223409
-12.7947861
-12.82008122
-12.83097252
-12.84548816
-12.87087383
-12.8959277
-12.91207517
-12.93594353
-13.01133112
-13.17078142
-13.35739365
-13.53139296
-13.67176182
-13.7773404
-13.83475225
-13.82303898
-13.75870574
-13.64093632
-13.49445567
-13.34928844
-13.19464307
-13.01334395
-12.83546828
-12.66497418
-12.51769161
-12.37026038
-12.23502701
-12.09384053
-11.93949438
-11.73832947
-11.53741114
-11.34274399
-11.20051795
-11.11903205
-11.08562866
-11.07194172
-11.08340883
-11.08173961
-11.05762022
-10.97680845
-10.8192514
-10.57986557
-10.28348723
-9.941139905
-9.55293063
-9.147615029
-8.711939719
-8.253826633
-7.809310169
-7.403749267
-7.086917699
-6.888539434
-6.791732342
-6.780140376
-6.790514311
-6.789842271
-6.779624029
-6.764980265
-6.74501924
-6.71463257
-6.679612939
-6.643884109
-6.584241014
-6.501840394
-6.387636143
-6.27484207
-6.198399274
-6.161773015
-6.12753024
-6.068898392
-6.022641796
-5.987926096
-5.912365032
-5.782113034
-5.618326198
-5.461919808
-5.352347091
-5.263387982
-5.166821057
-5.057937972
-4.918485199
-4.750429408
-4.544181913
-4.357086583
-4.20643677
-4.102487951
-4.066676774
-4.045953516
-3.961381173
-3.821914314
-3.676011378
-3.544404984
-3.380707448
-3.242313666
-3.145330523
-3.005122304
-2.77877811
-2.475032797
-2.156942643
-1.851258578
-1.498504811
-1.110337119
-0.732303461
-0.371055639
-0.024766857
0.267381919
0.485892525
0.605857498
0.644781815
0.661765435
0.676025221
0.70250891
0.737156657
0.798312279
0.899767332
1.021008769
1.158881903
1.290700809
1.452979893
1.624395567
1.785635771
1.926357005
2.045794439
2.144549988
2.204055524
2.2297207
2.280208014
2.371487858
2.499870595
2.643669893
2.820236946
3.024448517
3.245432974
3.452342237
3.633442859
3.783777447
3.872344487
3.908190985
3.888733868
3.84494695
3.812694251
3.776786035
3.762179065
3.757322131
3.769541338
3.778747805
3.754447032
3.685641486
3.580834846
3.440601723
3.266642966
3.082766145
2.906527947
2.74048952
2.580508629
2.444617501
2.33395528
2.210644993
2.0647899
1.871745482
1.625901616
1.324270229
1.031295941
0.766829793
0.529577859
0.329838821
0.11752599
-0.086977861
-0.256252373
-0.394619042
-0.521663182
-0.642313911
-0.783851675
-0.934656155
-1.074896531
-1.206981936
-1.33659657
-1.472046641
-1.591977543
-1.719379282
-1.858406477
-2.006617325
-2.121937655
-2.225743778
-2.321361203
-2.389786062
-2.450025643
-2.499599805
-2.55996141
-2.624439439
-2.691528313
-2.779242217
-2.874439302
-2.967980944
-3.070105519
-3.207314134
-3.379796637
-3.622046996
-3.915387262
-4.258731402
-4.667491258
-5.096198966
-5.515121995
-5.847767803
-6.097683048
-6.261540936
-6.338103375
-6.335273649
-6.309800925
-6.318209853
-6.328472633
-6.313614054
-6.267521668
-6.157145376
-5.983961673
-5.761299176
-5.488309713
-5.176322773
-4.802418214
-4.361428867
-3.920124423
-3.529489994
-3.193376307
-2.91037503
-2.727542581
-2.65188552
-2.667061888
