-5.149936
-5.197842
-5.245747
-5.293651
-5.341553
-5.389453
-5.437349
-5.485241
-5.533129
-5.581011
-5.628888
-5.676758
-5.724620
-5.772475
-5.820322
-5.868159
-5.915986
-5.963803
-6.011609
-6.059402
-6.107184
-6.154952
-6.202707
-6.250447
-6.298172
-6.345881
-6.393574
-6.441250
-6.488909
-6.536549
-6.584170
-6.631771
-6.679352
-6.726912
-6.774451
-6.821967
-6.869460
-6.916930
-6.964376
-7.011797
-7.059192
-7.106561
-7.153904
-7.201219
-7.248506
-7.295764
-7.342993
-7.390192
-7.437360
-7.484496
-7.531601
-7.578674
-7.625713
-7.672718
-7.719688
-7.766624
-7.813523
-7.860386
-7.907212
-7.954000
-8.000750
-8.047461
-8.094132
-8.140763
-8.187353
-8.233901
-8.280407
-8.326871
-8.373290
-8.419666
-8.465997
-8.512282
-8.558522
-8.604715
-8.650860
-8.696958
-8.743007
-8.789006
-8.834956
-8.880856
-8.926704
-8.972501
-9.018246
-9.063937
-9.109575
-9.155159
-9.200687
-9.246161
-9.291578
-9.336939
-9.382242
-9.427487
-9.472674
-9.517802
-9.562870
-9.607877
-9.652823
-9.697708
-9.742531
-9.787290
-9.831986
-9.876618
-9.921186
-9.965688
-10.010124
-10.054493
-10.098796
-10.143030
-10.187197
-10.231294
-10.275322
-10.319279
-10.363166
-10.406981
-10.450725
-10.494396
-10.537994
-10.581518
-10.624967
-10.668342
-10.711641
-10.754864
-10.798010
-10.841079
-10.884070
-10.926983
-10.969816
-11.012570
-11.055244
-11.097836
-11.140347
-11.182777
-11.225123
-11.267387
-11.309566
-11.351662
-11.393672
-11.435597
-11.477436
-11.519189
-11.560854
-11.602431
-11.643920
-11.685320
-11.726631
-11.767852
-11.808982
-11.850021
-11.890968
-11.931823
-11.972585
-12.013253
-12.053828
-12.094308
-12.134693
-12.174983
-12.215176
-12.255273
-12.295272
-12.335173
-12.374976
-12.414681
-12.454285
-12.493790
-12.533194
-12.572497
-12.611699
-12.650798
-12.689795
-12.728688
-12.767478
-12.806164
-12.844744
-12.883219
-12.921589
-12.959852
-12.998008
-13.036057
-13.073997
-13.111829
-13.149553
-13.187166
-13.224670
-13.262063
-13.299345
-13.336516
-13.373574
-13.410520
-13.447353
-13.484072
-13.520677
-13.557167
-13.593543
-13.629803
-13.665946
-13.701973
-13.737884
-13.773676
-13.809350
-13.844906
-13.880343
-13.915660
-13.950858
-13.985935
-14.020890
-14.055725
-14.090437
-14.125027
-14.159495
-14.193839
-14.228059
-14.262154
-14.296125
-14.329971
-14.363691
-14.397286
-14.430753
-14.464093
-14.497306
-14.530391
-14.563348
-14.596175
-14.628874
-14.661442
-14.693880
-14.726188
-14.758365
-14.790410
-14.822323
-14.854103
-14.885751
-14.917266
-14.948646
-14.979893
-15.011005
-15.041982
-15.072824
-15.103530
-15.134099
-15.164532
-15.194828
-15.224986
-15.255006
-15.284888
-15.314632
-15.344236
-15.373700
-15.403025
-15.432209
-15.461252
-15.490155
-15.518915
-15.547534
-15.576010
-15.604344
-15.632535
-15.660582
-15.688485
-15.716244
-15.743858
-15.771327
-15.798651
-15.825829
-15.852861
-15.879746
-15.906485
-15.933076
-15.959519
-15.985815
-16.011962
-16.037961
-16.063810
-16.089510
-16.115061
-16.140461
-16.165711
-16.190810
-16.215757
-16.240554
-16.265198
-16.289690
-16.314030
-16.338217
-16.362251
-16.386131
-16.409858
-16.433430
-16.456848
-16.480111
-16.503219
-16.526171
-16.548968
-16.571609
-16.594093
-16.616421
-16.638592
-16.660605
-16.682461
-16.704159
-16.725699
-16.747080
-16.768303
-16.789366
-16.810270
-16.831015
-16.851600
-16.872024
-16.892288
-16.912391
-16.932333
-16.952114
-16.971734
-16.991191
-17.010486
-17.029619
-17.048590
-17.067397
-17.086042
-17.104522
-17.122840
-17.140993
-17.158982
-17.176807
-17.194467
-17.211962
-17.229292
-17.246457
-17.263456
-17.280290
-17.296957
-17.313458
-17.329792
-17.345960
-17.361961
-17.377794
-17.393460
-17.408959
-17.424290
-17.439452
-17.454447
-17.469273
-17.483930
-17.498419
-17.512738
-17.526888
-17.540869
-17.554680
-17.568321
-17.581793
-17.595094
-17.608224
-17.621185
-17.633974
-17.646592
-17.659040
-17.671316
-17.683421
-17.695354
-17.707116
-17.718705
-17.730123
-17.741368
-17.752441
-17.763341
-17.774069
-17.784624
-17.795005
-17.805214
-17.815250
-17.825112
-17.834800
-17.844315
-17.853657
-17.862824
-17.871817
-17.880636
-17.889281
-17.897751
-17.906047
-17.914168
-17.922115
-17.929886
-17.937483
-17.944905
-17.952151
-17.959222
-17.966118
-17.972838
-17.979383
-17.985752
-17.991946
-17.997964
-18.003805
-18.009471
-18.014961
-18.020274
-18.025412
-18.030373
-18.035158
-18.039766
-18.044198
-18.048454
-18.052533
-18.056435
-18.060160
-18.063709
-18.067081
-18.070276
-18.073295
-18.076136
-18.078801
-18.081288
-18.083598
-18.085732
-18.087688
-18.089467
-18.091069
-18.092494
-18.093741
-18.094812
-18.095705
-18.096421
-18.096960
-18.097321
-18.097506
-18.097513
-18.097342
-18.096995
-18.096470
-18.095768
-18.094889
-18.093833
-18.092599
-18.091188
-18.089600
-18.087835
-18.085893
-18.083774
-18.081477
-18.079004
-18.076353
-18.073526
-18.070522
-18.067340
-18.063982
-18.060448
-18.056736
-18.052848
-18.048783
-18.044541
-18.040123
-18.035529
-18.030758
-18.025811
-18.020687
-18.015388
-18.009912
-18.004260
-17.998432
-17.992428
-17.986249
-17.979893
-17.973362
-17.966656
-17.959774
-17.952717
-17.945484
-17.938076
-17.930494
-17.922736
-17.914803
-17.906696
-17.898414
-17.889957
-17.881326
-17.872521
-17.863541
-17.854388
-17.845061
-17.835559
-17.825884
-17.816036
-17.806014
-17.795819
-17.785451
-17.774910
-17.764196
-17.753309
-17.742250
-17.731018
-17.719614
-17.708038
-17.696291
-17.684371
-17.672280
-17.660017
-17.647583
-17.634978
-17.622202
-17.609256
-17.596138
-17.582851
-17.569393
-17.555765
-17.541967
-17.528000
-17.513863
-17.499557
-17.485082
-17.470438
-17.455626
-17.440644
-17.425495
-17.410178
-17.394692
-17.379039
-17.363219
-17.347232
-17.331077
-17.314756
-17.298268
-17.281614
-17.264794
-17.247808
-17.230656
-17.213339
-17.195857
-17.178210
-17.160398
-17.142422
-17.124282
-17.105977
-17.087509
-17.068878
-17.050083
-17.031126
-17.012006
-16.992723
-16.973278
-16.953672
-16.933904
-16.913974
-16.893884
-16.873633
-16.853221
-16.832649
-16.811917
-16.791026
-16.769975
-16.748765
-16.727396
-16.705869
-16.684183
-16.662340
-16.640339
-16.618180
-16.595865
-16.573393
-16.550765
-16.527980
-16.505040
-16.481944
-16.458694
-16.435288
-16.411728
-16.388014
-16.364145
-16.340124
-16.315949
-16.291621
-16.267141
-16.242508
-16.217724
-16.192788
-16.167701
-16.142464
-16.117075
-16.091537
-16.065849
-16.040011
-16.014024
-15.987889
-15.961605
-15.935173
-15.908593
-15.881866
-15.854993
-15.827972
-15.800806
-15.773494
-15.746036
-15.718433
-15.690686
-15.662794
-15.634758
-15.606579
-15.578257
-15.549792
-15.521184
-15.492435
-15.463543
-15.434511
-15.405338
-15.376025
-15.346571
-15.316978
-15.287246
-15.257375
-15.227366
-15.197218
-15.166933
-15.136511
-15.105952
-15.075257
-15.044427
-15.013460
-14.982359
-14.951123
-14.919753
-14.888249
-14.856611
-14.824841
-14.792939
-14.760904
-14.728738
-14.696441
-14.664013
-14.631454
-14.598766
-14.565949
-14.533003
-14.499928
-14.466725
-14.433395
-14.399937
-14.366353
-14.332643
-14.298807
-14.264846
-14.230760
-14.196550
-14.162216
-14.127758
-14.093178
-14.058475
-14.023650
-13.988704
-13.953637
-13.918449
