-5.691557683
-5.728829753
-5.792130437
-5.874535355
-5.949521116
-6.041845935
-6.119790921
-6.18680375
-6.242230946
-6.269894357
-6.28240457
-6.319228648
-6.371100591
-6.444843661
-6.533388883
-6.660881627
-6.798719298
-6.934852307
-7.07041018
-7.250480689
-7.501427561
-7.757394291
-8.020474058
-8.291692701
-8.561094741
-8.776118665
-8.964606343
-9.088582504
-9.166431636
-9.198354602
-9.208883176
-9.222580572
-9.24266043
-9.303245198
-9.386750924
-9.531656144
-9.722490842
-9.962366872
-10.22291668
-10.54166361
-10.87947327
-11.21692855
-11.51753087
-11.71735
-11.85586748
-11.91015308
-11.91523043
-11.92581149
-11.97746509
-12.04625319
-12.12418483
-12.20196595
-12.30836906
-12.39521939
-12.47260268
-12.51193266
-12.51193266
-12.52225307
-12.55429843
-12.58635164
-12.65970094
-12.76539538
-12.89335393
-13.07475442
-13.30194985
-13.52550878
-13.76378049
-14.01596893
-14.25520842
-14.4860384
-14.72697551
-14.9258557
-15.09251414
-15.2405113
-15.32389095
-15.3617917
-15.40075586
-15.44114867
-15.48674882
-15.54132213
-15.62050255
-15.76326934
-16.0097526
-16.34075643
-16.71606889
-17.07981995
-17.4307668
-17.74647821
-17.999566
-18.16597773
-18.21470568
-18.21619984
-18.17185955
-18.15730581
-18.15077593
-18.16810791
-18.17530706
-18.17530706
-18.18610244
-18.24869505
-18.33746059
-18.4520252
-18.58625254
-18.7576873
-18.9570923
-19.16436915
-19.36295076
-19.52505351
-19.61318043
-19.62844242
-19.59734529
-19.53216586
-19.46345209
-19.41204539
-19.39607703
-19.39489586
-19.41988739
-19.4599001
-19.50008105
-19.5350832
-19.53496589
-19.50261804
-19.43549086
-19.36561477
-19.29302292
-19.2313406
-19.18950016
-19.15717152
-19.13131377
-19.12247626
-19.10373692
-19.05718275
-19.00907097
-18.93508644
-18.80821167
-18.67636605
-18.56035862
-18.46449972
-18.38032187
-18.33116602
-18.34286506
-18.38090239
-18.41412395
-18.44095054
-18.50310219
-18.5902561
-18.68818715
-18.79348222
-18.89518608
-18.99948901
-19.10809074
-19.22653935
-19.35187258
-19.45285646
-19.53693249
-19.62385798
-19.71219563
-19.82245186
-19.91208876
-19.95724017
-19.98474384
-19.99368519
-19.9997827
-19.99943397
-19.95037055
-19.85190579
-19.74020291
-19.63337444
-19.49850365
-19.33440209
-19.15460843
-19.00693652
-18.8909506
-18.79865325
-18.73179374
-18.67107091
-18.62190903
-18.57951991
-18.52804313
-18.50285149
-18.49697283
-18.50044253
-18.49440074
-18.49387841
-18.51819484
-18.53418256
-18.54066192
-18.54390094
-18.54390094
-18.54124116
-18.54145407
-18.54792914
-18.560874
-18.5753475
-18.56988491
-18.53615063
-18.5001448
-18.45126574
-18.39373546
-18.30626401
-18.22411212
-18.10587203
-17.97393227
-17.82081011
-17.66358665
-17.49610162
-17.32265604
-17.20983599
-17.13242385
-17.06025633
-16.97885711
-16.87473294
-16.77067864
-16.69730724
-16.61532579
-16.53141635
-16.42918144
-16.29806252
-16.14961239
-15.98097297
-15.8016456
-15.60518304
-15.37291953
-15.12400385
-14.89714942
-14.6903068
-14.52987547
-14.4091428
-14.30329513
-14.21110561
-14.13038728
-14.07107291
-14.03584449
-13.99558751
-13.96369105
-13.9269478
-13.89004234
-13.83713114
-13.77420847
-13.6917374
-13.61227529
-13.50811472
-13.37925465
-13.24474631
-13.1499905
-13.06723208
-13.01518483
-12.9605317
-12.88231494
-12.80716403
-12.70440176
-12.613306
-12.52113618
-12.44467725
-12.39695837
-12.38524781
-12.38596206
-12.37269353
-12.32800049
-12.26320526
-12.18540764
-12.10321117
-12.00894311
-11.88288845
-11.70858872
-11.54022859
-11.38477218
-11.25628164
-11.19670882
-11.19295305
-11.22792254
-11.24860159
-11.25954921
-11.25727522
-11.27291584
-11.3022421
-11.30558557
-11.29583968
-11.29331009
-11.27404541
-11.23659042
-11.20342614
-11.18897674
-11.15705331
-11.11639015
-11.0509856
-10.97966661
-10.92974905
-10.89653368
-10.88513876
-10.86993589
-10.83326686
-10.77997183
-10.71768197
-10.65024262
-10.59907134
-10.55647896
-10.49523036
-10.41841278
-10.34261277
-10.25587419
-10.1592681
-10.03868489
-9.847161522
-9.62894326
-9.401542427
-9.159164883
-8.895986205
-8.637030093
-8.411881908
-8.224292993
-8.092410093
-8.019250193
-7.981069362
-7.96376058
-7.952222907
-7.925609798
-7.875936453
-7.793923611
-7.664553706
-7.509152593
-7.305364094
-7.086833041
-6.838700032
-6.590821253
-6.344499866
-6.123684526
-5.926879084
-5.740193369
-5.551732457
-5.37124129
-5.174853882
-4.993881237
-4.846760188
-4.746330679
-4.675449372
-4.65238887
-4.622295467
-4.569146252
-4.454971402
-4.308999886
-4.146266158
-3.978824439
-3.785377986
-3.526501952
-3.18254303
-2.80021673
-2.478161175
-2.237939983
-2.080351422
-1.993323944
-1.943673071
-1.933006936
-1.944085056
-1.944861113
-1.933514336
-1.899568012
-1.878513822
-1.86221605
-1.841344423
-1.819786483
-1.806459539
-1.798061249
-1.798787567
-1.792506677
-1.722458886
-1.639938156
-1.561508996
-1.484442268
-1.423641476
-1.39553426
-1.37850871
-1.363191462
-1.323160756
-1.262625792
-1.176477878
-1.098011013
-1.026771125
-0.927350816
-0.800643169
-0.612680983
-0.383025102
-0.11506993
0.205860245
0.612538626
1.060504676
1.506717314
1.925956461
2.334030876
2.714859938
3.006895246
3.199186176
3.300547334
3.309397216
3.288739785
3.274663082
3.274663082
3.279984428
3.279984428
3.268712334
3.272870642
3.27828733
3.283074957
3.281188975
3.286605766
3.291394017
3.311175182
3.330329506
3.332613794
3.330109834
3.338440415
3.355108417
3.381473385
3.385249387
3.372351365
3.327179182
3.254163429
3.171665313
3.101997839
3.097848502
3.163150977
3.276010135
3.364378149
3.40359074
3.408288487
3.391990607
3.389297618
3.387950949
3.394169616
3.422801884
3.455548579
3.469449346
3.488329226
3.518001696
3.551697879
3.553248621
3.550689128
3.542789215
3.534999064
3.52964508
3.533521411
3.584581295
3.635364299
3.709621488
3.736548386
3.744246157
3.748395335
3.765594527
3.786153829
3.806711043
3.82463761
3.841254956
3.898999948
3.938807193
3.960915119
3.96744411
3.982296243
3.987760304
3.99868767
4.040885194
4.116032103
4.216843517
4.327746638
4.394749206
4.448113535
4.523907456
4.618453511
4.696855559
4.759554687
4.787235948
4.805916579
4.803248748
4.793439258
4.81015863
4.830961315
4.842175981
4.832660323
4.824272341
4.815333576
4.806403628
4.819544785
4.82005375
4.819497728
4.813981113
4.828868307
4.850111962
4.845677958
4.839584785
4.850623809
4.872172746
4.879665578
4.873060748
4.844332901
4.844565075
4.907025827
4.976428137
5.043775937
5.110845315
5.179363325
5.279435741
5.356816634
5.435538732
5.486529451
5.521783729
5.555068048
5.58583083
5.62101347
5.640706613
5.650031419
5.660665943
5.683853794
5.722348013
5.743615091
5.755028809
5.766442153
5.786149961
5.826092855
5.866562105
5.91260915
5.957113024
6.037550273
6.123960737
6.203175979
6.271528363
6.332782282
6.406958551
6.466716363
6.53637471
6.59754203
6.662773514
6.72702638
6.787434852
6.866286639
6.951297221
7.04585082
7.163873642
7.303226945
7.443015844
7.588664332
7.719739597
7.826372416
7.91647416
7.993879038
8.0766344
8.162566144
8.23449091
8.291490041
8.343512944
8.390557215
8.432176364
8.454321336
8.469705104
8.485089262
8.519508634
8.589073221
8.64179922
8.686364388
8.752384873
8.853016964
8.975099551
9.136317922
9.326466305
9.558853383
9.785094437
9.983218571
10.15325714
10.2751842
10.37363255
10.46692164
10.57423288
10.68998967
10.79940992
10.89824567
10.98165131
11.05225976
11.09943323
11.1392384
11.18554177
11.21386881
11.23966628
11.25026859
11.25062345
11.25133321
11.25239798
11.24884295
11.25275185
11.27113269
11.2852771
11.28493073
11.32124938
11.39110129
11.46590208
11.52693628
11.57704137
11.61690029
11.66666677
11.73058237
11.81003129
11.90826768
12.01711265
12.12665584
12.25569936
12.39501215
12.52668207
12.65832384
12.78962799
12.94323616
13.07677011
13.19021967
13.27920379
13.3343586
13.33146353
13.31660871
13.28689207
13.28341674
13.28636952
13.28408234
13.2815148
13.28508005
13.29477258
13.30099901
13.30752835
13.32739881
13.3594404
13.41179677
13.46498748
13.49237996
13.52903113
13.59929847
13.6791162
13.70448127
13.69674016
13.68431356
13.6819964
13.67910809
13.67077212
13.64718947
13.63292125
13.61317785
13.60326746
13.59884701
13.58897957
13.56984863
13.55010055
13.5256883
13.51626446
13.52589756
13.58825979
13.71330337
13.86780752
14.03869339
14.22191358
14.43444479
14.66533864
14.88705688
15.0709543
15.18105808
15.25291814
15.26169072
15.22646736
15.14688987
15.04601177
14.90470848
14.70255714
14.44922718
14.1354096
13.83461103
13.56769785
13.37473786
13.21144901
13.0760899
12.98417692
12.91265819
12.89262517
12.89262517
12.89296258
12.89296258
12.89296258
12.8933
12.87847892
12.84288048
12.77783852
12.71856989
12.65013925
12.56129738
12.44782536
12.35400706
12.2523375
12.16098675
12.10180051
12.06193836
12.00666837
11.95062848
11.90634643
11.85262524
11.80423101
11.73343703
11.64668896
11.57255611
11.53136296
11.45709169
11.37219702
11.27769723
11.18780772
11.14283502
11.1408802
11.16485074
11.1976036
11.24981815
11.33606154
11.43243102
11.55198064
11.65900749
11.76067712
11.84228349
11.90034663
11.96812238
12.02624616
12.0604721
12.07504296
12.04414506
12.00354944
11.94816839
11.86791954
11.79311874
11.71271307
11.6111361
11.49058828
11.36974048
11.24237746
11.14371475
11.03962657
10.90774286
10.77125191
10.65735836
10.55174818
10.4438933
10.32104677
10.20204898
10.09062831
9.967562613
9.823638454
9.653394569
9.476034742
9.270976424
8.982449016
8.607975802
8.192975197
7.800624468
7.479265661
7.216709762
7.023628475
6.917430717
6.901997014
6.901997014
6.916583057
6.9256084
6.930747437
6.935260916
6.9500538
6.960957648
6.944897762
6.929258868
6.892618575
6.857438029
6.789490755
6.693032268
6.565834564
6.457255603
6.323685479
6.201421303
6.067210536
5.940960601
5.803336089
5.638098537
5.454241443
5.255568739
5.038032793
4.793991302
4.534935589
4.248239482
3.928719424
3.630549822
3.3669801
3.142207869
2.935415881
2.747142723
2.537793455
2.319040864
2.126014253
2.009090629
1.969795097
1.963998301
1.963998301
1.974461593
1.957922138
1.909148766
1.843817683
1.779328455
1.696538086
1.60204148
1.485425088
1.339398914
1.119747176
0.862046034
0.555964535
0.142467202
-0.360169772
-0.942765287
-1.540566641
-2.11189811
-2.637565177
-3.046531186
-3.332600951
-3.466399642
-3.490919113
-3.459264609
-3.421638985
-3.421638732
-3.425890165
-3.420827764
-3.39054425
-3.351683257
-3.352251828
-3.39786572
-3.49519591
-3.647987261
-3.823416378
-4.000125035
-4.176426441
-4.33132671
-4.400917231
-4.4368144
-4.439392344
-4.377325527
-4.284435571
-4.149770978
-3.936772806
-3.643279687
-3.274496284
-2.854928838
-2.364907185
-1.876848998
-1.476779326
-1.148101553
-0.882882654
-0.684532477
-0.584733008
-0.590359456
-0.669692578
-0.757010138
-0.837513679
-0.909620373
-0.998535172
-1.126429595
-1.26186949
-1.413990368
-1.561453486
-1.774411779
-2.072940337
-2.423209813
-2.803687187
-3.191607242
-3.626182843
-4.078923672
-4.461018874
-4.73385976
-4.964762614
-5.136177662
-5.314815983
-5.485310793
-5.655582261
-5.813166188
-5.85366159
-5.748416845
-5.587774447
-5.439716373
-5.317427161
-5.221006029
-5.196650534
-5.184790363
-5.164525561
-5.158894522
-5.190675652
-5.177429848
-5.140056561
-5.052892591
-4.986585964
-4.966035287
-4.968176172
-4.962760225
-4.957343186
-4.961536384
-4.981683506
-4.992204451
-4.984879709
-4.940763045
-4.914864245
-4.949651722
-5.026729675
-5.111233144
-5.188769508
-5.232425588
-5.24753937
-5.210640842
-5.171116385
-5.139015874
-5.120888132
-5.120444341
-5.129386789
-5.13966042
-5.16653
-5.219110472
-5.285963138
-5.355933914
-5.406310297
-5.418444894
-5.439527326
-5.477010169
-5.549154632
-5.622455329
-5.695803945
-5.744729634
-5.777428994
-5.797512734
-5.834851055
-5.888346127
-5.956391911
-6.036774518
-6.133405856
-6.258619547
-6.399268163
-6.527089032
-6.664712543
-6.806024883
-6.94990725
-7.105295718
-7.241166295
-7.338760176
-7.409218372
-7.455160758
-7.474866619
-7.480372974
-7.469549741
-7.498289402
-7.527809159
-7.581725194
-7.661974755
-7.758729337
-7.874374677
-8.02720721
-8.201281552
-8.352826059
-8.493851782
-8.628825143
-8.757599104
-8.871943482
-8.976011845
-9.042145599
-9.080833434
-9.095056165
-9.117781541
-9.13598767
-9.168403585
-9.241398234
-9.325828701
-9.412697873
-9.502301906
-9.627736916
-9.799339435
-9.98139074
-10.14340382
-10.3028936
-10.42782772
-10.54742475
-10.64816686
-10.73215348
-10.82045175
-10.90258061
-10.97201414
-11.05549775
-11.15561425
-11.28490006
-11.41277356
-11.5674501
-11.7488739
-11.90866277
-12.06182483
-12.17804266
-12.27513034
-12.35308303
-12.42085549
-12.4834752
-12.54855321
-12.62880441
-12.71139833
-12.78374493
-12.86748794
-12.96259775
-13.08653406
-13.22152857
-13.35131914
-13.47821914
-13.5722318
-13.63614399
-13.67357053
-13.7122549
-13.74696379
-13.77638504
-13.80338355
-13.84955652
-13.9030687
-13.95992076
-13.99832067
-14.03771271
-14.10537342
-14.17493204
-14.24368981
-14.32432756
-14.40525143
-14.46163039
-14.50307259
-14.54546572
-14.58650633
-14.63515412
-14.67107653
-14.73578208
-14.82747917
-14.93165765
-15.0258447
-15.09435483
-15.15522814
-15.21465336
-15.24559562
-15.26254062
-15.28981242
-15.35319277
-15.44870237
-15.53079193
-15.58562175
-15.62415227
-15.66041079
-15.69508171
-15.70328545
-15.69035192
-15.68654173
-15.66383004
-15.62077277
-15.56637594
-15.49827495
-15.41908821
-15.35634884
-15.33140988
-15.30103706
-15.25862415
-15.17719447
-15.09523275
-15.04257687
-15.02328285
-15.00084768
-14.9845849
-14.97538363
-14.97033594
-14.95769398
-14.9400057
-14.88609688
-14.81409885
-14.75223628
-14.69669153
-14.65629015
-14.59948417
-14.55401392
-14.50242202
-14.4255982
-14.36006571
-14.31951223
-14.31674937
-14.33164311
-14.34404654
-14.35892101
-14.37762301
-14.39000508
-14.40237984
-14.41391865
-14.42767652
-14.45923906
-14.45363142
-14.45034665
-14.4530446
-14.47390454
-14.51172403
-14.54707755
-14.57143166
-14.5860556
-14.60553864
-14.63477335
-14.66008416
-14.68020834
-14.68543516
-14.67185608
-14.63491616
-14.58527033
-14.55228333
-14.53022209
-14.46366196
-14.36382123
-14.24734053
-14.12690754
-14.0100028
-13.9202845
-13.8492509
-13.79459396
-13.73528345
-13.67086259
-13.59974407
-13.51945418
-13.43344932
-13.31690735
-13.21259227
-13.12269595
-13.06003127
-12.97037998
-12.87616682
-12.80337584
-12.77429901
-12.78544474
-12.81114266
-12.84210235
-12.9347251
-13.1285038
-13.34934622
-13.58196899
-13.81325767
-14.04317458
-14.27490823
-14.50644234
-14.69058452
-14.80459343
-14.88536995
-14.96613282
-15.01766204
-15.07635466
-15.15294892
-15.20807559
-15.22263438
-15.18140011
-15.07292006
-14.89452451
-14.7276026
-14.60363982
-14.54749094
-14.50586166
-14.47776327
-14.44696367
-14.41549467
-14.40012204
-14.34739911
-14.22868999
-14.0460521
-13.81065971
-13.54732779
-13.31295729
-13.16121159
-13.10261753
-13.08983481
-13.0850202
-13.0788059
-13.0788059
-13.0788059
-13.0725919
-13.06997627
-13.07097101
-13.08059163
-13.11427253
-13.15992704
-13.22332306
-13.31562976
-13.45207732
-13.60302236
-13.72263891
-13.8008495
-13.86273647
-13.89486156
-13.85643834
-13.75446729
-13.61049443
-13.40540146
-13.1878253
-13.00016224
-12.83233004
-12.70727406
-12.61904335
-12.5605973
-12.51212517
-12.47816913
-12.42675843
-12.35012888
-12.23698839
-12.1029995
-11.92052323
-11.66802221
-11.3725703
-11.00527942
-10.53921536
-10.02179546
-9.52542275
-9.051076001
-8.576113172
-8.140065837
-7.784949802
-7.547532922
-7.46065679
-7.448916904
-7.497378032
-7.532374041
-7.529433173
-7.464340798
-7.367622326
-7.297519712
-7.23675129
-7.171526062
-7.104322411
-7.012898233
-6.905434364
-6.762481051
-6.60529012
-6.458621098
-6.298251817
-6.126211773
-5.959060948
-5.796987581
-5.683155732
-5.608442579
-5.557735866
-5.507775751
-5.469146978
-5.442140403
-5.442140403
-5.443065008
-5.433300108
-5.420498351
-5.400873134
-5.363758288
-5.277684199
-5.159161387
-5.02784154
-4.862909843
-4.693310118
-4.493414516
-4.265396387
-4.049128445
-3.865385518
-3.729435312
-3.619593316
-3.544057492
-3.496245477
-3.464608158
-3.437845993
-3.415850054
-3.390106233
-3.355755976
-3.306116223
-3.20860137
-3.06924896
-2.902456018
-2.712049233
-2.477913229
-2.203862298
-1.896824403
-1.539786427
-1.151102108
-0.743663015
-0.367270041
-0.051271271
0.184789334
0.356938252
0.478157854
0.503237775
0.517707043
0.543389589
0.577036597
0.645537219
0.755036844
0.916572129
1.128356066
1.416427222
1.713147999
1.990900514
2.249654882
2.505898012
2.780823265
2.996761753
3.166618055
3.269053365
3.307305915
3.307305915
3.307305915
3.307305915
3.315520582
3.315520582
3.320929756
3.340615245
3.360952315
3.390160888
3.424826829
3.488797634
3.58499131
3.69750411
3.789607108
3.887760882
3.994827663
4.137292838
4.301771012
4.520228187
4.771040343
5.027418939
5.234155608
5.417023051
5.570610875
5.670868724
5.700852747
5.700852747
5.700852747
5.701429726
5.701429726
5.708535453
5.743850157
5.829667759
5.959905867
6.117901171
6.281909981
6.459300921
6.627155624
6.760847588
6.890868468
7.004360858
7.097013347
7.184350381
7.308173158
7.4470641
7.582216651
7.69709472
7.816861777
7.917863227
7.995782078
8.052537938
8.119317374
8.167256293
8.187151631
8.168897251
8.154457842
8.150175623
8.151238124
8.128185993
8.123971889
8.158400878
8.210736544
8.273247928
8.311694091
8.32649795
8.290153188
8.223876434
8.16142088
8.125031962
8.102135963
8.07976317
8.048788599
7.992362955
7.92638405
7.841173557
7.740590037
7.65660934
7.594304556
7.561604385
7.523164584
7.471324065
7.423142241
7.360916511
7.279790202
7.207674153
7.151012108
7.107710735
7.055282323
6.992766945
6.920163429
6.842811137
6.760130033
6.676871057
6.582319823
6.465726619
6.340155803
6.230846791
6.153520421
6.062691452
5.971724764
5.915386763
5.902419865
5.920833996
5.970294053
5.99703102
6.028450097
6.037504576
5.999423245
5.932790651
5.851277063
5.748771644
5.606467556
5.467968077
5.357799502
5.25298173
5.143306151
5.045130681
4.953041497
4.871839585
4.805634939
4.751037077
4.705989597
4.662329092
4.607737256
4.544303849
4.478771748
4.396093176
4.312669047
4.219662666
4.10725783
3.963926368
3.781516382
3.549713923
3.257627413
2.896192425
2.514752837
2.144184933
1.806259771
1.498757649
1.218414132
1.002151572
0.849093154
0.785414386
0.756937043
0.768740305
0.782061657
0.762040126
0.724146518
0.694552849
0.64140883
0.584108412
0.51698485
0.466231126
0.404370639
0.348183931
0.260753672
0.164903558
0.070171487
-0.026169055
-0.127598135
-0.229759188
-0.334456952
-0.403351872
-0.460840657
-0.530037085
-0.605917234
-0.676785688
-0.744435795
-0.815515945
-0.925077273
-1.076310926
-1.232595195
-1.409167888
-1.605019082
-1.807032789
-2.009454236
-2.233753944
-2.466093054
-2.716449876
-2.9638422
-3.192400891
-3.386193217
-3.54503937
-3.643389924
-3.698037166
-3.722213211
-3.741580269
-3.76094414
-3.78323116
-3.842530765
-3.980371842
-4.166997523
-4.424974221
-4.729097163
-5.029702292
-5.306320709
-5.534694931
-5.731221773
-5.845290672
-5.851067805
-5.72607746
-5.566653039
-5.400483752
-5.232689541
-5.065988006
-4.973664372
-4.928825666
-4.865838908
-4.725167886
-4.54034803
-4.359325218
-4.193410779
-4.034750026
-3.884165719
-3.770868623
-3.702584281
-3.641023122
-3.592405403
-3.518027057
-3.413738743
-3.277085138
-3.079087677
-2.824805649
-2.49603491
-2.127377445
-1.737356574
-1.365166514
-1.008789664
-0.721067613
-0.551527995
-0.590880878
-0.797181111
-1.089511684
-1.378527987
-1.649591932
-1.846086843
-2.005109859
-2.164593706
-2.335508616
-2.51280986
-2.720567996
-2.961967002
-3.217953402
-3.430494761
-3.608391996
-3.779928596
-3.911896804
-3.983520069
-4.075092863
-4.252479114
-4.466655057
-4.688771296
-4.947457876
-5.202462152
-5.489835647
-5.764619783
-5.939903808
-6.008237334
-6.026085284
-6.033773147
-5.988444038
-5.893057619
-5.801703595
-5.71282597
-5.622164857
-5.475556555
-5.305805283
-5.208952757
-5.155081495
-5.161308172
-5.189255248
-5.213756059
-5.229747445
-5.232032081
-5.230401595
-5.253781405
-5.29834559
-5.345697818
-5.410006876
-5.480149218
-5.529273194
-5.555236349
-5.497403009
-5.390963589
-5.276218166
-5.146152573
-4.979626093
-4.793173124
-4.654157803
-4.593511837
-4.601598796
-4.645023018
-4.709098754
-4.760440515
-4.78272532
-4.791641591
-4.789299534
-4.804130991
-4.827002334
-4.840928933
-4.844873987
-4.844873987
-4.885348364
-4.919608547
-4.940610867
-4.966600155
-4.993781719
-5.014782432
-5.047862557
-5.083966209
-5.129135488
-5.157987753
-5.193934995
-5.285621551
-5.370203864
-5.424295834
-5.471416604
-5.510483519
-5.572837395
-5.644214524
-5.741886925
-5.86089068
-5.975783681
-6.078309902
-6.176824666
-6.272948204
-6.344815013
-6.377155626
-6.38144568
-6.405353097
-6.430353862
-6.450710216
-6.460887177
-6.46995399
-6.481887354
-6.524033525
-6.628649617
-6.773559694
-6.934980243
-7.109036848
-7.285013148
-7.460943614
-7.607728856
-7.744644513
-7.856642042
-7.923167387
-7.972571616
-8.021519095
-8.075503011
-8.145036268
-8.222295552
-8.330166176
-8.482885617
-8.631537589
-8.751209948
-8.855770569
-8.954199991
-9.03754332
-9.095949664
-9.120956578
-9.138367175
-9.162269581
-9.188525328
-9.213517308
-9.260764374
-9.342856439
-9.461025002
-9.587588433
-9.741333177
-9.952066565
-10.17132702
-10.37214649
-10.54438638
-10.68084951
-10.77638263
-10.80991459
-10.81733526
-10.81733526
-10.81117358
-10.83107884
-10.82620825
-10.84498296
-10.86752176
-10.90857255
-10.9781095
-11.06115066
-11.13796665
-11.21843186
-11.27036758
-11.296208
-11.34783167
-11.42404841
-11.48425497
-11.5210952
-11.54079077
-11.52347166
-11.48641182
-11.44936313
-11.42951288
-11.3861781
-11.32433341
-11.2477606
-11.18715013
-11.1301373
-11.06929089
-10.99728943
-10.92170438
-10.84990721
-10.80143082
-10.74679026
-10.6798428
-10.59421891
-10.49378168
-10.42512036
-10.41441195
-10.44551935
-10.47006422
-10.50178914
-10.53457008
-10.59911424
-10.66346553
-10.69631145
-10.71720631
-10.7332922
-10.7447745
-10.75166083
-10.73379491
-10.7282959
-10.70927075
-10.67168055
-10.64255617
-10.63461315
-10.59473385
-10.53404134
-10.45686246
-10.35307252
-10.20479481
-10.02667355
-9.808792029
-9.590986811
-9.402753914
-9.229575661
-9.055498945
-8.934503013
-8.849555539
-8.767799472
-8.660462913
-8.588651283
-8.536935543
-8.478192605
-8.388451332
-8.294837031
-8.211047927
-8.142003395
-8.077087302
-8.01316765
-7.936996634
-7.860790784
-7.803697802
-7.759635116
-7.718428154
-7.712290447
-7.691580783
-7.680348606
-7.666962005
-7.642569603
-7.629188851
-7.621726123
-7.61325749
-7.576512017
-7.513515329
-7.439362877
-7.381869987
-7.31417241
-7.197557679
-7.02158755
-6.836545139
-6.613604082
-6.336062135
-6.007192525
-5.703309284
-5.48601691
-5.321756052
-5.226520765
-5.153757222
-5.128961386
-5.125296482
-5.124380118
-5.122375747
-5.103558667
-5.073156854
-5.043982058
-4.995882957
-4.884444888
-4.725179149
-4.530066608
-4.292659834
-4.008179086
-3.661709019
-3.24279473
-2.832904949
-2.463770163
-2.164526842
-1.931646144
-1.788547044
-1.710173337
-1.686485403
-1.664418872
-1.614176131
-1.505302908
-1.324778558
-1.109575211
-0.853028839
-0.550959614
-0.217493167
0.079344707
0.328059168
0.535933781
0.717889083
0.877690247
1.011869392
1.132914631
1.261714665
1.381037428
1.492173402
1.57209244
1.619973911
1.682438341
1.75471444
1.836821334
1.932978991
2.003060263
2.078845279
2.124860718
2.169293257
2.24743499
2.3304551
2.43736935
2.56609302
2.719520678
2.858980679
2.985886871
3.090277417
3.167146705
3.236333405
3.294282188
3.34016333
3.380483106
3.41456541
3.449352829
3.474295071
3.470389023
3.465906306
3.461549984
3.465822348
3.475801477
3.483818573
3.49398468
3.480215728
3.410183803
3.286626151
3.127961019
2.951097692
2.775733611
2.606060221
2.462350631
2.321315742
2.179436152
2.064228088
1.968628732
1.894848965
1.797599578
1.707692734
1.617807315
1.515829927
1.410602713
1.273708271
1.116186108
0.936050099
0.768406777
0.629368407
0.506319912
0.387819432
0.282322931
0.215466575
0.185390282
0.180545354
0.151896071
0.08463027
0.001220178
-0.108163209
-0.262571372
-0.467859179
-0.753126872
-1.072737093
-1.448238705
-1.87069868
-2.320407998
-2.75715506
-3.180042556
-3.539670574
-3.831629809
-4.003488858
-4.046046196
-4.039336967
-3.997983926
-3.98714996
-3.98714996
-3.98714996
-3.98714996
-3.98714996
-3.989207805
-3.992294269
-3.951801377
-3.88636227
-3.804681284
-3.737690629
-3.62802062
-3.472017294
-3.297662695
-3.128043516
-2.919703786
-2.660223575
-2.306598933
-1.858510656
-1.376917139
-0.89778362
-0.445538782
-0.02081006
0.346513449
0.678624724
0.989854492
-4.965872686
