-5.763072
-5.910987
-6.058894
-6.206784
-6.354648
-6.502477
-6.650265
-6.798001
-6.945677
-7.093285
-7.240816
-7.388261
-7.535613
-7.682862
-7.830001
-7.977020
-8.123911
-8.270666
-8.417276
-8.563733
-8.710028
-8.856153
-9.002099
-9.147858
-9.293422
-9.438781
-9.583928
-9.728855
-9.873553
-10.018013
-10.162227
-10.306187
-10.449885
-10.593312
-10.736461
-10.879322
-11.021887
-11.164149
-11.306098
-11.447728
-11.589029
-11.729994
-11.870614
-12.010881
-12.150787
-12.290325
-12.429485
-12.568260
-12.706643
-12.844624
-12.982196
-13.119351
-13.256082
-13.392379
-13.528236
-13.663645
-13.798597
-13.933084
-14.067100
-14.200637
-14.333686
-14.466240
-14.598291
-14.729832
-14.860855
-14.991353
-15.121317
-15.250741
-15.379617
-15.507938
-15.635695
-15.762883
-15.889493
-16.015518
-16.140950
-16.265784
-16.390011
-16.513623
-16.636615
-16.758979
-16.880708
-17.001795
-17.122232
-17.242014
-17.361132
-17.479581
-17.597352
-17.714440
-17.830838
-17.946539
-18.061536
-18.175823
-18.289393
-18.402239
-18.514356
-18.625735
-18.736372
-18.846260
-18.955391
-19.063761
-19.171363
-19.278190
-19.384236
-19.489496
-19.593963
-19.697631
-19.800494
-19.902547
-20.003782
-20.104195
-20.203780
-20.302531
-20.400442
-20.497507
-20.593722
-20.689080
-20.783575
-20.877203
-20.969958
-21.061835
-21.152828
-21.242932
-21.332143
-21.420453
-21.507860
-21.594357
-21.679940
-21.764603
-21.848342
-21.931152
-22.013028
-22.093965
-22.173960
-22.253006
-22.331100
-22.408237
-22.484412
-22.559622
-22.633861
-22.707126
-22.779413
-22.850716
-22.921033
-22.990358
-23.058689
-23.126020
-23.192349
-23.257671
-23.321982
-23.385279
-23.447559
-23.508817
-23.569050
-23.628254
-23.686427
-23.743564
-23.799663
-23.854720
-23.908732
-23.961696
-24.013608
-24.064467
-24.114268
-24.163010
-24.210689
-24.257302
-24.302847
-24.347321
-24.390722
-24.433047
-24.474293
-24.514459
-24.553542
-24.591539
-24.628449
-24.664269
-24.698997
-24.732632
-24.765171
-24.796612
-24.826955
-24.856195
-24.884334
-24.911367
-24.937295
-24.962115
-24.985826
-25.008427
-25.029917
-25.050293
-25.069556
-25.087703
-25.104734
-25.120648
-25.135444
-25.149121
-25.161678
-25.173115
-25.183431
-25.192624
-25.200696
-25.207645
-25.213471
-25.218173
-25.221752
-25.224207
-25.225537
-25.225744
-25.224826
-25.222785
-25.219619
-25.215329
-25.209916
-25.203380
-25.195721
-25.186939
-25.177036
-25.166011
-25.153865
-25.140600
-25.126215
-25.110712
-25.094091
-25.076354
-25.057501
-25.037533
-25.016453
-24.994260
-24.970957
-24.946544
-24.921023
-24.894396
-24.866663
-24.837827
-24.807890
-24.776852
-24.744716
-24.711484
-24.677157
-24.641738
-24.605228
-24.567630
-24.528946
-24.489178
-24.448329
-24.406400
-24.363394
-24.319314
-24.274162
-24.227941
-24.180653
-24.132302
-24.082890
-24.032419
-23.980893
-23.928315
-23.874688
-23.820015
-23.764298
-23.707542
-23.649750
-23.590924
-23.531069
-23.470187
-23.408283
-23.345359
-23.281420
-23.216469
-23.150510
-23.083546
-23.015583
-22.946622
-22.876669
-22.805728
-22.733802
-22.660896
-22.587015
-22.512161
-22.436340
-22.359556
-22.281813
-22.203116
-22.123469
-22.042878
-21.961346
-21.878879
-21.795481
-21.711157
-21.625911
-21.539750
-21.452677
-21.364698
-21.275817
-21.186041
-21.095374
-21.003821
-20.911388
-20.818080
-20.723903
-20.628861
-20.532961
-20.436208
-20.338607
-20.240164
-20.140885
-20.040775
-19.939841
-19.838088
-19.735522
-19.632149
-19.527975
-19.423006
-19.317248
-19.210707
-19.103390
-18.995301
-18.886449
-18.776838
-18.666476
-18.555368
-18.443522
-18.330943
-18.217639
-18.103614
-17.988878
-17.873435
-17.757292
-17.640457
-17.522935
-17.404735
-17.285862
-17.166323
-17.046126
-16.925277
-16.803783
-16.681652
-16.558890
-16.435504
-16.311502
-16.186891
-16.061678
-15.935869
-15.809474
-15.682498
-15.554949
-15.426834
-15.298161
-15.168938
-15.039171
-14.908868
-14.778038
-14.646686
-14.514821
-14.382451
-14.249583
-14.116225
-13.982384
-13.848069
-13.713287
-13.578045
-13.442352
-13.306216
-13.169643
-13.032643
-12.895223
-12.757392
-12.619156
-12.480524
-12.341504
-12.202104
-12.062332
-11.922197
-11.781706
-11.640867
-11.499688
-11.358178
-11.216345
-11.074197
-10.931743
-10.788989
-10.645946
-10.502620
-10.359021
-10.215156
-10.071034
-9.926663
-9.782052
-9.637208
-9.492141
-9.346859
-9.201369
-9.055681
-8.909803
-8.763743
-8.617509
-8.471111
-8.324556
-8.177853
-8.031011
-7.884038
-7.736943
-7.589733
-7.442418
-7.295006
-7.147505
-6.999924
-6.852272
-6.704557
-6.556788
-6.408973
-6.261120
-6.113239
-5.965338
-5.817424
-5.669508
-5.521597
-5.373700
-5.225826
-5.077982
-4.930178
-4.782423
-4.634724
-4.487090
-4.339529
-4.192051
-4.044664
-3.897376
-3.750196
-3.603132
-3.456193
-3.309387
-3.162722
-3.016208
-2.869853
-2.723665
-2.577652
-2.431823
-2.286187
-2.140751
-1.995525
-1.850516
-1.705733
-1.561185
-1.416880
-1.272825
-1.129030
-0.985502
-0.842250
-0.699283
-0.556608
-0.414234
-0.272169
-0.130420
0.011002
0.152092
0.292839
0.433237
0.573277
0.712951
0.852251
0.991169
1.129696
1.267826
1.405549
1.542859
1.679746
1.816203
1.952223
2.087797
2.222918
2.357577
2.491767
2.625481
2.758710
2.891447
3.023684
3.155413
3.286627
3.417319
3.547480
3.677103
3.806182
3.934707
4.062673
4.190070
4.316893
4.443134
4.568785
4.693840
4.818290
4.942130
5.065351
5.187946
5.309909
5.431233
5.551909
5.671933
5.791295
5.909991
6.028012
6.145352
6.262005
6.377962
6.493219
6.607767
6.721601
6.834714
6.947100
7.058751
7.169661
7.279825
7.389235
7.497886
7.605770
7.712883
7.819217
7.924766
8.029525
8.133487
8.236647
8.338998
8.440535
8.541251
8.641140
8.740198
8.838418
8.935795
9.032323
9.127996
9.222809
9.316757
9.409833
9.502034
9.593352
9.683783
9.773323
9.861964
9.949704
10.036536
10.122455
10.207457
10.291536
10.374688
10.456907
10.538190
10.618532
10.697927
10.776371
10.853860
10.930390
11.005955
11.080551
11.154175
11.226821
11.298487
11.369166
11.438856
11.507553
11.575252
11.641949
11.707642
11.772325
11.835995
11.898649
11.960283
12.020893
12.080475
12.139027
12.196546
12.253026
12.308466
12.362863
12.416212
12.468512
12.519758
12.569948
12.619080
12.667149
12.714154
12.760092
12.804960
12.848756
12.891476
12.933119
12.973682
13.013163
13.051560
13.088869
13.125090
13.160220
13.194257
13.227198
13.259043
13.289790
13.319435
13.347979
13.375419
13.401753
13.426980
13.451099
13.474108
13.496006
13.516792
13.536464
13.555021
13.572462
13.588787
13.603994
13.618082
13.631051
13.642899
13.653627
13.663233
13.671717
13.679079
13.685317
13.690432
13.694424
13.697292
13.699036
13.699655
13.699151
13.697522
13.694769
13.690893
13.685892
13.679769
13.672522
13.664153
13.654662
13.644049
13.632315
13.619461
13.605487
13.590395
13.574185
13.556857
13.538414
13.518856
13.498185
13.476401
13.453505
13.429500
13.404386
13.378165
13.350838
13.322408
13.292875
13.262241
13.230509
13.197679
13.163754
13.128736
13.092627
13.055429
13.017143
12.977773
12.937321
12.895788
12.853178
12.809493
12.764734
12.718906
12.672010
12.624049
12.575026
12.524944
12.473806
12.421614
12.368372
12.314083
12.258749
12.202375
12.144963
12.086516
12.027039
11.966534
11.905005
11.842455
11.778889
11.714309
11.648720
11.582125
11.514529
11.445934
11.376345
11.305767
11.234202
11.161656
11.088132
11.013635
10.938169
10.861738
10.784347
10.706000
10.626702
10.546458
10.465271
10.383147
10.300090
10.216106
10.131198
10.045373
9.958634
9.870987
9.782438
9.692990
9.602650
9.511422
9.419312
9.326325
9.232466
9.137741
9.042156
8.945715
8.848425
8.750291
8.651319
8.551514
8.450882
8.349429
8.247161
8.144084
8.040204
7.935526
7.830057
7.723803
7.616770
7.508964
7.400392
7.291059
7.180972
7.070138
6.958562
6.846252
6.733213
6.619453
6.504977
6.389793
6.273906
6.157325
6.040055
5.922103
5.803476
5.684181
5.564225
5.443615
5.322358
5.200460
5.077929
4.954771
4.830995
4.706607
4.581614
4.456023
4.329843
4.203079
4.075740
3.947832
3.819364
3.690342
3.560774
3.430667
3.300029
3.168868
3.037191
2.905006
2.772320
2.639141
2.505477
2.371335
2.236723
2.101650
1.966122
1.830147
1.693734
1.556890
1.419624
1.281942
1.143854
1.005367
0.866489
0.727227
0.587591
0.447589
0.307227
0.166515
0.025460
-0.115929
-0.257644
-0.399677
-0.542020
-0.684665
-0.827603
-0.970826
-1.114325
-1.258093
-1.402122
-1.546402
-1.690926
-1.835685
-1.980671
-2.125876
-2.271290
-2.416906
-2.562716
-2.708710
-2.854881
-3.001219
-3.147718
-3.294367
-3.441159
-3.588085
-3.735136
-3.882305
-4.029583
-4.176960
-4.324429
-4.471981
-4.619608
-4.767301
-4.915051
-5.062851
-5.210690
-5.358562
-5.506457
-5.654367
-5.802283
-5.950197
-6.098100
-6.245984
-6.393840
-6.541659
-6.689433
-6.837154
-6.984813
-7.132402
-7.279911
-7.427332
-7.574658
-7.721879
-7.868986
-8.015973
-8.162828
-8.309546
-8.456116
-8.602531
-8.748781
-8.894860
-9.040757
-9.186465
-9.331975
-9.477279
-9.622369
-9.767236
-9.911871
-10.056267
-10.200415
-10.344306
-10.487933
-10.631287
-10.774360
-10.917143
-11.059629
-11.201809
-11.343674
-11.485218
-11.626431
-11.767305
-11.907832
