-5.935152
-6.310437
-6.685142
-7.058688
-7.430500
-7.800002
-8.166624
-8.529801
-8.888970
-9.243578
-9.593077
-9.936927
-10.274597
-10.605565
-10.929321
-11.245365
-11.553208
-11.852375
-12.142405
-12.422848
-12.693273
-12.953261
-13.202411
-13.440338
-13.666675
-13.881073
-14.083199
-14.272743
-14.449411
-14.612930
-14.763049
-14.899535
-15.022177
-15.130786
-15.225194
-15.305256
-15.370847
-15.421867
-15.458237
-15.479900
-15.486824
-15.478997
-15.456432
-15.419162
-15.367247
-15.300766
-15.219822
-15.124539
-15.015066
-14.891570
-14.754243
-14.603297
-14.438964
-14.261500
-14.071177
-13.868289
-13.653151
-13.426093
-13.187468
-12.937643
-12.677004
-12.405953
-12.124910
-11.834308
-11.534596
-11.226236
-10.909706
-10.585494
-10.254100
-9.916036
-9.571825
-9.221998
-8.867095
-8.507664
-8.144260
-7.777445
-7.407785
-7.035850
-6.662216
-6.287459
-5.912158
-5.536893
-5.162242
-4.788785
-4.417099
-4.047757
-3.681329
-3.318382
-2.959476
-2.605166
-2.255997
-1.912511
-1.575237
-1.244695
-0.921397
-0.605842
-0.298517
0.000104
0.289559
0.569401
0.839198
1.098533
1.347007
1.584235
1.809850
2.023505
2.224870
2.413633
2.589503
2.752209
2.901499
3.037142
3.158930
3.266674
3.360207
3.439386
3.504087
3.554212
3.589682
3.610444
3.616464
3.607733
3.584266
3.546098
3.493288
3.425918
3.344091
3.247935
3.137597
3.013249
2.875081
2.723308
2.558164
2.379903
2.188802
1.985155
1.769277
1.541500
1.302178
1.051679
0.790390
0.518716
0.237074
-0.054099
-0.354354
-0.663228
-0.980243
-1.304910
-1.636727
-1.975182
-2.319753
-2.669907
-3.025103
-3.384793
-3.748422
-4.115428
-4.485244
-4.857299
-5.231018
-5.605825
-5.981141
-6.356385
-6.730979
-7.104344
-7.475904
-7.845084
-8.211314
-8.574030
-8.932670
-9.286681
-9.635517
-9.978638
-10.315515
-10.645627
-10.968465
-11.283530
-11.590335
-11.888407
-12.177286
-12.456525
-12.725693
-12.984375
-13.232170
-13.468697
-13.693590
-13.906502
-14.107103
-14.295085
-14.470156
-14.632047
-14.780507
-14.915308
-15.036240
-15.143118
-15.235776
-15.314071
-15.377883
-15.427112
-15.461682
-15.481541
-15.486658
-15.477024
-15.452655
-15.413588
-15.359884
-15.291625
-15.208917
-15.111887
-15.000686
-14.875485
-14.736478
-14.583879
-14.417924
-14.238868
-14.046990
-13.842584
-13.625967
-13.397474
-13.157456
-12.906285
-12.644348
-12.372051
-12.089813
-11.798070
-11.497274
-11.187887
-10.870389
-10.545270
-10.213031
-9.874186
-9.529258
-9.178780
-8.823293
-8.463345
-8.099493
-7.732299
-7.362329
-6.990156
-6.616353
-6.241498
-5.866170
-5.490949
-5.116414
-4.743143
-4.371713
-4.002697
-3.636666
-3.274184
-2.915811
-2.562101
-2.213600
-1.870847
-1.534369
-1.204688
-0.882312
-0.567739
-0.261455
0.036067
0.324368
0.603002
0.871540
1.129566
1.376682
1.612506
1.836675
2.048842
2.248679
2.435878
2.610149
2.771225
2.918855
3.052811
3.172888
3.278899
3.370681
3.448093
3.511013
3.559347
3.593017
3.611974
3.616187
3.605650
3.580379
3.540414
3.485815
3.416668
3.333078
3.235176
3.123113
2.997060
2.857214
2.703790
2.537024
2.357176
2.164521
1.959358
1.742004
1.512794
1.272082
1.020240
0.757657
0.484739
0.201906
-0.090405
-0.391741
-0.701638
-1.019617
-1.345187
-1.677845
-2.017078
-2.362361
-2.713162
-3.068939
-3.429141
-3.793214
-4.160595
-4.530716
-4.903006
-5.276890
-5.651790
-6.027128
-6.402324
-6.776798
-7.149973
-7.521272
-7.890121
-8.255951
-8.618197
-8.976300
-9.329707
-9.677871
-10.020255
-10.356331
-10.685579
-11.007491
-11.321570
-11.627331
-11.924302
-12.212023
-12.490051
-12.757957
-13.015326
-13.261761
-13.496882
-13.720325
-13.931746
-14.130817
-14.317232
-14.490703
-14.650962
-14.797760
-14.930873
-15.050093
-15.155237
-15.246143
-15.322670
-15.384699
-15.432136
-15.464907
-15.482961
-15.486270
-15.474830
-15.448658
-15.407794
-15.352302
-15.282266
-15.197796
-15.099022
-14.986096
-14.859193
-14.718509
-14.564260
-14.396686
-14.216045
-14.022615
-13.816696
-13.598606
-13.368681
-13.127276
-12.874765
-12.611537
-12.337999
-12.054573
-11.761697
-11.459822
