-6.616505
-6.703589
-6.790670
-6.877745
-6.964811
-7.051866
-7.138906
-7.225928
-7.312930
-7.399909
-7.486861
-7.573783
-7.660674
-7.747529
-7.834347
-7.921123
-8.007856
-8.094542
-8.181178
-8.267761
-8.354289
-8.440758
-8.527166
-8.613510
-8.699787
-8.785993
-8.872127
-8.958184
-9.044163
-9.130060
-9.215873
-9.301598
-9.387233
-9.472775
-9.558220
-9.643567
-9.728812
-9.813952
-9.898984
-9.983906
-10.068715
-10.153408
-10.237982
-10.322434
-10.406761
-10.490960
-10.575030
-10.658966
-10.742766
-10.826428
-10.909948
-10.993323
-11.076551
-11.159629
-11.242554
-11.325324
-11.407935
-11.490385
-11.572671
-11.654791
-11.736741
-11.818518
-11.900121
-11.981546
-12.062790
-12.143852
-12.224727
-12.305413
-12.385909
-12.466210
-12.546314
-12.626219
-12.705922
-12.785420
-12.864710
-12.943790
-13.022658
-13.101309
-13.179743
-13.257956
-13.335946
-13.413709
-13.491244
-13.568547
-13.645617
-13.722450
-13.799044
-13.875397
-13.951505
-14.027367
-14.102979
-14.178339
-14.253445
-14.328295
-14.402884
-14.477212
-14.551275
-14.625072
-14.698599
-14.771854
-14.844835
-14.917539
-14.989964
-15.062107
-15.133966
-15.205538
-15.276822
-15.347814
-15.418512
-15.488915
-15.559018
-15.628822
-15.698321
-15.767516
-15.836402
-15.904979
-15.973243
-16.041192
-16.108824
-16.176137
-16.243128
-16.309795
-16.376137
-16.442150
-16.507832
-16.573182
-16.638196
-16.702874
-16.767212
-16.831209
-16.894862
-16.958170
-17.021129
-17.083739
-17.145996
-17.207900
-17.269447
-17.330635
-17.391463
-17.451929
-17.512030
-17.571765
-17.631131
-17.690127
-17.748750
-17.806998
-17.864870
-17.922364
-17.979478
-18.036209
-18.092556
-18.148517
-18.204090
-18.259273
-18.314065
-18.368463
-18.422465
-18.476071
-18.529278
-18.582083
-18.634487
-18.686486
-18.738079
-18.789264
-18.840040
-18.890405
-18.940356
-18.989893
-19.039014
-19.087717
-19.136001
-19.183863
-19.231302
-19.278318
-19.324907
-19.371069
-19.416801
-19.462103
-19.506973
-19.551409
-19.595411
-19.638975
-19.682102
-19.724789
-19.767035
-19.808838
-19.850198
-19.891113
-19.931581
-19.971601
-20.011172
-20.050292
-20.088961
-20.127176
-20.164936
-20.202241
-20.239089
-20.275479
-20.311409
-20.346878
-20.381886
-20.416431
-20.450511
-20.484126
-20.517274
-20.549955
-20.582167
-20.613909
-20.645181
-20.675980
-20.706306
-20.736159
-20.765537
-20.794438
-20.822863
-20.850809
-20.878277
-20.905265
-20.931773
-20.957799
-20.983342
-21.008402
-21.032978
-21.057069
-21.080674
-21.103793
-21.126424
-21.148568
-21.170222
-21.191387
-21.212061
-21.232245
-21.251936
-21.271136
-21.289842
-21.308055
-21.325774
-21.342998
-21.359726
-21.375959
-21.391695
-21.406934
-21.421675
-21.435918
-21.449663
-21.462909
-21.475655
-21.487902
-21.499648
-21.510894
-21.521638
-21.531881
-21.541623
-21.550862
-21.559599
-21.567833
-21.575565
-21.582793
-21.589517
-21.595738
-21.601455
-21.606668
-21.611377
-21.615581
-21.619281
-21.622476
-21.625166
-21.627351
-21.629031
-21.630207
-21.630877
-21.631042
-21.630702
-21.629857
-21.628507
-21.626652
-21.624292
-21.621427
-21.618057
-21.614183
-21.609804
-21.604921
-21.599534
-21.593642
-21.587247
-21.580348
-21.572946
-21.565040
-21.556632
-21.547721
-21.538308
-21.528393
-21.517976
-21.507058
-21.495639
-21.483720
-21.471300
-21.458381
-21.444963
-21.431045
-21.416629
-21.401716
-21.386305
-21.370397
-21.353993
-21.337093
-21.319698
-21.301808
-21.283424
-21.264547
-21.245177
-21.225315
-21.204961
-21.184117
-21.162783
-21.140959
-21.118647
-21.095847
-21.072560
-21.048786
-21.024527
-20.999784
-20.974556
-20.948846
-20.922653
-20.895979
-20.868825
-20.841191
-20.813079
-20.784489
-20.755423
-20.725881
-20.695864
-20.665374
-20.634411
-20.602977
-20.571072
-20.538697
-20.505854
-20.472545
-20.438768
-20.404527
-20.369822
-20.334655
-20.299026
-20.262937
-20.226388
-20.189382
-20.151919
-20.114001
-20.075629
-20.036804
-19.997527
-19.957801
-19.917626
-19.877003
-19.835934
-19.794420
-19.752463
-19.710065
-19.667225
-19.623947
-19.580231
-19.536079
-19.491493
-19.446473
-19.401022
-19.355141
-19.308831
-19.262094
-19.214932
-19.167346
-19.119338
-19.070909
-19.022061
-18.972796
-18.923115
-18.873020
-18.822513
-18.771595
-18.720269
-18.668535
-18.616396
-18.563853
-18.510908
-18.457563
-18.403820
-18.349680
-18.295146
-18.240219
-18.184900
-18.129193
-18.073098
-18.016618
-17.959754
-17.902509
-17.844884
-17.786881
-17.728503
-17.669751
-17.610627
-17.551133
-17.491271
-17.431043
-17.370452
-17.309499
-17.248186
-17.186516
-17.124490
-17.062110
-16.999379
-16.936299
-16.872871
-16.809099
-16.744984
-16.680528
-16.615733
-16.550602
-16.485137
-16.419340
-16.353213
-16.286759
-16.219979
-16.152876
-16.085453
-16.017711
-15.949652
-15.881280
-15.812596
-15.743603
-15.674302
-15.604697
-15.534790
-15.464582
-15.394077
-15.323277
-15.252184
-15.180800
-15.109128
-15.037170
-14.964930
-14.892408
-14.819608
-14.746532
-14.673182
-14.599562
-14.525673
-14.451517
-14.377099
-14.302419
-14.227481
-14.152286
-14.076838
-14.001139
-13.925192
-13.848999
-13.772563
-13.695885
-13.618970
-13.541819
-13.464435
-13.386821
-13.308979
-13.230912
-13.152623
-13.074113
-12.995386
-12.916445
-12.837292
-12.757929
-12.678360
-12.598587
-12.518613
-12.438440
-12.358072
-12.277510
-12.196758
-12.115818
-12.034693
-11.953386
-11.871899
-11.790235
-11.708398
-11.626389
-11.544211
-11.461868
-11.379362
-11.296696
-11.213872
-11.130893
-11.047763
-10.964484
-10.881058
-10.797489
-10.713779
-10.629931
-10.545949
-10.461834
-10.377590
-10.293219
-10.208725
-10.124110
-10.039376
-9.954528
-9.869567
-9.784497
-9.699321
-9.614040
-9.528659
-9.443180
-9.357606
-9.271939
-9.186184
-9.100341
-9.014415
-8.928409
-8.842325
-8.756166
-8.669935
-8.583634
-8.497268
-8.410839
-8.324349
-8.237801
-8.151199
-8.064546
-7.977843
-7.891095
-7.804304
-7.717473
-7.630605
-7.543703
-7.456770
-7.369809
-7.282822
-7.195812
-7.108784
-7.021738
-6.934679
-6.847610
-6.760532
-6.673450
-6.586366
-6.499283
-6.412203
-6.325131
-6.238068
-6.151019
-6.063984
-5.976969
-5.889975
-5.803005
-5.716063
-5.629151
-5.542272
-5.455429
-5.368626
-5.281864
-5.195148
-5.108479
-5.021861
-4.935296
-4.848788
-4.762340
-4.675954
-4.589633
-4.503380
-4.417199
-4.331091
-4.245060
-4.159109
-4.073241
-3.987458
-3.901764
-3.816161
-3.730652
-3.645241
-3.559929
-3.474720
-3.389617
-3.304622
-3.219739
-3.134970
-3.050318
-2.965786
-2.881377
-2.797094
-2.712939
-2.628915
-2.545026
-2.461274
-2.377661
-2.294191
-2.210866
-2.127689
-2.044664
-1.961792
-1.879077
-1.796521
-1.714128
-1.631899
-1.549838
-1.467947
-1.386230
-1.304688
-1.223326
-1.142144
-1.061147
-0.980337
-0.899716
-0.819288
-0.739054
-0.659019
-0.579184
-0.499551
-0.420125
-0.340907
-0.261900
-0.183107
-0.104531
-0.026173
0.051963
0.129874
0.207559
0.285014
0.362237
0.439225
0.515976
0.592486
0.668755
0.744778
0.820554
0.896079
0.971352
1.046369
1.121129
1.195628
1.269865
1.343836
1.417539
1.490973
1.564133
1.637018
1.709626
1.781953
1.853999
1.925759
1.997231
2.068414
2.139305
2.209901
2.280201
2.350201
2.419899
2.489293
2.558382
2.627161
2.695630
2.763785
2.831624
2.899146
2.966348
3.033227
3.099782
3.166010
3.231909
3.297476
3.362710
3.427609
3.492169
3.556390
3.620268
3.683802
3.746989
3.809828
3.872316
3.934451
3.996231
4.057654
4.118718
4.179421
4.239761
4.299735
4.359343
4.418581
4.477448
4.535941
4.594060
4.651801
4.709164
4.766145
4.822743
4.878957
4.934784
4.990222
5.045270
5.099926
5.154187
5.208053
5.261520
5.314588
5.367255
5.419519
5.471378
5.522830
5.573873
5.624507
5.674729
5.724537
5.773931
5.822907
5.871465
5.919603
5.967319
6.014612
6.061480
6.107921
6.153935
6.199518
6.244671
6.289391
6.333677
6.377527
6.420940
6.463915
6.506449
6.548542
6.590192
6.631398
6.672159
6.712472
6.752337
6.791752
6.830716
6.869228
6.907286
6.944889
6.982036
7.018725
7.054956
7.090727
7.126036
7.160884
7.195268
7.229187
7.262641
7.295627
7.328146
7.360196
7.391775
7.422883
7.453519
7.483682
7.513370
7.542583
7.571319
7.599579
7.627360
7.654662
7.681483
7.707824
7.733683
7.759060
7.783952
7.808360
7.832283
7.855720
7.878670
7.901133
7.923107
7.944592
7.965587
7.986092
8.006105
8.025627
8.044656
8.063191
8.081233
8.098781
8.115833
8.132390
8.148451
8.164015
8.179081
8.193651
8.207721
8.221294
8.234367
8.246940
8.259013
8.270586
8.281659
8.292230
8.302299
8.311867
8.320932
8.329495
8.337556
8.345113
8.352167
8.358717
8.364763
8.370306
8.375344
8.379878
8.383908
8.387433
8.390453
8.392969
8.394979
8.396485
8.397485
8.397981
8.397971
8.397456
8.396436
8.394912
8.392882
8.390347
8.387307
8.383763
8.379714
8.375161
8.370103
8.364541
8.358475
8.351906
8.344833
8.337256
8.329177
8.320595
8.311510
8.301923
8.291834
8.281244
8.270153
8.258560
8.246468
8.233875
8.220783
8.207192
8.193102
8.178514
8.163428
8.147845
8.131765
8.115189
8.098118
8.080552
8.062491
8.043936
8.024888
8.005348
7.985316
7.964792
7.943779
7.922275
7.900282
7.877801
7.854832
7.831377
7.807435
7.783008
7.758097
7.732702
7.706825
7.680465
7.653625
7.626305
7.598506
7.570228
7.541473
7.512242
7.482536
7.452355
7.421701
7.390575
7.358977
7.326910
7.294373
7.261368
7.227897
7.193960
7.159558
7.124693
7.089366
7.053577
7.017329
6.980622
6.943458
6.905837
6.867762
6.829233
6.790251
6.750819
6.710937
6.670606
6.629829
6.588606
6.546939
6.504829
6.462278
6.419286
6.375856
6.331990
6.287687
6.242950
6.197781
6.152181
6.106151
6.059693
6.012809
5.965500
5.917768
5.869614
5.821040
5.772047
5.722638
5.672814
5.622576
5.571927
5.520867
5.469400
5.417525
5.365246
5.312564
5.259481
5.205998
5.152117
5.097841
5.043170
4.988107
4.932654
4.876812
4.820584
4.763971
4.706975
4.649598
4.591842
4.533709
4.475201
4.416320
4.357067
4.297446
4.237457
4.177104
4.116387
4.055309
3.993872
3.932078
3.869930
3.807428
3.744576
3.681376
3.617829
3.553937
3.489704
3.425131
3.360219
3.294972
3.229392
3.163481
3.097240
3.030673
2.963781
2.896567
2.829033
2.761181
2.693014
2.624534
2.555742
2.486642
2.417236
2.347526
2.277515
2.207204
2.136597
2.065695
1.994500
1.923017
1.851246
1.779190
1.706851
1.634233
1.561337
1.488166
1.414723
1.341009
1.267028
1.192781
1.118271
1.043502
0.968475
0.893192
0.817657
0.741872
0.665839
0.589562
0.513042
0.436282
0.359285
0.282053
0.204589
0.126896
0.048976
-0.029169
-0.107535
-0.186120
-0.264921
-0.343936
-0.423162
-0.502596
-0.582236
-0.662079
-0.742122
-0.822363
-0.902799
-0.983427
-1.064245
-1.145249
-1.226437
-1.307807
-1.389355
-1.471079
-1.552976
-1.635044
-1.717279
-1.799679
-1.882241
-1.964962
-2.047840
-2.130871
-2.214053
-2.297383
-2.380859
-2.464477
-2.548235
-2.632130
-2.716158
-2.800318
-2.884607
-2.969020
-3.053557
-3.138213
-3.222987
-3.307874
