-6.076708345
-6.223544771
-6.344496411
-6.472408867
-6.588287306
-6.664630557
-6.702490685
-6.736271251
-6.80752306
-6.883713271
-6.933196393
-7.002628372
-7.078178941
-7.142263049
-7.241968679
-7.396017833
-7.548155538
-7.665245076
-7.783785836
-7.881417762
-7.939253299
-7.933235652
-7.94600144
-7.980931917
-8.0453245
-8.095321686
-8.106653019
-8.136857689
-8.1587499
-8.188401542
-8.238624134
-8.313513347
-8.404647442
-8.492155239
-8.553231618
-8.638029679
-8.729463443
-8.786581776
-8.849260542
-8.919165693
-8.984745674
-9.036530094
-9.084367069
-9.143258914
-9.208066644
-9.30007116
-9.400946394
-9.506214394
-9.617933098
-9.685755708
-9.704560646
-9.713214993
-9.730736945
-9.751414058
-9.767765472
-9.811814461
-9.857122084
-9.929099376
-10.02820208
-10.13321735
-10.25244008
-10.36398014
-10.45115403
-10.54819361
-10.66843475
-10.73307813
-10.74821521
-10.78772036
-10.86305021
-10.93835453
-11.0297925
-11.16727913
-11.31665446
-11.44587152
-11.57439327
-11.71058573
-11.84763643
-11.95691777
-12.05188153
-12.13349071
-12.20275503
-12.2554771
-12.29428849
-12.35154144
-12.36676437
-12.38334588
-12.40817424
-12.48470629
-12.54936978
-12.60438708
-12.71686682
-12.86532304
-13.02767795
-13.1780992
-13.36363439
-13.55128366
-13.74245233
-13.88920681
-14.00387927
-14.10936063
-14.14992314
-14.15133111
-14.16951207
-14.20932176
-14.24238798
-14.26222323
-14.31319388
-14.3881856
-14.44715616
-14.51989483
-14.59947894
-14.67633745
-14.71086545
-14.74146674
-14.81239569
-14.86968712
-14.88630996
-14.91776627
-14.96969683
-15.02159645
-15.07083232
-15.11478451
-15.17632955
-15.24188278
-15.27741008
-15.32772012
-15.37964962
-15.43060154
-15.46234879
-15.50712973
-15.57650484
-15.62715627
-15.67729208
-15.72209725
-15.80465134
-15.86949561
-15.90593286
-15.93831449
-15.98166948
-16.02254991
-16.07427283
-16.12740303
-16.18993189
-16.25757046
-16.31310478
-16.349591
-16.36606774
-16.38620627
-16.42679922
-16.48091253
-16.48776088
-16.49063299
-16.50896622
-16.52807237
-16.54143405
-16.56086702
-16.61716884
-16.68346029
-16.72739304
-16.76904757
-16.85346653
-16.99295884
-17.13042569
-17.2545877
-17.39212835
-17.5308676
-17.66935813
-17.78664924
-17.83229109
-17.8538818
-17.89559164
-17.95695203
-18.00734131
-18.03763032
-18.04797719
-18.05191383
-18.0817272
-18.11778185
-18.16806831
-18.21003916
-18.19335928
-18.21376122
-18.24492625
-18.27073933
-18.28828384
-18.31655168
-18.34915894
-18.37494846
-18.37725863
-18.38683636
-18.42866418
-18.48464385
-18.54636994
-18.61723076
-18.71042269
-18.80737731
-18.88483312
-18.94528955
-18.99934808
-19.01212118
-18.98075404
-18.93279831
-18.92883844
-18.95539498
-18.96987973
-18.91256898
-18.88930717
-18.8852695
-18.89490388
-18.90893711
-18.94480797
-19.00447632
-19.07180197
-19.12609046
-19.16065744
-19.19617947
-19.20276018
-19.19591115
-19.15482319
-19.12332339
-19.13248526
-19.12462585
-19.10863059
-19.11534726
-19.16321278
-19.22210665
-19.25086365
-19.25548824
-19.27761401
-19.29910159
-19.30607775
-19.29997617
-19.29608533
-19.26498964
-19.22926446
-19.18286759
-19.14492795
-19.09996717
-19.04192977
-18.99797983
-18.96005915
-18.94036488
-18.93310317
-18.94428969
-18.95832532
-18.9673597
-18.97117954
-18.95592146
-18.95526497
-18.97206742
-19.00471076
-19.04496678
-19.07353639
-19.08728392
-19.0900271
-19.10079646
-19.12452545
-19.14982556
-19.14746511
-19.15232716
-19.15276726
-19.18020574
-19.21404274
-19.2582119
-19.28759498
-19.28164286
-19.22824025
-19.15856009
-19.08319539
-19.02007935
-18.93244347
-18.84675726
-18.78966444
-18.79185328
-18.80056177
-18.78097903
-18.74671571
-18.70866001
-18.67276952
-18.63089016
-18.54991059
-18.4684224
-18.42602831
-18.4089123
-18.39909079
-18.41342472
-18.42292142
-18.3981832
-18.37888562
-18.39373882
-18.42669086
-18.46453637
-18.49608786
-18.52515393
-18.56289878
-18.57624917
-18.57687682
-18.59213739
-18.59706997
-18.5710936
-18.54220157
-18.49198083
-18.43911521
-18.38081916
-18.33739991
-18.31016479
-18.27796167
-18.21918084
-18.15231531
-18.05709837
-17.9391429
-17.85239057
-17.7913647
-17.74125292
-17.71139425
-17.70852996
-17.70982455
-17.71500202
-17.72793936
-17.74297746
-17.74444076
-17.76369421
-17.79315082
-17.83016094
-17.86076232
-17.87483106
-17.88760731
-17.92211879
-17.97311979
-17.98610174
-17.97065579
-17.96697554
-17.97127995
-17.99630166
-17.99768233
-17.98681668
-17.96497941
-17.96635287
-17.94738231
-17.90476064
-17.88831918
-17.8853835
-17.84613558
-17.80268439
-17.76684507
-17.70949286
-17.68081378
-17.68085134
-17.68719631
-17.69016544
-17.65600913
-17.5607698
-17.45498949
-17.37867213
-17.29819159
-17.21319071
-17.13371635
-17.08611354
-17.03000395
-16.97221914
-16.92359685
-16.89893815
-16.88408803
-16.85483286
-16.82279521
-16.79286874
-16.78935632
-16.82087215
-16.87656246
-16.92408939
-16.9738302
-17.02642723
-17.06025679
-17.07469834
-17.08882465
-17.07733514
-17.07182951
-17.07182951
-17.0600338
-16.9806591
-16.90253075
-16.82564025
-16.75478455
-16.69613756
-16.62049925
-16.51068784
-16.41908289
-16.32507014
-16.22908843
-16.13072345
-16.03000274
-15.93797636
-15.8805216
-15.83438492
-15.81608655
-15.76680547
-15.68465729
-15.64371751
-15.62113932
-15.61001564
-15.590006
-15.57896728
-15.59769593
-15.62355684
-15.65762845
-15.67006153
-15.66788414
-15.64120341
-15.60785946
-15.57452326
-15.53585466
-15.48823526
-15.40942439
-15.28570801
-15.18542589
-15.13459755
-15.08815932
-15.00175213
-14.89821054
-14.83514013
-14.78984267
-14.73678953
-14.7191386
-14.70036464
-14.65834681
-14.60085225
-14.58095323
-14.55220704
-14.48920507
-14.40524359
-14.34667437
-14.29582199
-14.23454501
-14.17271042
-14.11306321
-14.07274172
-14.04848367
-14.0270358
-13.95431275
-13.85520642
-13.73851905
-13.60000082
-13.43921925
-13.27024288
-13.07308028
-12.84737368
-12.61810794
-12.44565267
-12.31703853
-12.20605768
-12.1538634
-12.14939231
-12.15144373
-12.15144373
-12.14492044
-12.14044779
-12.14199809
-12.14404719
-12.13304816
-12.10402392
-12.05553557
-12.01447895
-11.97189417
-11.94133579
-11.91483638
-11.8888357
-11.83125524
-11.75112977
-11.67395419
-11.61018415
-11.53036786
-11.45116922
-11.36214072
-11.27127689
-11.16500788
-11.07824267
-10.98756039
-10.90535122
-10.83954424
-10.74901441
-10.6391708
-10.55523604
-10.47972026
-10.38299359
-10.24848847
-10.09332364
-9.930938503
-9.759933022
-9.593189211
-9.476180114
-9.383137403
-9.293563709
-9.229621865
-9.204974337
-9.185801568
-9.149791161
-9.120602597
-9.095970251
-9.038502736
-8.936404779
-8.783455916
-8.597444607
-8.370837837
-8.11147306
-7.831612138
-7.562561907
-7.324914044
-7.100298716
-6.867993945
-6.673626795
-6.531608806
-6.425072499
-6.339521268
-6.289453908
-6.226067257
-6.183568891
-6.144405001
-6.127755489
-6.121108625
-6.113625469
-6.092031453
-6.076248732
-6.04339719
-5.986017565
-5.935286551
-5.848364025
-5.752305344
-5.607593696
-5.400969693
-5.165744097
-4.90556941
-4.645901786
-4.388289815
-4.180413815
-4.019620679
-3.875381119
-3.777760523
-3.754964977
-3.74838777
-3.737971094
-3.727554582
-3.715229748
-3.682073271
-3.618123382
-3.5087464
-3.347855905
-3.144877888
-2.949760075
-2.77945416
-2.628356233
-2.456482295
-2.293304391
-2.1621356
-2.046782248
-1.957669721
-1.901614624
-1.855668159
-1.806118899
-1.754422812
-1.691280698
-1.617736164
-1.537420889
-1.395629228
-1.231599649
-1.062842996
-0.880596607
-0.655412424
-0.448824859
-0.266182434
-0.086396127
0.116823561
0.297776927
0.472384608
0.621753179
0.736638814
0.807033123
0.872082577
0.931790762
0.990607591
1.050336235
1.124966583
1.240994183
1.377946253
1.542687884
1.717442779
1.896745657
2.038773321
2.166885521
2.320695106
2.495102693
2.663238412
2.874551678
3.091879427
3.264009391
3.406308177
3.527082915
3.621745621
3.701723633
3.770641384
3.823721877
3.865926801
3.925114841
3.977088207
4.057298148
4.135657199
4.214593911
4.313844196
4.41923095
4.572451312
4.740345416
4.893153488
5.034958328
5.171106229
5.30867489
5.450581404
5.576131442
5.650025564
5.69734598
5.741531665
5.793049448
5.860624622
5.940578736
5.998924212
6.030956548
6.053445918
6.080773405
6.107595563
6.149177653
6.176637938
6.203461714
6.234231312
6.297052538
6.402630668
6.512963477
6.612279073
6.740185327
6.84757065
6.918980539
6.960308046
7.002720726
7.04050315
7.077447888
7.134005861
7.217555319
7.290907693
7.390455365
7.495741505
7.59525641
7.694916644
7.795624624
7.901701002
7.995759057
8.095302183
8.184279121
8.279761269
8.36807445
8.437133487
8.495252651
8.537079368
8.55338122
8.559502478
8.566915079
8.589674352
8.616832454
8.643562529
8.679961165
8.749137838
8.795317865
8.837941953
8.889754881
8.93673933
8.989086265
9.074218987
9.168667295
9.241490018
9.273549353
9.316163479
9.368522294
9.424957551
9.471668013
9.518797381
9.586672725
9.653777705
9.729509934
9.816025719
9.914900861
9.976893527
10.03930528
10.10213027
10.15399139
10.21079477
10.24716463
10.28468489
10.30049217
10.31668225
10.34809366
10.39511498
10.4478375
10.47965179
10.48969801
10.51164719
10.53773957
10.57945689
10.62160614
10.66908156
10.71120568
10.75292896
10.826313
10.91884751
11.0114676
11.08312929
11.16736811
11.2253281
11.24129515
11.23663084
11.23126099
11.22624472
11.21550575
11.23613633
11.27242598
11.30978031
11.33106124
11.36232238
11.40433552
11.45100668
11.50769233
11.57544406
11.63253919
11.67361831
11.72575446
11.77824915
11.82106221
11.86249564
11.9049945
11.9521953
11.9943847
12.03590581
12.06167078
12.08807625
12.10878111
12.11907623
12.1139623
12.10283417
12.08564983
12.07078464
12.05459107
12.04411095
12.04472377
12.03562326
12.00940088
11.9878642
11.98745926
12.00352073
12.01925114
12.0363289
12.03628129
12.04832993
12.0426113
12.03690321
12.047631
12.06538727
12.07407844
12.07069753
12.05925724
12.08101467
12.13362889
12.21681288
12.3164983
12.42130504
12.5265145
12.59985637
12.65710913
12.69256419
12.70270076
12.67580882
12.6213937
12.57204939
12.53916562
12.49614616
12.4692579
12.45345131
12.43699419
12.40473291
12.36238095
12.30829609
12.25387837
12.18232192
12.13966138
12.09598529
12.05161978
12.00255919
11.95956482
11.91554104
11.86612347
11.82921265
11.79126333
11.77483724
11.78496879
11.79510457
11.79949827
11.78843202
11.76156765
11.72933299
11.69172948
11.66996301
11.64248814
11.60603462
11.56886519
11.53493533
11.50816975
11.53519138
11.57650564
11.59232521
11.59232521
11.59232521
11.59201128
11.59175247
11.59115529
11.59053253
11.60641661
11.6528356
11.71436236
11.78164473
11.84356773
11.88604581
11.92782062
11.96387624
11.98374543
11.98374543
11.97227513
11.96080325
11.95542151
11.93493289
11.91046861
11.88243742
11.88280536
11.90368079
11.91410503
11.91984899
11.90010813
11.89834874
11.89987113
11.90104691
11.90648482
11.9012181
11.90667024
11.90498088
11.89688074
11.89520629
11.89776213
11.89885774
11.89995351
11.9025109
11.88765981
11.86218518
11.83672057
11.82941878
11.82138784
11.81373529
11.81781414
11.81548005
11.81246196
11.78538154
11.71461152
11.63615175
11.56767364
11.51368046
11.46602374
11.43620598
11.41091631
11.39660971
11.37584255
11.37251938
11.36663902
11.36644141
11.3806674
11.3959466
11.40130202
11.39568543
11.36316026
11.32534348
11.28150762
11.22861889
11.14647438
11.0533159
10.94988231
10.87418634
10.80989869
10.7667611
10.73010243
10.69796445
10.65968791
10.6165503
10.57341183
10.53070566
10.48228441
10.4391457
10.36449905
10.30551696
10.2474309
10.19373963
10.14258026
10.10081998
10.04852237
10.01389502
9.996022579
9.963021457
9.925208243
9.877785891
9.843243662
9.793603508
9.738585068
9.690717064
9.66150512
9.607439904
9.563897277
9.526578033
9.499784822
9.461012754
9.423207316
9.369617922
9.298771692
9.229403474
9.148026263
9.072401974
8.985634213
8.909487868
8.851038406
8.807448352
8.775401515
8.742836255
8.705935226
8.662738476
8.61914039
8.576995765
8.538646937
8.495042823
8.446718038
8.394625306
8.305246565
8.194139986
8.091114006
7.99913032
7.878861831
7.771225496
7.704817104
7.651033336
7.563014928
7.472471463
7.407609473
7.346386519
7.29564055
7.241249453
7.203341206
7.151371261
7.084672413
7.025605125
6.953634111
6.856563006
6.744741076
6.640128134
6.523125695
6.405725474
6.287163171
6.197951581
6.107441207
6.030442645
5.97082066
5.90923942
5.852228436
5.789293088
5.715180577
5.629211562
5.48797405
5.32972469
5.195950446
5.076165363
4.922130223
4.76986548
4.644637999
4.507906169
4.381563094
4.276529061
4.194288355
4.111990227
4.022166393
3.938255853
3.850295635
3.741675759
3.641952459
3.569670408
3.513353531
3.474307948
3.439743869
3.402000954
3.379464902
3.346428834
3.300577345
3.246314693
3.184704235
3.108681256
3.014854418
2.9380186
2.858244791
2.769311782
2.660619618
2.561797557
2.494009961
2.395664333
2.269150412
2.144169034
2.007734035
1.857298051
1.711911139
1.577684716
1.44007526
1.300252192
1.159377643
1.048993807
0.970686412
0.844501231
0.742853928
0.645824097
0.520393346
0.35510802
0.24464145
0.127354792
-0.039540135
-0.261431388
-0.46380598
-0.643018826
-0.88216517
-1.145737682
-1.354997115
-1.508206767
-1.617367201
-1.652017001
-1.653009303
-1.651330827
-1.655926904
-1.666797251
-1.666797251
-1.668782858
-1.676051491
-1.683320987
-1.696180725
-1.787837927
-1.880402966
-1.986660791
-2.133924565
-2.336536413
-2.558188648
-2.769421769
-3.016660515
-3.253973614
-3.431417691
-3.636238804
-3.830512701
-3.939317984
-3.996796991
-4.049825251
-4.100958266
-4.158509873
-4.248885819
-4.326493478
-4.371325364
-4.438045285
-4.568875842
-4.662437796
-4.681695228
-4.632535995
-4.579978542
-4.552671845
-4.501047583
-4.436014017
-4.319614051
-4.197232796
-4.094657745
-4.064857927
-3.995684898
-3.843912978
-3.620619914
-3.45442112
-3.458306248
-3.653108199
-3.918861613
-4.191902236
-4.421293364
-4.551110329
-4.503587582
-4.299223792
-4.094934987
-3.930448992
-3.844007149
-3.854259
-3.9565154
-4.122763713
-4.218249808
-4.237494153
-4.245314359
-4.282376334
-4.373354909
-4.46479676
-4.569431365
-4.757650466
-4.984141444
-5.159779373
-5.322717966
-5.428413266
-5.467201952
-5.441614125
-5.413510011
-5.416723072
-5.42752621
-5.40423744
-5.381034407
-5.359918391
-5.3385227
-5.304574486
-5.286054967
-5.30108844
-5.337384983
-5.389769444
-5.448844364
-5.524660428
-5.576664233
-5.584683831
-5.612587132
-5.655024352
-5.661653403
-5.658823433
-5.667441663
-5.67497991
-5.693072322
-5.721373307
-5.730671882
-5.750581335
-5.755059337
-5.752899863
-5.755558315
-5.763444728
-5.765604349
-5.775977865
-5.769341097
-5.769341097
-5.797211734
-5.908794342
-6.017347713
-6.089988969
-6.115273461
-6.132239325
-6.164557361
-6.201463727
-6.224514754
-6.229123533
-6.245139244
-6.304635476
-6.382376133
-6.444939949
-6.540653257
-6.660730529
-6.719408453
-6.73773854
-6.770911273
-6.777716405
-6.795584159
-6.853333439
-6.894344996
-6.902113488
-6.916694824
-6.994634802
-7.054672234
-7.08656034
-7.111246556
-7.169591934
-7.236235542
-7.299739678
-7.357694531
-7.456600164
-7.53068369
-7.56234341
-7.60549418
-7.699006035
-7.767810662
-7.802988235
-7.844875027
-7.905796086
-7.946550247
-7.972663992
-8.007568052
-8.065967908
-8.161355108
-8.265618474
-8.377762762
-8.496623577
-8.600881981
-8.700707908
-8.826156816
-8.951498865
-9.049991539
-9.099248704
-9.122689145
-9.147164176
-9.173988547
-9.284871261
-9.41152767
-9.470158573
-9.509687722
-9.486411682
-9.51128121
-9.59902922
-9.704540819
-9.753712493
-9.780685019
-9.814483717
-9.855105726
-9.906592098
-9.953623818
-9.974919703
-9.979340083
-10.00515044
-10.07876612
-10.13449261
-10.15367783
-10.15367783
-10.1053494
-10.00433803
-9.948439261
-9.937299543
-9.91722354
-9.875033397
-9.842861798
-9.834008568
-9.814263735
-9.748108351
-9.58802464
-9.38559983
-9.168813963
-8.91847477
-8.651128612
-8.489597133
-8.434787507
-8.425645774
-8.412126971
-8.396309041
-8.355396816
-8.182150372
-7.909384238
-7.633461492
-7.315820728
-7.000955093
-6.795355176
-6.644778547
-6.460128502
-6.24856449
-6.133400438
-6.146499089
-6.202788375
-6.343750019
-6.497089461
-6.595736484
-6.660712446
-6.720062974
-6.749360137
-6.761797694
-6.784917295
-6.840485342
-6.840341869
-6.812155016
-6.803141772
-6.841002311
-6.879764864
-6.921778817
-6.960454831
-6.971631409
-6.940192498
-6.863039534
-6.824070217
-6.798097552
-6.80148783
-6.840745187
-6.919861975
-6.97188004
-7.004402503
-7.051411563
-7.119132981
-7.190007519
-7.27742506
-7.360701782
-7.411385811
-7.476517393
-7.555588716
-7.613548556
-7.670375784
-7.733777849
-7.770973652
-7.770973652
-7.780028513
-7.791403601
-7.819272365
-7.871402456
-7.928927295
-7.95004508
-7.962348342
-7.982548441
-8.045390317
-8.081637223
-8.087206304
-8.099612851
-8.148395066
-8.193588606
-8.225517063
-8.308219005
-8.370133575
-8.414362154
-8.501508077
-8.63142982
-8.752403148
-8.831780978
-8.945914502
-9.110513192
-9.243854771
-9.302325989
-9.349953197
-9.399495244
-9.442096763
-9.468161655
-9.48901082
-9.510711674
-9.545408618
-9.595493493
-9.656606839
-9.71266267
-9.760594461
-9.809843836
-9.858494862
-9.903227351
-9.94041658
-9.958849988
-9.975419856
-10.00488605
-10.04402418
-10.07835996
-10.13597721
-10.22775369
-10.3389021
-10.44690696
-10.55304036
-10.70655325
-10.8464602
-10.91900953
-10.94564601
-10.95535224
-10.96196926
-10.96858662
-11.02281626
-11.12619397
-11.20058958
-11.26709608
-11.36378227
-11.46882345
-11.54979642
-11.65320139
-11.82396871
-11.97414273
-12.06347852
-12.17721886
-12.30115729
-12.39657952
-12.44885843
-12.50120887
-12.53450215
-12.55322061
-12.56915991
-12.58231755
-12.60246109
-12.63501104
-12.70538384
-12.82689632
-12.94996346
-13.04753621
-13.15006695
-13.24169511
-13.28199879
-13.29148913
-13.2996773
-13.30659594
-13.32261896
-13.33990686
-13.36017353
-13.37764665
-13.38414983
-13.38935112
-13.39604204
-13.40682269
-13.42410321
-13.44398131
-13.45865867
-13.48281195
-13.5203198
-13.53629224
-13.53889151
-13.54668776
-13.59864427
-13.63744998
-13.65621236
-13.68258072
-13.7182315
-13.76096216
-13.76226248
-13.76876298
-13.78863349
-13.82614339
-13.86920955
-13.91225615
-13.94988695
-13.94454268
-13.98322666
-14.05710894
-14.12832967
-14.17512686
-14.21248792
-14.24463821
-14.27547661
-14.29819687
-14.30615236
-14.30615236
-14.30745293
-14.30725025
-14.31634795
-14.3256003
-14.33095452
-14.34004753
-14.36379841
-14.36899116
-14.36617265
-14.38898758
-14.43714869
-14.49467849
-14.54942388
-14.59482494
-14.65901414
-14.73926025
-14.81928234
-14.84958006
-14.85045846
-14.87534718
-14.9109033
-14.94666412
-14.96919938
-14.93010504
-14.87899976
-14.88669351
-14.90899386
-14.92326001
-14.90538696
-14.91140762
-14.97591211
-15.04542448
-15.16006635
-15.30372559
-15.45093429
-15.54201898
-15.58817435
-15.59065291
-15.53115564
-15.43464246
-15.35438761
-15.3209613
-15.3209613
-15.31427697
-15.31427697
-15.29927046
-15.26695879
-15.2413322
-15.24228326
-15.24972542
-15.2332663
-15.18222696
-15.11493907
-15.08750656
-15.05631776
-14.97091222
-14.87349312
-14.78907746
-14.72715335
-14.69473818
-14.703705
-14.70891356
-14.69791141
-14.71583257
-14.73644692
-14.76120486
-14.77785357
-14.76725005
-14.75225362
-14.77985498
-14.81348918
-14.8394322
-14.87055233
-14.89480225
-14.87121937
-14.8054591
-14.74388148
-14.6507776
-14.54026901
-14.45589187
-14.44140322
-14.46800552
-14.49977045
-14.54728341
-14.60538283
-14.65162978
-14.67299558
-14.68376311
-14.68542674
-14.69914601
-14.70919453
-14.72072965
-14.74013014
-14.7583025
-14.78039772
-14.78677167
-14.78134812
-14.76263345
-14.76996099
-14.77483716
-14.77821494
-14.78402888
-14.81192406
-14.82230049
-14.79972421
-14.79193138
-14.80828795
-14.79320047
-14.74729767
-14.71408279
-14.69110752
-14.6922796
-14.68981945
-14.66345169
-14.6567088
-14.64874578
-14.63051738
-14.58872952
-14.52034063
-14.43986509
-14.35395646
-14.26143027
-14.16111819
-14.03743033
-13.91812342
-13.83202094
-13.75920671
-13.65997625
-13.52777976
-13.37591054
-13.25403
-13.15630316
-13.09815625
-13.08068548
-13.07638671
-13.07152671
-13.06204349
-13.0207427
-12.97510696
-12.91853272
-12.87396025
-12.84798423
-12.83323169
-12.81508878
-12.79757453
-12.78006034
-12.77171003
-12.77171003
-12.76624567
-12.74102127
-12.72028341
-12.67543732
-12.63493521
-12.62522636
-12.62644507
-12.61661623
-12.59584025
-12.55863711
-12.46217731
-12.37121693
-12.33836395
-12.32521022
-12.32521022
-12.32631091
-12.33474399
-12.33625131
-12.31543694
-12.30667463
-12.28146387
-12.24783775
-12.23468025
-12.23466825
-12.2325161
-12.18940949
-12.11815474
-12.04582357
-11.96693947
-11.85858865
-11.743753
-11.65186776
-11.57204727
-11.50108551
-11.41813582
-11.32639046
-11.25056056
-11.19981417
-11.1709896
-11.15348972
-11.14800654
-11.14482291
-11.15909449
-11.17476717
-11.16608417
-11.14236
-11.13397461
-11.13569468
-11.11423099
-11.08065595
-11.03972504
-10.99372114
-10.92877829
-10.83031989
-10.70760509
-10.59462888
-10.52286948
-10.4440258
-10.37617023
-10.34785422
-10.33656946
-10.31400859
-10.28738959
-10.25330339
-10.18221029
-10.10566112
-10.04717566
-10.00095228
-9.89547397
-9.764724087
-9.595563478
-9.428620496
-9.27471618
-9.119227554
-9.004054586
-8.971724712
-8.970751675
-8.955599365
-8.928090413
-8.91531153
-8.90253369
-8.857822883
-8.787594998
-8.713927008
-8.599605649
-8.420174832
-8.230081368
-8.048039212
-7.80728594
-7.550479444
-7.322239245
-7.118668061
-6.930456796
-6.816000996
-6.789934776
-6.798236599
-6.797328264
-6.789223684
-6.776649277
-6.776649277
-6.732763382
-6.661128574
-6.53183163
-6.380424133
-6.202854392
-5.999461358
-5.80440751
-5.619955277
-5.450490367
-5.289851275
-5.169726489
-5.053611682
-4.95058555
-4.86904431
-4.771801354
-4.651555827
-4.514195122
-4.356404233
-4.214224309
-4.047112615
-3.834400464
-3.603438125
-3.399680411
-3.219354776
-3.047285313
-2.911118893
-2.810983866
-2.733249983
-2.661587465
-2.628105101
-2.623041327
-2.59359356
-2.559871068
-2.533027596
-2.461312162
-2.364479878
-2.263155907
-2.155459631
-2.01543806
-1.853108043
-1.707629559
-1.529015432
-1.329950883
-1.179490845
-1.054664531
-0.931003324
-0.786633642
-0.655533097
-0.522936098
-0.347247406
-0.208103433
-0.113447778
-0.007322412
0.102483563
0.196677199
0.291603501
0.422769624
0.573161476
0.725883604
0.888181815
1.068270795
1.256071028
1.392122278
1.53861871
1.672162518
1.781435462
1.861131845
1.935038962
1.973524984
1.989868331
1.989868331
1.997783011
2.026646836
2.057073975
2.104502977
2.167336006
2.230306146
2.343317249
2.482285386
2.609684894
2.734875208
2.871076199
3.024292244
3.156493258
3.294514245
3.402564278
3.473483926
3.519646685
3.559919302
3.600292725
3.624379164
3.643808555
3.689178084
3.766452573
3.872161949
4.014857026
4.13549613
4.226877931
4.29921776
4.359862267
4.390742021
4.418235791
4.452047971
4.490424708
4.533953296
4.564949226
4.616499649
4.641432308
4.652497084
4.665908681
4.689311838
4.710310553
4.73111005
4.768760583
4.791309156
4.813577953
4.851234746
4.88772857
4.9133833
4.933328125
4.958990379
4.994343738
5.03542081
5.107329014
5.186133219
5.268953574
5.365525399
5.485675353
5.588815792
5.670822114
5.742031908
5.778161051
5.809654512
5.835994697
5.87669582
5.91796365
5.979881817
6.05159214
6.11706681
6.168173049
6.219842763
6.265810264
6.319951831
6.359120621
6.398879017
6.419034881
6.446839547
6.471615964
6.511422284
6.546063271
6.576072324
6.5962617
6.616454223
6.642368635
6.689022216
6.724740712
6.761003903
6.801401821
6.843425941
6.889573688
6.945595172
6.986575895
7.022389024
7.047830931
7.062875626
7.062849492
7.078433842
7.093487619
7.119475009
7.134012449
7.153760212
7.182870182
7.223447872
7.262475091
7.296834451
7.312973838
7.317657242
7.311927012
7.322860205
7.33327498
7.353070244
7.36766373
7.383821009
7.400500581
7.426566567
7.440670955
7.481869123
7.519403165
7.535571573
7.540288592
7.556460144
7.585698857
7.591430066
7.607595051
7.625300349
7.640962968
7.660307355
7.696325447
7.743301357
7.785064395
7.793516814
7.807689168
7.839044858
7.879841385
7.908700125
7.952230405
7.998284436
8.01874139
8.013111218
8.002734683
7.995341734
7.980728841
7.957734003
7.946686058
7.934637666
7.922092589
7.899165097
7.878817047
7.863692246
7.869889359
7.875029909
7.878629776
7.882745402
7.891599317
7.890540724
7.88225025
7.85641292
7.832095273
7.801576287
7.788141591
7.762850552
7.742778942
7.742323426
7.734656695
7.716144415
7.708016387
7.690533729
7.695284612
7.698981117
7.70114436
7.691891788
7.685781258
7.680200249
7.68912895
7.699066747
7.708053523
7.692748666
7.634508618
7.58561791
7.522220078
7.464516976
7.401606827
7.343305135
7.301065322
7.248462979
7.178750405
7.082904228
6.984566176
6.903902468
6.845036156
6.784947469
6.735718175
6.718538059
6.668711225
6.544770172
6.376691803
6.206270685
6.072451784
5.953279854
5.901379368
5.867905461
5.827505785
5.772844998
5.726426141
5.667840315
5.624721233
5.60356095
5.582313098
5.566220498
5.557165477
5.540626186
5.518750986
5.512966965
5.514226673
5.492981424
5.472368264
5.423459417
5.37517985
5.328174568
5.264441209
5.206503601
5.153819726
5.106838562
5.067754485
5.048257227
5.07441727
5.133128346
5.217316532
5.292987091
5.34260166
5.375806412
5.376134365
5.371732622
5.355623669
5.35046889
5.360466278
5.394112907
5.431117946
5.464800991
5.490515346
5.521505283
5.557135063
5.592136861
5.621874734
5.642339867
5.658166287
5.635958917
5.63834687
5.644351618
5.652563756
5.669323428
5.709303487
5.784170487
5.855061046
5.897889199
5.907083472
5.889431506
5.866608329
5.826502259
5.759135211
5.704510454
5.65298777
5.595493
5.53149954
5.438338871
5.316579767
5.194669255
5.06795601
4.956782134
4.827889232
4.719017113
4.650620541
4.591877476
4.551970619
4.531072104
4.498271018
4.441174017
4.32719411
4.156263088
4.047314611
3.982975814
3.923822208
3.869130418
3.808938864
3.732881676
3.692822313
3.670641405
3.671370715
3.665460693
3.607072841
3.541229667
3.47390088
3.387296979
3.277663537
3.182814815
3.097540273
3.021071054
2.952017974
2.882931066
2.795948484
2.695441002
2.55660853
2.449071683
2.349847426
2.248166138
2.141803343
2.06074061
2.002200523
1.972207503
1.948206592
1.919626757
1.891042241
1.846240219
1.790855133
1.736771309
1.644899174
1.539479418
1.41136263
1.269464723
1.106293594
0.949108251
0.802353415
0.623599039
0.408593154
0.210783778
0.057398713
-0.109329142
-0.286091487
-0.422073851
-0.523922445
-0.58635193
-0.646084338
-0.685804338
-0.752978952
-0.843104759
-0.950054813
-1.070989156
-1.205966485
-1.368539639
-1.55088563
-1.758071214
-1.992135599
-2.191758647
-2.364253161
-2.551617377
-2.739777423
-2.871599892
-2.999949064
-3.107991724
-3.199156592
-3.284917281
-3.375176056
-3.475406618
-3.563181515
-3.67555818
-3.805504227
-3.968088304
-4.13508924
-4.292215619
-4.436625333
-4.526160636
-4.546419546
-4.558452938
-4.561653836
-4.536363301
-4.529501681
-4.561644682
-4.603259891
-4.589840776
-4.460367739
-4.29788276
-4.139236393
-4.010289551
-3.896011394
-3.851045969
-3.927089132
-4.138648192
-4.403297018
-4.611550548
-4.688239205
-4.696944825
-4.731452047
-4.822030329
-4.978245669
-5.206659385
-5.36091615
-5.291870426
-5.054337569
-4.768929359
-4.502961779
-4.282771932
-4.161789176
-4.165968777
-4.259271576
-4.380414278
-4.406041641
-4.39714829
-4.444137344
-4.654056217
-4.897371182
-5.124955631
-5.235942039
-5.217771829
-5.005912563
-4.748896494
-4.637304245
-4.77619962
-5.160785383
-5.528173504
-5.688724537
-5.716373365
-5.638126187
-5.357669136
-5.010614732
-4.845146525
-4.836216405
-4.993289859
-5.189649181
-5.379166827
-5.52794537
-5.586251192
-5.569165138
-5.485300147
-5.442718114
-5.403185975
-5.361933403
-5.33380826
-5.363578953
-5.434246864
-5.507757946
-5.569460271
-5.642455041
-5.760413716
-5.926238865
-6.057415692
-6.109042103
-6.155265541
-6.206962077
-6.192211781
-6.111621895
-6.005559302
-5.92504147
-5.863404291
-5.85065971
-5.887398494
-5.902589949
-5.896277649
-5.87869929
-5.856578435
-5.835106941
-5.850807099
-5.910959749
-5.928303776
-5.903573227
-5.887179027
-5.888898862
-5.886102709
-5.885072499
-5.922019185
-5.98618021
-6.061310151
-6.142851505
-6.228755797
-6.296454009
-6.280222342
-6.185663683
-6.065821242
-5.902492247
-5.715814319
-5.580587068
-5.541067882
-5.543316433
-5.527832544
-5.490503648
-5.470025746
-5.450163536
-5.44076129
-5.448214488
-5.461086048
-5.506544557
-5.535699904
-5.515466717
-5.462827567
-5.427308393
-5.397785383
-5.409698702
-5.499855398
-5.616121318
-5.693678692
-5.740565786
-5.835456398
-5.909886366
-5.921759631
-5.910305844
-5.924155937
-5.947580728
-5.942275859
-5.945471404
-5.968866142
-5.976308444
-5.964589235
-5.95711115
-5.977123489
-5.997217947
-6.018359228
-6.044844807
-6.051214555
-6.061922754
-6.061922754
-6.064069858
-6.083254829
-6.100297373
-6.098105461
-6.131059997
-6.152343759
-6.153419253
-6.163025119
-6.188658404
-6.231538342
-6.267789756
-6.304034363
-6.37594328
-6.412648145
-6.421305752
-6.448149138
-6.501828764
-6.566317841
-6.675703069
-6.776614622
-6.828260343
-6.877754547
-6.956019951
-7.019167857
-7.038440878
-7.038440878
-7.052416784
-7.088932703
-7.127637078
-7.153477249
-7.164254433
-7.176138126
-7.199751751
-7.229691136
-7.27780402
-7.331242335
-7.389995358
-7.450912885
-7.517136783
-7.588421844
-7.650010463
-7.708409919
-7.794635506
-7.845587052
-7.89093799
-7.937583131
-7.988474365
-8.039267559
-8.094067342
-8.157206743
-8.202459406
-8.231777967
-8.290575259
-8.362083279
-8.446974961
-8.540059043
-8.633135497
-8.68513892
-8.75680832
-8.843729944
-8.908181933
-8.962090902
-9.032050373
-9.127893201
-9.206485457
-9.302526589
-9.403789212
-9.462876081
-9.514193764
-9.582554052
-9.627593648
-9.652161112
-9.653166835
-9.675799093
-9.713299234
-9.790842481
-9.846116268
-9.900757934
-9.944873835
-9.96836599
-9.950508691
-9.927428351
-9.906168061
-9.902056976
-9.904423272
-9.897945023
-9.888536355
-9.889148979
-9.916402496
-9.954930552
-9.959691081
-9.933763127
-9.907840155
-9.916712303
-9.938044037
-9.978334156
-10.04054134
-10.06842092
-10.07202786
-10.09449925
-10.11224375
-10.11874553
-10.1234686
-10.15184681
-10.18552978
-10.20916066
-10.236921
-10.27293662
-10.29537758
-10.3172258
-10.35321099
-10.40215765
-10.42689101
-10.4421874
-10.46752251
-10.47163925
-10.47163925
-10.45043098
-10.48168426
-10.52353256
-10.54710222
-10.55358692
-10.55477263
-10.57066824
-10.56825942
-10.5728699
-10.59520075
-10.59567784
-10.58975346
-10.61389559
-10.63451419
-10.63451419
-10.63569587
-10.63805904
-10.63924052
-10.64396581
-10.65220529
-10.66046717
-10.66282711
-10.6510065
-10.66869472
-10.6787348
-10.6787348
-10.65626244
-10.66036026
-10.67746037
-10.68334488
-10.69334366
-10.69452016
-10.6956966
-10.69922551
-10.71220396
-10.71220396
-10.70687027
-10.71157426
-10.69674337
-10.68425664
-10.68713216
-10.69946257
-10.69341722
-10.69443722
-10.7078598
-10.72305411
-10.7335666
-10.74407364
-10.75457521
-10.73778163
-10.73216014
-10.74611823
-10.77154046
-10.77270353
-10.76079248
-10.76427973
-10.76660423
-10.76660423
-10.76660423
-10.76006654
-10.76536544
-10.76115142
-10.75693654
-10.76390299
-10.76970648
-10.7720274
-10.77136849
-10.77600819
-10.78528429
-10.77914763
-10.7818657
-10.79343816
-10.80731613
-10.80885392
-10.80498595
-10.81006862
-10.83781688
-10.83897072
-10.81510996
-10.79057775
-10.7700936
-10.77158327
-10.77847986
-10.75994297
-10.73172822
-10.70923889
-10.70099957
-10.68702903
-10.64400385
-10.59149224
-10.54200183
-10.50312946
-10.47648721
-10.47130593
-10.44112046
-10.34669767
-10.26947442
-10.23689496
-10.22603362
-10.21404911
-10.21629386
-10.22190453
-10.21759306
-10.19809829
-10.20929761
-10.2019308
-10.18477222
-10.201505
-10.24745423
-10.24968546
-10.25611629
-10.25709423
-10.2361395
-10.23600148
-10.24551428
-10.26453599
-10.27207721
-10.27764934
-10.28210578
-10.27887783
-10.26782172
-10.27758411
-10.27980892
-10.23493374
-10.20542439
-10.21082222
-10.19849584
-10.16004999
-10.13053766
-10.1152594
-10.10212976
-10.06931144
-10.03760257
-10.00373828
-9.979542581
-9.952233077
-9.918360648
-9.884328417
-9.855597155
-9.809691838
-9.780183958
-9.756143728
-9.744085992
-9.757909625
-9.761465319
-9.765011809
-9.736227148
-9.709940333
-9.708688079
-9.707435706
-9.720021459
-9.695348334
-9.626523916
-9.546778106
-9.529165263
-9.533212861
-9.537438616
-9.53850914
-9.54487563
-9.550171367
-9.548975911
-9.554324811
-9.518246441
-9.467831764
-9.438307454
-9.392510937
-9.333653753
-9.285225915
-9.280552384
-9.282584323
-9.268073548
-9.268073548
-9.268073548
-9.266809556
-9.23286471
-9.233525352
-9.226794247
-9.207192645
-9.181061862
-9.183001336
-9.181396873
-9.13763593
-9.067805859
-8.965440519
-8.839410516
-8.713519894
-8.62648252
-8.580411088
-8.553921238
-8.555640887
-8.540153529
-8.507476233
-8.448825966
-8.384877028
-8.298288996
-8.21077193
-8.147130902
-8.114815393
-8.110377527
-8.118861604
-8.123102928
-8.123102928
-8.135824046
-8.142088688
-8.143101197
-8.143101197
-8.14936559
-8.153604692
-8.155629741
-8.157456337
-8.169982766
-8.199270513
-8.214625993
-8.23321591
-8.245542364
-8.249585251
-8.239677968
-8.244726854
-8.257244678
-8.264512754
-8.254597966
-8.237202321
-8.24245099
-8.244460598
-8.22059424
-8.205214377
-8.172463019
-8.111669742
-8.024095736
-7.876756493
-7.710273585
-7.574645982
-7.467330035
-7.358143739
-7.261883879
-7.190159969
-7.127038385
-7.080048458
-7.041625815
-7.005337526
-6.969820851
-6.927720249
-6.875183097
-6.810116819
-6.756498794
-6.709304428
-6.626437148
-6.530864068
-6.46813578
-6.398132631
-6.30909732
-6.213776469
-6.125812641
-6.017023241
-5.921937844
-5.845924876
-5.769039828
-5.670080141
-5.577305559
-5.492935502
-5.385385716
-5.290508078
-5.203981803
-5.102181016
-4.984768616
-4.878748778
-4.818573955
-4.752165629
-4.690144763
-4.651596251
-4.632770017
-4.586499347
-4.506432414
-4.44650847
-4.374293051
-4.264154071
-4.138150391
-4.001171575
-3.847786553
-3.672150671
-3.543195724
-3.435116572
-3.340336889
-3.245850088
-3.166516339
-3.070760797
-2.953915199
-2.891565462
-2.866945186
-2.833479303
-2.790302329
-2.75951654
-2.692181728
-2.57842622
-2.459129796
-2.341511408
-2.213235748
-2.087524869
-1.983761363
-1.912781025
-1.844765987
-1.740621906
-1.624116452
-1.477031137
-1.349240663
-1.264239089
-1.190849063
-1.119300809
-1.041642816
-1.00417711
-0.972041293
-0.920023335
-0.837946639
-0.768848353
-0.698200422
-0.625126226
-0.567051196
-0.506305673
-0.416971046
-0.287966113
-0.161299538
-0.078880886
0.008122118
0.061131515
0.103702236
0.141054602
0.171781042
0.19896652
0.221667703
0.238295447
0.248851592
0.255574866
0.28424724
0.319727839
0.367330057
0.4246343
0.505331501
0.576905516
0.658937497
0.719860806
0.777520281
0.857121484
0.895321055
0.926751935
0.987528072
1.055792383
1.094800118
1.118008256
1.142082106
1.157879349
1.16836312
1.190774407
1.232721127
1.284452402
1.327144515
1.380344478
1.449436882
1.512521409
1.564405779
1.629122688
1.703706271
1.769902665
1.807525619
1.851061839
1.898406411
1.934537453
1.966866363
1.994634738
2.020640936
2.040678783
2.053305595
2.083164417
2.136950305
2.215410525
2.297071641
2.379450192
2.433986961
2.458613751
2.469820361
2.483091849
2.48515686
2.485845275
2.487910756
2.495234494
2.497300318
2.498677729
2.504188907
2.511081449
2.515218825
2.523231905
2.525301246
2.52737091
2.53400415
2.539257583
2.549075417
2.555708289
2.56619071
2.561600524
2.577364043
2.583283811
2.618672564
2.661396075
2.714668791
2.772530486
2.840238314
2.913927905
2.970498415
2.996158485
3.003466677
3.014683246
3.023173369
3.048843016
3.042878095
3.037599599
3.031641826
3.0389444
3.04283075
3.036852844
3.045331874
3.085485902
3.141509991
3.202160403
3.231820803
3.242387183
3.254308342
3.249030722
3.246332877
3.251501161
3.262080004
3.256807171
3.234332596
3.209976184
3.182924249
3.165747759
3.158453785
3.163106139
3.182418957
3.186551229
3.153539567
3.137066305
3.146344165
3.139790889
3.12792927
3.126635362
3.165072418
3.181027895
3.185071205
3.194339943
3.172592397
3.118504044
3.069717196
3.054635204
3.05009339
3.050789557
3.05148576
3.049004516
3.052488105
3.059212214
3.073117497
3.100309497
3.107036722
3.10912552
3.112607553
3.117943163
3.13844283
3.143122727
3.137321359
3.105839746
3.063106898
2.991935739
2.94466324
2.909769621
2.902624434
2.90140043
2.937886322
2.988840803
3.037750833
3.091953175
3.142335899
3.189478118
3.208811815
3.200972253
3.189863627
3.162855917
3.135848499
3.092355693
3.033087042
2.977654634
2.920783546
2.852659641
2.804616663
2.749876139
2.694338891
2.666601584
2.650832516
2.628350127
2.601270149
2.563679368
2.531416714
2.487176202
2.43301587
2.361539206
2.292285974
2.216295884
2.127470269
2.031587507
1.96211934
1.913124808
1.845187694
1.77262928
1.697945674
1.647568761
1.582248468
1.505583902
1.440177274
1.354336549
1.254977931
1.180559121
1.137061973
1.108666615
1.095359041
1.093314011
1.088881343
1.078423447
1.045455853
1.014888722
0.971470857
0.91679788
0.86654174
0.823837047
0.760760871
0.714177544
0.675794976
0.643548422
0.612941143
0.579979464
0.521337035
0.467193643
0.403339102
0.313929833
0.212336081
0.100681372
-0.018081379
-0.125360844
-0.186067593
-0.240077727
-0.288021882
-0.342888755
-0.375960804
-0.396146146
-0.421645655
-0.46535043
-0.517088824
-0.587034597
-0.650903504
-0.719968551
-0.801184593
-0.908629992
-1.026581469
-1.127924359
-1.257142983
-1.374947457
-1.476136669
-1.583654385
-1.678162748
-1.755082226
-1.798673659
-1.837077714
-1.875483617
-1.913646671
-1.96922339
-2.03185089
-2.077068207
-2.114302684
-2.148219926
-2.182140284
-2.209001733
-2.210298488
-2.189848144
-2.19159415
-2.203839467
-2.209962648
-2.214205874
-2.230561808
-2.275655221
-2.360135112
-2.478714767
-2.587654746
-2.680139718
-2.765840178
-2.856895076
-2.925026017
-2.983641539
-3.044231192
-3.11003205
-3.196326888
-3.280864225
-3.374143207
-3.466955063
-3.572067276
-3.671087587
-3.765005252
-3.85714025
-3.967106698
-4.044073145
-4.102026244
-4.154817984
-4.181737578
-4.207643759
-4.26585495
-4.337957632
-4.4268832
-4.524157484
-4.62398839
-4.69893703
-4.767703147
-4.838618891
-4.901248944
-4.948397823
-4.99557296
-5.063959114
-5.133146153
-5.203286971
-5.273474599
-5.370080544
-5.452392366
-5.473412085
-5.483971963
-5.493609933
-5.518169716
-5.571143959
-5.622936169
-5.630312579
-5.60045886
-5.538294604
