11.0213
11.0253
11.0292
11.0240
11.0146
11.0102
10.9971
10.9833
10.9773
10.9756
10.9784
10.9900
10.9977
11.0015
11.0093
11.0093
11.0170
11.0324
11.0283
11.0322
11.0282
11.0282
11.0238
11.0109
10.9941
11.0019
10.9935
10.9924
10.9871
10.9785
10.9615
10.9110
10.8312
10.7633
10.7365
10.7276
10.7276
10.7276
10.7276
10.7276
10.7274
10.7234
10.7267
10.7415
10.7517
10.7419
10.7143
10.6938
10.6902
10.6963
10.7116
10.7193
10.7193
10.7193
10.7231
10.7347
10.7386
10.7386
10.7424
10.7502
10.7616
10.7808
10.8117
10.8457
10.9033
10.9837
11.0838
11.1802
11.2723
11.3333
11.3579
11.3661
11.3474
11.3084
11.2871
11.2744
11.2566
11.2097
11.1567
11.0901
11.0119
10.9337
10.8604
10.8081
10.7826
10.7785
10.7785
10.7785
10.7623
10.7502
10.7462
10.7462
10.7462
10.7422
10.7422
10.7171
10.6746
10.5935
10.4954
10.3802
10.2780
10.1752
10.0809
10.0039
9.9643
9.9386
9.9425
9.9463
9.9580
9.9696
9.9993
10.0194
10.0452
10.0542
10.0542
10.0472
10.0497
10.0562
10.0958
10.1479
10.1754
10.1513
10.0992
10.0071
9.9171
9.8389
9.7761
9.7139
9.6576
9.6057
9.5840
9.5840
9.5840
9.5754
9.5283
9.4641
9.3953
9.3014
9.2492
9.2471
9.2660
9.3006
9.3474
9.3940
9.4492
9.4881
9.5135
9.5382
9.5624
9.5627
9.5546
9.5315
9.5214
9.5218
9.5078
9.4736
9.4468
9.4352
9.4159
9.4036
9.3914
9.3682
9.3489
9.3366
9.3161
9.2680
9.1527
8.9496
8.6965
8.4079
8.0999
7.7786
7.4841
7.2652
7.1244
7.0716
7.0683
7.0822
7.0868
7.0975
7.1319
7.1875
7.2706
7.3365
7.3503
7.3127
7.2187
7.0770
6.9508
6.8261
6.7356
6.6646
6.6172
6.5849
6.5771
6.5771
6.5771
6.5633
6.5237
6.4573
6.4054
6.3599
6.3352
6.3066
6.2826
6.2672
6.2611
6.2625
6.2701
6.2739
6.2725
6.2439
6.2206
6.2113
6.2066
6.2003
6.1969
6.1888
6.1676
6.1316
6.1111
6.0961
6.0821
6.0681
6.0440
6.0067
5.9600
5.8977
5.8341
5.7651
5.7228
5.6899
5.6787
5.6703
5.6640
5.6746
5.6842
5.6950
5.6706
5.6140
5.5573
5.4863
5.4105
5.3085
5.2212
5.1511
5.0915
5.0502
5.0216
5.0025
4.9929
4.9929
4.9834
4.9595
4.9355
4.9212
4.8925
4.8589
4.8350
4.7975
4.7521
4.6989
4.6438
4.5876
4.5363
4.4928
4.4443
4.3870
4.3431
4.3302
4.3143
4.2935
4.2787
4.2669
4.2572
4.2456
4.2242
4.1805
4.1093
4.0343
3.9688
3.8992
3.8354
3.7784
3.7243
3.6614
3.5741
3.4986
3.4350
3.3878
3.3444
3.3142
3.2996
3.2639
3.2093
3.1617
3.1220
3.0921
3.0672
3.0167
2.9779
2.9430
2.9081
2.8753
2.8475
2.8233
2.7911
2.7632
2.7200
2.6837
2.6659
2.6431
2.6292
2.6292
2.6114
2.5736
2.5357
2.4978
2.4432
2.3697
2.2960
2.1945
2.0738
1.9542
1.8609
1.7963
1.7145
1.6251
1.5369
1.4595
1.3927
1.3735
1.3621
1.3621
1.3400
1.3012
1.2624
1.1967
1.1105
0.9930
0.8488
0.6955
0.5438
0.3923
0.2383
0.0830
-0.0352
-0.0976
-0.1103
-0.1090
-0.1077
-0.1152
-0.1190
-0.1190
-0.1088
-0.0911
-0.0848
-0.0887
-0.0963
-0.0963
-0.1204
-0.1596
-0.2052
-0.2522
-0.3042
-0.3830
-0.4706
-0.5518
-0.6357
-0.7312
-0.8230
-0.9250
-1.0358
-1.1505
-1.2718
-1.4036
-1.5639
-1.7332
-1.8901
-2.0188
-2.1231
-2.2081
-2.2610
-2.2804
-2.2842
-2.2879
-2.2917
-2.2954
-2.3143
-2.3369
-2.3421
-2.3548
-2.3883
-2.4436
-2.5205
-2.6318
-2.7798
-2.9460
-3.0898
-3.1917
-3.2523
-3.2651
-3.2800
-3.3122
-3.3496
-3.3795
-3.4131
-3.4691
-3.5250
-3.5592
-3.5658
-3.5643
-3.5643
-3.5703
-3.5852
-3.5889
-3.5926
-3.6060
-3.6565
-3.7197
-3.7531
-3.7679
-3.7754
-3.7939
-3.8235
-3.8642
-3.9079
-3.9621
-3.9947
-4.0332
-4.0963
-4.1752
-4.2519
-4.3372
-4.4488
-4.5971
-4.7574
-4.9554
-5.1770
-5.3887
-5.5582
-5.7454
-5.8771
-6.0038
-6.0948
-6.1609
-6.1878
-6.1968
-6.2185
-6.2476
-6.2764
-6.3213
-6.3467
-6.3684
-6.3974
-6.4264
-6.4553
-6.4806
-6.4968
-6.5075
-6.5307
-6.5596
-6.6246
-6.7290
-6.8889
-7.0482
-7.2072
-7.3444
-7.4515
-7.5175
-7.5443
-7.5657
-7.5711
-7.5711
-7.5817
-7.6209
-7.6744
-7.7314
-7.7815
-7.8495
-7.9389
-8.0267
-8.1109
-8.1879
-8.2470
-8.2989
-8.3293
-8.3527
-8.3670
-8.3920
-8.4332
-8.4690
-8.5209
-8.6014
-8.7160
-8.8322
-8.9611
-9.0755
-9.1435
-9.1775
-9.1775
-9.1775
-9.1775
-9.1775
-9.1829
-9.2099
-9.2676
-9.3647
-9.4904
-9.6467
-9.7996
-9.9433
-10.0566
-10.1629
-10.2496
-10.3347
-10.3909
-10.4197
-10.4342
-10.4377
-10.4593
-10.5008
-10.5679
-10.6254
-10.6525
-10.6669
-10.6724
-10.6793
-10.6883
-10.7082
-10.7517
-10.8023
-10.8548
-10.9183
-10.9874
-11.0634
-11.1415
-11.2015
-11.2215
-11.2271
-11.2637
-11.3269
-11.3701
-11.4073
-11.4627
-11.5139
-11.5778
-11.6694
-11.7977
-11.9370
-12.0910
-12.2129
-12.3186
-12.3830
-12.4112
-12.4281
-12.4485
-12.4761
-12.5311
-12.5964
-12.6650
-12.7335
-12.8403
-12.9763
-13.0986
-13.2314
-13.3684
-13.5322
-13.7020
-13.8580
-13.9825
-14.0690
-14.1354
-14.1840
-14.2245
-14.2492
-14.2672
-14.3108
-14.3691
-14.4386
-14.5126
-14.5823
-14.6576
-14.7329
-14.8026
-14.8814
-14.9782
-15.0896
-15.2214
-15.3440
-15.4341
-15.4826
-15.5051
-15.5154
-15.5325
-15.5642
-15.6184
-15.6715
-15.7123
-15.7560
-15.7963
-15.8354
-15.8893
-15.9588
-16.0542
-16.1576
-16.2688
-16.3778
-16.4674
-16.5153
-16.5385
-16.5418
-16.5485
-16.5551
-16.5717
-16.5819
-16.5954
-16.6121
-16.6172
-16.6423
-16.6747
-16.7043
-16.7571
-16.8363
-16.9255
-17.0246
-17.1296
-17.2408
-17.3645
-17.4818
-17.5987
-17.7089
-17.7995
-17.8770
-17.9318
-17.9672
-17.9833
-17.9865
-17.9865
-17.9865
-17.9841
-17.9841
-17.9841
-17.9905
-18.0003
-18.0199
-18.0427
-18.0685
-18.0912
-18.1076
-18.1238
-18.1302
-18.1334
-18.1366
-18.1366
-18.1494
-18.1592
-18.1689
-18.1753
-18.1851
-18.2049
-18.2497
-18.2889
-18.3184
-18.3475
-18.3700
-18.3795
-18.3853
-18.3853
-18.3917
-18.3949
-18.3949
-18.3981
-18.4071
-18.4200
-18.4265
-18.4265
-18.4387
-18.4612
-18.4931
-18.5416
-18.6028
-18.6667
-18.7301
-18.8087
-18.8936
-18.9881
-19.0950
-19.2079
-19.3206
-19.4298
-19.5294
-19.6164
-19.6846
-19.7341
-19.7619
-19.7593
-19.7593
-19.7593
-19.7593
-19.7624
-19.7624
-19.7624
-19.7624
-19.7624
-19.7624
-19.7624
-19.7624
-19.7624
-19.7660
-19.7754
-19.7817
-19.7818
-19.7818
-19.7819
-19.7851
-19.7916
-19.8041
-19.8106
-19.8170
-19.8294
-19.8420
-19.8609
-19.8800
-19.9022
-19.9243
-19.9464
-19.9623
-19.9781
-19.9875
-19.9907
-19.9909
-19.9970
-20.0001
-20.0002
-20.0034
-20.0128
-20.0253
-20.0412
-20.0543
-20.0444
-20.0095
-19.9498
-19.8870
-19.8744
-19.8775
-19.8775
-19.8888
-19.8888
-19.8918
-19.8918
-19.8918
-19.8918
-19.8918
-19.8918
-19.8918
-19.8918
-19.8918
-19.8918
-19.9010
-19.9073
-19.9253
-19.9317
-19.9443
-19.9632
-19.9882
-20.0132
-20.0351
-20.0541
-20.0791
-20.1010
-20.1167
-20.1261
-20.1262
-20.1262
-20.1233
-20.1233
-20.1263
-20.1325
-20.1387
-20.1388
-20.1449
-20.1422
-20.1396
-20.1367
-20.1428
-20.1491
-20.1585
-20.1742
-20.1929
-20.2149
-20.2401
-20.2595
-20.2755
-20.2825
-20.2956
-20.3057
-20.3130
-20.3055
-20.3005
-20.2981
-20.2981
-20.3012
-20.3136
-20.3261
-20.3391
-20.3239
-20.2917
-20.2425
-20.1764
-20.1129
-20.0720
-20.0426
-20.0415
-20.0342
-20.0438
-20.0590
-20.0772
-20.0955
-20.1168
-20.1353
-20.1599
-20.1935
-20.2182
-20.2459
-20.2797
-20.3280
-20.3644
-20.3925
-20.4147
-20.4084
-20.4045
-20.4087
-20.4210
-20.4246
-20.4223
-20.4054
-20.3857
-20.3689
-20.3409
-20.2988
-20.2146
-20.1135
-19.9903
-19.8383
-19.6872
-19.5446
-19.4191
-19.3358
-19.2952
-19.3001
-19.3159
-19.3267
-19.3377
-19.3371
-19.3242
-19.3278
-19.3338
-19.3398
-19.3402
-19.3402
-19.3402
-19.3433
-19.3493
-19.3494
-19.3525
-19.3555
-19.3501
-19.3531
-19.3531
-19.3476
-19.3311
-19.3231
-19.3151
-19.2961
-19.2545
-19.2154
-19.1598
-19.1207
-19.1128
-19.1048
-19.0969
-19.0949
-19.0901
-19.0656
-19.0497
-19.0253
-18.9955
-18.9692
-18.9290
-18.8943
-18.8347
-18.7585
-18.6625
-18.5475
-18.4293
-18.3057
-18.2041
-18.1363
-18.0735
-18.0324
-18.0300
-18.0331
-18.0421
-18.0391
-18.0361
-18.0391
-18.0391
-18.0337
-18.0228
-18.0120
-17.9903
-17.9771
-17.9531
-17.9072
-17.8584
-17.8071
-17.7722
-17.7432
-17.7311
-17.7274
-17.7321
-17.7422
-17.7306
-17.6973
-17.6478
-17.5859
-17.5049
-17.4318
-17.3665
-17.2989
-17.2450
-17.1775
-17.1045
-17.0377
-16.9678
-16.8951
-16.8219
-16.7677
-16.7219
-16.6951
-16.6684
-16.6440
-16.6227
-16.5983
-16.5639
-16.5146
-16.4683
-16.4167
-16.3544
-16.2891
-16.2080
-16.1208
-16.0178
-15.9096
-15.8233
-15.7371
-15.6502
-15.5694
-15.4969
-15.4403
-15.3942
-15.3866
-15.3873
-15.3872
-15.3932
-15.3992
-15.4052
-15.4051
-15.4051
-15.4028
-15.4005
-15.3794
-15.3417
-15.2958
-15.2634
-15.2499
-15.2446
-15.2393
-15.2363
-15.2257
-15.1934
-15.1445
-15.0768
-14.9904
-14.8874
-14.7846
-14.6818
-14.5738
-14.4598
-14.3572
-14.2680
-14.1924
-14.1115
-14.0359
-13.9686
-13.9117
-13.8415
-13.7856
-13.7402
-13.7103
-13.7020
-13.7020
-13.7020
-13.6990
-13.6990
-13.6990
-13.6990
-13.6990
-13.6928
-13.6744
-13.6652
-13.6591
-13.6437
-13.6407
-13.6253
-13.5946
-13.5300
-13.4469
-13.4008
-13.3915
-13.3885
-13.3885
-13.3885
-13.3854
-13.3823
-13.3823
-13.3709
-13.3440
-13.3099
-13.2603
-13.1983
-13.1384
-13.0682
-12.9867
-12.9030
-12.7978
-12.6802
-12.5698
-12.4563
-12.3160
-12.1459
-11.9644
-11.7732
-11.5854
-11.4098
-11.2591
-11.1648
-11.1167
-11.1167
-11.1167
-11.1167
-11.1167
-11.1198
-11.1198
-11.1198
-11.1230
-11.1179
-11.1179
-11.0977
-11.0553
-10.9946
-10.9390
-10.8987
-10.8634
-10.8212
-10.7777
-10.7475
-10.7173
-10.6771
-10.6250
-10.5598
-10.5097
-10.4696
-10.4427
-10.4277
-10.4077
-10.3909
-10.3709
-10.3509
-10.3309
-10.3110
-10.3010
-10.2897
-10.2897
-10.2879
-10.2829
-10.2530
-10.2181
-10.1819
-10.1670
-10.1539
-10.1439
-10.1340
-10.1340
-10.1128
-10.0847
-10.0418
-9.9777
-9.9011
-9.7715
-9.6055
-9.3889
-9.1643
-9.0016
-8.9254
-8.9222
-8.9254
-8.9303
-8.9303
-8.9303
-8.9303
-8.9303
-8.9352
-8.9384
-8.9352
-8.9352
-8.9401
-8.9306
-8.9307
-8.9356
-8.9440
-8.9547
-8.9299
-8.8968
-8.8619
-8.7983
-8.7220
-8.6503
-8.5648
-8.5150
-8.4892
-8.4892
-8.4892
-8.4843
-8.4696
-8.4254
-8.3618
-8.3079
-8.2754
-8.2510
-8.2216
-8.1988
-8.1939
-8.1890
-8.1792
-8.1597
-8.1338
-8.1013
-8.0672
-8.0283
-7.9716
-7.9327
-7.8825
-7.8420
-7.7984
-7.7661
-7.7371
-7.7177
-7.6919
-7.6451
-7.6032
-7.5550
-7.4858
-7.4102
-7.3395
-7.2704
-7.1900
-7.1143
-7.0179
-6.9119
-6.8011
-6.7064
-6.6183
-6.5526
-6.5044
-6.4788
-6.4661
-6.4468
-6.4340
-6.4051
-6.3635
-6.3205
-6.2727
-6.2279
-6.1830
-6.1288
-6.0760
-6.0439
-6.0137
-5.9882
-5.9613
-5.9264
-5.8882
-5.8552
-5.8297
-5.7996
-5.7648
-5.7361
-5.7060
-5.6777
-5.6477
-5.6285
-5.6252
-5.6173
-5.6046
-5.5823
-5.5632
-5.5491
-5.5000
-5.4257
-5.3683
-5.3424
-5.3330
-5.3076
-5.2183
-5.0767
-4.9012
-4.7457
-4.6071
-4.5209
-4.4747
-4.4417
-4.4219
-4.4040
-4.3841
-4.3643
-4.3322
-4.2841
-4.2314
-4.1706
-4.1065
-4.0425
-3.9851
-3.9118
-3.8144
-3.6964
-3.5579
-3.4167
-3.2877
-3.1761
-3.0951
-3.0454
-3.0176
-3.0130
-3.0130
-2.9945
-2.9747
-2.9516
-2.9423
-2.9444
-2.9451
-2.9358
-2.9312
-2.9173
-2.8758
-2.8158
-2.7537
-2.6951
-2.6353
-2.5665
-2.5023
-2.4611
-2.4245
-2.3879
-2.3422
-2.2966
-2.2692
-2.2522
-2.2352
-2.2091
-2.1818
-2.1772
-2.1727
-2.1694
-2.1705
-2.1763
-2.1992
-2.2233
-2.2055
-2.1447
-2.0681
-1.9868
-1.9125
-1.8417
-1.7640
-1.6659
-1.5631
-1.4592
-1.3846
-1.3135
-1.2559
-1.1835
-1.1088
-1.0487
-1.0182
-1.0035
-0.9831
-0.9740
-0.9615
-0.9387
-0.8934
-0.8196
-0.7199
-0.6057
-0.4825
-0.3765
-0.3090
-0.2641
-0.2147
-0.1699
-0.1475
-0.1238
-0.1059
-0.0778
-0.0496
-0.0147
0.0393
0.1044
0.1673
0.2179
0.2561
0.3009
0.3355
0.3468
0.3468
0.3468
0.3503
0.3607
0.3760
0.3983
0.4493
0.4978
0.5600
0.6634
0.7860
0.9322
1.0616
1.1747
1.2573
1.3239
1.3743
1.4250
1.4577
1.4771
1.4771
1.4744
1.5035
1.5448
1.6019
1.6762
1.7732
1.8955
2.0169
2.1329
2.2218
2.2889
2.3316
2.3586
2.3856
2.4117
2.4362
2.4597
2.4832
2.5067
2.5572
2.6190
2.6955
2.7721
2.8556
2.9375
3.0088
3.0549
3.0854
3.1088
3.1297
3.1461
3.1678
3.1929
3.2345
3.2769
3.3157
3.3545
3.3933
3.4407
3.4880
3.5266
3.5481
3.5567
3.5610
3.5687
3.5851
3.6057
3.6306
3.6512
3.6857
3.7210
3.7633
3.7892
3.8032
3.8235
3.8517
3.8730
3.8895
3.9100
3.9505
4.0541
4.2107
4.3697
4.5423
4.6691
4.7514
4.8228
4.8869
4.9475
5.0132
5.0783
5.1364
5.1880
5.2560
5.3290
5.3864
5.4282
5.4728
5.5081
5.5655
5.6108
5.6548
5.7079
5.7801
5.8793
5.9741
6.0791
6.1649
6.2381
6.3243
6.4249
6.5525
6.6772
6.8175
6.9525
7.0824
7.1917
7.2710
7.3175
7.3534
7.3642
7.3642
7.3642
7.3642
7.3642
7.3642
7.3642
7.3605
7.3609
7.3619
7.3619
7.3619
7.3738
7.3941
7.4133
7.4499
7.4967
7.5478
7.5892
7.6144
7.6469
7.6830
7.7130
7.7316
7.7569
7.7752
7.8285
7.8775
7.9258
7.9668
8.0101
8.0608
8.1198
8.1810
8.2333
8.2882
8.3441
8.4057
8.4710
8.5478
8.6441
8.7651
8.8837
8.9515
8.9807
8.9914
8.9950
8.9950
9.0023
9.0205
9.0496
9.1025
9.1640
9.2201
9.2711
9.3391
9.4265
9.5054
9.5752
9.6556
9.7511
9.8473
9.9470
10.0384
10.1301
10.2255
10.3033
10.3771
10.4359
10.4911
10.5316
10.5646
10.5978
10.6302
10.6630
10.6996
10.7398
10.7952
10.8432
10.8875
10.9393
10.9947
11.0506
11.1150
11.1787
11.2305
11.2713
11.3084
11.3343
11.3566
11.3677
11.3863
11.4086
11.4345
11.4680
11.5088
11.5645
11.6240
11.6831
11.7421
11.7888
11.8282
11.8876
11.9510
12.0181
12.0625
12.0959
12.1105
12.1018
12.0937
12.0932
12.0961
12.0998
12.1036
12.1145
12.1369
12.1705
12.2004
12.2300
12.2483
12.2707
12.2782
12.2776
12.2800
12.2936
12.3155
12.3413
12.3742
12.4181
12.4894
12.5332
12.5492
12.5616
12.5547
12.5640
12.5974
12.6312
12.6613
12.6717
12.6825
12.6863
12.6863
12.6860
12.6860
12.6860
12.7010
12.7198
12.7236
12.7272
12.7144
12.7136
12.7287
12.7201
12.6990
12.6893
12.6992
12.7046
12.7246
12.7409
12.7571
12.7779
12.7990
12.7965
12.7787
12.7619
12.7370
12.6874
12.6455
12.6246
12.6243
12.6315
12.6353
12.6353
12.6353
12.6230
12.6065
12.5653
12.5036
12.4015
12.3037
12.2172
12.1471
12.1182
12.1142
12.1218
12.1294
12.1129
12.1004
12.0923
12.0923
12.0961
12.0920
12.0911
12.0822
12.0807
12.0796
12.0889
12.1181
12.1475
12.1614
12.1626
12.1611
12.1485
12.1632
12.2040
12.2682
12.3213
12.3860
12.4607
12.5476
12.6307
12.6931
12.7296
12.7701
12.8043
12.8526
12.8772
12.8757
12.8505
12.8152
12.7962
12.7851
12.7852
12.7737
12.7496
12.7171
12.6795
12.6416
12.6086
12.5748
12.5356
12.4959
12.4913
12.5093
12.5824
12.6747
12.7463
12.8167
12.9189
12.9961
13.0762
13.1571
13.2456
13.3029
13.3538
13.3674
13.3487
13.3592
13.3901
13.4321
13.4607
13.4343
13.3733
13.2523
13.1013
12.9661
12.8680
12.7903
12.7290
12.6410
12.5517
12.4707
12.4138
12.3925
12.3873
12.3724
12.2809
12.0318
11.7217
11.4039
11.1733
11.0232
10.9420
10.8617
10.7496
10.6030
10.4166
10.1800
9.9235
9.7212
9.5454
9.3854
9.2493
9.1452
9.0692
8.9977
8.9382
8.8609
8.8123
8.7546
8.7218
8.7214
8.7361
8.7675
8.8254
8.8575
8.9164
8.9926
9.0556
9.0868
9.0748
9.0302
8.9214
8.7801
8.6747
8.6024
8.5986
8.5945
8.5821
8.5898
8.5822
8.5789
8.5796
8.5960
8.6156
8.6123
8.6130
8.5893
8.5322
8.4270
8.3023
8.1601
8.0505
7.9701
7.9304
7.9217
7.9389
8.0030
8.1020
8.1963
8.2982
8.3846
8.4317
8.4165
8.3704
8.3178
8.2918
8.2932
8.3250
8.3633
8.3776
8.3615
8.3454
8.3194
8.2763
8.2155
8.1501
8.0986
8.0650
8.0339
7.9913
7.9139
7.8569
7.8491
7.8634
7.8873
7.8873
7.8708
7.8424
7.8268
7.8229
7.8205
7.8172
7.8022
7.7380
7.6249
7.4788
7.3407
7.2068
7.1052
7.0403
7.0006
6.9800
6.9888
7.0300
7.0909
7.1824
7.2697
7.3687
7.4581
7.5379
7.5848
7.6035
7.6089
7.5891
7.5852
7.5812
7.5733
7.5583
7.5349
7.5155
7.5001
7.4731
7.4298
7.3819
7.3358
7.2896
7.2451
7.1837
7.1261
7.1032
7.0981
7.1215
7.1651
7.2000
7.2396
7.2489
7.2566
7.2736
7.2748
7.2730
7.2711
7.2686
7.2762
7.2813
7.2849
7.2831
7.2695
7.2077
7.1166
6.9679
6.7877
6.6556
6.5892
6.5892
6.5943
6.5525
6.4992
6.4190
6.3582
6.3183
6.2969
6.2782
6.2456
6.2058
6.1680
6.1499
6.1562
6.1841
6.2242
6.2613
6.2892
6.3022
6.3162
6.3184
6.3192
6.3337
6.3589
6.3811
6.4230
6.4626
6.4815
6.4741
6.4545
6.4378
6.4334
6.4323
6.4318
6.4316
6.4238
6.4160
6.4241
6.4367
6.4368
6.4475
6.4618
6.4877
6.5174
6.5397
6.5567
6.5826
6.6165
6.6461
6.6636
6.6724
6.6942
6.7320
6.7657
6.7954
6.8370
6.8748
6.8933
6.9155
6.9336
6.9711
7.0095
7.0476
7.0656
7.0799
7.0783
7.0225
6.9523
6.8629
6.7773
6.7064
6.6616
6.6124
6.5641
6.5223
6.4759
6.4488
6.4410
6.4410
6.4293
6.4293
6.4293
6.4252
6.4095
6.4002
6.3831
6.3582
6.3333
6.2973
6.2380
6.1657
6.1109
6.0662
6.0036
5.9413
5.9179
5.9140
5.9178
5.9139
5.9139
5.9100
5.9100
5.9137
5.9098
5.9098
5.9096
5.9209
5.9321
5.9345
5.9397
5.9581
5.9872
5.9814
5.9877
6.0062
6.0373
6.0885
6.1165
6.1176
6.0977
6.0548
6.0104
5.9480
5.8832
5.8051
5.7481
5.6957
5.6519
5.6104
5.5697
5.5439
5.5439
5.5431
5.5101
5.4629
5.4213
5.4166
5.4166
5.4024
5.3864
5.3541
5.3149
5.2833
5.2419
5.2132
5.2011
5.2082
5.2075
5.1961
5.1863
5.1703
5.1332
5.0761
5.0306
4.9922
4.9569
4.9177
4.8762
4.8347
4.7836
4.6924
4.5916
4.4805
4.3753
4.2767
4.2016
4.1347
4.0536
3.9632
3.8798
3.8060
3.7503
3.7100
3.6841
3.6630
3.6630
3.6630
3.6552
3.6359
3.6205
3.6050
3.5893
3.5428
3.4657
3.3961
3.3494
3.3145
3.2913
3.2875
3.2789
3.2789
3.2825
3.3046
3.3293
3.3699
3.4177
3.4766
3.5433
3.6024
3.6468
3.6800
3.7059
3.7172
3.7172
3.7133
3.6960
3.6654
3.6385
3.5724
3.4572
3.2978
3.0891
2.8676
2.6447
2.4388
2.2843
2.2004
2.1646
2.1597
2.1576
2.1566
2.1371
2.0981
2.0688
2.0590
2.0541
2.0297
1.9906
1.9525
1.9292
1.8971
1.8562
1.8240
1.7596
1.6690
1.5494
1.3962
1.2084
0.9638
0.7226
0.5073
0.3281
0.1976
0.1435
0.1435
0.1636
0.1686
0.1649
0.1500
0.1388
0.1140
0.0954
0.0843
0.0805
0.0692
0.0380
-0.0056
-0.0342
-0.0428
-0.0341
-0.0268
-0.0268
-0.0268
-0.0306
-0.0495
-0.0685
-0.1088
-0.1929
-0.3260
-0.4967
-0.6886
-0.8759
-1.0821
-1.2920
-1.4666
-1.5683
-1.6375
-1.6764
-1.6800
-1.6837
-1.6875
-1.6925
-1.7037
-1.7372
-1.8217
-1.9346
-2.0986
-2.2789
-2.4685
-2.6516
-2.8157
-2.9328
-3.0185
-3.0714
-3.1080
-3.1168
-3.1168
-3.1205
-3.1279
-3.1315
-3.1315
-3.1367
-3.1418
-3.1696
-3.1938
-3.2407
-3.3177
-3.4255
-3.5372
-3.6452
-3.7607
-3.8468
-3.9079
-3.9499
-3.9587
-3.9587
-3.9660
-3.9960
-4.0529
-4.1229
-4.1896
-4.2624
-4.3369
-4.4016
-4.4451
-4.4819
-4.5172
-4.5741
-4.6791
-4.8084
-4.9686
-5.1306
-5.2691
-5.3725
-5.4423
-5.4941
-5.5427
-5.5969
-5.6321
-5.6463
-5.6515
-5.6568
-5.6726
-5.7131
-5.7731
-5.8687
-5.9677
-6.0774
-6.1856
-6.2888
-6.3778
-6.4738
-6.5808
-6.7021
-6.8094
-6.8846
-6.9294
-6.9618
-6.9869
-7.0192
-7.0515
-7.0747
-7.0998
-7.1141
-7.1374
-7.1606
-7.1714
-7.1928
-7.2232
-7.2625
-7.2893
-7.3340
-7.3518
-7.3751
-7.3893
-7.4000
-7.4179
-7.4339
-7.4748
-7.5672
-7.6810
-7.7770
-7.8267
-7.8444
-7.8515
-7.8728
-7.8976
-7.9082
-7.9117
-7.9259
-7.9543
-7.9862
-8.0573
-8.1374
-8.1996
-8.2601
-8.2851
-8.3012
-8.3012
-8.3012
-8.3352
-8.3906
-8.4480
-8.5143
-8.6093
-8.7063
-8.8053
-8.8849
-8.9627
-9.0259
-9.0585
-9.0787
-9.0880
-9.0970
-9.1204
-9.1652
-9.2281
-9.2852
-9.3330
-9.3859
-9.4494
-9.5198
-9.5901
-9.6743
-9.7933
-9.9226
-10.0620
-10.1871
-10.3273
-10.4653
-10.5605
-10.6521
-10.7075
-10.7272
-10.7306
-10.7306
-10.7340
-10.7546
-10.7888
-10.8299
-10.8675
-10.9016
-10.9522
-11.0475
-11.1730
-11.3220
-11.4333
-11.5198
-11.5631
-11.5631
-11.5686
-11.5686
-11.5686
-11.5720
-11.5789
-11.5824
-11.5858
-11.5892
-11.6037
-11.6037
-11.6071
-11.6071
-11.6126
-11.6271
-11.6306
-11.6478
-11.6953
-11.7359
-11.7944
-11.8495
-11.9157
-12.0094
-12.1218
-12.2447
-12.3578
-12.4544
-12.5219
-12.5659
-12.6101
-12.6418
-12.6576
-12.6543
-12.6577
-12.6577
-12.6611
-12.6645
-12.6859
-12.7223
-12.7735
-12.8417
-12.9121
-12.9803
-13.0618
-13.1364
-13.2143
-13.2853
-13.3461
-13.3899
-13.4034
-13.4068
-13.4068
-13.4068
-13.4068
-13.4068
-13.4068
-13.4068
-13.4237
-13.4529
-13.4911
-13.5417
-13.5957
-13.6553
-13.7203
-13.7765
-13.8403
-13.8973
-13.9274
-13.9364
-13.9364
-13.9331
-13.9398
-13.9735
-14.0184
-14.0824
-14.1655
-14.2664
-14.3429
-14.3946
-14.4081
-14.4081
-14.4081
-14.4113
-14.4113
-14.4244
-14.4571
-14.5008
-14.5698
-14.6557
-14.7679
-14.9130
-15.0797
-15.2450
-15.3912
-15.5248
-15.6344
-15.7026
-15.7609
-15.7932
-15.7997
-15.7997
-15.7997
-15.7885
-15.7694
-15.7702
-15.7533
-15.7404
-15.7522
-15.7689
-15.7689
-15.7689
-15.7721
-15.7786
-15.7915
-15.8013
-15.8046
-15.8078
-15.8176
-15.8242
-15.8405
-15.8689
-15.8788
-15.8918
-15.9081
-15.9245
-15.9594
-16.0087
-16.0525
-16.0787
-16.0949
-16.0981
-16.0981
-16.0981
-16.1013
-16.1045
-16.1110
-16.1239
-16.1400
-16.1786
-16.2203
-16.2716
-16.3356
-16.4218
-16.4987
-16.5738
-16.6700
-16.7690
-16.8316
-16.8987
-16.9555
-16.9759
-16.9805
-16.9788
-16.9653
-16.9573
-16.9462
-16.9406
-16.9382
-16.9476
-16.9541
-16.9581
-16.9313
-16.8991
-16.8533
-16.7989
-16.7414
-16.6910
-16.6689
-16.6689
-16.6800
-16.6856
-16.7053
-16.7386
-16.7553
-16.7553
-16.7466
-16.7380
-16.7380
-16.7318
-16.7225
-16.7162
-16.7039
-16.6852
-16.6431
-16.6033
-16.5504
-16.4725
-16.3747
-16.2464
-16.1510
-16.0920
-16.0351
-16.0033
-15.9707
-15.9484
-15.9096
-15.8430
-15.7812
-15.7329
-15.7163
-15.7163
-15.7163
-15.7163
-15.7163
-15.7163
-15.7163
-15.7163
-15.7171
-15.7267
-15.7427
-15.7443
-15.7396
-15.7120
-15.6915
-15.6854
-15.6895
-15.6927
-15.6991
-15.7025
-15.7121
-15.7217
-15.7217
-15.7313
-15.7379
-15.7508
-15.7668
-15.7861
-15.7991
-15.8247
-15.8536
-15.8762
-15.9051
-15.9244
-15.9341
-15.9153
-15.8854
-15.8373
-15.8121
-15.8034
-15.8066
-15.8011
-15.7924
-15.7759
-15.7681
-15.7296
-15.6582
-15.5672
-15.4551
-15.3283
-15.1820
-15.0273
-14.8602
-14.7174
-14.5987
-14.5134
-14.4971
-14.4971
-14.4971
-14.5025
-14.5025
-14.5057
-14.4994
-14.4954
-14.4986
-14.5083
-14.5307
-14.5531
-14.5787
-14.5979
-14.5967
-14.6040
-14.6104
-14.6200
-14.6210
-14.5960
-14.5710
-14.5429
-14.5039
-14.4672
-14.4228
-14.3861
-14.3621
-14.3372
-14.2820
-14.2052
-14.0962
-13.9828
-13.8600
-13.7513
-13.6652
-13.6039
-13.5620
-13.5373
-13.5329
-13.5425
-13.5457
-13.5317
-13.5048
-13.4683
-13.4350
-13.4210
-13.4189
-13.4059
-13.3844
-13.3661
-13.3436
-13.3328
-13.3253
-13.3124
-13.3102
-13.2962
-13.2887
-13.2672
-13.2179
-13.1537
-13.0648
-12.9653
-12.8595
-12.7623
-12.6843
-12.6267
-12.6075
-12.5915
-12.5809
-12.5723
-12.5638
-12.5499
-12.4998
-12.4167
-12.3091
-12.1824
-12.0590
-11.9336
-11.8052
-11.6800
-11.5158
-11.3169
-11.1393
-10.9881
-10.8847
-10.8530
-10.8649
-10.8841
-10.8903
-10.8817
-10.8680
-10.8335
-10.7839
-10.7207
-10.6439
-10.5449
-10.4460
-10.3505
-10.2499
-10.1474
-10.0235
-9.8912
-9.7622
-9.6198
-9.4995
-9.3929
-9.2881
-9.2035
-9.1428
-9.1055
-9.1004
-9.0938
-9.0906
-9.0906
-9.0822
-9.0687
-9.0351
-8.9761
-8.8834
-8.7843
-8.6917
-8.6144
-8.5403
-8.4646
-8.3906
-8.2981
-8.2056
-8.1216
-8.0478
-8.0024
-7.9673
-7.9288
-7.8719
-7.8066
-7.7331
-7.6579
-7.6012
-7.5495
-7.5093
-7.4743
-7.4526
-7.4143
-7.3559
-7.2776
-7.2026
-7.1360
-7.0695
-7.0047
-6.9201
-6.8322
-6.7543
-6.7129
-6.6699
-6.6353
-6.6072
-6.5856
-6.5657
-6.5376
-6.4963
-6.4419
-6.3759
-6.3148
-6.2339
-6.1548
-6.0891
-6.0332
-5.9903
-5.9376
-5.8733
-5.8154
-5.7774
-5.7741
-5.7741
-5.7741
-5.7741
-5.7741
-5.7674
-5.7607
-5.7541
-5.7423
-5.6972
-5.6401
-5.5733
-5.5066
-5.4277
-5.3410
-5.2240
-5.1056
-5.0068
-4.8980
-4.8337
-4.7836
-4.7787
-4.7787
-4.7787
-4.7527
-4.7266
-4.7202
-4.7221
-4.7262
-4.7404
-4.7558
-4.7626
-4.7303
-4.6457
-4.5432
-4.4389
-4.3675
-4.3140
-4.2704
-4.2379
-4.1918
-4.1444
-4.0672
-3.9730
-3.8793
-3.7918
-3.7029
-3.6251
-3.5542
-3.5143
-3.4839
-3.4640
-3.4227
-3.3806
-3.3289
-3.2581
-3.1782
-3.1092
-3.0506
-3.0024
-2.9715
-2.9422
-2.9176
-2.8964
-2.8751
-2.8539
-2.8423
-2.8389
-2.8287
-2.8012
-2.7600
-2.7120
-2.6589
-2.5890
-2.4491
-2.2758
-2.0867
-1.9012
-1.7355
-1.6060
-1.4843
-1.3924
-1.3401
-1.3331
-1.3331
-1.3331
-1.3331
-1.3188
-1.2795
-1.2462
-1.2271
-1.2188
-1.2009
-1.1699
-1.1378
-1.0726
-0.9886
-0.8953
-0.7949
-0.6878
-0.5855
-0.4928
-0.4200
-0.3801
-0.3683
-0.3589
-0.3589
-0.3542
-0.3542
-0.3459
-0.3247
-0.2966
-0.2485
-0.1945
-0.1452
-0.1005
-0.0758
-0.0592
-0.0380
0.0079
0.0656
0.1480
0.2386
0.3243
0.3888
0.4462
0.4778
0.5094
0.5597
0.6300
0.7157
0.7978
0.8671
0.9084
0.9202
0.9238
0.9345
0.9596
0.9739
0.9811
0.9733
0.9939
1.0083
1.0238
1.0454
1.0490
1.0807
1.1461
1.2047
1.2597
1.2960
1.3042
1.2995
1.2790
1.2434
1.2057
1.1916
1.2431
1.3763
1.5635
1.7692
1.9236
2.0178
2.0750
2.0888
2.0922
2.0969
2.1154
2.1247
2.1294
2.1387
2.1711
2.2072
2.2458
2.2904
2.3423
2.3895
2.4424
2.5045
2.5774
2.6492
2.7477
2.8534
2.9416
3.0159
3.0703
3.1047
3.1282
3.1544
3.1816
3.2108
3.2317
3.2399
3.2399
3.2635
3.3234
3.4313
3.5563
3.6758
3.7782
3.8652
3.9450
4.0278
4.0952
4.1409
4.1491
4.1491
4.1491
4.1491
4.1573
4.1655
4.1846
4.2145
4.2746
4.3474
4.4087
4.4743
4.5408
4.6118
4.7082
4.8245
4.9644
5.0971
5.2179
5.3169
5.3880
5.4144
5.4263
5.4263
5.4299
5.4372
5.4536
5.4817
5.5335
5.5754
5.6239
5.6761
5.7336
5.7776
5.8371
5.8885
5.9509
6.0246
6.0878
6.1505
6.2132
6.2648
6.2980
6.3238
6.3534
6.3793
6.4088
6.4458
6.4857
6.5249
6.5731
6.6271
6.6976
6.7529
6.8083
6.8639
6.9155
6.9634
7.0151
7.0668
7.1073
7.1479
7.1888
7.2224
7.2372
7.2408
7.2356
7.2267
7.2259
7.2295
7.2443
7.2705
7.3205
7.3979
7.4861
7.5951
7.6952
7.7701
7.8406
7.8917
7.9323
7.9541
7.9671
7.9493
7.9404
7.9435
7.9510
7.9622
7.9571
7.9345
7.8806
7.8172
7.7537
7.7196
7.7151
7.7182
7.7370
7.7355
7.7409
7.7396
7.7630
7.8081
7.8570
7.8760
7.8748
7.8653
7.8398
7.8376
7.8414
7.8520
7.8557
7.8538
7.8295
7.7845
7.7310
7.6884
7.6800
7.6754
7.6574
7.6257
7.5760
7.5165
7.4510
7.3866
7.3516
7.3508
7.3621
7.3734
7.3772
7.3772
7.3681
7.3719
7.3758
7.3781
7.3766
7.3955
7.4144
7.4484
7.4976
7.5718
7.6521
7.7279
7.7959
7.8711
7.9399
7.9765
8.0009
7.9924
7.9734
7.9431
7.9082
7.8998
7.8922
7.8808
7.8557
7.8155
7.7547
7.6910
7.6196
7.5411
7.4886
7.4860
7.4775
7.4643
7.3920
7.2817
7.1456
7.0015
6.8377
6.6920
6.6081
6.5993
6.6871
6.8681
7.0853
7.2849
7.4255
7.5132
7.5597
7.5483
7.4761
7.2833
6.9826
6.5941
6.1789
5.7857
5.4557
5.2043
5.0007
4.8292
4.7400
4.7257
4.8050
4.9563
5.0675
5.0614
4.9875
4.8325
4.6902
4.6117
4.6062
4.6338
4.6296
4.6093
4.5772
4.5612
4.5737
4.6117
4.6371
4.6348
4.6068
4.5748
4.5268
4.4815
4.4459
4.4494
4.4570
4.4420
4.4261
4.4078
4.3970
4.4043
4.3923
4.3866
4.3628
4.3270
4.2833
4.2446
4.1979
4.1627
4.1263
4.1144
4.1066
4.1037
4.0770
4.0468
4.0093
3.9636
3.9432
3.9550
3.9739
3.9847
3.9910
3.9961
3.9944
3.9956
3.9916
3.9877
3.9899
3.9926
3.9773
3.9692
3.9607
3.9333
3.9057
3.8769
3.8334
3.7720
3.6463
3.4986
3.3853
3.3234
3.3012
3.3036
3.2952
3.2577
3.1941
3.1045
3.0192
2.9652
2.9406
2.9467
2.9935
3.0241
3.0561
3.0533
3.0392
3.0316
3.0316
3.0316
3.0317
3.0317
3.0317
3.0317
3.0317
3.0317
3.0317
3.0223
3.0339
3.0170
2.9829
2.9265
2.8293
2.7052
2.5900
2.4957
2.4329
2.3881
2.3582
2.3375
2.3195
2.3064
2.3180
2.3360
2.3742
2.4118
2.4433
2.4405
2.4364
2.3904
2.3341
2.2996
2.2729
2.2685
2.2483
2.2222
2.2003
2.1889
2.1732
2.1673
2.1379
2.0932
2.0465
2.0251
2.0351
2.0694
2.1259
2.1893
2.2295
2.2413
2.2246
2.2095
2.1992
2.1873
2.1793
2.1775
2.1527
2.1242
2.0607
1.9897
1.9112
1.8177
1.7356
1.6611
1.5684
1.4837
1.4139
1.3538
1.3003
1.2626
1.2469
1.2336
1.2243
1.2339
1.2445
1.2660
1.2692
1.2763
1.2725
1.2725
1.2725
1.2883
1.2992
1.3138
1.3209
1.3315
1.3420
1.3563
1.3817
1.4031
1.4284
1.4574
1.4716
1.4860
1.4970
1.5214
1.5361
1.5396
1.5467
1.5464
1.5413
1.5363
1.5363
1.5313
1.5053
1.4905
1.4879
1.4866
1.4780
1.4586
1.4148
1.3369
1.2490
1.1784
1.1275
1.1193
1.1526
1.1895
1.2337
1.2853
1.3296
1.3506
1.3646
1.3672
1.3574
1.3525
1.3427
1.3329
1.3144
1.3046
1.2850
1.2392
1.1700
1.1182
1.0762
1.0527
1.0478
1.0478
1.0254
0.9845
0.9659
0.9485
0.9485
0.9485
0.9288
0.8829
0.8108
0.7437
0.6727
0.5793
0.4184
0.2088
-0.0459
-0.3309
-0.5727
-0.7481
-0.8085
-0.7965
-0.7557
-0.7109
-0.6861
-0.6787
-0.6886
-0.6726
-0.6489
-0.5823
-0.5108
-0.4460
-0.3772
-0.3023
-0.2611
-0.2561
-0.2608
-0.2340
-0.1775
-0.1002
-0.0367
0.0279
0.0925
0.1447
0.1686
0.1642
0.1425
0.1282
0.1323
0.1700
0.2087
0.2524
0.2809
0.3157
0.3404
0.3834
0.3974
0.3767
0.2902
0.1601
0.0101
-0.1098
-0.1896
-0.2085
-0.1938
-0.1865
-0.1865
-0.1952
-0.2089
-0.2139
-0.2214
-0.2439
-0.3076
-0.4099
-0.5519
-0.7536
-0.9980
-1.2583
-1.4914
-1.6604
-1.7617
-1.8185
-1.8394
-1.8394
-1.8430
-1.8430
-1.8329
-1.8329
-1.8329
-1.8329
-1.8329
-1.8329
-1.8329
-1.8329
-1.8329
-1.8380
-1.8380
-1.8380
-1.8380
-1.8380
-1.8467
-1.8655
-1.8931
-1.9281
-1.9644
-1.9920
-2.0159
-2.0435
-2.0711
-2.1139
-2.1581
-2.2176
-2.2992
-2.3633
-2.4035
-2.4225
-2.4349
-2.4313
-2.4313
-2.4364
-2.4516
-2.4793
-2.5334
-2.5800
-2.6101
-2.6415
-2.6780
-2.7108
-2.7562
-2.8293
-2.9141
-2.9873
-3.0642
-3.1433
-3.2145
-3.2739
-3.3245
-3.3787
-3.4257
-3.4867
-3.5498
-3.6151
-3.6673
-3.7269
-3.7730
-3.8277
-3.8636
-3.8775
-3.8811
-3.8832
-3.8832
-3.8904
-3.9012
-3.9120
-3.9374
-3.9629
-3.9775
-3.9920
-4.0212
-4.0974
-4.1838
-4.2498
-4.3019
-4.3309
-4.3448
-4.3572
-4.3715
-4.3977
-4.4132
-4.4308
-4.4396
-4.4649
-4.4866
-4.5063
-4.5170
-4.5349
-4.5544
-4.5925
-4.6591
-4.7359
-4.8076
-4.9110
-5.0404
-5.1716
-5.2977
-5.4099
-5.4905
-5.5518
-5.5835
-5.6031
-5.6282
-5.6498
-5.6534
-5.6569
-5.6749
-5.7107
-5.7321
-5.7567
-5.7710
-5.8138
-5.8619
-5.9184
-6.0067
-6.1318
-6.2885
-6.4536
-6.5977
-6.7508
-6.8899
-6.9991
-7.0908
-7.1243
-7.1349
-7.1384
-7.1525
-7.1824
-7.2141
-7.2352
-7.2633
-7.2914
-7.3231
-7.3582
-7.4091
-7.4582
-7.5213
-7.5913
-7.6543
-7.7277
-7.7836
-7.8254
-7.8498
-7.8778
-7.9005
-7.9214
-7.9354
-7.9494
-7.9633
-7.9773
-7.9877
-8.0120
-8.0398
-8.0641
-8.0849
-8.0953
-8.1057
-8.1231
-8.1632
-8.2137
-8.2554
-8.2900
-8.3141
-8.3471
-8.3890
-8.4309
-8.4694
-8.5009
-8.5097
-8.5097
-8.5097
-8.5097
-8.5357
-8.5723
-8.6249
-8.6737
-8.7244
-8.7470
-8.7730
-8.7833
-8.7867
-8.7902
-8.8146
-8.8706
-8.9566
-9.0812
-9.2265
-9.3630
-9.4717
-9.5244
-9.5405
-9.5405
-9.5405
-9.5405
-9.5405
-9.5439
-9.5664
-9.5981
-9.6317
-9.6600
-9.6844
-9.7000
-9.7122
-9.7156
-9.7293
-9.7362
-9.7396
-9.7694
-9.8099
-9.8679
-9.9187
-9.9431
-9.9519
-9.9519
-9.9626
-9.9783
-10.0115
-10.0642
-10.1096
-10.1437
-10.1744
-10.2153
-10.2650
-10.3511
-10.4400
-10.5404
-10.6319
-10.7130
-10.7671
-10.7995
-10.8339
-10.8568
-10.8675
-10.8729
-10.8729
-10.8729
-10.8797
-10.8932
-10.9067
-10.9269
-10.9471
-10.9808
-11.0144
-11.0649
-11.1186
-11.1824
-11.2394
-11.3064
-11.3766
-11.4468
-11.5069
-11.5648
-11.6347
-11.7058
-11.7722
-11.8385
-11.9047
-11.9642
-12.0138
-12.0468
-12.0766
-12.1095
-12.1260
-12.1425
-12.1458
-12.1491
-12.1437
-12.1437
-12.1437
-12.1470
-12.1449
-12.1449
-12.1515
-12.1581
-12.1647
-12.1605
-12.1618
-12.1716
-12.1794
-12.1839
-12.1831
-12.1810
-12.1942
-12.1975
-12.1867
-12.1813
-12.1912
-12.2011
-12.2175
-12.2265
-12.1934
-12.1668
-12.1110
-12.0532
-11.9996
-11.9576
-11.9522
-11.9522
-11.9555
-11.9588
-11.9588
-11.9481
-11.9287
-11.9008
-11.8728
-11.8546
-11.8172
-11.7658
-11.6885
-11.6330
-11.5981
-11.5997
-11.6066
-11.5984
-11.5954
-11.5966
-11.5946
-11.5946
-11.5925
-11.5925
-11.5733
-11.5347
-11.4843
-11.4233
-11.3528
-11.2824
-11.2166
-11.1487
-11.0744
-11.0046
-10.9455
-10.9141
-10.8986
-10.9128
-10.9323
-10.9454
-10.9433
-10.9295
-10.9051
-10.8721
-10.8497
-10.8167
-10.7838
-10.7475
-10.7027
-10.6645
-10.6231
-10.5678
-10.5020
-10.4139
-10.3002
-10.1879
-10.0691
-9.9707
-9.9064
-9.8801
-9.8676
-9.8605
-9.8486
-9.8434
-9.8434
-9.8434
-9.8434
-9.8466
-9.8446
-9.8426
-9.8302
-9.8026
-9.7529
-9.7012
-9.6548
-9.6084
-9.5535
-9.4849
-9.4163
-9.3445
-9.2739
-9.2099
-9.1643
-9.1153
-9.0683
-9.0247
-8.9899
-8.9620
-8.9379
-8.9274
-8.9273
-8.9307
-8.9222
-8.9034
-8.8624
-8.7994
-8.7176
-8.6156
-8.4915
-8.3437
-8.1824
-8.0129
-7.8622
-7.7369
-7.6017
-7.4766
-7.3838
-7.3230
-7.3095
-7.3095
-7.3095
-7.3045
-7.2994
-7.2910
-7.2692
-7.2339
-7.1885
-7.1228
-7.0369
-6.9797
-6.9309
-6.8989
-6.8570
-6.8168
-6.7666
-6.7079
-6.6342
-6.5571
-6.4850
-6.4148
-6.3545
-6.3176
-6.3025
-6.2925
-6.2742
-6.2441
-6.1974
-6.1305
-6.0787
-6.0286
-5.9902
-5.9551
-5.9216
-5.9032
-5.8781
-5.8647
-5.8514
-5.8264
-5.7864
-5.7362
-5.6712
-5.6028
-5.5309
-5.4609
-5.3875
-5.2975
-5.2159
-5.1392
-5.0777
-5.0477
-5.0194
-4.9843
-4.9394
-4.8994
-4.8696
-4.8696
-4.8696
-4.8613
-4.8364
-4.7950
-4.7252
-4.6422
-4.5759
-4.5345
-4.5047
-4.4964
-4.4930
-4.4765
-4.4317
-4.3722
-4.3371
-4.3269
-4.3836
-4.4619
-4.5306
-4.5453
-4.5349
-4.4917
-4.4799
-4.4799
-4.4799
-4.4730
-4.4468
-4.3983
-4.3312
-4.2565
-4.1985
-4.1455
-4.0976
-4.0345
-3.9540
-3.8646
-3.7647
-3.6646
-3.5644
-3.4918
-3.4455
-3.4268
-3.4268
-3.4268
-3.4219
-3.4170
-3.4170
-3.4072
-3.3876
-3.3596
-3.3028
-3.2390
-3.1655
-3.0787
-2.9919
-2.8968
-2.7991
-2.6825
-2.5422
-2.3923
-2.2640
-2.1623
-2.1108
-2.0940
-2.0940
-2.0940
-2.0940
-2.0940
-2.0892
-2.0892
-2.0892
-2.0892
-2.0796
-2.0512
-1.9958
-1.9392
-1.8694
-1.8266
-1.8065
-1.7878
-1.7726
-1.7346
-1.6980
-1.6744
-1.6710
-1.6902
-1.7465
-1.8077
-1.8571
-1.8718
-1.8624
-1.8327
-1.7933
-1.7826
-1.7509
-1.7013
-1.6269
-1.5702
-1.5134
-1.4142
-1.2794
-1.0981
-0.9115
-0.7369
-0.6055
-0.5050
-0.4485
-0.4297
-0.4213
-0.4213
-0.4165
-0.4069
-0.4021
-0.4057
-0.4034
-0.3937
-0.3626
-0.3376
-0.3054
-0.2697
-0.2292
-0.1924
-0.1365
-0.0771
-0.0175
0.0444
0.1160
0.1886
0.2443
0.2761
0.2914
0.3200
0.3497
0.3866
0.4223
0.4402
0.4723
0.5055
0.5472
0.5995
0.6507
0.7066
0.7661
0.8352
0.9037
1.0037
1.1277
1.2684
1.4179
1.5661
1.7134
1.8479
1.9659
2.0538
2.0947
2.1092
2.1092
2.1092
2.1092
2.1092
2.1092
2.1092
2.1092
2.1055
2.0933
2.0933
2.0933
2.0896
2.0812
2.0728
2.0569
2.0447
2.0262
2.0112
1.9927
1.9778
1.9740
1.9701
1.9881
2.0093
2.0339
2.0658
2.0978
2.1188
2.1400
2.1687
2.2046
2.2833
2.3572
2.4210
2.4682
2.4973
2.5082
2.5082
2.5082
2.4922
2.4847
2.4847
2.4881
2.4693
2.4502
2.4458
2.4449
2.4660
2.4977
2.5402
2.5789
2.6145
2.6321
2.6316
2.6165
2.6090
2.6013
2.5824
2.5572
2.5292
2.4891
2.4396
2.4247
2.4350
2.4670
2.5017
2.5251
2.5297
2.5298
2.5280
2.5243
2.4963
2.4386
2.3939
2.3974
2.4082
2.4224
2.4424
2.4579
2.4683
2.4821
2.5105
2.5423
2.5816
2.6355
2.7076
2.7764
2.8304
2.8622
2.8979
2.9302
2.9638
2.9867
3.0152
3.0199
3.0199
3.0199
3.0245
3.0245
3.0245
3.0245
3.0281
3.0427
3.0572
3.0718
3.0899
3.1077
3.1376
3.1704
3.2063
3.2386
3.2787
3.2997
3.3245
3.3524
3.3712
3.3812
3.3813
3.3626
3.3264
3.2690
3.2000
3.1475
3.0960
3.0829
3.0991
3.1154
3.1071
3.0422
2.9204
2.7971
2.6808
2.5726
2.4888
2.4300
2.3845
2.3887
2.4133
2.4603
2.5190
2.5600
2.5738
2.5114
2.4132
2.2896
2.2098
2.1952
2.2642
2.3743
2.5086
2.6584
10.7257
