47.30354162
47.29968505
47.29805507
47.27328804
47.25460348
47.24891893
47.23186564
47.20749686
47.17986463
47.15791758
47.14165674
47.13676919
47.13351288
47.13188534
47.12863151
47.12863151
47.12537933
47.11887992
47.12499591
47.12337276
47.12724309
47.12724309
47.1215562
47.11405447
47.11042811
47.10718223
47.10537066
47.09075551
47.0822728
47.08498016
47.08363102
47.07283518
47.06287836
47.05774726
47.06113589
47.06852878
47.06852878
47.06852878
47.06852878
47.06852878
47.07082027
47.07472357
47.08229038
47.08736177
47.1056378
47.14361068
47.16148062
47.15256892
47.14490337
47.13679992
47.13290547
47.129776
47.129776
47.129776
47.12821189
47.12352209
47.12195966
47.12195966
47.12039765
47.1172749
47.11497361
47.10956642
47.11388701
47.11193279
47.09603927
47.05910407
47.01237125
46.96499029
46.91219216
46.87400668
46.82533384
46.74869461
46.70917967
46.67740289
46.66584429
46.6559834
46.63328912
46.60452643
46.6002571
46.56687646
46.48139512
46.41309136
46.37483579
46.33593243
46.33099942
46.33501349
46.33501349
46.33501349
46.35357911
46.3656257
46.36964161
46.36964161
46.36964161
46.37365771
46.37365771
46.37842421
46.37027902
46.35256947
46.32924521
46.30290179
46.28396316
46.25551764
46.22878192
46.21749227
46.20378476
46.20178133
46.20027282
46.19876475
46.19424315
46.18972546
46.20762564
46.20722046
46.22663837
46.23784874
46.23784874
46.26536327
46.31375513
46.35805754
46.47054421
46.57786416
46.62110915
46.64546281
46.69825193
46.71047532
46.69758548
46.69528125
46.73101638
46.75640245
46.7350618
46.72195422
46.71614379
46.71614379
46.71614379
46.71470101
46.70195922
46.68639594
46.66536025
46.64983693
46.63973516
46.63902919
46.63967234
46.62914698
46.62127907
46.6188565
46.61792304
46.63636975
46.65891149
46.69264369
46.73778018
46.80567233
46.88809884
46.94103262
46.9833244
47.02963384
47.07971074
47.09589783
47.07564357
47.07960162
47.0862073
47.08338244
47.08056007
47.08851409
47.0951547
47.09234626
47.10373372
47.15431553
47.21441362
47.27752579
47.30010033
47.29991772
47.32927374
47.35378751
47.34298281
47.32591339
47.32470267
47.36208305
47.37610586
47.39199504
47.39729163
47.42719783
47.49322922
47.5567844
47.65214341
47.74560146
47.8236126
47.89580423
48.00337175
48.15041508
48.28936105
48.38577391
48.48587767
48.56734089
48.62577567
48.65416118
48.66288406
48.66288406
48.66288406
48.6472665
48.63220984
48.59246615
48.57794488
48.53555238
48.49350636
48.45584417
48.42338022
48.39172057
48.367348
48.34348536
48.34090039
48.33960856
48.32042231
48.27964243
48.25676522
48.24637242
48.24117616
48.22300035
48.1970441
48.16589545
48.12564848
48.0633309
48.0327094
48.01377511
47.99819244
47.98261069
47.94701926
47.90547354
47.85355059
47.76679359
47.67985414
47.62447495
47.57779324
47.54149111
47.5181479
47.48702126
47.44163451
47.40404486
47.38720735
47.37047233
47.33486014
47.27261179
47.21037883
47.13260934
47.04968199
46.96480188
46.91169485
46.86320109
46.82835528
46.80126954
46.77027248
46.74961001
46.73927944
46.73927944
46.72894933
46.70312599
46.67730545
46.66181447
46.63083556
46.59469862
46.56888991
46.53733171
46.51493161
46.46799935
46.40490614
46.3353891
46.26448669
46.18767897
46.10572053
46.02323425
45.9497484
45.88628929
45.8372448
45.78306269
45.73715365
45.713948
45.70365176
45.6737597
45.63356502
45.58388447
45.51959616
45.45665322
45.37015498
45.28833865
45.22150533
45.17949554
45.12298458
45.06268048
45.01067518
44.98868042
44.94920933
44.91087854
44.87122144
44.8612176
44.835701
44.78998551
44.73363874
44.70214728
44.66119325
44.63048318
44.6082922
44.59148486
44.56044447
44.52465798
44.48887787
44.47285447
44.46195222
44.45653677
44.47096001
44.5249564
44.5809482
44.61409773
44.61348681
44.60779601
44.60241136
44.60241136
44.60181526
44.5808984
44.55999827
44.53911483
44.52756986
44.50566053
44.48382653
44.45145812
44.40889541
44.37641231
44.37921592
44.43696848
44.53877281
44.65034728
44.77185718
44.86195706
44.920622
44.934354
44.93837029
44.93837029
44.97737028
45.02950031
45.08165113
45.16434698
45.25806462
45.31591989
45.37384464
45.46639407
45.53479514
45.56924797
45.61878375
45.6896034
45.76300781
45.79788246
45.80290766
45.80907251
45.81523769
45.81787405
45.81919292
45.81919292
45.82888765
45.86299141
45.87761771
45.88254936
45.89241304
45.89241304
45.87796551
45.87241548
45.85949776
45.84044588
45.81658638
45.78948875
45.7589621
45.73949298
45.70052089
45.64948253
45.59720583
45.56247749
45.52074128
45.47680598
45.42940447
45.37626533
45.3216505
45.26764897
45.20865884
45.1588377
45.12312497
45.09295917
45.07029482
45.06116803
45.06625828
45.06761464
45.06897145
45.07406155
45.09951397
45.13006109
45.12532928
45.12330975
45.10610696
45.09101207
45.07058476
45.04662771
44.99728678
44.95274743
44.94837704
44.98552223
45.02939681
45.03500125
45.05557374
45.11168694
45.15936311
45.19675513
45.24307256
45.31651228
45.38619186
45.44594065
45.48698487
45.49677527
45.49677527
45.51686113
45.53745467
45.54260336
45.54775217
45.57813361
45.64865589
45.7172853
45.75228762
45.76532302
45.76805889
45.77868579
45.78966084
45.80479897
45.80799758
45.8020139
45.80112582
45.80905005
45.79998169
45.77716045
45.75073437
45.77651802
45.85189848
45.88783851
45.90512354
45.94002381
45.98173044
45.98523679
45.93956311
45.8858868
45.83214649
45.80780002
45.78825095
45.7777749
45.78002775
45.78078111
45.81224291
45.85419832
45.87146339
45.9000092
45.93675256
45.96825124
46.01025572
46.05226734
46.09428606
46.12725648
46.13095918
46.1220494
46.11919792
46.16125019
46.25589355
46.38380473
46.5488855
46.69730687
46.79686594
46.8404555
46.88924127
46.88565696
46.87689532
46.87249666
46.86814144
46.86814144
46.85943148
46.84391494
46.82115435
46.79986318
46.78099732
46.75636431
46.72745676
46.7044345
46.69310913
46.69202865
46.69675617
46.69858763
46.70466141
46.7001161
46.70608386
46.70340607
46.68776317
46.689607
46.68785181
46.68508211
46.66011232
46.65032022
46.6224945
46.60573655
46.59546028
46.59034663
46.59034663
46.59034663
46.59034663
46.59034663
46.58604649
46.56454834
46.52312638
46.47992228
46.43606637
46.39336708
46.34175503
46.31012769
46.27755893
46.24568381
46.21174258
46.1741737
46.14667649
46.1404584
46.1373533
46.13896249
46.13529564
46.12050623
46.09036994
46.08380208
46.07593837
46.07286033
46.06862027
46.0794285
46.08059424
46.07328594
46.05651798
46.04301551
46.02367846
45.99969526
45.97152296
45.95045195
45.9235828
45.90193025
45.89472163
45.89050731
45.86686209
45.86025837
45.85326677
45.86385789
45.86937769
45.88667848
45.89940669
45.88750186
45.85603487
45.82015268
45.77782151
45.77589325
45.77692071
45.78602436
45.80122563
45.82850521
45.86124396
45.88618867
45.93983194
46.00611986
46.07414772
46.14592289
46.23817192
46.31374829
46.36767031
46.41958253
46.4921731
46.59751541
46.72134935
46.83460291
46.89502248
46.9310692
46.94182268
46.95348935
46.95396009
46.95308668
46.94861277
46.92979035
46.90471802
46.87160399
46.84800676
46.83616266
46.82035195
46.80460656
46.79294728
46.77916989
46.75750857
46.72980047
46.69208566
46.66030018
46.63903271
46.6267083
46.63211413
46.63056718
46.63280752
46.62897379
46.630659
46.63898604
46.64763939
46.66897852
46.68847704
46.70373815
46.70947593
46.71711693
46.71089988
46.69492951
46.67270649
46.65655804
46.65837834
46.67220255
46.68606664
46.6880488
46.69201421
46.69598116
46.70590524
46.70492436
46.70594829
46.71244578
46.73378859
46.79924011
46.83992346
46.86134013
46.89678782
46.94496317
46.99259666
47.04328691
47.10864219
47.18185479
47.27041703
47.34527804
47.42390849
47.49547834
47.55473512
47.60575352
47.6420178
47.66553858
47.67624428
47.6783865
47.6783865
47.6783865
47.68441581
47.68441581
47.68441581
47.68870173
47.69191563
47.69515483
47.70379376
47.71782582
47.72653758
47.72777222
47.73540818
47.73974013
47.74190664
47.74407352
47.74407352
47.75274457
47.75607418
47.75941139
47.76375568
47.76393372
47.76116913
47.76455944
47.76886205
47.76674628
47.77723608
47.78959015
47.79622557
47.78923689
47.78923689
47.79366376
47.79587773
47.79587773
47.79809204
47.79021705
47.79598248
47.79731949
47.79731949
47.79478326
47.80415261
47.79649428
47.80852234
47.82979909
47.86275936
47.90804637
47.97688714
48.04740578
48.11899401
48.19710166
48.28023342
48.36088429
48.44257307
48.51761949
48.58356543
48.63556289
48.67347988
48.69768434
48.70387136
48.70387136
48.70387136
48.70387136
48.70624654
48.70624654
48.70624654
48.70624654
48.70624654
48.70624654
48.70624654
48.70624654
48.70624654
48.71718558
48.72148157
48.72340577
48.72057477
48.72057477
48.71774468
48.71729632
48.713582
48.71747587
48.71379512
48.71294361
48.71969553
48.72365166
48.72682019
48.72446038
48.72459566
48.72482762
48.72791843
48.7262373
48.72736387
48.72915967
48.72884662
48.723361
48.72822765
48.73066146
48.72792173
48.72488086
48.72945561
48.73101656
48.72960281
48.71765834
48.68471229
48.68767961
48.72393513
48.76066875
48.78163414
48.78411484
48.78411484
48.77645389
48.77645389
48.77893527
48.77893527
48.77893527
48.77893527
48.77893527
48.77893527
48.77893527
48.77893527
48.77893527
48.77893527
48.78638134
48.78607257
48.78954962
48.78663042
48.78608616
48.78795588
48.79229195
48.79673576
48.79877266
48.79323356
48.79800258
48.79779143
48.79771158
48.79769206
48.79514963
48.79514963
48.79006721
48.79006721
48.79260812
48.7951514
48.79769913
48.79516265
48.8002513
48.80662588
48.81300061
48.80792241
48.81048193
48.81051746
48.81058848
48.81075413
48.81103089
48.8089651
48.82604216
48.84953315
48.85906798
48.85600156
48.86065264
48.85791282
48.86900922
48.87618687
48.88180439
48.8834117
48.88099607
48.88119163
48.884406
48.88284152
48.88801231
48.90768116
48.92279375
48.94963516
48.98823696
49.02058302
49.04004512
49.06573007
49.09059362
49.11247106
49.12736746
49.13614548
49.14761641
49.15685108
49.16654617
49.16912302
49.17268964
49.18672117
49.18617547
49.18854393
49.21241
49.2451399
49.26065044
49.28680979
49.30556118
49.3322974
49.34325787
49.34600235
49.34462177
49.34851569
49.36249007
49.37404725
49.38076145
49.39025867
49.40540849
49.42139033
49.45755091
49.49190109
49.55335592
49.60001861
49.66986794
49.72540224
49.78294087
49.81214327
49.83586144
49.84350922
49.84552074
49.86117078
49.89233222
49.92385507
49.93467994
49.93761228
49.93949136
49.94514036
49.95470205
49.95470205
49.95470205
49.95377009
49.95754747
49.95192455
49.95101098
49.95010355
49.95028176
49.95124955
49.94938535
49.95143519
49.95945318
49.96454217
49.96779225
49.97889729
49.99610141
50.0084154
50.03251949
50.04488053
50.050074
50.05528109
50.05867867
50.06597405
50.06865273
50.08212174
50.09275606
50.1009435
50.10781851
50.1256252
50.14341294
50.1558311
50.18148427
50.21934441
50.2567899
50.31336352
50.3543757
50.40305816
50.43779547
50.47333727
50.49684437
50.50924817
50.50987712
50.50809667
50.51531728
50.5092582
50.50476397
50.50769481
50.50769481
50.51012905
50.51344237
50.5136566
50.51725474
50.51832547
50.52444257
50.54672675
50.56321359
50.58985106
50.60756116
50.63277868
50.65599897
50.68118238
50.70396443
50.72569327
50.76355935
50.81333202
50.87669627
50.91264614
50.95922788
50.99355351
51.01427475
51.0435749
51.0706397
51.10687591
51.15119378
51.20683308
51.25949285
51.30787091
51.34361935
51.37153948
51.39972312
51.42003163
51.44034425
51.45230392
51.46856102
51.48053038
51.5119811
51.52331186
51.53895446
51.55481907
51.57631841
51.59236257
51.62077535
51.64082737
51.67208647
51.70396107
51.72981083
51.75714676
51.77222192
51.79359734
51.81532032
51.82721955
51.83218126
51.8321128
51.83328791
51.82433225
51.82151158
51.8209659
51.82046528
51.81282215
51.80522293
51.80701596
51.80991001
51.82218373
51.83664333
51.85221295
51.86363679
51.86569224
51.8677239
51.86870539
51.86353843
51.87078276
51.88330573
51.8959285
51.91694323
51.94639247
51.97607414
52.00588468
52.03582383
52.07007181
52.09633102
52.12364789
52.14478195
52.15874138
52.17611023
52.19044975
52.20668961
52.21652005
52.23465657
52.25969276
52.27725943
52.28216763
52.28239723
52.28239723
52.28239723
52.27839988
52.27839988
52.27839988
52.27839988
52.27839988
52.27040567
52.2483073
52.23725802
52.22926497
52.21116281
52.20810626
52.18906394
52.15004576
52.07363558
51.97791903
51.92733889
51.91816228
51.91510389
51.91510389
51.91510389
51.91110591
51.9071081
51.9071081
51.90337374
51.91242732
51.93400959
51.93751738
51.95784821
51.97089484
51.9934625
52.01053776
52.03409062
52.06266381
52.07645956
52.0769746
52.07372982
52.08007914
52.09225093
52.10135768
52.15220466
52.20741219
52.24608908
52.28365513
52.30493981
52.32016563
52.32016563
52.32016563
52.32016563
52.32016563
52.32319303
52.32319303
52.32319303
52.32622069
52.33060195
52.33060195
52.34812844
52.39059498
52.44319832
52.49143475
52.52652578
52.55723733
52.59974493
52.63102619
52.65736928
52.68371704
52.71885464
52.77018435
52.82731552
52.8712773
52.90645593
52.93665388
52.9498492
52.96744473
52.98884723
53.00644541
53.02404562
53.04164784
53.05925208
53.06805495
53.06648934
53.06730517
53.07550629
53.07990826
53.10632273
53.13714531
53.1576158
53.1708312
53.1766669
53.18547882
53.19429124
53.19429124
53.20156487
53.22063134
53.25293139
53.29254554
53.32035016
53.34455651
53.40819661
53.50372044
53.59540034
53.67317012
53.69763338
53.69472303
53.69846291
53.69400715
53.69400715
53.69400715
53.69400715
53.69400715
53.68955151
53.69329227
53.69038206
53.69038206
53.68592663
53.67719664
53.67802948
53.67357346
53.65438607
53.59170441
53.53314063
53.49465051
53.46271228
53.40298771
53.33437597
53.28084369
53.28643125
53.26825907
53.26287399
53.26287399
53.26287399
53.26736694
53.28084647
53.3212914
53.37972854
53.42919068
53.45331437
53.47580657
53.52306767
53.5575694
53.562068
53.56656671
53.57556447
53.59356137
53.60406047
53.6273189
53.65883339
53.69485676
53.74066284
53.77670625
53.82911747
53.87252129
53.91309409
53.9364258
53.96348548
53.98152748
53.99213819
54.00887006
54.0412761
54.08643485
54.13775419
54.18171863
54.22121725
54.25255533
54.26101265
54.26503308
54.29466252
54.31429106
54.33863812
54.36134168
54.39145748
54.40705015
54.41263332
54.42364074
54.42914748
54.42739431
54.43290686
54.44030997
54.45324927
54.47441156
54.50017432
54.50956917
54.51899345
54.53761965
54.54809089
54.55203391
54.56778761
54.57895808
54.59832877
54.61950774
54.63630352
54.66848556
54.6797005
54.69632184
54.71675522
54.72441415
54.740269
54.76789471
54.78456055
54.78383986
54.78105818
54.7828842
54.78931901
54.78741812
54.78830315
54.80372967
54.82213763
54.85269492
54.85549608
54.83338542
54.76349536
54.62992725
54.4395805
54.23173013
54.03713261
53.8841261
53.76918979
53.68900465
53.64939524
53.62252815
53.60593158
53.59959502
53.58301516
53.56644431
53.57514187
53.58697145
53.60523626
53.62385687
53.64062507
53.65745637
53.68066717
53.70796267
53.7397051
53.78126523
53.83101361
53.89592739
53.93661282
53.96586876
53.9952095
54.04121872
54.06990193
54.07468278
54.07468278
54.09380706
54.12126436
54.14517211
54.15473583
54.16484728
54.18240496
54.1910873
54.19586851
54.21021266
54.25324988
54.31542731
54.36577457
54.419678
54.48191149
54.55373736
54.62079211
54.66390749
54.70223799
54.74057385
54.78850119
54.83643682
54.86520217
54.87695925
54.88871892
54.91007336
54.93885187
54.94364857
54.94844536
54.94582366
54.93754127
54.8961222
54.84377926
54.78312963
54.71894263
54.66125346
54.60708373
54.55862777
54.49131458
54.43006677
54.3618643
54.27619785
54.19629603
54.12569223
54.0637489
54.00623858
53.96100764
53.93890861
53.93189632
53.92785593
53.90454273
53.90259525
53.91213064
53.92193785
53.92916023
53.95368183
53.97769013
54.01362375
54.09754435
54.17784366
54.26809766
54.34626609
54.42101621
54.47024417
54.52440367
54.57364746
54.59827217
54.60544853
54.62515369
54.63635106
54.64755735
54.65463749
54.66403047
54.69824757
54.71760852
54.72965423
54.73436079
54.75893335
54.79103736
54.79004398
54.79004398
54.79004398
54.7866093
54.77630635
54.67866706
54.57500847
54.51784645
54.47344704
54.41899836
54.33256637
54.25142117
54.24292289
54.22319019
54.16623886
54.1078167
54.1077141
54.12657507
54.13955457
54.15535741
54.15607767
54.15607767
54.16799728
54.18825266
54.21613428
54.24921428
54.2701359
54.29149158
54.33580021
54.37284408
54.39757442
54.41692138
54.44330067
54.45425828
54.45988912
54.46553111
54.46372637
54.47923458
54.48729259
54.49535826
54.50343161
54.5172232
54.53138235
54.54357442
54.55585934
54.59566643
54.61856369
54.64964531
54.65764326
54.66015781
54.6684275
54.68648741
54.69944949
54.72495563
54.74812598
54.7842737
54.82787028
54.87380611
54.91974673
54.9656921
55.02185397
55.07802285
55.12398437
55.14952055
55.15973542
55.16484294
55.16763567
55.18064569
55.19876676
55.2220003
55.24012825
55.24902858
55.26536425
55.27711156
55.275837
55.26663923
55.24226062
55.21964551
55.20057182
55.1668409
55.09456838
54.98724085
54.86308105
54.72914794
54.61985545
54.53794603
54.46320441
54.41049051
54.37098458
54.33931707
54.31112003
54.29363941
54.26767866
54.24634502
54.23928999
54.24467244
54.26178498
54.27298629
54.27823626
54.27488644
54.29439204
54.305768
54.3089164
54.29712682
54.304508
54.31468289
54.33189578
54.34513567
54.34332408
54.33771491
54.3163817
54.27150561
54.21811681
54.17223559
54.13631487
54.10830529
54.06047458
53.99156645
53.95438309
53.92069419
53.89731594
53.87770537
53.87144185
53.87144185
53.87144185
53.87144185
53.87144185
53.87144185
53.87144185
53.87482327
53.88355891
53.9010285
53.9010285
53.9010285
53.91094512
53.93027585
53.93473582
53.9213652
53.8943613
53.87277251
53.87230985
53.85784274
53.83926442
53.81865121
53.81704372
53.81419022
53.79980605
53.80097956
53.81076574
53.81657261
53.8163722
53.821671
53.79867766
53.77032285
53.75281469
53.76501806
53.75907932
53.73637699
53.72994951
53.75120602
53.76913096
53.7885633
53.82037718
53.87320912
53.88643575
53.88949912
53.88551263
53.8825126
53.88056011
53.88056011
53.87665609
53.86690163
53.8513111
53.85359791
53.8741917
53.86727243
53.84022179
53.85415983
53.87042217
53.86707588
53.83820718
53.79639899
53.75454991
53.73065767
53.70667158
53.66312227
53.61671831
53.56867768
53.54786226
53.52013185
53.4909154
53.46360284
53.44362162
53.428913
53.41262643
53.38172175
53.3581704
53.33122108
53.30413709
53.27725402
53.25401725
53.23261904
53.2077166
53.18110981
53.16188903
53.1611394
53.14586221
53.12132166
53.10208727
53.08463778
53.07244374
53.06200523
53.05679066
53.04810664
53.0376973
53.02556888
53.01000026
52.99101028
52.96518293
52.9377205
52.91559934
52.91875302
52.91803176
52.91918974
52.89419691
52.86583482
52.83591656
52.82151422
52.80848215
52.79464777
52.76898587
52.7578027
52.74148433
52.71627422
52.71462622
52.71297858
52.70079745
52.69092661
52.67614463
52.66302959
52.64270227
52.62916
52.61937189
52.6161121
52.60164713
52.57108892
52.53752903
52.52431444
52.51862687
52.513547
52.48549946
52.45504365
52.4070349
52.33418308
52.27209474
52.21465733
52.19086347
52.18254278
52.16837554
52.15580772
52.14066655
52.1307554
52.12919035
52.12919035
52.12199966
52.12199966
52.12199966
52.1157439
52.10793264
52.10637151
52.10679807
52.09787485
52.08549752
52.07926921
52.06282746
52.03350987
51.99754111
51.96617325
51.92403647
51.85937413
51.80755495
51.76708057
51.73745269
51.69248142
51.63519917
51.58609092
51.55846653
51.51749365
51.44270962
51.37412483
51.33878929
51.33162636
51.32140821
51.31988115
51.31988115
51.31988115
51.30297526
51.28043472
51.22408663
51.14884282
51.07295755
51.01211145
50.92184854
50.85413452
50.82408007
50.82775137
50.82466615
50.82158249
50.80839408
50.79153416
50.78958949
50.78958949
50.7880472
50.79385672
50.78167247
50.76541348
50.73677846
50.72674985
50.68850784
50.65477801
50.63039886
50.61649895
50.57644534
50.54786526
50.53099222
50.49474517
50.45441628
50.42155305
50.4026653
50.37716437
50.31879106
50.27042642
50.22376245
50.14904167
50.02632853
49.91403534
49.85904538
49.83791917
49.78542975
49.74530554
49.71131087
49.70994838
49.71473916
49.71434704
49.71200916
49.71630369
49.7036132
49.67960586
49.63574903
49.58479871
49.55371587
49.50843602
49.43619105
49.3568421
49.32991674
49.29838295
49.22560566
49.02092902
48.82064789
48.68829954
48.50427824
48.26702232
48.00404812
47.76943038
47.51014095
47.16189027
46.77026946
46.36641767
45.98067165
45.58960459
45.0909365
44.5597032
43.8972974
43.13194622
42.20516556
41.16328792
40.13905006
39.17178799
38.30298681
37.41795485
36.60196426
35.96391783
35.51356931
35.18281842
35.00770626
34.96666157
34.96698539
34.95055
34.91629418
34.81282049
34.69804921
34.57087276
34.53128143
34.53485356
34.60613714
34.68558109
34.70788599
34.69800866
34.76150744
34.92971784
35.13263433
35.32653989
35.50094266
35.68412259
35.87202459
36.06067324
36.30961681
36.54919119
36.7251787
36.85992553
36.97671297
37.09188396
37.18134389
37.28146951
37.39919194
37.55479489
37.75994703
37.91813915
38.03339115
38.19659209
38.4074631
38.59290858
38.71874207
38.81659144
38.92090855
38.99995546
39.04077497
39.07454975
39.07178493
39.07598905
39.09325149
39.09647589
39.1219239
39.1952261
39.2619676
39.35617924
39.48808845
39.61086937
39.72937523
39.81879512
39.92944233
40.04874686
40.19924255
40.34208002
40.45372518
40.54826317
40.65456984
40.76108698
40.85965331
40.94394603
41.07342305
41.23906051
41.39870962
41.53130833
41.65241135
41.73855879
41.80732508
41.85308295
41.93208658
42.00292886
42.07662453
42.12232366
42.13946259
42.15601044
42.17256175
42.23107126
42.34963572
42.46740516
42.57716956
42.64090084
42.65445008
42.64187142
42.63001286
42.60275416
42.57397835
42.57760807
42.59459754
42.62291547
42.62291547
42.62269544
42.6302683
42.63754168
42.63936112
42.66080589
42.72563529
42.79588747
42.88463552
42.99193088
43.10361124
43.20942237
43.31349872
43.4057576
43.49635553
43.5907706
43.7074654
43.81446046
43.95063939
44.11868537
44.29645007
44.42568542
44.54257239
44.64836514
44.74305202
44.79876342
44.82105071
44.83628483
44.85673729
44.86082838
44.86491967
44.87310286
44.89682549
44.91216409
44.92571732
44.93288208
44.94543651
44.96013852
44.96932027
44.99098336
45.01270638
45.05148839
45.08062325
45.10803343
45.11677905
45.14257413
45.17028025
45.19396327
45.21618951
45.24397303
45.25506385
45.25141128
45.25885314
45.28256094
45.31770184
45.35283835
45.37611747
45.42007669
45.48728642
45.53527582
45.56812287
45.61314428
45.67870978
45.76034939
45.85626404
45.9664305
46.05841922
46.12565906
46.17294471
46.21881402
46.23864406
46.26622595
46.31564584
46.34700858
46.38161924
46.44031003
46.52085472
46.58289066
46.61771212
46.6361747
46.65491205
46.67711972
46.70972414
46.7440737
46.78755993
46.82017853
46.82920927
46.84552098
46.87395608
46.88343326
46.91141721
46.97141576
47.04050098
47.10767013
47.19337991
47.27586916
47.34685811
47.39410798
47.43240924
47.47040281
47.49053781
47.49950924
47.50400016
47.51208049
47.52240952
47.53052476
47.54630584
47.56703166
47.572984
47.57947069
47.57614896
47.56883863
47.56511261
47.54426292
47.51788945
47.47880773
47.42971631
47.40197323
47.37517182
47.35746444
47.33994362
47.32884425
47.32419197
47.30507655
47.28774121
47.28611362
47.28514552
47.29302248
47.28296417
47.27774894
47.27735243
47.28795159
47.29794885
47.30524644
47.29423803
47.25750936
47.23171252
47.20190168
47.151031
47.11601609
47.0707575
47.0326174
46.9839891
46.92996661
46.90709873
46.91537869
46.91537869
46.92780007
46.92780007
46.92780007
46.93681922
46.95338694
46.9425954
46.94009274
46.94588648
46.95169064
46.93500018
46.93836827
46.93274404
46.94409605
46.97826865
47.04995521
47.11673919
47.14179491
47.14597149
47.14428244
47.14845933
47.14845933
47.1526364
47.1526364
47.15343763
47.15761534
47.15761534
47.16259774
47.15754052
47.15498279
47.15626342
47.14886618
47.15053347
47.13518411
47.10318695
47.07581576
47.05058039
47.01983683
46.98282319
46.96602838
46.96850159
46.94788266
46.94224623
46.91749481
46.88097027
46.86788583
46.84844005
46.82700395
46.81094307
46.79599345
46.75764797
46.72890207
46.72572514
46.72572514
46.71613926
46.67888961
46.62568454
46.58740373
46.58208507
46.58208507
46.5661297
46.53625543
46.50863159
46.4991907
46.48384127
46.46583969
46.47016994
46.48999869
46.49655468
46.51198315
46.54753849
46.54197789
46.53840386
46.56641774
46.59830292
46.61721058
46.61784633
46.66248501
46.71150163
46.72618475
46.74089619
46.77959242
46.86601766
46.944774
46.93756813
47.003224
47.09341512
47.11756313
47.15104422
47.2061579
47.24540555
47.22372565
47.21247776
47.21238089
47.19466877
47.19244759
47.19539194
47.19539194
47.19539194
47.20707598
47.22917756
47.24686171
47.26454841
47.29079349
47.34960267
47.44101997
47.52939244
47.59699731
47.64558807
47.67511265
47.67955282
47.67888879
47.67888879
47.68022886
47.67672732
47.66797127
47.6626866
47.66031107
47.65651659
47.64407858
47.63785859
47.63186626
47.63044407
47.62607285
47.6216442
47.6216442
47.62611494
47.62484053
47.61783159
47.60636017
47.58730761
47.5506018
47.5015703
47.4354481
47.37396289
47.30359542
47.237957
47.18799171
47.14838809
47.13705456
47.13203334
47.11280075
47.10318347
47.08309565
47.04292579
47.01280346
47.00276365
46.99774393
46.97264713
46.93249856
46.90198943
46.88341658
46.86757493
46.85135523
46.83554357
46.80395904
46.7713229
46.75203004
46.70768395
46.62882626
46.55345859
46.47421808
46.39641207
46.3296476
46.26907941
46.25838986
46.25838986
46.27807138
46.28299209
46.2845039
46.29055552
46.29509881
46.31538332
46.32297798
46.32754001
46.33228861
46.34330736
46.382785
46.42362946
46.47598988
46.52392439
46.53051142
46.53066789
46.53066789
46.53066789
46.5354097
46.55912093
46.58605348
46.61421517
46.64169619
46.66379812
46.693703
46.66129527
46.60705514
46.6110928
46.65435968
46.69818479
46.72759052
46.73765484
46.7394224
46.74094572
46.74246947
46.747317
46.74253362
46.75707842
46.79406679
46.86156099
46.93386053
46.99986507
47.03897515
47.05155153
47.08548644
47.09130162
47.07125948
47.05881091
47.06009413
47.05137802
47.05160087
47.05160087
47.05651054
47.06633026
47.07124032
47.07124032
47.06655607
47.06187196
47.052963
47.03914904
47.02113765
47.00544844
46.96519333
46.93002546
46.89007214
46.86018039
46.84873055
46.82679562
46.81385562
46.81418711
46.81418711
46.81730507
46.80963009
46.80672016
46.81636223
46.83176168
46.81907397
46.8104149
46.7767652
46.74759309
46.73265707
46.72395857
46.72154521
46.71652384
46.69490402
46.63178439
46.56603881
46.48270051
46.41122986
46.3419323
46.24755063
46.17236194
46.12019509
46.09769132
46.09354862
46.08896093
46.08437341
46.07061177
46.04354645
46.00441812
45.96044905
45.90405521
45.84199479
45.78969473
45.7562578
45.72015826
45.66653299
45.61807703
45.56233944
45.52832827
45.52167797
45.53607639
45.54823363
45.55023451
45.55576536
45.5647226
45.56221343
45.55679134
45.56379313
45.56802241
45.5689264
45.57419743
45.57041107
45.54952128
45.5258712
45.51757736
45.5037722
45.49825641
45.50923877
45.52964253
45.54494669
45.56712126
45.59558051
45.69075056
45.8201068
45.93158691
45.99672132
46.04068513
46.05954334
46.06305216
46.08030663
46.11612195
46.13147319
46.13659052
46.14361069
46.15767088
46.17016985
46.15949761
46.14623199
46.13841251
46.12263852
46.10662108
46.09326977
46.09326977
46.09326977
46.07459917
46.03814732
45.99547714
45.95017993
45.89074844
45.82513961
45.75335193
45.66876639
45.59713858
45.55359123
45.52702896
45.49454627
45.47091296
45.46830422
45.45866358
45.44564398
45.42745431
45.42805958
45.44564585
45.4732364
45.50646717
45.54354624
45.58078892
45.63555739
45.72241709
45.80867339
45.9074895
46.00543799
46.06458067
46.07530048
46.03868694
46.00987316
46.0052639
46.00385373
46.0122454
46.0122454
46.02063871
46.05162737
46.10328475
46.16528914
46.22214154
46.21087602
46.18666929
46.1505682
46.10936671
46.06253733
46.02829934
45.99820017
45.98480287
45.98480287
45.98051117
45.98051117
45.98051117
45.98246443
45.98637214
45.98832658
45.99028142
45.99223666
45.98561168
45.98561168
45.98756802
45.98756802
45.98327815
45.97665616
45.97861378
45.98840782
45.99320222
45.99410395
45.9904099
45.98156177
45.96420735
45.92875844
45.87431769
45.82597103
45.79777562
45.77926736
45.77385827
45.77723306
45.77423732
45.77468731
45.77332416
45.7681001
45.77012935
45.77012935
45.77215899
45.77418901
45.77178264
45.78264985
45.81005674
45.85098269
45.87631074
45.9081648
45.95793066
46.00374369
46.05493329
46.09900881
46.13692139
46.16437919
46.17284062
46.17495693
46.17495693
46.17495693
46.17495693
46.17495693
46.17495693
46.17495693
46.18554414
46.19311248
46.19252462
46.18597411
46.18168839
46.17333085
46.16391471
46.1536652
46.13894437
46.12294665
46.11904388
46.11403276
46.11403276
46.10886814
46.11322575
46.10556085
46.107114
46.10447872
46.09790145
46.08781635
46.07184892
46.06725109
46.06760394
46.06760394
46.06760394
46.0727381
46.0727381
46.09327598
46.13885827
46.20276253
46.28175223
46.35764318
46.4460401
46.55184235
46.66278097
46.76298938
46.85881255
46.96019296
47.03131179
47.08088258
47.12887851
47.15527646
47.16002144
47.16002144
47.16002144
47.16823429
47.18972004
47.20394222
47.22163613
47.26129885
47.31912147
47.35862104
47.35862104
47.35862104
47.36098291
47.3657077
47.37516141
47.37956601
47.37924409
47.3816109
47.38602879
47.38272179
47.38655301
47.39107779
47.38755732
47.39176921
47.3957332
47.3944383
47.39869843
47.39465081
47.38699785
47.38549929
47.39242221
47.39484743
47.39484743
47.39484743
47.39727299
47.39969888
47.4045517
47.41167173
47.41864847
47.44785078
47.47697164
47.51606272
47.56504747
47.63138921
47.67546066
47.74050187
47.81926504
47.90584669
47.97343794
48.03299889
48.07846618
48.11186171
48.13261385
48.14830325
48.16297144
48.17359511
48.18168608
48.18573185
48.19231042
48.1999102
48.19779262
48.20227542
48.21970589
48.23411463
48.26569671
48.29418874
48.32261658
48.33830968
48.34989499
48.34756289
48.33943519
48.33537161
48.32573855
48.30136551
48.2891815
48.2891815
48.28835055
48.28752071
48.28752071
48.27773794
48.26306471
48.25328319
48.23139315
48.20205681
48.16131964
48.11164876
48.02861936
47.90658451
47.79206979
47.71184096
47.65536547
47.58590685
47.51882499
47.48838748
47.48787517
47.50443862
47.53343184
47.58315573
47.61718148
47.63166735
47.64411733
47.64411733
47.64411733
47.64411733
47.64411733
47.64411733
47.64411733
47.64411733
47.65342246
47.66115704
47.67405446
47.69267391
47.70613257
47.72687492
47.76209136
47.78933977
47.79673674
47.7970732
47.79775323
47.79137331
47.79466731
47.80020778
47.79574236
47.79906648
47.7953575
47.79466019
47.7966204
47.80125129
47.79413942
47.79762319
47.80172301
47.79642822
47.79878311
47.79763778
47.79075126
47.79944412
47.8185918
47.8312719
47.84313782
47.84253118
47.84519442
47.84935362
47.84664813
47.85703006
47.86172663
47.87831696
47.91373057
47.94881888
48.00841856
48.05849741
48.11498193
48.16569403
48.19666636
48.2048068
48.19753685
48.1977452
48.20669021
48.20669021
48.20669021
48.2024459
48.2024459
48.20516606
48.19405142
48.17030826
48.16173394
48.15678988
48.15728545
48.14874652
48.14695381
48.14353409
48.14408862
48.14865583
48.1416882
48.14112498
48.14384233
48.15452154
48.16520977
48.17312018
48.18955665
48.19719832
48.2161673
48.21857016
48.23741852
48.24294387
48.26009299
48.294448
48.32265222
48.37036512
48.40988678
48.44718453
48.47897606
48.49979891
48.5088354
48.51654235
48.52233568
48.52233659
48.51511845
48.51595144
48.535856
48.54405605
48.55507014
48.55428683
48.55644908
48.5672634
48.58125465
48.59805653
48.5988611
48.59933111
48.60426334
48.61516728
48.61581223
48.61518043
48.62503158
48.64234409
48.66813202
48.68502098
48.71489996
48.75355771
48.78193492
48.81208782
48.83366638
48.85500098
48.86054797
48.87048326
48.87920916
48.87919615
48.87918423
48.8835382
48.89660978
48.92126874
48.95294055
48.98899691
49.02666681
49.06888964
49.10725898
49.14744754
49.1931766
49.25913377
49.3096911
49.34296762
49.37111048
49.37608905
49.38476048
49.38328541
49.37453381
49.36828239
49.3730442
49.39568815
49.41030505
49.42973878
49.45402128
49.48352232
49.51314716
49.54703585
49.58808702
49.63660051
49.66912887
49.70099166
49.73718988
49.77857227
49.8147699
49.84614352
49.86904528
49.89518157
49.90724244
49.92646592
49.93102379
49.92535031
49.92251398
49.92251398
49.92423695
49.93052037
49.93742664
49.96716286
50.00144547
50.02894832
50.06218729
50.07687563
50.09445491
50.12072465
50.13845226
50.16602729
50.19371428
50.22091079
50.23897824
50.25926161
50.27272148
50.28220134
50.30155991
50.32396525
50.34824488
50.38118885
50.40427718
50.42157587
50.43863954
50.4510847
50.45824026
50.47031008
50.49976473
50.54901433
50.60108227
50.65130874
50.70156652
50.76201824
50.84110227
50.91628973
50.96229586
50.98824115
51.0216037
51.05423616
51.07363205
51.08096931
51.07855456
51.09797165
51.12399626
51.15664274
51.1873554
51.21343567
51.23839484
51.27471879
51.32431259
51.36339759
51.37599823
51.3980059
51.41699839
51.42278469
51.43081406
51.42694921
51.42694921
51.42694921
51.42694921
51.42694921
51.42152735
51.4161066
51.41068696
51.39243969
51.34364314
51.27546886
51.22028943
51.16639145
51.09085015
50.95023379
50.80059519
50.67720049
50.55359342
50.43958461
50.38654508
50.38178919
50.38657663
50.38657663
50.38657663
50.41921563
50.4505951
50.46282212
50.47416875
50.51187243
50.55753645
50.57824368
50.58479851
50.63085596
50.7208515
50.8213462
50.90935257
50.97378517
51.02649869
51.06963799
51.09577514
51.10895372
51.13204255
51.16156996
51.17315823
51.20232293
51.21691291
51.24026857
51.24543501
51.25833242
51.25476248
51.24154694
51.23978257
51.24492299
51.22898512
51.22277168
51.23600572
51.2292871
51.20430173
51.19075369
51.18860922
51.20539797
51.21704319
51.22382579
51.2320583
51.24029565
51.24853785
51.24819855
51.24559144
51.23777184
51.21341734
51.17982481
51.13987546
51.05746566
50.9334027
50.77175182
50.61823651
50.49325618
50.38097007
50.27440855
50.19270386
50.10523146
50.04836532
50.01057121
50.00553719
50.00553719
50.00553719
50.00553719
50.02052953
50.0390471
50.04376124
50.06376758
50.06495079
50.07614084
50.093527
50.11974216
50.15595962
50.21356117
50.25361637
50.28747628
50.31908632
50.34712363
50.36523984
50.38081016
50.38615934
50.38626862
50.39634399
50.39634399
50.40138182
50.40138182
50.40263454
50.41282664
50.41810428
50.4261076
50.44668781
50.46225756
50.47014624
50.47662431
50.47917211
50.48810621
50.50221641
50.51652507
50.53475449
50.55702045
50.57696253
50.58795062
50.60649831
50.60961891
50.61275539
50.63489245
50.65864968
50.67631369
50.69780247
50.71024125
50.71704387
50.71467328
50.71227124
50.70240073
50.67892723
50.66532473
50.65918924
50.62756691
50.5976523
50.58271943
50.57663275
50.55556936
50.55183835
50.55382959
50.57554462
50.57716259
50.58122997
50.58977504
50.59251144
50.58738596
50.54917627
50.48672539
50.40787538
50.32697221
50.19691373
50.07725029
49.93737269
49.82643398
49.73130108
49.67555423
49.64161709
49.64173459
49.64212001
49.64732352
49.66813845
49.67854646
49.6837506
49.69415915
49.73059191
49.76466788
49.78882737
49.80072546
49.80794785
49.80999868
49.82486351
49.85020413
49.86719506
49.87809509
49.91289367
49.94038112
49.95741908
49.95885129
49.95679085
49.95118352
49.95390896
49.94538751
49.94442189
49.95855017
49.96972502
49.97268847
49.97268847
49.97404545
49.98501594
49.97399934
49.94435173
49.90222095
49.84680103
49.79305252
49.74395107
49.71605251
49.68811234
49.67352438
49.6766149
49.6766149
49.6766149
49.6766149
49.67970629
49.68279858
49.67925802
49.6706262
49.68263041
49.7031174
49.68590223
49.6771401
49.67750615
49.68327746
49.70766887
49.73639092
49.76740101
49.80142785
49.83462837
49.84874161
49.85381342
49.84645625
49.84758137
49.84758137
49.84546406
49.84123048
49.84772318
49.85535534
49.8652886
49.85705399
49.83717939
49.81526282
49.80625611
49.78281305
49.75856851
49.73111425
49.69753223
49.6562085
49.6320075
49.59710807
49.56231003
49.53372916
49.51710216
49.50286335
49.48661164
49.47240996
49.45620071
49.43597107
49.40632178
49.36928236
49.34314412
49.29819504
49.26020897
49.23564454
49.21121433
49.18332176
49.16291732
49.14461649
49.12266008
49.10266329
49.08863434
49.07285228
49.05343044
49.03605446
49.03021031
49.03015379
49.01731072
49.00639391
48.99900898
48.99895647
48.99313375
48.97967759
48.96949457
48.96263691
48.94093763
48.93205402
48.91244633
48.87486506
48.83194449
48.79111972
48.76330307
48.74480961
48.71336991
48.69138179
48.68038817
48.67118101
48.66747204
48.66191143
48.64906223
48.62552365
48.6193698
48.5929549
48.56659947
48.55269199
48.54720661
48.53801073
48.52874094
48.51406165
48.48833959
48.4351173
48.39282968
48.37070081
48.34678993
48.29911927
48.24597024
48.18915811
48.13438727
48.11239787
48.11056804
48.09775189
48.09592377
48.06982607
48.01415572
47.95913698
47.90252118
47.88511626
47.88351791
47.87802052
47.85603178
47.8175546
47.75709852
47.6762532
47.57108526
47.48682435
47.46172723
47.45438484
47.44883676
47.4432922
47.44144479
47.44144479
47.43045732
47.4286099
47.42467552
47.40605703
47.39137302
47.38214417
47.37292509
47.3563554
47.33247744
47.31969485
47.28873586
47.25242952
47.22418176
47.18088259
47.10377878
47.03296015
46.99856829
46.99700585
47.00590522
46.97964431
46.95004954
46.9463084
46.94988071
46.95524217
46.94403293
46.93782211
46.9281713
46.88495259
46.8069592
46.70365749
46.61444724
46.51097494
46.38070603
46.13844441
45.84284216
45.55422406
45.2680881
45.00154271
44.7647762
44.55018634
44.31268266
44.09297954
43.90110009
43.65073784
43.38868225
43.11404459
42.84145269
42.59368461
42.31194238
42.01642913
41.67970911
41.31141326
40.88024375
40.38802527
39.8897865
39.43498956
39.02942038
38.67754747
38.4023875
38.18136965
38.02341992
38.00463908
38.12079493
38.30711727
38.44919698
38.49412373
38.53180124
38.49585657
38.47065433
38.46602586
38.47628673
38.4617317
38.47292871
38.50615075
38.54562952
38.56308457
38.59659569
38.66280563
38.77408408
38.83268055
38.86319338
38.89807898
38.95043482
38.99544749
39.01213053
39.02875159
39.03637937
39.06855692
39.08607768
39.08366351
39.10677932
39.21082075
39.29773904
39.32641313
39.34798019
39.38269261
39.42853849
39.48233066
39.54491528
39.62857041
39.70228539
39.7937794
39.87370204
39.88801732
39.92866626
40.02495747
40.16691142
40.2687703
40.3248488
40.38977303
40.49963392
40.54740311
40.56040192
40.56590792
40.5876704
40.59516228
40.59954377
40.60392536
40.62369644
40.68737702
40.74879814
40.83545019
40.94883964
41.04526483
41.14643704
41.24251582
41.36590439
41.4895045
41.62485288
41.7892152
41.90193595
41.9311035
41.96239925
42.05452329
42.1744518
42.27172566
42.4095298
42.5829504
42.74452822
42.86836882
42.9808397
43.08921681
43.19932201
43.28368955
43.34916904
43.37969705
43.39470539
43.39857378
43.39857378
43.39857378
43.39614566
43.39614566
43.39614566
43.39614566
43.39614566
43.39614566
43.39614566
43.42864551
43.48977432
43.59299887
43.68208303
43.7542012
43.86702017
44.02925786
44.121131
44.17030168
44.21115472
44.30386625
44.39096998
44.43377967
44.46500124
44.50149911
44.56435669
44.61130105
44.65092271
44.72363485
44.78147895
44.79772646
44.80909465
44.86089217
44.93525425
44.97414303
45.00440029
45.04176165
45.12942877
45.202264
45.23776447
45.25073673
45.29864969
45.35700779
45.40114765
45.46259791
45.57803039
45.68173996
45.76271164
45.87442275
45.99064579
46.05825904
46.10699887
46.13640979
46.17214672
46.18696391
46.20936191
46.25266502
46.28689071
46.33102711
46.35156311
46.37641411
46.42333414
46.47887048
46.54302082
46.62201158
46.69051717
46.74811618
46.81547511
46.86499316
46.90217867
46.93113521
46.97474223
47.02224594
47.05803082
47.08487699
47.10048147
47.09463756
47.09823464
47.09841514
47.11070117
47.11158565
47.11826977
47.11826977
47.11826977
47.11758981
47.11418433
47.10886085
47.11217042
47.11596822
47.12219543
47.12414767
47.1204148
47.12348784
47.12232118
47.11690651
47.12155357
47.12135246
47.11815536
47.12085407
47.11333953
47.11637422
47.11754036
47.12492403
47.12720628
47.12703021
47.12703021
47.12438977
47.12455694
47.11665834
47.1076654
47.10317289
47.10241471
47.08199932
47.03607149
46.95444537
46.86265194
46.77234149
46.67210855
46.61324504
46.59131211
46.57253524
46.55005566
46.52390209
46.50154712
46.48088695
46.45634545
46.44244618
46.43221696
46.42710253
46.41687402
46.406646
46.39570192
46.38547599
46.36502558
46.34245149
46.30388144
46.26674896
46.23984954
46.22385578
46.21875343
46.21875343
46.21228844
46.19495572
46.18408481
46.1827419
46.1827419
46.1827419
46.16235483
46.13997786
46.11566334
46.09650723
46.08186302
46.06096832
46.05442539
46.04035846
45.98163042
45.92685459
45.88358054
45.87448118
45.85311653
45.83187228
45.8337269
45.85620212
45.85871533
45.88818616
45.9114001
45.91079935
45.93160167
46.0060733
46.08555491
46.12542695
46.18589164
46.26092104
46.27737601
46.28238112
46.29978639
46.37649463
46.42247741
46.44792305
46.47056317
46.50276548
46.53501872
46.56862586
46.57373326
46.58070097
46.58137087
46.57837143
46.56088016
46.51102012
46.47588009
46.44580335
46.4387692
46.44111535
46.44114613
46.43444974
46.44778945
46.428521
46.39777766
46.35935399
46.32639141
46.28017487
46.26621139
46.26106899
46.2537027
46.25002197
46.25002197
46.24953861
46.24404936
46.23904242
46.24809565
46.27525922
46.3522543
46.4651175
46.5356258
46.57731079
46.59964952
46.66489963
46.67264538
46.61502676
46.60716253
46.66701809
46.70427734
46.70427734
46.7061033
46.7061033
46.71585743
46.71585743
46.71585743
46.71585743
46.71585743
46.71585743
46.71585743
46.71585743
46.71585743
46.7109803
46.7109803
46.7109803
46.7109803
46.7109803
46.71072933
46.70072801
46.69048567
46.68951715
46.67906325
46.66885845
46.6540247
46.64383772
46.63366068
46.60890497
46.57465807
46.52584911
46.50503167
46.48467493
46.47909584
46.4720574
46.47655267
46.47471906
46.47471906
46.46987257
46.45533396
46.4453018
46.4347885
46.41495089
46.41917302
46.4138878
46.403784
46.38900601
46.37880261
46.35872723
46.32242595
46.30250873
46.28738366
46.28659804
46.25554592
46.24080036
46.22616117
46.21629842
46.19698635
46.17287515
46.163104
46.16768817
46.14374764
46.12937364
46.13781906
46.20644986
46.2274021
46.22265532
46.22449881
46.23294636
46.23294636
46.23663584
46.2421731
46.24771401
46.2723446
46.30575084
46.32484319
46.34101005
46.3792039
46.46776748
46.54102631
46.57321293
46.6159629
46.65127566
46.64662451
46.64560171
46.65299297
46.64439799
46.63025667
46.63039986
46.63047322
46.66104015
46.68976116
46.70420695
46.71269307
46.72194451
46.72465094
46.70015137
46.68729205
46.6592182
46.63882927
46.62004733
46.58390486
46.53848887
46.49795522
46.46209721
46.43046009
46.4079977
46.40396529
46.41874628
46.45275367
46.48190826
46.48676784
46.49162756
46.51592822
46.55555707
46.5757446
46.57395904
46.58443314
46.63080642
46.67256156
46.68477042
46.70801029
46.72290108
46.73120408
46.69839982
46.64851348
46.62603668
46.59022416
46.54863975
46.52428299
46.51137078
46.52313194
46.52503536
46.53265298
46.54144955
46.55863887
46.5610887
46.57342503
46.58879404
46.60611434
46.62539655
46.64598228
46.67311727
46.708118
46.74715625
46.78242403
46.83544557
46.87283955
46.89946946
46.91623763
46.94665012
46.98740453
47.01677583
47.03635934
47.05594497
47.07553271
47.09220028
47.09812873
47.11197526
47.1249118
47.13589641
47.14491929
47.14509079
47.1481711
47.15235851
47.14419871
47.14499107
47.14259477
47.15128997
47.15115729
47.15433233
47.14286939
47.13712015
47.12651972
47.11469358
47.11224906
47.11224906
47.11224906
47.11224906
47.12002188
47.11884399
47.10424339
47.10274063
47.0947411
47.10055761
47.10844733
47.11463524
47.11669863
47.11876239
47.11807512
47.10571798
47.07313373
47.03317335
47.00592534
46.98130033
46.95526592
46.94124636
46.92791169
46.92791169
46.92791169
46.92791169
46.92791169
46.93002364
46.93614545
46.92471948
46.90674501
46.89321965
46.89282075
46.89474691
46.8945543
46.89667765
46.90517478
46.90942558
46.91155153
46.906753
46.89032994
46.87209817
46.86489988
46.86459798
46.85954853
46.85954853
46.85069216
46.85269067
46.8473729
46.83095144
46.82556559
46.84437416
46.85833311
46.88430551
46.90808677
46.93447967
46.97857473
47.0355502
47.09501013
47.14542844
47.17299822
47.17849489
47.18532945
47.17663367
47.16786148
47.16347564
47.16347564
47.16347564
47.16794303
47.17688213
47.18057076
47.19400559
47.20745335
47.22989494
47.24976369
47.28355528
47.31968809
47.35755582
47.38847862
47.43152979
47.47957905
47.52778335
47.56670466
47.61493073
47.66356835
47.72135501
47.76797432
47.81473159
47.86162641
47.903949
47.93444088
47.95079471
47.96968311
47.99339267
47.99804213
48.00512449
48.00750347
48.0098828
48.01420096
48.01420096
48.01420096
48.01658043
48.02327818
48.02327818
48.02803843
48.03280003
48.03277662
48.04378703
48.04571097
48.04572196
48.05008766
48.05446646
48.06318552
48.06044777
48.06532989
48.06301947
48.06930477
48.07362502
48.07848383
48.07630858
48.07664774
48.0834446
48.10206305
48.12569944
48.15277582
48.19134332
48.22103724
48.22840502
48.23047686
48.23047686
48.23291378
48.23535103
48.23535103
48.24402926
48.25008306
48.25578708
48.25924686
48.27229728
48.29596489
48.31918437
48.33926644
48.36735982
48.39424368
48.40685825
48.4131192
48.42087936
48.42655961
48.4251015
48.42764513
48.42764513
48.43449335
48.43449335
48.44296806
48.45992959
48.4720334
48.49078185
48.52127918
48.54340565
48.5712662
48.60633455
48.63260655
48.67119157
48.69936331
48.71738552
48.72654561
48.72239395
48.71993239
48.72032747
48.72143138
48.72576278
48.73893747
48.75203715
48.7563021
48.76942365
48.78255772
48.79121026
48.79981978
48.81549363
48.82670324
48.84426667
48.86882184
48.89975384
48.92882807
48.96762978
48.99963295
49.03053462
49.05390512
49.06127943
49.06791991
49.07756393
49.07320847
49.07768752
49.07768752
49.07768752
49.07582506
49.07465788
49.07611965
49.07574131
49.08434578
49.08792661
49.10170628
49.12073094
49.13897361
49.15724172
49.17381575
49.19322858
49.21271808
49.22972548
49.2492228
49.26862301
49.28692388
49.30304087
49.31415593
49.33334384
49.33396572
49.34847026
49.35216529
49.35449062
49.35111761
49.35372465
49.35397486
49.36331252
49.37771167
49.39720781
49.42613377
49.4514445
49.48206319
49.5269259
49.57699293
49.6277575
49.66932169
49.71000061
49.73828003
49.77939046
49.80595167
49.81785164
49.82292481
49.82292481
49.82292481
49.82755204
49.83217941
49.8342243
49.84294536
49.85835165
49.88143619
49.90129467
49.91798076
49.93429307
49.95016182
49.96507777
49.97388085
49.97707378
49.98959602
50.02123461
50.046712
50.06810191
50.08488932
50.11308495
50.13198787
50.13477777
50.13182426
50.14117202
50.1526542
50.16373707
50.17911291
50.19308867
50.21161357
50.22455074
50.23468562
50.24895605
50.25124069
50.2611973
50.2645206
50.26979282
50.27665878
50.2831812
50.30061549
50.30892547
50.3329606
50.35293763
50.3672775
50.39140392
50.4130839
50.43768081
50.46172395
50.47953708
50.50332577
50.51162175
50.51584293
50.51509137
50.52383694
50.52786994
50.53937825
50.53937825
50.53937825
50.54163599
50.54841452
50.56131451
50.57699317
50.59976961
50.61805445
50.63110751
50.64274963
50.64504696
50.64258801
50.64878584
50.6578445
50.68121609
50.68080863
50.67346593
50.60342021
50.52721767
50.46056516
50.44628549
50.43406786
50.44796891
50.44620563
50.44620563
50.44620563
50.43806758
50.3982952
50.34135834
50.2809812
50.2479138
50.21023194
50.17579773
50.1382108
50.10135206
50.04586855
49.97427537
49.89549313
49.81519569
49.73502038
49.68096247
49.65688292
49.6520987
49.6520987
49.6520987
49.65694502
49.66179147
49.66179147
49.67148471
49.6908726
49.71102674
49.72941806
49.73970381
49.75976851
49.78557282
49.81148265
49.83832056
49.88312913
49.91680011
49.94597726
49.98360832
50.01485029
50.03467029
50.04909382
50.0509401
50.0509401
50.0509401
50.0509401
50.0509401
50.05585736
50.05585736
50.05585736
50.05585736
50.06569222
50.07090504
50.07406368
50.08618579
50.10422454
50.12430933
50.1270629
50.12252669
50.1203619
50.13556701
50.14349555
50.14392977
50.14157209
50.12183162
50.06991536
50.01308553
49.95484046
49.90924684
49.88830735
49.8652377
49.85206181
49.8400704
49.81222355
49.76277179
49.69023221
49.63605555
49.58188682
49.49116479
49.37028758
49.24156936
49.14745605
49.06318043
48.99775128
48.93988076
48.90777163
48.90861527
48.91134672
48.91134672
48.91639353
48.92648748
48.93153461
48.93553889
48.95364013
48.9637327
48.98434391
48.99255794
48.99616601
48.99748605
49.00388052
49.01600028
49.02232674
49.02642358
49.02887224
49.04606746
49.0734495
49.08394492
49.09409284
49.10494302
49.10672003
49.11292049
49.12646153
49.1355116
49.13725396
49.12602079
49.13004108
49.14315451
49.15737696
49.16491799
49.16518178
49.17058248
49.17381172
49.16313696
49.16326429
49.15162019
49.13984658
49.11018002
49.0598496
49.02674316
48.98681607
48.93541692
48.88019099
48.83677509
48.82087879
48.81246559
48.81246559
48.81246559
48.81246559
48.81246559
48.81246559
48.81246559
48.81246559
48.8164848
48.81936049
48.81936049
48.81936049
48.82338065
48.82223869
48.82109785
48.82800263
48.83088838
48.85100668
48.86902943
48.88915755
48.90526328
48.91121931
48.91910825
48.9105646
48.90770714
48.90868547
48.90367841
48.8968338
48.89827906
48.8978316
48.88736266
48.87285053
48.88319438
48.88854953
48.87045904
48.84414937
48.82798929
48.82193525
48.82193525
48.82193525
48.83100481
48.83913294
48.83913294
48.84121529
48.86564817
48.89421106
48.91064905
48.92926038
48.93179878
48.93474465
48.93407264
48.93778809
48.93520812
48.93612825
48.94686288
48.96542117
48.97362661
48.98613953
49.01097462
49.04896555
49.1003134
49.19581497
49.28104631
49.29748579
49.31696225
49.3846096
49.43891012
49.46451876
49.46964078
49.51061959
49.57411469
49.61916047
49.67035475
49.75433832
49.80354255
49.80380959
49.79806074
49.79477965
49.80362556
49.80299508
49.80605893
49.8116602
49.80752188
49.80380322
49.79420005
49.77497097
49.7443075
49.71117962
49.69245247
49.69182284
49.68719164
49.67759212
49.67037095
49.66634629
49.6743884
49.67950387
49.67950387
49.67950387
49.68461944
49.68461944
49.68461944
49.68461944
49.68279538
49.67550289
49.6682164
49.66093592
49.65417014
49.65208202
49.64918928
49.63291775
49.59856395
49.56601951
49.54621045
49.55193424
49.55597037
49.53953178
49.51049968
49.49825687
49.49587088
49.44936588
49.31365867
49.18722812
49.07802078
49.01217611
48.95566338
48.90807124
48.85672502
48.76620898
48.64054041
48.49453347
48.3282614
48.15259687
47.92900163
47.70369643
47.51577691
47.29073611
47.06658811
46.87065378
46.70469282
46.58780477
46.45085246
46.22273568
45.86455224
45.29699415
44.61240119
43.89179298
43.08980497
42.24570813
41.43506769
40.71235285
40.07446204
39.51236092
48.17410495
