9.302100
9.301908
9.301332
9.300373
9.299030
9.297302
9.295192
9.292697
9.289819
9.286558
9.282913
9.278884
9.274472
9.269677
9.264499
9.258939
9.252995
9.246668
9.239959
9.232868
9.225394
9.217539
9.209301
9.200682
9.191681
9.182299
9.172536
9.162392
9.151868
9.140963
9.129678
9.118013
9.105969
9.093545
9.080742
9.067561
9.054001
9.040063
9.025747
9.011054
8.995983
8.980536
8.964713
8.948513
8.931938
8.914987
8.897662
8.879962
8.861888
8.843440
8.824619
8.805426
8.785859
8.765921
8.745612
8.724931
8.703880
8.682459
8.660668
8.638508
8.615980
8.593084
8.569820
8.546189
8.522192
8.497829
8.473101
8.448008
8.422551
8.396730
8.370547
8.344000
8.317093
8.289824
8.262194
8.234205
8.205857
8.177150
8.148085
8.118663
8.088884
8.058749
8.028259
7.997415
7.966217
7.934666
7.902763
7.870508
7.837902
7.804946
7.771641
7.737987
7.703986
7.669637
7.634942
7.599902
7.564517
7.528789
7.492717
7.456303
7.419548
7.382453
7.345018
7.307244
7.269133
7.230684
7.191899
7.152779
7.113325
7.073538
7.033418
6.992966
6.952184
6.911072
6.869631
6.827863
6.785767
6.743346
6.700600
6.657531
6.614138
6.570423
6.526388
6.482032
6.437358
6.392366
6.347057
6.301433
6.255493
6.209240
6.162675
6.115798
6.068611
6.021114
5.973309
5.925197
5.876779
5.828056
5.779029
5.729700
5.680069
5.630138
5.579907
5.529379
5.478553
5.427432
5.376016
5.324307
5.272306
5.220014
5.167432
5.114561
5.061403
5.007959
4.954230
4.900218
4.845923
4.791346
4.736490
4.681356
4.625944
4.570256
4.514293
4.458056
4.401548
4.344768
4.287719
4.230402
4.172817
4.114967
4.056853
3.998475
3.939836
3.880937
3.821779
3.762363
3.702691
3.642765
3.582584
3.522152
3.461469
3.400537
3.339357
3.277931
3.216259
3.154344
3.092187
3.029789
2.967152
2.904277
2.841165
2.777819
2.714239
2.650427
2.586384
2.522112
2.457613
2.392888
2.327938
2.262764
2.197369
2.131754
2.065921
1.999870
1.933604
1.867123
1.800431
1.733527
1.666413
1.599092
1.531565
1.463832
1.395897
1.327760
1.259422
1.190887
1.122154
1.053226
0.984104
0.914790
0.845285
0.775591
0.705710
0.635644
0.565393
0.494959
0.424345
0.353551
0.282580
0.211433
0.140111
0.068617
-0.003049
-0.074884
-0.146886
-0.219055
-0.291389
-0.363885
-0.436542
-0.509358
-0.582333
-0.655463
-0.728748
-0.802186
-0.875774
-0.949512
-1.023398
-1.097429
-1.171605
-1.245923
-1.320382
-1.394980
-1.469716
-1.544587
-1.619592
-1.694729
-1.769997
-1.845393
-1.920916
-1.996565
-2.072337
-2.148231
-2.224245
-2.300377
-2.376625
-2.452989
-2.529465
-2.606053
-2.682750
-2.759555
-2.836465
-2.913480
-2.990597
-3.067815
-3.145132
-3.222545
-3.300054
-3.377656
-3.455350
-3.533134
-3.611006
-3.688965
-3.767008
-3.845133
-3.923340
-4.001625
-4.079988
-4.158426
-4.236939
-4.315522
-4.394177
-4.472899
-4.551688
-4.630541
-4.709457
-4.788434
-4.867471
-4.946564
-5.025714
-5.104917
-5.184171
-5.263476
-5.342829
-5.422229
-5.501673
-5.581160
-5.660688
-5.740255
-5.819859
-5.899498
-5.979171
-6.058876
-6.138611
-6.218374
-6.298163
-6.377976
-6.457812
-6.537669
-6.617545
-6.697437
-6.777345
-6.857266
-6.937199
-7.017141
-7.097091
-7.177047
-7.257008
-7.336970
-7.416933
-7.496895
-7.576854
-7.656807
-7.736753
-7.816691
-7.896618
-7.976533
-8.056433
-8.136318
-8.216184
-8.296031
-8.375856
-8.455657
-8.535433
-8.615182
-8.694902
-8.774591
-8.854248
-8.933870
-9.013455
-9.093003
-9.172510
-9.251976
-9.331398
-9.410774
-9.490104
-9.569384
-9.648613
-9.727789
-9.806911
-9.885976
-9.964983
-10.043930
-10.122814
-10.201636
-10.280391
-10.359080
-10.437699
-10.516247
-10.594722
-10.673123
-10.751447
-10.829693
-10.907859
-10.985944
-11.063944
-11.141860
-11.219688
-11.297427
-11.375075
-11.452631
-11.530092
-11.607457
-11.684725
-11.761892
-11.838958
-11.915921
-11.992779
-12.069530
-12.146172
-12.222704
-12.299124
-12.375430
-12.451620
-12.527693
-12.603647
-12.679480
-12.755191
-12.830777
-12.906237
-12.981569
-13.056771
-13.131842
-13.206780
-13.281583
-13.356250
-13.430779
-13.505167
-13.579414
-13.653518
-13.727476
-13.801288
-13.874951
-13.948464
-14.021826
-14.095033
-14.168086
-14.240981
-14.313718
-14.386295
-14.458709
-14.530960
-14.603046
-14.674965
-14.746715
-14.818295
-14.889703
-14.960937
-15.031996
-15.102879
-15.173583
-15.244106
-15.314449
-15.384607
-15.454581
-15.524368
-15.593967
-15.663377
-15.732595
-15.801619
-15.870450
-15.939084
-16.007521
-16.075758
-16.143794
-16.211628
-16.279258
-16.346682
-16.413899
-16.480907
-16.547706
-16.614292
-16.680665
-16.746824
-16.812766
-16.878490
-16.943995
-17.009278
-17.074340
-17.139178
-17.203790
-17.268175
-17.332332
-17.396259
-17.459955
-17.523418
-17.586647
-17.649640
-17.712396
-17.774914
-17.837191
-17.899227
-17.961020
-18.022569
-18.083872
-18.144928
-18.205735
-18.266292
-18.326598
-18.386651
-18.446451
-18.505994
-18.565281
-18.624309
-18.683078
-18.741586
-18.799832
-18.857814
-18.915531
-18.972981
-19.030164
-19.087079
-19.143722
-19.200095
-19.256194
-19.312019
-19.367569
-19.422842
-19.477837
-19.532553
-19.586988
-19.641142
-19.695012
-19.748599
-19.801899
-19.854913
-19.907639
-19.960076
-20.012223
-20.064077
-20.115640
-20.166908
-20.217881
-20.268557
-20.318937
-20.369017
-20.418798
-20.468278
-20.517456
-20.566330
-20.614900
-20.663165
-20.711123
-20.758774
-20.806115
-20.853147
-20.899868
-20.946277
-20.992373
-21.038154
-21.083620
-21.128771
-21.173603
-21.218118
-21.262313
-21.306188
-21.349741
-21.392972
-21.435879
-21.478463
-21.520720
-21.562652
-21.604256
-21.645532
-21.686479
-21.727095
-21.767381
-21.807334
-21.846954
-21.886241
-21.925193
-21.963809
-22.002089
-22.040031
-22.077635
-22.114900
-22.151825
-22.188409
-22.224651
-22.260551
-22.296107
-22.331319
-22.366186
-22.400707
-22.434882
-22.468709
-22.502188
-22.535318
-22.568099
-22.600528
-22.632607
-22.664334
-22.695708
-22.726729
-22.757395
-22.787707
-22.817663
-22.847263
-22.876506
-22.905392
-22.933919
-22.962088
-22.989896
-23.017345
-23.044433
-23.071159
-23.097524
-23.123525
-23.149164
-23.174438
-23.199349
-23.223894
-23.248073
-23.271887
-23.295333
-23.318413
-23.341125
-23.363468
-23.385443
-23.407048
-23.428284
-23.449149
-23.469644
-23.489767
-23.509519
-23.528898
-23.547905
-23.566539
-23.584799
-23.602686
-23.620198
-23.637336
-23.654098
-23.670485
-23.686496
-23.702131
-23.717389
-23.732270
-23.746774
-23.760900
-23.774649
-23.788019
-23.801010
-23.813623
-23.825857
-23.837711
-23.849185
-23.860279
-23.870994
-23.881327
-23.891280
-23.900852
-23.910043
-23.918852
-23.927280
-23.935326
-23.942990
-23.950272
-23.957172
-23.963689
-23.969824
-23.975575
-23.980944
-23.985930
-23.990533
-23.994752
-23.998589
-24.002041
-24.005111
-24.007796
-24.010098
-24.012017
-24.013551
-24.014702
-24.015469
-24.015852
-24.015852
-24.015467
-24.014699
-24.013547
-24.012011
-24.010092
-24.007789
-24.005102
-24.002031
-23.998577
-23.994740
-23.990519
-23.985915
-23.980928
-23.975558
-23.969805
-23.963670
-23.957151
-23.950251
-23.942967
-23.935302
-23.927255
-23.918826
-23.910015
-23.900823
-23.891250
-23.881296
-23.870961
-23.860246
-23.849150
-23.837675
-23.825820
-23.813585
-23.800971
-23.787978
-23.774607
-23.760858
-23.746730
-23.732225
-23.717343
-23.702083
-23.686447
-23.670435
-23.654047
-23.637284
-23.620145
-23.602632
-23.584744
-23.566483
-23.547848
-23.528840
-23.509459
-23.489706
-23.469582
-23.449086
-23.428220
-23.406983
-23.385376
-23.363400
-23.341056
-23.318343
-23.295262
-23.271814
-23.248000
-23.223819
-23.199273
-23.174362
-23.149086
-23.123446
-23.097444
-23.071078
-23.044351
-23.017262
-22.989812
-22.962002
-22.933832
-22.905304
-22.876417
-22.847173
-22.817572
-22.787615
-22.757302
-22.726634
-22.695613
-22.664237
-22.632510
-22.600430
-22.567999
-22.535217
-22.502086
-22.468606
-22.434778
-22.400602
-22.366080
-22.331212
-22.295998
-22.260441
-22.224540
-22.188297
-22.151712
-22.114786
-22.077521
-22.039916
-22.001972
-21.963692
-21.925074
-21.886121
-21.846834
-21.807212
-21.767258
-21.726971
-21.686354
-21.645406
-21.604129
-21.562524
-21.520591
-21.478333
-21.435749
-21.392840
-21.349608
-21.306054
-21.262178
-21.217982
-21.173467
-21.128633
-21.083482
-21.038014
-20.992232
-20.946135
-20.899725
-20.853004
-20.805971
-20.758628
-20.710977
-20.663018
-20.614752
-20.566181
-20.517306
-20.468127
-20.418646
-20.368864
-20.318783
-20.268403
-20.217725
-20.166751
-20.115482
-20.063919
-20.012063
-19.959916
-19.907478
-19.854751
-19.801737
-19.748435
-19.694848
-19.640977
-19.586822
-19.532386
-19.477669
-19.422673
-19.367400
-19.311849
-19.256023
-19.199923
-19.143549
-19.086905
-19.029990
-18.972806
-18.915354
-18.857637
-18.799654
-18.741407
-18.682899
-18.624129
-18.565100
-18.505812
-18.446268
-18.386468
-18.326414
-18.266107
-18.205549
-18.144741
-18.083685
-18.022381
-17.960831
-17.899038
-17.837001
-17.774723
-17.712205
-17.649448
-17.586454
-17.523224
-17.459761
-17.396064
-17.332136
-17.267978
-17.203592
-17.138979
-17.074141
-17.009079
-16.943794
-16.878289
-16.812564
-16.746621
-16.680462
-16.614089
-16.547501
-16.480703
-16.413694
-16.346476
-16.279051
-16.211420
-16.143586
-16.075549
-16.007311
-15.938874
-15.870239
-15.801409
-15.732383
-15.663165
-15.593755
-15.524155
-15.454367
-15.384393
-15.314234
-15.243891
-15.173366
-15.102662
-15.031779
-14.960719
-14.889484
-14.818076
-14.746495
-14.674745
-14.602826
-14.530739
-14.458488
-14.386073
-14.313496
-14.240758
-14.167862
-14.094809
-14.021601
-13.948240
-13.874726
-13.801062
-13.727250
-13.653291
-13.579187
-13.504940
-13.430551
-13.356022
-13.281355
-13.206551
-13.131613
-13.056541
-12.981338
-12.906006
-12.830546
-12.754959
-12.679248
-12.603415
-12.527461
-12.451387
-12.375197
-12.298890
-12.222470
-12.145938
-12.069295
-11.992544
-11.915686
-11.838722
-11.761656
-11.684488
-11.607221
-11.529855
-11.452394
-11.374838
-11.297189
-11.219450
-11.141621
-11.063706
-10.985705
-10.907620
-10.829454
-10.751208
-10.672883
-10.594482
-10.516006
-10.437458
-10.358839
-10.280150
-10.201394
-10.122573
-10.043688
-9.964741
-9.885734
-9.806668
-9.727547
-9.648370
-9.569141
-9.489861
-9.410532
-9.331155
-9.251733
-9.172267
-9.092759
-9.013212
-8.933626
-8.854004
-8.774347
-8.694658
-8.614938
-8.535189
-8.455413
-8.375611
-8.295786
-8.215940
-8.136073
-8.056189
-7.976288
-7.896374
-7.816447
-7.736509
-7.656562
-7.576609
-7.496650
-7.416689
-7.336726
-7.256763
-7.176803
-7.096847
-7.016896
-6.936954
-6.857021
-6.777100
-6.697193
-6.617300
-6.537424
-6.457568
-6.377732
-6.297919
-6.218130
-6.138367
-6.058632
-5.978927
-5.899254
-5.819615
-5.740011
-5.660444
-5.580917
-5.501430
-5.421986
-5.342587
-5.263234
-5.183929
-5.104674
-5.025471
-4.946322
-4.867229
-4.788192
-4.709215
-4.630299
-4.551446
-4.472658
-4.393936
-4.315282
-4.236698
-4.158186
-4.079748
-4.001385
-3.923100
-3.844894
-3.766769
-3.688726
-3.610768
-3.532896
-3.455112
-3.377419
-3.299817
-3.222308
-3.144895
-3.067578
-2.990361
-2.913244
-2.836230
-2.759319
-2.682515
-2.605818
-2.529231
-2.452755
-2.376392
-2.300144
-2.224012
-2.147998
-2.072105
-1.996333
-1.920685
-1.845162
-1.769766
-1.694499
-1.619362
-1.544357
-1.469487
-1.394752
-1.320154
-1.245695
-1.171378
-1.097202
-1.023171
-0.949286
-0.875549
-0.801961
-0.728524
-0.655239
-0.582109
-0.509135
-0.436319
-0.363662
-0.291167
-0.218834
-0.146666
-0.074664
-0.002829
0.068836
0.140330
0.211651
0.282797
0.353768
0.424561
0.495175
0.565608
0.635858
0.705925
0.775805
0.845498
0.915002
0.984316
1.053437
1.122364
1.191097
1.259632
1.327969
1.396105
1.464040
1.531772
1.599299
1.666619
1.733732
1.800635
1.867327
1.933807
2.000073
2.066123
2.131956
2.197570
2.262964
2.328137
2.393086
2.457811
2.522309
2.586581
2.650622
2.714434
2.778013
2.841359
2.904470
2.967344
3.029981
3.092378
3.154534
3.216449
3.278119
3.339545
3.400724
3.461655
3.522338
3.582769
3.642948
3.702874
3.762545
3.821960
3.881118
3.940016
3.998654
4.057031
4.115145
4.172994
4.230577
4.287894
4.344942
4.401721
4.458229
4.514464
4.570427
4.626114
4.681525
4.736659
4.791514
4.846089
4.900383
4.954395
5.008123
5.061566
5.114723
5.167593
5.220174
5.272466
5.324466
5.376174
5.427589
5.478709
5.529534
5.580061
5.630291
5.680221
5.729851
5.779180
5.828206
5.876928
5.925345
5.973456
6.021260
6.068756
6.115942
6.162818
6.209382
6.255634
6.301573
6.347196
6.392504
6.437495
6.482169
6.526523
6.570558
6.614271
6.657663
6.700732
6.743477
6.785897
6.827991
6.869759
6.911198
6.952309
6.993090
7.033541
7.073660
7.113447
7.152900
7.192019
7.230802
7.269250
7.307360
7.345133
7.382567
7.419661
7.456415
7.492828
7.528899
7.564626
7.600010
7.635049
7.669743
7.704090
7.738091
7.771743
7.805047
7.838002
7.870607
7.902861
7.934763
7.966313
7.997510
8.028353
8.058842
8.088976
8.118753
8.148174
8.177238
8.205944
8.234291
8.262280
8.289908
8.317176
8.344082
8.370627
8.396810
8.422629
8.448085
8.473177
8.497904
8.522266
8.546262
8.569892
8.593155
8.616050
8.638577
8.660735
8.682525
8.703945
8.724995
8.745674
8.765983
8.785920
8.805485
8.824678
8.843497
8.861944
8.880017
8.897716
8.915040
8.931989
8.948563
8.964762
8.980584
8.996030
9.011099
9.025791
9.040106
9.054043
9.067602
9.080782
9.093583
9.106006
9.118049
9.129713
9.140997
9.151900
9.162424
9.172566
9.182328
9.191709
9.200709
9.209327
9.217563
9.225418
9.232890
9.239980
9.246688
9.253014
9.258956
9.264516
9.269693
9.274486
9.278897
9.282924
9.286568
9.289829
9.292705
9.295199
9.297308
9.299034
9.300376
9.301335
9.301909
9.302100
9.301907
9.301330
9.300369
9.299025
9.297297
9.295185
9.292689
9.289810
9.286547
9.282901
9.278871
9.274458
9.269662
9.264483
9.258921
9.252976
9.246648
9.239938
9.232846
9.225371
9.217514
9.209275
9.200655
9.191653
