1.4888
1.4222
1.3820
1.3613
1.3578
1.3662
1.3746
1.3816
1.3717
1.3462
1.2897
1.2308
1.1501
1.0516
0.9454
0.8136
0.6834
0.5638
0.4607
0.3614
0.2776
0.2193
0.1763
0.1422
0.1068
0.0908
0.1003
0.1109
0.1317
0.1422
0.1526
0.1771
0.2002
0.2170
0.2210
0.2262
0.2237
0.2036
0.1821
0.1492
0.1025
0.0295
-0.0620
-0.1543
-0.2363
-0.3179
-0.3943
-0.4684
-0.5225
-0.5746
-0.6121
-0.6647
-0.7025
-0.7255
-0.7409
-0.7636
-0.7900
-0.8088
-0.8200
-0.8238
-0.8276
-0.8102
-0.7739
-0.7326
-0.6687
-0.6012
-0.5461
-0.4824
-0.4261
-0.3549
-0.2837
-0.2264
-0.1728
-0.1106
-0.0608
-0.0088
0.0641
0.1342
0.2029
0.2576
0.2813
0.2913
0.3162
0.3262
0.3326
0.3092
0.2650
0.2009
0.1257
0.0134
-0.0941
-0.2142
-0.3346
-0.4665
-0.6035
-0.7459
-0.8884
-1.0276
-1.1223
-1.1798
-1.2212
-1.2450
-1.2549
-1.2472
-1.2116
-1.1921
-1.1638
-1.1490
-1.1364
-1.1199
-1.1260
-1.1544
-1.2114
-1.2961
-1.4144
-1.5628
-1.7163
-1.8673
-2.0082
-2.1315
-2.2447
-2.3351
-2.4204
-2.4967
-2.5716
-2.6655
-2.7694
-2.8595
-2.9578
-3.0495
-3.1602
-3.2785
-3.4143
-3.5317
-3.6374
-3.7258
-3.8163
-3.8777
-3.9326
-3.9605
-3.9715
-3.9736
-3.9880
-4.0189
-4.0680
-4.1492
-4.2392
-4.3562
-4.4608
-4.5832
-4.7234
-4.8704
-5.0546
-5.2781
-5.5462
-5.8574
-6.1780
-6.5112
-6.8307
-7.1275
-7.3981
-7.6209
-7.7814
-7.8974
-7.9956
-8.0938
-8.2152
-8.3723
-8.5597
-8.7600
-8.9711
-9.2000
-9.4379
-9.6900
-9.9586
-10.2060
-10.4767
-10.7632
-11.0534
-11.3541
-11.6512
-11.9326
-12.1485
-12.3425
-12.5019
-12.6694
-12.8492
-13.0696
-13.3291
-13.6139
-13.9297
-14.2821
-14.6621
-15.0632
-15.4797
-15.8982
-16.3179
-16.7345
-17.1203
-17.4772
-17.7962
-18.0711
-18.2974
-18.4589
-18.5435
-18.5811
-18.6062
-18.6344
-18.6532
-18.6595
-18.6691
-18.6987
-18.7418
-18.8140
-18.9208
-19.0621
-19.2343
-19.4603
-19.7199
-20.0368
-20.3587
-20.6513
-20.8870
-21.0868
-21.2529
-21.3879
-21.5007
-21.6158
-21.7356
-21.8316
-21.9366
-22.0685
-22.2509
-22.4994
-22.7725
-23.0458
-23.3367
-23.6126
-23.9052
-24.2178
-24.5408
-24.8779
-25.2137
-25.5428
-25.8474
-26.1042
-26.3425
-26.5423
-26.7098
-26.8390
-26.9359
-27.0436
-27.1571
-27.3024
-27.4631
-27.6076
-27.7225
-27.8255
-27.9079
-28.0281
-28.1951
-28.4167
-28.6870
-28.9972
-29.3270
-29.6743
-30.0060
-30.3079
-30.5589
-30.7407
-30.8601
-30.9655
-31.0724
-31.1787
-31.2739
-31.3503
-31.4010
-31.4257
-31.4157
-31.3827
-31.3517
-31.3310
-31.3413
-31.3911
-31.4745
-31.5883
-31.7097
-31.8261
-31.9175
-31.9838
-31.9867
-31.9193
-31.8113
-31.6387
-31.4458
-31.2369
-31.0438
-30.8697
-30.7170
-30.5732
-30.4298
-30.3154
-30.2040
-30.1127
-30.0271
-29.9425
-29.8548
-29.7676
-29.6658
-29.5536
-29.4382
-29.3320
-29.2201
-29.0942
-28.9746
-28.8492
-28.7237
-28.5817
-28.4536
-28.3319
-28.1916
-28.0282
-27.8156
-27.5635
-27.3159
-27.0639
-26.8018
-26.5277
-26.2288
-25.9101
-25.5775
-25.2421
-24.9121
-24.6021
-24.3224
-24.0566
-23.8124
-23.5684
-23.3214
-23.0800
-22.8496
-22.6248
-22.4135
-22.2021
-22.0043
-21.8147
-21.6334
-21.4738
-21.3251
-21.1955
-21.0631
-20.9194
-20.7589
-20.5711
-20.3633
-20.1304
-19.8750
-19.5946
-19.3109
-19.0049
-18.7010
-18.3905
-18.0790
-17.7503
-17.4234
-17.1020
-16.7859
-16.4967
-16.2177
-15.9747
-15.7419
-15.5253
-15.2978
-15.0730
-14.8456
-14.6240
-14.3937
-14.1724
-13.9288
-13.6942
-13.4773
-13.2853
-13.0933
-12.8990
-12.7037
-12.5137
-12.3404
-12.1524
-11.9656
-11.7848
-11.6239
-11.4746
-11.3336
-11.1957
-11.0391
-10.8825
-10.7053
-10.5087
-10.2954
-10.0666
-9.8328
-9.5958
-9.3803
-9.1566
-8.9246
-8.7027
-8.4508
-8.1694
-7.8449
-7.5041
-7.1487
-6.7949
-6.4409
-6.1150
-5.8086
-5.4884
-5.1731
-4.8359
-4.5017
-4.1805
-3.8867
-3.6224
-3.4027
-3.2195
-3.0790
-2.9725
-2.8819
-2.7926
-2.6996
-2.5959
-2.4591
-2.2900
-2.0976
-1.8861
-1.6736
-1.4524
-1.2295
-1.0101
-0.8276
-0.6652
-0.5207
-0.3688
-0.2090
-0.0343
0.1228
0.2620
0.3725
0.4725
0.5547
0.6156
0.6632
0.7036
0.7126
0.6987
0.6703
0.6215
0.5778
0.5245
0.4762
0.4244
0.3809
0.3155
0.2340
0.1318
0.0417
-0.0291
-0.0841
-0.1355
-0.1788
-0.2250
-0.2510
-0.2787
-0.2950
-0.2998
-0.2871
-0.2374
-0.1958
-0.1544
-0.1166
-0.0718
-0.0561
-0.0655
-0.0988
-0.1679
-0.3177
-0.5307
-0.7654
-0.9817
-1.1546
-1.2605
-1.3122
-1.3739
-1.4471
-1.5356
-1.6393
-1.7620
-1.8979
-2.0506
-2.2161
-2.3994
-2.6086
-2.8193
-2.9988
-3.1586
-3.2904
-3.4074
-3.5242
-3.6211
-3.7253
-3.8148
-3.8986
-3.9752
-4.0441
-4.0946
-4.1454
-4.1816
-4.2529
-4.3623
-4.4949
-4.6526
-4.8318
-5.0213
-5.2102
-5.3896
-5.5468
-5.6640
-5.7469
-5.8043
-5.8434
-5.8590
-5.8708
-5.8931
-5.9417
-6.0064
-6.0815
-6.1477
-6.1873
-6.1983
-6.2023
-6.2169
-6.2351
-6.2603
-6.3069
-6.3641
-6.4407
-6.5136
-6.5740
-6.6201
-6.6696
-6.7367
-6.8179
-6.8867
-6.9486
-7.0052
-7.0601
-7.0956
-7.1241
-7.1261
-7.1247
-7.1374
-7.1411
-7.1272
-7.1150
-7.1029
-7.0836
-7.0767
-7.0856
-7.1085
-7.1579
-7.2426
-7.3239
-7.4158
-7.5166
-7.6546
-7.8070
-7.9844
-8.1816
-8.3597
-8.5468
-8.7130
-8.8561
-8.9868
-9.0995
-9.2193
-9.3498
-9.4749
-9.5734
-9.6451
-9.7437
-9.8531
-9.9805
-10.1115
-10.2837
-10.5006
-10.7645
-11.0698
-11.3699
-11.6715
-11.9319
-12.1578
-12.3403
-12.4915
-12.6258
-12.7244
-12.7996
-12.8590
-12.9295
-13.0236
-13.1625
-13.3399
-13.5792
-13.8577
-14.1484
-14.4223
-14.6791
-14.9147
-15.1481
-15.3751
-15.5929
-15.8333
-16.0941
-16.3463
-16.5992
-16.8242
-17.0216
-17.1878
-17.3272
-17.4611
-17.5940
-17.7347
-17.8822
-18.0453
-18.2127
-18.3954
-18.6029
-18.8394
-19.1049
-19.4044
-19.7329
-20.0781
-20.3969
-20.6671
-20.8862
-21.0813
-21.2548
-21.3860
-21.4937
-21.5959
-21.7074
-21.8314
-21.9685
-22.1213
-22.2665
-22.4125
-22.5411
-22.6667
-22.7708
-22.8774
-22.9774
-23.0772
-23.1738
-23.2702
-23.3782
-23.5130
-23.6513
-23.8073
-23.9806
-24.1681
-24.3608
-24.5411
-24.7057
-24.8545
-24.9909
-25.1210
-25.2503
-25.3880
-25.5274
-25.6780
-25.8025
-25.9464
-26.1065
-26.2803
-26.4450
-26.5918
-26.7246
-26.8372
-26.9277
-27.0122
-27.0912
-27.1538
-27.2218
-27.2862
-27.3625
-27.4272
-27.4725
-27.4865
-27.4754
-27.4359
-27.3710
-27.2953
-27.2052
-27.0950
-26.9565
-26.8005
-26.6136
-26.4328
-26.2410
-26.0362
-25.7872
-25.4993
-25.1998
-24.9116
-24.6627
-24.4926
-24.3926
-24.3545
-24.3137
-24.2702
-24.2070
-24.1271
-24.0132
-23.8852
-23.7516
-23.6095
-23.4900
-23.3959
-23.3357
-23.3037
-23.2999
-23.3072
-23.3144
-23.3100
-23.2969
-23.2611
-23.2083
-23.1385
-23.0686
-23.0016
-22.9232
-22.8305
-22.7037
-22.5512
-22.3477
-22.1243
-21.8840
-21.6437
-21.3779
-21.1009
-20.8041
-20.5013
-20.2069
-19.9461
-19.7137
-19.5174
-19.3493
-19.2122
-19.0860
-18.9457
-18.7572
-18.5430
-18.3033
-18.0408
-17.7405
-17.3980
-17.0554
-16.7197
-16.3985
-16.1112
-15.8609
-15.6477
-15.4739
-15.3333
-15.2019
-15.0651
-14.9353
-14.7992
-14.6685
-14.5323
-14.3790
-14.1981
-13.9682
-13.6848
-13.3574
-13.0020
-12.6322
-12.2693
-11.9304
-11.6007
-11.2844
-10.9794
-10.6806
-10.3985
-10.1179
-9.8469
-9.6112
-9.3820
-9.1749
-8.9863
-8.8043
-8.6515
-8.5175
-8.3932
-8.2792
-8.1701
-8.0403
-7.9276
-7.8027
-7.6966
-7.5887
-7.5101
-7.4090
-7.2856
-7.1053
-6.8677
-6.6073
-6.3449
-6.0645
-5.8168
-5.5963
-5.4048
-5.2374
-5.0826
-4.9329
-4.8020
-4.6920
-4.6043
-4.5410
-4.4920
-4.4431
-4.3976
-4.4006
-4.3950
-4.4050
-4.4202
-4.4440
-4.4573
-4.4637
-4.4910
-4.5212
-4.5683
-4.6214
-4.7099
-4.8265
-5.0003
-5.2079
-5.4448
-5.6449
-5.7704
-5.7586
-5.6329
-5.4047
-5.0982
-4.7811
-4.4918
-4.3011
-4.2361
-4.3180
-4.5458
-4.8417
-5.1387
-5.3396
-5.4551
-5.5239
-5.5779
-5.6671
-5.7711
-5.8750
-5.9640
-6.0454
-6.1304
-6.2300
-6.3442
-6.4583
-6.5648
-6.6785
-6.8067
-6.9603
-7.1502
-7.3378
-7.5339
-7.7313
-7.9158
-8.0995
-8.2537
-8.4003
-8.5500
-8.7171
-8.8943
-9.0851
-9.2839
-9.4785
-9.6634
-9.8359
-9.9710
-10.0615
-10.1077
-10.1311
-10.1406
-10.1809
-10.2293
-10.2632
-10.2951
-10.3462
-10.3993
-10.4612
-10.5128
-10.5540
-10.6054
-10.6643
-10.7395
-10.8201
-10.9007
-10.9750
-11.0460
-11.1211
-11.2051
-11.2877
-11.3738
-11.4798
-11.6001
-11.7369
-11.8904
-12.0742
-12.2748
-12.4767
-12.6620
-12.8117
-12.9415
-13.0246
-13.0587
-13.0705
-13.0780
-13.1148
-13.1818
-13.2634
-13.3539
-13.4579
-13.5508
-13.6438
-13.7402
-13.8277
-13.9254
-14.0467
-14.2048
-14.3867
-14.5661
-14.7667
-14.9640
-15.1571
-15.3370
-15.4933
-15.6049
-15.7004
-15.7691
-15.8161
-15.8576
-15.9099
-16.0006
-16.1192
-16.2658
-16.3860
-16.4932
-16.5985
-16.7036
-16.8271
-16.9782
-17.1539
-17.3654
-17.6464
-17.9423
-18.2266
-18.4344
-18.5904
-18.6776
-18.7544
-18.8121
-18.8689
-18.9188
-18.9803
-19.0658
-19.1813
-19.3058
-19.4425
-19.5551
-19.6406
-19.6988
-19.7539
-19.8111
-19.8680
-19.8924
-19.9019
-19.8588
-19.7634
-19.6036
-19.3995
-19.1622
-18.8815
-18.5498
-18.1521
-17.7094
-17.1942
-16.6269
-16.0040
-15.3545
-14.6958
-14.0458
-13.4656
-12.9598
-12.5425
-12.1978
-11.9508
-11.7632
-11.6271
-11.4896
-11.3302
-11.1601
-10.9972
-10.8524
-10.7292
-10.6500
-10.5862
-10.5438
-10.5225
-10.5522
-10.6100
-10.6867
-10.7631
-10.8305
-10.9084
-10.9880
-11.0345
-11.0334
-10.9700
-10.8660
-10.7441
-10.6524
-10.5714
-10.5363
-10.5298
-10.5131
-10.4864
-10.4602
-10.4326
-10.4069
-10.3937
-10.4326
-10.5029
-10.6254
-10.7762
-10.9499
-11.1192
-11.2901
-11.4371
-11.5748
-11.6846
-11.8092
-11.9429
-12.0583
-12.1664
-12.2886
-12.4392
-12.5918
-12.7731
-12.9742
-13.2327
-13.5585
-13.9295
-14.3388
-14.7377
-15.1206
-15.4697
-15.7656
-15.9853
-16.1239
-16.2308
-16.3195
-16.3898
-16.4583
-16.5336
-16.6278
-16.7440
-16.8768
-17.0280
-17.2077
-17.4035
-17.6168
-17.8039
-17.9664
-18.1092
-18.2503
-18.4201
-18.5996
-18.8211
-19.0922
-19.3788
-19.6662
-19.9615
-20.2478
-20.4983
-20.7226
-20.9111
-21.0559
-21.1742
-21.2362
-21.2826
-21.3076
-21.3351
-21.3566
-21.3723
-21.4035
-21.4505
-21.5127
-21.5899
-21.6618
-21.7425
-21.8175
-21.8891
-21.9486
-21.9877
-21.9859
-21.9663
-21.9464
-21.9465
-21.9382
-21.9300
-21.9075
-21.8765
-21.8571
-21.8319
-21.8094
-21.7781
-21.7519
-21.7139
-21.6353
-21.4991
-21.3253
-21.1086
-20.8833
-20.6610
-20.4815
-20.3625
-20.3073
-20.2722
-20.2312
-20.1876
-20.1383
-20.0861
-20.0393
-19.9673
-19.8662
-19.7565
-19.6610
-19.5737
-19.5005
-19.4448
-19.3946
-19.3504
-19.3062
-19.2621
-19.2121
-19.1428
-19.0505
-18.9361
-18.8213
-18.7010
-18.5636
-18.4121
-18.2577
-18.0858
-17.9081
-17.7244
-17.5273
-17.3011
-17.0672
-16.8249
-16.5859
-16.3748
-16.1746
-15.9908
-15.8240
-15.6564
-15.5144
-15.3853
-15.2902
-15.2205
-15.1608
-15.0978
-15.0156
-14.9033
-14.7547
-14.5873
-14.4114
-14.2089
-13.9714
-13.7273
-13.4916
-13.2802
-13.0983
-12.9342
-12.7955
-12.6565
-12.5228
-12.3751
-12.2207
-12.0405
-11.8491
-11.6431
-11.4356
-11.2230
-11.0053
-10.7910
-10.5595
-10.3305
-10.1018
-9.9083
-9.7566
-9.6419
-9.5747
-9.5377
-9.5209
-9.5175
-9.5296
-9.5508
-9.5673
-9.5876
-9.6065
-9.5878
-9.5397
-9.4571
-9.3658
-9.2913
-9.2543
-9.2415
-9.2321
-9.2396
-9.2248
-9.2054
-9.1496
-9.0333
-8.8792
-8.7048
-8.5206
-8.3297
-8.1249
-7.9364
-7.7486
-7.5685
-7.3726
