-4.699658
-4.785071
-4.870481
-4.955888
-5.041289
-5.126682
-5.212065
-5.297436
-5.382793
-5.468135
-5.553459
-5.638763
-5.724046
-5.809305
-5.894539
-5.979745
-6.064921
-6.150066
-6.235178
-6.320254
-6.405293
-6.490293
-6.575251
-6.660166
-6.745036
-6.829859
-6.914633
-6.999356
-7.084025
-7.168640
-7.253198
-7.337697
-7.422136
-7.506511
-7.590822
-7.675066
-7.759242
-7.843348
-7.927380
-8.011339
-8.095221
-8.179025
-8.262749
-8.346390
-8.429948
-8.513420
-8.596804
-8.680098
-8.763300
-8.846409
-8.929422
-9.012338
-9.095154
-9.177869
-9.260481
-9.342988
-9.425388
-9.507679
-9.589859
-9.671926
-9.753879
-9.835716
-9.917434
-9.999032
-10.080508
-10.161860
-10.243086
-10.324184
-10.405153
-10.485990
-10.566694
-10.647263
-10.727695
-10.807988
-10.888140
-10.968149
-11.048014
-11.127733
-11.207304
-11.286725
-11.365994
-11.445109
-11.524069
-11.602872
-11.681516
-11.759999
-11.838319
-11.916475
-11.994464
-12.072286
-12.149937
-12.227417
-12.304724
-12.381855
-12.458809
-12.535585
-12.612179
-12.688592
-12.764821
-12.840863
-12.916719
-12.992384
-13.067859
-13.143141
-13.218229
-13.293120
-13.367813
-13.442306
-13.516598
-13.590687
-13.664571
-13.738249
-13.811718
-13.884977
-13.958025
-14.030859
-14.103479
-14.175881
-14.248066
-14.320030
-14.391773
-14.463292
-14.534587
-14.605655
-14.676494
-14.747104
-14.817482
-14.887627
-14.957538
-15.027212
-15.096648
-15.165845
-15.234800
-15.303513
-15.371981
-15.440204
-15.508179
-15.575905
-15.643380
-15.710604
-15.777573
-15.844288
-15.910745
-15.976945
-16.042884
-16.108562
-16.173977
-16.239128
-16.304013
-16.368631
-16.432980
-16.497058
-16.560865
-16.624398
-16.687657
-16.750639
-16.813344
-16.875770
-16.937915
-16.999778
-17.061358
-17.122653
-17.183662
-17.244383
-17.304815
-17.364957
-17.424806
-17.484363
-17.543625
-17.602591
-17.661260
-17.719631
-17.777701
-17.835470
-17.892936
-17.950099
-18.006956
-18.063506
-18.119749
-18.175682
-18.231305
-18.286616
-18.341614
-18.396298
-18.450666
-18.504717
-18.558451
-18.611865
-18.664958
-18.717730
-18.770178
-18.822303
-18.874102
-18.925575
-18.976719
-19.027535
-19.078021
-19.128176
-19.177998
-19.227486
-19.276640
-19.325458
-19.373939
-19.422081
-19.469885
-19.517348
-19.564470
-19.611250
-19.657685
-19.703777
-19.749522
-19.794921
-19.839972
-19.884674
-19.929026
-19.973028
-20.016677
-20.059974
-20.102917
-20.145504
-20.187736
-20.229611
-20.271129
-20.312287
-20.353086
-20.393524
-20.433601
-20.473315
-20.512665
-20.551652
-20.590273
-20.628528
-20.666416
-20.703936
-20.741087
-20.777869
-20.814280
-20.850320
-20.885988
-20.921283
-20.956204
-20.990751
-21.024922
-21.058718
-21.092136
-21.125176
-21.157839
-21.190122
-21.222025
-21.253547
-21.284688
-21.315447
-21.345823
-21.375815
-21.405424
-21.434647
-21.463485
-21.491936
-21.520001
-21.547678
-21.574967
-21.601867
-21.628378
-21.654499
-21.680229
-21.705567
-21.730514
-21.755069
-21.779231
-21.802999
-21.826373
-21.849352
-21.871937
-21.894125
-21.915918
-21.937314
-21.958313
-21.978914
-21.999117
-22.018921
-22.038326
-22.057332
-22.075938
-22.094144
-22.111949
-22.129352
-22.146354
-22.162954
-22.179152
-22.194947
-22.210339
-22.225328
-22.239912
-22.254093
-22.267869
-22.281240
-22.294207
-22.306768
-22.318923
-22.330672
-22.342015
-22.352952
-22.363482
-22.373604
-22.383320
-22.392628
-22.401529
-22.410022
-22.418106
-22.425783
-22.433051
-22.439910
-22.446361
-22.452403
-22.458036
-22.463260
-22.468074
-22.472479
-22.476475
-22.480060
-22.483237
-22.486003
-22.488360
-22.490307
-22.491844
-22.492971
-22.493688
-22.493996
-22.493893
-22.493380
-22.492457
-22.491124
-22.489382
-22.487229
-22.484667
-22.481695
-22.478313
-22.474522
-22.470321
-22.465711
-22.460691
-22.455262
-22.449424
-22.443177
-22.436521
-22.429457
-22.421984
-22.414103
-22.405813
-22.397116
-22.388011
-22.378498
-22.368578
-22.358251
-22.347517
-22.336377
-22.324830
-22.312877
-22.300519
-22.287754
-22.274585
-22.261010
-22.247031
-22.232648
-22.217861
-22.202670
-22.187076
-22.171079
-22.154679
-22.137877
-22.120674
-22.103069
-22.085063
-22.066657
-22.047850
-22.028644
-22.009038
-21.989034
-21.968631
-21.947831
-21.926633
-21.905038
-21.883047
-21.860659
-21.837877
-21.814699
-21.791128
-21.767162
-21.742803
-21.718052
-21.692908
-21.667373
-21.641447
-21.615131
-21.588425
-21.561329
-21.533846
-21.505974
-21.477715
-21.449070
-21.420039
-21.390622
-21.360821
-21.330636
-21.300068
-21.269118
-21.237785
-21.206072
-21.173978
-21.141505
-21.108653
-21.075423
-21.041815
-21.007831
-20.973472
-20.938737
-20.903628
-20.868146
-20.832291
-20.796065
-20.759468
-20.722501
-20.685164
-20.647460
-20.609388
-20.570949
-20.532144
-20.492975
-20.453442
-20.413546
-20.373288
-20.332669
-20.291690
-20.250351
-20.208654
-20.166600
-20.124190
-20.081424
-20.038303
-19.994830
-19.951004
-19.906826
-19.862298
-19.817421
-19.772195
-19.726623
-19.680704
-19.634439
-19.587831
-19.540880
-19.493587
-19.445952
-19.397979
-19.349666
-19.301016
-19.252030
-19.202708
-19.153052
-19.103063
-19.052742
-19.002091
-18.951110
-18.899800
-18.848164
-18.796202
-18.743914
-18.691303
-18.638370
-18.585116
-18.531542
-18.477649
-18.423438
-18.368912
-18.314070
-18.258915
-18.203447
-18.147668
-18.091580
-18.035183
-17.978478
-17.921468
-17.864153
-17.806535
-17.748614
-17.690394
-17.631873
-17.573055
-17.513940
-17.454530
-17.394827
-17.334830
-17.274543
-17.213965
-17.153100
-17.091947
-17.030509
-16.968787
-16.906783
-16.844497
-16.781931
-16.719086
-16.655965
-16.592569
-16.528898
-16.464955
-16.400741
-16.336257
-16.271505
-16.206486
-16.141203
-16.075655
-16.009846
-15.943776
-15.877447
-15.810860
-15.744018
-15.676921
-15.609571
-15.541970
-15.474118
-15.406019
-15.337673
-15.269082
-15.200247
-15.131171
-15.061854
-14.992298
-14.922505
-14.852477
-14.782214
-14.711720
-14.640995
-14.570040
-14.498859
-14.427451
-14.355820
-14.283965
-14.211891
-14.139596
-14.067085
-13.994357
-13.921416
-13.848262
-13.774897
-13.701323
-13.627542
-13.553555
-13.479364
-13.404971
-13.330377
-13.255584
-13.180594
-13.105409
-13.030030
-12.954459
-12.878698
-12.802749
-12.726613
-12.650292
-12.573787
-12.497102
-12.420236
-12.343193
-12.265974
-12.188580
-12.111014
-12.033277
-11.955371
-11.877298
-11.799060
-11.720657
-11.642094
-11.563370
-11.484488
-11.405450
-11.326257
-11.246912
-11.167415
-11.087770
-11.007978
-10.928040
-10.847959
-10.767736
-10.687373
-10.606872
-10.526235
-10.445464
-10.364561
-10.283527
-10.202364
-10.121075
-10.039661
-9.958123
-9.876465
-9.794687
-9.712792
-9.630781
-9.548657
-9.466421
-9.384075
-9.301621
-9.219062
-9.136398
-9.053632
-8.970765
-8.887800
-8.804739
-8.721583
-8.638335
-8.554995
-8.471567
-8.388052
-8.304452
-8.220769
-8.137005
-8.053161
-7.969241
-7.885244
-7.801175
-7.717034
-7.632824
-7.548546
-7.464202
-7.379795
-7.295326
-7.210797
-7.126210
-7.041568
-6.956871
-6.872123
-6.787324
-6.702477
-6.617584
-6.532647
-6.447668
-6.362648
-6.277590
-6.192496
-6.107368
-6.022206
-5.937015
-5.851795
-5.766548
-5.681277
-5.595983
-5.510669
-5.425336
-5.339986
-5.254621
-5.169244
-5.083856
-4.998459
-4.913055
-4.827646
-4.742234
-4.656821
-4.571409
-4.486000
-4.400596
-4.315199
-4.229811
-4.144434
-4.059069
-3.973720
-3.888386
-3.803072
-3.717778
-3.632507
-3.547261
-3.462041
-3.376849
-3.291688
-3.206560
-3.121466
-3.036408
-2.951388
-2.866409
-2.781472
-2.696579
-2.611733
-2.526934
-2.442186
-2.357490
-2.272847
-2.188261
-2.103732
-2.019263
-1.934856
-1.850512
-1.766235
-1.682025
-1.597884
-1.513815
-1.429819
-1.345898
-1.262055
-1.178291
-1.094608
-1.011009
-0.927494
-0.844066
-0.760727
-0.677479
-0.594323
-0.511262
-0.428297
-0.345431
-0.262665
-0.180002
-0.097442
-0.014989
0.067356
0.149592
0.231716
0.313726
0.395621
0.477399
0.559057
0.640594
0.722008
0.803297
0.884459
0.965492
1.046395
1.127166
1.207802
1.288303
1.368665
1.448888
1.528968
1.608906
1.688698
1.768343
1.847838
1.927183
2.006376
2.085413
2.164295
2.243018
2.321581
2.399983
2.478221
2.556293
2.634199
2.711935
2.789501
2.866894
2.944113
3.021156
3.098020
3.174705
3.251209
3.327530
3.403665
3.479614
3.555375
3.630945
3.706323
3.781508
3.856497
3.931289
4.005882
4.080275
4.154465
4.228452
4.302232
4.375806
4.449170
4.522323
4.595264
4.667991
4.740502
4.812795
4.884869
4.956723
5.028354
5.099760
5.170941
5.241895
5.312620
5.383114
5.453375
5.523403
5.593195
5.662750
5.732066
5.801142
5.869976
5.938566
6.006911
6.075010
6.142860
6.210461
6.277810
6.344906
6.411748
6.478334
6.544662
6.610731
6.676540
6.742086
6.807369
6.872387
6.937138
7.001621
7.065835
7.129777
7.193447
7.256843
7.319963
7.382806
7.445371
7.507656
7.569660
7.631382
7.692819
7.753970
7.814835
7.875411
7.935698
7.995693
8.055396
8.114805
8.173919
8.232737
8.291256
8.349476
8.407395
8.465012
8.522327
8.579336
8.636039
8.692436
8.748523
8.804301
8.859768
8.914922
8.969763
9.024288
9.078498
9.132390
9.185963
9.239216
9.292149
9.344758
9.397045
9.449006
9.500642
9.551950
9.602930
9.653580
9.703900
9.753888
9.803543
9.852864
9.901849
9.950498
9.998810
10.046782
10.094415
10.141708
10.188658
10.235265
10.281528
10.327446
10.373018
10.418242
10.463119
10.507645
10.551822
10.595647
10.639120
10.682239
10.725004
10.767413
10.809466
10.851162
10.892499
10.933478
10.974096
11.014353
11.054247
11.093779
11.132947
11.171751
11.210188
11.248259
11.285963
11.323298
11.360264
11.396860
11.433085
11.468939
11.504420
11.539528
11.574261
11.608620
11.642602
11.676209
11.709438
11.742288
11.774761
11.806853
11.838565
11.869896
11.900846
11.931413
11.961597
11.991396
12.020812
12.049842
12.078486
12.106744
12.134614
12.162096
12.189191
12.215895
12.242211
12.268135
12.293669
12.318812
12.343562
12.367920
12.391884
12.415454
12.438631
12.461412
12.483798
12.505788
12.527382
12.548579
12.569378
12.589779
12.609783
12.629387
12.648592
12.667397
12.685802
12.703807
12.721411
12.738613
12.755414
12.771812
12.787808
12.803401
12.818590
12.833376
12.847758
12.861736
12.875309
12.888478
12.901241
12.913598
12.925550
12.937095
12.948235
12.958967
12.969293
12.979212
12.988723
12.997827
13.006523
13.014811
13.022691
13.030163
13.037226
13.043880
13.050126
13.055963
13.061390
13.066409
13.071018
13.075218
13.079008
13.082388
13.085359
13.087920
13.090071
13.091813
13.093144
13.094066
13.094577
13.094679
13.094370
13.093652
13.092524
13.090985
13.089037
13.086679
13.083911
13.080734
13.077146
13.073150
13.068743
13.063928
13.058703
13.053069
13.047026
13.040574
13.033713
13.026444
13.018766
13.010680
13.002186
12.993284
12.983975
12.974258
12.964134
12.953602
12.942665
12.931320
12.919570
12.907413
12.894851
12.881884
12.868511
12.854734
12.840552
12.825966
12.810976
12.795583
12.779787
12.763588
12.746986
12.729983
12.712578
12.694772
12.676565
12.657958
12.638951
12.619545
12.599739
12.579535
12.558932
12.537933
12.516535
12.494742
12.472552
12.449966
12.426986
12.403610
12.379841
12.355678
12.331122
12.306174
12.280834
12.255103
12.228981
12.202469
12.175568
12.148278
12.120599
12.092533
12.064081
12.035242
12.006017
11.976408
11.946414
11.916037
11.885277
11.854135
11.822611
11.790707
11.758423
11.725759
11.692718
11.659298
11.625502
11.591329
11.556782
11.521859
11.486563
11.450894
11.414853
11.378440
11.341658
11.304505
11.266984
11.229095
11.190839
11.152217
11.113229
11.073877
11.034162
10.994085
10.953645
10.912845
10.871686
10.830167
10.788291
10.746058
10.703469
10.660525
10.617228
10.573577
10.529575
10.485221
10.440518
10.395466
10.350066
10.304320
10.258227
10.211790
10.165010
10.117887
10.070423
10.022618
9.974474
9.925992
9.877173
9.828019
9.778529
9.728706
9.678551
9.628064
9.577247
9.526101
9.474628
9.422827
9.370702
9.318252
9.265480
9.212385
9.158970
9.105236
9.051184
8.996814
8.942130
8.887131
8.831819
8.776195
8.720261
8.664017
8.607466
8.550608
8.493444
8.435977
8.378207
8.320136
8.261765
8.203095
8.144128
8.084865
8.025307
7.965457
7.905314
7.844881
7.784159
7.723149
7.661854
7.600273
7.538409
7.476263
7.413836
7.351131
7.288147
7.224888
7.161354
7.097546
7.033467
6.969117
6.904499
6.839613
6.774461
6.709045
6.643366
6.577426
6.511226
6.444767
6.378052
6.311082
6.243858
6.176382
6.108655
6.040679
5.972456
5.903987
5.835273
5.766317
5.697120
5.627683
5.558008
5.488097
5.417951
5.347572
5.276961
5.206121
5.135052
5.063757
4.992237
4.920494
4.848529
4.776344
4.703940
4.631320
4.558485
4.485437
4.412177
4.338707
4.265029
4.191144
4.117055
4.042762
3.968268
3.893574
3.818683
3.743595
3.668312
3.592837
3.517170
3.441314
3.365271
3.289042
3.212629
3.136033
3.059257
2.982303
2.905171
2.827864
2.750383
2.672731
2.594909
2.516919
2.438763
2.360442
2.281959
2.203315
2.124511
2.045551
1.966435
1.887165
1.807744
1.728173
1.648454
1.568588
1.488578
1.408426
1.328132
1.247700
1.167131
1.086427
1.005589
0.924620
0.843521
0.762295
0.680942
0.599466
0.517868
0.436149
0.354312
0.272359
0.190291
0.108111
0.025819
-0.056581
-0.139088
-0.221700
-0.304416
-0.387232
-0.470148
-0.553162
-0.636271
-0.719474
-0.802768
-0.886152
-0.969624
-1.053182
-1.136824
-1.220548
-1.304352
-1.388234
-1.472193
-1.556226
-1.640332
-1.724508
-1.808752
-1.893063
-1.977439
-2.061878
-2.146377
-2.230935
-2.315550
-2.400220
-2.484943
-2.569717
-2.654540
-2.739410
-2.824325
-2.909284
-2.994284
-3.079323
-3.164399
-3.249511
-3.334656
-3.419832
-3.505039
-3.590272
-3.675531
-3.760814
-3.846119
-3.931443
-4.016784
-4.102142
-4.187513
-4.272896
-4.358289
-4.443690
-4.529097
-4.614507
-4.699920
-4.785332
