-5.745818395
-5.873702797
-5.98626189
-6.071183862
-6.09853396
-6.079671886
-6.000514989
-5.851968453
-5.653187601
-5.452744537
-5.291443101
-5.170162345
-5.118378787
-5.125306261
-5.124756355
-5.125197724
-5.125414902
-5.133074195
-5.154389255
-5.173670508
-5.192103467
-5.223106345
-5.264447818
-5.327526612
-5.398722349
-5.467891657
-5.516434819
-5.539540135
-5.543707059
-5.543707059
-5.524465816
-5.512320323
-5.512320596
-5.511300865
-5.505094379
-5.505094379
-5.474605392
-5.45019313
-5.422870551
-5.383430545
-5.289339067
-5.147494025
-4.902685548
-4.576284241
-4.181099569
-3.780734532
-3.479139419
-3.343256254
-3.362650819
-3.496125191
-3.626654103
-3.709225623
-3.735360192
-3.741296041
-3.740336624
-3.755264845
-3.79906325
-3.855198192
-3.911326504
-3.980453673
-4.063834004
-4.138095998
-4.170182561
-4.211386266
-4.227430645
-4.234735003
-4.232774686
-4.239095495
-4.269258305
-4.288477445
-4.332097915
-4.396270394
-4.447981509
-4.499613364
-4.551602842
-4.605321389
-4.652860187
-4.693774677
-4.73641957
-4.770298012
-4.787761087
-4.785768353
-4.771771441
-4.756712535
-4.768951089
-4.7953041
-4.835788177
-4.878087952
-4.906053023
-4.931834022
-4.953576283
-4.985260697
-4.991163476
-4.995200624
-4.997228154
-4.999255523
-5.00432324
-5.01040317
-5.016481646
-5.020533155
-5.017662043
-5.015645323
-5.010596655
-5.03440451
-5.054023887
-5.079124396
-5.126638673
-5.234731218
-5.398730221
-5.560339163
-5.683627087
-5.773215595
-5.802079391
-5.7920894
-5.787088376
-5.793073409
-5.799058774
-5.799058774
-5.796038497
-5.796038497
-5.79811608
-5.801232134
-5.801382281
-5.796640159
-5.798921657
-5.809168032
-5.822375631
-5.828508851
-5.834642039
-5.853978938
-5.881377822
-5.903828801
-5.931226376
-5.954601513
-5.975720176
-6.002828993
-6.022003972
-6.037272877
-6.065849987
-6.106689904
-6.172824284
-6.228646464
-6.300116054
-6.368315445
-6.455592445
-6.533839722
-6.609124097
-6.68950306
-6.712634369
-6.722669837
-6.722669837
-6.722669837
-6.734704087
-6.746739652
-6.746739652
-6.746739652
-6.746739652
-6.75075749
-6.754774903
-6.76575831
-6.761505177
-6.684026041
-6.596638323
-6.568505964
-6.563617171
-6.561756653
-6.565813101
-6.572752816
-6.596720876
-6.610701782
-6.609640969
-6.608580112
-6.636524139
-6.668466103
-6.684437868
-6.684438139
-6.690427575
-6.714388329
-6.750339966
-6.824416358
-6.903445812
-6.963601921
-7.012039025
-7.067645595
-7.119399587
-7.185961487
-7.242415445
-7.291657648
-7.317788413
-7.3448806
-7.381968544
-7.410983934
-7.457095469
-7.508137764
-7.555050696
-7.594144404
-7.628295907
-7.688546809
-7.767757853
-7.859754354
-7.942579166
-8.022847897
-8.092533258
-8.16026907
-8.211138404
-8.261936173
-8.293160785
-8.304863033
-8.316561474
-8.332153473
-8.343843032
-8.35942319
-8.378888875
-8.394453815
-8.408251444
-8.441859549
-8.487498613
-8.555079622
-8.628684325
-8.724247642
-8.849524422
-8.989150032
-9.132243359
-9.273312979
-9.396932101
-9.485433781
-9.535505531
-9.560106252
-9.573559369
-9.578555293
-9.578555293
-9.606726817
-9.64827002
-9.697499714
-9.771085653
-9.85459427
-9.960174669
-10.05580592
-10.15412539
-10.23765334
-10.30887279
-10.38729776
-10.4634646
-10.53702254
-10.6182134
-10.70678502
-10.79657189
-10.88035051
-10.96534407
-11.03553898
-11.0946488
-11.1304258
-11.14399369
-11.15276202
-11.15894545
-11.16134492
-11.16632847
-11.17251153
-11.17989412
-11.20210659
-11.23422572
-11.27126932
-11.32434477
-11.39586604
-11.45015718
-11.51179604
-11.57350218
-11.63041797
-11.68124072
-11.72474735
-11.76463517
-11.80571375
-11.86175873
-11.91530897
-11.95274576
-11.99124826
-12.00611055
-12.01350564
-12.01472627
-12.01967981
-12.01967981
-12.02463309
-12.03209709
-12.03955938
-12.04328988
-12.0543782
-12.07051629
-12.07919399
-12.08787034
-12.09281918
-12.09899006
-12.11743654
-12.14083353
-12.15809234
-12.1679337
-12.18394484
-12.2086251
-12.23202481
-12.27025695
-12.3133708
-12.37252323
-12.43780791
-12.5116957
-12.58684301
-12.68925124
-12.79792658
-12.92148372
-13.03272012
-13.12421692
-13.18109118
-13.21200077
-13.26768278
-13.34066039
-13.39756569
-13.4656311
-13.52003047
-13.56442254
-13.62104392
-13.65559564
-13.69255665
-13.73433532
-13.78833033
-13.84102467
-13.88625382
-13.92904384
-13.95105344
-13.96928726
-13.98637889
-13.99743498
-14.00723379
-14.02192976
-14.04152021
-14.06474487
-14.08921851
-14.12948027
-14.15756422
-14.18800811
-14.20866479
-14.21954394
-14.23404339
-14.24853588
-14.26664172
-14.28111856
-14.29920483
-14.31728023
-14.33895638
-14.36061714
-14.38226178
-14.41109731
-14.44476885
-14.48433048
-14.55380824
-14.61620436
-14.66674499
-14.72334521
-14.76308268
-14.7921011
-14.80787708
-14.81398241
-14.84222191
-14.84959868
-14.85951761
-14.89139845
-14.92343551
-14.96385306
-15.00908473
-15.07737211
-15.14260932
-15.20906424
-15.27446494
-15.34308622
-15.40190178
-15.45119949
-15.50145003
-15.52670451
-15.53629562
-15.55845321
-15.59993562
-15.63534812
-15.67682478
-15.74173698
-15.79868134
-15.84173853
-15.89940777
-15.9816317
-16.08750011
-16.20097918
-16.28869487
-16.36334399
-16.41509877
-16.44786012
-16.46855918
-16.48579642
-16.46785477
-16.47198409
-16.4857606
-16.49264625
-16.48367729
-16.48367729
-16.48969049
-16.48949768
-16.48801928
-16.47946302
-16.4747559
-16.45486851
-16.45831803
-16.47309124
-16.47178622
-16.48266881
-16.5019073
-16.54044268
-16.56697448
-16.58967252
-16.6123646
-16.63976498
-16.66244376
-16.68295436
-16.70562211
-16.69934509
-16.69824694
-16.70677208
-16.71402375
-16.72089037
-16.72878671
-16.72703021
-16.7471144
-16.76033416
-16.76327064
-16.76938337
-16.77827914
-16.79250005
-16.80544512
-16.82992752
-16.86188559
-16.8910291
-16.92230362
-16.96231304
-16.99761952
-17.02200748
-17.01428223
-16.97387065
-16.93034323
-16.899261
-16.87440049
-16.86818609
-16.86818609
-16.87842298
-16.87903211
-16.87281915
-16.8417587
-16.80449584
-16.78586836
-16.78586836
-16.77345151
-16.77686508
-16.7492429
-16.69960162
-16.64377763
-16.58922996
-16.54959796
-16.50997136
-16.49762749
-16.49891923
-16.47295826
-16.44669788
-16.40306769
-16.35731371
-16.32393668
-16.31408154
-16.33051369
-16.35313201
-16.37424287
-16.38849318
-16.39904477
-16.41425334
-16.42202932
-16.43503848
-16.46078006
-16.4803134
-16.49359233
-16.53319845
-16.57244798
-16.60612116
-16.64010798
-16.65894693
-16.6511188
-16.62529349
-16.59884822
-16.56193978
-16.53715388
-16.52817462
-16.50959054
-16.49222854
-16.48969244
-16.4735488
-16.4450201
-16.4164946
-16.37646336
-16.34513253
-16.31281487
-16.26968885
-16.19481263
-16.11292116
-16.00147417
-15.88550282
-15.78691615
-15.7407368
-15.72878401
-15.74963837
-15.77048683
-15.79146836
-15.80887952
-15.82048489
-15.83432562
-15.84473913
-15.86095083
-15.8672143
-15.8934572
-15.90973556
-15.91435032
-15.92042117
-15.88757317
-15.84222076
-15.80953254
-15.79878649
-15.80335634
-15.81827586
-15.82402795
-15.83269672
-15.82458055
-15.80650469
-15.77689947
-15.74483703
-15.72990415
-15.73317414
-15.74065526
-15.78058073
-15.82089768
-15.86003131
-15.89871476
-15.95556923
-16.01289019
-16.07426949
-16.12777321
-16.16879316
-16.19725112
-16.22791285
-16.23928792
-16.25171696
-16.26972274
-16.278775
-16.28957286
-16.30152302
-16.30894601
-16.29283043
-16.29457348
-16.28565336
-16.27337039
-16.24266805
-16.19019246
-16.14165081
-16.0702659
-15.97664033
-15.87464601
-15.76038683
-15.66289053
-15.56269288
-15.48586869
-15.41402764
-15.36076608
-15.3330778
-15.32534243
-15.32758728
-15.3225958
-15.29814359
-15.25536355
-15.18317781
-15.08208676
-14.96887042
-14.88278522
-14.8062551
-14.73927746
-14.66016818
-14.57081257
-14.46326083
-14.33755112
-14.2309472
-14.12358742
-14.00246912
-13.89780056
-13.85002014
-13.848941
-13.83726928
-13.82667675
-13.8206251
-13.78972455
-13.73657459
-13.68990986
-13.63098089
-13.57093522
-13.51353215
-13.46085215
-13.41206925
-13.38380049
-13.35512069
-13.31345258
-13.2621432
-13.214455
-13.15619218
-13.096464
-13.05334418
-13.01771633
-12.96752448
-12.8711481
-12.80690804
-12.77228352
-12.73065373
-12.69643851
-12.67490211
-12.63784038
-12.60678799
-12.56372452
-12.48857244
-12.43248224
-12.3679145
-12.28926856
-12.24270832
-12.21166882
-12.18416148
-12.14359893
-12.09458802
-12.0170045
-11.91792284
-11.83193124
-11.73885744
-11.63981185
-11.55272565
-11.47276982
-11.38212391
-11.30576234
-11.26521149
-11.24374092
-11.24374092
-11.24374092
-11.23777624
-11.23181185
-11.19126321
-11.14236989
-11.08732659
-11.02652979
-10.9717057
-10.90139877
-10.80731025
-10.71686186
-10.604771
-10.49533442
-10.37640755
-10.29208732
-10.2078093
-10.12914423
-10.05281385
-9.973246497
-9.911108293
-9.861780702
-9.824280404
-9.799563089
-9.798474524
-9.793529586
-9.793529586
-9.793529586
-9.775805657
-9.752178063
-9.710841632
-9.652774806
-9.595691901
-9.542618063
-9.484629684
-9.445291765
-9.423191246
-9.379871865
-9.324785235
-9.269713907
-9.219596723
-9.136446346
-9.026774972
-8.918441487
-8.809816359
-8.69445864
-8.589040914
-8.488045479
-8.414181968
-8.356639204
-8.322491854
-8.313882824
-8.314795364
-8.314795364
-8.308952692
-8.297268279
-8.241022279
-8.181114735
-8.103723907
-8.018990766
-7.92262793
-7.847469556
-7.754875384
-7.639584476
-7.524331046
-7.412828781
-7.309260895
-7.252884431
-7.220158625
-7.19323789
-7.162596374
-7.126159035
-7.059088411
-6.997819202
-6.92497356
-6.855879101
-6.790892852
-6.741216316
-6.720121585
-6.699028428
-6.68371867
-6.641538627
-6.562974792
-6.442278248
-6.304326217
-6.164229525
-5.991556964
-5.797875561
-5.609267939
-5.427033818
-5.279275829
-5.193595626
-5.168866485
-5.168866485
-5.168866485
-5.140305022
-5.088914349
-5.02043338
-4.947105298
-4.860524552
-4.744691574
-4.621355316
-4.522781756
-4.429859606
-4.342639093
-4.247920709
-4.160750365
-4.071600118
-4.001447739
-3.929478349
-3.854722773
-3.788698478
-3.698024045
-3.594768055
-3.484070566
-3.350506474
-3.19952522
-3.070721566
-2.983503873
-2.94634941
-2.920953586
-2.911442853
-2.886794543
-2.837497299
-2.757185605
-2.671506214
-2.569970048
-2.437707295
-2.294506179
-2.148221952
-1.997878787
-1.832074943
-1.693128646
-1.574697762
-1.475346596
-1.390422332
-1.321534841
-1.250341737
-1.175908156
-1.077594158
-0.957072895
-0.829663465
-0.684799827
-0.53606006
-0.391393166
-0.260272827
-0.149276882
-0.052478166
0.022396629
0.071204474
0.115805241
0.179395821
0.268959897
0.366489864
0.489769625
0.642949954
0.799891643
0.953538676
1.098057474
1.227530151
1.331862531
1.421981431
1.51547003
1.618399572
1.733118866
1.847342413
1.950225766
2.057773859
2.147542623
2.246640322
2.319646343
2.378460226
2.44600085
2.521812965
2.616700584
2.722347858
2.849719835
2.989580222
3.123308517
3.274709305
3.434933319
3.589152979
3.722567141
3.840117308
3.938690045
4.011294758
4.07921154
4.112148184
4.131460488
4.157103866
4.191042309
4.225529777
4.289015313
4.356117084
4.439751559
4.523378193
4.634300653
4.751609133
4.849849553
4.927896147
4.997433739
5.071684904
5.145424176
5.206606806
5.261002735
5.319078841
5.371938074
5.41958025
5.471041889
5.533604079
5.585717717
5.638913832
5.692615719
5.749403005
5.797713423
5.870238501
5.928603463
5.997012206
6.080228474
6.15295059
6.216661538
6.270329487
6.321216276
6.371019482
6.422312967
6.496764256
6.614361295
6.770838707
6.923985135
7.057608988
7.191162487
7.298570995
7.357598745
7.399049011
7.429649686
7.42948343
7.447859567
7.48002671
7.526419798
7.586574183
7.654835882
7.734139539
7.829808302
7.934281549
8.048255834
8.112087923
8.156503659
8.190556748
8.218138173
8.23192753
8.246591428
8.26125535
8.276781986
8.281505584
8.297026278
8.321609806
8.345758437
8.373792291
8.383271313
8.398791228
8.415174007
8.438476535
8.471705556
8.495870726
8.524787836
8.545495612
8.550280858
8.534396175
8.526319135
8.544556553
8.575687831
8.611535823
8.644815675
8.669015406
8.69236503
8.70748117
8.718690566
8.715255872
8.69718399
8.653703395
8.585224039
8.506819779
8.443065121
8.353822715
8.274904093
8.201144738
8.12601077
8.076806184
8.037526996
8.003895707
7.975920524
7.937556205
7.909156771
7.884600717
7.862546797
7.849119577
7.829641217
7.826716677
7.833117773
7.854681964
7.845815867
7.850697449
7.850302442
7.848970975
7.858519522
7.852919903
7.847395681
7.854012005
7.856024996
7.862638998
7.855835341
7.843235191
7.80830079
7.776665418
7.749321682
7.678714682
7.613389332
7.518156697
7.411146373
7.291304517
7.174725647
7.092269035
7.052050202
7.027829177
7.003978185
6.971456236
6.94669467
6.907693153
6.888776216
6.864597602
6.844644199
6.798808013
6.746635023
6.65901963
6.519641745
6.351345256
6.202653968
6.071932441
5.959642456
5.851451427
5.737195319
5.627573917
5.512583199
5.395378439
5.286629932
5.208761683
5.165029513
5.150084392
5.150084392
5.144734592
5.110596052
5.056155762
4.986756834
4.916224765
4.833817338
4.744944409
4.633977389
4.478615114
4.293686932
4.099561271
3.904582862
3.745545301
3.610390968
3.488846417
3.387588048
3.3225146
3.28280169
3.287980588
3.322767903
3.353355623
3.393022121
3.420077113
3.443032105
3.479162611
3.524374856
3.56183884
3.598632443
3.632211194
3.65858758
3.678757916
3.709345731
3.736381734
3.759318357
3.761118369
3.752627726
3.750227641
3.719528355
3.693834136
3.667477561
3.631360675
3.596873779
3.549374327
3.5066093
3.452957552
3.36732704
3.234677489
3.049406405
2.813922829
2.536204341
2.237271192
1.963683798
1.732789158
1.529494207
1.379748447
1.281182732
1.26035301
1.26035301
1.246472173
1.225640615
1.154814927
1.06235095
0.938652838
0.789740248
0.59394015
0.385254945
0.169836919
-0.036013589
-0.212551176
-0.365239831
-0.508462745
-0.637934415
-0.730878008
-0.79716404
-0.863488329
-0.92574711
-1.011684573
-1.122876537
-1.245481928
-1.376326676
-1.506406202
-1.658665968
-1.830546909
-2.020726555
-2.221756642
-2.429975372
-2.653571263
-2.867567188
-3.069640542
-3.273961803
-3.433676177
-3.552836414
-3.651451364
-3.744352969
-3.84896843
-3.936230475
-4.001258819
-4.058902427
-4.154173443
-4.297207099
-4.473899929
-4.651697478
-4.82343359
-4.989370075
-5.115730635
-5.191598141
-5.266436012
-5.33463868
-5.405297884
-5.467491881
-5.530047603
-5.604246751
-5.618457992
-5.557031024
-5.40992008
-5.213178431
-5.014564223
-4.884998498
-4.786959025
-4.70931691
-4.614143018
-4.464108184
-4.232736132
-3.929334477
-3.602522939
-3.283892994
-3.001768518
-2.755874991
-2.566692565
-2.488996542
-2.550047123
-2.681497638
-2.831539678
