42.78899944
42.94665833
43.1515966
43.32805781
43.51337237
43.6872487
43.84281819
43.9828088
44.11035364
44.21673481
44.34340193
44.51414255
44.73256904
44.92393933
45.09609817
45.27733057
45.43755658
45.60136194
45.77044459
45.95975114
46.13227659
46.30476325
46.49614938
46.64230913
46.78346463
46.94603834
47.05297766
47.11319586
47.12814202
47.12660167
47.11883909
47.11247632
47.09801824
47.08267908
47.03537701
46.97630423
46.92111545
46.88195594
46.87958943
46.88798479
46.89067003
46.8931164
46.90359584
46.88167004
46.85550883
46.83557575
46.78788908
46.73157938
46.69357989
46.65217811
46.61598534
46.60947026
46.60679151
46.59681089
46.59224316
46.62419679
46.65151546
46.66263712
46.67424497
46.68172383
46.69429226
46.69791753
46.70689285
46.74924363
46.80189112
46.85573065
46.91126631
46.95495743
47.0053901
47.0630534
47.09945859
47.13755583
47.1860466
47.22469339
47.25779344
47.26965406
47.26583145
47.26152917
47.25505907
47.24544439
47.24337725
47.23931288
47.21858469
47.20851872
47.205527
47.19689934
47.18281119
47.17439919
47.21467457
47.24525653
47.2460077
47.25962171
47.26519958
47.23781108
47.23065318
47.21654815
47.2032605
47.22439375
47.21756448
47.20888097
47.20461517
47.18964082
47.18087513
47.1873895
47.17582615
47.17354701
47.19002447
47.19656403
47.16785612
47.16341609
47.16661767
47.15594244
47.13101499
47.14115712
47.12969571
47.1118947
47.11792275
47.12587233
47.10605276
47.07558659
47.0538291
47.03679374
47.03254835
47.01700397
46.99194304
46.94907547
46.89784112
46.85392524
46.83049554
46.78544772
46.73067065
46.7124669
46.72683341
46.73294556
46.74179541
46.77329636
46.77943359
46.76547383
46.73874957
46.69721401
46.66118255
46.63079629
46.59306703
46.55352207
46.4943165
46.44149659
46.38404634
46.3369074
46.27383647
46.21942829
46.17161277
46.13016052
46.091513
46.06765535
46.01816098
45.9562387
45.90927432
45.87432952
45.85716256
45.85066806
45.86284925
45.89249857
45.9210008
45.95806737
45.99524254
46.02067489
46.06471987
46.09323312
46.10236288
46.10815614
46.12981408
46.16381413
46.21438962
46.27802327
46.33632641
46.40622576
46.47656172
46.54162869
46.62034982
46.71447529
46.78311679
46.85304831
46.91679486
46.9785936
47.0439261
47.11612004
47.18789344
47.27435345
47.37287767
47.47029156
47.5490651
47.58740972
47.65052281
47.7297376
47.79945755
47.89420583
47.99289205
48.04558805
48.07351823
48.11567127
48.13653427
48.14825032
48.17910628
48.20051672
48.22335651
48.25057758
48.24716725
48.2386608
48.23368644
48.22041877
48.22104947
48.21811386
48.18527288
48.17984529
48.1894473
48.18586523
48.17525571
48.17483814
48.20082811
48.22006156
48.23382284
48.26232651
48.28698974
48.31967726
48.36916368
48.42875074
48.47214492
48.51380822
48.56871939
48.63316664
48.68885022
48.73496706
48.76901561
48.78779135
48.81664796
48.85663306
48.90953005
48.97783005
49.03688892
49.11208774
49.20472266
49.25793293
49.27322042
49.28009201
49.28901156
49.28789796
49.29419422
49.29156227
49.28703993
49.27362156
49.25982277
49.25434307
49.25545583
49.253878
49.26902934
49.27471247
49.27090639
49.27355219
49.27090044
49.27625727
49.29498736
49.31645978
49.37004388
49.45602102
49.54691168
49.64067502
49.68568635
49.74281578
49.81366862
49.88040024
49.91538491
49.94102786
49.98524888
49.99950134
50.00007631
50.00007631
50.00007631
50.00293471
50.00065356
50.00351276
50.01267458
50.00930073
50.01002209
50.03155501
50.03987421
50.04043238
50.0649249
50.07954463
50.06497525
50.04853064
50.0458427
50.04298514
50.05559843
50.07084267
50.06063817
50.05561711
50.06652112
50.0610834
50.03782958
50.03845587
50.02929194
50.016742
50.00574776
49.98310327
49.97347497
49.95086435
49.92840752
49.92126498
49.9184164
49.91388242
49.90478801
49.88835857
49.86614703
49.85365208
49.83929559
49.82670441
49.81652046
49.80501975
49.79060514
49.77275082
49.75392936
49.7385146
49.71730351
49.69814454
49.67632479
49.6704875
49.65804386
49.64903856
49.65011807
49.64590963
49.62659036
49.62020179
49.61580211
49.62828253
49.63800175
49.67983479
49.73457932
49.74888845
49.76235505
49.78430446
49.80855097
49.8488791
49.90772254
49.97521666
50.00952802
50.02869605
50.043682
50.05442746
50.03963438
50.00345687
49.98441732
49.96510344
49.9534635
49.95433733
49.96504037
49.96238143
49.96837418
49.97394897
49.95530663
49.92009857
49.90029873
49.88908136
49.8748427
49.86720106
49.87286595
49.84282194
49.8017622
49.78710715
49.78079698
49.77152105
49.76991544
49.77996444
49.76921271
49.78157866
49.79442713
49.79609803
49.79723347
49.80196184
49.78762724
49.77036719
49.7808321
49.79986726
49.81231512
49.81396682
49.84274967
49.86373456
49.8924982
49.93279364
49.97420539
50.02434223
50.09382215
50.15311702
50.20232003
50.25083834
50.31068509
50.35348715
50.39621145
50.44975948
50.51445225
50.56314297
50.58971368
50.64315433
50.70467292
50.75937538
50.79461992
50.83356916
50.86238142
50.88471764
50.89340642
50.89476356
50.89455667
50.88036232
50.8644716
50.8542834
50.82308199
50.79143471
50.76748463
50.75908555
50.7463971
50.72355962
50.69662192
50.65469597
50.62119895
50.59584643
50.55763452
50.48196575
50.43353023
50.37795869
50.32668684
50.2868968
50.29104888
50.29956002
50.28051833
50.27268916
50.27717645
50.27717645
50.2780838
50.28658956
50.30333939
50.31010843
50.30474322
50.31609847
50.3290842
50.340704
50.33288548
50.3223431
50.28952067
50.28430374
50.3134846
50.28983116
50.23359905
50.19687021
50.17653807
50.14047038
50.12075837
50.08875919
50.03906467
49.99162425
49.95851608
49.90040209
49.83177583
49.79404449
49.72604808
49.62959048
49.5702207
49.49332109
49.39922239
49.31811951
49.25929909
49.18734683
49.11844852
49.05446115
48.99111231
48.94688894
48.88927497
48.82440624
48.7921793
48.74292488
48.68052886
48.61016287
48.53934859
48.45579942
48.37966805
48.31734519
48.23751331
48.13088694
48.01707368
47.90508045
47.77560767
47.63849976
47.49475635
47.37430333
47.27329184
47.16536953
47.03519505
46.89480838
46.7536554
46.63059753
46.51898969
46.40154778
46.25678034
46.11498653
45.93712425
45.73169947
45.4906661
45.13369654
44.72055052
44.25143408
43.72770105
43.18550514
42.64071069
42.22133318
41.96261912
41.77860444
41.65592067
41.55787268
41.44422682
41.34271653
41.32536558
41.30573198
41.28299972
41.29443211
41.31912105
41.37414755
41.46308598
41.5982023
41.72831806
41.86276586
41.99450752
42.11515323
42.25419251
42.48153004
42.71493667
42.95212541
43.21018493
43.47189773
43.66744907
43.79829807
43.85508924
43.92085405
44.02005612
44.1393632
44.26215695
44.37936171
44.57604046
44.85892239
45.12505989
45.36286263
45.55041752
45.65747035
45.7155892
45.77496678
45.84029227
45.91528945
46.01853145
46.18347742
46.38736173
46.58931182
46.78377943
46.95508344
47.07495233
47.15022685
47.21197208
47.26327782
47.30089656
47.33891219
47.39185932
47.47161547
47.52342169
47.52639946
47.54326123
47.56346234
47.57326726
47.5680125
47.53889481
47.51822355
47.52119486
47.52311908
47.52635649
47.50859021
47.48053177
47.45806737
47.44299978
47.41744371
47.38537122
47.34694231
47.28702716
47.25707406
47.22839961
47.16923933
47.1656824
47.16454062
47.12478569
47.10775594
47.11250546
47.09562374
47.0953582
47.10696266
47.08087679
47.049548
47.04365453
47.04154366
47.02753462
47.0051616
46.99418082
47.0034831
47.01946568
47.0612282
47.12421694
47.18864265
47.20860405
47.19145848
47.19909049
47.22130047
47.22648373
47.21950723
47.2057601
47.20191521
47.19259735
47.17834249
47.16745482
47.1668109
47.17179182
47.17779865
47.18676123
47.19533889
47.19113074
47.21006461
47.23336193
47.22242351
47.21971605
47.21619358
47.19596214
47.17067833
47.14481236
47.13160427
47.08000554
47.03310686
46.98887176
46.96914219
46.95828793
46.95163469
46.94010238
46.94182192
46.92261733
46.89891871
46.87901393
46.85870425
46.83099531
46.81426492
46.7843723
46.77124453
46.76875732
46.79845031
46.80883379
46.82509948
46.8373995
46.844287
46.85234041
46.85852008
46.8504145
46.85193636
46.84194097
46.82842037
46.81731695
46.79729083
46.77693025
46.75179774
46.72796331
46.70786247
46.68523902
46.70448253
46.71084859
46.70388328
46.72812554
46.77113589
46.80644782
46.81749262
46.84663487
46.88573572
46.897202
46.89617144
46.91156746
46.92843212
46.96771694
47.03669894
47.10353735
47.15907307
47.20876952
47.25879019
47.34559808
47.41909806
47.50460162
47.59142403
47.69823384
47.78951457
47.87103771
47.93227611
47.98606416
48.01804914
48.02616192
48.04091129
48.05964443
48.09969219
48.16441485
48.22239393
48.26362804
48.31054679
48.3788342
48.44066954
48.49603889
48.5663339
48.62067828
48.66114018
48.67556528
48.70582012
48.73333462
48.75123987
48.78490977
48.8149346
48.83271035
48.84572021
48.87960233
48.9063346
48.93342985
48.97714243
49.01665698
49.03278038
49.03513908
49.04500897
49.0523684
49.0586675
49.07901615
49.08639982
49.10794283
49.13228538
49.16479751
49.19335249
49.20596106
49.22567768
49.24965506
49.2564309
49.25872839
49.27705559
49.29292597
49.290912
49.28517319
49.29839008
49.29817995
49.31322176
49.33014269
49.37023576
49.40377942
49.4211842
49.41640527
49.42440437
49.44318014
49.45725119
49.47034533
49.48764954
49.49786306
49.50340305
49.49486148
49.49849827
49.49344898
49.49570652
49.49893507
49.50024747
49.50802958
49.51186283
49.50432201
49.49891946
49.50234217
49.50088941
49.51241006
49.51329721
49.52760798
49.52397215
49.52801328
49.54238655
49.52733648
49.48890067
49.44811705
49.43408158
49.4191052
49.40005043
49.39150503
49.38337332
49.35753384
49.35658198
49.34781117
49.32900286
49.31424398
49.28977956
49.25146065
49.21055468
49.17901865
49.14348936
49.12364635
49.08591598
49.06118716
49.06844128
49.05501067
49.02658444
49.00165546
48.97298712
48.93355735
48.90924757
48.88858087
48.86648145
48.84758612
48.82383108
48.81406046
48.78274651
48.73792515
48.71269388
48.69430462
48.6119389
48.53775742
48.45627926
48.37229272
48.25939057
48.14922426
48.04598786
47.97897318
47.93564076
47.89195989
47.8445711
47.79491541
47.76991732
47.77248305
47.76538471
47.74855812
47.7211585
47.68124833
47.62320865
47.57156448
47.5126515
47.42705316
47.33788287
47.25533145
47.18627933
47.11241882
47.0187164
46.91935
46.80226612
46.68583101
46.60363509
46.5244739
46.43469638
46.34698744
46.27341078
46.2266165
46.18255079
46.13938699
46.10388593
46.09083172
46.06490842
46.03315945
45.9785123
45.96942146
45.94033914
45.89266947
45.84105584
45.81321643
45.75416636
45.63560058
45.54115547
45.47411909
45.34562293
45.20566852
45.09541608
45.00590899
44.96497018
44.97321474
44.99790158
45.03102875
45.1125823
45.2130642
45.29156707
45.3814158
45.51970115
45.59049392
45.61113644
45.65187669
45.70197646
45.76474524
45.8083352
45.89470785
46.05113244
46.27306064
46.47125195
46.59030305
46.72427593
46.84442587
46.88846492
46.92568976
47.01158495
47.08979971
47.17838941
47.28294542
47.38305398
47.49174687
47.64191126
47.7953469
47.90365568
48.02500509
48.17858313
48.32042538
48.49969369
48.72108998
48.93141308
49.13321917
49.3068072
49.41656309
49.48879775
49.56402934
49.6945917
49.84587928
49.92501719
49.97494636
50.00321081
50.01869279
50.05779657
50.08485894
50.07557017
50.02923365
49.96944672
49.942763
49.8846671
49.79563449
49.70254757
49.63670291
49.54593907
49.47273864
49.4141667
49.36539584
49.28505145
49.22411727
49.14474112
49.03411251
48.95007291
48.88892581
48.85446228
48.83125745
48.78791333
48.74036967
48.70688012
48.68413145
48.64233447
48.55481124
48.45940836
48.41064425
48.36729782
48.26748572
48.13837236
47.99212009
47.87100902
47.72366754
47.56895394
47.43329664
47.34222434
47.22260764
47.04058436
46.84925755
46.61576449
46.32851259
45.99529745
45.63062283
45.2246658
44.81367079
44.40282747
43.99883012
43.59304482
43.17089099
42.78333699
42.44546583
42.23430042
42.16730662
42.2170121
42.31676553
42.48636996
42.70051495
42.93112292
43.2024609
43.50170165
43.80148705
44.1108458
44.39792608
44.65115393
44.84822646
44.99552404
45.10031605
45.18044303
45.24925527
45.32039844
45.41920844
45.54534944
45.68003358
45.82804799
45.96790253
46.09111142
46.22269321
46.33602603
46.45368612
46.56446114
46.68180924
46.79883576
46.91103807
47.00956692
47.11062913
47.22772508
47.32706608
47.38310641
47.43027461
47.43874228
47.45377053
47.467316
47.47043518
47.47693723
47.46883199
47.481705
47.48150973
47.49258373
47.50117252
47.51403553
47.51620068
47.51644151
47.50350928
47.49707983
47.49483751
47.49152403
47.49066356
47.48856767
47.48646302
47.48029394
47.45364736
47.44141795
47.42107006
47.40891633
47.39513281
47.38732231
47.36479447
47.33444224
47.32255727
47.32697202
47.34259544
47.33958278
47.32830293
47.33026341
47.30808895
47.28945813
47.25464644
47.23774783
47.23489734
47.23121456
47.21048947
47.21372501
47.22318863
47.24745226
47.24570286
47.24175026
47.27439963
47.29419399
47.30267448
47.33175042
47.36615783
47.39190949
47.41338564
47.43911422
47.45902844
47.46845886
47.47555316
47.47707706
47.47209415
47.48389205
47.51150259
47.5472511
47.59652142
47.64556371
47.68004853
47.69630383
47.7007029
47.70108592
47.71011188
47.75127128
47.77751881
47.81146396
47.86046648
47.90460445
47.92121097
47.9254438
47.9198202
47.90435568
47.89913095
47.90265005
47.90751341
47.93919305
47.98141624
48.01417438
48.03603167
48.00480279
47.99165921
47.99005423
47.98167967
47.98063003
48.00414856
48.02728876
48.06847297
48.13205637
48.21682607
48.26555888
48.31568635
48.37224475
48.43588136
48.47071542
48.50493155
48.55045691
48.56064104
48.56404411
48.57515334
48.58070957
48.57636728
48.57349536
48.57926246
48.58569753
48.60461356
48.64117108
48.65481434
48.65789716
48.68220202
48.72193601
48.74539098
48.7746209
48.81832453
48.86259649
48.88322065
48.90341929
48.90977091
48.91241586
48.91725935
48.93425291
48.93972683
48.96332301
48.97790679
48.98752319
49.00984139
49.00306259
48.99896076
49.0017505
49.0015267
49.01848531
49.03014927
49.04639787
49.05703313
49.07488414
49.08863925
49.10588902
49.13346642
49.15119779
49.16576702
49.16779986
49.16359288
49.16602474
49.18407413
49.20311376
49.19824958
49.19501753
49.23233937
49.26361437
49.29520078
49.33105009
49.35496088
49.38718745
49.3987219
49.42551992
49.44621977
49.46921705
49.48539924
49.51108664
49.53676464
49.56241987
49.59271738
49.61009454
49.61986854
49.64209492
49.64701207
49.65055984
49.66948598
49.64033992
49.56158795
49.5084499
49.48203208
49.45434864
49.42680729
49.4165253
49.39394339
49.35797547
49.31707551
49.25019278
49.1841696
49.12192379
49.06343187
49.01140496
48.93646687
48.86409295
48.80271213
48.76433618
48.72736239
48.68443089
48.63158831
48.5852212
48.50602807
48.45625939
48.41457963
48.35511239
48.29848313
48.25061012
48.20034224
48.13905975
48.10109782
48.06402629
47.9994142
47.90586545
47.81060191
47.71897954
47.59839273
47.48469648
47.40847245
47.35228234
47.31686132
47.27618145
47.18787965
47.07251615
46.93169689
46.7199545
46.44356496
46.08314031
45.63606946
45.04232098
44.29596854
