-8.351498636
-8.427787364
-8.530289628
-8.615399115
-8.700565499
-8.783595165
-8.888556404
-8.980468931
-9.050519473
-9.08321498
-9.092286881
-9.104420193
-9.107011458
-9.107011458
-9.107011458
-9.108307017
-9.108307017
-9.11396203
-9.116553226
-9.13795624
-9.151859421
-9.175776055
-9.207938879
-9.246215822
-9.29753829
-9.358462839
-9.412329235
-9.466172538
-9.549730846
-9.636644116
-9.752498712
-9.876479626
-10.01072224
-10.11850602
-10.21475577
-10.33020974
-10.45234204
-10.54902249
-10.65001474
-10.73876095
-10.83379544
-10.90666951
-10.98191564
-11.04683471
-11.09747473
-11.13708448
-11.19064435
-11.24281941
-11.3005888
-11.38317615
-11.47280245
-11.54328893
-11.60509888
-11.66972764
-11.73715628
-11.78626041
-11.80873777
-11.82561199
-11.86355222
-11.91828939
-11.96586319
-12.00085857
-12.05260964
-12.10987227
-12.16983782
-12.21721934
-12.2492379
-12.27150148
-12.30070712
-12.33405764
-12.37230285
-12.41469096
-12.45952249
-12.50927946
-12.56981284
-12.64026224
-12.74308684
-12.87805548
-13.0172294
-13.14329544
-13.27977143
-13.3814212
-13.44900661
-13.51801579
-13.58572303
-13.68600557
-13.79535886
-13.88923296
-13.94821443
-13.98048754
-13.9985761
-14.03474774
-14.08754554
-14.1552029
-14.25338
-14.33377677
-14.39525993
-14.45001723
-14.5079433
-14.57808508
-14.66510476
-14.73725614
-14.80796929
-14.92746822
-15.04174526
-15.15085177
-15.22421036
-15.30806037
-15.38251859
-15.43694886
-15.45643638
-15.49351847
-15.5617181
-15.65455241
-15.73953089
-15.81493921
-15.86685878
-15.9317072
-15.98281538
-16.01098807
-16.01498263
-16.01498263
-16.0349485
-16.08479841
-16.148537
-16.23062684
-16.32330444
-16.41960849
-16.50242881
-16.56486619
-16.61145921
-16.65120995
-16.66733979
-16.66733979
-16.66733979
-16.67673498
-16.68762761
-16.69851906
-16.70396435
-16.70940935
-16.70940935
-16.71485405
-16.72179757
-16.73568383
-16.75895601
-16.77583736
-16.80754267
-16.8570583
-16.91049415
-16.96690699
-17.02329808
-17.1062357
-17.18760569
-17.24723338
-17.29690297
-17.33721527
-17.37570017
-17.41417492
-17.44963453
-17.4781745
-17.49169577
-17.50910975
-17.55532825
-17.61804623
-17.66948433
-17.69646028
-17.71817313
-17.7535315
-17.80116059
-17.85365361
-17.92212724
-18.00129853
-18.08662045
-18.16206606
-18.22960117
-18.2885401
-18.31025554
-18.33185746
-18.37164751
-18.41909144
-18.46033855
-18.48045171
-18.4961052
-18.54269996
-18.58687041
-18.62105923
-18.66056761
-18.7183533
-18.79502786
-18.87401117
-18.91223711
-18.95483901
-19.01392184
-19.06766955
-19.13048091
-19.19626137
-19.23327519
-19.22425636
-19.17609013
-19.1294384
-19.10164555
-19.08891519
-19.10408183
-19.10559262
-19.10709068
-19.11684221
-19.13334679
-19.18149621
-19.22363272
-19.27101863
-19.31608693
-19.33625546
-19.33083728
-19.31409534
-19.31012963
-19.32717655
-19.36820949
-19.40461583
-19.4416273
-19.48899939
-19.54450669
-19.59391069
-19.65154062
-19.68362102
-19.6871675
-19.66541613
-19.6716095
-19.68940297
-19.69896161
-19.71898523
-19.75822988
-19.80625111
-19.86234532
-19.92196548
-19.9705018
-19.98631535
-19.98665077
-19.9840506
-19.97776239
-19.95895144
-19.94689942
-19.94897902
-19.9666488
-19.9833106
-19.98654975
-20.00989814
-20.00535001
-19.98858579
-19.92628937
-19.85691594
-19.81393977
-19.8474749
-19.90517922
-19.95639739
-20.00235302
-20.02968852
-20.01818868
-19.99994066
-19.97725579
-19.95929026
-19.96431898
-19.99950175
-20.0503389
-20.10398594
-20.12064631
-20.1444837
-20.18698568
-20.23236394
-20.27776555
-20.3124807
-20.33266961
-20.30511059
-20.21421936
-20.10180811
-19.98084382
-19.86558648
-19.77917618
-19.73611052
-19.74556032
-19.76920527
-19.78193533
-19.76448244
-19.74507442
-19.71647512
-19.66892416
-19.57873311
-19.48635183
-19.39145341
-19.28321849
-19.17669103
-19.06930982
-18.99170285
-18.97447761
-18.98016716
-19.00175712
-18.99176142
-18.93550286
-18.84319223
-18.73552861
-18.58966184
-18.44459877
-18.30993893
-18.22255144
-18.19165351
-18.18794283
-18.20539084
-18.24473917
-18.27280494
-18.27041467
-18.19032615
-18.06417687
-17.95269989
-17.84663091
-17.74490269
-17.64324933
-17.57656827
-17.54113195
-17.51562786
-17.50077574
-17.5132685
-17.5431806
-17.57436317
-17.60425253
-17.6374172
-17.66522679
-17.6669511
-17.63894138
-17.5674588
-17.46814013
-17.38206213
-17.30260877
-17.26235225
-17.25088945
-17.25427117
-17.26540451
-17.28273114
-17.29637879
-17.30961846
-17.30999728
-17.28815606
-17.23124436
-17.14064949
-17.02168824
-16.89256558
-16.81651718
-16.78158461
-16.7803169
-16.80286016
-16.83685469
-16.86880931
-16.87733189
-16.83044065
-16.74005739
-16.64442937
-16.51940251
-16.36824752
-16.24168133
-16.15027773
-16.09690604
-16.05539564
-15.97965943
-15.86387228
-15.6971141
-15.46413749
-15.20727717
-14.95245136
-14.69947931
-14.4728508
-14.31087878
-14.23676805
-14.21321025
-14.21321025
-14.21548841
-14.21662737
-14.21244542
-14.20712432
-14.15886871
-14.0677072
-13.93039523
-13.81620452
-13.72180516
-13.62102728
-13.48969529
-13.37285198
-13.30482463
-13.28176964
-13.27534798
-13.27534798
-13.27534798
-13.27534798
-13.26892663
-13.26513719
-13.26513719
-13.25871598
-13.22924351
-13.19335546
-13.14346754
-13.08454671
-13.02563861
-12.98327443
-12.97045097
-12.94100499
-12.90734583
-12.83565479
-12.74695933
-12.64658388
-12.53562521
-12.41250773
-12.30076792
-12.18803548
-12.1012954
-12.01313304
-11.93032962
-11.8613693
-11.79072338
-11.73665763
-11.68896335
-11.61905259
-11.54918003
-11.48289355
-11.41382751
-11.32751401
-11.25392484
-11.21204598
-11.19551588
-11.18532121
-11.18532121
-11.18532121
-11.17265102
-11.12445415
-11.03302709
-10.93142797
-10.82637677
-10.71264496
-10.59901621
-10.50052354
-10.43990672
-10.40693115
-10.38414274
-10.3157863
-10.22567665
-10.11041811
-9.977728971
-9.853760486
-9.74001702
-9.644330855
-9.587881229
-9.550262599
-9.496204084
-9.45861126
-9.406926158
-9.347402567
-9.248000279
-9.136139344
-9.04174829
-8.95104399
-8.846237411
-8.726680408
-8.612794572
-8.511444375
-8.402240009
-8.293632462
-8.190718946
-8.079901207
-7.960666905
-7.80028407
-7.63601537
-7.48821168
-7.334303858
-7.144678378
-6.93699753
-6.763044446
-6.613906553
-6.46678507
-6.318756729
-6.210482967
-6.116618185
-6.042566503
-5.991547553
-5.939657613
-5.896859798
-5.851114203
-5.778893306
-5.673210729
-5.542797867
-5.409553616
-5.276689059
-5.172988073
-5.103035039
-5.074012955
-5.035379508
-4.986278137
-4.925297611
-4.872407001
-4.793771241
-4.720102507
-4.643199557
-4.596847972
-4.514740711
-4.432647573
-4.364861958
-4.305110031
-4.25499089
-4.229634052
-4.200718364
-4.16824192
-4.129709157
-4.081001537
-4.042476693
-3.975893195
-3.849636197
-3.658526688
-3.4224571
-3.118509406
-2.802294275
-2.470493965
-2.193528156
-1.993689017
-1.871822664
-1.807233013
-1.79529886
-1.796061644
-1.791849388
-1.791849388
-1.785882511
-1.765523233
-1.715566003
-1.640814046
-1.550153683
-1.489517202
-1.425883058
-1.356541077
-1.307846285
-1.280792378
-1.234129727
-1.173045638
-1.109718792
-1.03514816
-0.943389898
-0.842053702
-0.727516345
-0.605691721
-0.510854621
-0.396421705
-0.275112675
-0.161125712
-0.066686793
0.008588232
0.07418749
0.125316127
0.190587954
0.251755309
0.351007198
0.481563602
0.616486493
0.795102651
0.997131303
1.23767537
1.486032158
1.726540151
1.922850988
2.048815257
2.112630128
2.144901466
2.181409901
2.226685206
2.276635061
2.350013961
2.436448911
2.536039497
2.649928297
2.790985294
2.963209853
3.145674786
3.299885262
3.41717086
3.512561073
3.59579132
3.659946585
3.735128962
3.792517262
3.860823149
3.927814772
3.995895276
4.050395425
4.109339869
4.147168249
4.188966196
4.246230643
4.320239424
4.403172276
4.481636528
4.57078398
4.682646949
4.810409942
4.943281164
5.068139051
5.193553027
5.33819906
5.513128928
5.682678719
5.858908116
6.036236296
6.234070573
6.442853946
6.636970468
6.806035783
6.93868531
7.039019196
7.098047983
7.144354154
7.189782463
7.245432702
7.321526594
7.399658536
7.468056769
7.51081994
7.548928206
7.580870834
7.616924644
7.642334089
7.658065294
7.672829638
7.687112812
7.712050063
7.743521999
7.776919322
7.820002122
7.875946292
7.931991932
7.998827549
8.076916439
8.129428629
8.212979233
8.317348
8.446707075
8.603471659
8.80019653
9.021199004
9.216227964
9.352508257
9.439769115
9.506950767
9.575373487
9.640831762
9.684216827
9.712733258
9.736996717
9.763362909
9.805464231
9.868822853
9.937698899
10.00532999
10.07643087
10.15266403
10.23914564
10.32646366
10.41851638
10.51571273
10.60742677
10.6845986
10.75666372
10.80787244
10.83899186
10.85909619
10.86025731
10.85475433
10.84925098
10.85399119
10.85911928
10.8489001
10.85558807
10.90168909
10.95650372
11.00583366
11.03658908
11.0641272
11.09603502
11.13229619
11.15317976
11.17767768
11.19705456
11.20619214
11.20145341
11.20184345
11.21722851
11.21174954
11.20701153
11.21726876
11.25204354
11.28135248
11.30777094
11.34370508
11.38440394
11.43901307
11.47897998
11.52372772
11.55381364
11.57986366
11.60554925
11.62719004
11.64810175
11.68333922
11.71894515
11.7497771
11.78539192
11.83607552
11.92063891
12.00702032
12.09892872
12.18264499
12.27561833
12.37889743
12.48700254
12.59546035
12.69297518
12.76573414
12.82206849
12.87809008
12.93348494
12.95960337
12.96514258
12.95013922
12.93933062
12.93818838
12.93164107
12.8934015
12.83559714
12.75214201
12.6895324
12.67250003
12.70618445
12.78105102
12.8523956
12.90895198
12.94912872
12.96356085
12.95163244
12.88792554
12.78721776
12.69680461
12.62758476
12.60596167
12.64231736
12.70864254
12.79437881
12.8856818
12.96311419
13.03083809
13.05270887
13.02268694
12.97625318
12.9079311
12.83379575
12.75861837
12.7271601
12.7059598
12.70020796
12.7057381
12.72164701
12.71629648
12.6797054
12.62225015
12.56998219
12.50576839
12.43511335
12.36960632
12.33800967
12.33763069
12.35684517
12.36160381
12.34085332
12.29358418
12.2394327
12.18459432
12.11564542
12.07807493
12.08172503
12.12676911
12.19327165
12.27109092
12.34755043
12.40290001
12.39706706
12.34322655
12.25698213
12.1497439
12.05020453
11.95693875
11.88869684
11.83111291
11.80444047
11.82573206
11.85631605
11.88129331
11.8969747
11.92311071
11.93994149
11.94012045
11.93584011
11.91500145
11.87905171
11.83728929
11.81517633
11.81931495
11.84350463
11.88360198
11.94969089
11.95812739
11.9300142
11.85117489
11.75573232
11.65452105
11.54772386
11.48383177
11.47316326
11.48829559
11.51009208
11.54196907
11.57262896
11.57838675
11.56227066
11.52035756
11.47885358
11.43221812
11.39113728
11.33329973
11.29652653
11.27085972
11.25074919
11.22508919
11.20027986
11.15881411
11.10196628
11.00986246
10.9114873
10.80244713
10.70335054
10.63031415
10.57730427
10.55125214
10.5363521
10.52099741
10.50564396
10.50656053
10.49029175
10.47586051
10.44516551
10.41401246
10.37821195
10.34148486
10.29870687
10.26788784
10.23627073
10.21023765
10.17861939
10.13534741
10.08169448
10.01780403
9.949274241
9.881377168
9.812991535
9.742124119
9.666110269
9.584445793
9.49914721
9.420982181
9.351496689
9.275850772
9.2103918
9.155645915
9.101931669
9.066174965
9.035172331
9.024769889
9.014728884
8.983202395
8.953643049
8.911742998
8.868941986
8.827396884
8.794424663
8.747787317
8.695651237
8.633454721
8.58494098
8.537529162
8.515821488
8.499954084
8.493922228
8.472020529
8.457274135
8.431202465
8.394365363
8.373219062
8.346406359
8.335461682
8.328675945
8.306390141
8.25820209
8.192031265
8.108208118
8.003123603
7.875182779
7.748897905
7.640838445
7.536840564
7.436050795
7.323509918
7.238251351
7.18220301
7.149687966
7.132310977
7.110226725
7.099207969
7.083203664
7.051632522
7.00321216
6.924660375
6.844777035
6.749074986
6.654362161
6.582662537
6.532705572
6.518181802
6.502001671
6.496534544
6.499807665
6.53920797
6.59958304
6.650571921
6.671606211
6.666078114
6.619897521
6.558333943
6.469822592
6.361460527
6.240142002
6.110235483
5.978138256
5.882134095
5.82095625
5.787451439
5.753242882
5.708082126
5.676655016
5.627058588
5.564386226
5.500972022
5.41417681
5.321465505
5.196918186
5.078395211
4.966375177
4.863795586
4.766262889
4.695785779
4.654649774
4.63188635
4.608367267
4.567194812
4.52087474
4.476052249
4.412786855
4.337699088
4.249994747
4.157556375
4.07328963
3.986946461
3.896199066
3.810535573
3.700314347
3.578121444
3.429489009
3.273450533
3.103162357
2.931784925
2.765276132
2.611327139
2.473602745
2.377781379
2.32975927
2.317750121
2.311745004
2.305739524
2.305739524
2.275706696
2.218387373
2.153644513
2.0685444
1.963537427
1.821310218
1.663374879
1.506078102
1.354601213
1.23932737
1.148229898
1.105689965
1.084311932
1.078785606
1.067733123
1.054292101
1.033467424
1.011725855
0.98371569
0.964181755
0.923238741
0.868243367
0.816923956
0.769635124
0.720834111
0.645721875
0.562191963
0.460788778
0.33796409
0.196959763
0.037334483
-0.140405004
-0.313248878
-0.484195976
-0.63544709
-0.74200038
-0.818674859
-0.891575986
-0.955738654
-0.997978426
-1.031021385
-1.063071198
-1.113769562
-1.190374772
-1.267044791
-1.333868725
-1.418552483
-1.504073157
-1.576531821
-1.63093082
-1.691443543
-1.759511809
-1.859527609
-2.013907606
-2.212867681
-2.458398446
-2.725242741
-3.007833947
-3.275954407
-3.530130013
-3.776169183
-3.980538333
-4.111897522
-4.190074029
-4.221756743
-4.245190128
-4.252020004
-4.253158187
-4.253158187
-4.257710549
-4.267939933
-4.28498593
-4.31793014
-4.366689488
-4.392435268
-4.399275992
-4.404975557
-4.41635654
-4.440956195
-4.45800254
-4.477654588
-4.490485135
-4.50331709
-4.515416746
-4.516559838
-4.530947429
-4.578991812
-4.635417901
-4.728601893
-4.838501958
-4.959828364
-5.065747321
-5.161469765
-5.240623969
-5.310412686
-5.380249715
-5.477272888
-5.557621216
-5.625203382
-5.680635319
-5.719002875
-5.737349328
-5.756309953
-5.774075899
-5.798535244
-5.81273905
-5.826936812
-5.838763648
-5.849216699
-5.853946123
-5.85985695
-5.869312066
-5.890217898
-5.920215546
-5.951213218
-5.964229629
-5.996408048
-6.020874214
-6.05443064
-6.085624443
-6.123542315
-6.146645817
-6.158294514
-6.160662582
-6.171943911
-6.180858628
-6.187405602
-6.187405602
-6.187405602
-6.187405602
-6.178313975
-6.118614303
-6.002271673
-5.825133957
-5.560308399
-5.338198196
-5.187802616
-5.130661952
-5.189365583
