-5.716060
-5.736341
-5.756622
-5.776902
-5.797183
-5.817464
-5.837744
-5.858024
-5.878304
-5.898583
-5.918862
-5.939141
-5.959419
-5.979697
-5.999974
-6.020251
-6.040527
-6.060802
-6.081077
-6.101351
-6.121625
-6.141897
-6.162169
-6.182440
-6.202710
-6.222978
-6.243246
-6.263513
-6.283779
-6.304044
-6.324308
-6.344570
-6.364831
-6.385091
-6.405350
-6.425607
-6.445863
-6.466117
-6.486370
-6.506621
-6.526871
-6.547120
-6.567366
-6.587611
-6.607855
-6.628096
-6.648336
-6.668574
-6.688810
-6.709044
-6.729276
-6.749506
-6.769735
-6.789961
-6.810185
-6.830407
-6.850626
-6.870844
-6.891059
-6.911272
-6.931482
-6.951691
-6.971896
-6.992100
-7.012300
-7.032499
-7.052694
-7.072887
-7.093078
-7.113265
-7.133450
-7.153633
-7.173812
-7.193988
-7.214162
-7.234333
-7.254500
-7.274665
-7.294827
-7.314985
-7.335141
-7.355293
-7.375442
-7.395588
-7.415730
-7.435869
-7.456005
-7.476137
-7.496266
-7.516392
-7.536513
-7.556632
-7.576747
-7.596858
-7.616965
-7.637069
-7.657168
-7.677265
-7.697357
-7.717445
-7.737530
-7.757610
-7.777686
-7.797759
-7.817827
-7.837891
-7.857952
-7.878007
-7.898059
-7.918106
-7.938149
-7.958188
-7.978222
-7.998252
-8.018278
-8.038299
-8.058315
-8.078327
-8.098334
-8.118336
-8.138334
-8.158327
-8.178315
-8.198298
-8.218277
-8.238250
-8.258219
-8.278183
-8.298141
-8.318095
-8.338043
-8.357987
-8.377925
-8.397858
-8.417786
-8.437708
-8.457625
-8.477537
-8.497443
-8.517344
-8.537239
-8.557129
-8.577013
-8.596892
-8.616765
-8.636632
-8.656494
-8.676349
-8.696199
-8.716044
-8.735882
-8.755714
-8.775541
-8.795361
-8.815175
-8.834984
-8.854786
-8.874582
-8.894372
-8.914155
-8.933933
-8.953704
-8.973468
-8.993227
-9.012979
-9.032724
-9.052463
-9.072195
-9.091921
-9.111640
-9.131353
-9.151059
-9.170758
-9.190450
-9.210136
-9.229814
-9.249486
-9.269151
-9.288809
-9.308460
-9.328104
-9.347740
-9.367370
-9.386993
-9.406608
-9.426216
-9.445817
-9.465410
-9.484996
-9.504575
-9.524147
-9.543710
-9.563267
-9.582816
-9.602357
-9.621890
-9.641416
-9.660935
-9.680445
-9.699948
-9.719443
-9.738930
-9.758409
-9.777881
-9.797344
-9.816799
-9.836247
-9.855686
-9.875117
-9.894540
-9.913955
-9.933361
-9.952760
-9.972150
-9.991531
-10.010905
-10.030269
-10.049626
-10.068974
-10.088313
-10.107644
-10.126966
-10.146280
-10.165584
-10.184881
-10.204168
-10.223447
-10.242716
-10.261977
-10.281229
-10.300472
-10.319706
-10.338931
-10.358147
-10.377354
-10.396552
-10.415740
-10.434920
-10.454090
-10.473251
-10.492402
-10.511544
-10.530677
-10.549800
-10.568914
-10.588018
-10.607113
-10.626198
-10.645274
-10.664339
-10.683396
-10.702442
-10.721479
-10.740506
-10.759523
-10.778530
-10.797527
-10.816514
-10.835491
-10.854459
-10.873416
-10.892363
-10.911300
-10.930226
-10.949143
-10.968049
-10.986945
-11.005831
-11.024706
-11.043571
-11.062425
-11.081269
-11.100102
-11.118925
-11.137737
-11.156539
-11.175330
-11.194110
-11.212880
-11.231638
-11.250386
-11.269123
-11.287850
-11.306565
-11.325269
-11.343962
-11.362645
-11.381316
-11.399976
-11.418625
-11.437263
-11.455890
-11.474505
-11.493109
-11.511702
-11.530283
-11.548853
-11.567412
-11.585959
-11.604494
-11.623018
-11.641531
-11.660032
-11.678521
-11.696998
-11.715464
-11.733918
-11.752360
-11.770791
-11.789209
-11.807616
-11.826011
-11.844393
-11.862764
-11.881123
-11.899469
-11.917804
-11.936126
-11.954436
-11.972734
-11.991019
-12.009293
-12.027554
-12.045802
-12.064039
-12.082262
-12.100474
-12.118672
-12.136859
-12.155032
-12.173193
-12.191342
-12.209477
-12.227600
-12.245710
-12.263808
-12.281892
-12.299964
-12.318023
-12.336069
-12.354101
-12.372121
-12.390128
-12.408122
-12.426102
-12.444070
-12.462024
-12.479965
-12.497893
-12.515807
-12.533709
-12.551596
-12.569471
-12.587332
-12.605179
-12.623013
-12.640834
-12.658641
-12.676434
-12.694214
-12.711980
-12.729732
-12.747470
-12.765195
-12.782906
-12.800603
-12.818286
-12.835955
-12.853611
-12.871252
-12.888879
-12.906492
-12.924092
-12.941677
-12.959247
-12.976804
-12.994346
-13.011875
-13.029388
-13.046888
-13.064373
-13.081844
-13.099300
-13.116742
-13.134169
-13.151582
-13.168980
-13.186364
-13.203733
-13.221087
-13.238427
-13.255752
-13.273062
-13.290357
-13.307637
-13.324903
-13.342153
-13.359389
-13.376610
-13.393815
-13.411006
-13.428182
-13.445342
-13.462487
-13.479617
-13.496732
-13.513832
-13.530916
-13.547985
-13.565039
-13.582077
-13.599100
-13.616107
-13.633099
-13.650076
-13.667037
-13.683982
-13.700912
-13.717826
-13.734724
-13.751607
-13.768473
-13.785325
-13.802160
-13.818979
-13.835783
-13.852570
-13.869342
-13.886098
-13.902837
-13.919561
-13.936269
-13.952960
-13.969635
-13.986294
-14.002937
-14.019564
-14.036174
-14.052768
-14.069346
-14.085908
-14.102453
-14.118981
-14.135493
-14.151989
-14.168468
-14.184930
-14.201376
-14.217805
-14.234218
-14.250614
-14.266993
-14.283355
-14.299701
-14.316030
-14.332342
-14.348637
-14.364915
-14.381176
-14.397420
-14.413647
-14.429857
-14.446050
-14.462226
-14.478385
-14.494527
-14.510651
-14.526758
-14.542848
-14.558921
-14.574976
-14.591014
-14.607034
-14.623037
-14.639023
-14.654991
-14.670942
-14.686875
-14.702790
-14.718688
-14.734568
-14.750431
-14.766276
-14.782103
-14.797912
-14.813703
-14.829477
-14.845233
-14.860971
-14.876691
-14.892393
-14.908077
-14.923743
-14.939391
-14.955021
-14.970633
-14.986226
-15.001802
-15.017359
-15.032898
-15.048419
-15.063922
-15.079406
-15.094872
-15.110319
-15.125748
-15.141159
-15.156551
-15.171925
-15.187280
-15.202616
-15.217934
-15.233234
-15.248514
-15.263776
-15.279019
-15.294244
-15.309450
-15.324637
-15.339805
-15.354954
-15.370084
-15.385196
-15.400288
-15.415362
-15.430416
-15.445452
-15.460468
-15.475465
-15.490444
-15.505403
-15.520342
-15.535263
-15.550164
-15.565046
-15.579909
-15.594753
-15.609577
-15.624381
-15.639167
-15.653933
-15.668679
-15.683406
-15.698113
-15.712801
-15.727469
-15.742117
-15.756746
-15.771355
-15.785945
-15.800515
-15.815065
-15.829595
-15.844105
-15.858596
-15.873066
-15.887517
-15.901948
-15.916359
-15.930749
-15.945120
-15.959471
-15.973802
-15.988112
-16.002403
-16.016673
-16.030923
-16.045153
-16.059363
-16.073552
-16.087721
-16.101870
-16.115998
-16.130106
-16.144194
-16.158261
-16.172307
-16.186334
-16.200339
-16.214324
-16.228289
-16.242233
-16.256156
-16.270059
-16.283941
-16.297802
-16.311642
-16.325462
-16.339261
-16.353039
-16.366796
-16.380533
-16.394248
-16.407943
-16.421617
-16.435269
-16.448901
-16.462511
-16.476101
-16.489669
-16.503217
-16.516743
-16.530248
-16.543731
-16.557194
-16.570635
-16.584055
-16.597454
-16.610832
-16.624188
-16.637522
-16.650836
-16.664127
-16.677398
-16.690647
-16.703874
-16.717080
-16.730264
-16.743427
-16.756568
-16.769688
-16.782785
-16.795861
-16.808916
-16.821948
-16.834959
-16.847948
-16.860916
-16.873861
-16.886785
-16.899686
-16.912566
-16.925424
-16.938260
-16.951073
-16.963865
-16.976635
-16.989383
-17.002108
-17.014812
-17.027493
-17.040152
-17.052789
-17.065404
-17.077996
-17.090567
-17.103115
-17.115640
-17.128144
-17.140624
-17.153083
-17.165519
-17.177933
-17.190324
-17.202693
-17.215039
-17.227362
-17.239663
-17.251942
-17.264198
-17.276431
-17.288642
-17.300830
-17.312995
-17.325137
-17.337257
-17.349354
-17.361428
-17.373479
-17.385508
-17.397513
-17.409496
-17.421456
-17.433393
-17.445307
-17.457198
-17.469065
-17.480910
-17.492732
-17.504531
-17.516306
-17.528059
-17.539788
-17.551494
-17.563177
-17.574837
-17.586473
-17.598087
-17.609676
-17.621243
-17.632786
-17.644306
-17.655803
-17.667276
-17.678726
-17.690152
-17.701555
-17.712934
-17.724290
-17.735622
-17.746931
-17.758216
-17.769477
-17.780715
-17.791930
-17.803120
-17.814287
-17.825430
-17.836550
-17.847645
-17.858717
-17.869765
-17.880790
-17.891790
-17.902767
-17.913719
-17.924648
-17.935553
-17.946434
-17.957291
-17.968124
-17.978933
-17.989717
-18.000478
-18.011215
-18.021928
-18.032616
-18.043281
-18.053921
-18.064537
-18.075129
-18.085696
-18.096240
-18.106759
-18.117254
-18.127724
-18.138170
-18.148592
-18.158990
-18.169363
-18.179711
-18.190036
-18.200336
-18.210611
-18.220862
-18.231088
-18.241290
-18.251467
-18.261620
-18.271748
-18.281851
-18.291930
-18.301984
-18.312014
-18.322019
-18.331999
-18.341954
-18.351885
-18.361791
-18.371672
-18.381528
-18.391360
-18.401167
-18.410948
-18.420705
-18.430437
-18.440144
-18.449827
-18.459484
-18.469116
-18.478723
-18.488305
-18.497863
-18.507395
-18.516902
-18.526384
-18.535840
-18.545272
-18.554679
-18.564060
-18.573416
-18.582747
-18.592053
-18.601334
-18.610589
-18.619819
-18.629024
-18.638203
-18.647357
-18.656486
-18.665590
-18.674668
-18.683720
-18.692748
-18.701749
-18.710726
-18.719676
-18.728602
-18.737502
-18.746376
-18.755225
-18.764048
-18.772846
-18.781618
-18.790364
-18.799085
-18.807780
-18.816450
-18.825094
-18.833712
-18.842304
-18.850871
-18.859412
-18.867927
-18.876417
-18.884880
-18.893318
-18.901730
-18.910116
-18.918477
-18.926811
-18.935120
-18.943402
-18.951659
-18.959890
-18.968095
-18.976273
-18.984426
-18.992553
-19.000654
-19.008729
-19.016777
-19.024800
-19.032797
-19.040767
-19.048712
-19.056630
-19.064522
-19.072388
-19.080227
-19.088041
-19.095828
-19.103589
-19.111324
-19.119033
-19.126715
-19.134371
-19.142001
-19.149605
-19.157182
-19.164732
-19.172257
-19.179755
-19.187226
-19.194672
-19.202091
-19.209483
-19.216849
-19.224188
-19.231501
-19.238788
-19.246048
-19.253281
-19.260488
-19.267669
-19.274823
-19.281950
-19.289051
-19.296125
-19.303172
-19.310193
-19.317187
-19.324155
-19.331096
-19.338010
-19.344897
-19.351758
-19.358592
-19.365399
-19.372180
-19.378934
-19.385661
-19.392361
-19.399034
-19.405681
-19.412301
-19.418894
-19.425460
-19.431999
-19.438511
-19.444996
-19.451455
-19.457886
-19.464291
-19.470669
-19.477020
-19.483343
-19.489640
-19.495910
-19.502153
-19.508368
-19.514557
-19.520719
-19.526853
-19.532961
-19.539041
-19.545095
-19.551121
-19.557120
-19.563092
-19.569037
-19.574955
-19.580845
-19.586709
-19.592545
-19.598354
-19.604136
-19.609890
-19.615618
-19.621318
-19.626991
-19.632636
-19.638255
-19.643846
-19.649409
-19.654946
-19.660455
-19.665937
-19.671391
-19.676818
-19.682218
-19.687590
-19.692935
-19.698253
-19.703543
-19.708805
-19.714041
-19.719249
-19.724429
-19.729582
-19.734708
-19.739806
-19.744876
-19.749919
-19.754935
-19.759923
-19.764883
-19.769816
-19.774722
-19.779599
-19.784450
-19.789272
-19.794068
-19.798835
-19.803575
-19.808287
-19.812972
-19.817629
-19.822259
-19.826860
-19.831434
-19.835981
-19.840500
-19.844991
-19.849454
-19.853890
-19.858298
-19.862678
-19.867031
-19.871356
-19.875653
-19.879922
-19.884164
-19.888377
-19.892563
-19.896722
-19.900852
-19.904955
-19.909029
-19.913076
-19.917096
-19.921087
-19.925051
-19.928986
-19.932894
-19.936774
-19.940626
-19.944450
-19.948246
-19.952015
-19.955755
-19.959468
-19.963153
-19.966809
-19.970438
-19.974039
-19.977612
-19.981157
-19.984674
-19.988163
-19.991624
-19.995057
-19.998462
-20.001839
-20.005188
-20.008510
-20.011803
-20.015068
-20.018305
-20.021514
-20.024695
-20.027848
-20.030973
-20.034069
-20.037138
-20.040179
-20.043191
-20.046176
-20.049132
-20.052061
-20.054961
-20.057833
-20.060677
-20.063493
-20.066281
-20.069041
-20.071772
-20.074476
-20.077151
-20.079798
-20.082417
-20.085008
-20.087570
-20.090105
-20.092611
-20.095089
-20.097539
-20.099961
-20.102355
-20.104720
-20.107057
-20.109366
-20.111647
-20.113899
-20.116124
-20.118320
-20.120488
-20.122627
-20.124739
-20.126822
-20.128877
-20.130903
-20.132902
-20.134872
-20.136814
-20.138727
-20.140613
-20.142470
-20.144299
-20.146099
-20.147871
-20.149615
-20.151331
-20.153018
-20.154677
-20.156308
-20.157911
-20.159485
-20.161031
-20.162548
-20.164037
-20.165498
-20.166931
-20.168335
-20.169711
-20.171059
-20.172378
-20.173669
-20.174932
-20.176166
-20.177372
-20.178549
-20.179699
-20.180819
-20.181912
-20.182976
-20.184012
-20.185019
-20.185999
-20.186949
-20.187872
-20.188766
-20.189631
-20.190469
-20.191278
-20.192058
-20.192810
-20.193534
-20.194230
-20.194897
-20.195535
-20.196146
-20.196727
-20.197281
-20.197806
-20.198303
-20.198771
-20.199211
-20.199623
-20.200006
-20.200361
-20.200687
-20.200985
-20.201255
-20.201496
-20.201709
-20.201894
-20.202050
-20.202177
-20.202277
-20.202348
-20.202390
-20.202404
-20.202390
-20.202347
-20.202276
-20.202177
-20.202049
-20.201893
-20.201708
-20.201495
-20.201254
-20.200984
-20.200686
-20.200359
-20.200004
-20.199621
-20.199209
-20.198769
-20.198300
-20.197803
-20.197278
-20.196724
-20.196142
-20.195532
-20.194893
-20.194226
-20.193530
-20.192806
-20.192054
