-3.434303
-3.578677
-3.723041
-3.867383
-4.011693
-4.155960
-4.300174
-4.444324
-4.588399
-4.732389
-4.876283
-5.020070
-5.163740
-5.307282
-5.450686
-5.593940
-5.737035
-5.879959
-6.022703
-6.165255
-6.307605
-6.449742
-6.591657
-6.733338
-6.874775
-7.015957
-7.156875
-7.297517
-7.437874
-7.577934
-7.717688
-7.857125
-7.996236
-8.135008
-8.273433
-8.411501
-8.549200
-8.686520
-8.823453
-8.959986
-9.096111
-9.231818
-9.367095
-9.501934
-9.636324
-9.770255
-9.903718
-10.036702
-10.169198
-10.301196
-10.432686
-10.563658
-10.694103
-10.824011
-10.953373
-11.082178
-11.210418
-11.338083
-11.465163
-11.591649
-11.717532
-11.842802
-11.967451
-12.091468
-12.214845
-12.337572
-12.459641
-12.581043
-12.701768
-12.821808
-12.941153
-13.059795
-13.177726
-13.294935
-13.411416
-13.527158
-13.642154
-13.756396
-13.869873
-13.982579
-14.094505
-14.205642
-14.315983
-14.425519
-14.534242
-14.642144
-14.749217
-14.855453
-14.960845
-15.065384
-15.169062
-15.271873
-15.373809
-15.474861
-15.575023
-15.674287
-15.772646
-15.870092
-15.966618
-16.062218
-16.156883
-16.250608
-16.343384
-16.435206
-16.526067
-16.615959
-16.704876
-16.792812
-16.879760
-16.965713
-17.050666
-17.134611
-17.217543
-17.299456
-17.380344
-17.460200
-17.539018
-17.616794
-17.693520
-17.769192
-17.843804
-17.917350
-17.989824
-18.061223
-18.131539
-18.200769
-18.268906
-18.335946
-18.401884
-18.466715
-18.530435
-18.593037
-18.654519
-18.714875
-18.774101
-18.832192
-18.889145
-18.944954
-18.999616
-19.053127
-19.105483
-19.156680
-19.206714
-19.255582
-19.303279
-19.349803
-19.395150
-19.439316
-19.482298
-19.524094
-19.564700
-19.604112
-19.642329
-19.679347
-19.715163
-19.749776
-19.783181
-19.815378
-19.846363
-19.876134
-19.904689
-19.932026
-19.958143
-19.983037
-20.006708
-20.029153
-20.050371
-20.070360
-20.089118
-20.106645
-20.122938
-20.137997
-20.151821
-20.164409
-20.175759
-20.185871
-20.194744
-20.202377
-20.208770
-20.213923
-20.217834
-20.220505
-20.221933
-20.222121
-20.221066
-20.218770
-20.215233
-20.210454
-20.204435
-20.197175
-20.188676
-20.178938
-20.167961
-20.155746
-20.142295
-20.127608
-20.111687
-20.094532
-20.076144
-20.056526
-20.035679
-20.013604
-19.990302
-19.965776
-19.940028
-19.913058
-19.884870
-19.855466
-19.824846
-19.793015
-19.759974
-19.725725
-19.690271
-19.653615
-19.615759
-19.576707
-19.536461
-19.495024
-19.452399
-19.408589
-19.363598
-19.317429
-19.270085
-19.221570
-19.171887
-19.121040
-19.069033
-19.015870
-18.961554
-18.906090
-18.849482
-18.791733
-18.732849
-18.672833
-18.611691
-18.549425
-18.486042
-18.421546
-18.355941
-18.289232
-18.221425
-18.152525
-18.082535
-18.011463
-17.939312
-17.866088
-17.791797
-17.716444
-17.640035
-17.562575
-17.484071
-17.404527
-17.323950
-17.242345
-17.159720
-17.076079
-16.991430
-16.905777
-16.819129
-16.731490
-16.642868
-16.553269
-16.462700
-16.371167
-16.278677
-16.185238
-16.090855
-15.995537
-15.899289
-15.802119
-15.704035
-15.605043
-15.505151
-15.404366
-15.302696
-15.200149
-15.096731
-14.992450
-14.887315
-14.781332
-14.674511
-14.566858
-14.458382
-14.349090
-14.238991
-14.128093
-14.016404
-13.903932
-13.790687
-13.676675
-13.561905
-13.446387
-13.330128
-13.213137
-13.095423
-12.976995
-12.857860
-12.738029
-12.617510
-12.496311
-12.374442
-12.251912
-12.128730
-12.004905
-11.880446
-11.755362
-11.629663
-11.503358
-11.376456
-11.248966
-11.120899
-10.992263
-10.863068
-10.733324
-10.603039
-10.472225
-10.340890
-10.209045
-10.076698
-9.943860
-9.810540
-9.676749
-9.542496
-9.407792
-9.272646
-9.137068
-9.001068
-8.864656
-8.727843
-8.590638
-8.453052
-8.315095
-8.176777
-8.038108
-7.899098
-7.759758
-7.620099
-7.480130
-7.339861
-7.199304
-7.058468
-6.917364
-6.776003
-6.634394
-6.492549
-6.350478
-6.208191
-6.065699
-5.923012
-5.780141
-5.637096
-5.493889
-5.350529
-5.207028
-5.063396
-4.919643
-4.775780
-4.631818
-4.487767
-4.343639
-4.199443
-4.055190
-3.910892
-3.766559
-3.622200
-3.477828
-3.333453
-3.189085
-3.044736
-2.900415
-2.756134
-2.611903
-2.467732
-2.323633
-2.179617
-2.035693
-1.891872
-1.748166
-1.604584
-1.461138
-1.317837
-1.174693
-1.031717
-0.888918
-0.746307
-0.603895
-0.461692
-0.319709
-0.177957
-0.036445
0.104815
0.245814
0.386540
0.526984
0.667135
0.806983
0.946516
1.085726
1.224602
1.363133
1.501309
1.639120
1.776556
1.913606
2.050261
2.186511
2.322344
2.457752
2.592724
2.727250
2.861321
2.994926
3.128056
3.260700
3.392849
3.524493
3.655622
3.786227
3.916298
4.045825
4.174799
4.303211
4.431050
4.558307
4.684974
4.811039
4.936495
5.061332
5.185540
5.309111
5.432036
5.554304
5.675908
5.796838
5.917085
6.036641
6.155496
6.273642
6.391070
6.507771
6.623737
6.738959
6.853428
6.967137
7.080077
7.192238
7.303614
7.414196
7.523975
7.632944
7.741095
7.848418
7.954908
8.060555
8.165352
8.269291
8.372364
8.474564
8.575883
8.676315
8.775850
8.874482
8.972204
9.069009
9.164888
9.259836
9.353845
9.446908
9.539019
9.630170
9.720355
9.809567
9.897799
9.985045
10.071299
10.156554
10.240804
10.324042
10.406263
10.487460
10.567628
10.646760
10.724850
10.801893
10.877884
10.952816
11.026683
11.099482
11.171205
11.241848
11.311406
11.379873
11.447245
11.513515
11.578681
11.642736
11.705676
11.767496
11.828192
11.887759
11.946192
12.003489
12.059643
12.114652
12.168510
12.221215
12.272761
12.323147
12.372366
12.420417
12.467295
12.512996
12.557519
12.600859
12.643012
12.683977
12.723749
12.762327
12.799707
12.835886
12.870861
12.904631
12.937192
12.968543
12.998680
13.027602
13.055306
13.081791
13.107054
13.131094
13.153909
13.175497
13.195856
13.214986
13.232884
13.249549
13.264981
13.279177
13.292138
13.303861
13.314346
13.323593
13.331600
13.338367
13.343893
13.348179
13.351224
13.353027
13.353588
13.352908
13.350986
13.347823
13.343419
13.337774
13.330888
13.322762
13.313397
13.302794
13.290952
13.277874
13.263559
13.248010
13.231226
13.213211
13.193963
13.173486
13.151781
13.128849
13.104692
13.079312
13.052711
13.024890
12.995852
12.965598
12.934132
12.901455
12.867570
12.832479
12.796185
12.758691
12.719999
12.680113
12.639034
12.596767
12.553314
12.508679
12.462865
12.415874
12.367712
12.318381
12.267885
12.216227
12.163412
12.109443
12.054325
11.998061
11.940656
11.882114
11.822439
11.761635
11.699708
11.636661
11.572500
11.507229
11.440852
11.373376
11.304804
11.235143
11.164396
11.092570
11.019669
10.945699
10.870666
10.794575
10.717431
10.639241
10.560009
10.479743
10.398448
10.316130
10.232794
10.148448
10.063097
9.976749
9.889408
9.801081
9.711776
9.621499
9.530256
9.438054
9.344900
9.250801
9.155764
9.059795
8.962903
8.865094
8.766375
8.666753
8.566237
8.464833
8.362549
8.259393
8.155371
8.050493
7.944765
7.838196
7.730793
7.622564
7.513517
7.403660
7.293003
7.181551
7.069315
6.956301
6.842520
6.727978
6.612684
6.496648
6.379877
6.262380
6.144166
6.025243
5.905621
5.785308
5.664313
5.542646
5.420314
5.297328
5.173695
5.049426
4.924530
4.799015
4.672892
4.546169
4.418855
4.290961
4.162496
4.033468
3.903888
3.773766
3.643110
3.511931
