-2.565776903
-2.570134222
-2.574491122
-2.595391855
-2.620645999
-2.644154232
-2.657209743
-2.676355939
-2.705941238
-2.735519746
-2.756402048
-2.783379761
-2.814700478
-2.838164215
-2.889407392
-2.962576712
-3.033807759
-3.093816473
-3.137300564
-3.148837891
-3.162918385
-3.182429455
-3.207369092
-3.236621282
-3.276725284
-3.325000545
-3.363955102
-3.406491856
-3.438852756
-3.451068292
-3.451068292
-3.452189675
-3.452189675
-3.462603884
-3.488164054
-3.506496427
-3.512607903
-3.524831882
-3.530944386
-3.537057231
-3.561512039
-3.598204521
-3.628791003
-3.65326635
-3.677747173
-3.683868234
-3.683868234
-3.708355623
-3.732849042
-3.769599017
-3.806361306
-3.849266203
-3.861527823
-3.861527823
-3.87379081
-3.886055164
-3.901296747
-3.938106402
-3.968790514
-3.987205082
-3.993343955
-3.99948317
-3.99948317
-4.024043446
-4.05290593
-4.069486783
-4.114938395
-4.15425213
-4.214448842
-4.262350814
-4.30782787
-4.371773622
-4.446717041
-4.489635138
-4.526851105
-4.565946891
-4.598427377
-4.625203439
-4.670957409
-4.713605434
-4.755528838
-4.802432225
-4.87399641
-4.96216717
-5.065031112
-5.167499278
-5.25718371
-5.331473915
-5.377535488
-5.402000544
-5.414091669
-5.42572518
-5.438103915
-5.438103915
-5.438103915
-5.444293789
-5.448535879
-5.461374654
-5.490092883
-5.521847385
-5.562498973
-5.591516926
-5.648061689
-5.723217592
-5.806102224
-5.906856726
-6.037927729
-6.202361974
-6.373387651
-6.535063608
-6.678126701
-6.807513426
-6.893210091
-6.953036321
-6.976099409
-6.992449129
-7.002085878
-7.008797611
-7.019695909
-7.040227633
-7.060756056
-7.090910344
-7.126501925
-7.164615932
-7.209806832
-7.259151372
-7.310559203
-7.38525972
-7.459161024
-7.542220884
-7.618255405
-7.688874278
-7.743568714
-7.795400985
-7.828418631
-7.860145205
-7.89943615
-7.940742371
-7.95918921
-7.993043642
-8.044194265
-8.10020557
-8.163808043
-8.231104924
-8.297557431
-8.356207755
-8.416830713
-8.474638878
-8.517681232
-8.561580226
-8.605892254
-8.663063971
-8.728760745
-8.802136099
-8.873081886
-8.929661363
-8.98771436
-9.055290578
-9.13725829
-9.231942195
-9.338281988
-9.439198149
-9.542372953
-9.619779511
-9.670014161
-9.725675149
-9.768212472
-9.804401396
-9.832006571
-9.865955171
-9.877723834
-9.888136276
-9.888136276
-9.889492935
-9.892206118
-9.892206118
-9.892206118
-9.908043941
-9.920249621
-9.935163684
-9.951433377
-9.977187519
-10.0083572
-10.03545855
-10.06527572
-10.09509016
-10.13165365
-10.15967303
-10.18769092
-10.23886406
-10.29221675
-10.33106397
-10.37989428
-10.42966983
-10.47825728
-10.5145456
-10.53673294
-10.55701173
-10.59085756
-10.64051297
-10.69918586
-10.75825605
-10.81965513
-10.87828395
-10.94867638
-11.02043725
-11.07442762
-11.12701232
-11.18758776
-11.24289816
-11.30080159
-11.34929406
-11.39637942
-11.45862235
-11.51269102
-11.54661936
-11.58795364
-11.62289946
-11.66183264
-11.67501069
-11.68975705
-11.71128177
-11.74419898
-11.78185437
-11.83230057
-11.90938055
-12.00467066
-12.10602712
-12.22459323
-12.35791638
-12.50487016
-12.65584542
-12.81467905
-12.95849254
-13.09052685
-13.18358433
-13.23868095
-13.26550028
-13.2776719
-13.29375954
-13.31376042
-13.34056344
-13.3769835
-13.44271049
-13.57116878
-13.7660346
-14.01190938
-14.26966889
-14.50105428
-14.68413751
-14.78576993
-14.80396433
-14.79486778
-14.7843009
-14.7843009
-14.7843009
-14.7843009
-14.7843009
-14.77783319
-14.76871357
-14.75578058
-14.75047844
-14.74517692
-14.73076293
-14.71518938
-14.70872787
-14.71635336
-14.73774671
-14.78522938
-14.84144526
-14.90428238
-14.93971937
-14.98981323
-15.03005152
-15.0817225
-15.11847294
-15.13862281
-15.15143085
-15.16339354
-15.18060172
-15.21035824
-15.2321717
-15.26298948
-15.31450057
-15.36392718
-15.42331153
-15.45404043
-15.49835291
-15.53890609
-15.56605156
-15.57252101
-15.57899075
-15.59193115
-15.61781559
-15.61110988
-15.58723974
-15.56041069
-15.55002568
-15.51702499
-15.45809241
-15.37414313
-15.31757864
-15.30063964
-15.30063964
-15.30063964
-15.30063964
-15.30063964
-15.28772338
-15.27871892
-15.27200161
-15.26151907
-15.26151907
-15.26151907
-15.26151907
-15.26528407
-15.3034427
-15.35784918
-15.40804292
-15.46281982
-15.53104392
-15.57587213
-15.58710577
-15.59833547
-15.60956123
-15.62498721
-15.63246704
-15.64368349
-15.66907496
-15.71062367
-15.76555683
-15.83628326
-15.91955761
-16.00200382
-16.06137656
-16.07475033
-16.07475033
-16.06734597
-16.06734597
-16.07624274
-16.07624274
-16.07624274
-16.07624274
-16.07624274
-16.07773509
-16.08442155
-16.08889817
-16.1028186
-16.11027801
-16.12143914
-16.13110799
-16.15320652
-16.17624482
-16.20817516
-16.25176083
-16.29846945
-16.33847674
-16.38364801
-16.42809182
-16.47401096
-16.50955847
-16.52658212
-16.53175847
-16.53175847
-16.53325137
-16.54509619
-16.55284129
-16.57441901
-16.61211139
-16.6623067
-16.7219866
-16.79210189
-16.86811455
-16.95351942
-17.02341575
-17.08877303
-17.13517527
-17.16898727
-17.18154536
-17.16857555
-17.17007147
-17.17969292
-17.18945619
-17.18973933
-17.19515169
-17.20989689
-17.23405426
-17.25307538
-17.26359864
-17.25977755
-17.23661719
-17.21552279
-17.22762199
-17.25345429
-17.27426969
-17.29643977
-17.30352261
-17.31061602
-17.33731914
-17.38136438
-17.4194977
-17.43073797
-17.43540954
-17.44221676
-17.44901401
-17.46784882
-17.46940344
-17.46807816
-17.43789003
-17.37754493
-17.30364333
-17.23058194
-17.16627975
-17.11786777
-17.10755551
-17.1302316
-17.17726199
-17.23999541
-17.29836949
-17.32718567
-17.33584043
-17.34591332
-17.34591332
-17.34736929
-17.35094928
-17.35886269
-17.37539165
-17.38691803
-17.39989947
-17.42079558
-17.44381165
-17.48043635
-17.50492934
-17.54093052
-17.59490954
-17.67251124
-17.76736044
-17.8727827
-17.97098885
-18.05764398
-18.1442207
-18.20756933
-18.25276377
-18.27999739
-18.31399202
-18.32239046
-18.32374579
-18.30275756
-18.26089434
-18.19838268
-18.11357265
-18.0358479
-17.96318706
-17.89906
-17.86509873
-17.85193984
-17.88802932
-17.93543869
-17.99213337
-18.05374096
-18.09392105
-18.10383374
-18.10780389
-18.0963739
-18.07989303
-18.04425889
-18.00514266
-17.98167747
-17.97327489
-17.97186518
-17.99193485
-18.0317542
-18.056358
-18.04082925
-18.0107095
-17.92154714
-17.77830126
-17.61395966
-17.47963064
-17.39353444
-17.37143069
-17.40338989
-17.44174492
-17.48861772
-17.51993795
-17.54498662
-17.56514996
-17.58043109
-17.60270239
-17.62910936
-17.64300017
-17.65046548
-17.65516874
-17.66905238
-17.68258467
-17.66048993
-17.62111659
-17.60255168
-17.58997487
-17.57732457
-17.59456263
-17.63159896
-17.70629223
-17.77949297
-17.82847169
-17.85883985
-17.86217023
-17.82185612
-17.77993131
-17.73345785
-17.69097496
-17.6722735
-17.67067702
-17.68241506
-17.6893412
-17.69761146
-17.6896074
-17.67654405
-17.63843299
-17.61339607
-17.58966759
-17.55954624
-17.52996338
-17.50918826
-17.51875612
-17.53283136
-17.54452025
-17.55780634
-17.55991257
-17.55375845
-17.54070024
-17.52286191
-17.50369752
-17.46537659
-17.4411605
-17.43317157
-17.40310569
-17.37569614
-17.3604885
-17.33832779
-17.28953357
-17.22738473
-17.15638536
-17.07983401
-16.97207594
-16.87770697
-16.78708245
-16.70132947
-16.64767558
-16.62229589
-16.6121695
-16.60332256
-16.59196726
-16.57901031
-16.55335658
-16.5251465
-16.49881703
-16.45665485
-16.38281286
-16.29918909
-16.21686167
-16.13075237
-16.0218778
-15.91935538
-15.81504774
-15.71532104
-15.63773071
-15.58449053
-15.5529779
-15.53407388
-15.5327146
-15.52855589
-15.50919163
-15.49332592
-15.47168212
-15.43673721
-15.3955096
-15.33976658
-15.27302317
-15.18360484
-15.08288221
-14.96216954
-14.84781462
-14.73859861
-14.65450496
-14.57551388
-14.51652637
-14.46381066
-14.44237354
-14.44561787
-14.4538819
-14.45589044
-14.45045287
-14.42626158
-14.35480664
-14.26113109
-14.1612848
-14.03658462
-13.89600545
-13.77067015
-13.69160163
-13.65696194
-13.6445305
-13.63948179
-13.64181469
-13.64770487
-13.62517448
-13.58633152
-13.5474912
-13.49391172
-13.4329836
-13.34128664
-13.25340664
-13.18611284
-13.13235327
-13.08849981
-13.04121944
-12.99542045
-12.97065015
-12.9335034
-12.87780372
-12.82326467
-12.75784085
-12.66886042
-12.57375471
-12.43953751
-12.29172721
-12.11577259
-11.94325222
-11.80883922
-11.6871354
-11.58897817
-11.50928318
-11.46748393
-11.45523167
-11.45741464
-11.45456193
-11.45456193
-11.45565291
-11.45674381
-11.45061709
-11.43332886
-11.40270316
-11.35085872
-11.29290789
-11.23714104
-11.15692451
-11.03397086
-10.89173203
-10.72662764
-10.55822045
-10.39747249
-10.25019392
-10.16632974
-10.14812314
-10.15021537
-10.15021532
-10.15230723
-10.14728388
-10.14435098
-10.14141663
-10.11714073
-10.08073618
-10.02719141
-9.961546216
-9.887231884
-9.799806746
-9.672452504
-9.538133216
-9.407297065
-9.290946323
-9.201451707
-9.129139664
-9.062893079
-8.996684248
-8.936527177
-8.900447921
-8.888424001
-8.884711475
-8.884711475
-8.884711475
-8.878699836
-8.874986725
-8.86897525
-8.853239245
-8.8337883
-8.813333442
-8.773849537
-8.721927203
-8.644542518
-8.543148282
-8.412579563
-8.268062668
-8.103138619
-7.93255335
-7.760781037
-7.583812173
-7.404105895
-7.232981963
-7.081419725
-6.957012432
-6.856464367
-6.789462725
-6.773784233
-6.773784233
-6.764043878
-6.764043878
-6.764043878
-6.764043878
-6.758106024
-6.738624493
-6.71013393
-6.668353681
-6.609961829
-6.51836036
-6.391869625
-6.24948991
-6.093324213
-5.926040891
-5.763553459
-5.609053563
-5.442771156
-5.27651761
-5.100531976
-4.938218587
-4.795477857
-4.667542424
-4.552258314
-4.46434943
-4.37644709
-4.288551644
-4.179187496
-4.085460907
-3.991747448
-3.889335602
-3.791709342
-3.698026692
-3.629744324
-3.559584635
-3.491328786
-3.428910631
-3.374402
-3.314086082
-3.275205362
-3.269385249
-3.263565463
-3.251926607
-3.240289588
-3.211202104
-3.165507815
-3.119004232
-3.0627536
-3.005233958
-2.92736248
-2.843700228
-2.761879564
-2.684037727
-2.610184784
-2.534539533
-2.480266321
-2.44336569
-2.410454557
-2.398886249
-2.400493011
-2.395512074
-2.38972816
-2.38972816
-2.383944575
-2.374174614
-2.374174614
-2.364404319
-2.329309221
-2.268887455
-2.181354983
-2.069488897
-1.930536426
-1.777814256
-1.637159811
-1.488113502
-1.351428713
-1.218097071
-1.095555733
-0.925637146
-0.740516739
-0.551466183
-0.367588263
-0.191160949
-0.039331708
0.093594721
0.211474252
0.295033531
0.333783451
0.340895985
0.341611722
0.341611722
0.347291996
0.351386976
0.352102434
0.363308063
0.38270491
0.411504833
0.45740359
0.521896118
0.603787287
0.701963111
0.806937196
0.93441228
1.072891947
1.225940053
1.370550659
1.514434463
1.666033687
1.802341492
1.94988783
2.078498279
2.203555728
2.368346509
2.568021548
2.784154155
3.003623387
3.194277493
3.37172408
3.508857875
3.61547663
3.676860348
3.722891801
3.763871699
3.804239799
3.819479141
3.839662445
3.861058088
3.887295069
3.899406025
3.919994226
3.936343659
3.971850925
4.012296288
4.075262685
4.151117535
4.260494124
4.37836618
4.504643643
4.639365043
4.770406567
4.911814517
5.051344656
5.170662405
5.281341396
5.365248196
5.447630979
5.526424316
5.605915039
5.677328585
5.722528455
5.751884433
5.771436036
5.785504219
5.800735317
5.830647862
5.881333417
5.925382343
5.985270123
6.054426878
6.130682852
6.197060616
6.291736103
6.382652525
6.482839937
6.597192078
6.702729483
6.81033193
6.910867106
6.997212221
7.078660081
7.163497487
7.247869925
7.323473596
7.372973741
7.399957663
7.42001349
7.450882235
7.487170552
7.54106035
7.6107177
7.70000624
7.813855759
7.937501979
8.051340933
8.156765082
8.261652397
8.357656959
8.462071542
8.590597283
8.735297861
8.882631771
9.025527932
9.14475144
9.250101341
9.335314966
9.406657872
9.480306938
9.549502364
9.641156884
9.723452268
9.800013572
9.842581783
9.890502096
9.933512105
9.972862779
10.01713857
10.05815672
10.11311291
10.18735318
10.27555877
10.38308206
10.48118867
10.59291877
10.71041827
10.82264569
10.920511
11.02258686
11.13152198
11.23553013
11.33991721
11.42986548
11.47503793
11.51141472
11.53189189
11.54779206
11.56260514
11.568266
11.57284222
11.57392638
11.57994756
11.59511942
11.61558823
11.63111885
11.65122571
11.675911
11.70625048
11.74152597
11.78209306
11.83253183
11.88720128
11.95175204
12.02159593
12.08190885
12.13199511
12.18139535
12.21563734
12.23966096
12.25806729
12.27647993
12.29984272
12.31928215
12.35850318
12.40728748
12.47487383
12.55602308
12.6382181
12.72143244
12.80068683
12.88890856
12.98676132
13.08899502
13.18167731
13.26451126
13.34735885
13.42004697
13.4837336
13.54276883
13.58750262
13.6176613
13.63379533
13.63392352
13.60954455
13.59039776
13.59598639
13.60598614
13.635785
13.67084374
13.69574639
13.71133368
13.73185228
13.75153716
13.78195324
13.84127029
13.90584766
13.97099358
14.03970444
14.10429727
14.16392493
14.21334378
14.26222542
14.30695849
14.34202058
14.37681376
14.41160786
14.417723
14.42281511
14.41308038
14.40379864
14.39868693
14.38914096
14.39415325
14.42343995
14.45796791
14.49799809
14.51330266
14.52368102
14.52935404
14.53920924
14.54932985
14.57919905
14.60379171
14.62812639
14.61832007
14.59914065
14.56493073
14.52633461
14.49684693
14.47250403
14.46324596
14.45842353
14.46743947
14.48196569
14.51558231
14.57477224
14.64889209
14.72898304
14.79311885
14.81399092
14.8048386
14.77074706
14.71239314
14.6542265
14.65443669
14.68354577
14.68381027
14.68381027
14.67863136
14.669068
14.65950595
14.65485837
14.65512429
14.65539022
14.65539022
14.64556491
14.62046811
14.58662073
14.54760308
14.51329561
14.47892975
14.45521231
14.43558144
14.41622957
14.39688112
14.37753607
14.3579141
14.34866534
14.34823886
14.35299819
14.35797123
14.35825179
14.35825179
14.35362786
14.33919648
14.32377567
14.30010669
14.26578849
14.25129394
14.26073669
14.30478322
14.37300463
14.42142166
14.45969756
14.46806134
14.45645058
14.4397914
14.38833276
14.30781151
14.22647627
14.11950764
14.00389204
13.9293397
13.87941737
13.87392677
13.89306816
13.92567489
13.95413172
13.95860601
13.94304056
13.91264758
13.87180894
13.82082125
13.75913716
13.68190406
13.61081332
13.54939299
13.47301377
13.41782006
13.37826608
13.38782076
13.40631373
13.43441578
13.47321626
13.50766544
13.54276883
13.59631783
13.6545834
13.70379452
13.7483149
13.78227132
13.81645635
13.84070586
13.86046995
13.87992439
13.89907158
13.91822332
13.93266729
13.95275063
13.99239788
14.03174529
14.0514112
14.05157929
14.04140057
14.01634614
13.9861719
13.95045111
13.92058199
13.8904018
13.84418487
13.80875381
13.75822129
13.69782936
13.62168009
13.53598485
13.42957378
13.3375587
13.2547723
13.16688594
13.10074742
13.06414928
13.03868957
13.00806577
12.99785687
12.98800326
12.98248294
12.97262937
12.96710794
12.95125507
12.92566359
12.90968431
12.90439837
12.89370695
12.87905114
12.85334222
12.87739952
12.91132233
12.92444898
12.92854438
12.92325387
12.91267176
12.89715798
12.8922279
12.87178212
12.84640453
12.82139108
12.7653321
12.70433254
12.62816146
12.53529298
12.44729735
12.39646471
12.35055415
12.31981304
12.30541863
12.29556282
12.29024327
12.28531546
12.28038778
12.26974711
12.2598917
12.24432137
12.23486095
12.21968478
12.21943035
12.20878457
12.19320986
12.1671249
12.14596235
12.10920917
12.06939721
12.03970139
11.98475324
11.90533505
11.81488545
11.72875234
11.64900534
11.55529704
11.47548743
11.41185508
11.39615891
11.3954482
11.40522027
11.41922636
11.43921091
11.46300062
11.48255743
11.51146647
11.53613849
11.55543807
11.57985004
11.5888356
11.57302959
11.54205463
11.48460601
11.42262502
11.34869904
11.24803381
11.14817675
11.04824596
10.95365203
10.88699364
10.83983881
10.81340492
10.80106224
10.80515342
10.81419751
10.82417718
10.83340593
10.83872057
10.85290493
10.85747044
10.85223336
10.8570839
10.86193486
10.86211687
10.8657537
10.85930125
10.86340519
10.8611573
10.87293061
10.88489582
10.87759331
10.83501332
10.7677165
10.68315127
10.57773205
10.47768586
10.42185885
10.38381297
10.35626172
10.33832756
10.32117409
10.30947195
10.29309957
10.27721952
10.24445994
10.22311114
10.19083103
10.15357625
10.10638165
10.05867008
9.999995554
9.940782154
9.887017114
9.850192554
9.813361162
9.776002771
9.733145639
9.706744641
9.674323409
9.647912376
9.626991819
9.601103592
9.574683407
9.548259661
9.522364993
9.496469168
9.476072875
9.45460434
9.449639117
9.444674066
9.444674066
9.445211006
9.445211006
9.445211006
9.445211006
9.444357392
9.444357392
9.444357392
9.444357392
9.433890364
9.4234224
9.412954309
9.397521132
9.387052318
9.371618728
9.340751297
9.309339558
9.293904748
9.272960974
9.257525442
9.248147057
9.231616713
9.221143203
9.211218388
9.20074463
9.190820654
9.18034665
9.165462196
9.138999596
9.11253321
9.075029075
9.038630458
8.997268581
8.949820094
8.897966803
8.834486649
8.758779646
8.655338336
8.564628879
8.463361421
8.355888642
8.242178447
8.133327515
8.012620487
7.894938753
7.802526452
7.73177573
7.665323899
7.621206802
7.582037761
7.56524523
7.549442474
7.543843663
7.538876752
7.533277486
7.527677859
7.516477522
7.505275742
7.49407252
7.47726498
7.451518245
7.407314057
7.351230716
7.280293682
7.18749202
7.084027632
6.997281367
6.902863293
6.819638915
6.737112423
6.655588076
6.572569147
6.489784934
6.418266892
6.350994964
6.273817829
6.196198088
6.115348874
6.049304037
5.970440595
5.920673885
5.882269787
5.853812289
5.831039821
5.796870339
5.763406178
5.740611795
5.717811664
5.683600689
5.637965935
5.580890159
5.52377846
5.44947955
5.364828074
5.291562188
5.20571217
5.11070992
5.019171452
4.956886328
4.90519715
4.847730946
4.80173168
4.767217382
4.73269018
4.69162359
4.634022041
4.587914506
4.53024818
4.444122143
4.331036257
4.224863152
4.132698163
4.034301871
3.933741706
3.832598607
3.703860012
3.552446508
3.394953534
3.23720022
3.085042846
2.939841166
2.802484884
2.703486718
2.660525437
2.655999916
2.655999916
2.655999916
2.655999916
2.650611077
2.64974737
2.64974737
2.645222269
2.644358384
2.638594544
2.612515387
2.590095952
2.576721292
2.570466273
2.560061513
2.541546875
2.50450307
2.463788135
2.423930503
2.369250435
2.318192749
2.262123864
2.2009995
2.122995595
2.026679672
1.914289401
1.810920994
1.690141036
1.583935999
1.51237944
1.473187805
1.457771983
1.445097116
1.424639876
1.38004849
1.332250712
1.292540467
1.233096057
1.158648449
1.092236576
1.016237679
0.911784473
0.797166478
0.681914382
0.569555953
0.449569663
0.347469983
0.256329748
0.202185305
0.166073092
0.14801221
0.147039878
0.147039878
0.147039878
0.139637691
0.131262463
0.12385915
0.119968793
0.113161742
0.084376657
0.048564431
-0.000332675
-0.054351955
-0.118580301
-0.199099496
-0.27873619
-0.362923074
-0.43911372
-0.488124439
-0.532075064
-0.597199127
-0.668736744
-0.738679164
-0.823073469
-0.913949914
-1.004206681
-1.083267442
-1.160059549
-1.224820924
-1.280368994
-1.333810223
-1.364956208
-1.387190682
-1.404970668
-1.41385813
-1.407247963
-1.422019575
-1.435113476
-1.442183744
-1.412748084
-1.390362223
-1.361123317
-1.324705892
-1.261759268
-1.207658858
-1.157025462
-1.131799702
-1.116661487
-1.117678848
-1.122110903
-1.135404552
-1.161311054
-1.193648193
-1.245262732
-1.321540509
-1.436116015
-1.51814925
-1.560890499
-1.579980774
-1.583169064
-1.56921295
-1.546904309
-1.534805884
-1.551310103
-1.574905232
-1.604525652
-1.630994824
-1.640976541
-1.635132781
-1.647199437
-1.664673806
-1.704626531
-1.763742409
-1.833264585
-1.877621294
-1.904476676
-1.9088339
-1.9088339
-1.90278726
-1.861170982
-1.807462601
-1.724214323
-1.639280106
-1.547259317
-1.476032893
-1.439341757
-1.405360055
-1.384521663
-1.354911311
-1.30911145
-1.253020734
-1.167274569
-1.106132238
-1.06903146
-1.050576178
-1.050576178
-1.041752101
-1.013645844
-0.978476148
-0.943129158
-0.888444163
-0.837730323
-0.77448938
-0.716049143
-0.691852548
-0.684811689
-0.677771705
-0.675600242
-0.688329785
-0.684736346
-0.677121553
-0.661053972
-0.683782803
-0.748915007
-0.807960594
-0.846674788
-0.910642326
-0.970172642
-1.007482669
-1.01791074
-1.022312872
-1.046835244
-1.099999211
-1.188741011
-1.278460884
-1.365085492
-1.432612928
-1.479108286
-1.512487426
-1.528760287
-1.565294952
-1.617110874
-1.70768943
-1.815128962
-1.918476655
-2.00366252
-2.0423171
-2.034024297
-2.008561912
-1.975320502
-1.948545859
-1.940605003
-1.949056378
-1.95750583
-1.964897519
-1.969120678
-1.98281133
-2.031054272
-2.087133053
-2.136063975
-2.176458655
-2.167369357
-2.11865891
-2.045867034
-1.957086406
-1.860773731
-1.77070453
-1.683158493
-1.601296403
-1.515406748
-1.437535617
-1.367409838
-1.334777428
-1.337235466
-1.376069126
-1.442807754
-1.529260684
-1.60008486
-1.662257956
-1.70474154
-1.75207642
-1.785942704
-1.814679371
-1.844054864
-1.879015906
-1.920296771
-1.963286042
-2.020227179
-2.079103881
-2.125344828
-2.140295893
-2.15401237
-2.151724408
-2.165561475
-2.175703754
-2.178998548
-2.152528095
-2.145440716
-2.147729646
-2.16036706
-2.176882202
-2.188846587
-2.188787483
-2.194061555
-2.210491461
-2.222081591
-2.228839635
-2.225236104
-2.226200971
-2.226200971
-2.221427039
-2.222391679
-2.217617095
-2.217617095
-2.217617095
-2.217617095
-2.217617095
-2.211117538
-2.212081686
-2.20654607
-2.201770447
-2.201770447
-2.196994357
-2.179218846
-2.174441618
-2.169663923
-2.160107131
-2.160107131
-2.160107131
-2.160107131
-2.158183048
-2.152409796
-2.145672312
-2.143664363
-2.15588869
-2.161917396
-2.176283706
-2.191209933
-2.202309834
-2.206682469
-2.216723828
-2.271212972
-2.371697724
-2.499973987
-2.62838431
-2.758695559
-2.857584004
-2.931090269
-2.955286354
-2.953487096
-2.917340695
-2.846705394
-2.776154423
-2.686592359
-2.608865899
-2.514522724
-2.407980348
-2.329270802
-2.290581353
-2.26451833
-2.239433312
-2.213319657
-2.207474591
-2.226396426
-2.251055811
-2.313181021
-2.398302678
-2.477479408
-2.536231952
-2.57711364
-2.602649702
-2.607392801
-2.590634899
-2.565948117
-2.535743638
-2.518016423
-2.505798962
-2.512974863
-2.514935343
-2.526815208
-2.536412477
-2.541283666
-2.553055068
-2.57895086
-2.630174982
-2.689620775
-2.774114473
-2.851250848
-2.909606777
-2.940358198
-2.953951288
-2.963025533
-2.985615482
-2.979051924
-2.968102456
-2.930305015
-2.895716527
-2.840748815
-2.784346251
-2.754006941
-2.747940109
-2.723676214
-2.692305898
-2.646731989
-2.576624053
-2.496076232
-2.443365817
-2.42522053
-2.42522053
-2.422108333
-2.417958267
-2.411732162
-2.41634046
-2.432653961
-2.446730842
-2.489691162
-2.541187573
-2.614038006
-2.678216672
-2.718847741
-2.730667917
-2.720145061
-2.735880567
-2.745521285
-2.761547118
-2.809084295
-2.870384353
-2.961720237
-3.048078169
-3.107206751
-3.163899206
-3.180914104
-3.192188818
-3.200586194
-3.219584771
-3.25169883
-3.282456219
-3.298735894
-3.304763987
-3.31079242
-3.349385682
-3.394015582
-3.432620067
-3.468826817
-3.523159532
-3.601689221
-3.674228694
-3.734715207
-3.753967084
-3.755066016
-3.756164912
-3.756164912
-3.762217258
-3.768269942
-3.768269942
-3.769369332
-3.775422618
-3.782576124
-3.782576124
-3.806795058
-3.843133608
-3.861307449
-3.880588399
-3.8866483
-3.896921793
-3.896921793
-3.898026515
-3.908300156
-3.912512637
-3.91472316
-3.929057753
-3.96048118
-3.978675894
-3.997982181
-4.017293056
-4.017293056
-4.029429666
-4.063988022
-4.12443837
-4.179575363
-4.225557581
-4.279958763
-4.334364979
-4.389141732
-4.445050208
-4.491496956
-4.53144679
-4.543622325
-4.543622325
-4.553138566
-4.559592373
-4.574430137
-4.594587957
-4.623888546
-4.644038682
-4.696183958
-4.762446847
-4.833704863
-4.906922203
-4.977849319
-5.046096273
-5.10776649
-5.161444111
-5.235319136
-5.336661343
-5.431641504
-5.515341111
-5.564069758
-5.595890684
-5.632891444
-5.669449996
-5.704387823
-5.742291897
-5.784945894
-5.839012571
-5.881585598
-5.914893961
-5.920208832
-5.924343486
-5.934610274
-5.9543239
-5.994925629
-6.031390946
-6.080124219
-6.122359892
-6.176871802
-6.237529277
-6.308818191
-6.366935438
-6.410737641
-6.455379263
-6.497115476
-6.510620449
-6.525329194
-6.54655594
-6.580118564
-6.601367283
-6.632026503
-6.652066448
-6.682871523
-6.738341493
-6.815594761
-6.873517825
-6.901808735
-6.92960097
-6.971761234
-6.986486193
-6.993877447
-7.018580036
-7.053561502
-7.074107744
-7.101187779
-7.11181585
-7.126535283
-7.17364046
-7.221858072
-7.28696555
-7.346758432
-7.434144756
-7.549486961
-7.66131193
-7.794973736
-7.926881454
-8.04017481
-8.122675479
-8.180318583
-8.206484279
-8.217086309
-8.217086309
-8.218341964
-8.222387053
-8.226431718
-8.230199281
-8.251400772
-8.279154647
-8.313729366
-8.362659178
-8.414351758
-8.46476348
-8.512384962
-8.561253405
-8.624995854
-8.692817269
-8.736347414
-8.773732107
-8.811128483
-8.828884883
-8.84347733
-8.860610933
-8.896343538
-8.941360055
-8.997103241
-9.053271037
-9.147337119
-9.240918361
-9.347654333
-9.41745794
-9.462819032
-9.500968358
-9.531156971
-9.56006517
-9.580449404
-9.618070733
-9.674787461
-9.748720803
-9.809721107
-9.86444859
-9.948221224
-10.02642354
-10.11718829
-10.20002739
-10.28454924
-10.36839335
-10.44258798
-10.52334586
-10.61272807
-10.71176576
-10.80317645
-10.89435023
-10.96136115
-10.99291074
-11.0244523
-11.06390683
-11.11902849
-11.16886954
-11.21219604
-11.25293447
-11.29490053
-11.32893476
-11.36552097
-11.41512447
-11.47004785
-11.5186242
-11.56316818
-11.61267792
-11.64794232
-11.67408231
-11.69499003
-11.72246235
-11.75381008
-11.77494658
-11.79986629
-11.81845753
-11.83199129
-11.86598735
-11.90771977
-11.96104137
-12.03013191
-12.09146245
-12.15797153
-12.21385627
-12.25950564
-12.30244427
-12.33112811
-12.34172814
-12.34578155
-12.34962788
-12.35731923
-12.35617991
-12.3487009
-12.3487009
-12.35389347
-12.36542307
-12.37445646
-12.38618704
-12.39407583
-12.39677402
-12.40082088
-12.42522092
-12.46769452
-12.50017504
-12.54166761
-12.6140828
-12.71354482
-12.79885129
-12.88543366
-12.98726366
-13.09138083
-13.1671251
-13.2083698
-13.23170756
-13.24201412
-13.24580593
-13.24580593
-13.2511165
-13.26414207
-13.27323981
-13.29113266
-13.32686573
-13.37286392
-13.39582801
-13.43024552
-13.46119834
-13.49231455
-13.51811287
-13.54648924
-13.57622247
-13.60458668
-13.61620326
-13.60861426
-13.57955393
-13.5554919
-13.51372969
-13.48739474
-13.48024319
-13.49104254
-13.50442102
-13.52032701
-13.52968849
-13.54309342
-13.55900246
-13.57228972
-13.59961289
-13.63827577
-13.69474068
-13.75598586
-13.81195926
-13.85641502
-13.90964695
-13.96042499
-13.96942086
-13.95036518
-13.94780329
-13.94144425
-13.94144425
-13.93245842
-13.91338543
-13.88795907
-13.87524773
-13.85618301
-13.81170939
-13.75589101
-13.6974829
-13.64544748
-13.59737183
-13.57467112
-13.56230719
-13.56750197
-13.585436
-13.62009957
-13.64559967
-13.61924446
-13.55757167
-13.5033276
-13.46920182
-13.47173943
-13.49570206
-13.51570141
-13.52954255
-13.54601861
-13.5410667
-13.55778892
-13.59335783
-13.63264668
-13.66687695
-13.69232705
-13.71754509
-13.74011953
-13.76028232
-13.76533636
-13.78704365
-13.81882332
-13.86942022
-13.92263015
-13.98216505
-14.04801536
-14.1199248
-14.17007448
-14.22918753
-14.28693816
-14.33202771
-14.34875028
-14.3480715
-14.31595007
-14.24737457
-14.16744353
-14.10155082
-14.05340487
-14.00396743
-13.97356555
-13.9558477
-13.92041603
-13.86094265
-13.78900288
-13.70311396
-13.61349354
-13.51499517
-13.4114906
-13.33328892
-13.29671476
-13.27149553
-13.2613548
-13.25758085
-13.25758085
-13.24867037
-13.21458908
-13.1564716
-13.09073438
-13.05007267
-13.03085327
-13.00274023
-12.98099133
-12.9543271
-12.9251624
-12.88961579
-12.86933889
-12.87667025
-12.90403876
-12.93759633
-12.97116634
-12.99850891
-13.01943141
-13.04303948
-13.0691407
-13.07371562
-13.08704369
-13.09668118
-13.10745769
-13.10325476
-13.10554204
-13.10668398
-13.11410162
-13.10521199
-13.0759828
-13.02047203
-12.96114463
-12.89664576
-12.82704462
-12.78255814
-12.75065794
-12.69876104
-12.66064641
-12.63739576
-12.63172602
-12.63336732
-12.65875433
-12.67791158
-12.68726001
-12.67826468
-12.64054412
-12.60283467
-12.56513635
-12.52234389
-12.45956558
-12.38547322
-12.30754538
-12.23591878
-12.16060301
-12.08533219
-12.00636619
-11.94231187
-11.87473286
-11.84584929
-11.84078065
-11.84196007
-11.83571183
-11.83571183
-11.8294639
-11.81821366
-11.79322999
-11.78074002
-11.78074002
-11.77941884
-11.75172834
-11.71390223
-11.66359291
-11.60821856
-11.52673625
-11.43905164
-11.33156205
-11.22645023
-11.15348794
-11.09197404
-11.06058209
-11.03571925
-11.02950432
-11.03064969
-11.03064969
-11.03049588
-11.01414125
-10.99157289
-10.97277862
-10.94007291
-10.88987586
-10.80357614
-10.68855699
-10.55612681
-10.43839338
-10.32130578
-10.22568756
-10.14533905
-10.08974418
-10.07849994
-10.07849994
-10.07849994
-10.06108128
-10.05822384
-10.06043488
-10.05029473
-10.03177069
-10.01435312
-9.98729364
-9.947903649
-9.911992994
-9.865956059
-9.804724977
-9.721043006
-9.622169338
-9.502683592
-9.388323701
-9.270800609
-9.162428278
-9.065341879
-9.004035879
-8.973394804
-8.948887669
-8.921443515
-8.908369392
-8.908030823
-8.908749247
-8.887744847
-8.85066378
-8.795738727
-8.738750464
-8.643936791
-8.547150613
-8.438307833
-8.32643362
-8.226841974
-8.14276195
-8.0941536
-8.082004707
-8.082004707
-8.07593074
-8.07593074
-8.07593074
-8.057710755
-8.047790141
-8.028546522
-7.998193002
-7.938091268
-7.857593829
-7.777133826
-7.697893997
-7.618684809
-7.548755167
-7.477825656
-7.413963554
-7.350106291
-7.314304257
-7.295170081
-7.285251138
-7.266121913
-7.229877776
-7.179849979
-7.117761537
-7.022802274
-6.87402969
-6.704365813
-6.524879908
-6.355404465
-6.195224078
-6.061885072
-5.956271492
-5.887553637
-5.841709871
-5.819820386
-5.813834681
-5.813834681
-5.809903307
-5.809903307
-5.799985861
-5.762196076
-5.714491993
-5.660810259
-5.579281581
-5.471962398
-5.334823613
-5.170006643
-4.973480254
-4.749250064
-4.525128605
-4.307163962
-4.109375295
-3.947499822
-3.84700777
-3.787939331
-3.764321195
-3.748507586
-3.748507586
-3.748507586
-3.748507586
-3.742604416
-3.742604416
-3.742604416
-3.742604416
-3.736701577
-3.730799067
-3.724896888
-3.718995038
-3.701291471
-3.665892984
-3.636403813
-3.59513247
-3.549866394
-3.506492431
-3.453222247
-3.395942454
-3.352588954
-3.29933881
-3.252282619
-3.192627934
-3.134859705
-3.092026139
-3.040302246
-2.98726793
-2.928495493
-2.872909116
-2.811829025
-2.730501481
-2.641001162
-2.558762388
-2.486003365
-2.425513438
-2.362667525
-2.297445459
-2.230434654
-2.164368199
-2.102274713
-2.042077829
-1.958684458
-1.8388903
-1.694388456
-1.54807182
-1.399266794
-1.237417444
-1.097255839
-0.962256751
-0.869402007
-0.784688376
-0.741068241
-0.678370378
-0.594234674
-0.511764164
-0.442479684
-0.374122401
-0.29259861
-0.214358985
-0.121318615
-0.025912143
0.074300685
0.183630133
0.312745961
0.470463427
0.649118246
0.834233075
1.031359013
1.250418207
1.450780028
1.653257373
1.849986278
2.052347613
2.232734183
2.381273228
2.490179545
2.537521114
2.552334735
2.558642799
2.565635678
2.572628379
2.583873696
2.607916855
2.623417035
2.64457581
2.673565543
2.708898699
2.773949938
2.859524373
2.953681939
3.071760876
3.178546182
3.302197396
3.435737074
3.584819918
3.718355576
3.851245466
3.978512487
4.103863791
4.192556057
4.273252842
4.343384163
4.403600038
4.449550098
4.498588519
4.549521589
4.591143172
4.637101354
4.682439058
4.742687026
4.817850869
4.902353625
4.987486499
5.099316838
5.219287969
5.354210573
5.492714973
5.639973011
5.778450732
5.915769976
6.050409209
6.147363261
6.21059182
6.257168675
6.292637501
6.313150705
6.32038971
6.32038971
6.32038971
6.325943845
6.327649249
6.334339767
6.346014501
6.370939558
6.400853208
6.436838659
6.467836059
6.4977041
6.543045927
6.59777726
6.653630227
6.704546173
6.751054828
6.802024616
6.857956638
6.910488528
6.946454856
6.98844122
7.051917216
7.08997847
7.096054989
7.111564264
7.123714894
7.14865716
7.173567048
7.200066453
7.215574236
7.22771402
7.246461001
7.26911187
7.282324267
7.294455677
7.297152827
7.308203194
7.308742457
7.314267265
7.314806432
7.326353039
7.342385594
7.368387641
7.399374622
7.430897762
7.457433458
7.479516701
7.496077269
7.516018696
7.530976143
7.537029127
7.552519643
7.582435911
7.618404744
7.691626736
7.843960158
8.060979028
8.327912625
8.595335626
8.829931656
9.026998619
9.169892082
9.25113624
9.266742921
9.24681797
9.233205433
9.227781196
9.227781196
9.217819739
9.192472514
9.177976655
9.164374682
9.155792273
9.152227624
9.154646865
9.156582605
9.157625916
9.155109579
9.164966301
9.180800396
9.188632305
9.195905874
9.204871937
9.210927534
9.215043278
9.210121849
9.215610717
9.210772444
9.221833533
9.232978393
9.263169913
9.312332783
9.36286577
9.403476532
9.438692467
9.469384929
9.494297474
9.545027257
9.624389563
9.709259174
9.813632999
9.888256229
9.962443957
10.01122633
10.00152532
9.981700166
9.936535984
9.89230879
9.843649445
9.799917927
9.75034065
9.726269572
9.711543198
9.711543198
9.706634652
9.696817927
9.67622811
9.66246326
9.647851439
9.632389215
9.641904599
9.661942425
9.691062789
9.713962368
9.732334967
9.755148542
9.753926574
9.72267251
9.686868958
9.645668603
9.58876198
9.544102769
9.510244717
9.476396782
9.435674698
9.420960681
9.410655739
9.394452002
9.372842272
9.36253323
9.35222398
9.341914244
9.322294093
9.297898752
9.273133254
9.216805148
9.165879331
9.125642717
9.084894402
9.050071824
9.0202875
9.000958661
9.000605074
8.995356031
9.019917375
9.043969124
9.057295807
9.041563383
9.019893442
8.977056283
8.909170578
8.823089582
8.737678445
8.637044197
8.530435529
8.423267264
8.318366039
8.199699553
8.098798525
8.024172552
7.989513036
8.002277032
8.046322878
8.105979399
8.179165064
8.251267067
8.316674408
8.348064075
8.354987871
8.32855177
8.276674476
8.199119442
8.121543868
8.042013148
7.979333817
7.939693166
7.956679451
8.014271027
8.056049211
8.127887689
8.191283574
8.245643174
8.265644065
8.245408233
8.224606487
8.199453242
8.154066495
8.093364567
8.038156058
7.977463084
7.915027479
7.852576313
7.79619858
7.722718046
7.650400587
7.583579473
7.538793482
7.507132285
7.500815441
7.508824633
7.526858988
7.549410848
7.566458911
7.567971323
7.547711634
7.516418667
7.464255549
7.392428356
7.331032976
7.267789377
7.203906598
7.138753868
7.068648575
6.994002627
6.915253935
6.831565381
6.725636193
6.621587669
6.521770187
6.42485342
6.33211959
6.259629916
6.214991073
6.175913453
6.132338266
6.100157985
6.084065375
6.068644319
6.037127227
5.993745334
5.9391579
5.884545289
5.817332863
5.745838423
5.675680913
5.606881334
5.509973096
5.392626513
5.269582267
5.139643325
5.010687556
4.878041011
4.753111024
4.637921774
4.557395044
4.514284617
4.487429301
4.471164237
4.466242942
4.466242942
4.454897574
4.432202605
4.420853003
4.398149835
4.356435543
4.302117768
4.257903746
4.211523822
4.167564227
4.118668286
4.075937338
4.049017969
4.016889619
3.972590908
3.946146952
3.918923467
3.884724105
3.844808831
3.77762161
3.68183421
3.590384961
3.493120884
3.366804707
3.238827209
3.110721228
2.992654908
2.893087852
2.7819265
2.686620564
2.58683498
2.497163411
2.414590927
2.340779165
2.258885545
2.157380293
2.052802362
1.94784327
1.86464307
1.809045219
1.763632462
1.724576738
1.682001983
1.644366417
1.588697059
1.537711348
1.485256664
1.409438851
1.326830473
1.23830142
1.120428784
0.979873044
0.818631948
0.65036383
0.490176778
0.349006393
0.219761157
0.100677511
-0.002323301
-0.090433888
-0.155542333
-0.196997298
-0.239430686
-0.287199084
-0.338374849
-0.394533779
-0.465339029
-0.559297984
-0.661972768
-0.758094381
-0.871349377
-0.96311174
-1.052239046
-1.13050498
-1.21348701
-1.30686831
-1.408276702
-1.523352592
-1.680064284
-1.840267352
-1.980966243
-2.119166763
-2.263819959
-2.397557575
-2.501940595
-2.580443943
-2.61523898
-2.64410113
-2.674070043
-2.694398907
-2.711135903
-2.749227903
-2.81295954
-2.890926324
-2.981388468
-3.084370286
-3.201295716
-3.341816463
-3.47279923
-3.599236587
-3.726121676
-3.839241411
-3.932321357
-3.976488314
-4.00146202
-4.008136027
-4.01480876
-4.044795523
-4.062577849
-4.077024971
-4.110709902
-4.169220907
-4.199784219
-4.222974867
-4.250281738
-4.303980912
-4.361000053
-4.405469683
-4.381435713
-4.295701142
-4.151788081
-3.961564447
-3.735659727
-3.49649613
-3.221911069
-2.933107872
-2.68034846
-2.538224685
-2.553828485
-2.724872016
-2.943235418
-3.157705488
-3.323367223
-3.416023094
-3.457825951
-3.51070964
-3.546598528
-3.589385977
-3.620437733
-3.679069273
-3.782267908
-3.874489472
-3.946299696
-4.012176053
-4.067637723
-4.101728785
-4.159064861
-4.208322778
-4.258027677
-4.298757309
-4.337176307
-4.363910062
-4.384675846
-4.397518887
-4.405296196
-4.405296196
-4.398546096
-4.394797327
-4.37661781
-4.344059123
-4.297059708
-4.216556651
-4.1639289
-4.147669776
-4.137169681
-4.118911504
-4.109134073
-4.116400479
-4.122585026
-4.122796667
-4.118070919
-4.085686247
-4.073123319
-4.069944901
-4.098734365
-4.144576148
-4.17794757
-4.206789732
-4.24776234
-4.28110218
-4.302458916
-4.294353038
-4.295947311
-4.290990736
-4.248643299
-4.181453954
-4.079050176
-3.968981722
-3.863038751
-3.781193428
-3.736313092
-3.708872509
-3.671959683
-3.631045014
-3.603019286
-3.572120164
-3.546792241
-3.500568137
-3.451145972
-3.399503556
-3.333312852
-3.274003439
-3.213176388
-3.136946199
-3.052107942
-2.980334567
-2.893993236
-2.782062242
-2.672306415
-2.559167596
-2.440590233
-2.320325756
-2.224635909
-2.164715301
-2.159604639
-2.181359088
-2.21572698
-2.255792137
-2.309651426
-2.366337127
-2.430961786
-2.501512609
-2.585344681
-2.680391651
-2.771672646
-2.855666175
-2.922155091
-2.97672409
-3.036654107
-3.065921583
-3.067071959
-3.022454612
-2.959338116
-2.896102032
-2.817022265
-2.731687781
-2.677471866
-2.635241213
-2.601034968
-2.593223028
-2.599231082
-2.628460908
-2.677437093
-2.728197263
-2.792958562
-2.847332493
-2.912679033
-2.966459438
-3.026415371
-3.098373573
-3.134493837
-3.145407866
-3.137306772
-3.093384242
-3.016170524
-2.909748955
-2.768832508
-2.653267247
-2.572974478
-2.529845921
-2.520068172
-2.516065371
-2.515314824
-2.500536543
-2.480247004
-2.447714874
-2.429205193
-2.423947023
-2.447666767
-2.47736462
-2.494325681
-2.515517514
-2.523991293
-2.528696586
-2.534401269
-2.530633838
-2.534866637
-2.528873188
-2.528873188
-2.528873188
-2.533105664
-2.573000217
-2.635542328
-2.693399852
-2.788925348
-2.905527765
-3.014283388
-3.075366355
-3.093198944
-3.097399761
-3.097399761
-3.097399761
-3.104429894
-3.117465783
-3.141488972
-3.185932304
-3.245250461
-3.300401962
-3.389383091
-3.490177598
-3.582856723
-3.651997301
-3.678210979
-3.68424133
-3.68424133
-3.68424133
-3.68424133
-3.68424133
-3.685290355
-3.691321295
-3.709416141
-3.740632217
-3.808882571
-3.905537113
-4.019618572
-4.148062643
-4.278951718
-4.39307871
-4.482120619
-4.548690287
-4.565512582
-4.571842411
-4.577088327
-4.577088327
-4.577088327
-4.587579682
-4.60331552
-4.635868056
-4.685042944
-4.741610268
-4.813870104
-4.901311249
-5.004168162
-5.124154815
-5.240600787
-5.345053028
-5.435821603
-5.47654519
-5.47654519
-5.482885734
-5.491124213
-5.502455632
-5.502455632
-5.50966924
-5.517995119
-5.524098825
-5.530202863
-5.540425336
-5.566974374
-5.594637794
-5.617073099
-5.65384569
-5.664305175
-5.68698196
-5.730102503
-5.783444191
-5.832680279
-5.902358619
-5.967939021
-6.027406316
-6.093235671
-6.154315936
-6.195885349
-6.238349431
-6.291697029
-6.345044217
-6.38840969
-6.431093462
-6.471484619
-6.508660929
-6.538819834
-6.575105922
-6.60846322
-6.631390388
-6.646809787
-6.652947817
-6.664300435
-6.670439256
-6.670439256
-6.675653457
-6.6974346
-6.723500568
-6.746648629
-6.778237297
-6.817950596
-6.856510714
-6.903306193
-6.961043285
-7.026689129
-7.056726645
-7.081771795
-7.115296279
-7.13324309
-7.168336893
-7.24655242
-7.340198757
-7.416315203
-7.460852771
-7.495389441
-7.532990167
-7.586188336
-7.634167925
-7.678106789
-7.727232052
-7.78790764
-7.86914824
-7.985321487
-8.106237436
-8.242548713
-8.37071458
-8.508443756
-8.632640514
-8.729629621
-8.805271072
-8.84249565
-8.848700876
-8.848700876
-8.848700876
-8.848700876
-8.848700876
-8.852662821
-8.84421471
-8.841446941
-8.848838374
-8.858466954
-8.866379428
-8.859645538
-8.838274663
-8.824456127
-8.829754898
-8.840051666
-8.847954667
-8.857052647
-8.87644187
-8.909011814
-8.941708075
-8.994310911
-9.054767171
-9.112455002
-9.166185469
-9.219895285
-9.264530883
-9.296620557
-9.318886674
-9.347343714
-9.384398897
-9.413726009
-9.437142912
-9.462952401
-9.502476824
-9.541881158
-9.574961112
-9.590294611
-9.603217872
-9.579676841
-9.562448203
-9.532799146
-9.514971824
-9.522249621
-9.553624266
-9.592362044
-9.64856763
-9.710860758
-9.777299967
-9.800909198
-9.824064998
-9.814181506
-9.766908827
-9.699842066
-9.6599964
-9.625167451
-9.584535922
-9.555129306
-9.537728475
-9.525338255
-9.504451138
-9.484753836
-9.449971591
-9.415195083
-9.356854135
-9.295874135
-9.247266016
-9.224616737
-9.230974351
-9.242340564
-9.261059521
-9.277487843
-9.287674227
-9.285486877
-9.258071943
-9.239176891
-9.217991061
-9.196802478
-9.186812272
-9.202091671
-9.247645864
-9.304460947
-9.365169748
-9.435906566
-9.496498287
-9.536919631
-9.560682856
-9.543367579
-9.503581392
-9.466907071
-9.417469097
-9.344472469
-9.279984397
-9.234032289
-9.217808213
-9.212783168
-9.212783168
-9.212783168
-9.202030155
-9.17276636
-9.12957933
-9.080241904
-9.009697887
-8.946481445
-8.895598659
-8.843590724
-8.803904166
-8.789968491
-8.792233666
-8.791106601
-8.772645794
-8.746396261
-8.71286532
-8.679856511
-8.63178864
-8.585980299
-8.535154233
-8.483219635
-8.436870279
-8.398349327
-8.370993605
-8.331931718
-8.289548809
-8.268867787
-8.25262487
-8.257545307
-8.275303739
-8.299706825
-8.316906385
-8.32910569
-8.339073992
-8.350169979
-8.364567578
-8.370569056
-8.374363977
-8.356972158
-8.347329509
-8.334838341
-8.306714394
-8.265294173
-8.205028983
-8.133625696
-8.057185186
-7.987539485
-7.911949888
-7.86914875
-7.850801773
-7.824225973
-7.81983492
-7.81983492
-7.813742076
-7.813742076
-7.807649553
-7.801557353
-7.783282682
-7.752831337
-7.722388043
-7.679780958
-7.631106475
-7.582452617
-7.539897414
-7.485206796
-7.424470084
-7.364817441
-7.295159363
-7.21549858
-7.153004609
-7.077436134
-7.022943705
-6.98766673
-6.957413374
-6.933216029
-6.921119703
-6.909024402
-6.896930396
-6.874870957
-6.858858919
-6.836802321
-6.812944336
-6.763879494
-6.685706361
-6.60932805
-6.510965781
-6.400857099
-6.274805766
-6.132825792
-5.986955428
-5.847143353
-5.727305785
-5.633441699
-5.567479875
-5.513541036
-5.459628429
-5.375867751
-5.282215497
-5.186565135
-5.094915157
-5.011243671
-4.930602885
-4.845066451
-4.755496727
-4.697744862
-4.633079522
-4.562511374
-4.48199188
-4.388493822
-4.286170331
-4.163934032
-4.021742575
-3.884540166
-3.727719986
-3.548239399
-3.373843425
-3.214532224
-3.045365098
-2.879057287
-2.714633022
-2.577834529
-2.436066637
-2.29342586
-2.158459458
-2.057536182
-1.982449448
-1.937301897
-1.913859874
-1.890423233
-1.848560721
-1.821025866
-1.783526035
-1.726112268
-1.654590255
-1.589609761
-1.535484255
-1.487211958
-1.429823391
-1.392379475
-1.358227687
-1.306690228
-1.243499132
-1.179461836
-1.117122273
-1.048958119
-0.980800402
-0.914329523
-0.852846267
-0.805497051
-0.763132011
-0.701637129
-0.616075137
-0.523023628
-0.409215681
-0.2746548
-0.116925634
0.056537169
0.238353442
0.420145314
0.58457779
0.748638704
0.906864767
1.051991167
1.160630124
1.213599998
1.24010391
1.254660971
1.262698837
1.274976056
1.279975371
1.280734794
1.282253749
1.292252175
1.303769403
1.324527222
1.346044944
1.362562859
1.38408186
1.405601669
1.427122275
1.457892031
1.497917711
1.54446701
1.603031531
1.666632596
1.731730155
1.787571996
1.824156905
1.854985118
1.889261153
1.914257429
1.969934602
2.030631734
2.084179728
2.144972174
2.202304864
2.263970181
2.319937718
2.378064996
2.444054413
2.540011389
2.660972528
2.776269815
2.874338098
2.931716568
2.978433994
3.020123906
3.067502287
3.119082962
3.164213556
3.216377755
3.262155282
3.31864642
3.369462585
3.400258557
3.427478379
3.453997926
3.484160475
3.514955799
3.536368855
3.552741324
3.573456355
3.594170735
3.630625845
3.648373681
3.665562368
3.685716469
3.717261203
3.75950246
3.78607654
3.808298536
3.831893611
3.850446663
3.872663663
3.903587279
3.936568117
3.981933078
4.029354897
4.086863604
4.144377124
4.201216909
4.2530189
4.298428855
4.330732075
4.356639122
4.371779575
4.382547472
4.387594575
4.392641783
4.402736517
4.414177556
4.439415894
4.474753955
4.505718259
4.545445319
4.592236644
4.653519337
4.717871897
4.770913289
4.839051211
4.91162498
4.979181137
5.022771309
5.052494395
5.077812161
5.097415127
5.103237894
5.103449865
5.10862099
5.124468496
5.139771198
5.165207206
5.191949262
5.212545509
5.233911033
5.254097686
5.286155723
5.337084289
5.387260432
5.419749264
5.434030801
5.453916164
5.435649614
5.395650052
5.366986115
5.356420716
5.351204448
5.367082818
5.376580339
5.370980852
5.360434309
5.355487749
5.344286539
5.311330096
5.270311187
5.244920619
5.206997257
5.158507161
5.110666761
5.080988388
5.045033765
5.00480469
4.953347912
4.930793073
4.899395685
4.889259741
4.894091988
4.911328455
4.933516043
4.930708577
4.898483437
4.851276937
4.797219883
4.749606062
4.733464749
4.746212751
4.775326943
4.803084892
4.841432236
4.857812249
4.858528689
4.829100076
4.74956338
4.64302944
4.515961853
4.388127046
4.288600937
4.236179774
4.183117412
4.162426306
4.147593628
4.142649724
4.142649724
4.136984655
4.136984655
4.131319234
4.10937658
4.089601071
4.064160354
4.026656056
3.983473419
3.933875181
3.896343735
3.858070989
3.825467928
3.794333487
3.768880415
3.747817199
3.73663761
3.726753156
3.716127532
3.716127532
3.720515108
3.720702423
3.720148159
3.729300569
3.743586833
3.759872313
3.769522645
3.757724808
3.705730847
3.600830631
3.446344218
3.282538179
3.135177828
3.000502895
2.885558834
2.797666041
2.737656111
2.72121433
2.703978525
2.698232557
2.675245184
2.635003806
2.577486376
2.508419542
2.422014547
2.30091572
2.157959836
2.016675253
1.873347387
1.726375275
1.591290652
1.466845313
1.333895122
1.208940585
1.091421849
1.003872977
0.94871937
0.921887042
0.901524394
0.901524394
0.901524394
0.897185406
0.897185406
0.897185406
0.897185406
0.892846833
0.892846833
0.879833594
0.865318682
0.842767323
0.820420224
0.810000885
0.783805425
0.751764638
0.751764638
0.751764638
0.751764638
0.751764638
0.74007387
0.710840875
0.675749829
0.626136767
0.54443941
0.445136077
0.306021034
0.184306704
0.043251003
-0.094443672
-0.258182437
-0.40943704
-0.536050706
-0.643033682
-0.756057159
-0.865684264
-0.963594473
-1.044672745
-1.100582339
-1.159817927
-1.202390239
-1.256882186
-1.354050627
-1.499237511
-1.660178691
-1.835899805
-2.037234194
-2.244810606
-2.468292932
-2.68087993
-2.867289977
-2.985923834
-3.024679297
-3.033797459
-3.036885307
-3.048064094
-3.044856692
-3.037410822
-3.020327525
-2.984056186
-2.894554883
-2.76658232
-2.596217667
-2.364192665
-2.055150418
-1.680059916
-1.213244288
-0.636389333
0.038088292
-2.949112829
