-3.9792
-3.9998
-4.0513
-4.1232
-4.1677
-4.2297
-4.2904
-4.3285
-4.2994
-4.2360
-4.1346
-4.0449
-3.9905
-3.9592
-3.9270
-3.8756
-3.7483
-3.5863
-3.4683
-3.4075
-3.3299
-3.2910
-3.3184
-3.4072
-3.5080
-3.6296
-3.7776
-3.8824
-3.9252
-3.9524
-3.9715
-3.9715
-3.9715
-4.0051
-4.0716
-4.1080
-4.1446
-4.1940
-4.2442
-4.2969
-4.3528
-4.4048
-4.4385
-4.4810
-4.5377
-4.5606
-4.5670
-4.6012
-4.7058
-4.8138
-4.8694
-4.9292
-4.9752
-5.0038
-5.0175
-5.0502
-5.0856
-5.1060
-5.1449
-5.2313
-5.3233
-5.3913
-5.4321
-5.4784
-5.5386
-5.5866
-5.6351
-5.7031
-5.7896
-5.8797
-6.0185
-6.1347
-6.1763
-6.1973
-6.2439
-6.2851
-6.3277
-6.3687
-6.3753
-6.3753
-6.3763
-6.4102
-6.4464
-6.4521
-6.4643
-6.5241
-6.6170
-6.7000
-6.7772
-6.8522
-6.9104
-6.9269
-6.9531
-6.9695
-6.9760
-6.9891
-7.0536
-7.0942
-7.1480
-7.2312
-7.3023
-7.3779
-7.4931
-7.6342
-7.7456
-7.7980
-7.8526
-7.9170
-7.9660
-7.9987
-8.0414
-8.0656
-8.0667
-8.0667
-8.1028
-8.1378
-8.1476
-8.1880
-8.3071
-8.4689
-8.5934
-8.7233
-8.8217
-8.9056
-8.9352
-8.9429
-8.9429
-8.9418
-8.9407
-8.9525
-8.9664
-8.9849
-8.9686
-8.9686
-8.9697
-8.9711
-8.9790
-8.9976
-9.0292
-9.0533
-9.0839
-9.1384
-9.1852
-9.2190
-9.2345
-9.2476
-9.2748
-9.3075
-9.3204
-9.3562
-9.4440
-9.5524
-9.6489
-9.7290
-9.7769
-9.8128
-9.8303
-9.8314
-9.8053
-9.8249
-9.8852
-9.9302
-9.9818
-10.0488
-10.1081
-10.1555
-10.1913
-10.2135
-10.2200
-10.2419
-10.2991
-10.3441
-10.3837
-10.4159
-10.4416
-10.4757
-10.4689
-10.4139
-10.3519
-10.3251
-10.3304
-10.3651
-10.3972
-10.4173
-10.4442
-10.4538
-10.4163
-10.3798
-10.3969
-10.4526
-10.4930
-10.4440
-10.4001
-10.3641
-10.3094
-10.2706
-10.2486
-10.2309
-10.2114
-10.2177
-10.2232
-10.1871
-10.1575
-10.1576
-10.1203
-10.0632
-10.0183
-9.9908
-9.9590
-9.8857
-9.8682
-9.8395
-9.7694
-9.6698
-9.5756
-9.4835
-9.3890
-9.2905
-9.2392
-9.2183
-9.2007
-9.1777
-9.1600
-9.1508
-9.1056
-8.9964
-8.8481
-8.6768
-8.5227
-8.3517
-8.1314
-7.9166
-7.8000
-7.7408
-7.6994
-7.6915
-7.6955
-7.6965
-7.6711
-7.6345
-7.5774
-7.5111
-7.4458
-7.4029
-7.3710
-7.3341
-7.3018
-7.3069
-7.3051
-7.2744
-7.2017
-7.1474
-7.0987
-7.0500
-7.0077
-6.9877
-6.9720
-6.9295
-6.8679
-6.7721
-6.6904
-6.6077
-6.5214
-6.4095
-6.2581
-6.0639
-5.8528
-5.6550
-5.4600
-5.3237
-5.2174
-5.0938
-4.9857
-4.9333
-4.8968
-4.8871
-4.8871
-4.8871
-4.8599
-4.7956
-4.7384
-4.6750
-4.6074
-4.5477
-4.5113
-4.4536
-4.3903
-4.3460
-4.2920
-4.2076
-4.1331
-4.0480
-3.9546
-3.8588
-3.7800
-3.7238
-3.6237
-3.5386
-3.4246
-3.3051
-3.1832
-3.0304
-2.8521
-2.6749
-2.5652
-2.4753
-2.3808
-2.3184
-2.2563
-2.1999
-2.1532
-2.1170
-2.0871
-2.0446
-1.9798
-1.9221
-1.8149
-1.6822
-1.5437
-1.4445
-1.3316
-1.2325
-1.1669
-1.0817
-0.9654
-0.8459
-0.7369
-0.6199
-0.4820
-0.3841
-0.2954
-0.1959
-0.1012
-0.0052
0.1290
0.2800
0.3883
0.4315
0.4609
0.4737
0.4790
0.5019
0.5623
0.5974
0.6063
0.6334
0.6649
0.6928
0.7521
0.8626
0.9495
1.0164
1.0917
1.1667
1.2281
1.2856
1.3459
1.4192
1.4820
1.5184
1.5669
1.6079
1.6397
1.6814
1.7658
1.8822
2.0208
2.1527
2.2739
2.3645
2.4323
2.4940
2.6018
2.7326
2.8299
2.9292
3.0280
3.0968
3.1602
3.1982
3.2357
3.2865
3.3159
3.3473
3.4002
3.4423
3.4738
3.5059
3.5273
3.5380
3.5842
3.6372
3.6686
3.6793
3.7201
3.7482
3.7629
3.8261
3.8811
3.8924
3.8621
3.8566
3.8852
3.9227
3.9661
4.0177
4.0480
4.0193
3.9631
3.9203
3.8922
3.8689
3.8684
3.8819
3.9074
3.9288
3.9360
3.9467
3.9383
3.9801
4.0287
4.0735
4.0992
4.1335
4.1449
4.1463
4.1262
4.1412
4.1548
4.1382
4.1108
4.0989
4.1173
4.1405
4.1758
4.1877
4.1822
4.1042
3.9826
3.8830
3.7835
3.6874
3.6551
3.6995
3.7202
3.6944
3.6767
3.6736
3.6360
3.5701
3.5326
3.4922
3.4216
3.3827
3.3437
3.2866
3.2019
3.1179
3.0285
2.8917
2.7535
2.6451
2.5473
2.4343
2.2946
2.1867
2.1041
2.0051
1.9267
1.8830
1.8309
1.7887
1.7573
1.7067
1.6530
1.5990
1.5556
1.5041
1.4426
1.3928
1.3398
1.2527
1.1108
0.9992
0.8835
0.7383
0.6202
0.5314
0.4308
0.3240
0.2365
0.1576
0.0723
-0.0300
-0.1603
-0.2968
-0.4350
-0.5499
-0.6447
-0.7584
-0.8471
-0.9622
-1.1250
-1.2744
-1.3959
-1.5289
-1.6360
-1.7046
-1.7605
-1.8408
-1.9235
-1.9927
-2.0694
-2.2023
-2.3417
-2.4858
-2.6287
-2.7879
-2.9019
-3.0197
-3.1504
-3.2140
-3.2359
-3.2359
-3.2414
-3.2787
-3.3368
-3.3587
-3.4041
-3.4568
-3.5187
-3.6077
-3.6730
-3.7484
-3.8456
-3.9662
-4.0631
-4.1294
