-3.626182843
-4.078923672
-4.461018874
-4.73385976
-4.964762614
-5.136177662
-5.314815983
-5.485310793
-5.655582261
-5.813166188
-5.85366159
-5.748416845
-5.587774447
-5.439716373
-5.317427161
-5.221006029
-5.196650534
-5.184790363
-5.164525561
-5.158894522
-5.190675652
-5.177429848
-5.140056561
-5.052892591
-4.986585964
-4.966035287
-4.968176172
-4.962760225
-4.957343186
-4.961536384
-4.981683506
-4.992204451
-4.984879709
-4.940763045
-4.914864245
-4.949651722
-5.026729675
-5.111233144
-5.188769508
-5.232425588
-5.24753937
-5.210640842
-5.171116385
-5.139015874
-5.120888132
-5.120444341
-5.129386789
-5.13966042
-5.16653
-5.219110472
-5.285963138
-5.355933914
-5.406310297
-5.418444894
-5.439527326
-5.477010169
-5.549154632
-5.622455329
-5.695803945
-5.744729634
-5.777428994
-5.797512734
-5.834851055
-5.888346127
-5.956391911
-6.036774518
-6.133405856
-6.258619547
-6.399268163
-6.527089032
-6.664712543
-6.806024883
-6.94990725
-7.105295718
-7.241166295
-7.338760176
-7.409218372
-7.455160758
-7.474866619
-7.480372974
-7.469549741
-7.498289402
-7.527809159
-7.581725194
-7.661974755
-7.758729337
-7.874374677
-8.02720721
-8.201281552
-8.352826059
-8.493851782
-8.628825143
-8.757599104
-8.871943482
-8.976011845
-9.042145599
-9.080833434
-9.095056165
-9.117781541
-9.13598767
-9.168403585
-9.241398234
-9.325828701
-9.412697873
-9.502301906
-9.627736916
-9.799339435
-9.98139074
-10.14340382
-10.3028936
-10.42782772
-10.54742475
-10.64816686
-10.73215348
-10.82045175
-10.90258061
-10.97201414
-11.05549775
-11.15561425
-11.28490006
-11.41277356
-11.5674501
-11.7488739
-11.90866277
-12.06182483
-12.17804266
-12.27513034
-12.35308303
-12.42085549
-12.4834752
-12.54855321
-12.62880441
-12.71139833
-12.78374493
-12.86748794
-12.96259775
-13.08653406
-13.22152857
-13.35131914
-13.47821914
-13.5722318
-13.63614399
-13.67357053
-13.7122549
-13.74696379
-13.77638504
-13.80338355
-13.84955652
-13.9030687
-13.95992076
-13.99832067
-14.03771271
-14.10537342
-14.17493204
-14.24368981
-14.32432756
-14.40525143
-14.46163039
-14.50307259
-14.54546572
-14.58650633
-14.63515412
-14.67107653
-14.73578208
-14.82747917
-14.93165765
-15.0258447
-15.09435483
-15.15522814
-15.21465336
-15.24559562
-15.26254062
-15.28981242
-15.35319277
-15.44870237
-15.53079193
-15.58562175
-15.62415227
-15.66041079
-15.69508171
-15.70328545
-15.69035192
-15.68654173
-15.66383004
-15.62077277
-15.56637594
-15.49827495
-15.41908821
-15.35634884
-15.33140988
-15.30103706
-15.25862415
-15.17719447
-15.09523275
-15.04257687
-15.02328285
-15.00084768
-14.9845849
-14.97538363
-14.97033594
-14.95769398
-14.9400057
-14.88609688
-14.81409885
-14.75223628
-14.69669153
-14.65629015
-14.59948417
-14.55401392
-14.50242202
-14.4255982
-14.36006571
-14.31951223
-14.31674937
-14.33164311
-14.34404654
-14.35892101
-14.37762301
-14.39000508
-14.40237984
-14.41391865
-14.42767652
-14.45923906
-14.45363142
-14.45034665
-14.4530446
-14.47390454
-14.51172403
-14.54707755
-14.57143166
-14.5860556
-14.60553864
-14.63477335
-14.66008416
-14.68020834
-14.68543516
-14.67185608
-14.63491616
-14.58527033
-14.55228333
-14.53022209
-14.46366196
-14.36382123
-14.24734053
-14.12690754
-14.0100028
-13.9202845
-13.8492509
-13.79459396
-13.73528345
-13.67086259
-13.59974407
-13.51945418
-13.43344932
-13.31690735
-13.21259227
-13.12269595
-13.06003127
-12.97037998
-12.87616682
-12.80337584
-12.77429901
-12.78544474
-12.81114266
-12.84210235
-12.9347251
-13.1285038
-13.34934622
-13.58196899
-13.81325767
-14.04317458
-14.27490823
-14.50644234
-14.69058452
-14.80459343
-14.88536995
-14.96613282
-15.01766204
-15.07635466
-15.15294892
-15.20807559
-15.22263438
-15.18140011
-15.07292006
-14.89452451
-14.7276026
-14.60363982
-14.54749094
-14.50586166
-14.47776327
-14.44696367
-14.41549467
-14.40012204
-14.34739911
-14.22868999
-14.0460521
-13.81065971
-13.54732779
-13.31295729
-13.16121159
-13.10261753
-13.08983481
-13.0850202
-13.0788059
-13.0788059
-13.0788059
-13.0725919
-13.06997627
-13.07097101
-13.08059163
-13.11427253
-13.15992704
-13.22332306
-13.31562976
-13.45207732
-13.60302236
-13.72263891
-13.8008495
-13.86273647
-13.89486156
-13.85643834
-13.75446729
-13.61049443
-13.40540146
-13.1878253
-13.00016224
-12.83233004
-12.70727406
-12.61904335
-12.5605973
-12.51212517
-12.47816913
-12.42675843
-12.35012888
-12.23698839
-12.1029995
-11.92052323
-11.66802221
-11.3725703
-11.00527942
-10.53921536
-10.02179546
-9.52542275
-9.051076001
-8.576113172
-8.140065837
-7.784949802
-7.547532922
-7.46065679
-7.448916904
-7.497378032
-7.532374041
-7.529433173
-7.464340798
-7.367622326
-7.297519712
-7.23675129
-7.171526062
-7.104322411
-7.012898233
-6.905434364
-6.762481051
-6.60529012
-6.458621098
-6.298251817
-6.126211773
-5.959060948
-5.796987581
-5.683155732
-5.608442579
-5.557735866
-5.507775751
-5.469146978
-5.442140403
-5.442140403
-5.443065008
-5.433300108
-5.420498351
-5.400873134
-5.363758288
-5.277684199
-5.159161387
-5.02784154
-4.862909843
-4.693310118
-4.493414516
-4.265396387
-4.049128445
-3.865385518
-3.729435312
-3.619593316
-3.544057492
-3.496245477
-3.464608158
-3.437845993
-3.415850054
-3.390106233
-3.355755976
-3.306116223
-3.20860137
-3.06924896
-2.902456018
-2.712049233
-2.477913229
-2.203862298
-1.896824403
-1.539786427
-1.151102108
-0.743663015
-0.367270041
-0.051271271
0.184789334
0.356938252
0.478157854
0.503237775
0.517707043
0.543389589
0.577036597
0.645537219
0.755036844
0.916572129
1.128356066
1.416427222
1.713147999
1.990900514
2.249654882
2.505898012
2.780823265
2.996761753
3.166618055
3.269053365
3.307305915
3.307305915
3.307305915
3.307305915
3.315520582
3.315520582
3.320929756
3.340615245
3.360952315
3.390160888
3.424826829
3.488797634
3.58499131
3.69750411
3.789607108
3.887760882
3.994827663
4.137292838
4.301771012
4.520228187
4.771040343
5.027418939
5.234155608
5.417023051
5.570610875
5.670868724
5.700852747
5.700852747
5.700852747
5.701429726
5.701429726
5.708535453
5.743850157
5.829667759
5.959905867
6.117901171
6.281909981
6.459300921
6.627155624
6.760847588
6.890868468
7.004360858
7.097013347
7.184350381
7.308173158
7.4470641
7.582216651
7.69709472
7.816861777
7.917863227
7.995782078
8.052537938
8.119317374
8.167256293
8.187151631
8.168897251
8.154457842
8.150175623
8.151238124
8.128185993
8.123971889
8.158400878
8.210736544
8.273247928
8.311694091
8.32649795
8.290153188
8.223876434
8.16142088
8.125031962
8.102135963
8.07976317
8.048788599
7.992362955
7.92638405
7.841173557
7.740590037
7.65660934
7.594304556
7.561604385
7.523164584
7.471324065
7.423142241
7.360916511
7.279790202
7.207674153
7.151012108
7.107710735
7.055282323
6.992766945
6.920163429
6.842811137
6.760130033
6.676871057
6.582319823
6.465726619
6.340155803
6.230846791
6.153520421
6.062691452
5.971724764
5.915386763
5.902419865
5.920833996
5.970294053
5.99703102
6.028450097
6.037504576
5.999423245
5.932790651
5.851277063
5.748771644
5.606467556
5.467968077
5.357799502
5.25298173
5.143306151
5.045130681
4.953041497
4.871839585
4.805634939
4.751037077
4.705989597
4.662329092
4.607737256
4.544303849
4.478771748
4.396093176
4.312669047
4.219662666
4.10725783
3.963926368
3.781516382
3.549713923
3.257627413
2.896192425
2.514752837
2.144184933
1.806259771
1.498757649
1.218414132
1.002151572
0.849093154
0.785414386
0.756937043
0.768740305
0.782061657
0.762040126
0.724146518
0.694552849
0.64140883
0.584108412
0.51698485
0.466231126
0.404370639
0.348183931
0.260753672
0.164903558
0.070171487
-0.026169055
-0.127598135
-0.229759188
-0.334456952
-0.403351872
-0.460840657
-0.530037085
-0.605917234
-0.676785688
-0.744435795
-0.815515945
-0.925077273
-1.076310926
-1.232595195
-1.409167888
-1.605019082
-1.807032789
-2.009454236
-2.233753944
-2.466093054
-2.716449876
-2.9638422
-3.192400891
-3.386193217
-3.54503937
-3.643389924
-3.698037166
-3.722213211
-3.741580269
-3.76094414
-3.78323116
-3.842530765
-3.980371842
-4.166997523
-4.424974221
-4.729097163
-5.029702292
-5.306320709
-5.534694931
-5.731221773
-5.845290672
-5.851067805
-5.72607746
-5.566653039
-5.400483752
-5.232689541
-5.065988006
-4.973664372
-4.928825666
-4.865838908
-4.725167886
-4.54034803
-4.359325218
-4.193410779
-4.034750026
-3.884165719
-3.770868623
-3.702584281
-3.641023122
-3.592405403
-3.518027057
-3.413738743
-3.277085138
-3.079087677
-2.824805649
-2.49603491
-2.127377445
-1.737356574
-1.365166514
-1.008789664
-0.721067613
-0.551527995
-0.590880878
-0.797181111
-1.089511684
-1.378527987
-1.649591932
-1.846086843
-2.005109859
-2.164593706
-2.335508616
-2.51280986
-2.720567996
-2.961967002
-3.217953402
-3.430494761
-3.608391996
