-4.582600
-4.582713
-4.583051
-4.583615
-4.584405
-4.585420
-4.586661
-4.588128
-4.589820
-4.591737
-4.593880
-4.596249
-4.598842
-4.601661
-4.604706
-4.607975
-4.611470
-4.615190
-4.619135
-4.623305
-4.627700
-4.632319
-4.637164
-4.642233
-4.647526
-4.653044
-4.658786
-4.664753
-4.670943
-4.677358
-4.683996
-4.690859
-4.697945
-4.705254
-4.712787
-4.720543
-4.728522
-4.736724
-4.745149
-4.753796
-4.762666
-4.771758
-4.781072
-4.790609
-4.800367
-4.810347
-4.820548
-4.830970
-4.841614
-4.852478
-4.863563
-4.874868
-4.886394
-4.898139
-4.910105
-4.922290
-4.934694
-4.947318
-4.960160
-4.973221
-4.986501
-4.999998
-5.013714
-5.027647
-5.041798
-5.056165
-5.070750
-5.085551
-5.100569
-5.115803
-5.131252
-5.146917
-5.162797
-5.178892
-5.195202
-5.211726
-5.228464
-5.245416
-5.262581
-5.279959
-5.297550
-5.315353
-5.333368
-5.351595
-5.370034
-5.388684
-5.407544
-5.426615
-5.445895
-5.465386
-5.485086
-5.504994
-5.525112
-5.545437
-5.565971
-5.586711
-5.607659
-5.628814
-5.650175
-5.671741
-5.693514
-5.715491
-5.737673
-5.760059
-5.782650
-5.805443
-5.828440
-5.851639
-5.875041
-5.898644
-5.922448
-5.946454
-5.970659
-5.995065
-6.019670
-6.044475
-6.069478
-6.094679
-6.120077
-6.145673
-6.171466
-6.197455
-6.223640
-6.250020
-6.276595
-6.303364
-6.330327
-6.357483
-6.384832
-6.412374
-6.440107
-6.468032
-6.496147
-6.524452
-6.552948
-6.581632
-6.610505
-6.639567
-6.668816
-6.698252
-6.727874
-6.757683
-6.787677
-6.817855
-6.848218
-6.878765
-6.909495
-6.940408
-6.971503
-7.002779
-7.034236
-7.065873
-7.097690
-7.129686
-7.161861
-7.194214
-7.226744
-7.259451
-7.292333
-7.325392
-7.358625
-7.392033
-7.425614
-7.459369
-7.493296
-7.527394
-7.561664
-7.596105
-7.630715
-7.665495
-7.700443
-7.735559
-7.770843
-7.806293
-7.841910
-7.877691
-7.913638
-7.949748
-7.986022
-8.022458
-8.059057
-8.095817
-8.132738
-8.169818
-8.207058
-8.244457
-8.282013
-8.319727
-8.357597
-8.395623
-8.433804
-8.472140
-8.510630
-8.549272
-8.588067
-8.627013
-8.666110
-8.705357
-8.744754
-8.784299
-8.823992
-8.863833
-8.903820
-8.943953
-8.984230
-9.024652
-9.065218
-9.105926
-9.146776
-9.187768
-9.228900
-9.270171
-9.311582
-9.353131
-9.394817
-9.436640
-9.478599
-9.520693
-9.562921
-9.605283
-9.647777
-9.690404
-9.733162
-9.776050
-9.819068
-9.862214
-9.905489
-9.948891
-9.992419
-10.036073
-10.079852
-10.123754
-10.167780
-10.211928
-10.256198
-10.300589
-10.345099
-10.389728
-10.434476
-10.479341
-10.524323
-10.569421
-10.614633
-10.659960
-10.705400
-10.750952
-10.796616
-10.842391
-10.888275
-10.934269
-10.980371
-11.026580
-11.072895
-11.119316
-11.165842
-11.212472
-11.259205
-11.306041
-11.352977
-11.400014
-11.447151
-11.494386
-11.541719
-11.589149
-11.636675
-11.684296
-11.732012
-11.779821
-11.827723
-11.875716
-11.923800
-11.971974
-12.020237
-12.068589
-12.117027
-12.165552
-12.214162
-12.262856
-12.311635
-12.360496
-12.409439
-12.458462
-12.507566
-12.556749
-12.606010
-12.655349
-12.704763
-12.754253
-12.803818
-12.853457
-12.903168
-12.952951
-13.002804
-13.052728
-13.102721
-13.152782
-13.202910
-13.253104
-13.303363
-13.353687
-13.404075
-13.454525
-13.505036
-13.555608
-13.606240
-13.656931
-13.707680
-13.758485
-13.809347
-13.860263
-13.911234
-13.962257
-14.013333
-14.064461
-14.115638
-14.166865
-14.218140
-14.269463
-14.320832
-14.372247
-14.423707
-14.475210
-14.526756
-14.578344
-14.629972
-14.681641
-14.733348
-14.785093
-14.836876
-14.888694
-14.940547
-14.992435
-15.044355
-15.096308
-15.148292
-15.200307
-15.252350
-15.304422
-15.356522
-15.408648
-15.460799
-15.512975
-15.565174
-15.617396
-15.669639
-15.721904
-15.774187
-15.826490
-15.878810
-15.931147
-15.983500
-16.035868
-16.088249
-16.140644
-16.193050
-16.245468
-16.297895
-16.350331
-16.402776
-16.455227
-16.507685
-16.560148
-16.612614
-16.665085
-16.717557
-16.770031
-16.822505
-16.874978
-16.927449
-16.979918
-17.032384
-17.084845
-17.137300
-17.189749
-17.242190
-17.294623
-17.347046
-17.399459
-17.451861
-17.504251
-17.556627
-17.608989
-17.661335
-17.713666
-17.765979
-17.818275
-17.870551
-17.922807
-17.975042
-18.027255
-18.079445
-18.131611
-18.183752
-18.235868
-18.287957
-18.340018
-18.392050
-18.444052
-18.496024
-18.547964
-18.599872
-18.651746
-18.703585
-18.755389
-18.807157
-18.858887
-18.910579
-18.962232
-19.013844
-19.065416
-19.116945
-19.168431
-19.219873
-19.271270
-19.322621
-19.373925
-19.425181
-19.476388
-19.527546
-19.578653
-19.629708
-19.680711
-19.731660
-19.782555
-19.833394
-19.884177
-19.934903
-19.985571
-20.036179
-20.086727
-20.137214
-20.187640
-20.238002
-20.288300
-20.338534
-20.388702
-20.438804
-20.488837
-20.538803
-20.588699
-20.638525
-20.688279
-20.737961
-20.787571
-20.837106
-20.886566
-20.935951
-20.985259
-21.034489
-21.083640
-21.132712
-21.181704
-21.230615
-21.279443
-21.328188
-21.376849
-21.425426
-21.473916
-21.522320
-21.570636
-21.618864
-21.667003
-21.715051
-21.763008
-21.810873
-21.858645
-21.906323
-21.953907
-22.001395
-22.048787
-22.096081
-22.143277
-22.190374
-22.237371
-22.284268
-22.331063
-22.377755
-22.424343
-22.470828
-22.517207
-22.563481
-22.609647
-22.655706
-22.701657
-22.747498
-22.793229
-22.838848
-22.884356
-22.929751
-22.975032
-23.020199
-23.065251
-23.110187
-23.155005
-23.199706
-23.244289
-23.288751
-23.333094
-23.377316
-23.421415
-23.465392
-23.509246
-23.552975
-23.596579
-23.640057
-23.683409
-23.726633
-23.769728
-23.812695
-23.855531
-23.898237
-23.940811
-23.983253
-24.025562
-24.067737
-24.109777
-24.151682
-24.193451
-24.235083
-24.276577
-24.317933
-24.359149
-24.400225
-24.441161
-24.481955
-24.522606
-24.563115
-24.603480
-24.643700
-24.683775
-24.723704
-24.763486
-24.803120
-24.842607
-24.881944
-24.921132
-24.960169
-24.999055
-25.037790
-25.076371
-25.114800
-25.153074
-25.191194
-25.229158
-25.266966
-25.304618
-25.342112
-25.379447
-25.416624
-25.453641
-25.490498
-25.527194
-25.563728
-25.600100
-25.636309
-25.672355
-25.708236
-25.743952
-25.779503
-25.814887
-25.850104
-25.885154
-25.920035
-25.954748
-25.989291
-26.023663
-26.057865
-26.091896
-26.125754
-26.159440
-26.192953
-26.226291
-26.259455
-26.292444
-26.325257
-26.357894
-26.390353
-26.422635
-26.454739
-26.486665
-26.518410
-26.549976
-26.581361
-26.612566
-26.643588
-26.674428
-26.705085
-26.735559
-26.765849
-26.795955
-26.825875
-26.855610
-26.885158
-26.914520
-26.943695
-26.972681
-27.001480
-27.030089
-27.058509
-27.086739
-27.114779
-27.142628
-27.170285
-27.197750
-27.225022
-27.252102
-27.278988
-27.305680
-27.332178
-27.358480
-27.384587
-27.410499
-27.436213
-27.461731
-27.487051
-27.512174
-27.537098
-27.561823
-27.586349
-27.610676
-27.634802
-27.658728
-27.682452
-27.705975
-27.729296
-27.752415
-27.775331
-27.798044
-27.820554
-27.842859
-27.864960
-27.886856
-27.908546
-27.930031
-27.951310
-27.972383
-27.993249
-28.013907
-28.034358
-28.054601
-28.074635
-28.094461
-28.114078
-28.133485
-28.152683
-28.171670
-28.190447
-28.209012
-28.227367
-28.245510
-28.263441
-28.281160
-28.298667
-28.315960
-28.333041
-28.349908
-28.366561
-28.383000
-28.399224
-28.415234
-28.431029
-28.446608
-28.461972
-28.477120
-28.492051
-28.506767
-28.521265
-28.535547
-28.549611
-28.563458
-28.577087
-28.590498
-28.603691
-28.616665
-28.629421
-28.641957
-28.654275
-28.666372
-28.678251
-28.689909
-28.701347
-28.712565
-28.723562
-28.734339
-28.744895
-28.755229
-28.765342
-28.775234
-28.784904
-28.794352
-28.803579
-28.812583
-28.821364
-28.829923
-28.838260
-28.846373
-28.854264
-28.861931
-28.869375
-28.876596
-28.883593
-28.890366
-28.896916
-28.903242
-28.909343
-28.915221
-28.920874
-28.926303
-28.931507
-28.936487
-28.941242
-28.945772
-28.950078
-28.954158
-28.958014
-28.961644
-28.965050
-28.968230
-28.971185
-28.973915
-28.976419
-28.978698
-28.980751
-28.982579
-28.984182
-28.985558
-28.986710
-28.987636
-28.988336
-28.988810
-28.989059
-28.989082
-28.988880
-28.988452
-28.987798
-28.986919
-28.985814
-28.984483
-28.982927
-28.981146
-28.979139
-28.976906
-28.974449
-28.971765
-28.968857
-28.965723
-28.962364
-28.958780
-28.954970
-28.950936
-28.946677
-28.942193
-28.937484
-28.932551
-28.927392
-28.922010
-28.916403
-28.910572
-28.904516
-28.898237
-28.891733
-28.885006
-28.878055
-28.870880
-28.863482
-28.855860
-28.848016
-28.839948
-28.831658
-28.823145
-28.814409
-28.805451
-28.796270
-28.786868
-28.777243
-28.767397
-28.757329
-28.747040
-28.736530
-28.725799
-28.714847
-28.703675
-28.692282
-28.680669
-28.668836
-28.656783
-28.644511
-28.632020
-28.619309
-28.606380
-28.593232
-28.579866
-28.566282
-28.552480
-28.538460
-28.524223
-28.509770
-28.495099
-28.480212
-28.465108
-28.449789
-28.434254
-28.418503
-28.402538
-28.386358
-28.369963
-28.353354
-28.336531
-28.319494
-28.302245
-28.284782
-28.267107
-28.249219
-28.231120
-28.212809
-28.194286
-28.175553
-28.156609
-28.137455
-28.118091
-28.098517
-28.078734
-28.058743
-28.038543
-28.018135
-27.997519
-27.976696
-27.955666
-27.934429
-27.912987
-27.891338
-27.869485
-27.847426
-27.825163
-27.802695
-27.780024
-27.757150
-27.734073
-27.710793
-27.687312
-27.663629
-27.639744
-27.615659
-27.591374
-27.566889
-27.542205
-27.517321
-27.492240
-27.466960
-27.441483
-27.415809
-27.389938
-27.363871
-27.337609
-27.311152
-27.284500
-27.257653
-27.230614
-27.203381
-27.175955
-27.148337
-27.120528
-27.092528
-27.064337
-27.035956
-27.007385
-26.978626
-26.949678
-26.920542
-26.891219
-26.861709
-26.832012
-26.802130
-26.772063
-26.741811
-26.711375
-26.680755
-26.649952
-26.618967
-26.587801
-26.556453
-26.524924
-26.493215
-26.461327
-26.429260
-26.397014
-26.364591
-26.331991
-26.299214
-26.266261
-26.233133
-26.199831
-26.166354
-26.132704
-26.098881
-26.064886
-26.030719
-25.996381
-25.961873
-25.927196
-25.892349
-25.857334
-25.822151
-25.786801
-25.751285
-25.715603
-25.679756
-25.643744
-25.607569
-25.571230
-25.534729
-25.498066
-25.461243
-25.424258
-25.387114
-25.349811
-25.312350
-25.274731
-25.236955
-25.199023
-25.160935
-25.122693
-25.084296
-25.045746
-25.007043
-24.968188
-24.929181
-24.890025
-24.850718
-24.811262
-24.771658
-24.731906
-24.692007
-24.651962
-24.611772
-24.571437
-24.530958
-24.490336
-24.449571
-24.408665
-24.367617
-24.326430
-24.285103
-24.243637
-24.202034
-24.160293
-24.118416
-24.076404
-24.034256
-23.991975
-23.949560
-23.907013
-23.864334
-23.821525
-23.778585
-23.735516
-23.692318
-23.648993
-23.605541
-23.561963
-23.518259
-23.474431
-23.430480
-23.386405
-23.342209
-23.297891
-23.253453
-23.208895
-23.164218
-23.119424
-23.074512
-23.029484
-22.984341
-22.939083
-22.893711
-22.848227
-22.802630
-22.756922
-22.711104
-22.665176
-22.619139
-22.572995
-22.526743
-22.480385
-22.433923
-22.387355
-22.340684
-22.293911
-22.247035
-22.200059
-22.152982
-22.105806
-22.058532
-22.011160
-21.963692
-21.916128
-21.868469
-21.820716
-21.772870
-21.724932
-21.676902
-21.628783
-21.580573
-21.532275
-21.483889
-21.435416
-21.386858
-21.338214
-21.289486
-21.240674
-21.191781
-21.142806
-21.093750
-21.044615
-20.995401
-20.946109
-20.896740
-20.847295
-20.797775
-20.748181
-20.698514
-20.648774
-20.598963
-20.549081
-20.499130
-20.449110
-20.399023
-20.348868
-20.298648
-20.248363
-20.198014
-20.147601
-20.097127
-20.046591
-19.995995
-19.945340
-19.894626
-19.843854
-19.793027
-19.742143
-19.691205
-19.640213
-19.589169
-19.538072
-19.486925
-19.435728
-19.384481
-19.333187
-19.281846
-19.230458
-19.179025
-19.127548
-19.076028
-19.024466
-18.972862
-18.921217
-18.869533
-18.817811
-18.766051
-18.714254
-18.662422
-18.610555
-18.558654
-18.506720
-18.454755
-18.402759
-18.350733
-18.298678
-18.246594
-18.194484
-18.142348
-18.090187
-18.038002
-17.985794
-17.933563
-17.881311
-17.829039
-17.776748
-17.724438
-17.672111
-17.619767
-17.567409
-17.515035
-17.462648
-17.410249
-17.357838
-17.305417
-17.252986
-17.200546
-17.148099
-17.095645
-17.043185
-16.990721
-16.938252
-16.885781
-16.833308
-16.780834
-16.728360
-16.675888
-16.623417
-16.570949
-16.518486
-16.466027
-16.413574
-16.361128
-16.308690
-16.256261
-16.203841
-16.151433
-16.099036
-16.046651
-15.994281
-15.941925
-15.889584
-15.837261
-15.784954
-15.732667
-15.680398
-15.628150
-15.575924
-15.523720
-15.471539
-15.419383
-15.367252
-15.315147
-15.263069
-15.211019
-15.158999
-15.107008
-15.055049
-15.003122
-14.951227
-14.899367
-14.847541
-14.795752
-14.743999
-14.692283
-14.640607
-14.588970
-14.537374
-14.485819
-14.434307
-14.382839
-14.331414
-14.280036
-14.228703
-14.177418
-14.126181
-14.074993
-14.023856
-13.972769
-13.921734
-13.870753
-13.819825
-13.768952
-13.718135
-13.667375
-13.616672
-13.566028
-13.515443
-13.464919
-13.414457
-13.364056
-13.313719
-13.263446
-13.213238
-13.163097
-13.113022
-13.063015
-13.013077
-12.963209
-12.913411
-12.863685
-12.814032
-12.764452
-12.714946
-12.665516
-12.616162
-12.566885
-12.517686
-12.468566
-12.419525
-12.370566
-12.321688
-12.272892
-12.224180
-12.175553
-12.127010
-12.078554
-12.030185
-11.981904
-11.933711
-11.885609
-11.837596
-11.789676
-11.741848
-11.694113
-11.646472
-11.598926
-11.551476
-11.504123
-11.456868
-11.409711
-11.362653
-11.315696
-11.268840
-11.222086
-11.175434
-11.128887
-11.082444
-11.036107
-10.989876
-10.943752
-10.897736
-10.851829
-10.806031
-10.760344
-10.714769
-10.669306
-10.623956
-10.578720
-10.533599
-10.488593
-10.443704
-10.398932
-10.354278
-10.309743
-10.265328
-10.221033
-10.176860
-10.132808
-10.088880
-10.045076
-10.001397
-9.957842
-9.914414
-9.871114
-9.827941
-9.784896
-9.741981
-9.699197
-9.656543
-9.614021
-9.571632
-9.529376
-9.487254
-9.445268
-9.403417
-9.361702
-9.320125
-9.278686
-9.237385
-9.196225
-9.155204
-9.114325
-9.073587
-9.032992
-8.992541
-8.952233
-8.912071
-8.872054
-8.832183
-8.792459
-8.752884
-8.713456
-8.674178
-8.635050
-8.596073
-8.557247
-8.518573
-8.480052
-8.441685
-8.403472
-8.365413
-8.327511
-8.289765
-8.252176
-8.214745
-8.177472
-8.140359
-8.103405
-8.066612
-8.029980
-7.993510
-7.957203
-7.921059
-7.885079
-7.849263
-7.813613
-7.778128
-7.742810
-7.707659
-7.672676
-7.637862
-7.603217
-7.568741
-7.534436
-7.500302
-7.466340
-7.432550
-7.398933
-7.365489
-7.332220
-7.299125
-7.266206
-7.233463
-7.200897
-7.168507
-7.136296
-7.104263
-7.072409
-7.040735
-7.009241
-6.977927
-6.946795
-6.915845
-6.885077
-6.854493
-6.824092
-6.793875
-6.763843
-6.733996
-6.704335
-6.674861
-6.645573
-6.616473
-6.587561
-6.558838
-6.530304
-6.501959
-6.473805
-6.445841
-6.418068
-6.390487
-6.363098
-6.335902
-6.308899
-6.282090
-6.255475
-6.229055
-6.202830
-6.176801
-6.150968
-6.125331
-6.099892
-6.074650
-6.049606
-6.024761
-6.000115
-5.975668
-5.951421
-5.927374
-5.903528
-5.879884
-5.856441
-5.833200
-5.810161
-5.787326
-5.764694
-5.742265
-5.720041
-5.698022
-5.676207
-5.654598
-5.633195
-5.611998
-5.591007
-5.570224
-5.549648
-5.529279
-5.509119
-5.489168
-5.469425
-5.449891
-5.430567
-5.411453
-5.392549
-5.373856
-5.355374
-5.337104
-5.319045
-5.301198
-5.283563
-5.266141
-5.248932
