-5.884177646
-5.933655967
-5.97436541
-6.001727474
-6.039755139
-6.065597026
-6.090235266
-6.130839002
-6.195263729
-6.275058939
-6.373397602
-6.454603684
-6.549688349
-6.659851226
-6.7600775
-6.867830524
-6.960808753
-7.035186254
-7.089023729
-7.11802718
-7.156840149
-7.197864233
-7.256268661
-7.324450429
-7.393802877
-7.462848623
-7.528504228
-7.59815155
-7.677814918
-7.746800632
-7.801733675
-7.824319506
-7.830733698
-7.858522562
-7.923852686
-8.006559649
-8.099000466
-8.193590206
-8.275322556
-8.363747848
-8.464334491
-8.571294209
-8.666158108
-8.75641562
-8.866757205
-8.997067135
-9.114415005
-9.195464419
-9.254591047
-9.277200281
-9.29658469
-9.303046822
-9.31694485
-9.35344717
-9.433166716
-9.5128559
-9.604096942
-9.686255627
-9.754176743
-9.8218008
-9.893572629
-9.969908074
-10.03403805
-10.1044351
-10.1810513
-10.26146075
-10.34518243
-10.42076854
-10.49340847
-10.55487455
-10.59849453
-10.61216249
-10.63099992
-10.67454099
-10.73815307
-10.80499248
-10.87156959
-10.94349148
-11.00844569
-11.05678795
-11.10884275
-11.16331096
-11.21395983
-11.28338824
-11.37423515
-11.4749374
-11.57477398
-11.68272656
-11.7900565
-11.88772152
-11.98983617
-12.09676391
-12.20942914
-12.32262425
-12.45212465
-12.57442309
-12.70769469
-12.8663122
-13.04630621
-13.23025145
-13.41005301
-13.56184535
-13.6736354
-13.75077287
-13.77203956
-13.77203956
-13.77203956
-13.78674447
-13.81078387
-13.84553555
-13.8961468
-13.9772948
-14.09552285
-14.20431617
-14.28936782
-14.37804789
-14.41657019
-14.41796979
-14.42330481
-14.45768267
-14.49360687
-14.5519534
-14.61697945
-14.70433969
-14.78366767
-14.83793726
-14.89349687
-14.96345444
-15.01775732
-15.05244064
-15.09880138
-15.1688289
-15.25703352
-15.36372882
-15.46245719
-15.557527
-15.61751958
-15.65872703
-15.71152525
-15.75112402
-15.78137257
-15.8235835
-15.89555739
-16.00145569
-16.12152953
-16.25188314
-16.3857961
-16.49802269
-16.55933784
-16.5802432
-16.5916222
-16.61057802
-16.621946
-16.64185522
-16.6650795
-16.68829509
-16.71815072
-16.75932331
-16.80280273
-16.84768012
-16.88499232
-16.92744278
-16.96051416
-16.99398293
-17.04730675
-17.09736961
-17.16529201
-17.23692686
-17.33156701
-17.42306481
-17.48723141
-17.51289965
-17.53938735
-17.5540814
-17.565046
-17.57685446
-17.61082293
-17.65057589
-17.70438632
-17.74928651
-17.81050335
-17.8723356
-17.92460837
-17.97105516
-18.0285905
-18.08382449
-18.14931036
-18.2067064
-18.26984682
-18.33143848
-18.37469603
-18.3937508
-18.41356757
-18.43994874
-18.45607511
-18.48022834
-18.47780289
-18.47600194
-18.46036643
-18.43160836
-18.43450513
-18.46149535
-18.51841417
-18.58982434
-18.64658436
-18.69896251
-18.72586251
-18.7389379
-18.74757675
-18.76064784
-18.7692808
-18.79461053
-18.84613871
-18.90634306
-18.97519985
-19.03386068
-19.098988
-19.14021034
-19.14692916
-19.17510807
-19.19966836
-19.22277671
-19.2458789
-19.26247886
-19.29349041
-19.32578459
-19.35286508
-19.39933345
-19.44772544
-19.50288884
-19.55960804
-19.60479839
-19.62920651
-19.64281437
-19.65998973
-19.6714641
-19.65300461
-19.63148421
-19.62611698
-19.62720275
-19.62810362
-19.62737343
-19.62500686
-19.59415525
-19.54828178
-19.51280207
-19.51241795
-19.53243414
-19.53398785
-19.51351158
-19.46080943
-19.38538656
-19.30499033
-19.23535838
-19.1495046
-19.03622774
-18.93200537
-18.85406994
-18.78859303
-18.7841394
-18.81393197
-18.8710499
-18.91131481
-18.94382363
-18.96919883
-18.97861127
-18.97128548
-18.95544727
-18.95305884
-18.964709
-18.99332966
-19.03481074
-19.08309562
-19.13161529
-19.15325127
-19.15676223
-19.16595544
-19.16086625
-19.1522283
-19.15321149
-19.13669376
-19.10288469
-19.07181795
-19.06569597
-19.05956638
-19.05293184
-19.04684316
-19.06184809
-19.05186377
-19.00484823
-18.93232182
-18.86368132
-18.83439633
-18.87241374
-18.92187555
-18.96152159
-18.99102641
-18.99284105
-19.00221271
-18.99620227
-19.00806727
-19.01405561
-19.03842907
-19.05304836
-19.07338055
-19.0985706
-19.1234076
-19.14262382
-19.17192478
-19.18184602
-19.16756686
-19.15718035
-19.16089526
-19.2015717
-19.24801318
-19.282573
-19.32452329
-19.39363656
-19.45832341
-19.49352282
-19.48699775
-19.45099582
-19.37287082
-19.2803065
-19.19349909
-19.11374581
-19.09668904
-19.10369549
-19.1198249
-19.15733643
-19.21358146
-19.25750997
-19.26472238
-19.23044801
-19.15779979
-19.0642587
-18.95814404
-18.88221826
-18.83984522
-18.83051154
-18.83592287
-18.85742522
-18.8833061
-18.89043564
-18.83231581
-18.75461498
-18.6591251
-18.56189877
-18.47295184
-18.41405752
-18.37122394
-18.33917449
-18.31362431
-18.28283745
-18.24002358
-18.17070638
-18.09240835
-17.99712115
-17.90062595
-17.81188894
-17.70651385
-17.58665038
-17.46215131
-17.31908404
-17.18026697
-17.0451364
-16.89545802
-16.73476382
-16.59701635
-16.48146033
-16.42195001
-16.4062295
-16.42039857
-16.43219898
-16.45224807
-16.47582748
-16.5064659
-16.53944488
-16.56887683
-16.57667476
-16.57685904
-16.54248032
-16.4753782
-16.39430025
-16.30685119
-16.24216159
-16.16821719
-16.08897968
-16.04014195
-16.00580786
-15.99006507
-15.97201879
-15.96152295
-15.9498764
-15.9446282
-15.90854209
-15.87590318
-15.85309408
-15.79829663
-15.73313047
-15.63885792
-15.51794735
-15.38077952
-15.24090178
-15.09777375
-14.94811976
-14.78373204
-14.64220035
-14.5198681
-14.41580864
-14.33169176
-14.25256083
-14.19657287
-14.14604297
-14.11033701
-14.09575195
-14.07790096
-14.04634156
-14.00217111
-13.95170877
-13.8949618
-13.83823937
-13.7815415
-13.71857268
-13.64692961
-13.58306054
-13.52656821
-13.4575109
-13.39689089
-13.33734102
-13.27096679
-13.19468242
-13.09851618
-12.99716034
-12.87861884
-12.7308866
-12.54983998
-12.37623025
-12.20548083
-12.00069465
-11.80245451
-11.62214442
-11.47614311
-11.37519244
-11.32888649
-11.32518289
-11.32518289
-11.32718925
-11.3291953
-11.31779507
-11.31159397
-11.29399427
-11.27119778
-11.23058978
-11.19169061
-11.13917477
-11.08194639
-11.02372049
-10.95930196
-10.89861043
-10.85227772
-10.80594048
-10.76706214
-10.73682476
-10.70560078
-10.67437546
-10.63696593
-10.60053652
-10.54084307
-10.46845909
-10.39363992
-10.27668878
-10.1356353
-9.982228287
-9.820742857
-9.670173583
-9.5309804
-9.403151832
-9.273927188
-9.164621957
-9.080465437
-9.00060642
-8.931653735
-8.862723288
-8.792892339
-8.703647664
-8.576628439
-8.441264393
-8.28607384
-8.138656208
-7.973674327
-7.782184671
-7.589093081
-7.400489329
-7.208188957
-7.029471214
-6.843949853
-6.651612377
-6.493486849
-6.353963024
-6.241253304
-6.138518241
-6.003179829
-5.859651446
-5.705816377
-5.534054013
-5.354493207
-5.194849078
-5.049333817
-4.94575922
-4.844214332
-4.743873658
-4.638372372
-4.528090559
-4.417020204
-4.301167654
-4.205246912
-4.140012552
-4.079308993
-4.018276778
-3.92086341
-3.793113084
-3.655952052
-3.503998409
-3.364346142
-3.252444787
-3.191167243
-3.155032317
-3.124035976
-3.102636719
-3.097837195
-3.054700395
-2.988318102
-2.908624876
-2.801273165
-2.655584559
-2.517584435
-2.38663419
-2.267862781
-2.139547854
-2.02264529
-1.906448673
-1.762243876
-1.593548009
-1.432213695
-1.266741614
-1.127188851
-1.018986519
-0.937708591
-0.855436007
-0.78384702
-0.723218102
-0.640510557
-0.536429458
-0.442343675
-0.34148607
-0.228600754
-0.111571566
0.002699517
0.11488262
0.242557262
0.372704079
0.497223523
0.605971172
0.719611017
0.858628831
1.002596869
1.140621418
1.267132099
1.358514523
1.411138459
1.444373986
1.481857831
1.54085915
1.618599684
1.722963227
1.839428339
1.965026756
2.100807152
2.226750028
2.341019677
2.450186595
2.567747436
2.697147309
2.832827068
2.958644643
3.093068989
3.219048048
3.335244416
3.439031468
3.531435846
3.614570452
3.710749309
3.796910695
3.902586345
4.013960886
4.114017291
4.211018587
4.292317804
4.384226885
4.485308838
4.608323096
4.740849923
4.870382013
4.989302831
5.093892659
5.208507785
5.307263177
5.399703252
5.490283585
5.566766267
5.623284546
5.66974692
5.71007812
5.731090248
5.751070269
5.805819425
5.882241149
5.942347887
5.997366414
6.062969733
6.144760353
6.231023135
6.318922766
6.401220458
6.488614951
6.569926163
6.651124399
6.736337534
6.822543706
6.913860919
7.013607234
7.120984854
7.211659107
7.292271982
7.404214276
7.528368442
7.680286138
7.81260281
7.93848506
8.064951469
8.201899109
8.350387205
8.497918375
8.624823942
8.741726437
8.829154449
8.919266949
8.983191623
9.007169952
9.019782444
9.056850172
9.099909744
9.131947518
9.15429294
9.166122166
9.163258032
9.171238165
9.180043548
9.193928068
9.206980218
9.235261705
9.27999244
9.328803012
9.380814868
9.397854775
9.420706735
9.456931874
9.50113753
9.554962799
9.61929153
9.694987513
9.779460919
9.872357487
9.969498467
10.07521963
10.16213131
10.22552683
10.27387833
10.31257801
10.33885998
10.3697909
10.39055908
10.44621481
10.5216853
10.61153743
10.73448201
10.85941652
10.97970785
11.09395214
11.20216986
11.28557402
11.36328826
11.4157807
11.44439925
11.4726855
11.5056707
11.54008213
11.58497542
11.62515609
11.675817
11.73594815
11.81570859
11.90565554
11.98174742
12.04328974
12.10451125
12.16131322
12.18826423
12.19754359
12.2027219
12.20855295
12.21471413
12.22023213
12.24130403
12.26171005
12.2662477
12.26949096
12.27078875
12.27616572
12.27649007
12.27746322
12.28886366
12.31885025
12.35453826
12.39495959
12.43129134
12.47740787
12.5134096
12.55383336
12.59426923
12.65367405
12.72353696
12.81335622
12.88895198
12.94462174
13.01488542
13.1194309
13.23388598
13.35349704
13.47348313
13.59355001
13.69846585
13.78395668
13.86412793
13.92909036
13.97401783
13.99942887
14.02965736
14.05481486
14.07516585
14.10568656
14.1415477
14.15174667
14.16754563
14.1739743
14.17585873
14.1787735
14.16674718
14.16487975
14.15340279
14.14833138
14.16298559
14.18216631
14.20586801
14.2138413
14.20534893
14.20671618
14.21844658
14.22036773
14.21246826
14.19424986
14.17099472
14.15227325
14.14231946
14.13769308
14.13758252
14.14731324
14.18145915
14.23100255
14.29970563
14.36921471
14.42889292
14.43381086
14.39885276
14.35837394
14.31869465
14.28331936
14.26789346
14.30648767
14.41056441
14.54913217
14.68785267
14.80184785
14.86651745
14.88105
14.83051303
14.759751
14.693998
14.63909949
14.58925602
14.54897463
14.51425948
14.47399129
14.42923058
14.3635507
14.29339572
14.21795784
14.14281985
14.08250089
14.02242901
13.9477757
13.86760113
13.78720982
13.71251593
13.62690917
13.53122842
13.45004824
13.36918625
13.29302588
13.22689097
13.16609246
13.10496755
13.04417122
12.98371295
12.90255064
12.80602384
12.68341583
12.5493524
12.40949159
12.27845214
12.17457279
12.08792827
12.00705101
11.95110301
11.88408297
11.80077453
11.69221551
11.56689779
11.44057441
11.29632586
11.15394683
11.00552754
10.83737008
10.6553771
10.43837785
10.21501163
10.01927611
9.87838878
9.784863168
9.737634181
9.725336452
9.723924748
9.718059544
9.697478226
9.676897046
9.639908612
9.602418967
9.549711756
9.480565244
9.407281849
9.288757192
9.112838094
8.915183428
8.68851276
8.444309861
8.185624248
7.924814416
7.660078868
7.426298612
7.215526208
7.032577684
6.892318205
6.795503747
6.719058243
6.663644314
6.610552766
6.560009405
6.508597375
6.454250654
6.409152328
6.341793581
6.241334502
6.117855064
5.984091363
5.807911207
5.595472682
5.33216199
5.067910707
4.808738795
4.5607106
4.325037272
4.116610456
3.922792841
3.778458542
3.662873237
3.561243283
3.445691033
3.310242763
3.145091521
2.908671772
2.626939171
2.304188569
1.958334766
1.578765809
1.177617274
0.762732961
0.388211958
0.043545018
-0.25971067
-0.533759155
-0.747470702
-0.912665571
-1.022718212
-1.067054056
-1.078965801
-1.083456089
-1.095052278
-1.124918919
-1.201718772
-1.316090912
-1.464514699
-1.595019836
-1.720052096
-1.849153846
-1.938240125
-2.008879673
-2.076491171
-2.131861159
-2.149193419
-2.159332133
-2.137200348
-2.11097945
-2.075165227
-2.010341429
-1.879041533
-1.695365442
-1.470978752
-1.209753367
-0.981266338
-0.750028
-0.507281957
-0.270216996
-0.095434145
-0.045267536
-0.142595038
-0.28022305
-0.466192425
-0.65079219
-0.804680888
-0.922435727
-1.018835805
-1.12196999
-1.233751734
-1.35318599
-1.492929176
-1.652308284
-1.848952582
-2.056659988
-2.268304896
-2.487969484
-2.731424924
-2.980963907
-3.188245935
-3.413986404
-3.652799412
-3.889988264
-4.096759607
-4.302068242
-4.524833298
-4.730382819
-4.88132628
-4.958967915
-4.999297528
-4.987891181
-4.975966036
-4.958195693
-4.939364182
-4.94672433
-4.971904799
-5.008463466
-5.041198644
-5.074509606
-5.119600935
-5.165939531
-5.19544526
-5.250822821
-5.326858784
-5.399626864
-5.479701811
-5.539923624
-5.614806059
-5.725092721
-5.823804659
-5.918218017
-6.034107463
-6.166948251
-6.275293256
-6.368093184
-6.428439036
-6.440944369
-6.401416242
-6.328144959
-6.214674424
-6.115269654
-6.022232152
-5.946483358
-5.877402311
-5.861199943
-5.860984494
-5.868015964
-5.904010603
-5.963624349
-6.035025251
-6.093549207
-6.155973626
-6.175440272
-6.136192063
-6.087432608
-6.032372936
-6.026559598
-6.052375227
-6.073876386
-6.095365795
-6.138082963
-6.201075885
-6.283200475
-6.383288828
-6.495205247
-6.599497693
-6.701532728
-6.796236852
-6.898277587
-6.988470725
-7.069118211
-7.130756883
-7.182114876
-7.256913142
-7.329707834
-7.418092528
-7.496843626
-7.580681326
-7.650569519
-7.721719595
-7.795970201
-7.870141973
-7.944193808
-7.997235658
-8.060841513
-8.121407611
-8.176763573
-8.25075317
-8.339684685
-8.433979896
-8.551615549
-8.674463682
-8.801483666
-8.922412702
-9.031726687
-9.113514323
-9.150304944
-9.176375283
-9.188280481
-9.197774023
-9.22195643
-9.266706465
-9.293439956
-9.346745265
-9.408862135
-9.496177815
-9.608664021
-9.749211305
-9.850060608
-9.940259464
-10.04388754
-10.10936461
-10.14886771
-10.15829265
-10.18304232
-10.21025265
-10.28973552
-10.38398323
-10.54219722
-10.73340956
-10.92059916
-11.08377952
-11.19864249
-11.25189289
-11.27953385
-11.31006449
-11.34715877
-11.39117405
-11.46169404
-11.55849354
-11.64564122
-11.72096576
-11.78171346
-11.82149871
-11.84286935
-11.86296172
-11.90311212
-11.96833606
-12.04910536
-12.12850414
-12.21848473
-12.30576175
-12.40460845
-12.48108177
-12.53904382
-12.57855905
-12.59829955
-12.61013838
-12.6219731
-12.63894915
-12.67426272
-12.7252364
-12.7839774
-12.85705053
-12.94570652
-13.03165061
-13.10840628
-13.19421646
-13.29292496
-13.37598162
-13.44730997
-13.50952779
-13.57299601
-13.63253983
-13.69722113
-13.78640644
-13.87550446
-13.96581047
-14.04057218
-14.09467822
-14.1358659
-14.18347554
-14.21822919
-14.22579083
-14.22561366
-14.23589315
-14.25899163
-14.25725283
-14.27590829
-14.32944312
-14.40505538
-14.46907628
-14.52793849
-14.56632022
-14.5918729
-14.61222623
-14.63897347
-14.65241886
-14.65822693
-14.67321472
-14.71008164
-14.77379569
-14.81956303
-14.83051908
-14.842989
-14.83855313
-14.8418202
-14.83822525
-14.86148017
-14.90654569
-14.96951622
-15.00456289
-15.014383
-15.01288619
-15.01803796
-15.021901
-15.02705071
-15.03597115
-15.02811267
-14.99688791
-14.96301959
-14.92393274
-14.86497008
-14.78787024
-14.72108415
-14.72766466
-14.7803512
-14.84724316
-14.90273857
-14.90810127
-14.88388308
-14.81227445
-14.70968843
-14.6183151
-14.58293462
-14.5910377
-14.6260239
-14.68682035
-14.74942665
-14.80675979
-14.85005976
-14.87365329
-14.88073634
-14.87508804
-14.88334173
-14.89477555
-14.90818674
-14.91563136
-14.9206022
-14.92161471
-14.93726964
-14.95614722
-14.96433866
-14.9260915
-14.87793921
-14.83923272
-14.79609428
-14.76485408
-14.74402353
-14.75265424
-14.76374527
-14.77113578
-14.76020343
-14.72745302
-14.65506417
-14.54780333
-14.46234843
-14.37935854
-14.31121949
-14.24907451
-14.2141537
-14.20298477
-14.17026619
-14.11259892
-14.0537232
-13.99005323
-13.90433856
-13.83971472
-13.80505866
-13.80613163
-13.81360013
-13.81093743
-13.79891075
-13.75128922
-13.67576925
-13.5858112
-13.4837366
-13.37007551
-13.2503413
-13.16021584
-13.09099558
-13.04206122
-13.02266043
-13.01713102
-12.99397547
-12.95402799
-12.91457141
-12.87737105
-12.82969356
-12.76699641
-12.70513755
-12.63538385
-12.52147437
-12.38965405
-12.25047118
-12.11316326
-12.00285654
-11.90604166
-11.82520249
-11.77189895
-11.73057365
-11.67477889
-11.61299167
-11.54699107
-11.47037902
-11.41377539
-11.38324317
-11.34809792
-11.31049324
-11.26982895
-11.2386001
-11.20251171
-11.13644843
-11.05654543
-10.93320825
-10.78909302
-10.65139986
-10.55900267
-10.50276627
-10.46528938
-10.45904434
-10.4639091
-10.46981268
-10.44483457
-10.38865233
-10.28986946
-10.15686585
-9.992865105
-9.807920181
-9.625543376
-9.462952865
-9.33884629
-9.2633467
-9.199253626
-9.138384828
-9.057114327
-8.972994823
-8.882390626
-8.779472719
-8.67692888
-8.583502784
-8.501471502
-8.430821801
-8.378661968
-8.335594903
-8.29869254
-8.274097843
-8.261802288
-8.231069028
-8.188055701
-8.125940449
-8.042231802
-7.938500034
-7.818659857
-7.686640432
-7.544673617
-7.386651832
-7.252727807
-7.126776124
-7.017066081
-6.919634007
-6.822285562
-6.725019715
-6.652125385
-6.599611123
-6.560161135
-6.550146926
-6.536185427
-6.530117302
-6.511914876
-6.477635418
-6.453376026
-6.403033033
-6.338474498
-6.251823091
-6.179185135
-6.098675334
-6.002448404
-5.896972884
-5.784366587
-5.659807809
-5.553722996
-5.456064183
-5.386293091
-5.349702165
-5.311082645
-5.279349075
-5.257331738
-5.251322466
-5.18959831
-5.09839426
-4.997198608
-4.890011307
-4.768555882
-4.661126636
-4.561142451
-4.501190898
-4.423193942
-4.331154547
-4.220583594
-4.085865535
-3.957614371
-3.822396625
-3.691334242
-3.567674449
-3.44548647
-3.313289931
-3.167514285
-3.047679589
-2.952985004
-2.86501646
-2.787051827
-2.718867322
-2.676407829
-2.650682024
-2.568149451
-2.41697221
-2.226697899
-1.99883152
-1.761108512
-1.54833496
-1.385751777
-1.270940961
-1.17279986
-1.088867363
-1.004935455
-0.917377068
-0.80970817
-0.690299916
-0.555897303
-0.394963943
-0.193773752
0.015448323
0.240391643
0.514036651
0.812013675
1.110459262
1.351675819
1.548657738
1.666408105
1.706489548
1.734359867
1.75150836
1.790232731
1.836327141
1.909570818
1.996902357
2.100587145
2.184606282
2.254327211
2.342480866
2.43416014
2.542260453
2.684920789
2.87590929
3.069623272
3.22987594
3.366405834
3.468521691
3.546029432
3.608371547
3.649878564
3.705029916
3.806264397
3.992483369
4.220062036
4.473317306
4.692805834
4.858407968
4.962630455
5.041387588
5.103923043
5.149527405
5.186238875
5.208404532
5.245507222
5.282612007
5.328559788
5.375074925
5.430447633
5.490265149
5.585860385
5.712873553
5.85063872
5.996304623
6.104536961
6.179103164
6.228411915
6.265276535
6.319948562
6.38087155
6.436871016
6.469511378
6.49932157
6.514155077
6.529511168
6.554304658
6.590113063
6.625334586
6.672870756
6.781526494
6.923041647
7.069060586
7.194571884
7.290595242
7.35710475
7.399616164
7.436093028
7.471566834
7.50604298
7.560546655
7.630089809
7.690122943
7.751156977
7.815213199
7.889797371
7.97393915
8.068158435
8.203034235
8.367134927
8.550971777
8.710758605
8.815816033
8.880697829
8.907211199
8.91499197
8.916828184
8.918664748
8.926903838
8.948840003
8.971697885
9.008256149
9.065364063
9.126126128
9.153546277
9.14670801
9.095145358
9.049998684
9.002199095
8.970461037
8.953828712
8.96183298
8.962095132
8.985979657
8.993444228
8.968106231
8.944128467
8.919215378
8.894777038
8.889878359
8.904074977
8.933312226
8.987123099
9.030526722
9.054464077
9.062502464
9.047879087
9.0118691
8.959892571
8.910470253
8.899684337
8.909781899
8.947304069
8.977155865
8.964767503
8.89590936
8.723911217
8.524834473
8.348486758
8.210606796
8.112203352
8.05890028
8.062654227
8.076851846
8.087490228
8.061485824
8.011569684
7.935659985
7.824310166
7.719048182
7.612816874
7.531294816
7.474314315
7.421771647
7.375082087
7.352903744
7.311630394
7.271279948
7.223868454
7.188503948
7.141368274
7.104765543
7.069307476
7.040561887
6.988435174
6.915794924
6.838164449
6.743226923
6.650961647
6.547466227
6.469018466
6.394111765
6.329627776
6.251360069
6.155496147
6.053689456
5.900453362
5.697761815
5.44805869
5.190012698
4.995425154
4.848652182
4.751163069
4.697042534
4.652248611
4.615546099
4.58005442
4.535049546
4.479987809
4.410003846
4.31765606
4.195907537
4.028703922
3.83957137
3.666877725
3.4695709
3.237244994
2.99864879
2.745044235
2.485536614
2.266337205
2.06202321
1.883988264
1.67244587
1.414033055
1.11619407
0.814176555
0.474690825
0.094725968
-0.335703358
-0.7927065
-1.264273004
-1.684548333
-2.038343117
-2.31570832
-2.502792344
-2.59184737
-2.602254134
-2.606574509
-2.615214484
-2.698448765
-2.879462603
-3.081380277
-3.208118612
-3.255951745
-3.171003881
-2.969444136
-2.718134527
-2.466468476
-2.275976153
-2.188012018
-2.19094011
-2.192060855
-2.20453432
-2.194519601
-2.224678161
-2.299410837
-2.400963622
-2.485856166
-2.566158612
-2.642000265
-2.686532689
-2.740237925
-2.808344663
-2.903795872
-3.038526921
-3.209337803
-3.388648564
-3.583307364
-3.764367369
-3.912057746
-4.035521359
-4.110672776
-4.135301209
-4.161148522
-4.207228371
-4.248181526
-4.294119119
-4.352306194
-4.436655275
-4.537863639
-4.621679911
-4.697846785
-4.753013054
-4.762617028
-4.747575444
-4.733238359
-4.724163952
-4.725838293
-4.706612443
-4.708927379
-4.715532725
-4.710875188
-4.732608962
-4.75957049
-4.802362403
-4.872179406
-4.944920823
-5.017532948
-5.082522882
-5.125109961
-5.167652364
-5.241278277
-5.304112539
-5.356729372
-5.419778349
-5.475301212
-5.511088417
-5.542721093
-5.563667818
-5.60947684
-5.699022427
-5.803128012
-5.900091718
-5.973392202
-6.020784095
-6.070332268
-6.132362771
-6.19518357
-6.258932074
-6.314293598
-6.349886621
-6.403377482
-6.461153277
-6.508509632
-6.553705645
-6.597783943
-6.666912577
-6.740217093
-6.821895012
-6.917184571
-7.024055576
-7.11427868
-7.199172906
-7.293448607
-7.403302074
-7.497276563
-7.577578347
-7.630806478
-7.687257906
-7.731121809
-7.750903322
-7.775954353
-7.814470367
-7.876878503
-7.967496068
-8.08107659
-8.196436323
-8.330599112
-8.475447686
-8.602820354
-8.693122251
-8.75928778
-8.827261473
-8.902242665
-8.988746946
-9.064857364
-9.124230671
-9.196853493
-9.294209056
-9.406454793
-9.511738648
-9.610697427
-9.716005495
-9.80409803
-9.861041526
-9.897282945
-9.911108858
-9.926602536
-9.953576324
-10.00403416
-10.06593518
-10.13295003
-10.21304667
-10.28974155
-10.3259039
-10.34249486
-10.3556032
-10.38064869
-10.40916344
-10.42495018
-10.43834273
-10.45765315
-10.50548097
-10.55484679
-10.616735
-10.66817637
-10.71358026
-10.74532363
-10.77813583
-10.80478511
-10.81085652
-10.81201767
-10.81201767
-10.7993187
-10.77392459
-10.74282532
-10.7371922
-10.73386341
-10.74123913
-10.79191077
-10.84805344
-10.8759428
-10.90634827
-10.93272383
-10.93331131
-10.90117387
-10.87306424
-10.8509553
-10.84023002
-10.83743762
-10.85626206
-10.8989913
-10.92986427
-10.93309608
-10.91892727
-10.93483326
-10.94162472
-10.91932618
-10.8664981
-10.80344768
-10.73551871
-10.69323179
-10.6758131
-10.68314519
-10.69807367
-10.68640977
-10.66746348
-10.61695405
-10.54865967
-10.44887459
-10.31471755
-10.18416529
-10.05243511
-9.935244893
-9.863187577
-9.842464879
-9.848581419
-9.841980169
-9.825013286
-9.787793014
-9.713871417
-9.605364416
-9.483325743
-9.381975537
-9.28208764
-9.189232574
-9.109508358
-9.025740298
-8.942039499
-8.859631929
-8.787287617
-8.707098703
-8.61870906
-8.538263754
-8.479606763
-8.421132419
-8.395224362
-8.374986899
-8.372311707
-8.345179164
-8.26607051
-8.155369148
-8.011769181
-7.84479912
-7.664673778
-7.514578844
-7.383104627
-7.292813128
-7.250763711
-7.234296769
-7.223976228
-7.215625768
-7.181704315
-7.109287921
-7.000053752
-6.879586496
-6.753965344
-6.648943668
-6.583737654
-6.539020373
-6.520671101
-6.510548705
-6.498317707
-6.46183495
-6.415225905
-6.35237487
-6.260902244
-6.143118107
-5.99689806
-5.767733587
-5.494072504
-5.228835015
-5.018666247
-4.843167971
-4.704178514
-4.614695346
-4.571587138
-4.566619068
-4.561650746
-4.541607678
-4.486602403
-4.386931439
-4.248287992
-4.090623541
-3.958261408
-3.856029714
-3.784313475
-3.712485645
-3.649033794
-3.599322183
-3.504242394
-3.379713317
-3.217145943
-3.018119116
-2.787754056
-2.558749878
-2.357539252
-2.185015136
-2.026400527
-1.909286157
-1.838716016
-1.759758296
-1.666485084
-1.569806308
-1.433467554
-1.289611526
-1.139793569
-1.000758245
-0.865030382
-0.746120029
-0.652601293
-0.569217975
-0.490950977
-0.414221436
-0.341734909
-0.288680273
-0.235721783
-0.184385782
-0.116331235
-0.029483271
0.061750786
0.176523205
0.295589129
0.418965568
0.537164189
0.681518833
0.827379532
0.97758226
1.148317572
1.319087784
1.487751036
1.639604251
1.783444356
1.92142872
2.085550781
2.242475981
2.380530265
2.512014955
2.614902289
2.71765247
2.79278037
2.866520892
2.937247762
3.014150083
3.076172176
3.114099987
3.14003852
3.151322083
3.165939729
3.177912453
3.19029551
3.202706691
3.21112125
3.201967682
3.186691923
3.189944184
3.216094594
3.269562836
3.344268917
3.420701153
3.485722925
3.558910562
3.665165334
3.784706332
3.885380458
3.976625237
4.067264963
4.106626707
4.115574231
4.110588698
4.100533374
4.099338314
4.096905686
4.111721451
4.094258274
4.028034499
3.955371322
3.876229109
3.785061981
3.688793052
3.638782388
3.614210818
3.571495061
3.529573669
3.513721727
3.490208574
3.430975919
3.336384273
3.216460963
3.049711063
2.88440682
2.723445352
2.603445691
2.513599005
2.489285856
2.478647697
2.476730432
2.446001008
2.371221619
2.263296926
2.127194773
1.949740599
1.757779029
1.586592339
1.433859417
1.305620063
1.214062032
1.159795248
1.110642827
1.028805872
0.915160183
0.782314926
0.637674261
0.473572926
0.325929344
0.215248088
0.150651829
0.075984711
-0.011300296
-0.097755894
-0.185088335
-0.285957554
-0.387007076
-0.489741097
-0.599337467
-0.716709669
-0.846056246
-1.01204201
-1.188508314
-1.358270305
-1.526450167
-1.720574855
-1.909973885
-2.104747302
-2.274081553
-2.399232402
-2.494452559
-2.5569304
-2.617109938
-2.646251646
-2.674577046
-2.716742171
-2.777007082
-2.858667658
-2.958486796
-3.090175177
-3.24490824
-3.377333475
-3.43183742
-3.459222336
-3.515629934
-3.607631463
-3.732961863
-3.854576766
-3.967038926
-4.091979084
-4.17435029
-4.143448049
-4.031273333
-3.841345028
-3.56939954
-3.265649254
-2.986551636
-2.767715351
-2.641686551
-2.585839982
-2.633194993
-2.818368602
-3.247407421
-3.969151595
-4.948111912
-6.070801229
