6.7803
6.7161
6.6599
6.6311
6.6043
6.6001
6.6030
6.6145
6.6140
6.5917
6.5508
6.5061
6.4621
6.4162
6.3810
6.3448
6.2951
6.2641
6.2460
6.2448
6.2308
6.2049
6.1652
6.1126
6.0551
6.0153
5.9922
5.9828
5.9626
5.9228
5.8998
5.8947
5.8986
5.9023
5.8969
5.8775
5.8454
5.8211
5.7890
5.7431
5.7317
5.7615
5.8141
5.8686
5.8707
5.8116
5.7447
5.6821
5.6550
5.6499
5.6616
5.6655
5.6486
5.6266
5.5689
5.5111
5.4286
5.3610
5.2905
5.2377
5.1810
5.1400
5.1217
5.0699
4.9846
4.8844
4.7784
4.6912
4.6031
4.5219
4.4616
4.4447
4.4367
4.4050
4.3604
4.2813
4.1913
4.1365
4.1133
4.1236
4.1367
4.1577
4.1648
4.1640
4.1452
4.1068
4.0378
3.9608
3.8974
3.8646
3.8720
3.9239
3.9601
3.9496
3.9122
3.8446
3.7522
3.6377
3.4985
3.3441
3.1936
3.0639
2.9647
2.9003
2.8889
2.8889
2.8889
2.8670
2.8322
2.7793
2.7108
2.6179
2.5045
2.3974
2.2826
2.2064
2.1807
2.1756
2.1666
2.1317
2.0737
1.9860
1.8842
1.7771
1.6958
1.6364
1.6145
1.5885
1.5537
1.4893
1.4132
1.3022
1.1833
1.0451
0.9327
0.8305
0.7569
0.7386
0.7087
0.6712
0.6221
0.5497
0.4398
0.2769
0.0921
-0.1108
-0.3175
-0.4883
-0.5918
-0.6281
-0.6396
-0.6588
-0.6703
-0.7010
-0.7359
-0.7707
-0.8198
-0.8805
-0.9397
-1.0041
-1.0609
-1.1086
-1.1258
-1.1606
-1.2203
-1.2518
-1.2910
-1.3160
-1.3576
-1.4255
-1.4790
-1.5249
-1.5460
-1.5617
-1.5737
-1.5971
-1.6621
-1.7482
-1.8381
-1.9152
-2.0129
-2.1044
-2.2074
-2.2893
-2.3826
-2.4774
-2.5903
-2.7192
-2.8511
-2.9603
-3.0315
-3.0626
-3.0868
-3.1254
-3.1458
-3.1851
-3.2576
-3.3605
-3.4242
-3.4590
-3.4697
-3.5205
-3.6137
-3.7411
-3.8535
-3.9499
-4.0008
-4.0298
-4.0608
-4.0898
-4.1209
-4.1846
-4.2881
-4.4045
-4.5338
-4.6448
-4.7705
-4.8559
-4.9364
-4.9929
-5.0456
-5.0930
-5.1403
-5.1731
-5.2207
-5.2921
-5.3726
-5.4770
-5.5980
-5.7167
-5.8225
-5.9047
-5.9576
-5.9795
-6.0051
-6.0288
-6.0455
-6.0695
-6.0970
-6.1390
-6.1994
-6.2727
-6.3588
-6.4433
-6.5004
-6.5391
-6.5758
-6.6123
-6.6655
-6.7316
-6.8107
-6.8900
-6.9601
-7.0412
-7.1369
-7.2710
-7.4471
-7.6265
-7.8057
-7.9865
-8.1545
-8.2841
-8.3701
-8.4359
-8.4945
-8.5494
-8.6080
-8.6539
-8.7217
-8.8244
-8.9525
-9.0917
-9.2089
-9.3078
-9.4105
-9.5114
-9.6139
-9.6996
-9.7818
-9.8532
-9.9360
-10.0092
-10.0937
-10.1580
-10.2224
-10.2760
-10.3431
-10.4049
-10.4870
-10.5702
-10.6603
-10.7354
-10.8362
-10.9356
-11.0405
-11.1272
-11.2140
-11.3096
-11.4257
-11.5513
-11.6468
-11.7090
-11.7548
-11.7823
-11.8110
-11.8488
-11.9082
-11.9953
-12.0823
-12.1617
-12.2274
-12.2781
-12.3458
-12.4386
-12.5647
-12.7038
-12.8313
-12.9654
-13.1041
-13.2353
-13.3614
-13.4475
-13.5145
-13.5829
-13.6558
-13.7354
-13.8441
-13.9985
-14.1608
-14.2997
-14.4325
-14.5679
-14.6748
-14.7765
-14.8624
-14.9530
-15.0607
-15.1677
-15.2813
-15.3914
-15.4859
-15.5665
-15.6422
-15.7241
-15.8124
-15.9111
-16.0076
-16.1167
-16.2382
-16.3590
-16.4661
-16.5688
-16.6681
-16.7482
-16.8268
-16.9093
-16.9835
-17.0797
-17.1700
-17.2627
-17.3446
-17.4603
-17.5951
-17.7925
-18.0028
-18.2159
-18.4199
-18.6034
-18.7515
-18.8547
-18.8974
-18.9107
-18.9233
-18.9387
-18.9808
-19.0261
-19.0923
-19.1703
-19.2452
-19.3330
-19.4182
-19.4804
-19.5350
-19.5904
-19.6491
-19.7155
-19.7917
-19.8918
-19.9729
-20.0350
-20.0628
-20.0788
-20.0973
-20.1099
-20.1192
-20.1510
-20.2007
-20.2650
-20.3459
-20.4305
-20.5252
-20.6272
-20.7326
-20.8443
-20.9379
-21.0381
-21.1328
-21.2204
-21.2981
-21.3566
-21.4145
-21.4781
-21.5166
-21.5426
-21.5740
-21.6076
-21.6233
-21.6395
-21.6622
-21.6881
-21.7173
-21.7464
-21.7755
-21.8078
-21.8430
-21.8660
-21.8918
-21.9240
-21.9649
-22.0118
-22.0377
-22.0639
-22.0937
-22.1327
-22.2114
-22.3149
-22.4254
-22.5386
-22.6518
-22.7626
-22.8701
-22.9618
-23.0555
-23.1149
-23.1370
-23.1341
-23.1341
-23.1461
-23.1581
-23.1704
-23.1735
-23.1890
-23.2135
-23.2505
-23.2785
-23.3037
-23.3200
-23.3303
-23.3437
-23.3601
-23.3821
-23.4042
-23.4321
-23.4508
-23.4635
-23.4763
-23.4921
-23.5139
-23.5363
-23.5619
-23.5935
-23.6321
-23.6862
-23.7465
-23.7979
-23.8551
-23.8999
-23.9325
-23.9771
-24.0212
-24.0979
-24.1594
-24.2267
-24.2940
-24.3552
-24.3987
-24.4339
-24.4780
-24.5225
-24.5727
-24.6172
-24.6799
-24.7724
-24.8496
-24.9238
-24.9800
-25.0364
-25.0897
-25.1306
-25.1864
-25.2447
-25.3029
-25.3579
-25.4252
-25.4686
-25.5210
-25.5676
-25.6282
-25.6770
-25.7048
-25.7268
-25.7369
-25.7561
-25.7664
-25.7707
-25.7661
-25.7611
-25.7617
-25.7614
-25.7790
-25.8083
-25.8463
-25.8666
-25.8640
-25.8376
-25.8022
-25.7816
-25.7613
-25.7320
-25.7203
-25.7115
-25.7058
-25.6622
-25.6124
-25.5397
-25.4701
-25.3918
-25.3308
-25.2877
-25.2685
-25.2611
-25.2597
-25.2436
-25.2012
-25.1168
-25.0297
-24.9808
-24.9434
-24.9326
-24.9335
-24.9402
-24.9351
-24.9122
-24.8776
-24.8429
-24.8229
-24.7851
-24.7445
-24.7539
-24.7812
-24.7938
-24.7387
-24.6393
-24.5368
-24.4256
-24.3412
-24.3071
-24.3114
-24.3098
-24.2989
-24.2757
-24.2462
-24.2140
-24.1877
-24.1736
-24.1744
-24.1751
-24.1642
-24.1121
-24.0186
-23.9015
-23.7756
-23.6853
-23.6362
-23.6431
-23.6675
-23.6862
-23.6903
-23.6531
-23.6185
-23.5780
-23.5491
-23.5117
-23.4741
-23.4427
-23.4142
-23.3798
-23.3540
-23.3252
-23.2906
-23.2267
-23.1628
-23.1050
-23.0735
-23.0478
-23.0426
-23.0375
-23.0116
-22.9711
-22.9130
-22.8341
-22.7728
-22.7114
-22.6529
-22.6236
-22.6062
-22.6036
-22.5836
-22.5487
-22.5051
-22.4555
-22.4032
-22.3480
-22.2927
-22.2345
-22.1852
-22.1387
-22.0746
-22.0135
-21.9406
-21.8766
-21.7949
-21.7105
-21.6171
-21.5236
-21.4362
-21.3575
-21.2761
-21.2064
-21.1454
-21.0962
-21.0235
-20.9511
-20.8726
-20.7999
-20.7448
-20.6779
-20.6114
-20.5476
-20.4955
-20.4608
-20.4465
-20.4471
-20.4416
-20.4304
-20.4248
-20.4222
-20.3905
-20.3473
-20.3129
-20.2900
-20.2936
-20.3062
-20.3040
-20.2811
-20.2260
-20.1507
-20.0722
-20.0050
-19.9261
-19.8415
-19.7571
-19.6550
-19.5407
-19.4117
-19.2879
-19.1819
-19.0967
-19.0378
-18.9906
-18.9296
-18.8656
-18.7840
-18.6644
-18.5330
-18.3868
-18.2134
-18.0290
-17.8301
-17.6569
-17.5095
-17.4002
-17.3110
-17.2656
-17.2413
-17.2227
-17.1833
-17.1389
-17.0712
-17.0067
-16.9189
-16.8249
-16.7070
-16.5716
-16.4399
-16.3233
-16.2124
-16.0990
-15.9919
-15.9100
-15.8202
-15.7194
-15.6130
-15.5181
-15.4439
-15.3809
-15.3030
-15.2474
-15.2251
-15.2109
-15.2053
-15.1886
-15.1490
-15.1023
-15.0357
-14.9660
-14.8884
-14.7989
-14.7095
-14.6224
-14.5528
-14.4529
-14.3476
-14.2129
-14.0879
-13.9747
-13.8464
-13.6966
-13.5348
-13.3643
-13.1883
-13.0122
-12.8622
-12.7306
-12.6132
-12.5218
-12.4599
-12.4163
-12.3696
-12.3141
-12.2445
-12.1575
-12.0738
-12.0042
-11.9325
-11.8446
-11.7372
-11.6430
-11.5349
-11.4268
-11.3255
-11.2061
-11.0976
-10.9913
-10.8872
-10.8199
-10.7706
-10.7094
-10.6430
-10.5540
-10.4598
-10.3537
-10.2564
-10.1611
-10.0751
-9.9752
-9.8774
-9.7676
-9.6651
-9.5658
-9.4704
-9.3763
-9.2942
-9.2221
-9.1568
-9.0762
-8.9799
-8.8736
-8.7553
-8.6084
-8.4236
-8.2167
-8.0098
-7.8352
-7.6691
-7.5269
-7.3950
-7.2631
-7.1570
-7.0526
-6.9568
-6.8884
-6.8182
-6.7499
-6.6627
-6.5568
-6.4322
-6.3042
-6.1711
-6.0688
-5.9785
-5.8866
-5.7793
-5.6602
-5.5224
-5.3830
-5.2435
-5.1228
-4.9970
-4.8848
-4.7896
-4.6978
-4.6111
-4.5194
-4.4227
-4.3021
-4.1612
-3.9930
-3.8278
-3.6641
-3.5322
-3.4128
-3.2888
-3.1634
-3.0345
-2.8866
-2.7452
-2.5954
-2.4569
-2.2824
-2.1000
-1.8975
-1.6792
-1.4508
-1.2112
-0.9702
-0.7473
-0.5372
-0.3628
-0.2111
-0.1088
-0.0364
0.0118
0.0275
0.0564
0.0852
0.1418
0.1935
0.2536
0.3414
0.4364
0.5677
0.7435
0.9726
1.2444
1.5565
1.8693
2.1562
2.4373
2.6662
2.8563
3.0112
3.1637
3.3187
3.4569
3.5831
3.6653
3.7203
3.7537
3.7806
3.8150
3.8690
3.9548
4.0554
4.1731
4.3027
4.4454
4.6022
4.7885
4.9665
5.1371
5.2978
5.4304
5.5451
5.6315
5.7114
5.7735
5.8461
5.9331
6.0391
6.1907
6.3576
6.5437
6.7648
6.9814
7.2030
7.4156
7.6142
7.7814
7.9048
7.9747
7.9911
7.9616
7.8974
7.8430
7.8211
7.8171
7.8123
7.7745
7.7324
7.6642
7.5691
7.4897
7.4190
7.3764
7.3693
7.3803
7.3733
7.3437
7.2955
7.2482
7.2333
7.2373
7.2839
7.3786
7.5134
7.7315
8.0344
8.4444
8.9518
9.5248
10.1069
10.6273
10.9856
11.1065
10.9524
10.5699
10.0369
9.4911
8.9892
8.5438
8.1434
7.7744
7.4272
7.0977
6.7915
6.4768
6.1543
5.8403
5.5688
5.3036
5.0557
4.8766
4.7165
4.5859
4.4433
4.3087
4.1839
4.0556
3.9262
3.7974
3.6718
3.5669
3.5484
3.5964
3.6787
3.7679
3.8622
3.9206
3.9128
3.8681
3.7892
3.6905
3.5537
3.4266
3.3088
3.2069
3.1286
3.0477
2.9656
2.8901
2.7963
2.6883
2.5819
2.4600
2.3382
2.2203
2.1145
2.0127
1.8917
1.7750
1.6665
1.5996
1.5718
1.5465
1.5432
1.5604
1.5801
1.5866
1.5852
1.6005
1.6131
1.5972
1.5583
1.5117
1.4806
1.4688
1.4677
1.4615
1.4515
1.4094
1.3862
1.3670
1.3477
1.3283
1.2960
1.2560
1.2146
1.1515
1.1089
1.0764
1.0478
1.0357
1.0466
1.0513
1.0254
0.9638
0.8728
0.7753
0.7046
0.6467
0.6347
0.6573
0.6938
0.7316
0.7503
0.7499
0.7317
0.7135
0.6940
0.6655
0.6651
0.6799
0.6858
0.6991
0.7214
0.7399
0.7187
0.6849
0.6473
0.6011
0.5625
0.5394
0.5266
0.5098
0.4814
0.4365
0.3645
0.2860
0.2035
0.1170
0.0353
-0.0566
-0.1305
-0.2032
-0.2616
-0.2991
-0.3119
-0.3276
-0.3537
-0.3918
-0.4517
-0.5110
-0.5937
-0.6726
-0.7168
-0.7348
-0.7459
-0.7602
-0.7912
-0.8366
-0.9024
-1.0135
-1.1337
-1.2530
-1.3670
-1.4773
-1.5393
-1.5636
-1.5826
-1.6206
-1.6986
-1.8158
-1.9277
-2.0456
-2.1529
-2.2654
-2.3545
-2.4178
-2.4555
-2.4743
-2.4856
-2.4969
-2.5294
-2.5874
-2.6726
-2.7774
-2.9042
-3.0581
-3.2136
-3.3564
-3.5121
-3.6785
-3.8360
-3.9700
-4.0789
-4.1932
-4.3039
-4.4236
-4.5835
-4.7433
-4.9087
-5.0468
-5.1486
-5.2214
-5.3087
-5.3795
-5.4233
-5.4472
-5.4654
-5.5000
-5.5605
-5.6629
-5.7941
-5.9378
-6.0579
-6.1689
-6.2435
-6.2891
-6.3128
-6.3510
-6.4204
-6.5134
-6.5954
-6.6828
-6.8030
-6.9471
-7.0749
-7.1718
-7.2595
-7.3363
-7.4403
-7.5460
-7.6570
-7.7569
-7.8443
-7.8991
-7.9431
-7.9652
-7.9817
-8.0038
-8.0295
-8.0589
-8.0827
-8.1266
-8.1798
-8.2674
-8.3844
-8.5145
-8.6446
-8.7836
-8.9210
-9.0346
-9.1410
-9.2399
-9.3112
-9.3746
-9.4669
-9.6045
-9.7662
-9.9373
-10.0940
-10.2147
-10.3313
-10.4311
-10.5466
-10.6339
-10.7100
-10.7894
-10.8384
-10.8650
-10.8720
-10.8811
-10.9050
-10.9611
-11.0572
-11.1899
-11.3418
-11.4755
-11.5803
-11.6529
-11.7080
-11.7447
-11.7843
-11.8351
-11.8691
-11.9105
-11.9648
-12.0298
-12.1194
-12.2097
-12.3112
-12.4401
-12.5883
-12.7797
-13.0015
-13.2178
-13.4069
-13.5903
-13.7600
-13.8820
-13.9533
-13.9775
-13.9876
-13.9943
-14.0012
-14.0365
-14.0815
-14.1287
-14.2093
-14.3346
-14.4726
-14.6000
-14.6987
-14.7649
-14.8264
-14.8550
-14.8824
-14.9077
-14.9547
-15.0398
-15.1364
-15.2515
-15.3619
-15.5006
-15.6511
-15.8072
-15.9227
-16.0358
-16.1180
-16.1782
-16.2556
-16.3437
-16.4562
-16.5984
-16.7518
-16.8903
-16.9832
-17.0561
-17.1247
-17.1695
-17.2092
-17.2554
-17.3225
-17.4258
-17.5200
-17.6184
-17.7137
-17.7919
-17.8683
-17.9412
-18.0005
-18.0303
-18.0502
-18.0535
-18.0625
-18.0773
-18.0906
-18.1203
-18.1789
-18.2748
-18.3871
-18.4936
-18.5935
-18.6893
-18.7930
-18.8647
-18.9240
-18.9624
-19.0192
-19.0787
-19.1595
-19.2468
-19.3159
-19.3790
-19.4297
-19.4680
-19.4967
-19.5193
-19.5386
-19.5515
-19.5580
-19.5741
-19.5967
-19.6254
-19.6641
-19.7031
-19.7455
-19.7942
-19.8429
-19.8950
-19.9498
-20.0106
-20.0680
-20.1190
-20.1699
-20.2208
-20.2589
-20.2812
-20.3031
-20.3032
-20.3003
-20.3035
-20.3130
-20.3258
-20.3385
-20.3546
-20.3832
-20.4182
-20.4562
-20.4880
-20.5052
-20.5437
-20.5974
-20.6573
-20.6898
-20.6951
-20.6934
-20.6732
-20.6591
-20.6478
-20.6542
-20.6573
-20.6464
-20.6153
-20.5844
-20.5567
-20.5439
-20.5339
-20.5504
-20.5664
-20.5765
-20.5837
-20.5766
-20.5998
-20.6174
-20.6499
-20.6855
-20.7211
-20.7532
-20.7523
-20.7129
-20.6702
-20.6183
-20.5691
-20.5199
-20.4883
-20.4712
-20.4567
-20.4401
-20.4274
-20.4031
-20.3706
-20.3204
-20.2788
-20.2367
-20.1850
-20.1359
-20.0897
-20.0436
-20.0180
-19.9926
-19.9734
-19.9454
-19.8972
-19.8493
-19.7870
-19.7552
-19.7486
-19.7745
-19.8123
-19.8485
-19.8603
-19.8563
-19.8425
-19.8284
-19.8200
-19.8178
-19.8425
-19.8588
-19.8582
-19.8549
-19.8281
-19.8006
-19.7283
-19.6411
-19.5513
-19.4762
-19.4188
-19.3559
-19.3430
-19.3448
-19.3671
-19.3747
-19.3734
-19.3601
-19.3320
-19.2683
-19.1436
-18.9899
-18.8043
-18.6335
-18.4950
-18.4362
-18.4444
-18.4728
-18.4918
-18.4486
-18.3908
-18.3068
-18.2229
-18.1328
-18.0371
-17.9353
-17.8304
-17.7287
-17.6508
-17.6024
-17.5694
-17.5431
-17.4910
-17.4127
-17.2871
-17.1493
-17.0335
-16.9438
-16.8809
-16.8218
-16.7888
-16.7502
-16.6999
-16.6210
-16.5304
-16.4417
-16.3419
-16.2211
-16.0972
-15.9788
-15.8722
-15.7774
-15.6976
-15.6202
-15.5539
-15.4987
-15.4261
-15.3449
-15.2581
-15.1602
-15.0585
-14.9338
-14.7973
-14.6608
-14.4841
-14.2837
-14.0714
-13.8568
-13.6975
-13.5902
-13.5305
-13.4890
-13.4672
-13.4454
-13.3986
-13.3075
-13.1883
-13.0594
-12.9252
-12.8160
-12.7111
-12.6386
-12.6040
-12.5792
-12.5187
-12.4045
-12.2646
-12.0873
-11.9165
-11.7533
-11.6321
-11.5602
-11.5066
-11.4637
-11.4154
-11.3553
-11.2715
-11.1619
-11.0319
-10.8900
-10.7257
-10.5635
-10.3643
-10.1637
-9.9651
-9.8012
-9.6894
-9.6184
-9.5469
-9.4663
-9.3089
-9.1074
-8.8687
-8.6080
-8.3845
-8.1845
-8.0410
-7.9232
-7.8616
-7.8290
-7.8067
-7.7743
-7.6887
-7.5707
-7.3981
-7.2238
-7.0427
-6.8411
-6.6532
-6.4790
-6.2945
-6.1234
-5.9592
-5.8189
-5.7164
-5.6448
-5.5884
-5.5440
-5.4895
-5.4282
-5.3633
-5.2695
-5.1671
-5.0594
-4.9634
-4.8605
-4.7659
-4.6267
-4.4045
-4.1150
-3.8196
-3.5374
-3.2428
-2.9672
-2.7221
-2.4909
-2.2884
-2.1256
-1.9926
-1.9200
-1.8695
-1.8338
-1.8052
-1.7717
-1.7212
-1.6279
-1.5325
-1.4241
-1.2992
-1.1671
-1.0334
-0.8780
-0.7008
-0.5197
-0.3249
-0.1557
-0.0201
0.0900
0.2223
0.3656
0.5261
0.7272
0.9471
1.1674
1.3941
1.6150
1.8326
2.0393
2.2205
2.3800
2.4987
2.5913
2.6431
2.6430
2.6392
2.6316
2.5996
2.5299
2.4428
2.3990
2.4006
2.4876
2.6623
2.8845
3.0707
3.1572
3.1620
3.1563
3.1726
3.2065
3.1545
3.0522
2.8789
2.6356
2.3365
2.0291
1.7059
1.4011
1.0690
0.7413
0.3936
0.0026
-0.3969
-0.7675
-1.0507
-1.2678
-1.4295
-1.5435
-1.6350
-1.7575
-1.9176
-2.1222
-2.3360
-2.5400
-2.7359
-2.8902
-3.0046
-3.1086
-3.1607
-3.1814
-3.1360
-3.0741
-3.0352
-2.9873
-2.9756
-2.9463
-2.9177
-2.8929
-2.8633
-2.8429
-2.8316
-2.8473
-2.8947
-2.9579
-3.0210
-3.0819
-3.1190
-3.1560
-3.1747
-3.1749
-3.1935
-3.2121
-3.2460
-3.2856
-3.3394
-3.3748
-3.3776
-3.3373
-3.2823
-3.2435
-3.2611
-3.3240
-3.3980
-3.4647
-3.4823
-3.4693
-3.4489
-3.4517
-3.4741
-3.5187
-3.5817
-3.6341
-3.6628
-3.6773
-3.6770
-3.6841
-3.7076
-3.7544
-3.8409
-3.9547
-4.0993
-4.2528
-4.3613
-4.4175
-4.4229
-4.4083
-4.4011
-4.4138
-4.4535
-4.5095
-4.6000
-4.7101
-4.8309
-4.9448
-5.0476
-5.1503
-5.2330
-5.2831
-5.3171
-5.3260
-5.3548
-5.4251
-5.5316
-5.6416
-5.7681
-5.8982
-6.0138
-6.1276
-6.2088
-6.2685
-6.3082
-6.3353
-6.3443
-6.3606
-6.3877
-6.4384
-6.5234
-6.6320
-6.7497
-6.8836
-7.0321
-7.1265
-7.1592
-7.1754
-7.2025
-7.2459
-7.2965
-7.3544
-7.4032
-7.4774
-7.5623
-7.6763
-7.8083
-7.9492
-8.1151
-8.2864
-8.4148
-8.4656
-8.4711
-8.4711
-8.4783
-8.4926
-8.5389
-8.6304
-8.7329
-8.8223
-8.9225
-9.0270
-9.1064
-9.1606
-9.2294
-9.3255
-9.4157
-9.4913
-9.5583
-9.6308
-9.6922
-9.7590
-9.8425
-9.9335
-10.0277
-10.1248
-10.2531
-10.3870
-10.5135
-10.6219
-10.7303
-10.8116
-10.8836
-10.9457
-11.0070
-11.0523
-11.0830
-11.0935
-11.1216
-11.1657
-11.2272
-11.3265
-11.4243
-11.5346
-11.6119
-11.6705
-11.7068
-11.7214
-11.7611
-11.8190
-11.9179
-12.0023
-12.0872
-12.1733
-12.2963
-12.3888
-12.4643
-12.5373
-12.6251
-12.7127
-12.7879
-12.8809
-12.9672
-13.0829
-13.2052
-13.3342
-13.4451
-13.5297
-13.6277
-13.7471
-13.8813
-14.0283
-14.1505
-14.2780
-14.4066
-14.5361
-14.6429
-14.7395
-14.8011
-14.8303
-14.8517
-14.8698
-14.8993
-14.9364
-14.9658
-15.0151
-15.0769
-15.1460
-15.1985
-15.2286
-15.2420
-15.2520
-15.2521
-15.2588
-15.2623
-15.2659
-15.2730
-15.3064
-15.3433
-15.3918
-15.4459
-15.5295
-15.6358
-15.7447
-15.8402
-15.9158
-15.9528
-15.9360
-15.9271
-15.9182
-15.9004
-15.8723
-15.8591
-15.8664
-15.8956
-15.9336
-15.9552
-15.9588
-15.9283
-15.8864
-15.8493
-15.8036
-15.7638
-15.7161
-15.6896
-15.6755
-15.6831
-15.6914
-15.7060
-15.6897
-15.6684
-15.6332
-15.5842
-15.5321
-15.4824
-15.4313
-15.3616
-15.2952
-15.2522
-15.2245
-15.1992
-15.1649
-15.1305
-15.0872
-15.0552
-15.0264
-15.0097
-14.9752
-14.9342
-14.8731
-14.8234
-14.7882
-14.7660
-14.7407
-14.7121
-14.6568
-14.5871
-14.5062
-14.4220
-14.3734
-14.3248
-14.2804
-14.2206
-14.1616
-14.0994
-14.0634
-14.0709
-14.0796
-14.0730
-14.0317
-13.9551
-13.8509
-13.7402
-13.6394
-13.5721
-13.5309
-13.5052
-13.4428
-13.3484
-13.2265
-13.1270
-13.0574
-13.0055
-12.9867
-12.9811
-12.9424
-12.8499
-12.7005
-12.5558
-12.4003
-12.2459
-12.1024
-11.9579
-11.7740
-11.5802
-11.4105
-11.2530
-11.1009
-10.9367
-10.8076
-10.7114
-10.6240
-10.5299
-10.3942
-10.1986
-9.9668
-9.7540
-9.5956
-9.4915
-9.4393
-9.4133
-9.4080
-9.3591
-9.2594
-9.1196
-8.9658
-8.7899
-8.6042
-8.3926
-8.1898
-7.9542
-7.7082
-7.4762
-7.3083
-7.1925
-7.1266
-7.0798
-7.0261
-6.9447
-6.8548
-6.7338
-6.5903
-6.4278
-6.2339
-6.0520
-5.8976
-5.7814
-5.7153
-5.6546
-5.5852
-5.4966
-5.3665
-5.2361
-5.0987
-4.9783
-4.8909
-4.8190
-4.7407
-4.6452
-4.5477
-4.4451
-4.3476
-4.2533
-4.1763
-4.0921
-4.0095
-3.9335
-3.8503
-3.7509
-3.6513
-3.5327
-3.4037
-3.2704
-3.1457
-3.0121
-2.8999
-2.8193
-2.7567
-2.7141
-2.6781
-2.6550
-2.6442
-2.6190
-2.5830
-2.5346
-2.4754
-2.4215
-2.3785
-2.3427
-2.3102
-2.2628
-2.2230
-2.1737
-2.1040
-2.0314
-1.9638
-1.9063
-1.8743
-1.8591
-1.8522
-1.7760
-1.6157
-1.3708
-1.1160
-0.8432
-0.5394
-0.2306
0.0656
0.3804
0.7188
1.0461
1.3762
1.6871




















































































































































































































































































































































































































































































































































































































































































































































































































































































































































































































































































































































































































































































































































































































































































































































































































































































































































































































































































































































































































































































































































































































































































































































































































































































































































































































































































































































































































































































































































































































































































































































































































































































































































































































































































































































































































































































































































































































































































































































































































































































































































































































































































































































































































































































































































































































































































































































































































































































































































































































































































































































































































































































































































































































































































































































































































































































































































































































































































































































































































































































































































































































































































































































































































































































































































































































































































































































































































































































































































































































































































































































































































































































































































































































































































































































































































































































































































































































































































































































































































































































































































































































































































































































































































































































































































































































































































































































































































































































































































































































































