-7.6287
-7.7545
-7.9109
-8.0723
-8.2405
-8.3971
-8.5445
-8.6815
-8.7895
-8.8774
-8.9438
-9.0120
-9.0852
-9.1633
-9.2398
-9.2952
-9.3401
-9.3834
-9.3914
-9.3865
-9.3578
-9.3451
-9.3610
-9.3701
-9.3771
-9.3926
-9.4081
-9.4241
-9.4326
-9.4525
-9.4654
-9.4926
-9.5424
-9.6010
-9.6492
-9.6831
-9.7043
-9.7254
-9.7446
-9.7618
-9.7716
-9.8078
-9.8567
-9.9225
-10.0073
-10.1026
-10.1957
-10.2834
-10.3480
-10.3936
-10.4183
-10.4483
-10.4716
-10.4914
-10.4933
-10.4986
-10.4866
-10.4799
-10.4758
-10.4516
-10.4192
-10.3903
-10.3686
-10.3715
-10.3863
-10.4031
-10.4065
-10.3946
-10.3860
-10.3827
-10.3861
-10.3894
-10.3895
-10.3982
-10.4209
-10.4416
-10.4537
-10.4966
-10.5322
-10.6038
-10.6911
-10.7684
-10.8465
-10.8979
-10.9239
-10.9260
-10.9195
-10.9215
-10.9355
-10.9614
-10.9892
-10.9893
-10.9793
-10.9661
-10.9528
-10.9430
-10.9231
-10.9033
-10.8934
-10.8769
-10.8503
-10.8270
-10.8136
-10.8070
-10.8070
-10.8123
-10.8229
-10.8282
-10.8421
-10.8581
-10.8840
-10.9172
-10.9505
-10.9671
-10.9678
-10.9639
-10.9706
-10.9705
-10.9772
-10.9632
-10.9531
-10.9382
-10.9127
-10.8898
-10.8957
-10.9295
-10.9614
-10.9753
-10.9860
-11.0000
-11.0313
-11.0679
-11.1412
-11.2752
-11.4419
-11.6281
-11.8197
-11.9894
-12.1196
-12.2325
-12.2953
-12.3354
-12.3574
-12.3781
-12.4215
-12.5031
-12.5966
-12.7053
-12.8248
-12.9747
-13.1462
-13.3318
-13.5163
-13.6823
-13.8146
-13.9339
-14.0141
-14.0466
-14.0586
-14.0705
-14.0770
-14.1031
-14.1553
-14.2129
-14.2825
-14.3498
-14.4302
-14.4823
-14.5650
-14.6432
-14.7193
-14.7866
-14.8429
-14.8864
-14.9146
-14.9690
-15.0582
-15.1846
-15.3305
-15.4875
-15.6445
-15.8026
-15.9378
-16.0371
-16.1123
-16.1589
-16.2221
-16.2845
-16.3556
-16.4309
-16.4998
-16.5782
-16.6416
-16.7051
-16.7749
-16.8591
-16.9697
-17.1103
-17.2629
-17.4243
-17.5716
-17.7165
-17.8803
-18.0440
-18.2108
-18.3661
-18.5088
-18.6596
-18.8217
-18.9806
-19.1446
-19.2934
-19.4307
-19.5565
-19.6829
-19.7861
-19.8635
-19.9295
-20.0002
-20.0879
-20.1988
-20.3246
-20.4478
-20.5653
-20.6832
-20.8007
-20.9186
-21.0513
-21.1844
-21.3117
-21.4275
-21.5311
-21.6255
-21.6994
-21.7473
-21.7920
-21.8622
-21.9327
-22.0148
-22.0942
-22.1651
-22.2334
-22.2902
-22.3644
-22.4274
-22.5024
-22.5860
-22.6723
-22.7498
-22.8240
-22.9036
-22.9712
-23.0070
-23.0255
-23.0466
-23.0679
-23.0948
-23.1248
-23.1582
-23.1951
-23.2349
-23.2806
-23.3405
-23.3915
-23.4425
-23.5076
-23.5382
-23.5482
-23.5291
-23.5212
-23.5334
-23.5656
-23.5892
-23.5985
-23.5938
-23.5548
-23.5016
-23.4370
-23.3896
-23.3393
-23.2890
-23.2388
-23.1942
-23.1494
-23.0989
-23.0455
-22.9693
-22.8704
-22.7571
-22.6495
-22.5647
-22.4969
-22.4576
-22.4098
-22.3590
-22.2998
-22.2322
-22.1563
-22.0833
-22.0333
-22.0059
-21.9929
-21.9685
-21.9243
-21.8745
-21.8017
-21.7035
-21.5939
-21.4443
-21.2663
-21.0796
-20.9128
-20.7716
-20.6586
-20.5681
-20.4948
-20.4100
-20.3364
-20.2716
-20.2208
-20.1727
-20.1106
-20.0432
-19.9474
-19.8206
-19.6514
-19.4737
-19.2962
-19.1242
-18.9807
-18.8628
-18.7644
-18.6774
-18.5969
-18.5085
-18.4256
-18.3398
-18.2541
-18.1745
-18.0919
-18.0089
-17.9265
-17.8417
-17.7565
-17.6714
-17.5809
-17.4844
-17.3724
-17.2666
-17.1597
-17.0428
-16.9344
-16.8400
-16.7648
-16.6867
-16.6086
-16.5216
-16.4248
-16.3274
-16.2360
-16.1416
-16.0367
-15.9447
-15.8420
-15.7112
-15.5889
-15.4810
-15.3777
-15.2972
-15.2281
-15.1666
-15.1112
-15.0474
-14.9670
-14.8720
-14.7384
-14.6110
-14.4722
-14.3575
-14.2711
-14.2118
-14.1639
-14.1130
-14.0527
-13.9779
-13.8957
-13.7989
-13.6928
-13.5782
-13.4533
-13.3324
-13.1864
-13.0277
-12.8511
-12.6773
-12.5211
-12.3762
-12.2607
-12.1689
-12.0898
-12.0389
-11.9975
-11.9625
-11.9370
-11.9051
-11.8636
-11.8126
-11.7518
-11.6654
-11.5757
-11.4729
-11.3538
-11.2571
-11.1603
-11.0568
-10.9653
-10.8849
-10.8297
-10.7678
-10.7255
-10.6962
-10.6636
-10.6408
-10.6213
-10.5953
-10.5693
-10.5170
-10.4615
-10.3706
-10.2716
-10.1777
-10.0838
-9.9750
-9.8694
-9.7603
-9.6410
-9.5282
-9.4151
-9.3103
-9.2070
-9.1133
-9.0483
-9.0068
-8.9940
-9.0067
-9.0398
-9.0865
-9.1451
-9.1970
-9.2385
-9.2852
-9.3371
-9.3891
-9.4500
-9.5214
-9.5981
-9.6715
-9.7346
-9.7991
-9.8337
-9.8630
-9.8855
-9.9062
-9.9081
-9.9115
-9.9082
-9.9135
-9.9069
-9.8935
-9.8903
-9.8871
-9.8656
-9.8422
-9.8154
-9.7856
-9.7419
-9.7168
-9.6933
-9.6855
-9.6739
-9.6705
-9.6810
-9.7175
-9.7506
-9.7716
-9.7634
-9.7617
-9.7820
-9.8041
-9.8297
-9.8282
-9.8216
-9.8202
-9.8383
-9.8675
-9.8935
-9.9283
-9.9511
-9.9774
-10.0185
-10.0813
-10.1445
-10.1862
-10.1977
-10.1554
-10.1002
-10.0318
-9.9712
-9.9120
-9.8422
-9.7674
-9.6676
-9.6058
-9.5638
-9.5597
-9.6124
