-4.258415
-4.318148
-4.377878
-4.437603
-4.497318
-4.557022
-4.616712
-4.676383
-4.736035
-4.795663
-4.855264
-4.914836
-4.974377
-5.033882
-5.093349
-5.152775
-5.212157
-5.271493
-5.330779
-5.390012
-5.449190
-5.508310
-5.567368
-5.626362
-5.685290
-5.744147
-5.802931
-5.861640
-5.920270
-5.978819
-6.037284
-6.095661
-6.153949
-6.212143
-6.270242
-6.328242
-6.386141
-6.443935
-6.501622
-6.559200
-6.616665
-6.674014
-6.731245
-6.788354
-6.845340
-6.902199
-6.958928
-7.015525
-7.071987
-7.128311
-7.184495
-7.240535
-7.296429
-7.352174
-7.407767
-7.463206
-7.518489
-7.573611
-7.628571
-7.683366
-7.737993
-7.792449
-7.846733
-7.900840
-7.954769
-8.008517
-8.062081
-8.115459
-8.168648
-8.221645
-8.274448
-8.327054
-8.379461
-8.431666
-8.483666
-8.535460
-8.587043
-8.638415
-8.689572
-8.740512
-8.791232
-8.841731
-8.892004
-8.942051
-8.991868
-9.041453
-9.090804
-9.139918
-9.188793
-9.237426
-9.285815
-9.333958
-9.381852
-9.429496
-9.476885
-9.524019
-9.570896
-9.617511
-9.663864
-9.709953
-9.755774
-9.801326
-9.846606
-9.891612
-9.936343
-9.980795
-10.024967
-10.068856
-10.112460
-10.155778
-10.198807
-10.241544
-10.283989
-10.326138
-10.367989
-10.409542
-10.450793
-10.491741
-10.532383
-10.572718
-10.612743
-10.652457
-10.691858
-10.730943
-10.769712
-10.808161
-10.846289
-10.884095
-10.921576
-10.958730
-10.995556
-11.032052
-11.068216
-11.104046
-11.139541
-11.174699
-11.209518
-11.243996
-11.278132
-11.311924
-11.345371
-11.378470
-11.411220
-11.443620
-11.475667
-11.507362
-11.538700
-11.569682
-11.600306
-11.630570
-11.660473
-11.690013
-11.719189
-11.748000
-11.776443
-11.804518
-11.832224
-11.859558
-11.886520
-11.913108
-11.939321
-11.965157
-11.990616
-12.015696
-12.040396
-12.064715
-12.088651
-12.112203
-12.135371
-12.158152
-12.180547
-12.202553
-12.224170
-12.245397
-12.266233
-12.286676
-12.306725
-12.326381
-12.345640
-12.364504
-12.382971
-12.401039
-12.418708
-12.435978
-12.452847
-12.469314
-12.485379
-12.501041
-12.516299
-12.531152
-12.545600
-12.559642
-12.573277
-12.586505
-12.599325
-12.611736
-12.623737
-12.635329
-12.646510
-12.657280
-12.667639
-12.677586
-12.687120
-12.696241
-12.704949
-12.713243
-12.721122
-12.728587
-12.735637
-12.742271
-12.748490
-12.754293
-12.759679
-12.764649
-12.769202
-12.773338
-12.777057
-12.780358
-12.783242
-12.785708
-12.787756
-12.789386
-12.790599
-12.791393
-12.791769
-12.791727
-12.791267
-12.790388
-12.789092
-12.787378
-12.785246
-12.782695
-12.779728
-12.776342
-12.772540
-12.768320
-12.763683
-12.758629
-12.753159
-12.747273
-12.740971
-12.734253
-12.727119
-12.719571
-12.711608
-12.703231
-12.694441
-12.685236
-12.675619
-12.665590
-12.655148
-12.644295
-12.633031
-12.621357
-12.609273
-12.596780
-12.583878
-12.570569
-12.556852
-12.542728
-12.528199
-12.513264
-12.497925
-12.482182
-12.466036
-12.449488
-12.432538
-12.415188
-12.397438
-12.379290
-12.360743
-12.341800
-12.322461
-12.302726
-12.282597
-12.262075
-12.241161
-12.219856
-12.198160
-12.176076
-12.153603
-12.130744
-12.107499
-12.083869
-12.059856
-12.035461
-12.010684
-11.985528
-11.959993
-11.934081
-11.907792
-11.881129
-11.854092
-11.826683
-11.798904
-11.770754
-11.742237
-11.713353
-11.684104
-11.654490
-11.624515
-11.594178
-11.563482
-11.532428
-11.501018
-11.469253
-11.437134
-11.404664
-11.371843
-11.338674
-11.305158
-11.271297
-11.237092
-11.202545
-11.167658
-11.132432
-11.096870
-11.060972
-11.024741
-10.988179
-10.951286
-10.914066
-10.876520
-10.838649
-10.800456
-10.761943
-10.723111
-10.683962
-10.644498
-10.604721
-10.564633
-10.524236
-10.483533
-10.442524
-10.401212
-10.359599
-10.317687
-10.275479
-10.232975
-10.190179
-10.147092
-10.103717
-10.060055
-10.016108
-9.971880
-9.927372
-9.882586
-9.837524
-9.792189
-9.746583
-9.700708
-9.654566
-9.608160
-9.561492
-9.514564
-9.467378
-9.419937
-9.372243
-9.324299
-9.276106
-9.227668
-9.178986
-9.130063
-9.080901
-9.031503
-8.981871
-8.932007
-8.881915
-8.831596
-8.781053
-8.730288
-8.679304
-8.628104
-8.576689
-8.525063
-8.473228
-8.421186
-8.368941
-8.316493
-8.263848
-8.211005
-8.157969
-8.104742
-8.051327
-7.997726
-7.943941
-7.889976
-7.835833
-7.781515
-7.727024
-7.672363
-7.617534
-7.562542
-7.507387
-7.452073
-7.396602
-7.340978
-7.285203
-7.229279
-7.173210
-7.116998
-7.060646
-7.004157
-6.947533
-6.890778
-6.833893
-6.776882
-6.719748
-6.662493
-6.605120
-6.547633
-6.490033
-6.432324
-6.374508
-6.316589
-6.258569
-6.200451
-6.142237
-6.083932
-6.025536
-5.967055
-5.908489
-5.849843
-5.791119
-5.732319
-5.673448
-5.614507
-5.555500
-5.496429
-5.437297
-5.378108
-5.318864
-5.259567
-5.200222
-5.140831
-5.081396
-5.021921
-4.962409
-4.902862
-4.843284
-4.783676
-4.724044
-4.664388
-4.604712
-4.545020
-4.485313
-4.425596
-4.365870
-4.306139
-4.246405
-4.186672
-4.126943
-4.067220
-4.007507
-3.947805
-3.888119
-3.828451
-3.768805
-3.709182
-3.649586
-3.590020
-3.530486
-3.470989
-3.411530
-3.352112
-3.292739
-3.233413
-3.174137
-3.114915
-3.055748
-2.996641
-2.937595
-2.878614
-2.819701
-2.760858
-2.702088
-2.643395
-2.584781
-2.526249
-2.467802
-2.409442
-2.351173
-2.292998
-2.234919
-2.176939
-2.119061
-2.061288
-2.003622
-1.946067
-1.888625
-1.831300
-1.774093
-1.717008
-1.660048
-1.603215
-1.546512
-1.489942
-1.433507
-1.377211
-1.321056
-1.265045
-1.209181
-1.153466
-1.097904
-1.042496
-0.987246
-0.932156
-0.877229
-0.822467
-0.767874
-0.713453
-0.659204
-0.605133
-0.551240
-0.497529
-0.444002
-0.390662
-0.337511
-0.284553
-0.231789
-0.179223
-0.126856
-0.074692
-0.022733
0.029018
0.080559
0.131888
0.183002
0.233898
0.284574
0.335027
0.385255
0.435256
0.485026
0.534565
0.583868
0.632934
0.681761
0.730345
0.778685
0.826778
0.874622
0.922214
0.969553
1.016635
1.063459
1.110022
1.156322
1.202357
1.248124
1.293622
1.338847
1.383798
1.428473
1.472869
1.516984
1.560816
1.604363
1.647623
1.690593
1.733272
1.775657
1.817747
1.859538
1.901030
1.942221
1.983107
2.023688
2.063960
2.103923
2.143574
2.182912
2.221934
2.260638
2.299023
2.337087
2.374827
2.412242
2.449331
2.486091
2.522520
2.558617
2.594380
2.629808
2.664897
2.699648
2.734057
2.768124
2.801847
2.835224
2.868253
2.900933
2.933262
2.965239
2.996861
3.028129
3.059039
3.089590
3.119782
3.149612
3.179079
3.208182
3.236919
3.265288
3.293289
3.320920
3.348179
3.375066
3.401579
3.427716
3.453477
3.478860
3.503863
3.528487
3.552728
3.576587
3.600063
3.623153
3.645857
3.668173
3.690101
3.711640
3.732788
3.753545
3.773909
3.793879
3.813455
3.832635
3.851419
3.869806
3.887794
3.905383
3.922572
3.939360
3.955747
3.971731
3.987312
4.002488
4.017260
4.031627
4.045587
4.059140
4.072286
4.085023
4.097352
4.109271
4.120781
4.131879
4.142567
4.152843
4.162706
4.172158
4.181196
4.189820
4.198031
4.205827
4.213208
4.220175
4.226725
4.232860
4.238580
4.243882
4.248768
4.253237
4.257290
4.260924
4.264142
4.266942
4.269324
4.271288
4.272834
4.273963
4.274673
4.274965
4.274839
4.274294
4.273332
4.271952
4.270153
4.267937
4.265303
4.262251
4.258782
4.254895
4.250592
4.245871
4.240734
4.235180
4.229210
4.222824
4.216023
4.208806
4.201174
4.193128
4.184668
4.175794
4.166507
4.156807
4.146694
4.136170
4.125234
4.113888
4.102131
4.089965
4.077390
4.064406
4.051014
4.037215
4.023010
4.008399
3.993383
3.977962
3.962138
3.945912
3.929283
3.912253
3.894822
3.876992
3.858764
3.840137
3.821114
3.801695
3.781881
3.761673
3.741072
3.720079
3.698696
3.676922
3.654759
3.632209
3.609272
3.585950
3.562243
3.538153
3.513681
3.488828
3.463595
3.437984
3.411996
3.385632
3.358894
3.331782
3.304299
3.276445
3.248221
3.219630
3.190672
3.161350
3.131664
3.101615
3.071206
3.040438
3.009312
2.977831
2.945994
2.913805
2.881264
2.848373
2.815134
2.781549
2.747618
2.713344
2.678729
2.643774
2.608480
2.572850
2.536885
2.500588
2.463959
2.427000
2.389714
2.352103
2.314167
2.275910
2.237332
2.198436
2.159223
2.119696
2.079857
2.039707
1.999248
1.958483
1.917413
1.876041
1.834367
1.792396
1.750128
1.707565
1.664710
1.621565
1.578132
1.534413
1.490410
1.446125
1.401561
1.356719
1.311602
1.266213
1.220552
1.174623
1.128428
1.081969
1.035248
0.988268
0.941031
0.893539
0.845795
0.797800
0.749558
0.701070
0.652340
0.603369
0.554159
0.504714
0.455035
0.405125
0.354987
0.304623
0.254035
0.203226
0.152198
0.100955
0.049498
-0.002171
-0.054048
-0.106131
-0.158417
-0.210904
-0.263590
-0.316471
-0.369546
-0.422811
-0.476264
-0.529902
-0.583724
-0.637725
-0.691903
-0.746256
-0.800782
-0.855477
-0.910338
-0.965364
-1.020551
-1.075896
-1.131398
-1.187053
-1.242858
-1.298811
-1.354909
-1.411149
-1.467529
-1.524046
-1.580696
-1.637478
-1.694388
-1.751424
-1.808583
-1.865862
-1.923258
-1.980768
-2.038390
-2.096121
-2.153957
-2.211897
-2.269937
-2.328075
-2.386307
-2.444631
-2.503044
-2.561543
-2.620124
-2.678787
-2.737526
-2.796340
-2.855226
-2.914181
-2.973201
-3.032284
-3.091428
-3.150628
-3.209883
-3.269190
-3.328544
-3.387945
-3.447388
-3.506870
-3.566390
-3.625943
-3.685528
-3.745140
-3.804778
-3.864438
-3.924117
-3.983812
-4.043521
-4.103241
-4.162968
-4.222700
-4.282434
-4.342166
-4.401894
