-4.941831365
-4.931672369
-4.912612902
-4.884526732
-4.859495567
-4.875871086
-4.94460708
-5.015613851
-5.09910033
-5.171279811
-5.239795859
-5.283583336
-5.330707524
-5.388248331
-5.475887133
-5.561049801
-5.637548641
-5.692998934
-5.71918251
-5.70794365
-5.683385068
-5.643265289
-5.595720883
-5.560372478
-5.528055464
-5.502043822
-5.486523632
-5.448309986
-5.385283145
-5.316846375
-5.28880158
-5.275250738
-5.275250738
-5.281454083
-5.315841711
-5.370117863
-5.473473854
-5.591352054
-5.721675237
-5.824795141
-5.885090258
-5.929674284
-5.952490964
-5.963963854
-5.97641389
-6.003447771
-6.031499786
-6.0720394
-6.117828824
-6.189636804
-6.29149382
-6.397671816
-6.516459422
-6.59970634
-6.657225818
-6.714690918
-6.779439476
-6.854923209
-6.917787299
-6.982558443
-7.063168428
-7.128921914
-7.222932738
-7.362805098
-7.507109165
-7.679759237
-7.876488596
-8.05909462
-8.211328881
-8.297207828
-8.322110756
-8.331777163
-8.390274875
-8.458064622
-8.547243678
-8.615852274
-8.636746725
-8.661143567
-8.687863147
-8.712894462
-8.748683148
-8.822495747
-8.90004699
-8.989898767
-9.095427182
-9.172530645
-9.257722261
-9.338437616
-9.383611712
-9.428318207
-9.46505614
-9.490995228
-9.539331001
-9.585240604
-9.620388527
-9.687786361
-9.785246719
-9.837676461
-9.896856391
-9.9839988
-10.0553557
-10.11269234
-10.1740717
-10.21671189
-10.22111238
-10.24620457
-10.27678912
-10.27640963
-10.27462993
-10.33496315
-10.40995086
-10.46925487
-10.52521365
-10.55360499
-10.55666365
-10.54753435
-10.5393519
-10.5379034
-10.53083915
-10.52093436
-10.51856919
-10.50814435
-10.48908847
-10.48374964
-10.45249785
-10.41908056
-10.38849423
-10.37070659
-10.35292469
-10.34972008
-10.34512276
-10.31598758
-10.29356671
-10.26615658
-10.20222315
-10.12912716
-10.05292382
-9.966870984
-9.894663406
-9.817852373
-9.727204344
-9.646839845
-9.595039347
-9.520605179
-9.4241946
-9.325156321
-9.203264401
-9.044002811
-8.901905418
-8.766346538
-8.657682507
-8.550080706
-8.437226281
-8.301213359
-8.156621977
-7.979245069
-7.781177539
-7.561580784
-7.298241506
-7.027140705
-6.757631144
-6.533912302
-6.337583092
-6.197333895
-6.077629067
-5.991172709
-5.914969566
-5.841315647
-5.732079251
-5.553313823
-5.321291037
-5.048539163
-4.724948262
-4.36529195
-3.987408603
-3.633450982
-3.315239719
-3.014367078
-2.772556466
-2.576362918
-2.414090693
-2.30111355
-2.233394057
-2.126060199
-2.000478936
-1.862428731
-1.658141198
-1.362777268
-1.017069741
-0.636730917
-0.242129543
0.121676848
0.410511833
0.637103243
0.823037695
0.990818746
1.113595558
1.238445412
1.363954345
1.487235112
1.589764395
1.703076201
1.857580675
2.020932137
2.183168108
2.341378581
2.48838434
2.589448986
2.677437377
2.763954398
2.858346466
2.963748098
3.056190879
3.134379757
3.205234502
3.240155028
3.231621542
3.230491263
3.282481726
3.357142224
3.43451945
3.513262378
3.584718284
3.654229817
3.733960275
3.78267592
3.829947257
3.883434846
3.92049465
3.959990044
4.021038336
4.057057626
4.050748487
3.999815944
3.972017131
3.982193624
4.010383346
4.069942435
4.075781169
4.003885257
3.870418315
3.7298324
3.546422059
3.382378233
3.284427865
3.244725894
3.238632701
3.230298622
3.218410589
3.184658552
3.092551002
2.953604286
2.78886044
2.610720211
2.426609806
2.260027559
2.112370379
1.988775611
1.908213594
1.859958957
1.780870843
1.678361911
1.586029735
1.497970697
1.417361547
1.341486046
1.281012578
1.218918751
1.135747664
1.020035728
0.858723958
0.651217605
0.441837587
0.205624758
-0.006887799
-0.188690282
-0.338910371
-0.462611296
-0.601037141
-0.743858418
-0.92641822
-1.164303543
-1.450675146
-1.749489023
-2.100636764
-2.494539258
-2.876356064
-3.24043325
-3.568187194
-3.824213001
-3.976354737
-4.06571617
-4.1427784
-4.292115102
-4.509714606
-4.772007177
-5.003478902
-5.219558404
-5.450312016
-5.650215893
-5.847290193
-6.004184053
-6.112400149
-6.21664944
-6.30961205
-6.401673657
-6.499461008
-6.556366453
-6.542707546
-6.39920372
-6.098745892
-5.62248264
-5.023099302
-4.381755397
-12.5821316
