2.5622
2.4703
2.3620
2.2695
2.1887
2.1246
2.0952
2.1133
2.1826
2.2800
2.3670
2.4383
2.4927
2.5508
2.5896
2.6232
2.6424
2.6422
2.6419
2.6360
2.6085
2.5381
2.4542
2.3460
2.2341
2.1450
2.0558
1.9586
1.8213
1.6495
1.4535
1.2799
1.1738
1.1482
1.1784
1.2531
1.3471
1.4473
1.5410
1.6183
1.6660
1.6977
1.7283
1.7774
1.8166
1.8390
1.8474
1.8619
1.9134
1.9660
2.0077
2.0427
2.0632
2.0772
2.0540
2.0275
1.9904
1.9693
1.9656
1.9392
1.9036
1.8541
1.7858
1.6848
1.5421
1.3884
1.2611
1.1665
1.0907
1.0422
1.0280
1.0468
1.0902
1.1457
1.2024
1.2615
1.2917
1.3038
1.3231
1.3521
1.3775
1.4136
1.4496
1.4818
1.4992
1.5057
1.5039
1.4854
1.4453
1.4090
1.3917
1.3903
1.3720
1.3377
1.2931
1.2250
1.1594
1.0948
1.0422
1.0140
1.0066
1.0228
1.0320
1.0428
1.0303
1.0151
1.0009
0.9863
0.9654
0.9413
0.9255
0.9228
0.9168
0.8968
0.8747
0.8271
0.7929
0.7586
0.7414
0.7194
0.6996
0.6604
0.6137
0.5658
0.5215
0.4687
0.3913
0.2918
0.1739
0.0436
-0.1040
-0.2751
-0.4450
-0.6224
-0.7926
-0.9308
-1.0654
-1.1667
-1.2493
-1.2790
-1.3012
-1.3197
-1.3737
-1.4513
-1.5821
-1.7562
-1.9741
-2.2305
-2.5009
-2.7605
-2.9544
-3.0790
-3.1477
-3.1881
-3.2218
-3.2466
-3.2832
-3.3344
-3.4053
-3.5217
-3.6846
-3.8981
-4.1186
-4.3392
-4.5097
-4.6351
-4.7030
-4.7413
-4.7642
-4.7938
-4.8321
-4.9000
-4.9819
-5.1038
-5.2660
-5.4089
-5.5363
-5.6340
-5.6689
-5.6847
-5.7023
-5.7198
-5.7527
-5.8138
-5.9134
-6.0654
-6.2331
-6.3834
-6.5022
-6.6089
-6.7015
-6.7592
-6.7907
-6.8397
-6.9062
-6.9938
-7.1182
-7.2567
-7.4005
-7.5357
-7.6693
-7.7801
-7.8452
-7.8998
-7.9367
-7.9682
-8.0085
-8.0647
-8.1455
-8.2334
-8.3301
-8.4090
-8.5055
-8.6108
-8.7305
-8.8679
-9.0018
-9.1271
-9.2436
-9.3352
-9.4142
-9.5000
-9.5912
-9.7123
-9.8643
-10.0339
-10.2238
-10.4415
-10.6780
-10.9014
-11.0824
-11.2091
-11.2800
-11.3367
-11.3973
-11.4499
-11.4869
-11.5272
-11.5708
-11.6287
-11.6744
-11.7213
-11.7716
-11.8285
-11.9086
-11.9820
-12.0587
-12.1186
-12.1751
-12.2050
-12.2129
-12.2241
-12.2420
-12.2619
-12.2984
-12.3183
-12.3207
-12.3265
-12.3214
-12.3185
-12.3188
-12.3192
-12.3249
-12.3328
-12.3493
-12.3550
-12.3682
-12.3640
-12.3490
-12.3394
-12.3364
-12.3389
-12.3284
-12.3300
-12.3195
-12.3450
-12.3714
-12.3912
-12.4023
-12.3828
-12.3579
-12.3276
-12.2961
-12.2832
-12.2648
-12.2357
-12.2099
-12.2006
-12.1793
-12.1471
-12.1084
-12.0503
-11.9811
-11.8947
-11.7781
-11.6777
-11.5902
-11.5222
-11.4834
-11.4553
-11.4384
-11.4235
-11.3860
-11.3349
-11.2634
-11.1931
-11.1316
-11.0735
-11.0254
-10.9793
-10.9332
-10.8865
-10.8616
-10.8625
-10.8384
-10.7854
-10.7160
-10.6363
-10.5329
-10.4501
-10.3745
-10.3074
-10.2575
-10.1905
-10.1168
-10.0190
-9.9008
-9.7518
-9.5976
-9.4605
-9.3287
-9.2172
-9.1214
-9.0682
-9.0543
-9.0523
-9.0489
-9.0437
-9.0129
-8.9565
-8.8865
-8.7962
-8.6785
-8.5353
-8.3888
-8.2321
-8.0772
-7.9309
-7.8017
-7.6878
-7.5893
-7.5112
-7.4365
-7.3804
-7.3278
-7.2752
-7.1971
-7.1107
-6.9820
-6.8650
-6.7396
-6.6027
-6.4625
-6.3476
-6.2378
-6.1230
-6.0216
-5.9154
-5.8108
-5.7030
-5.5935
-5.5126
-5.4215
-5.3442
-5.2566
-5.1489
-5.0346
-4.9220
-4.8128
-4.6968
-4.5928
-4.4958
-4.3886
-4.2947
-4.2195
-4.1541
-4.0891
-4.0522
-4.0236
-3.9902
-3.9401
-3.8733
-3.7745
-3.6542
-3.5103
-3.3616
-3.2097
-3.0827
-2.9758
-2.8904
-2.8085
-2.7420
-2.6684
-2.6043
-2.5305
-2.4400
-2.3364
-2.2188
-2.1077
-1.9898
-1.8768
-1.7652
-1.6422
-1.5078
-1.3744
-1.2466
-1.1269
-1.0209
-0.9349
-0.8735
-0.8167
-0.7762
-0.7522
-0.7438
-0.7202
-0.6776
-0.6207
-0.5522
-0.4766
-0.3962
-0.3016
-0.1916
-0.0756
0.0584
0.1877
0.3016
0.3977
0.4832
0.5272
0.5664
0.6056
0.6461
0.6854
0.7353
0.8137
0.8875
0.9543
1.0174
1.0615
1.1081
1.1727
1.2394
1.3241
1.3900
1.4511
1.5050
1.5480
1.6057
1.6743
1.7463
1.8146
1.8906
1.9702
2.0388
2.1075
2.1618
2.2124
2.2413
2.2693
2.3022
2.3430
2.4042
2.4868
2.6026
2.7084
2.7588
2.7560
2.6973
2.6146
2.5170
2.4486
2.4086
2.3941
2.4049
2.4148
2.4161
2.3921
2.3228
2.2214
2.0944
1.9832
1.9098
1.8813
1.8989
1.9241
1.9421
1.9379
1.9251
1.9066
1.9091
1.9076
1.9148
1.9184
1.9221
1.9219
11.3282
