-3.543300
-3.545627
-3.552605
-3.564233
-3.580507
-3.601419
-3.626962
-3.657127
-3.691901
-3.731272
-3.775224
-3.823742
-3.876805
-3.934395
-3.996490
-4.063065
-4.134095
-4.209554
-4.289413
-4.373641
-4.462207
-4.555076
-4.652213
-4.753582
-4.859144
-4.968858
-5.082684
-5.200577
-5.322493
-5.448385
-5.578207
-5.711907
-5.849437
-5.990742
-6.135770
-6.284465
-6.436771
-6.592629
-6.751982
-6.914767
-7.080923
-7.250388
-7.423095
-7.598981
-7.777978
-7.960017
-8.145030
-8.332947
-8.523695
-8.717203
-8.913396
-9.112201
-9.313541
-9.517340
-9.723521
-9.932004
-10.142712
-10.355563
-10.570477
-10.787373
-11.006166
-11.226775
-11.449116
-11.673104
-11.898653
-12.125679
-12.354094
-12.583812
-12.814746
-13.046807
-13.279908
-13.513959
-13.748873
-13.984559
-14.220928
-14.457890
-14.695355
-14.933232
-15.171432
-15.409863
-15.648435
-15.887058
-16.125640
-16.364090
-16.602319
-16.840236
-17.077749
-17.314769
-17.551206
-17.786970
-18.021970
-18.256119
-18.489326
-18.721503
-18.952562
-19.182415
-19.410974
-19.638153
-19.863865
-20.088024
-20.310545
-20.531344
-20.750337
-20.967440
-21.182570
-21.395647
-21.606588
-21.815315
-22.021746
-22.225805
-22.427412
-22.626493
-22.822970
-23.016769
-23.207817
-23.396041
-23.581369
-23.763731
-23.943058
-24.119280
-24.292332
-24.462148
-24.628662
-24.791812
-24.951536
-25.107773
-25.260462
-25.409548
-25.554972
-25.696679
-25.834616
-25.968730
-26.098970
-26.225287
-26.347632
-26.465959
-26.580223
-26.690380
-26.796390
-26.898210
-26.995804
-27.089133
-27.178162
-27.262857
-27.343186
-27.419118
-27.490625
-27.557680
-27.620256
-27.678331
-27.731881
-27.780887
-27.825330
-27.865194
-27.900462
-27.931122
-27.957161
-27.978571
-27.995343
-28.007470
-28.014947
-28.017773
-28.015946
-28.009466
-27.998337
-27.982562
-27.962147
-27.937100
-27.907431
-27.873151
-27.834273
-27.790811
-27.742783
-27.690206
-27.633101
-27.571489
-27.505393
-27.434840
-27.359855
-27.280467
-27.196706
-27.108605
-27.016196
-26.919515
-26.818598
-26.713484
-26.604214
-26.490827
-26.373369
-26.251882
-26.126414
-25.997012
-25.863725
-25.726604
-25.585702
-25.441071
-25.292767
-25.140845
-24.985365
-24.826385
-24.663965
-24.498167
-24.329055
-24.156692
-23.981144
-23.802478
-23.620762
-23.436065
-23.248456
-23.058009
-22.864794
-22.668885
-22.470357
-22.269285
-22.065746
-21.859817
-21.651577
-21.441104
-21.228479
-21.013783
-20.797096
-20.578502
-20.358084
-20.135925
-19.912110
-19.686724
-19.459853
-19.231583
-19.002000
-18.771193
-18.539248
-18.306255
-18.072301
-17.837476
-17.601868
-17.365568
-17.128666
-16.891250
-16.653413
-16.415244
-16.176833
-15.938271
-15.699650
-15.461059
-15.222590
-14.984333
-14.746379
-14.508818
-14.271740
-14.035237
-13.799396
-13.564310
-13.330065
-13.096753
-12.864461
-12.633278
-12.403292
-12.174590
-11.947259
-11.721385
-11.497055
-11.274354
-11.053366
-10.834175
-10.616866
-10.401519
-10.188219
-9.977044
-9.768076
-9.561395
-9.357078
-9.155204
-8.955848
-8.759088
-8.564998
-8.373651
-8.185121
-7.999479
-7.816795
-7.637140
-7.460580
-7.287185
-7.117019
-6.950147
-6.786633
-6.626539
-6.469925
-6.316852
-6.167377
-6.021557
-5.879449
-5.741105
-5.606578
-5.475920
-5.349180
-5.226406
-5.107646
-4.992944
-4.882343
-4.775887
-4.673615
-4.575566
-4.481778
-4.392286
-4.307124
-4.226325
-4.149919
-4.077936
-4.010402
-3.947344
-3.888785
-3.834748
-3.785254
-3.740320
-3.699964
-3.664202
-3.633047
-3.606511
