-9.108400
-9.111606
-9.121222
-9.137237
-9.159637
-9.188400
-9.223497
-9.264894
-9.312552
-9.366423
-9.426456
-9.492592
-9.564766
-9.642908
-9.726942
-9.816787
-9.912355
-10.013553
-10.120282
-10.232439
-10.349914
-10.472593
-10.600356
-10.733080
-10.870635
-11.012887
-11.159698
-11.310925
-11.466420
-11.626032
-11.789607
-11.956984
-12.128000
-12.302490
-12.480284
-12.661208
-12.845086
-13.031739
-13.220987
-13.412643
-13.606522
-13.802436
-14.000193
-14.199601
-14.400466
-14.602592
-14.805783
-15.009841
-15.214567
-15.419762
-15.625226
-15.830759
-16.036162
-16.241233
-16.445775
-16.649587
-16.852471
-17.054229
-17.254666
-17.453587
-17.650797
-17.846104
-18.039319
-18.230253
-18.418721
-18.604539
-18.787527
-18.967505
-19.144300
-19.317738
-19.487652
-19.653875
-19.816246
-19.974607
-20.128804
-20.278686
-20.424108
-20.564929
-20.701010
-20.832220
-20.958431
-21.079520
-21.195369
-21.305866
-21.410903
-21.510377
-21.604192
-21.692257
-21.774486
-21.850798
-21.921120
-21.985383
-22.043524
-22.095488
-22.141222
-22.180684
-22.213833
-22.240639
-22.261075
-22.275122
-22.282764
-22.283996
-22.278816
-22.267228
-22.249245
-22.224883
-22.194166
-22.157125
-22.113796
-22.064219
-22.008445
-21.946526
-21.878524
-21.804505
-21.724540
-21.638707
-21.547090
-21.449779
-21.346867
-21.238455
-21.124649
-21.005559
-20.881302
-20.751997
-20.617772
-20.478756
-20.335085
-20.186899
-20.034342
-19.877563
-19.716714
-19.551951
-19.383436
-19.211332
-19.035806
-18.857030
-18.675178
-18.490426
-18.302954
-18.112945
-17.920584
-17.726058
-17.529557
-17.331271
-17.131393
-16.930119
-16.727644
-16.524165
-16.319880
-16.114989
-15.909690
-15.704183
-15.498669
-15.293347
-15.088417
-14.884079
-14.680532
-14.477973
-14.276601
-14.076610
-13.878196
-13.681551
-13.486868
-13.294335
-13.104141
-12.916469
-12.731504
-12.549424
-12.370407
-12.194628
-12.022257
-11.853462
-11.688408
-11.527255
-11.370160
-11.217276
-11.068752
-10.924732
-10.785357
-10.650762
-10.521078
-10.396431
-10.276943
-10.162730
-10.053903
-9.950569
-9.852827
-9.760773
-9.674497
-9.594082
-9.519606
-9.451143
-9.388759
-9.332514
-9.282464
-9.238656
-9.201135
-9.169935
-9.145088
-9.126618
-9.114542
-9.108873
-9.109616
-9.116770
-9.130329
-9.150278
-9.176600
-9.209267
-9.248249
-9.293507
-9.344997
-9.402670
-9.466468
-9.536330
-9.612189
-9.693969
-9.781592
-9.874972
-9.974018
-10.078635
