-7.148635
-7.291504
-7.434366
-7.577211
-7.720032
-7.862821
-8.005570
-8.148271
-8.290916
-8.433496
-8.576004
-8.718431
-8.860771
-9.003014
-9.145153
-9.287179
-9.429085
-9.570863
-9.712505
-9.854002
-9.995348
-10.136533
-10.277550
-10.418391
-10.559048
-10.699513
-10.839779
-10.979837
-11.119679
-11.259299
-11.398686
-11.537835
-11.676737
-11.815384
-11.953769
-12.091883
-12.229720
-12.367270
-12.504527
-12.641483
-12.778130
-12.914460
-13.050466
-13.186139
-13.321474
-13.456461
-13.591093
-13.725362
-13.859262
-13.992785
-14.125922
-14.258667
-14.391012
-14.522949
-14.654472
-14.785573
-14.916244
-15.046478
-15.176268
-15.305606
-15.434485
-15.562899
-15.690839
-15.818298
-15.945270
-16.071747
-16.197723
-16.323189
-16.448139
-16.572566
-16.696463
-16.819823
-16.942639
-17.064903
-17.186611
-17.307753
-17.428324
-17.548317
-17.667725
-17.786541
-17.904759
-18.022372
-18.139373
-18.255756
-18.371514
-18.486640
-18.601130
-18.714974
-18.828169
-18.940706
-19.052580
-19.163784
-19.274313
-19.384159
-19.493318
-19.601781
-19.709545
-19.816602
-19.922946
-20.028572
-20.133473
-20.237644
-20.341078
-20.443771
-20.545715
-20.646906
-20.747338
-20.847005
-20.945901
-21.044022
-21.141360
-21.237912
-21.333671
-21.428632
-21.522790
-21.616139
-21.708675
-21.800391
-21.891283
-21.981347
-22.070575
-22.158965
-22.246510
-22.333206
-22.419047
-22.504030
-22.588149
-22.671400
-22.753777
-22.835277
-22.915894
-22.995624
-23.074463
-23.152406
-23.229449
-23.305588
-23.380817
-23.455134
-23.528533
-23.601011
-23.672563
-23.743186
-23.812876
-23.881628
-23.949439
-24.016305
-24.082222
-24.147187
-24.211195
-24.274244
-24.336329
-24.397448
-24.457596
-24.516771
-24.574968
-24.632186
-24.688420
-24.743667
-24.797925
-24.851190
-24.903459
-24.954730
-25.004999
-25.054263
-25.102521
-25.149768
-25.196003
-25.241223
-25.285425
-25.328606
-25.370766
-25.411900
-25.452007
-25.491084
-25.529130
-25.566141
-25.602117
-25.637055
-25.670952
-25.703808
-25.735620
-25.766387
-25.796106
-25.824777
-25.852397
-25.878965
-25.904479
-25.928938
-25.952341
-25.974686
-25.995972
-26.016198
-26.035363
-26.053466
-26.070505
-26.086479
-26.101389
-26.115232
-26.128008
-26.139717
-26.150358
-26.159930
-26.168432
-26.175864
-26.182227
-26.187518
-26.191739
-26.194888
-26.196967
-26.197973
-26.197909
-26.196772
-26.194564
-26.191285
-26.186935
-26.181514
-26.175022
-26.167460
-26.158828
-26.149127
-26.138357
-26.126519
-26.113614
-26.099641
-26.084603
-26.068500
-26.051332
-26.033101
-26.013808
-25.993453
-25.972039
-25.949566
-25.926035
-25.901448
-25.875806
-25.849111
-25.821364
-25.792567
-25.762720
-25.731827
-25.699889
-25.666907
-25.632883
-25.597820
-25.561719
-25.524582
-25.486411
-25.447209
-25.406978
-25.365720
-25.323437
-25.280131
-25.235806
-25.190463
-25.144106
-25.096736
-25.048357
-24.998971
-24.948580
-24.897189
-24.844799
-24.791414
-24.737036
-24.681669
-24.625316
-24.567980
-24.509664
-24.450371
-24.390105
-24.328869
-24.266667
-24.203502
-24.139378
-24.074298
-24.008266
-23.941285
-23.873360
-23.804495
-23.734692
-23.663956
-23.592292
-23.519702
-23.446192
-23.371764
-23.296425
-23.220177
-23.143025
-23.064973
-22.986026
-22.906188
-22.825464
-22.743858
-22.661374
-22.578019
-22.493795
-22.408708
-22.322763
-22.235964
-22.148316
-22.059825
-21.970495
-21.880331
-21.789339
-21.697523
-21.604889
-21.511441
-21.417186
-21.322128
-21.226273
-21.129626
-21.032192
-20.933978
-20.834988
-20.735229
-20.634705
-20.533422
-20.431387
-20.328604
-20.225080
-20.120821
-20.015831
-19.910119
-19.803688
-19.696545
-19.588697
-19.480149
-19.370907
-19.260977
-19.150367
-19.039081
-18.927126
-18.814509
-18.701236
-18.587313
-18.472746
-18.357543
-18.241709
-18.125251
-18.008175
-17.890489
-17.772198
-17.653310
-17.533831
-17.413768
-17.293128
-17.171916
-17.050141
-16.927809
-16.804927
-16.681502
-16.557541
-16.433050
-16.308037
-16.182509
-16.056473
-15.929936
-15.802904
-15.675386
-15.547388
-15.418918
-15.289983
-15.160590
-15.030746
-14.900458
-14.769735
-14.638583
-14.507010
-14.375022
-14.242629
-14.109836
-13.976652
-13.843083
-13.709138
-13.574824
-13.440149
-13.305119
-13.169744
-13.034029
-12.897984
-12.761615
-12.624930
-12.487938
-12.350645
-12.213059
-12.075189
-11.937041
-11.798625
-11.659946
-11.521014
-11.381836
-11.242420
-11.102773
-10.962904
-10.822821
-10.682531
-10.542042
-10.401362
-10.260499
-10.119461
-9.978256
-9.836892
-9.695377
-9.553718
-9.411924
-9.270003
-9.127963
-8.985811
-8.843556
-8.701205
-8.558767
-8.416250
-8.273662
-8.131010
-7.988303
-7.845549
-7.702755
-7.559931
-7.417083
-7.274220
-7.131350
-6.988481
-6.845621
-6.702778
-6.559961
-6.417176
-6.274432
-6.131738
-5.989101
-5.846529
-5.704030
-5.561613
-5.419285
-5.277054
-5.134928
-4.992916
-4.851025
-4.709263
-4.567638
-4.426159
-4.284832
-4.143667
-4.002671
-3.861852
-3.721217
-3.580776
-3.440535
-3.300503
-3.160687
-3.021095
-2.881736
-2.742617
-2.603745
-2.465129
-2.326777
-2.188696
-2.050893
-1.913378
-1.776157
-1.639238
-1.502629
-1.366338
-1.230372
-1.094739
-0.959446
-0.824502
-0.689913
-0.555688
-0.421833
-0.288357
-0.155267
-0.022570
0.109726
0.241614
0.373086
0.504135
0.634754
0.764934
0.894670
1.023953
1.152776
1.281133
1.409015
1.536416
1.663329
1.789745
1.915659
2.041063
2.165951
2.290314
2.414146
2.537441
2.660190
2.782388
2.904027
3.025101
3.145602
3.265525
3.384861
3.503606
3.621751
3.739290
3.856216
3.972524
4.088206
4.203256
4.317668
4.431434
4.544549
4.657007
4.768800
4.879923
4.990369
5.100133
5.209207
5.317587
5.425265
5.532236
5.638493
5.744032
5.848845
5.952927
6.056272
6.158874
6.260728
6.361828
6.462167
6.561741
6.660544
6.758570
6.855814
6.952270
7.047932
7.142796
7.236857
7.330108
7.422545
7.514162
7.604954
7.694917
7.784044
7.872332
7.959774
8.046367
8.132105
8.216984
8.300998
8.384143
8.466414
8.547807
8.628318
8.707940
8.786671
8.864506
8.941439
9.017468
9.092587
9.166793
9.240081
9.312447
9.383887
9.454398
9.523974
9.592612
9.660309
9.727061
9.792863
9.857712
9.921604
9.984537
10.046505
10.107507
10.167537
10.226594
10.284673
10.341772
10.397887
10.453015
10.507153
10.560297
10.612446
10.663595
10.713743
10.762886
10.811021
10.858146
10.904258
10.949355
10.993434
11.036492
11.078527
11.119537
11.159520
11.198472
11.236393
11.273279
11.309130
11.343942
11.377713
11.410443
11.442129
11.472769
11.502361
11.530905
11.558398
11.584838
11.610225
11.634556
11.657831
11.680048
11.701206
11.721304
11.740340
11.758314
11.775224
11.791070
11.805851
11.819565
11.832212
11.843792
11.854303
11.863746
11.872119
11.879422
11.885654
11.890817
11.894908
11.897928
11.899876
11.900753
11.900559
11.899293
11.896955
11.893547
11.889067
11.883516
11.876895
11.869203
11.860442
11.850612
11.839713
11.827745
11.814711
11.800609
11.785442
11.769210
11.751914
11.733554
11.714132
11.693650
11.672107
11.649506
11.625847
11.601133
11.575363
11.548541
11.520667
11.491742
11.461769
11.430750
11.398685
11.365577
11.331427
11.296238
11.260012
11.222750
11.184454
11.145127
11.104772
11.063389
11.020983
10.977554
10.933105
10.887640
10.841160
10.793667
10.745166
10.695658
10.645147
10.593634
10.541124
10.487619
10.433121
10.377635
10.321162
10.263707
10.205273
10.145862
10.085479
10.024126
9.961807
9.898526
9.834286
9.769091
9.702944
9.635849
9.567810
9.498830
9.428914
9.358066
9.286290
9.213588
9.139967
9.065429
8.989979
8.913621
8.836360
8.758200
8.679145
8.599200
8.518369
8.436656
8.354067
8.270606
8.186277
8.101086
8.015038
7.928136
7.840386
7.751793
7.662362
7.572098
7.481006
7.389090
7.296357
7.202812
7.108459
7.013305
6.917353
6.820611
6.723083
6.624774
6.525691
6.425838
6.325222
6.223848
6.121722
6.018850
5.915237
5.810888
5.705811
5.600011
5.493494
5.386266
5.278332
5.169700
5.060375
4.950363
4.839670
4.728303
4.616268
4.503571
4.390219
4.276217
4.161573
4.046293
3.930383
3.813850
3.696701
3.578941
3.460578
3.341618
3.222068
3.101934
2.981224
2.859945
2.738102
2.615703
2.492755
2.369265
2.245239
2.120684
1.995609
1.870019
1.743922
1.617324
1.490234
1.362657
1.234602
1.106075
0.977084
0.847636
0.717738
0.587397
0.456622
0.325418
0.193794
0.061758
-0.070685
-0.203525
-0.336757
-0.470371
-0.604361
-0.738719
-0.873438
-1.008510
-1.143927
-1.279681
-1.415766
-1.552174
-1.688896
-1.825925
-1.963254
-2.100874
-2.238779
-2.376959
-2.515408
-2.654118
-2.793080
-2.932287
-3.071732
-3.211406
-3.351301
-3.491410
-3.631725
-3.772237
-3.912940
-4.053824
-4.194882
-4.336107
-4.477490
-4.619023
-4.760698
-4.902508
-5.044444
-5.186498
-5.328663
-5.470930
-5.613292
-5.755740
-5.898266
-6.040862
-6.183521
-6.326234
-6.468994
-6.611791
-6.754619
-6.897469
-7.040333
-7.183204
-7.326072
-7.468930
-7.611770
-7.754585
-7.897365
-8.040103
-8.182791
-8.325420
-8.467984
-8.610473
-8.752880
-8.895197
-9.037416
-9.179528
-9.321526
-9.463402
-9.605148
-9.746755
-9.888216
-10.029524
-10.170669
-10.311644
-10.452441
-10.593053
-10.733471
-10.873687
-11.013693
-11.153482
-11.293046
-11.432377
-11.571467
-11.710308
-11.848892
-11.987212
-12.125260
-12.263028
-12.400508
-12.537693
-12.674575
-12.811145
-12.947398
-13.083324
-13.218916
-13.354167
-13.489069
-13.623614
-13.757795
-13.891604
-14.025034
-14.158077
-14.290726
-14.422973
-14.554811
-14.686232
-14.817230
-14.947795
-15.077923
-15.207604
-15.336832
-15.465599
-15.593899
-15.721723
-15.849065
-15.975918
-16.102275
-16.228127
-16.353469
