-7.791334
-7.842507
-7.893680
-7.944853
-7.996024
-8.047193
-8.098361
-8.149526
-8.200689
-8.251849
-8.303006
-8.354158
-8.405307
-8.456451
-8.507591
-8.558725
-8.609853
-8.660976
-8.712092
-8.763202
-8.814304
-8.865399
-8.916486
-8.967565
-9.018635
-9.069697
-9.120749
-9.171791
-9.222824
-9.273846
-9.324857
-9.375857
-9.426845
-9.477822
-9.528786
-9.579737
-9.630676
-9.681601
-9.732512
-9.783409
-9.834292
-9.885159
-9.936012
-9.986849
-10.037669
-10.088474
-10.139262
-10.190032
-10.240785
-10.291520
-10.342237
-10.392936
-10.443615
-10.494275
-10.544916
-10.595536
-10.646136
-10.696715
-10.747273
-10.797809
-10.848324
-10.898816
-10.949285
-10.999732
-11.050155
-11.100554
-11.150929
-11.201280
-11.251606
-11.301906
-11.352181
-11.402430
-11.452653
-11.502849
-11.553018
-11.603160
-11.653273
-11.703359
-11.753416
-11.803444
-11.853443
-11.903413
-11.953352
-12.003261
-12.053140
-12.102987
-12.152803
-12.202587
-12.252339
-12.302058
-12.351744
-12.401398
-12.451017
-12.500603
-12.550154
-12.599671
-12.649152
-12.698599
-12.748009
-12.797383
-12.846721
-12.896022
-12.945286
-12.994512
-13.043700
-13.092850
-13.141961
-13.191033
-13.240066
-13.289059
-13.338012
-13.386925
-13.435797
-13.484628
-13.533417
-13.582164
-13.630869
-13.679532
-13.728152
-13.776728
-13.825261
-13.873749
-13.922194
-13.970594
-14.018948
-14.067257
-14.115521
-14.163738
-14.211909
-14.260033
-14.308110
-14.356140
-14.404122
-14.452055
-14.499940
-14.547776
-14.595562
-14.643300
-14.690987
-14.738623
-14.786210
-14.833745
-14.881229
-14.928661
-14.976041
-15.023369
-15.070644
-15.117866
-15.165034
-15.212149
-15.259210
-15.306216
-15.353168
-15.400064
-15.446905
-15.493690
-15.540419
-15.587092
-15.633707
-15.680266
-15.726767
-15.773210
-15.819595
-15.865921
-15.912189
-15.958397
-16.004546
-16.050635
-16.096663
-16.142631
-16.188539
-16.234385
-16.280169
-16.325892
-16.371552
-16.417150
-16.462685
-16.508157
-16.553565
-16.598909
-16.644189
-16.689405
-16.734556
-16.779641
-16.824661
-16.869615
-16.914503
-16.959325
-17.004079
-17.048767
-17.093387
-17.137939
-17.182423
-17.226839
-17.271185
-17.315463
-17.359671
-17.403810
-17.447878
-17.491876
-17.535804
-17.579660
-17.623445
-17.667158
-17.710799
-17.754368
-17.797864
-17.841288
-17.884638
-17.927914
-17.971117
-18.014245
-18.057299
-18.100278
-18.143182
-18.186011
-18.228763
-18.271440
-18.314040
-18.356563
-18.399010
-18.441379
-18.483670
-18.525884
-18.568019
-18.610076
-18.652054
-18.693952
-18.735771
-18.777511
-18.819170
-18.860749
-18.902247
-18.943664
-18.985000
-19.026255
-19.067427
-19.108517
-19.149525
-19.190450
-19.231292
-19.272050
-19.312725
-19.353315
-19.393822
-19.434244
-19.474581
-19.514832
-19.554999
-19.595079
-19.635074
-19.674982
-19.714804
-19.754538
-19.794186
-19.833745
-19.873218
-19.912602
-19.951897
-19.991104
-20.030222
-20.069251
-20.108191
-20.147040
-20.185800
-20.224469
-20.263047
-20.301535
-20.339931
-20.378236
-20.416450
-20.454571
-20.492599
-20.530536
-20.568379
-20.606129
-20.643786
-20.681349
-20.718818
-20.756193
-20.793473
-20.830659
-20.867750
-20.904745
-20.941644
-20.978448
-21.015156
-21.051767
-21.088281
-21.124699
-21.161019
-21.197242
-21.233368
-21.269395
-21.305324
-21.341154
-21.376886
-21.412518
-21.448052
-21.483485
-21.518819
-21.554053
-21.589187
-21.624220
-21.659152
-21.693983
-21.728713
-21.763341
-21.797867
-21.832291
-21.866613
-21.900832
-21.934948
-21.968961
-22.002871
-22.036677
-22.070380
-22.103978
-22.137472
-22.170861
-22.204146
-22.237325
-22.270399
-22.303368
-22.336231
-22.368988
-22.401638
-22.434182
-22.466619
-22.498949
-22.531173
-22.563288
-22.595296
-22.627196
-22.658988
-22.690671
-22.722246
-22.753712
-22.785069
-22.816317
-22.847455
-22.878483
-22.909401
-22.940209
-22.970907
-23.001494
-23.031970
-23.062335
-23.092589
-23.122731
-23.152761
-23.182680
-23.212486
-23.242180
-23.271761
-23.301229
-23.330584
-23.359826
-23.388955
-23.417970
-23.446870
-23.475657
-23.504329
-23.532887
-23.561330
-23.589658
-23.617871
-23.645969
-23.673951
-23.701817
-23.729567
-23.757201
-23.784719
-23.812120
-23.839404
-23.866571
-23.893621
-23.920554
-23.947369
-23.974066
-24.000646
-24.027107
-24.053450
-24.079674
-24.105780
-24.131766
-24.157634
-24.183382
-24.209010
-24.234519
-24.259908
-24.285177
-24.310326
-24.335355
-24.360262
-24.385049
-24.409715
-24.434260
-24.458684
-24.482986
-24.507166
-24.531225
-24.555161
-24.578975
-24.602667
-24.626237
-24.649683
-24.673007
-24.696208
-24.719285
-24.742239
-24.765069
-24.787776
-24.810359
-24.832818
-24.855152
-24.877362
-24.899448
-24.921408
-24.943244
-24.964955
-24.986541
-25.008001
-25.029336
-25.050545
-25.071629
-25.092586
-25.113417
-25.134122
-25.154701
-25.175153
-25.195478
-25.215676
-25.235748
-25.255692
-25.275509
-25.295198
-25.314760
-25.334194
-25.353500
-25.372678
-25.391728
-25.410650
-25.429443
-25.448108
-25.466643
-25.485050
-25.503329
-25.521477
-25.539497
-25.557387
-25.575148
-25.592779
-25.610281
-25.627652
-25.644894
-25.662005
-25.678986
-25.695837
-25.712557
-25.729146
-25.745605
-25.761933
-25.778130
-25.794195
-25.810130
-25.825933
-25.841604
-25.857144
-25.872553
-25.887829
-25.902974
-25.917986
-25.932867
-25.947615
-25.962231
-25.976714
-25.991065
-26.005283
-26.019368
-26.033320
-26.047140
-26.060826
-26.074379
-26.087799
-26.101086
-26.114239
-26.127258
-26.140144
-26.152896
-26.165514
-26.177998
-26.190348
-26.202565
-26.214646
-26.226594
-26.238407
-26.250086
-26.261630
-26.273039
-26.284314
-26.295454
-26.306459
-26.317329
-26.328064
-26.338664
-26.349128
-26.359458
-26.369651
-26.379710
-26.389633
-26.399421
-26.409072
-26.418588
-26.427969
-26.437213
-26.446322
-26.455294
-26.464130
-26.472831
-26.481395
-26.489823
-26.498114
-26.506270
-26.514288
-26.522171
-26.529916
-26.537525
-26.544998
-26.552334
-26.559533
-26.566595
-26.573520
-26.580308
-26.586960
-26.593474
-26.599851
-26.606092
-26.612195
-26.618160
-26.623989
-26.629680
-26.635234
-26.640651
-26.645930
-26.651072
-26.656076
-26.660943
-26.665672
-26.670263
-26.674717
-26.679034
-26.683212
-26.687253
-26.691156
-26.694921
-26.698549
-26.702039
-26.705390
-26.708604
-26.711680
-26.714618
-26.717419
-26.720081
-26.722605
-26.724991
-26.727239
-26.729349
-26.731322
-26.733155
-26.734851
-26.736409
-26.737829
-26.739110
-26.740254
-26.741259
-26.742126
-26.742855
-26.743446
-26.743899
-26.744213
-26.744390
-26.744428
-26.744328
-26.744090
-26.743714
-26.743199
-26.742546
-26.741756
-26.740827
-26.739760
-26.738554
-26.737211
-26.735730
-26.734110
-26.732352
-26.730457
-26.728423
-26.726251
-26.723941
-26.721493
-26.718907
-26.716184
-26.713322
-26.710322
-26.707184
-26.703909
-26.700495
-26.696944
-26.693255
-26.689428
-26.685463
-26.681361
-26.677120
-26.672743
-26.668227
-26.663574
-26.658783
-26.653855
-26.648789
-26.643586
-26.638246
-26.632768
-26.627152
-26.621400
-26.615510
-26.609482
-26.603318
-26.597017
-26.590578
-26.584002
-26.577290
-26.570440
-26.563454
-26.556330
-26.549070
-26.541673
-26.534140
-26.526470
-26.518663
-26.510719
-26.502640
-26.494423
-26.486071
-26.477582
-26.468957
-26.460196
-26.451299
-26.442265
-26.433096
-26.423791
-26.414350
-26.404773
-26.395061
-26.385213
-26.375229
-26.365110
-26.354855
-26.344465
-26.333940
-26.323280
-26.312485
-26.301554
-26.290489
-26.279289
-26.267954
-26.256484
-26.244880
-26.233141
-26.221268
-26.209260
-26.197119
-26.184843
-26.172432
-26.159888
-26.147210
-26.134398
-26.121453
-26.108374
-26.095161
-26.081815
-26.068335
-26.054723
-26.040977
-26.027098
-26.013086
-25.998941
-25.984664
-25.970254
-25.955711
-25.941036
-25.926229
-25.911289
-25.896218
-25.881014
-25.865679
-25.850212
-25.834613
-25.818882
-25.803021
-25.787027
-25.770903
-25.754648
-25.738261
-25.721744
-25.705096
-25.688318
-25.671409
-25.654370
-25.637200
-25.619900
-25.602471
-25.584911
-25.567222
-25.549404
-25.531455
-25.513378
-25.495171
-25.476835
-25.458371
-25.439777
-25.421055
-25.402204
-25.383225
-25.364118
-25.344883
-25.325519
-25.306028
-25.286409
-25.266663
-25.246789
-25.226788
-25.206660
-25.186405
-25.166023
-25.145514
-25.124879
-25.104118
-25.083230
-25.062216
-25.041077
-25.019811
-24.998420
-24.976904
-24.955262
-24.933496
-24.911604
-24.889587
-24.867446
-24.845180
-24.822790
-24.800276
-24.777638
-24.754876
-24.731990
-24.708981
-24.685848
-24.662593
-24.639214
-24.615712
-24.592088
-24.568342
-24.544473
-24.520482
-24.496369
-24.472134
-24.447778
-24.423300
-24.398701
-24.373980
-24.349139
-24.324178
-24.299095
-24.273893
-24.248570
-24.223127
-24.197565
-24.171883
-24.146081
-24.120161
-24.094121
-24.067962
-24.041685
-24.015289
-23.988775
-23.962143
-23.935393
-23.908525
-23.881540
-23.854438
-23.827218
-23.799881
-23.772428
-23.744859
-23.717173
-23.689371
-23.661453
-23.633419
-23.605270
-23.577005
-23.548626
-23.520131
-23.491522
-23.462799
-23.433961
-23.405009
-23.375944
-23.346764
-23.317472
-23.288066
-23.258547
-23.228916
-23.199172
-23.169315
-23.139347
-23.109266
-23.079074
-23.048771
-23.018356
-22.987830
-22.957194
-22.926447
-22.895589
-22.864622
-22.833544
-22.802357
-22.771061
-22.739655
-22.708140
-22.676517
-22.644785
-22.612945
-22.580996
-22.548940
-22.516777
-22.484506
-22.452128
-22.419643
-22.387051
-22.354353
-22.321549
-22.288639
-22.255623
-22.222502
-22.189275
-22.155944
-22.122507
-22.088967
-22.055322
-22.021573
-21.987721
-21.953765
-21.919705
-21.885543
-21.851278
-21.816910
-21.782441
-21.747869
-21.713195
-21.678420
-21.643544
-21.608567
-21.573489
-21.538310
-21.503032
-21.467653
-21.432175
-21.396597
-21.360920
-21.325144
-21.289270
-21.253297
-21.217226
-21.181057
-21.144790
-21.108426
-21.071965
-21.035408
-20.998753
-20.962003
-20.925156
-20.888214
-20.851176
-20.814043
-20.776815
-20.739492
-20.702075
-20.664564
-20.626959
-20.589260
-20.551468
-20.513583
-20.475606
-20.437536
-20.399373
-20.361119
-20.322773
-20.284336
-20.245808
-20.207189
-20.168479
-20.129679
-20.090789
-20.051810
-20.012741
-19.973583
-19.934337
-19.895001
-19.855578
-19.816066
-19.776467
-19.736781
-19.697007
-19.657147
-19.617200
-19.577167
-19.537048
-19.496844
-19.456554
-19.416179
-19.375719
-19.335175
-19.294547
-19.253835
-19.213039
-19.172160
-19.131198
-19.090153
-19.049026
-19.007817
-18.966526
-18.925154
-18.883701
-18.842166
-18.800551
-18.758856
-18.717081
-18.675226
-18.633292
-18.591279
-18.549187
-18.507017
-18.464769
-18.422442
-18.380039
-18.337558
-18.295000
-18.252366
-18.209655
-18.166869
-18.124006
-18.081069
-18.038056
-17.994969
-17.951807
-17.908572
-17.865262
-17.821879
-17.778423
-17.734895
-17.691293
-17.647620
-17.603875
-17.560058
-17.516170
-17.472211
-17.428181
-17.384081
-17.339912
-17.295672
-17.251364
-17.206986
-17.162540
-17.118025
-17.073443
-17.028793
-16.984075
-16.939290
-16.894439
-16.849522
-16.804538
-16.759489
-16.714374
-16.669194
-16.623950
-16.578641
-16.533268
-16.487831
-16.442331
-16.396768
-16.351142
-16.305454
-16.259704
-16.213891
-16.168018
-16.122083
-16.076088
-16.030033
-15.983917
-15.937741
-15.891507
-15.845213
-15.798860
-15.752449
-15.705980
-15.659453
-15.612869
-15.566228
-15.519531
-15.472776
-15.425966
-15.379101
-15.332180
-15.285203
-15.238173
-15.191088
-15.143949
-15.096756
-15.049511
-15.002212
-14.954861
-14.907457
-14.860002
-14.812495
-14.764937
-14.717328
-14.669669
-14.621959
-14.574200
-14.526391
-14.478533
-14.430627
-14.382672
-14.334669
-14.286618
-14.238520
-14.190375
-14.142183
-14.093945
-14.045661
-13.997331
-13.948956
-13.900537
-13.852072
-13.803564
-13.755012
-13.706416
-13.657777
-13.609095
-13.560371
-13.511605
-13.462797
-13.413948
-13.365058
-13.316127
-13.267156
-13.218145
-13.169095
-13.120005
-13.070876
-13.021709
-12.972504
-12.923261
-12.873981
-12.824663
-12.775309
-12.725919
-12.676492
-12.627030
-12.577533
-12.528001
-12.478434
-12.428833
-12.379199
-12.329530
-12.279829
-12.230095
-12.180329
-12.130531
-12.080701
-12.030839
-11.980947
-11.931025
-11.881072
-11.831089
-11.781077
-11.731036
-11.680966
-11.630868
-11.580742
-11.530588
-11.480407
-11.430199
-11.379964
-11.329703
-11.279417
-11.229105
-11.178768
-11.128406
-11.078020
-11.027610
-10.977177
-10.926720
-10.876240
-10.825738
-10.775214
-10.724668
-10.674100
-10.623512
-10.572903
-10.522274
-10.471624
-10.420955
-10.370268
-10.319561
-10.268836
-10.218092
-10.167331
-10.116553
-10.065758
-10.014946
-9.964118
-9.913274
-9.862415
-9.811541
-9.760651
-9.709748
-9.658830
-9.607899
-9.556955
-9.505998
-9.455028
-9.404046
-9.353053
-9.302048
-9.251032
-9.200005
-9.148968
-9.097921
-9.046865
-8.995800
-8.944725
-8.893643
-8.842552
-8.791454
-8.740348
-8.689235
-8.638116
-8.586991
-8.535860
-8.484723
-8.433582
-8.382436
-8.331285
-8.280131
-8.228973
-8.177811
-8.126647
-8.075481
-8.024312
-7.973142
-7.921970
-7.870798
-7.819625
-7.768451
-7.717278
-7.666105
-7.614934
-7.563763
-7.512594
-7.461428
-7.410263
-7.359102
-7.307943
-7.256788
-7.205637
-7.154491
-7.103349
-7.052212
-7.001080
-6.949954
-6.898834
-6.847721
-6.796615
-6.745515
-6.694424
-6.643340
-6.592265
-6.541199
-6.490141
-6.439094
-6.388056
-6.337028
-6.286011
-6.235005
-6.184010
-6.133027
-6.082056
-6.031097
-5.980151
-5.929219
-5.878300
-5.827395
-5.776504
-5.725628
-5.674767
-5.623922
-5.573092
-5.522279
-5.471482
-5.420702
-5.369939
-5.319194
-5.268467
-5.217758
-5.167068
-5.116397
-5.065746
-5.015114
-4.964503
-4.913913
-4.863343
-4.812795
-4.762268
-4.711764
-4.661282
-4.610822
-4.560386
-4.509974
-4.459585
-4.409221
-4.358881
-4.308567
-4.258278
-4.208014
-4.157777
-4.107566
-4.057382
-4.007225
-3.957096
-3.906995
-3.856922
-3.806878
-3.756862
-3.706877
-3.656921
-3.606995
-3.557099
-3.507235
-3.457402
-3.407600
-3.357830
-3.308093
-3.258388
-3.208717
-3.159078
-3.109474
-3.059903
-3.010368
-2.960867
-2.911401
-2.861971
-2.812576
-2.763218
-2.713897
-2.664613
-2.615366
-2.566157
-2.516985
-2.467853
-2.418759
-2.369704
-2.320689
-2.271714
-2.222779
-2.173884
-2.125031
-2.076219
-2.027448
-1.978720
-1.930033
-1.881390
-1.832790
-1.784233
-1.735720
-1.687251
-1.638826
-1.590447
-1.542112
-1.493823
-1.445580
-1.397384
-1.349234
-1.301131
-1.253075
-1.205067
-1.157107
-1.109195
-1.061332
-1.013518
-0.965753
-0.918039
-0.870374
-0.822760
-0.775196
-0.727684
-0.680223
-0.632814
-0.585457
-0.538153
-0.490902
-0.443704
-0.396559
-0.349468
-0.302432
-0.255450
-0.208523
-0.161652
-0.114836
-0.068076
-0.021372
0.025275
0.071865
0.118398
0.164873
0.211290
0.257649
0.303949
0.350190
0.396372
0.442494
0.488556
0.534558
0.580499
0.626379
0.672197
0.717954
0.763649
0.809281
0.854851
0.900358
0.945801
0.991181
1.036497
1.081748
1.126935
1.172056
1.217113
1.262103
1.307028
1.351886
1.396678
1.441402
1.486060
1.530649
1.575171
1.619624
1.664009
1.708325
1.752572
1.796749
1.840856
1.884893
1.928860
1.972755
2.016580
2.060332
2.104014
2.147622
2.191159
2.234623
2.278013
2.321331
2.364574
2.407743
2.450839
2.493859
2.536804
2.579675
2.622469
2.665188
2.707830
2.750396
2.792885
2.835297
2.877632
2.919888
2.962067
3.004167
3.046188
3.088131
3.129994
3.171777
3.213481
3.255104
3.296647
3.338109
3.379490
3.420790
3.462007
3.503143
3.544196
3.585167
3.626055
3.666859
3.707580
3.748218
3.788771
3.829239
3.869623
3.909922
3.950136
3.990264
4.030306
4.070262
4.110131
4.149914
4.189610
4.229218
4.268739
4.308171
4.347516
4.386772
4.425939
4.465018
4.504006
4.542906
4.581715
4.620434
4.659063
4.697601
4.736048
4.774403
4.812667
4.850839
4.888919
4.926906
4.964801
5.002603
5.040311
5.077926
5.115447
5.152874
5.190207
5.227445
5.264588
5.301636
5.338589
5.375445
5.412206
5.448871
5.485439
5.521910
5.558284
5.594561
5.630740
5.666822
5.702805
5.738690
5.774476
5.810163
5.845752
5.881241
5.916630
5.951919
5.987108
6.022197
6.057184
6.092071
6.126857
6.161541
6.196124
6.230605
6.264983
6.299259
6.333432
6.367502
6.401469
6.435333
6.469092
6.502748
6.536300
6.569747
6.603090
6.636327
6.669460
6.702487
6.735408
6.768223
6.800933
6.833535
6.866032
6.898421
6.930704
6.962879
6.994946
7.026906
7.058757
7.090501
7.122136
7.153662
7.185079
7.216387
7.247586
7.278675
7.309654
7.340523
7.371282
7.401930
7.432467
7.462894
7.493209
7.523413
7.553505
7.583485
7.613354
7.643110
7.672753
7.702284
7.731702
7.761006
7.790197
7.819275
7.848239
7.877089
7.905824
7.934445
7.962952
7.991344
8.019620
8.047782
8.075827
8.103758
8.131572
8.159270
8.186852
8.214318
8.241667
8.268899
8.296013
8.323011
8.349891
8.376654
8.403298
8.429825
8.456233
8.482523
8.508694
8.534746
8.560680
8.586494
8.612188
8.637764
8.663219
8.688554
8.713770
8.738865
8.763839
8.788693
8.813426
8.838038
8.862528
8.886898
8.911145
8.935271
8.959275
8.983157
9.006917
9.030554
9.054068
9.077460
9.100728
9.123874
9.146896
9.169795
9.192570
9.215221
9.237749
9.260152
9.282431
9.304585
9.326615
9.348520
9.370300
9.391955
9.413485
9.434889
9.456167
9.477320
9.498347
9.519248
9.540023
9.560672
9.581194
9.601589
9.621857
9.641999
9.662013
9.681901
9.701661
9.721293
9.740798
9.760174
9.779423
9.798544
9.817537
9.836401
9.855137
9.873744
9.892222
9.910572
9.928792
9.946883
9.964845
9.982677
10.000380
10.017953
10.035397
10.052710
10.069893
10.086946
10.103869
10.120661
10.137323
10.153854
10.170254
10.186523
10.202661
10.218668
10.234544
10.250288
10.265901
10.281382
10.296732
10.311949
10.327035
10.341988
10.356810
10.371499
10.386055
10.400479
10.414771
10.428929
10.442955
10.456848
10.470608
10.484235
10.497728
10.511089
10.524316
10.537409
10.550369
10.563194
10.575887
10.588445
10.600869
10.613159
10.625315
10.637337
10.649225
10.660978
10.672596
10.684080
10.695429
10.706644
10.717723
10.728668
10.739478
10.750152
10.760691
10.771096
10.781364
10.791498
10.801496
10.811358
10.821085
10.830676
10.840131
10.849451
10.858635
10.867682
10.876594
10.885370
10.894009
10.902512
10.910879
10.919110
10.927204
10.935162
10.942983
10.950667
10.958215
10.965627
10.972901
10.980039
10.987040
10.993904
11.000631
11.007221
11.013674
11.019990
11.026169
11.032211
11.038115
11.043883
11.049513
11.055005
11.060360
11.065578
11.070658
11.075601
11.080406
11.085074
11.089604
11.093996
11.098251
11.102368
11.106347
11.110189
11.113892
11.117458
11.120886
11.124176
11.127329
11.130343
11.133219
11.135958
11.138558
11.141021
11.143345
11.145532
11.147580
11.149490
11.151263
11.152897
11.154393
11.155751
11.156971
11.158052
11.158996
11.159801
11.160468
11.160997
11.161388
11.161641
11.161756
11.161732
11.161570
11.161270
11.160832
11.160256
11.159542
11.158689
11.157698
11.156570
11.155303
11.153897
11.152354
11.150673
11.148854
11.146896
11.144801
11.142567
11.140195
11.137686
11.135038
11.132253
11.129329
11.126268
11.123068
11.119731
11.116256
11.112643
11.108892
11.105004
11.100977
11.096813
11.092512
11.088072
11.083495
11.078781
11.073928
11.068939
11.063812
11.058547
11.053145
11.047605
11.041929
11.036115
11.030163
11.024075
11.017849
11.011486
11.004986
10.998349
10.991576
10.984665
10.977617
10.970432
10.963111
10.955653
10.948059
10.940327
10.932459
10.924455
10.916314
10.908037
10.899624
10.891074
10.882388
10.873566
10.864608
10.855514
10.846284
10.836918
10.827416
10.817779
10.808005
10.798097
10.788053
10.777873
10.767558
10.757107
10.746522
10.735801
10.724946
10.713955
10.702829
10.691569
10.680173
10.668644
10.656979
10.645180
10.633247
10.621179
10.608977
10.596641
10.584171
10.571567
10.558830
10.545958
10.532953
10.519814
10.506541
10.493135
10.479596
10.465924
10.452119
10.438180
10.424109
10.409905
10.395568
10.381099
10.366497
10.351763
10.336897
10.321898
10.306767
10.291505
10.276110
10.260584
10.244927
10.229137
10.213217
10.197165
10.180982
10.164668
10.148223
10.131648
10.114941
10.098105
10.081137
10.064040
10.046812
10.029454
10.011967
9.994349
9.976602
9.958726
9.940719
9.922584
9.904320
9.885926
9.867404
9.848753
9.829973
9.811065
9.792029
9.772864
9.753572
9.734151
9.714603
9.694927
9.675124
9.655193
9.635135
9.614950
9.594638
9.574200
9.553634
9.532943
9.512125
9.491181
9.470111
9.448915
9.427593
9.406146
9.384574
9.362876
9.341053
9.319106
9.297034
9.274837
9.252515
9.230070
9.207500
9.184806
9.161989
9.139048
9.115984
9.092796
9.069485
9.046052
9.022495
8.998817
8.975015
8.951092
8.927046
8.902879
8.878589
8.854179
8.829647
8.804993
8.780219
8.755324
8.730308
8.705172
8.679916
8.654540
8.629043
8.603427
8.577692
8.551837
8.525863
8.499770
8.473558
8.447228
8.420779
8.394212
8.367528
8.340725
8.313805
8.286767
8.259612
8.232340
8.204952
8.177446
8.149825
8.122087
8.094233
8.066263
8.038178
8.009977
7.981661
7.953230
7.924684
7.896024
7.867249
7.838361
7.809358
7.780241
7.751012
7.721668
7.692212
7.662643
7.632961
7.603166
7.573260
7.543241
7.513111
7.482869
7.452516
7.422051
7.391476
7.360790
7.329994
7.299087
7.268070
7.236944
7.205708
7.174362
7.142908
7.111345
7.079673
7.047892
7.016004
6.984007
6.951903
6.919691
6.887372
6.854946
6.822414
6.789774
6.757029
6.724177
6.691220
6.658157
6.624989
6.591715
6.558337
6.524854
6.491267
6.457575
6.423780
6.389881
6.355879
6.321774
6.287565
6.253254
6.218841
6.184326
6.149708
6.114989
6.080169
6.045248
6.010225
5.975102
5.939879
5.904556
5.869132
5.833610
5.797987
5.762266
5.726446
5.690528
5.654511
5.618396
5.582183
5.545873
5.509466
5.472962
5.436361
5.399663
5.362870
5.325980
5.288995
5.251915
5.214739
5.177469
5.140104
5.102645
5.065091
5.027445
4.989704
4.951871
4.913944
4.875925
4.837814
4.799610
4.761315
4.722928
4.684450
4.645882
4.607222
4.568472
4.529632
4.490702
4.451683
4.412574
4.373376
4.334090
4.294715
4.255252
4.215702
4.176064
4.136338
4.096526
4.056627
4.016641
3.976570
3.936412
3.896170
3.855842
3.815429
3.774931
3.734350
3.693684
3.652934
3.612101
3.571185
3.530186
3.489105
3.447941
3.406695
3.365368
3.323959
3.282470
3.240899
3.199248
3.157517
3.115707
3.073816
3.031847
2.989799
2.947672
2.905466
2.863183
2.820822
2.778384
2.735869
2.693277
2.650608
2.607864
2.565043
2.522147
2.479176
2.436130
2.393010
2.349815
2.306546
2.263204
2.219788
2.176300
2.132738
2.089105
2.045399
2.001622
1.957773
1.913853
1.869863
1.825802
1.781671
1.737470
1.693199
1.648860
1.604451
1.559975
1.515430
1.470817
1.426136
1.381389
1.336575
1.291694
1.246746
1.201733
1.156655
1.111511
1.066302
1.021029
0.975691
0.930290
0.884825
0.839296
0.793705
0.748051
0.702335
0.656557
0.610718
0.564817
0.518855
0.472833
0.426750
0.380608
0.334406
0.288145
0.241824
0.195446
0.149009
0.102514
0.055961
0.009352
-0.037315
-0.084038
-0.130817
-0.177652
-0.224542
-0.271488
-0.318489
-0.365544
-0.412653
-0.459816
-0.507032
-0.554301
-0.601624
-0.648998
-0.696425
-0.743903
-0.791433
-0.839014
-0.886645
-0.934327
-0.982059
-1.029841
-1.077671
-1.125551
-1.173479
-1.221456
-1.269480
-1.317552
-1.365672
-1.413838
-1.462050
-1.510309
-1.558613
-1.606963
-1.655358
-1.703798
-1.752282
-1.800810
-1.849382
-1.897997
-1.946655
-1.995355
-2.044098
-2.092883
-2.141709
-2.190577
-2.239485
-2.288434
-2.337423
-2.386452
-2.435520
-2.484627
-2.533773
-2.582957
-2.632179
-2.681439
-2.730736
-2.780070
-2.829440
-2.878847
-2.928289
-2.977767
-3.027280
-3.076828
-3.126410
-3.176026
-3.225675
-3.275358
-3.325074
-3.374823
-3.424603
-3.474416
-3.524260
-3.574135
-3.624041
-3.673977
-3.723943
-3.773939
-3.823964
-3.874018
-3.924101
-3.974212
-4.024350
-4.074516
-4.124710
-4.174930
-4.225176
-4.275448
-4.325746
-4.376069
-4.426417
-4.476790
-4.527187
-4.577607
-4.628051
-4.678518
-4.729008
-4.779520
-4.830054
-4.880610
-4.931187
-4.981784
-5.032403
-5.083041
-5.133699
-5.184376
-5.235073
-5.285788
-5.336521
-5.387272
-5.438041
-5.488827
-5.539630
-5.590449
-5.641284
-5.692135
-5.743001
-5.793882
-5.844777
-5.895687
-5.946611
-5.997548
-6.048498
-6.099461
-6.150436
-6.201423
-6.252422
-6.303432
-6.354453
-6.405484
-6.456525
-6.507576
-6.558637
-6.609706
-6.660784
-6.711871
-6.762965
-6.814066
-6.865175
-6.916291
-6.967413
-7.018541
-7.069674
-7.120813
-7.171957
-7.223105
-7.274257
-7.325413
-7.376573
-7.427735
-7.478901
-7.530068
-7.581238
-7.632408
-7.683581
-7.734753
-7.785927
-7.837100
-7.888273
-7.939445
-7.990616
-8.041786
-8.092954
-8.144120
-8.195283
-8.246443
-8.297600
-8.348753
-8.399902
-8.451047
-8.502187
-8.553322
-8.604451
-8.655574
-8.706691
-8.757801
-8.808904
-8.860000
-8.911088
-8.962168
-9.013239
-9.064302
-9.115355
-9.166398
-9.217432
-9.268455
-9.319467
-9.370468
-9.421458
-9.472436
-9.523401
-9.574354
-9.625294
-9.676220
-9.727133
-9.778032
-9.828916
-9.879785
-9.930639
-9.981478
-10.032300
-10.083106
-10.133896
-10.184668
-10.235423
-10.286160
-10.336879
-10.387579
-10.438261
-10.488923
-10.539565
-10.590188
-10.640790
-10.691371
-10.741931
-10.792470
-10.842987
-10.893481
-10.943953
-10.994402
-11.044828
-11.095229
-11.145607
-11.195961
-11.246289
-11.296592
-11.346870
-11.397122
-11.447347
-11.497546
-11.547718
-11.597863
-11.647979
-11.698068
-11.748128
-11.798159
-11.848161
-11.898134
-11.948077
-11.997989
-12.047870
-12.097721
-12.147540
-12.197328
-12.247083
-12.296806
-12.346496
-12.396152
-12.445776
-12.495365
-12.544920
-12.594440
-12.643925
-12.693375
-12.742790
-12.792168
-12.841509
-12.890814
-12.940082
-12.989312
-13.038504
-13.087658
-13.136773
-13.185850
-13.234887
-13.283884
-13.332842
-13.381758
-13.430635
-13.479470
-13.528263
-13.577015
-13.625725
-13.674392
-13.723016
-13.771597
-13.820134
-13.868628
-13.917077
-13.965481
-14.013841
-14.062155
-14.110423
-14.158645
-14.206821
-14.254950
-14.303032
-14.351067
-14.399054
-14.446992
-14.494882
-14.542723
-14.590515
-14.638258
-14.685950
-14.733592
-14.781184
-14.828724
-14.876214
-14.923651
-14.971037
-15.018370
-15.065651
-15.112879
-15.160053
-15.207173
-15.254240
-15.301252
-15.348209
-15.395111
-15.441958
-15.488749
-15.535484
-15.582162
-15.628784
-15.675349
-15.721856
-15.768305
-15.814696
-15.861028
-15.907302
-15.953517
-15.999672
-16.045767
-16.091802
-16.137777
-16.183691
-16.229543
-16.275334
-16.321063
-16.366730
-16.412335
-16.457876
-16.503355
-16.548770
-16.594121
-16.639408
-16.684630
-16.729788
-16.774880
-16.819907
-16.864868
-16.909763
-16.954592
-16.999353
-17.044048
-17.088675
-17.133234
-17.177726
-17.222149
-17.266503
-17.310788
-17.355003
-17.399149
-17.443225
-17.487230
-17.531165
-17.575029
-17.618821
-17.662542
-17.706191
-17.749768
-17.793272
-17.836703
-17.880061
-17.923345
-17.966555
-18.009692
-18.052753
-18.095740
-18.138652
-18.181489
-18.224249
-18.266934
-18.309542
-18.352074
-18.394528
-18.436905
-18.479205
-18.521427
-18.563570
-18.605635
-18.647622
-18.689529
-18.731356
-18.773104
-18.814772
-18.856359
-18.897866
-18.939292
-18.980636
-19.021899
-19.063080
-19.104179
-19.145196
-19.186129
-19.226980
-19.267747
-19.308431
-19.349030
-19.389545
-19.429976
-19.470322
-19.510583
-19.550758
-19.590848
-19.630852
-19.670769
-19.710600
-19.750344
-19.790000
-19.829569
-19.869051
-19.908444
-19.947749
-19.986966
-20.026093
-20.065131
-20.104080
-20.142939
-20.181708
-20.220387
-20.258975
-20.297472
-20.335878
-20.374193
-20.412416
-20.450547
-20.488585
-20.526531
-20.564385
-20.602145
-20.639811
-20.677384
-20.714863
-20.752248
-20.789539
-20.826734
-20.863835
-20.900840
-20.937750
-20.974564
-21.011281
-21.047903
-21.084428
-21.120855
-21.157186
-21.193419
-21.229555
-21.265592
-21.301532
-21.337373
-21.373115
-21.408758
-21.444302
-21.479746
-21.515090
-21.550335
-21.585479
-21.620523
-21.655465
-21.690307
-21.725048
-21.759686
-21.794223
-21.828658
