9.932200
9.931325
9.928702
9.924330
9.918210
9.910343
9.900730
9.889372
9.876271
9.861428
9.844847
9.826528
9.806476
9.784691
9.761179
9.735940
9.708981
9.680303
9.649911
9.617809
9.584002
9.548495
9.511292
9.472398
9.431820
9.389561
9.345630
9.300031
9.252771
9.203856
9.153294
9.101092
9.047255
8.991794
8.934713
8.876023
8.815731
8.753845
8.690374
8.625327
8.558713
8.490541
8.420821
8.349562
8.276774
8.202468
8.126653
8.049341
7.970542
7.890267
7.808528
7.725334
7.640700
7.554635
7.467152
7.378263
7.287981
7.196318
7.103286
7.008900
6.913172
6.816114
6.717742
6.618068
6.517107
6.414872
6.311377
6.206638
6.100669
5.993483
5.885098
5.775526
5.664785
5.552888
5.439852
5.325693
5.210426
5.094067
4.976633
4.858140
4.738604
4.618042
4.496471
4.373908
4.250370
4.125874
4.000437
3.874077
3.746812
3.618659
3.489636
3.359760
3.229051
3.097526
2.965204
2.832103
2.698241
2.563637
2.428311
2.292280
2.155563
2.018181
1.880151
1.741494
1.602227
1.462372
1.321947
1.180972
1.039466
0.897449
0.754941
0.611962
0.468532
0.324670
0.180397
0.035732
-0.109303
-0.254689
-0.400406
-0.546434
-0.692751
-0.839338
-0.986175
-1.133240
-1.280514
-1.427975
-1.575604
-1.723379
-1.871281
-2.019288
-2.167380
-2.315536
-2.463737
-2.611960
-2.760185
-2.908393
-3.056562
-3.204671
-3.352700
-3.500628
-3.648436
-3.796101
-3.943604
-4.090923
-4.238040
-4.384932
-4.531580
-4.677963
-4.824061
-4.969853
-5.115320
-5.260440
-5.405194
-5.549562
-5.693523
-5.837057
-5.980145
-6.122766
-6.264901
-6.406529
-6.547632
-6.688189
-6.828181
-6.967588
-7.106392
-7.244572
-7.382109
-7.518985
-7.655180
-7.790675
-7.925451
-8.059490
-8.192773
-8.325282
-8.456997
-8.587901
-8.717975
-8.847201
-8.975562
-9.103039
-9.229615
-9.355272
-9.479992
-9.603759
-9.726554
-9.848361
-9.969163
-10.088943
-10.207685
-10.325371
-10.441986
-10.557512
-10.671935
-10.785239
-10.897406
-11.008423
-11.118272
-11.226940
-11.334411
-11.440669
-11.545701
-11.649491
-11.752026
-11.853290
-11.953270
-12.051951
-12.149321
-12.245365
-12.340070
-12.433424
-12.525412
-12.616022
-12.705241
-12.793058
-12.879460
-12.964434
-13.047969
-13.130054
-13.210677
-13.289826
-13.367491
-13.443661
-13.518325
-13.591473
-13.663095
-13.733180
-13.801719
-13.868703
-13.934122
-13.997966
-14.060228
-14.120898
-14.179969
-14.237431
-14.293276
-14.347498
-14.400088
-14.451039
-14.500344
-14.547996
-14.593989
-14.638315
-14.680970
-14.721947
-14.761239
-14.798843
-14.834752
-14.868962
-14.901468
-14.932265
-14.961349
-14.988715
-15.014361
-15.038283
-15.060476
-15.080939
-15.099668
-15.116661
-15.131915
-15.145428
-15.157199
-15.167225
-15.175506
-15.182039
-15.186825
-15.189863
-15.191151
-15.190690
-15.188481
-15.184523
-15.178816
-15.171362
-15.162162
-15.151217
-15.138529
-15.124098
-15.107928
-15.090021
-15.070378
-15.049003
-15.025899
-15.001069
-14.974516
-14.946245
-14.916258
-14.884561
-14.851157
-14.816052
-14.779249
-14.740755
-14.700575
-14.658714
-14.615178
-14.569973
-14.523105
-14.474582
-14.424409
-14.372594
-14.319144
-14.264066
-14.207368
-14.149058
-14.089144
-14.027635
-13.964538
-13.899863
-13.833619
-13.765815
-13.696460
-13.625565
-13.553138
-13.479190
-13.403732
-13.326773
-13.248325
-13.168398
-13.087004
-13.004154
-12.919859
-12.834132
-12.746983
-12.658426
-12.568473
-12.477135
-12.384427
-12.290360
-12.194948
-12.098204
-12.000142
-11.900774
-11.800116
-11.698182
-11.594984
-11.490538
-11.384858
-11.277959
-11.169856
-11.060564
-10.950098
-10.838474
-10.725706
-10.611811
-10.496805
-10.380703
-10.263522
-10.145278
-10.025987
-9.905667
-9.784333
-9.662004
-9.538695
-9.414424
-9.289208
-9.163065
-9.036012
-8.908068
-8.779249
-8.649573
-8.519060
-8.387726
-8.255591
-8.122673
-7.988989
-7.854559
-7.719402
-7.583536
-7.446980
-7.309754
-7.171876
-7.033365
-6.894241
-6.754523
-6.614231
-6.473384
-6.332002
-6.190105
-6.047711
-5.904842
-5.761516
-5.617755
-5.473577
-5.329004
-5.184054
-5.038749
-4.893109
-4.747153
-4.600902
-4.454377
-4.307598
-4.160585
-4.013359
-3.865940
-3.718349
-3.570606
-3.422733
-3.274749
-3.126675
-2.978532
-2.830340
-2.682121
-2.533894
-2.385680
-2.237500
-2.089375
-1.941325
-1.793371
-1.645533
-1.497833
-1.350290
-1.202925
-1.055758
-0.908811
-0.762103
-0.615656
-0.469488
-0.323622
-0.178076
-0.032872
0.111970
0.256431
0.400490
0.544127
0.687322
0.830056
0.972307
1.114057
1.255286
1.395974
1.536102
1.675649
1.814597
1.952927
2.090618
2.227652
2.364009
2.499672
2.634620
2.768835
2.902299
3.034992
3.166897
3.297995
3.428267
3.557695
3.686263
3.813951
3.940741
4.066617
4.191561
4.315554
4.438581
4.560624
4.681665
4.801689
4.920677
5.038615
5.155485
5.271270
5.385956
5.499526
5.611963
5.723254
5.833381
5.942330
6.050085
6.156632
6.261955
6.366041
6.468874
6.570440
6.670725
6.769715
6.867396
6.963755
7.058779
7.152453
7.244765
7.335703
7.425252
7.513402
7.600140
7.685453
7.769330
7.851759
7.932729
8.012228
8.090245
8.166770
8.241791
8.315299
8.387283
8.457733
8.526639
8.593991
8.659781
8.723999
8.786637
8.847684
8.907134
8.964977
9.021206
9.075812
9.128789
9.180129
9.229824
9.277868
9.324254
9.368976
9.412026
9.453401
9.493093
9.531097
9.567407
9.602020
9.634929
9.666131
9.695620
9.723394
9.749447
9.773777
9.796380
9.817253
9.836393
9.853796
9.869462
9.883388
9.895571
9.906010
9.914704
9.921651
9.926850
9.930302
9.932004
9.931957
9.930162
9.926617
9.921325
9.914284
9.905497
9.894965
9.882689
9.868671
9.852912
9.835415
9.816183
9.795218
9.772523
9.748101
9.721956
9.694091
9.664510
9.633217
9.600217
9.565513
9.529112
9.491018
9.451236
9.409772
9.366632
9.321822
9.275347
9.227215
9.177432
9.126005
9.072941
9.018248
8.961932
8.904003
8.844468
8.783336
8.720614
8.656312
8.590438
8.523002
8.454014
8.383482
8.311417
8.237828
8.162726
8.086121
8.008025
7.928447
7.847399
7.764893
7.680939
7.595549
7.508736
7.420511
7.330887
7.239876
7.147491
7.053744
6.958649
6.862219
6.764468
6.665408
6.565055
6.463421
6.360521
6.256369
6.150980
6.044368
5.936549
5.827537
5.717347
5.605995
5.493497
5.379867
5.265122
5.149278
5.032351
4.914357
4.795313
4.675235
4.554139
4.432044
4.308965
4.184920
4.059927
3.934001
3.807163
3.679427
3.550814
3.421339
3.291023
3.159882
3.027934
2.895200
2.761695
2.627441
2.492454
2.356754
2.220360
2.083290
1.945564
1.807202
1.668221
1.528642
1.388484
1.247767
1.106510
0.964732
0.822455
0.679696
0.536477
0.392817
0.248736
0.104254
-0.040608
-0.185831
-0.331394
-0.477277
-0.623460
-0.769922
-0.916643
-1.063602
-1.210780
-1.358155
-1.505707
-1.653415
-1.801260
-1.949220
-2.097274
-2.245403
-2.393585
-2.541800
-2.690027
-2.838245
-2.986435
-3.134575
-3.282644
-3.430623
-3.578490
-3.726225
-3.873807
-4.021216
-4.168432
-4.315433
-4.462199
-4.608710
-4.754945
-4.900885
-5.046508
-5.191795
-5.336725
-5.481278
-5.625434
-5.769172
-5.912474
-6.055318
-6.197686
-6.339556
-6.480910
-6.621728
-6.761990
-6.901677
-7.040768
-7.179246
-7.317090
-7.454281
-7.590800
-7.726629
-7.861748
-7.996138
-8.129782
-8.262659
-8.394752
-8.526042
-8.656511
-8.786141
-8.914914
-9.042812
-9.169816
-9.295910
-9.421076
-9.545296
-9.668553
-9.790830
-9.912110
-10.032376
-10.151611
-10.269799
-10.386923
-10.502967
-10.617914
-10.731749
-10.844456
-10.956020
-11.066423
-11.175653
-11.283692
-11.390526
-11.496140
-11.600520
-11.703651
-11.805518
-11.906107
-12.005405
-12.103397
-12.200071
-12.295411
-12.389406
-12.482042
-12.573306
-12.663185
-12.751667
-12.838740
-12.924392
-13.008610
-13.091382
-13.172699
-13.252547
-13.330916
-13.407794
-13.483173
-13.557039
-13.629385
-13.700199
-13.769471
-13.837192
-13.903353
-13.967944
-14.030956
-14.092380
-14.152209
-14.210433
-14.267045
-14.322036
-14.375399
-14.427127
-14.477212
-14.525647
-14.572426
-14.617542
-14.660989
-14.702761
-14.742851
-14.781255
-14.817967
-14.852982
-14.886295
-14.917901
-14.947796
-14.975976
-15.002437
-15.027175
-15.050187
-15.071469
-15.091020
-15.108834
-15.124912
-15.139249
-15.151845
-15.162697
-15.171804
-15.179165
-15.184778
-15.188643
-15.190759
-15.191126
-15.189745
-15.186614
-15.181735
-15.175108
-15.166735
-15.156615
-15.144752
-15.131146
-15.115799
-15.098713
-15.079892
-15.059336
-15.037050
-15.013037
-14.987299
-14.959841
-14.930665
-14.899777
-14.867181
-14.832880
-14.796880
-14.759186
-14.719803
-14.678737
-14.635993
-14.591577
-14.545496
-14.497756
-14.448363
-14.397324
-14.344647
-14.290338
-14.234406
-14.176858
-14.117703
-14.056947
-13.994601
-13.930672
-13.865170
-13.798103
-13.729481
-13.659313
-13.587610
-13.514381
-13.439636
-13.363386
-13.285642
-13.206414
-13.125713
-13.043550
-12.959938
-12.874887
-12.788410
-12.700518
-12.611224
-12.520540
-12.428479
-12.335053
-12.240276
-12.144161
-12.046721
-11.947970
-11.847921
-11.746589
-11.643987
-11.540130
-11.435033
-11.328709
-11.221174
-11.112443
-11.002531
-10.891452
-10.779224
-10.665861
-10.551378
-10.435793
-10.319121
-10.201378
-10.082580
-9.962745
-9.841889
-9.720029
-9.597181
-9.473364
-9.348593
-9.222887
-9.096263
-8.968738
-8.840330
-8.711058
-8.580939
-8.449992
-8.318234
-8.185684
-8.052360
-7.918281
-7.783466
-7.647933
-7.511701
-7.374790
-7.237218
-7.099004
-6.960168
-6.820729
-6.680706
-6.540119
-6.398988
-6.257332
-6.115171
-5.972524
-5.829412
-5.685855
-5.541872
-5.397483
-5.252709
-5.107570
-4.962085
