-3.70863731
-3.748386712
-3.832145768
-3.93923174
-4.048050026
-4.156129225
-4.26353481
-4.380283522
-4.528770653
-4.702778483
-4.879268046
-5.037463876
-5.181286494
-5.333796131
-5.469076873
-5.590316992
-5.672410615
-5.774496404
-5.867266307
-6.001510961
-6.174154878
-6.378134963
-6.572814525
-6.773815001
-6.942095317
-7.083403016
-7.190109193
-7.271050352
-7.37129667
-7.482890891
-7.633746621
-7.822269952
-8.047981766
-8.320552475
-8.630472201
-8.922736028
-9.148797269
-9.328796724
-9.480496554
-9.601555486
-9.706641707
-9.815939713
-9.898271817
-9.968217888
-10.04132059
-10.10567541
-10.15218328
-10.21774778
-10.275026
-10.33359586
-10.38305389
-10.43076816
-10.47570682
-10.5219324
-10.57763709
-10.6525605
-10.72407091
-10.76620788
-10.81663625
-10.8829444
-10.96694847
-11.10247724
-11.28200132
-11.48098953
-11.70463915
-11.96983403
-12.23077931
-12.45942176
-12.64441722
-12.77355059
-12.85044732
-12.92225215
-13.02854518
-13.17529492
-13.35994472
-13.5673214
-13.7410889
-13.89987903
-14.00998142
-14.09181366
-14.14952566
-14.21172072
-14.25442935
-14.28525243
-14.32831074
-14.38749042
-14.46369096
-14.53606556
-14.6389581
-14.73012417
-14.81321453
-14.89650559
-14.97141406
-15.04179955
-15.10325131
-15.19017401
-15.30539415
-15.43056593
-15.57151467
-15.7446266
-15.91572862
-16.08185087
-16.23956813
-16.36613866
-16.43912106
-16.47168142
-16.48394588
-16.49296152
-16.46779522
-16.46570784
-16.48742205
-16.53891095
-16.61241919
-16.71130756
-16.81420979
-16.90295201
-16.98282841
-17.07195878
-17.19517452
-17.33166574
-17.43479262
-17.52009638
-17.59393319
-17.64698967
-17.67500699
-17.67953235
-17.66945904
-17.67174916
-17.67941852
-17.67994121
-17.67992577
-17.67537986
-17.63797343
-17.60146982
-17.56795697
-17.56436472
-17.59273463
-17.62100835
-17.67413898
-17.74113498
-17.77401639
-17.77580812
-17.78137224
-17.85353242
-17.92810706
-17.99353791
-18.03695109
-18.08015149
-18.135669
-18.19067182
-18.24576982
-18.26240522
-18.24935067
-18.17903299
-18.09926965
-17.9978514
-17.89068667
-17.85357326
-17.9023618
-17.97062112
-18.03957973
-18.08034968
-18.11017237
-18.13605119
-18.18349376
-18.23202835
-18.31645877
-18.42942919
-18.52802325
-18.6030763
-18.61611656
-18.57880678
-18.47911794
-18.35474256
-18.23918981
-18.17424526
-18.16537108
-18.18162861
-18.20212546
-18.2323712
-18.27530861
-18.3280919
-18.3908533
-18.45426338
-18.48705605
-18.4728844
-18.38690575
-18.24032613
-18.04253929
-17.80727131
-17.57278688
-17.39070921
-17.29269
-17.32396772
-17.44208159
-17.58160535
-17.7279016
-17.87738826
-18.01651602
-18.13453511
-18.17690701
-18.11408075
-17.96346615
-17.76680317
-17.5533831
-17.34830542
-17.21360181
-17.16768382
-17.19559233
-17.26095692
-17.334979
-17.35673319
-17.32863217
-17.21497004
-17.02225534
-16.76584967
-16.47002933
-16.17640435
-15.87160276
-15.62429516
-15.47208219
-15.36924339
-15.29656685
-15.23811016
-15.20095164
-15.15333376
-15.07566091
-14.95701927
-14.79918947
-14.59012694
-14.33787002
-14.11140982
-13.88681108
-13.70607997
-13.61213832
-13.56183806
-13.52630127
-13.48174832
-13.41914367
-13.30555178
-13.14651229
-12.95460673
-12.72501147
-12.45259572
-12.15301952
-11.83882533
-11.53571957
-11.26521847
-11.02466026
-10.82320826
-10.69809087
-10.62699794
-10.59853038
-10.59957621
-10.58333285
-10.52098121
-10.39747725
-10.23980032
-10.03343631
-9.782284156
-9.526757467
-9.26184933
-8.992186508
-8.731185334
-8.526201338
-8.376328104
-8.252175412
-8.140163664
-8.021404268
-7.9049074
-7.794076161
-7.687416885
-7.600343611
-7.507306697
-7.394736938
-7.266433885
-7.110457118
-6.940942489
-6.749118032
-6.520843007
-6.254265628
-5.946528176
-5.570349527
-5.169837799
-4.736681329
-4.311333798
-3.916595728
-3.546012446
-3.220796777
-2.934886878
-2.730367353
-2.579371249
-2.504117322
-2.482779813
-2.473014569
-2.473014569
-2.467229173
-2.420957823
-2.314336574
-2.176687884
-2.019257236
-1.84336089
-1.666342161
-1.498389366
-1.380469797
-1.28835197
-1.249937619
-1.211533368
-1.173138958
-1.111228654
-1.009764789
-0.875675442
-0.715657475
-0.528823147
-0.353780962
-0.16396782
0.03048436
0.171812551
0.30416483
0.433061845
0.584481086
0.732523811
0.897789637
1.05420824
1.217361888
1.389969075
1.560298493
1.730696029
1.917283262
2.090387278
2.255851483
2.404139665
2.552716426
2.696186521
2.838986035
3.03123847
3.26269879
3.538890984
3.835770589
4.18785861
4.529038165
4.845766211
5.09370603
5.303724833
5.473178455
5.601916368
5.709009857
5.827033055
5.919373093
5.995125739
6.033284907
6.069454192
6.076154269
6.082019628
6.076227934
6.053833138
6.053833138
6.057568456
6.058644962
6.066126075
6.083872097
6.089754055
6.086567745
6.102748539
6.112465849
6.11839234
6.118409213
6.122149799
6.124822515
6.133952279
6.145793263
6.173249796
6.200695841
6.223814812
6.263460167
6.284829249
6.307138108
6.346631679
6.405490335
6.443988578
6.472864156
6.523086233
6.593013717
6.652211511
6.713531473
6.784509992
6.85763519
6.940439998
7.017395703
7.095878503
7.176821119
7.248567962
7.287882445
7.356165878
7.426067601
7.500252166
7.606585673
7.757212421
7.926598989
8.075230183
8.237710513
8.391368669
8.587298131
8.816483856
9.067610228
9.323301197
9.564298109
9.77169757
9.913284681
10.00311983
10.0762894
10.18469029
10.3332553
10.53095362
10.7352852
10.94313357
11.13045126
11.2624519
11.33161585
11.38143991
11.41675313
11.45169648
11.48965304
11.51903375
11.55361356
11.61685348
11.69497248
11.7913897
11.88405149
11.99953878
12.13376395
12.28260842
12.46349489
12.64813034
12.80122962
12.91200411
12.99163135
13.0466909
13.08620682
13.10628887
13.12055302
13.12572128
13.11154273
13.10773315
13.12428978
13.15330753
13.22196616
13.30367395
13.38293627
13.45659574
13.54484124
13.63221136
13.68598567
13.73919384
13.85589008
13.95720059
14.06823175
14.15097741
14.18520463
14.16696575
14.12020261
14.06860891
14.03121111
14.027059
14.02767512
14.03768313
14.04807059
14.0580375
14.04956176
14.03067165
14.01712376
14.02201355
14.04213846
14.05225381
14.0531648
14.04898389
14.03148111
14.02868788
14.02109703
14.00333663
13.98587679
13.95433218
13.88855231
13.81868137
13.75342482
13.71167499
13.68000355
13.676441
13.67735744
13.68366662
13.6858041
13.68916402
13.69160838
13.6835876
13.68095785
13.67325409
13.65632567
13.62387299
13.60024728
13.56688101
13.53414759
13.52531932
13.53576821
13.5461433
13.56096639
13.56618974
13.56696445
13.54338064
13.53447576
13.53437643
13.52555801
13.50643905
13.50516269
13.51999215
13.53846956
13.58495882
13.63303488
13.68626493
13.71882545
13.72696318
13.6841047
13.62040576
13.5548778
13.47986115
13.37184705
13.27045359
13.20724922
13.19211312
13.23515678
13.32924984
13.44629566
13.56387427
13.66792861
13.71915105
13.71010577
13.66589862
13.60599519
13.52817437
13.42195619
13.31627955
13.21549934
13.12393394
13.04121327
12.98300386
12.95954209
12.95524036
12.94071103
12.91761375
12.87964451
12.83145109
12.76923854
12.69679771
12.6503465
12.59219264
12.52891247
12.49564601
12.46713673
12.44224729
12.4088684
12.35560657
12.29284535
12.23379662
12.18553232
12.13648477
12.09336391
12.03601189
11.96430634
11.90048481
11.83597445
11.72277039
11.5578873
11.39914305
11.27194182
11.15938151
11.06236238
10.9536137
10.87644662
10.82388888
10.78432845
10.74506083
10.70625525
10.66365167
10.62502205
10.59159897
10.57663289
10.57142959
10.59358654
10.63980525
10.70964091
10.77600403
10.84193097
10.89761177
10.94304613
10.97068544
10.98050745
10.98022082
10.97325144
10.99204303
11.0530793
11.12608262
11.21520074
11.2849362
11.30563879
11.21880408
11.05077451
10.78769481
10.47522742
10.12890636
9.814064702
9.542578466
9.342067973
9.246387486
9.244624737
9.295160647
9.392737552
9.415850794
9.40677646
9.372336314
9.355234646
9.356247745
9.35694849
9.309028223
9.227776197
9.105961725
8.954742577
8.811523581
8.681918597
8.545657889
8.42950021
8.335282836
8.263681954
8.217725886
8.20160129
8.20160129
8.196225726
8.190849812
8.174719972
8.132297867
8.062942081
7.971978143
7.877382391
7.761732077
7.627972307
7.468379601
7.287998301
7.092581777
6.892070496
6.669660293
6.422540754
6.126691162
5.817443635
5.516262661
5.247990875
5.045230067
4.89601322
4.812931739
4.751392224
4.691012062
4.62059839
4.523319357
4.382706719
4.244740932
4.085683171
3.914683817
3.716997007
3.479210039
3.195328905
2.860201887
2.541241201
2.22967832
1.947312793
1.735648043
1.584212797
1.485997361
1.412265422
1.396353196
1.389633403
1.356957188
1.297262144
1.182458492
1.015785322
0.827059578
0.633156928
0.387306062
0.111177264
-0.165919297
-0.41271973
-0.692813724
-0.986668732
-1.253145107
-1.474066059
-1.680537017
-1.879580205
-2.000426385
-2.024711334
-2.042964718
-2.05795914
-2.065492942
-2.076287859
-2.092517599
-2.120016541
-2.152809283
-2.234535295
-2.329999273
-2.443524332
-2.585266224
-2.768394306
-3.016968486
-3.340360818
-3.710662234
-4.136600578
-4.577750968
-4.939907897
-5.231593481
-5.513939995
-5.734229779
-5.898160672
-6.046036433
-6.165356357
-6.256607171
-6.378089749
-6.517783815
-6.672519157
-6.83147843
-7.026552507
-7.240996674
-7.40728106
-7.537393078
-7.577497729
-7.535535178
-7.510528028
-7.506370647
-7.495988761
-7.433529964
-7.348114192
-7.276165514
-7.183954489
-7.043208664
-6.866476298
-6.701964061
-6.538649533
-6.376527204
-6.208324234
-6.060381733
-5.839489833
-5.526736758
-5.216701734
-5.019406428
-4.839818012
-4.635130896
-4.32558263
-3.90747077
-3.404199569
-2.871808881
-2.334463481
-1.736045836
-1.132140373
-0.612235369
-0.238754225
0.014406478
0.094306302
0.005429841
-0.166903012
-0.284818978
-0.356836234
-0.428671559
-0.531910861
-0.66155339
-0.7740409
-0.913966432
-1.087965568
-1.260001296
-1.41116703
-1.534394801
-1.651358732
-1.737901134
-1.769400728
-1.780855434
-1.78246588
-1.758500671
-1.719836707
-1.731836511
-1.763950212
-1.77647609
-1.811353798
-1.852545354
-1.904766467
-1.971406182
-2.04772989
-2.13167355
-2.234988235
-2.369664161
-2.503167707
-2.573237237
-2.597199812
-2.605710986
-2.54991937
-2.423629135
-2.272841336
-2.201127502
-2.182825009
-2.206755679
-2.251269916
-2.277473094
-2.272338329
-2.247014828
-2.228049676
-2.236852726
-2.240304813
-2.234416105
-2.218664108
-2.198377814
-2.178794209
-2.164533967
-2.15787299
-2.163824189
-2.195191775
-2.201952182
-2.226689259
-2.338024536
-2.531100925
-2.792359916
-3.075579431
-3.339458878
-3.557043143
-3.676178518
-3.708516471
-3.704802509
-3.696114068
-3.707885146
-3.762650427
-3.867350118
-4.005785023
-4.157424175
-4.323526381
-4.475878685
-4.577005676
-4.615789939
-4.628333348
-4.608179526
-4.615414631
-4.643534624
-4.730803123
-4.817897407
-4.882198349
-4.896944489
-4.915196268
-4.922900588
-4.943088351
-4.966304185
-4.981157175
-5.004376237
-5.032896242
-5.081569551
-5.121512813
-5.185118109
-5.300341042
-5.45163713
-5.686728297
-5.954422404
-6.212041134
-6.463971529
-6.734112043
-6.947977847
-7.058268395
-7.111262671
-7.116402197
-7.089080491
-7.094407036
-7.104694081
-7.107144315
-7.117735402
-7.162731792
-7.216723881
-7.285523294
-7.405471888
-7.497543852
-7.52825275
-7.593531208
-7.725767436
-7.873103169
-8.0251244
-8.175025101
-8.366651773
-8.578378766
-8.761630704
-8.931019771
-9.089422344
-9.26511973
-9.452485684
-9.635414604
-9.807406904
-9.989313869
-10.19568771
-10.40055877
-10.52946303
-10.60624984
-10.64835241
-10.69327511
-10.74475338
-10.81741509
-10.879073
-10.93748737
-11.01735839
-11.12918968
-11.22514109
-11.31134868
-11.37143551
-11.42520091
-11.48671926
-11.53581521
-11.60876252
-11.67926298
-11.74706034
-11.84500559
-11.97032055
-12.10071182
-12.2298405
-12.3789302
-12.52136356
-12.70368932
-12.8654566
-12.96483019
-13.03511114
-13.08970188
-13.13287152
-13.16843395
-13.23712561
-13.33301737
-13.44469212
-13.59302544
-13.7767818
-13.96431066
-14.15988173
-14.34940116
-14.51848303
-14.61033153
-14.65285828
-14.66353333
-14.66353333
-14.65716117
-14.64718697
-14.64149424
-14.65982721
-14.69197237
-14.76107926
-14.83556922
-14.91588014
-14.97863294
-15.0184571
-15.02266726
-15.02912483
-15.03054627
-15.01237351
-14.97055082
-14.89722563
-14.858039
-14.83343459
-14.78867591
-14.75794574
-14.7225378
-14.6620432
-14.57979004
-14.49756283
-14.40033084
-14.30813511
-14.26168831
-14.26535827
-14.25897972
-14.24254438
-14.19199564
-14.08070459
-13.92039822
-13.74227856
-13.5693279
-13.40629612
-13.27582899
-13.20681769
-13.23185782
-13.3421019
-13.4861363
-13.6041683
-13.69460047
-13.73243984
-13.69306733
-13.60487025
-13.46639526
-13.29422689
-13.15729578
-13.04306276
-12.98159761
-12.97278646
-12.99254775
-13.02585121
-13.05794319
-13.09495296
-13.12458523
-13.13030021
-13.12468611
-13.12264594
-13.07801048
-12.9929628
-12.89904051
-12.82624401
-12.7334262
-12.5822773
-12.38281295
-12.18606521
-12.00565405
-11.83751953
-11.7162606
-11.65301224
-11.60476252
-11.56311109
-11.50823999
-11.42016353
-11.25832196
-11.05858843
-10.83237683
-10.61253669
-10.39750534
-10.219016
-10.08256142
-9.999226638
-9.934313727
-9.868316345
-9.801243297
-9.715801181
-9.580337746
-9.389096918
-9.165946399
-8.912997239
-8.648159554
-8.407416212
-8.213061074
-8.042108927
-7.888442103
-7.750200438
-7.657772096
-7.592915417
-7.536946129
-7.468928918
-7.393730376
-7.302668808
-7.18273158
-7.021233483
-6.845708642
-6.652368069
-6.4176748
-6.147679322
-5.866061723
-5.618295047
-5.436112494
-5.305395048
-5.223233299
-5.190414701
-5.17130641
-5.152193851
-5.120296405
-5.091571387
-5.07971556
-5.014593831
-4.906050925
-4.766046614
-4.614389416
-4.45103724
-4.272215507
-4.077635714
-3.933445615
-3.821833053
-3.706369154
-3.565290597
-3.410248309
-3.232117503
-3.027527094
-2.820132193
-2.634098592
-2.454107256
-2.286144415
-2.124092199
-1.97326662
-1.85739966
-1.783904034
-1.725748236
-1.682521052
-1.67281482
-1.666340389
-1.654209155
-1.611808513
-1.573569843
-1.5493111
-1.520894579
-1.484165525
-1.413633919
-1.299426738
-1.190254625
-1.108330501
-1.068381958
-1.042624433
-0.999035558
-0.95464806
-0.909463213
-0.850239586
-0.808651347
-0.78163781
-0.741361446
-0.679993051
-0.577928897
-0.472582318
-0.386798421
-0.280814095
-0.155407071
-0.013800755
0.113689226
0.248500426
0.39877415
0.516689137
0.636216042
0.768287812
0.944163455
1.124101582
1.282732827
1.43758135
1.605530692
1.784048157
1.912857818
2.059258574
2.219796976
2.37545766
2.510031715
2.636029737
2.732494366
2.827577566
2.917191849
3.012490549
3.124647479
3.239660649
3.356225422
3.460722223
3.543203223
3.610233661
3.64777362
3.699450647
3.784277252
3.902894689
4.06280418
4.232514796
4.413906214
4.600166564
4.767345653
4.929594016
5.060511911
5.161338043
5.227133852
5.277557667
5.307093299
5.324825047
5.344326295
5.366375033
5.432116657
5.513208626
5.604130536
5.706043871
5.788244003
5.85016172
5.902232144
5.977759292
6.030977822
6.076416205
6.121276444
6.165564833
6.21097565
6.257512482
6.32105212
6.393860064
6.470476628
6.576067183
6.721015221
6.875799139
7.043634657
7.222827056
7.366446717
7.447360054
7.485550715
7.530969917
7.556669595
7.56810113
7.580054962
7.598505965
7.642640394
7.696651855
7.776815644
7.86394799
7.970225509
8.073986051
8.197697613
8.283020473
8.324079745
8.353262827
8.353872461
8.33923798
8.321245832
8.27837539
8.226796938
8.174282924
8.12763918
8.1381353
8.164621957
8.19517744
8.20985587
8.220421275
8.280652648
8.420952421
8.590725377
8.737434219
8.863957289
8.955933251
8.997242952
9.000697345
8.970322872
8.928231127
8.865568392
8.814902694
8.83343921
8.920703149
9.009559273
9.093398603
9.179300674
9.287215665
9.414007441
9.512565787
9.589839862
9.618065133
9.617016121
9.575774003
9.498164704
9.377189478
9.257867191
9.188124279
9.181289876
9.239033239
9.325776619
9.418537895
9.497839102
9.526757039
9.505766026
9.454574929
9.379638163
9.305314722
9.23023569
9.161036091
9.096716826
9.052899931
9.003714009
8.959917156
8.915613578
8.881693565
8.831629878
8.756597499
8.675645624
8.599008217
8.532606934
8.481310685
8.440265756
8.403531903
8.378684813
8.352891763
8.328878058
8.283792513
8.241804663
8.202347675
8.171226849
8.130766468
8.085264015
8.028719434
7.967918393
7.896033781
7.850461111
7.81781591
7.768615371
7.727730228
7.67590524
7.608654649
7.533011045
7.466831957
7.410821052
7.374307735
7.370028797
7.370028797
7.374482342
7.379532725
7.380304175
7.364238695
7.362728559
7.351470102
7.36375057
7.388603288
7.418335454
7.426835368
7.435754733
7.429863777
7.414037567
7.404880384
7.375021761
7.325062049
7.274870975
7.219813341
7.169636819
7.123534649
7.07298287
7.03089568
6.971245596
6.87896026
6.746694762
6.573955705
6.367970505
6.141606724
5.899087661
5.665079794
5.458562988
5.337688012
5.348598112
5.429471868
5.509472513
5.566480949
5.584182603
5.584182603
5.554919317
5.526338302
5.4530952
5.330188735
5.173516349
4.999735431
4.805313955
4.595828403
4.35507134
4.07913026
3.801768081
3.536871629
3.298217862
3.088387342
2.91332736
2.752726103
2.632095065
2.518438352
2.426320471
2.351408839
2.26330623
2.18967725
2.091325014
1.961048677
1.833632022
1.717764819
1.581460778
1.412949197
1.226665589
1.044471687
0.847902058
0.621078407
0.392230343
0.1687425
-0.075113247
-0.335240748
-0.578662225
-0.804271324
-1.007128304
-1.244425084
-1.487766666
-1.740819976
-2.005342497
-2.247128015
-2.437011799
-2.572001818
-2.684801047
-2.753332708
-2.776790719
-2.804217921
-2.821330615
-2.827747573
-2.839836757
-2.884675809
-2.964801065
-3.080923373
-3.240978577
-3.392642193
-3.573510489
-3.791732531
-4.034149228
-4.298289169
-4.587778509
-4.864006227
-5.128624191
-5.362295476
-5.479922772
-5.51753611
-5.53732093
-5.53161356
-5.447910577
-5.413961665
-5.415129391
-5.375792669
-5.290625936
-5.215885379
-5.126086163
-5.00691665
-4.899219094
-4.804448886
-4.685394761
-4.493368316
-4.314229391
-4.115022557
-3.92626453
-3.77071502
-3.643646405
-3.490292712
-3.221497487
-2.762484676
-2.206411717
-1.5997976
-1.000507188
-0.530988372
-0.269921073
-0.209038028
-0.246537929
-0.347563458
-0.509250422
-0.683843726
-0.77595876
-0.797168854
-0.811852745
-0.844524716
-0.930578862
-1.056449194
-1.241787236
-1.485573215
-1.752547656
-1.968076405
-2.152805755
-2.325794658
-2.462557647
-2.543653297
-2.555229506
-2.539207244
-2.530616212
-2.551852229
-2.58084344
-2.578472358
-2.570715604
-2.529769834
-2.421580886
-2.243855493
-2.10048245
-1.959315186
-1.792577667
-1.590861239
-1.384360912
-1.189379732
-0.99345257
-0.842247041
-0.767050677
-0.783120977
-0.831285671
-0.938657599
-1.072960561
-1.270403687
-1.521035092
-1.794139274
-2.063396453
-2.262575366
-2.364145778
-2.345669988
-2.263012269
-2.216988472
-2.228982624
-2.307502841
-2.377488006
-2.398285985
-2.402615378
-2.397982956
-2.400104548
-2.410243727
-2.435035791
-2.556032502
-2.703219701
-2.81655064
-2.886167857
-2.938640128
-2.993325469
-3.059514275
-3.20097942
-3.398698581
-3.592442925
-3.708106106
-3.787219687
-3.83026359
-3.835471226
-3.835471226
-3.843787279
-3.893036476
-4.01240762
-4.171302818
-4.325846106
-4.441311804
-4.527475734
-4.61640895
-4.693018335
-4.771602261
-4.86888121
-4.983098512
-5.131068116
-5.308482391
-5.499570886
-5.66105921
-5.789082171
-5.928304375
-6.028095042
-6.125711698
-6.246863292
-6.393473659
-6.530064548
-6.668525897
-6.784258781
-6.878990477
-6.955430795
-7.04764869
-7.148817565
-7.242286096
-7.322802339
-7.414804461
-7.5217557
-7.634220987
-7.757762569
-7.878547454
-7.962126119
-8.022099274
-8.045650116
-8.051785795
-8.068014147
-8.085025253
-8.111939947
-8.168318237
-8.257321341
-8.32254197
-8.389465622
-8.466417036
-8.573891947
-8.687113648
-8.756105912
-8.828455113
-8.882387211
-8.918273261
-8.934490281
-8.943513957
-8.943859305
-8.973072669
-9.019272528
-9.089365019
-9.173534004
-9.258863719
-9.350456181
-9.447087012
-9.53855895
-9.617356476
-9.688580151
-9.72539393
-9.746948546
-9.752031635
-9.759554849
-9.740294393
-9.719841002
-9.735779261
-9.809381798
-9.901888359
-9.990470321
-10.0879817
-10.19314646
-10.29602278
-10.40614455
-10.55462955
-10.72039394
-10.87725261
-10.9692163
-11.02364553
-11.01057558
-10.88048278
-10.6783315
-10.50207463
-10.41278324
-10.40281364
-10.40281364
-10.42134002
-10.42372127
-10.3714828
-10.3415604
-10.30901191
-10.21945491
-10.10258837
-9.992170851
-9.902912991
-9.818670537
-9.736782144
-9.648765374
-9.538112595
-9.404433689
-9.27537532
-9.16358956
-9.011113613
-8.868116307
-8.755588569
-8.636233779
-8.485239722
-8.297171557
-8.111631575
-7.935943241
-7.761629967
-7.594700387
-7.455385359
-7.337541862
-7.230818806
-7.123369045
-7.015681528
-6.907013206
-6.806359987
-6.72786767
-6.667526016
-6.64044789
-6.608365713
-6.565249029
-6.506150534
-6.459050999
-6.398884584
-6.288771727
-6.14267864
-5.980674579
-5.786700232
-5.552027406
-5.295697968
-5.03374845
-4.788172292
-4.551074444
-4.319437598
-4.108678014
-3.912995602
-3.727572754
-3.601054277
-3.538830491
-3.52126201
-3.516332733
-3.516332733
-3.500522364
-3.428441156
-3.290581692
-3.066645224
-2.81293536
-2.532609448
-2.240650282
-1.95364724
-1.714823579
-1.517415722
-1.389729868
-1.326661289
-1.297691531
-1.265380061
-1.20159248
-1.054897
-0.856804436
-0.659555917
-0.422510639
-0.132459394
0.152543386
0.429077023
0.66874864
0.866098813
1.017392937
1.123534726
1.217780346
1.30974458
1.396709022
1.473694544
1.565120127
1.694882453
1.819652826
1.939408109
2.069102404
2.217219576
2.363922084
2.472868351
2.539813433
2.576930345
2.613333884
2.651170531
2.676123746
2.681839671
2.686842878
2.691132601
2.718921896
2.750315351
2.783095108
2.805212707
2.830900723
2.861586959
2.892987277
2.947201867
3.006432229
3.071388715
3.137771938
3.208522515
3.289306599
3.368723089
3.452490062
3.563610388
3.699234057
3.878162986
4.075439985
4.256945286
4.395986271
4.520007705
4.615833709
4.66339892
4.694600863
4.736384428
4.796386259
4.853426235
4.927961575
4.969420753
5.006496902
5.017111134
4.983110046
4.940329363
4.913281195
4.881968301
4.837184884
4.771363899
4.678240114
4.585176874
4.513380726
4.442333462
4.370665647
4.287003369
4.231466956
4.195640705
4.169669839
4.148630905
4.110766587
4.052584982
3.967769655
3.855592555
3.756121219
3.661588372
3.585206357
3.54946463
3.548887082
3.543255469
3.538359542
3.516146731
3.489933538
3.429136378
3.353088492
3.278116307
3.179032945
3.070772016
2.924058944
2.736971001
2.541985249
2.369526169
2.272491218
2.207907338
2.153100609
2.104178856
2.045259538
1.974097164
1.872490681
1.774496716
1.669061968
1.578653325
1.486707447
1.384873552
1.272929834
1.144256626
1.015230217
0.88029885
0.745217846
0.624185695
0.500416512
0.369841277
0.215898676
0.082826828
-0.032001569
-0.140404736
-0.252282995
-0.341847481
-0.429432562
-0.534893845
-0.632917027
-0.706596826
-0.760161557
-0.81958322
-0.897506629
-0.980589749
-1.063024395
-1.153713711
-1.239304395
-1.351672951
-1.466642271
-1.581115955
-1.723249762
-1.857829401
-2.027935799
-2.261553454
-2.539467638
-2.854744563
-3.229226049
-3.669184209
-4.120921993
-4.535705874
-4.898539574
-5.152903
-5.311184164
-5.44124586
-5.559415796
-5.598310546
-5.613729756
-5.655849963
-5.740444106
-5.780161631
-5.817015283
-5.87218375
-3.177503061
