45.37630471
45.37539281
45.41932502
45.45606456
45.50217602
45.53332736
45.54951745
45.53789443
45.53301146
45.5366598
45.55003636
45.54170049
45.52144818
45.50921408
45.52346272
45.51083456
45.51976902
45.51814898
45.50854517
45.50815588
45.50743191
45.50796137
45.50076058
45.49234945
45.49787663
45.49452545
45.50135543
45.50524401
45.51051824
45.50335102
45.49650626
45.47469736
45.47421081
45.48253004
45.47062847
45.45835226
45.44828296
45.44512806
45.44996982
45.44713504
45.44330934
45.4530922
45.46268403
45.46950737
45.50158553
45.5312599
45.57112631
45.63734619
45.69532762
45.74773851
45.77091522
45.76350495
45.76736345
45.78662638
45.80870025
45.80571108
45.82934209
45.82383437
45.81689549
45.81141107
45.79637585
45.75385955
45.73814974
45.73405645
45.72499624
45.71739702
45.69586977
45.68218902
45.66837041
45.64628344
45.59408483
45.55326817
45.52078117
45.49040477
45.46803612
45.44175046
45.42314615
45.41848012
45.38241878
45.3413703
45.31005492
45.27734822
45.24861659
45.24832524
45.2408181
45.23062234
45.23305651
45.24193081
45.24050311
45.22600871
45.21850922
45.19567666
45.1845556
45.18957742
45.18627536
45.16906031
45.17882716
45.16802687
45.15601261
45.16082561
45.18338593
45.18760976
45.19248009
45.21611797
45.22983685
45.23787304
45.22761408
45.23187637
45.2478812
45.2412058
45.2268666
45.21950593
45.21401672
45.22696366
45.23686814
45.24294207
45.20655921
45.19443998
45.23309239
45.25778881
45.23972513
45.21273179
45.24062238
45.26911172
45.27843482
45.2635659
45.25633732
45.26245091
45.23398407
45.21923018
45.18609688
45.16787653
45.16013933
45.15999315
45.15012675
45.13624671
45.13175202
45.10011341
45.06095475
45.05779936
45.05979304
45.05404527
45.06815201
45.11656099
45.18778238
45.25230226
45.28527094
45.29499477
45.27530927
45.23115429
45.20442131
45.20661631
45.20950256
45.2207081
45.23709645
45.24535303
45.2304782
45.22949475
45.23001688
45.22633236
45.20380932
45.18040747
45.16997741
45.17757077
45.15489779
45.15643203
45.18956288
45.23888252
45.2679925
45.25419975
45.25385032
45.26833697
45.28412807
45.29660361
45.31973785
45.33516078
45.35546317
45.35309842
45.33723181
45.32063235
45.29662061
45.27429169
45.25589049
45.25193375
45.26359667
45.2908949
45.32562634
45.35707047
45.37492336
45.42102167
45.47800926
45.53283152
45.57328733
45.59814231
45.58178069
45.54924464
45.52858244
45.54521871
45.59009474
45.64546783
45.68030256
45.71352996
45.7608681
45.81491064
45.87428163
45.92947118
45.96466134
45.97186333
45.97544922
45.96509111
45.9437478
45.9420574
45.94013803
45.94024668
45.94090245
45.97902383
46.03206346
46.12341352
46.18525776
46.23153737
46.25031167
46.2584085
46.2429703
46.23207815
46.20775266
46.21475029
46.24600621
46.30199649
46.36184569
46.4127293
46.47867958
46.53772959
46.59381212
46.6187603
46.63173096
46.63042489
46.61713762
46.59616626
46.55987413
46.54435288
46.55200361
46.57875833
46.60602261
46.66600775
46.74267619
46.81511695
46.87089446
46.91299809
46.94870489
46.96388672
46.97861927
46.97708575
46.98068245
46.97682155
46.97589858
46.98556619
46.98435351
46.98935437
47.01297664
47.06085552
47.12466985
47.18612617
47.2299482
47.26441578
47.29103168
47.33012958
47.37280718
47.41081314
47.41771763
47.4170636
47.43473955
47.43717169
47.44535733
47.45606059
47.46124065
47.46621071
47.47596344
47.47795691
47.48623242
47.49308916
47.54397016
47.61325242
47.68578156
47.73633578
47.77565462
47.83072642
47.89125465
47.96324176
48.02283123
48.07230205
48.1295744
48.1795645
48.21493947
48.21806012
48.21573486
48.21573486
48.21845988
48.2402709
48.25600365
48.27273248
48.30945043
48.36199828
48.42214258
48.46759396
48.49613195
48.49878856
48.51048327
48.52219193
48.53391454
48.53630086
48.533611
48.54005901
48.54898643
48.58874849
48.64724892
48.67890784
48.70978187
48.75602156
48.78407468
48.82098493
48.86951579
48.92707119
48.96945753
48.99371737
49.02854331
49.06155238
49.08333489
49.10554913
49.13314862
49.1714198
49.22346763
49.26668171
49.2859021
49.30619905
49.32300521
49.33521079
49.34098306
49.34353543
49.35118138
49.36212992
49.40351299
49.45379476
49.51612037
49.56173126
49.60253834
49.63387862
49.68400513
49.74024523
49.79276108
49.90708151
50.03923531
50.12508057
50.1759526
50.1830731
50.17579041
50.19065574
50.19065574
50.21780269
50.26111928
50.3154621
50.37208378
50.41482908
50.42710807
50.43629185
50.43464434
50.44159241
50.47718253
50.50439299
50.52383458
50.55411693
50.56800957
50.58718422
50.60636313
50.63026138
50.66769072
50.71600162
50.7370217
50.73940938
50.73847223
50.73284764
50.72863901
50.73723392
50.74725524
50.75121095
50.77056368
50.78831104
50.78635496
50.78279884
50.77232036
50.77365948
50.79502083
50.82212059
50.82617203
50.8256024
50.83575126
50.8415592
50.83169425
50.82431103
50.81114028
50.82928321
50.84311256
50.86804782
50.88276475
50.89146705
50.87833081
50.86024185
50.8376692
50.81633944
50.81757288
50.88610244
50.94101492
50.96370299
50.95282637
50.94344473
50.90288746
50.84666743
50.8274036
50.84031096
50.85689428
50.87440472
50.89175921
50.90501437
50.89753813
50.90243018
50.91168392
50.91764728
50.92847603
50.92766851
50.93972434
50.93635218
50.9260138
50.91719814
50.88572951
50.8385135
50.818403
50.81429251
50.84675081
50.87624708
50.89002928
50.9021208
50.89912053
50.90392403
50.9117973
50.93095066
50.96512883
50.97371917
50.99112978
50.98844676
51.01891661
51.04498593
51.0734083
51.08925974
51.11154335
51.12549343
51.14170748
51.14497833
51.14807761
51.16275963
51.1765461
51.20632306
51.24498353
51.28303097
51.31245025
51.32737327
51.33866559
51.34481122
51.35998185
51.3728883
51.40306581
51.42500184
51.45249187
51.4628731
51.48023571
51.49132142
51.50743365
51.52047994
51.55398333
51.58756505
51.62267685
51.65168443
51.68531443
51.72818691
51.76785581
51.82094526
51.87061655
51.9084341
51.94732577
51.96740494
51.98126264
52.00275247
52.03509254
52.08592424
52.12290164
52.14925917
52.1832557
52.21426781
52.25319707
52.27857267
52.29477713
52.30637259
52.32729775
52.34260994
52.35934131
52.37340068
52.38114809
52.38955321
52.40430843
52.42097569
52.44004625
52.45010386
52.47215568
52.48280231
52.47067002
52.47861283
52.47175524
52.45460302
52.46096316
52.47323233
52.46625228
52.45186424
52.46777247
52.46551888
52.4450872
52.43151483
52.43160753
52.4558168
52.4685894
52.47827365
52.48748046
52.46927544
52.43528696
52.4096094
52.39483067
52.38044527
52.39567362
52.3938952
52.37542992
52.38091517
52.39992347
52.43070599
52.46319578
52.48712294
52.49750127
52.50752817
52.52270386
52.5330889
52.53786694
52.55798451
52.57808899
52.59268877
52.61508623
52.63206627
52.66798857
52.67886521
52.68708367
52.70213828
52.71507752
52.711135
52.72268445
52.72949534
52.74071677
52.73868617
52.75076638
52.75305562
52.76800408
52.78968583
52.81448305
52.82137305
52.82226532
52.82484693
52.80098436
52.79143824
52.80716837
52.82126234
52.84359714
52.84593435
52.86925931
52.89074562
52.89397515
52.89828929
52.90767602
52.92961946
52.94314329
52.95931993
52.96066225
52.95807995
52.94082608
52.92652945
52.91023441
52.90762331
52.90008309
52.8843012
52.86020899
52.84983285
52.85314973
52.85222314
52.83670295
52.84061621
52.83515833
52.80768731
52.79330929
52.78421194
52.773471
52.76865417
52.74127354
52.70571596
52.67904518
52.67343124
52.64857348
52.6199856
52.5727193
52.52787613
52.506617
52.48563973
52.47609437
52.46509939
52.48068546
52.49048998
52.47715177
52.45085926
52.42415866
52.40716796
52.40633471
52.3984675
52.36185571
52.35470248
52.33352972
52.29956892
52.26443073
52.24412583
52.24397391
52.24470045
52.23777204
52.23777204
52.23546317
52.2331546
52.22623069
52.21316873
52.18862301
52.15495136
52.13528961
52.11204397
52.03980908
51.97264174
51.90787108
51.81703313
51.70450427
51.62603901
51.52359153
51.43959315
51.36718423
51.27803637
51.20250842
51.14727418
51.10222592
51.076693
51.05391629
51.03664291
51.02074387
51.00006754
50.96838999
50.92225852
50.87937356
50.83284874
50.76225329
50.6780896
50.57868318
50.48756491
50.40339972
50.35257188
50.29825985
50.23332833
50.17885134
50.14687289
50.12784482
50.12758136
50.12000704
50.08783759
50.05133292
50.00690793
49.94550939
49.88228571
49.8232157
49.72124933
49.63709603
49.58004449
49.49189249
49.39814647
49.34229502
49.31712062
49.2744776
49.2400846
49.21304722
49.16759034
49.12140129
49.10352288
49.10288602
49.08927867
49.05845248
48.99893487
48.96220217
48.94996966
48.9183885
48.87811742
48.83282587
48.7705879
48.67586615
48.56223182
48.47847962
48.42188988
48.35305547
48.28496605
48.20395005
48.10284603
48.01335183
47.94430559
47.88731009
47.8442132
47.82572601
47.79061078
47.72845152
47.68283934
47.65677598
47.59763883
47.50634481
47.41738134
47.33478181
47.24888131
47.19494808
47.19334419
47.19920482
47.19531445
47.17828849
47.14916221
47.12059983
47.07689576
46.98044866
46.85480969
46.70353609
46.51379589
46.30386621
46.13224858
45.97912857
45.805552
45.59816033
45.38974863
45.12349111
44.75652617
44.31005963
43.86535147
43.42996357
42.98909675
42.50945287
42.00710353
41.55711974
41.11753544
40.73638807
40.49401605
40.4803262
40.50467747
40.52646547
40.65202645
40.82102327
40.96469859
41.07941772
41.1940968
41.37539287
41.58661269
41.78746621
41.95773067
42.14478849
42.34273288
42.56270499
42.7850927
42.98684033
43.18066809
43.35284685
43.51974599
43.65712493
43.75951414
43.87252226
44.00211896
44.14122565
44.27015631
44.39236496
44.50738197
44.61414274
44.70067488
44.78971047
44.89235371
45.00007933
45.13061467
45.29999478
45.43120585
45.52874651
45.63009989
45.70839492
45.77050083
45.82881869
45.87799556
45.9055634
45.94066913
45.96312039
45.97485382
46.03260237
46.10720618
46.17497535
46.23938581
46.30520304
46.36355368
46.39357297
46.39384737
46.39359054
46.39191815
46.40370708
46.43241781
46.52073293
46.6525515
46.73141678
46.75770662
46.79148754
46.86370298
46.87394509
46.89623589
46.94216468
46.96384208
46.96923738
47.01600234
47.05925725
47.09752625
47.1499676
47.19788331
47.2039603
47.18954863
47.14934292
47.12830926
47.10786915
47.10681812
47.11899419
47.13038292
47.14390215
47.177715
47.22641854
47.24524154
47.24977752
47.25125793
47.24577864
47.22216106
47.21078539
47.20887608
47.21955871
47.21766529
47.21447558
47.22069994
47.24441103
47.24070077
47.24356501
47.25213864
47.2577304
47.23333406
47.17563912
47.1045642
47.02946417
46.95037793
46.86954109
46.84596353
46.85093001
46.85898918
46.85772599
46.860174
46.84936378
46.82152207
46.77542083
46.71205822
46.67588176
46.6824013
46.70042711
46.72385819
46.79089173
46.85791958
46.91768093
46.95676256
46.95017
46.94242088
46.93358621
46.91148984
46.878275
46.89531938
46.90018112
46.89864764
46.8980183
46.89671315
46.89542277
46.89681059
46.88821625
46.87245419
46.85111372
46.8245778
46.82332005
46.81619144
46.79840584
46.77101889
46.76274904
46.75934724
46.75934756
46.74947667
46.74812072
46.73405924
46.72170277
46.71839001
46.73029242
46.74110256
46.75800366
46.76917545
46.76190453
46.74684532
46.73188895
46.70297807
46.66908507
46.64145947
46.62261402
46.60217848
46.5847087
46.55331326
46.53914796
46.51126266
46.47422533
46.46433124
46.44791918
46.41137443
46.40763307
46.42267872
46.42438972
46.45168108
46.50006548
46.53081403
46.5356261
46.52051564
46.50115465
46.50115465
46.50271644
46.50231149
46.48423216
46.47110677
46.46310158
46.44441153
46.41013943
46.3938965
46.36807153
46.3454301
46.32604592
46.31652318
46.30408806
46.31285797
46.30170865
46.28299772
46.26349986
46.2670926
46.2700714
46.27086318
46.26071872
46.24645344
46.24658289
46.24682012
46.2383027
46.23028469
46.20329905
46.19534138
46.18164799
46.16227563
46.13956732
46.13020727
46.11917077
46.12804868
46.14025407
46.1677686
46.21036895
46.24504991
46.26301921
46.25894619
46.23786069
46.20293107
46.19098118
46.21291706
46.2223759
46.24803083
46.28850614
46.32892947
46.34509649
46.36288872
46.37721817
46.3676872
46.35192221
46.34258603
46.31939124
46.29694927
46.26439884
46.25337354
46.24180033
46.21535891
46.18146495
46.16458609
46.1571257
46.15221773
46.15797986
46.17708939
46.19467117
46.20577858
46.21865146
46.22516875
46.21905166
46.20060967
46.20486166
46.22692867
46.26033724
46.26534592
46.2991735
46.35133529
46.42197158
46.48985867
46.54146269
46.5619015
46.57185548
46.57091944
46.56358484
46.56052198
46.56172077
46.5695883
46.5993647
46.65442642
46.7075806
46.73597712
46.76958554
46.81560732
46.85043385
46.8806062
46.90829085
46.92005189
46.94157572
46.94313606
46.95161173
46.96479285
46.98367507
47.00222911
47.02931624
47.05313834
47.08940025
47.13311421
47.17402582
47.21000043
47.25153702
47.30657428
47.35511874
47.3885782
47.41901934
47.42160058
47.41110329
47.40062362
47.39919018
47.40751367
47.41247441
47.41980156
47.45208484
47.50446073
47.54205744
47.56492798
47.58874879
47.61236
47.64495447
47.69336218
47.73693559
47.75846803
47.75291797
47.75909886
47.76698393
47.76748235
47.79066571
47.81221534
47.84814902
47.8990889
47.96768138
48.02058939
48.04753693
48.05539916
48.06750229
48.09106501
48.12354742
48.13417211
48.14231724
48.15598091
48.1773567
48.19328657
48.19825207
48.21509389
48.24104211
48.26851962
48.29088574
48.31161136
48.34133689
48.36013634
48.38315768
48.41041849
48.45393709
48.45785081
48.4637671
48.4572102
48.45546954
48.45442265
48.46835891
48.48574409
48.52768711
48.56641774
48.58715895
48.61641172
48.63316651
48.65094767
48.65758759
48.6709613
48.66792536
48.67960888
48.68693074
48.6925928
48.71152762
48.72194848
48.73425887
48.7510693
48.75016814
48.74030108
48.73110381
48.71921531
48.72044441
48.72906206
48.73052903
48.72636954
48.72313118
48.72645797
48.71800236
48.69039986
48.68171261
48.69564145
48.70953947
48.72851355
48.73927972
48.73431453
48.71897319
48.70889991
48.69967525
48.70410229
48.71103363
48.72702386
48.74494041
48.7539021
48.75844575
48.75969589
48.75956176
48.75510904
48.77488405
48.80876518
48.824195
48.82683439
48.82969958
48.83117459
48.8398488
48.85403576
48.8707288
48.89156762
48.90376904
48.93361226
48.94207794
48.94355059
48.93935574
48.94104083
48.95138831
48.97768241
49.0011667
49.01900074
49.03153823
49.03903865
49.04412203
49.07142259
49.10942331
49.1443551
49.15968726
49.19160633
49.20204842
49.21180348
49.22539189
49.24339213
49.27482343
49.31621211
49.35994662
49.41677635
49.49208457
49.56478508
49.61970987
49.63319812
49.65316779
49.67376507
49.67570726
49.68419221
49.6889295
49.70876155
49.73207707
49.76771091
49.79652909
49.83084048
49.84045754
49.81608873
49.82584124
49.87391708
49.8985103
49.92673025
49.92406696
49.91681301
49.92133193
49.91947961
49.91352886
49.89448035
49.8913147
49.89790207
49.88958502
49.87676256
49.84332675
49.80452662
49.75310047
49.71588584
49.72166508
49.74915789
49.75548706
49.75352603
49.76392795
49.75698116
49.75167834
49.74862897
49.74579232
49.78140559
49.83964313
49.87577736
49.90641286
49.91674638
49.91670625
49.90593049
49.90611529
49.91799665
49.92231859
49.92379849
49.92036471
49.9276878
49.94315454
49.95540345
49.97544324
49.99349754
50.01284517
50.02953828
50.04904032
50.0637185
50.08230456
50.09282903
50.10623321
50.11218979
50.11115989
50.11070449
50.10852766
50.10682775
50.09797073
50.10434713
50.10430247
50.12254894
50.1351674
50.13624534
50.12090053
50.09326733
50.07192458
50.04956569
50.01854083
49.98917932
49.95104978
49.92335657
49.88315131
49.87181489
49.84812506
49.81942489
49.78949437
49.77232213
49.78318124
49.7904099
49.78767909
49.79525706
49.79525706
49.79151716
49.79284758
49.80176146
49.80178626
49.80078135
49.80488118
49.79398471
49.79959605
49.80270383
49.79408053
49.78663711
49.78291216
49.7803631
49.79055899
49.80078058
49.81617947
49.83447746
49.85549424
49.87406746
49.88102269
49.89175933
49.89406829
49.88984455
49.9117294
49.942089
49.94038881
49.92483411
49.88037797
49.83159008
49.80452415
49.79026184
49.7692309
49.73888458
49.72282799
49.69719388
49.68025196
49.6655707
49.6655707
49.64323099
49.62617634
49.59031638
49.53869279
49.47321695
49.40102355
49.33583233
49.28016787
49.23273576
49.16724483
49.09745273
49.0085163
48.92068762
48.84986182
48.79805787
48.73694697
48.691292
48.65385813
48.61928467
48.59125958
48.57453722
48.55253081
48.53755877
48.52166089
48.49627178
48.45386303
48.39351649
48.33252535
48.26557387
48.21656114
48.15243515
48.07806071
47.99838915
47.92129665
47.8486642
47.79770453
47.75301092
47.68889978
47.63276281
47.57113135
47.51334704
47.46361431
47.40587151
47.37166711
47.32810574
47.27059083
47.21490414
47.18338645
47.15009442
47.11559078
47.10513722
47.09796141
47.0942491
47.06486125
47.0455884
47.03628439
47.00337177
46.96280279
46.89806429
46.80170326
46.69872887
46.59522405
46.51634007
46.46288823
46.42908251
46.38903846
46.32989842
46.26200133
46.21996668
46.19549174
46.19288689
46.1920059
46.18646501
46.18710048
46.17456022
46.14345499
46.11139161
46.06681265
46.01904526
45.93622239
45.80798688
45.5642605
45.25859892
44.96350018
44.69127798
44.40905097
44.0650104
43.65879764
43.16780997
42.66270266
42.17031894
41.7048865
41.25021623
40.81701895
40.50136393
40.28284856
40.19987822
40.18361931
40.19454779
40.25564369
40.32679202
40.4323258
40.54474407
40.70213972
40.88903319
41.07878278
41.2681174
41.51267473
41.76800156
42.01875185
42.20689808
42.35281221
42.46488808
42.53656819
42.55583939
42.6117901
42.71287088
42.85356108
43.00806817
43.19977677
43.37006468
43.5134745
43.63104676
43.73029767
43.81648301
43.93659475
44.06744511
44.17966469
44.25526743
44.31035888
44.32688058
44.32509917
44.33700161
44.3866424
44.49393706
44.65222599
44.87889934
45.1482906
45.48262365
45.82236489
46.1176916
46.32114058
46.37957888
46.34692957
46.2769297
46.22926879
46.22497884
46.25435191
46.27532345
46.30432902
46.33731763
46.38789133
46.43514514
46.498788
46.56478949
46.63584857
46.66638977
46.68148857
46.6887409
46.71502985
46.76975462
46.84230095
46.8953923
46.94062409
46.96402758
46.97555303
46.98262289
46.97716884
46.97627554
46.97627554
46.98475794
46.99809195
47.03211159
47.08031404
47.10370747
47.09519712
47.09565002
47.08875272
47.06911123
47.04326906
47.04513351
47.05624624
47.05911174
47.0535506
47.04603173
47.01374304
46.98589135
46.97626066
46.9688932
46.94028429
46.92212687
46.94202522
46.95591099
46.98080347
47.01125361
47.06162357
47.10091286
47.09126488
47.07606367
47.07543894
47.07612534
47.08384294
47.08371276
47.07597381
47.10656596
47.15127985
47.16474193
47.1745081
47.16839933
47.16652909
47.16726482
47.18019874
47.17279066
47.17108853
47.16745974
47.17357991
47.19068171
47.21055962
47.23160682
47.23180821
47.21707701
47.21731158
47.21605231
47.20642564
47.20726778
47.21146686
47.20468104
47.18828216
47.18192362
47.16314278
47.14860707
47.12954885
47.10575032
47.08214984
47.0592164
47.04670341
47.04427847
47.0383444
47.03292365
47.0327734
47.02301584
47.02107149
46.99881595
46.98018766
46.96611743
46.95980155
46.9491852
46.94073289
46.91477562
46.88797776
46.85316344
46.81992038
46.80590323
46.80440016
46.81365635
46.84047578
46.85945246
46.87871649
46.89623688
46.89705917
46.9009929
46.89807684
46.89807684
46.89221277
46.88310428
46.87307428
46.85751515
46.83030423
46.80916481
46.78890229
46.78090572
46.77653231
46.77483708
46.76638193
46.76221719
46.7409155
46.74397811
46.72916839
46.71082744
46.69604542
46.66198308
46.60995622
46.58159376
46.5728878
46.565079
46.59371682
46.65191128
46.70780991
46.75738651
46.78337839
46.78974519
46.7963478
46.7850265
46.79645188
46.81247242
46.84178937
46.87101816
46.89354333
46.89162613
46.88758847
46.88370764
46.87953781
46.86924386
46.86795101
46.87460132
46.89676063
46.91730133
46.95531343
47.00574438
47.05602253
47.10808513
47.16264156
47.21265686
47.26801038
47.30364958
47.34260887
47.38706262
47.38796034
47.38688853
47.39700995
47.39653315
47.39653315
47.39666773
47.39473029
47.4106416
47.41678657
47.41682001
47.42004395
47.43223931
47.44432048
47.44873861
47.44884887
47.43754019
47.43928631
47.43014435
47.44012317
47.45580769
47.47257741
47.4866089
47.49677108
47.49939941
47.50370774
47.50558256
47.51904955
47.55693681
47.59305353
47.60669277
47.60390564
47.61928348
47.62142677
47.62191115
47.62250312
47.64638016
47.65599942
47.66762967
47.67941187
47.68959238
47.68558922
47.7023397
47.73970306
47.77435166
47.7885084
47.79823398
47.8170581
47.8471975
47.88333535
47.9149642
47.94208074
47.9588761
47.968788
47.98581018
48.00003293
48.00538637
48.01094686
48.0210953
48.01655895
48.01231553
48.01295618
48.02287233
48.03076715
48.03941961
48.03919293
48.03493216
48.01443135
47.99147622
47.95867647
47.91470186
47.8982929
47.89748961
47.8959157
47.90588802
47.93009881
47.94596883
47.9626044
47.96747701
47.98886679
47.99124489
48.01192198
48.03696603
48.05211891
48.07171609
48.09959502
48.13152786
48.17044845
48.22549415
48.27975238
48.32592954
48.37245494
48.42305201
48.47877624
48.52996991
48.56841919
48.61996888
48.66252413
48.70057073
48.73636951
48.76456475
48.79725679
48.82716283
48.84957236
48.88712935
48.92263076
48.93901315
48.94606101
48.94443022
48.94194001
48.94435151
48.94095296
48.94820586
48.96594724
48.98959388
48.99492629
48.98093226
48.9470105
48.92982634
48.88580418
48.85889778
48.84216915
48.81676136
48.81910519
48.81632115
48.81966098
48.82481234
48.82040113
48.79070093
48.77891152
48.75488001
48.7303221
48.6995822
48.67452037
48.65140804
48.62291935
48.59083558
48.55671118
48.52282877
48.50896542
48.48004143
48.44399119
48.42491315
48.40759959
48.4022846
48.40049918
48.38241548
48.36808305
48.35710291
48.35726045
48.36588961
48.36674374
48.36383467
48.3588021
48.3638414
48.36786349
48.35140295
48.32559085
48.30091002
48.27702568
48.26354283
48.22961554
48.21310897
48.18754943
48.1496616
48.09545675
48.03769725
47.9458874
47.85754335
47.77129316
47.70553027
47.6387302
47.55188101
47.46762839
47.38905771
47.32251146
47.31336638
47.29596917
47.28526651
47.27314275
47.28516184
47.26716476
47.25628409
47.2563571
29.0984377
