-4.854443845
-5.00659825
-5.119233283
-5.258906159
-5.401659351
-5.567858898
-5.740559007
-5.919691858
-6.102741399
-6.341624701
-6.612669768
-6.889573009
-7.155903948
-7.410488997
-7.686367498
-7.97427582
-8.258450416
-8.545803784
-8.816107533
-9.07050122
-9.319864023
-9.53689666
-9.732271138
-9.901321831
-10.05049593
-10.21294213
-10.43960643
-10.71023182
-11.0273348
-11.36664716
-11.74140191
-12.15158701
-12.57274329
-12.98293901
-13.36905158
-13.74083767
-14.08685436
-14.39480569
-14.69209331
-14.98351417
-15.24383569
-15.46192686
-15.65578354
-15.81422008
-15.92025382
-16.00673488
-16.08825786
-16.17459496
-16.25600449
-16.34005799
-16.44213628
-16.54410041
-16.67366879
-16.84323608
-17.02891979
-17.19758647
-17.38646011
-17.59889455
-17.8168426
-18.006787
-18.16129143
-18.27241429
-18.32829882
-18.38784898
-18.44788181
-18.50085421
-18.54949305
-18.5772935
-18.56817452
-18.55363255
-18.56199251
-18.60384758
-18.67094596
-18.75962978
-18.87144143
-18.99316596
-19.1304122
-19.28406312
-19.42050178
-19.53133059
-19.61053605
-19.68996326
-19.71909275
-19.69221364
-19.61456383
-19.50600772
-19.39825624
-19.28281334
-19.11068547
-18.89402661
-18.61648379
-18.31591633
-18.01973533
-17.689906
-17.34413544
-17.02265906
-16.71628001
-16.43037341
-16.16270862
-15.92298514
-15.70557525
-15.52598293
-15.38231202
-15.26635837
-15.15758633
-15.04610921
-14.9025663
-14.74308408
-14.58412972
-14.4262616
-14.26341236
-14.10872458
-13.95112102
-13.79972552
-13.63388341
-13.48430573
-13.32840526
-13.17868552
-13.00116997
-12.84764317
-12.73118548
-12.65127175
-12.5913959
-12.55007186
-12.53080198
-12.52758919
-12.49626028
-12.4587317
-12.40990979
-12.35089726
-12.2855085
-12.21566732
-12.13570926
-12.03680449
-11.92968723
-11.76719575
-11.5492759
-11.2982709
-10.9863088
-10.63624999
-10.30614463
-10.00510449
-9.750451638
-9.54614111
-9.414049533
-9.316872996
-9.228436062
-9.116477192
-8.958628478
-8.755133301
-8.532212722
-8.282496367
-7.990549263
-7.682757471
-7.403001189
-7.152389125
-6.935761773
-6.744833278
-6.564551837
-6.409471505
-6.279636383
-6.154482294
-6.031029207
-5.884392994
-5.709885289
-5.517085121
-5.304537199
-5.039507554
-4.723811048
-4.357524511
-3.996435802
-3.620949921
-3.242324316
-2.907158393
-2.59609339
-2.35322576
-2.18486159
-2.069570094
-1.981382153
-1.892285567
-1.791418755
-1.696124888
-1.563610913
-1.385770329
-1.169493893
-0.948207903
-0.702204239
-0.420855449
-0.148374192
0.130456593
0.373077475
0.599575534
0.78415014
0.919597749
1.0289056
1.159707564
1.313715349
1.49776909
1.699320884
1.92930038
2.196189871
2.493987446
2.825839948
3.134343619
3.462458602
3.817474476
4.151285163
4.444921639
4.685102043
4.915740616
5.116267719
5.289120066
5.469131186
5.667219806
5.898206579
6.146075377
6.395179979
6.665337745
6.957785337
7.256333208
7.582381968
7.952837178
8.311851812
8.663170377
9.002641148
9.30050809
9.573428976
9.784706672
9.945089763
10.0497522
10.09955278
10.1165293
10.1383954
10.18615059
10.23771667
10.2930045
10.342656
10.38199642
10.43047518
10.49409598
10.55761925
10.61736141
10.66755779
10.72741002
10.81080851
10.90889848
11.05398964
11.24173944
11.44673921
11.69802017
11.98245622
12.2928959
12.62750219
12.93325965
13.17878059
13.38585993
13.53288259
13.62338874
13.68166778
13.72167247
13.75611366
13.7806759
13.84192307
13.9222362
14.02656206
14.14029959
14.26386959
14.40102802
14.57523949
14.7402858
14.87810401
15.00629033
15.1105178
15.1718677
15.2014658
15.21166257
15.20766657
15.20434154
15.21518828
15.21657724
15.25070988
15.31252245
15.38786769
15.45426281
15.51594282
15.57777217
15.59754716
15.59827461
15.59960862
15.61982139
15.62176759
15.61444573
15.61641897
15.60883657
15.59733749
15.59026158
15.58289259
15.57491224
15.55785319
15.54503813
15.5414605
15.53788181
15.5436909
15.55811475
15.59600537
15.63875771
15.66306246
15.69660845
15.73439959
15.80444392
15.89740411
15.9908453
16.05631302
16.10238596
16.12962361
16.10113021
16.00665224
15.84980416
15.64109201
15.41368254
15.16676654
14.94783072
14.74337404
14.53857134
14.34365597
14.16226623
14.00421182
13.84977023
13.71438904
13.60955937
13.51934561
13.41400733
13.29844742
13.2034841
13.1134841
13.0127153
12.90693323
12.78782986
12.67316745
12.53352392
12.40909923
12.30947106
12.2497149
12.19937662
12.16023471
12.13816172
12.13888706
12.16421841
12.20439177
12.25296426
12.29404529
12.34517553
12.38988198
12.44221266
12.47778298
12.50479206
12.52328702
12.49331033
12.40927365
12.26756504
12.08883995
11.87482332
11.62670568
11.40287143
11.20535354
11.00582034
10.80033695
10.59626918
10.39389821
10.19870332
9.986415408
9.773432702
9.566289284
9.319709582
9.070836749
8.811798142
8.527136258
8.242225337
7.952851199
7.656910604
7.375402968
7.10363002
6.840889927
6.596340775
6.367808439
6.141712544
5.945805796
5.768547868
5.581286074
5.380728042
5.194938063
4.976835757
4.718305306
4.409118394
4.056327048
3.636724044
3.185990992
2.70349901
2.18725512
1.698840487
1.263268448
0.879041551
0.540844246
0.276498465
0.092691478
-0.023095497
-0.062282735
-0.073674299
-0.095286109
-0.12846811
-0.167769332
-0.280668097
-0.480780329
-0.746382867
-1.040899953
-1.413122796
-1.84237186
-2.306934172
-2.773328132
-3.251872811
-3.73222049
-4.166029854
-4.476855524
-4.677055927
-4.804435332
-4.834530917
-4.786257226
-4.694945353
-4.611567121
-4.536689556
-4.489822533
-4.475325459
-4.465627779
-4.446110531
-4.39701609
-4.306264762
-4.207128376
-4.083169837
-3.913259982
-3.756594475
-3.642306047
-3.569421738
-3.578661118
-3.67986228
-3.815867944
-3.908779762
-3.934253369
-3.928523932
-3.921437278
-3.957808042
-4.06059981
-4.214053108
-4.401895412
-4.608837745
-4.771736718
-4.851397352
-4.886249772
-4.88050565
-4.863350579
-4.833359086
-4.808042794
-4.788838577
-4.753736061
-4.69347473
-4.595161505
-4.431696425
-4.269485362
-4.142338615
-4.017867244
-3.929636528
-3.92008994
-3.956373246
-4.048434706
-4.148910629
-4.269939432
-4.393874439
-4.554316889
-4.688309647
-4.783790508
-4.88413069
-4.969412491
-5.035971519
-5.087239039
-5.12829584
-5.146254274
-5.152182718
-5.157081767
-5.18886502
-5.223524646
-5.273995384
-5.398357877
-5.592779491
-5.808845446
-6.029950765
-6.271530462
-6.520847047
-6.731048114
-6.906721168
-7.071685258
-7.208032373
-7.353116562
-7.526530188
-7.698224973
-7.865968503
-8.066975757
-8.335321933
-8.646097584
-8.945995277
-9.236222602
-9.49015481
-9.726159424
-9.936715748
-10.1206404
-10.27539499
-10.40861548
-10.54531584
-10.6770725
-10.83577154
-11.00053103
-11.17597558
-11.35877549
-11.54152346
-11.73513708
-11.91890631
-12.07700391
-12.23128221
-12.35867125
-12.48713532
-12.60212617
-12.69281883
-12.75066071
-12.82062287
-12.89782583
-12.96534776
-13.0314474
-13.12042852
-13.21163938
-13.29041855
-13.42353259
-13.58987253
-13.72823866
-13.83951544
-13.93263722
-14.01219118
-14.07308235
-14.13234003
-14.15062453
-14.14735137
-14.14406247
-14.13424136
-14.09859319
-14.04507131
-13.94838004
-13.86897951
-13.81433315
-13.7480998
-13.69462154
-13.68670774
-13.70830442
-13.72053935
-13.75156846
-13.79826813
-13.82924225
-13.85775732
-13.88638251
-13.91600502
-13.93020547
-13.91864436
-13.90282264
-13.88105008
-13.83156964
-13.74858665
-13.65453223
-13.52989507
-13.38077041
-13.19884585
-12.99327962
-12.74603728
-12.46127979
-12.15814815
-11.85490017
-11.57285908
-11.30373547
-11.07708649
-10.846264
-10.64621302
-10.46061543
-10.31733129
-10.18739625
-10.07448045
-9.961116621
-9.856580045
-9.702790497
-9.507626612
-9.254789901
-8.985932669
-8.667901781
-8.320548849
-7.960934968
-7.592485961
-7.262702322
-6.955753699
-6.67483922
-6.405157989
-6.140401972
-5.881612654
-5.671807379
-5.536592699
-5.397759634
-5.276259896
-5.124817255
-4.961590754
-4.758116966
-4.512474329
-4.255939773
-4.012023112
-3.791404292
-3.585281083
-3.371401442
-3.182707465
-3.042790907
-2.926571673
-2.82251396
-2.722723191
-2.640997163
-2.55553801
-2.461626236
-2.351412316
-2.183893944
-1.980233473
-1.795805464
-1.612326412
-1.418866242
-1.233513394
-1.075532911
-0.933987474
-0.78649042
-0.632860855
-0.508883063
-0.390857216
-0.271793727
-0.149141882
0.009189808
0.21577441
0.437385846
0.681890678
0.951596561
1.257206867
1.563350885
1.856476768
2.127883941
2.357509514
2.521964159
2.626013408
2.701323001
2.751865417
2.794343482
2.818247997
2.854941709
2.929141905
3.032065514
3.148217543
3.295472728
3.457863721
3.644577947
3.852177764
4.081058086
4.31090749
4.534860713
4.799629656
5.108791631
5.412364888
5.665123259
5.863813269
6.029797743
6.167694756
6.296231939
6.434225251
6.535194056
6.663744576
6.829739167
7.019171431
7.177236846
7.342840714
7.517857298
7.698431851
7.883738181
8.09068275
8.329271735
8.580652418
8.826516065
9.086524849
9.374436155
9.680865904
9.968607536
10.21912713
10.45052274
10.61604676
10.73085305
10.82149658
10.89100341
10.95312912
10.99674134
11.03059135
11.09366233
11.1271769
11.16606528
11.22219553
11.31164326
11.43724197
11.54161265
11.62848849
11.70512112
11.76175863
11.771853
11.77846403
11.76587565
11.72077134
11.68448147
11.6510575
11.61028212
11.54736642
11.47559491
11.39370428
11.27951013
11.16015562
11.05319815
10.9716045
10.90728284
10.84965841
10.81100872
10.78965453
10.76723618
10.74175381
10.70636698
10.65155061
10.57083881
10.45857688
10.32145315
10.15945442
9.978726218
9.786409193
9.578451466
9.37108088
9.17426444
9.002740208
8.84016502
8.663948177
8.470112499
8.271307528
8.045812605
7.784809247
7.527149992
7.293325789
7.065477777
6.848233165
6.670272452
6.518197701
6.37019815
6.248665065
6.174985456
6.113431216
6.098578703
6.118860454
6.138113875
6.138677898
6.149893247
6.170168204
6.179793398
6.182605491
6.166382167
6.15130036
6.131480978
6.084513673
6.021595984
5.926618296
5.80113452
5.663731427
5.503159182
5.296327268
5.070907389
4.856815264
4.610482365
4.34654233
4.083303216
3.821457539
3.565747361
3.330412742
3.115146044
2.926058246
2.772236806
2.638900787
2.506711774
2.383360724
2.235770014
2.019820214
1.740283953
1.407574321
1.013062616
0.586968007
0.114137797
-0.364818358
-0.815831513
-1.248100575
-1.649826342
-2.046655187
-2.39540071
-2.685218394
-2.935777989
-3.138113132
-3.268429308
-3.375777731
-3.468584112
-3.570189541
-3.612394803
-3.606622517
-3.583546415
-3.571968659
-3.541268239
-3.498539369
-3.444475899
-3.361656446
-3.269237562
-3.201350036
-3.155141233
-3.088260997
-2.976481663
-2.855609578
-2.767582851
-2.708599263
-2.657785874
-2.661035166
-2.715242743
-2.809584491
-2.908528134
-2.984530212
-2.990899098
-2.976932847
-2.985041193
-3.003746045
-3.026231812
-3.076016055
-3.174599298
-3.275274289
-3.391702985
-3.535694733
-3.666132962
-3.74433653
-3.816880319
-3.87642508
-3.906277445
-3.880846906
-3.852649939
-3.815954575
-3.736666535
-3.658665144
-3.615769832
-3.606769554
-3.617382059
-3.646383521
-3.633171852
-3.586850678
-3.524030269
-3.44552816
-3.353533129
-3.291026007
-3.265855305
-3.2279325
-3.259959026
-3.312881097
-3.392533125
-3.426374166
-3.476388952
-3.542507184
-3.636746128
-3.767844539
-3.926147633
-4.066627489
-4.18496216
-4.292275016
-4.37553158
-4.462287389
-4.559985312
-4.642636114
-4.720601967
-4.844659243
-5.01824114
-5.176449928
-5.325877738
-5.456846608
-5.59359018
-5.727457907
-5.855575236
-6.00132428
-6.161844759
-6.360443065
-6.586574524
-6.836486562
-7.07991873
-7.309105079
-7.533442339
-7.725360626
-7.899403257
-8.086306989
-8.247866084
-8.407273306
-8.525566265
-8.651332643
-8.775881146
-8.883067559
-8.990674848
-9.094919406
-9.192042685
-9.291213038
-9.39834164
-9.486397305
-9.586954304
-9.710608794
-9.834420215
-9.939033209
-10.03008489
-10.12936713
-10.215926
-10.29552343
-10.3928943
-10.49747535
-10.58625962
-10.64293073
-10.67839559
-10.69372492
-10.67060787
-10.64361249
-10.6363577
-10.62149894
-10.59565016
-10.57245108
-10.54749375
-10.52034545
-10.45360417
-10.37375303
-10.28204686
-10.18391439
-10.07702134
-9.979109511
-9.861338069
-9.708900702
-9.536818243
-9.356099692
-9.154877909
-8.910029219
-8.644247208
-8.372937905
-8.107699426
-7.829020421
-7.520022208
-7.243965608
-7.02987979
-6.885461588
-6.791800526
-6.726820565
-6.65780294
-6.553278256
-6.419027067
-6.228994219
-6.004227684
-5.718445592
-5.375141353
-5.004858704
-4.627871127
-4.237041913
-3.853453755
-3.502525849
-3.186585517
-2.9577693
-2.76637783
-2.616111943
-2.499258724
-2.419584615
-2.361204442
-2.300617074
-2.200389223
-2.023721927
-1.784760572
-1.510079263
-1.168866355
-0.777236935
-0.327496784
0.124243719
0.568516063
0.980471332
1.31448068
1.589974794
1.795566063
1.947746692
2.057646719
2.151849569
2.246782178
2.337003276
2.414315936
2.509817807
2.635666927
2.795839189
3.003273729
3.239753055
3.461900445
3.659772362
3.811952811
3.910805966
3.971001457
4.026537086
4.055838662
4.086969159
4.140108576
4.194388302
4.255656712
4.322779766
4.416615118
4.53897445
4.649324234
4.750161836
4.857803247
4.945916301
5.015102504
5.079545231
5.128613939
5.178771625
5.242626765
5.308106898
5.377258936
5.450095338
5.534518041
5.614237359
5.705112406
5.796023232
5.879023022
5.952516855
6.018128958
6.094345454
6.183858481
6.224212463
6.214344548
6.162698391
6.101982749
6.034280011
5.987740298
5.949686205
5.925949555
5.886261356
5.807288113
5.698022893
5.581255559
5.422335506
5.24945382
5.066278315
4.839488475
4.593178502
4.339889065
4.077919539
3.814907394
3.580793655
3.320289567
3.072441751
2.829940647
2.567366956
2.312605522
2.041518914
1.749155149
1.458903372
1.162313633
0.855963865
0.547782338
0.221350659
-0.107901143
-0.439893188
-0.748634801
-1.024096101
-1.275864797
-1.454337393
-1.621712604
-1.774013721
-1.912617282
-2.024280854
-2.088935334
-2.13900649
-2.191439078
-2.255356188
-2.343426956
-2.487351371
-2.643267977
-2.741093131
-2.772369042
-2.785384996
-2.808687944
-2.851545649
-2.897250812
-2.949429779
-2.988303123
-7.3051621
