-6.239195737
-6.239195737
-6.23504587
-6.223055704
-6.21306693
-6.208913809
-6.20476027
-6.210919296
-6.223238345
-6.229398369
-6.241719417
-6.241719417
-6.245735155
-6.249612955
-6.282445532
-6.325613574
-6.381139315
-6.430518166
-6.473742132
-6.498448861
-6.504626375
-6.510804222
-6.516982401
-6.547878286
-6.57260098
-6.60351183
-6.628246494
-6.646800982
-6.671544953
-6.696294242
-6.729343277
-6.754102339
-6.778866717
-6.80982966
-6.834605992
-6.857336165
-6.898659323
-6.937935475
-6.956533853
-6.979276146
-6.983416655
-6.989617557
-6.989617557
-6.99375754
-7.010299469
-7.035108178
-7.078536181
-7.128188068
-7.188207675
-7.257824521
-7.325114718
-7.403621641
-7.482195449
-7.565778054
-7.646840313
-7.70923389
-7.76671664
-7.801846766
-7.821890731
-7.827099612
-7.832307871
-7.834911767
-7.841162638
-7.853665368
-7.870297979
-7.870297979
-7.870297979
-7.881161244
-7.901366946
-7.933952787
-7.976087077
-7.999108698
-8.020822636
-8.030371965
-8.030371965
-8.030371965
-8.031678721
-8.038413375
-8.062262481
-8.084133469
-8.100417443
-8.111078436
-8.127808004
-8.142394317
-8.166259529
-8.174110479
-8.184576159
-8.191115899
-8.196346964
-8.196986841
-8.205878094
-8.207185826
-8.207185826
-8.213462634
-8.213462634
-8.214770597
-8.214567478
-8.219797811
-8.223720135
-8.225027494
-8.237588821
-8.250151465
-8.256433282
-8.275280708
-8.294131098
-8.319269563
-8.345725758
-8.377164187
-8.406265297
-8.452089202
-8.512477219
-8.551579862
-8.591162665
-8.635588213
-8.678319715
-8.731502311
-8.76251376
-8.774735817
-8.781510072
-8.793731871
-8.810073472
-8.806871265
-8.821472531
-8.870477426
-8.969296992
-9.051907111
-9.115836685
-9.160763039
-9.18383966
-9.196934477
-9.196934477
-9.196934477
-9.201033874
-9.205132844
-9.205132844
-9.205132844
-9.211457386
-9.234531042
-9.257606501
-9.280683761
-9.314186308
-9.35402006
-9.389765613
-9.432299224
-9.489358102
-9.542337005
-9.599861755
-9.648768739
-9.722617166
-9.810076481
-9.889847693
-9.94018899
-9.973765296
-9.980120319
-9.980120319
-9.981483587
-9.986936208
-10.00868209
-10.0344964
-10.05759985
-10.08340518
-10.11733804
-10.15805462
-10.20559313
-10.27346678
-10.33589285
-10.39287764
-10.4335803
-10.47153334
-10.49553936
-10.501911
-10.501911
-10.51870334
-10.53782174
-10.54419519
-10.56331747
-10.59691053
-10.64963646
-10.71513289
-10.78638443
-10.87317993
-10.98597885
-11.10925299
-11.24038062
-11.33030567
-11.41008449
-11.48108978
-11.50236584
-11.50377453
-11.50377453
-11.50919881
-11.52004676
-11.53230302
-11.54455878
-11.56765935
-11.57449129
-11.58934751
-11.61244267
-11.64737136
-11.66363083
-11.67988847
-11.69354896
-11.70579756
-11.71945737
-11.74112825
-11.77362845
-11.81553711
-11.84943327
-11.89515854
-11.93005557
-11.9635344
-11.99599187
-12.04528769
-12.10499241
-12.21686259
-12.33660674
-12.45858534
-12.5805078
-12.7143
-12.83878118
-12.96725703
-13.09935076
-13.23258115
-13.35149019
-13.46936828
-13.55135828
-13.64267104
-13.73447173
-13.82262347
-13.90009638
-13.96564985
-14.01259405
-14.05066422
-14.0727778
-14.09096895
-14.08319837
-14.0533989
-14.03657024
-14.02622366
-14.02882834
-14.01976766
-14.01829415
-14.01829415
-13.99240179
-13.96209968
-13.91240425
-13.87324317
-13.85642212
-13.84313055
-13.79840983
-13.70919725
-13.5949102
-13.45740707
-13.30931388
-13.18533435
-13.13533999
-13.1157207
-13.10890265
-13.10890265
-13.11142156
-13.13720169
-13.16943362
-13.24202427
-13.36679484
-13.50563825
-13.61583117
-13.66836213
-13.70223192
-13.71781369
-13.7333885
-13.74895634
-13.75673765
-13.76062765
-13.76840635
-13.78395853
-13.81892573
-13.86549328
-13.91974329
-13.96138959
-13.9613769
-13.95491366
-13.9639224
-13.96778508
-13.96778508
-13.96114587
-13.96203157
-13.99801737
-14.04424232
-14.09424896
-14.14690317
-14.17633953
-14.2126537
-14.24388767
-14.2668345
-14.27744537
-14.29893441
-14.34285005
-14.4366627
-14.54666339
-14.68925145
-14.83712842
-14.95803443
-15.07048136
-15.1496328
-15.1873018
-15.19029121
-15.19029121
-15.18879653
-15.18879653
-15.18879653
-15.18879653
-15.18879653
-15.19376722
-15.21695079
-15.2708884
-15.31835437
-15.35556779
-15.39277868
-15.43796189
-15.48541444
-15.49339268
-15.49716444
-15.50394746
-15.50922445
-15.51073025
-15.51600703
-15.52429521
-15.53861752
-15.56091796
-15.57749543
-15.60355566
-15.6133504
-15.62389507
-15.6344386
-15.65823647
-15.68881184
-15.72465463
-15.75025383
-15.77809893
-15.82162988
-15.86214416
-15.88442357
-15.90396808
-15.91975675
-15.92653048
-15.93403144
-15.94455414
-15.95658748
-15.97236797
-16.00017564
-16.04446491
-16.10520056
-16.17718702
-16.26415031
-16.36676085
-16.48471763
-16.58468159
-16.66239956
-16.71851443
-16.75591257
-16.77679078
-16.7820096
-16.7820096
-16.7820096
-16.7820096
-16.7820096
-16.7820096
-16.77702306
-16.78594156
-16.78745973
-16.79419578
-16.80766706
-16.8263539
-16.84503834
-16.85177197
-16.85850532
-16.86372037
-16.8719712
-16.88022164
-16.88543597
-16.89738173
-16.90563105
-16.91909309
-16.92734137
-16.93928394
-16.95643688
-16.97141219
-16.99007879
-17.01395199
-17.03564806
-17.06775562
-17.10657901
-17.14387487
-17.18116071
-17.22147083
-17.26177033
-17.29231136
-17.31093595
-17.31396962
-17.31396962
-17.31396962
-17.30895771
-17.29741726
-17.28606051
-17.30467715
-17.32130622
-17.3466247
-17.37713038
-17.40395283
-17.43077039
-17.44417732
-17.45606887
-17.47098749
-17.48806383
-17.49476474
-17.49644178
-17.49811756
-17.48304362
-17.49141393
-17.50345402
-17.53023621
-17.55198376
-17.56063949
-17.56410387
-17.58129643
-17.60135771
-17.61990722
-17.63478679
-17.64966485
-17.66820783
-17.68825658
-17.7119669
-17.73718079
-17.75204854
-17.7550646
-17.76023553
-17.76023553
-17.76540613
-17.77510064
-17.79362583
-17.81882434
-17.8485407
-17.88341654
-17.93076033
-17.96926921
-18.00260669
-18.03292236
-18.05291582
-18.06774955
-18.0847251
-18.09289357
-18.10621672
-18.11287778
-18.1143839
-18.1195385
-18.12255057
-18.12921085
-18.14102449
-18.15347157
-18.16742142
-18.17923007
-18.20196748
-18.23499025
-18.2797914
-18.33786115
-18.3951453
-18.46489282
-18.53548716
-18.61175816
-18.69938748
-18.78120779
-18.84494981
-18.90412632
-18.97276338
-19.00514644
-19.01540126
-19.0255817
-19.03783393
-19.03783393
-19.03841951
-19.05331801
-19.08192385
-19.07743597
-19.04158535
-18.98604446
-18.94574878
-18.9182844
-18.89141774
-18.87227876
-18.85072494
-18.86130597
-18.90003064
-18.95620367
-18.99554977
-19.01869272
-19.03530242
-19.04537513
-19.04891047
-19.06251635
-19.08724374
-19.11750279
-19.1527482
-19.18744312
-19.2015137
-19.19498349
-19.18492871
-19.18791491
-19.22350081
-19.28512224
-19.35772807
-19.43130857
-19.49837787
-19.53937618
-19.55237018
-19.55237018
-19.55237018
-19.55237018
-19.53273423
-19.52618949
-19.51964503
-19.51660328
-19.5135617
-19.49692353
-19.46467718
-19.43290987
-19.37253643
-19.3227027
-19.26886578
-19.24207259
-19.20722496
-19.17890857
-19.14905812
-19.13773196
-19.14593443
-19.17009908
-19.18593439
-19.19237654
-19.18586045
-19.18935317
-19.19082758
-19.19431994
-19.19176426
-19.19711999
-19.20185005
-19.20548036
-19.22946099
-19.27769561
-19.31870139
-19.35847228
-19.40505165
-19.4658439
-19.54254119
-19.61487471
-19.66222088
-19.69946422
-19.71666737
-19.72354549
-19.72354549
-19.72391048
-19.70130614
-19.6591835
-19.61094528
-19.54361104
-19.43431577
-19.29881881
-19.12463186
-18.93778372
-18.74133706
-18.55418714
-18.40939199
-18.32566487
-18.29050254
-18.29050254
-18.29050254
-18.29537917
-18.29679157
-18.30308017
-18.31078051
-18.32617923
-18.34927236
-18.37659198
-18.42133585
-18.469517
-18.52112918
-18.58025774
-18.61850095
-18.65186917
-18.67129175
-18.67959315
-18.67959315
-18.67959315
-18.68100081
-18.68100081
-18.68100081
-18.68585478
-18.68866986
-18.69352346
-18.69915266
-18.70521868
-18.69934196
-18.70821424
-18.71343587
-18.69443009
-18.68672081
-18.67049664
-18.66416336
-18.67138522
-18.68182267
-18.68946386
-18.67654802
-18.65717643
-18.62402072
-18.56643886
-18.50290515
-18.42645317
-18.36288962
-18.31082708
-18.27396126
-18.23940927
-18.23064278
-18.22187425
-18.21172984
-18.21585107
-18.2135242
-18.20337569
-18.16881224
-18.12820708
-18.07743226
-18.01783805
-17.96600968
-17.91684797
-17.89205226
-17.90183367
-17.91264421
-17.90836509
-17.89789025
-17.88042308
-17.86993732
-17.85594993
-17.84680377
-17.84465334
-17.84465203
-17.84519602
-17.85569654
-17.86619787
-17.86889429
-17.86889429
-17.86889429
-17.87024238
-17.87159038
-17.87778843
-17.88048404
-17.88183172
-17.88937659
-17.89961523
-17.91119898
-17.92493572
-17.93516894
-17.95428477
-17.97689597
-18.00084536
-18.02128749
-18.020971
-18.03224063
-18.04863315
-18.05481594
-18.04321478
-18.02380308
-17.98900461
-17.9426104
-17.88195454
-17.81647475
-17.76393296
-17.73077871
-17.7102532
-17.66786687
-17.63590181
-17.5936389
-17.54620328
-17.49095777
-17.42660305
-17.39058398
-17.36354213
-17.36101005
-17.35847631
-17.3633147
-17.3633147
-17.36462163
-17.36462163
-17.35301721
-17.34010712
-17.3233548
-17.32304345
-17.33494454
-17.36318081
-17.39902986
-17.41600421
-17.40144027
-17.38557242
-17.35389364
-17.30621583
-17.24377802
-17.18581145
-17.16149213
-17.14813846
-17.12724424
-17.11439551
-17.11439551
-17.11439551
-17.11439551
-17.11439551
-17.10797158
-17.10154795
-17.09641564
-17.08615019
-17.05661679
-17.00782426
-16.9603295
-16.93723148
-16.91668759
-16.89484579
-16.8627345
-16.82420263
-16.7985016
-16.77793742
-16.76251233
-16.74708555
-16.74448824
-16.74188929
-16.74443339
-16.7507922
-16.76068221
-16.7606181
-16.76634749
-16.77976405
-16.7967103
-16.82071343
-16.84343723
-16.88602813
-16.93139407
-16.95322849
-16.9387855
-16.86390475
-16.74504053
-16.60371353
-16.44899066
-16.31690308
-16.22829304
-16.19694321
-16.20873256
-16.2284591
-16.24816825
-16.2551486
-16.2551486
-16.25390509
-16.26659202
-16.28276884
-16.28152438
-16.28152438
-16.28152438
-16.28152438
-16.28152438
-16.28152438
-16.28152438
-16.28152438
-16.28152438
-16.28152438
-16.28152438
-16.26883701
-16.26373765
-16.24595231
-16.24085278
-16.24209563
-16.24458109
-16.23052074
-16.19742976
-16.16309993
-16.12753526
-16.10749648
-16.09976331
-16.09079163
-16.08428728
-16.07020469
-16.05858405
-16.05083292
-16.04695614
-16.04184739
-16.03039841
-16.01365024
-15.97787288
-15.93574879
-15.9114067
-15.88972684
-15.87316099
-15.85537374
-15.83636709
-15.80591511
-15.76158562
-15.72360048
-15.67929771
-15.6160339
-15.52119344
-15.42251975
-15.30497559
-15.16747726
-15.02731447
-14.91125666
-14.80157272
-14.69352103
-14.59181585
-14.51882636
-14.49097328
-14.47959704
-14.48077288
-14.48077288
-14.48194864
-14.47057182
-14.45526899
-14.42858787
-14.38308408
-14.3238741
-14.24981227
-14.17462461
-14.12538917
-14.05384613
-13.98503719
-13.9299228
-13.87992297
-13.8462665
-13.82752497
-13.82358476
-13.82473782
-13.82473782
-13.81964376
-13.81964376
-13.82194912
-13.80945517
-13.79301962
-13.75184912
-13.68799501
-13.61904274
-13.54498963
-13.47187062
-13.40726992
-13.34927368
-13.31243399
-13.28240415
-13.25125036
-13.23879134
-13.22010468
-13.20764843
-13.19519339
-13.17516778
-13.13421149
-13.08418856
-13.03080573
-12.97594709
-12.91377523
-12.8454213
-12.76468686
-12.67159539
-12.5811553
-12.50316197
-12.42263719
-12.31635132
-12.207577
-12.08907576
-11.97793113
-11.86688574
-11.76826209
-11.66971695
-11.57125039
-11.47286246
-11.38683755
-11.31928883
-11.25922363
-11.20282363
-11.16601936
-11.15375373
-11.14762138
-11.14762138
-11.14762138
-11.13535761
-11.12309506
-11.09491385
-11.06426825
-11.02017951
-10.96384559
-10.89773568
-10.8071603
-10.70439099
-10.60410542
-10.51975302
-10.44890341
-10.38787449
-10.32077849
-10.24256749
-10.17865223
-10.10943579
-10.05815226
-10.01800931
-10.00385422
-9.98867115
-9.975871613
-9.978944706
-9.982017229
-9.983041203
-9.983041203
-9.983041203
-9.983041203
-9.983041203
-9.983041203
-9.983041203
-9.970866184
-9.928263416
-9.875888084
-9.806326077
-9.729671993
-9.646985504
-9.564347298
-9.463563206
-9.348398483
-9.221242371
-9.080722431
-8.912453266
-8.729088622
-8.564426649
-8.418474448
-8.310231676
-8.232119724
-8.172069799
-8.142056641
-8.120294368
-8.116535773
-8.116535773
-8.116535773
-8.109569385
-8.091568738
-8.085569152
-8.085569152
-8.072606646
-8.049888271
-8.017414666
-7.972953898
-7.909944745
-7.845981746
-7.797775449
-7.738554775
-7.6815521
-7.63273847
-7.61100675
-7.568165406
-7.52213254
-7.484238237
-7.453891274
-7.446300155
-7.442503938
-7.442503938
-7.442503938
-7.438707283
-7.425125687
-7.421327574
-7.413730035
-7.3985297
-7.383322354
-7.360231795
-7.326102743
-7.312501092
-7.302705732
-7.28746991
-7.252087057
-7.220515311
-7.163359406
-7.094238962
-7.015324961
-6.929509557
-6.844639944
-6.759782798
-6.67110005
-6.590104865
-6.517210577
-6.454127725
-6.402968827
-6.373537074
-6.35180781
-6.334289222
-6.310807536
-6.28942268
-6.281706796
-6.275747954
-6.271889218
-6.254351313
-6.232946893
-6.193658015
-6.162095781
-6.115660396
-6.086185621
-6.058495345
-6.032890026
-5.993583143
-5.95842106
-5.909788434
-5.851503007
-5.808697969
-5.789223622
-5.765840205
-5.738214954
-5.720484197
-5.716579026
-5.716579026
-5.716579026
-5.716579026
-5.716579026
-5.712673417
-5.712673417
-5.712673417
-5.712673417
-5.700749017
-5.690880848
-5.684919322
-5.669089943
-5.6473007
-5.631472465
-5.627563176
-5.621603699
-5.58398966
-5.536509718
-5.457382879
-5.358520244
-5.255616723
-5.14690031
-5.024298803
-4.872098405
-4.725851902
-4.601354239
-4.526275401
-4.494664195
-4.490704015
-4.484781403
-4.484781403
-4.484781403
-4.484781403
-4.475752746
-4.455732525
-4.436563878
-4.408915515
-4.367419912
-4.33184287
-4.3179872
-4.312069078
-4.302181631
-4.296264036
-4.270571567
-4.244878752
-4.213270502
-4.134256276
-4.039450696
-3.934767075
-3.845890017
-3.771151038
-3.723771567
-3.707979159
-3.707979159
-3.707149195
-3.707149195
-3.707149195
-3.706319175
-3.706319175
-3.706319175
-3.700421665
-3.693694795
-3.693694795
-3.692035251
-3.694370807
-3.708686577
-3.714179119
-3.710854563
-3.705866086
-3.693321142
-3.689993416
-3.691485941
-3.69756162
-3.717493682
-3.720645584
-3.71790997
-3.711606276
-3.674402379
-3.614761548
-3.538359217
-3.444174608
-3.340181199
-3.204799309
-3.067340994
-2.951489234
-2.853209795
-2.768816064
-2.715849897
-2.694300824
-2.694300824
-2.694300824
-2.694300824
-2.694300824
-2.688458174
-2.688458174
-2.672753302
-2.647186599
-2.611755839
-2.568671019
-2.517539224
-2.476271977
-2.448901689
-2.43320254
-2.43320254
-2.429171279
-2.413471872
-2.387906904
-2.34664333
-2.29372088
-2.230938532
-2.176247539
-2.147127094
-2.123836715
-2.099770328
-2.052437842
-2.00512964
-1.942952766
-1.85275348
-1.763387392
-1.665969388
-1.581741315
-1.529609034
-1.481768782
-1.452833149
-1.429690638
-1.411578053
-1.399252315
-1.398493403
-1.397734442
-1.395457265
-1.392420344
-1.387103847
-1.376967458
-1.365308976
-1.352886969
-1.342744523
-1.330067651
-1.324490001
-1.319673204
-1.319673204
-1.319673204
-1.334651585
-1.339803452
-1.335745919
-1.32357076
-1.311391757
-1.303270286
-1.295147108
-1.282959136
-1.27076732
-1.246372152
-1.213821581
-1.181243152
-1.152714798
-1.116004691
-1.071089718
-1.044310447
-1.033876089
-1.024193713
-1.012252883
-1.009242144
-1.004724602
-0.992030411
-0.983423585
-0.976322874
-0.970728667
-0.965887588
-0.956023485
-0.949494672
-0.937373035
-0.901408176
-0.845738311
-0.789168155
-0.729259885
-0.648732643
-0.54930603
-0.440829343
-0.301216223
-0.169194538
-0.053598227
0.053667023
0.149383803
0.245952895
0.315491297
0.366036607
0.408848442
0.441353971
0.452605455
0.454021144
0.457561135
0.463227405
0.484267883
0.498188437
0.516235525
0.524613152
0.530156525
0.531573781
0.532991179
0.539243226
0.544786539
0.551038622
0.555873393
0.569822539
0.609116238
0.666504661
0.729605236
0.796525995
0.852063243
0.889336233
0.93159148
0.977986124
1.025071138
1.057478118
1.112997239
1.195375433
1.30860517
1.44433905
1.585539708
1.744995301
1.888924874
1.994286069
2.072848336
2.114838202
2.125856963
2.136344002
2.136344002
2.138322565
2.148681312
2.150659776
2.161677889
2.183964096
2.205588309
2.23284129
2.281047302
2.348230346
2.432151902
2.522964719
2.632608554
2.753430605
2.879046177
3.024871558
3.181700375
3.350228866
3.517287157
3.653481364
3.753385546
3.83302186
3.875211637
3.88623799
3.891795983
3.891795983
3.891795983
3.896044437
3.896044437
3.905851126
3.92121528
3.926772157
3.926772157
3.931022197
3.932238696
3.934672112
3.937106081
3.939540605
3.960969874
3.983003908
4.007548351
4.047426794
4.090846791
4.131209768
4.174128682
4.212560902
4.233859134
4.257037624
4.291193673
4.3192862
4.341244553
4.365743205
4.387167178
4.428140756
4.483811524
4.543736122
4.599324429
4.659172412
4.729385726
4.811197484
4.907622695
5.012654266
5.094986248
5.181006398
5.251742423
5.29313255
5.31811526
5.322972729
5.333318649
5.338806608
5.344230309
5.350220084
5.361067042
5.377964893
5.405200991
5.427513895
5.448130875
5.46936982
5.498691499
5.533493265
5.603096761
5.672700171
5.747716635
5.812951955
5.883591872
5.934669292
5.967224861
5.995405317
6.018667886
6.047382823
6.06845683
6.086353584
6.101524451
6.106383867
6.106928065
6.109105146
6.125858479
6.139383915
6.158309491
6.182089403
6.215035863
6.232865129
6.248521282
6.266865943
6.291195095
6.324703754
6.354400465
6.385717259
6.418648433
6.462403071
6.509396612
6.567725379
6.613647924
6.66286091
6.691508302
6.740758797
6.775946991
6.834981134
6.884812359
6.935189216
6.98990394
7.033796356
7.068996126
7.079789799
7.08082657
7.086211148
7.095966665
7.106239978
7.12626816
7.166322573
7.200971271
7.245889134
7.292360143
7.342135768
7.387042401
7.4329796
7.482765343
7.522774487
7.553548118
7.578427509
7.598438069
7.618948284
7.638939417
7.674069067
7.683823359
7.699956588
7.71994471
7.740445097
7.756059135
7.776540363
7.80776141
7.847740979
7.878459769
7.916033864
7.950628093
7.9676945
7.983277868
8.00375044
8.023245005
8.048106635
8.06223624
8.072946259
8.089010232
8.115304304
8.137687394
8.180512086
8.23112907
8.283190439
8.348882736
8.408266974
8.461832015
8.507563093
8.542601955
8.559106054
8.575605785
8.580948207
8.590687764
8.59602994
8.606238805
8.625715489
8.650063458
8.678344757
8.713837986
8.749797842
8.811026227
8.886850406
8.978635142
9.069933519
9.166981506
9.286072427
9.398969936
9.493720113
9.585314619
9.670699682
9.744575413
9.788379007
9.823284272
9.842740385
9.842740385
9.847182333
9.851624673
9.856067407
9.860510533
9.864954052
9.869828959
9.874703944
9.879579006
9.880440462
9.885315305
9.890620685
9.895495533
9.900370457
9.906535619
9.912270158
9.927323156
9.942375966
9.975643426
10.01019976
10.05280747
10.09585363
10.1259685
10.14271743
10.15819513
10.16879454
10.17451612
10.18342638
10.18384826
10.18384826
10.18427015
10.18914727
10.19444607
10.20420037
10.21479701
10.22539281
10.24128489
10.26566903
10.29980951
10.3396666
10.3892791
10.43806354
10.48726749
10.53606364
10.58404679
10.60927002
10.62920253
10.63896467
10.64343792
10.64384583
10.6483193
10.65320074
10.65767481
10.66255654
10.67272715
10.68737261
10.71056583
10.73457492
10.75939583
10.79317748
10.82736621
10.8440269
10.86396314
10.87901525
10.88958335
10.90383475
10.91360277
10.92257291
10.94540324
10.95926436
10.97392235
10.98488539
11.00442874
11.0142397
11.04197692
11.05994849
11.06972453
11.07950079
11.08442849
11.09420522
11.10358918
11.10887073
11.11864801
11.12881772
11.13859512
11.15287023
11.16303959
11.16792865
11.17242698
11.17320855
11.1784882
11.1886564
11.19397683
11.19440873
11.20496632
11.21024473
11.21513312
11.22568899
11.2354655
11.24113187
11.24640882
11.24684071
11.25661648
11.26716916
11.27772082
11.29277116
11.30743387
11.32209704
11.33264543
11.34242069
11.34769426
11.35258187
11.35785509
11.36312805
11.36801548
11.37251784
11.36767539
11.37294825
11.38310833
11.39403714
11.40869868
11.42412795
11.44444269
11.45536491
11.4711717
11.49148031
11.49684403
11.50780899
11.5194865
11.53457189
11.54965732
11.5699575
11.61505861
11.6616624
11.71689064
11.77173622
11.84011405
11.92278643
12.00511016
12.08293164
12.16112772
12.2204967
12.25029574
12.27544743
12.29082193
12.29541218
12.29541218
12.29541218
12.29022742
12.29022742
12.29022742
12.29022742
12.28021322
12.2757409
12.26679796
12.25267206
12.23890696
12.22997163
12.22175771
12.20281874
12.1894295
12.18086795
12.17683197
12.19148584
12.20197772
12.21210748
12.21253164
12.22266066
12.22760826
12.2332132
12.23809701
12.23845727
12.24370104
12.24340492
12.2341264
12.22521032
12.22081802
12.21190569
12.20335806
12.21836702
12.2229534
12.24320571
12.27357997
12.31407087
12.34205889
12.34958166
12.36220192
12.36434955
12.36506553
12.36578155
12.36721375
12.36721376
12.36757185
12.36792994
12.36792994
12.36792994
12.36864617
12.36900431
12.35975565
12.35050832
12.34162191
12.33237772
12.32757598
12.32757598
12.32793629
12.32349543
12.31941595
12.30981501
12.29577633
12.29170102
12.28210266
12.28769999
12.28326425
12.27294137
12.27330463
12.26886988
12.27374164
12.27410499
12.27417919
12.26974501
12.25498923
12.24612463
12.2324665
12.2236072
12.21401714
12.19926559
12.19004376
12.18119146
12.17713462
12.16717954
12.16275551
12.14874716
12.13511173
12.11631777
12.09752733
12.08906589
12.08023428
12.07103103
12.06736549
12.06303326
12.06394447
12.05557955
12.04310393
12.02405244
12.00567615
11.98654741
11.97774254
11.96415947
11.95019931
11.94140237
11.9322259
11.93413546
11.93566334
11.93642735
11.93680938
11.93757347
11.93318029
11.93394493
11.93509198
11.93662157
11.93261389
11.93414472
11.9301392
11.93128823
11.93205432
11.92843453
11.918986
11.90953851
11.90077189
11.90086197
11.91019272
11.91990849
11.92476641
11.92962434
11.94343152
11.95391429
11.96848848
11.97935124
12.00402056
12.03316619
12.04859006
12.0598229
12.07887086
12.07457694
12.08466933
12.08523303
12.08769316
12.07149454
12.05883511
12.05627948
12.07343368
12.09981813
12.11098785
12.14106429
12.15572138
12.16095334
12.16067498
12.16514693
12.16514693
12.16552688
12.16039666
12.16115706
12.16115706
12.16115706
12.16049862
12.16049862
12.16049862
12.16944311
12.1783891
12.18602363
12.20643758
12.21426064
12.22854744
12.23621302
12.24388263
12.23874227
12.2284605
12.21752317
12.20592777
12.18272281
12.13955719
12.06608054
11.96085943
11.82616899
11.66640867
11.50278267
11.35969812
11.24373396
11.17490787
11.16140107
11.16140107
11.16140107
11.16140107
11.16140107
11.16140107
11.16140107
11.16140107
11.16225311
11.16353128
11.1591733
11.14917872
11.14917872
11.15003236
11.13961095
11.13482726
11.1244042
11.12568827
11.11697932
11.10753519
11.08319629
11.05407683
11.040599
11.02104534
11.01191953
10.99714674
10.97065373
10.95932188
10.95140957
10.93698135
10.93153565
10.93311526
10.93324545
10.93324545
10.92803356
10.92803356
10.92803356
10.92803356
10.92803356
10.92803356
10.92803356
10.92803356
10.92803356
10.93249543
10.9418601
10.9472022
10.9472022
10.93721853
10.93288708
10.9237852
10.92912808
10.93849173
10.95634212
10.98312909
11.04121437
11.12174606
11.19791675
11.26072801
11.28245521
11.29143881
11.28100815
11.26535952
11.25492533
11.23927139
11.21839454
11.19229053
11.17589239
11.16471308
11.1483052
11.14234531
11.13189172
11.11547264
11.08858714
11.04672972
11.01532181
10.98390118
10.96818609
10.96294702
10.9577076
10.9472277
10.94198722
10.95097098
10.93973949
10.92489599
10.89432152
10.86912
10.8439156
10.80941872
10.77851105
10.74279389
10.71155465
10.67967593
10.65258665
10.6197683
10.57732103
10.54043454
10.49872618
10.45638979
10.43340612
10.41679427
10.41600616
10.42498247
10.42544923
10.42544923
10.43040434
10.43535947
10.4403146
10.44975904
10.46509042
10.47995603
10.49977697
10.51835451
10.53864065
10.55800159
10.572408
10.59672823
10.61745483
10.67272769
10.75110681
10.83912341
10.92070714
10.9779772
10.99573452
10.99499124
10.98447408
10.97395549
10.96343549
10.95817496
10.95291407
10.93712928
10.9213413
10.88449028
10.85288986
10.81524979
10.7677996
10.72559705
10.68865143
10.64563733
10.61192876
10.57135577
10.53572164
10.51438358
10.49754375
10.45807218
10.41483048
10.38828264
10.37766102
10.37766102
10.37766102
10.37234967
10.37234967
10.37234967
10.36703797
10.36172592
10.36093505
10.36545697
10.36387575
10.36150348
10.3591307
10.36286504
10.36580993
10.36796604
10.36027503
10.34884269
10.33287792
10.32223296
10.31158658
10.310792
10.30387774
10.29775691
10.29083879
10.2839185
10.27747524
10.25663653
10.24112483
10.21542932
10.18407569
10.14171953
10.06860251
9.990587237
9.912524847
9.832583811
9.762452569
9.694952117
9.642164901
9.61619374
9.595923017
9.58638972
9.586054724
9.59160161
9.597148151
9.611736078
9.627348825
9.642449243
9.653027144
9.672649978
9.68826043
9.708393843
9.733560708
9.763761077
9.788928146
9.803702502
9.824341786
9.84447564
9.859072624
9.869139944
9.884240935
9.894308269
9.904877361
9.919977817
9.944644988
9.965778724
9.985593512
9.996339648
10.00658717
9.997064083
9.997427405
9.997292312
10.00250819
10.01760913
10.03189663
10.04146711
10.05103834
10.05557574
10.06433735
10.08703474
10.11428435
10.14204107
10.1578122
10.1690474
10.17948952
10.18914096
10.21801955
10.25685889
10.29495348
10.33798051
10.37949568
10.42518917
10.43492713
10.41017822
10.37238695
10.31240914
10.23889964
10.17416531
10.11527651
10.07746498
10.06584833
10.06963258
10.07882261
10.0834182
10.0834182
10.07801342
10.07801342
10.07801342
10.07260827
10.06720276
10.0617969
10.05639067
10.04557714
10.0298547
10.00431598
9.979279119
9.954243554
9.929209295
9.903162131
9.874047162
9.843092275
9.800276586
9.729822986
9.648454913
9.561573188
9.470216162
9.358717691
9.204371253
9.057470833
8.933630317
8.836753241
8.758603693
8.710459144
8.688552414
8.688552414
8.688552414
8.688552414
8.688552414
8.688552414
8.688552414
8.688552414
8.688552414
8.688552414
8.688552414
8.689683747
8.691380846
8.696510884
8.701075568
8.706770935
8.712465941
8.71325091
8.703086921
8.692357035
8.683327054
8.657304323
8.637102667
8.622379639
8.602751312
8.581980985
8.561782505
8.546490464
8.531773367
8.516481967
8.506095536
8.501767129
8.496285613
8.496862526
8.491958093
8.486476376
8.471763804
8.457052775
8.426473956
8.384341877
8.354343065
8.329248689
8.313958212
8.298080316
8.281612903
8.276711081
8.27122104
8.26631956
8.255927656
8.24122448
8.220439972
8.194160859
8.162383335
8.120558736
8.094862976
8.050869197
8.006852027
7.957305691
7.891198914
7.81952521
7.747791155
7.675010561
7.603150488
7.530605948
7.46869873
7.407115386
7.357210162
7.322911212
7.284057957
7.255277634
7.254260279
7.253242853
7.26231819
7.266856452
7.26583998
7.260284495
7.260284495
7.264823438
7.263806827
7.257233426
7.240561124
7.22944447
7.224524221
7.218965261
7.213405945
7.209125114
7.193086014
7.182605517
7.166563697
7.144575168
7.112481006
7.075460376
7.032217105
6.978468231
6.928844587
6.908604957
6.901304945
6.908662121
6.916032576
6.923416321
6.931854061
6.938872794
6.939526455
6.93952647
6.93952647
6.93952647
6.93952647
6.93952647
6.93952647
6.93952647
6.93952647
6.933935953
6.933935953
6.928345079
6.906633272
6.873730364
6.829625049
6.790439336
6.74069516
6.68253777
6.614169117
6.547480339
6.491309306
6.455438236
6.459155296
6.489932676
6.521805031
6.544582968
6.558254518
6.56737088
6.57192966
6.585608393
6.608414265
6.622102579
6.640359253
6.66318908
6.689931711
6.717356287
6.740221087
6.74593492
6.752317484
6.755842167
6.764999548
6.764336654
6.763673777
6.777414077
6.781994977
6.790107474
6.77110379
6.752091591
6.737654885
6.762010124
6.806857502
6.875782536
6.935590278
6.972046267
6.988404975
6.984262566
6.959600733
6.920053952
6.89744784
6.891795408
6.880489461
6.885099613
6.885099613
6.879446041
6.879446041
6.868137814
6.85682814
6.851172762
6.834204456
6.817232898
6.766298705
6.72099929
6.654066912
6.580356177
6.52361213
6.461153145
6.393647497
6.309031104
6.224339591
6.133875655
6.048335729
5.979845298
5.917016734
5.865579056
5.825551759
5.81411214
5.81411214
5.81411214
5.81411214
5.808391789
5.797659549
5.774772726
5.759026732
5.743993126
5.733971703
5.700339175
5.655241754
5.605114022
5.549955536
5.494776806
5.443136049
5.386453026
5.336217944
5.279479473
5.216220269
5.164430311
5.119112933
5.0787934
5.033871255
5.012309268
4.983482011
4.955830391
4.932756593
4.910429633
4.888099104
4.861183701
4.839602632
4.810730863
4.781849822
4.752959509
4.718279587
4.67201954
4.631523108
4.585219884
4.538893635
4.509928038
4.475157451
4.451969866
4.4345754
4.405577431
4.388174334
4.376570471
4.364965169
4.34755452
4.330140634
4.312723512
4.290728966
4.264941989
4.242491664
4.214680555
4.182293875
4.149904133
4.109204023
4.056848815
3.984818985
3.913099879
3.824793473
3.73725651
3.65599271
3.595498703
3.563377044
3.558353943
3.558353943
3.555435878
3.549603648
3.541320089
3.528489649
3.523940713
3.524760361
3.520212035
3.515664119
3.51648419
3.502843498
3.471851629
3.449963759
3.442529748
3.428912312
3.407875175
3.386026077
3.37325324
3.37325324
3.37325324
3.37325324
3.367420355
3.353351197
3.344643701
3.331409066
3.312346493
3.267570251
3.221496328
3.171746302
3.116538059
3.061827951
3.011169001
2.957344788
2.908534815
2.871425053
2.850997524
2.835082999
2.829027032
2.83416166
2.835873373
2.835873373
2.825545486
2.78155023
2.716401096
2.614406034
2.484515367
2.334260306
2.155370544
1.955760913
1.744870815
1.53262626
1.331750808
1.148244954
1.023741855
0.970335759
0.967917483
0.966973929
0.972910337
0.972910337
0.972910337
0.972910337
0.976429233
0.982365643
0.982365643
0.981422888
0.981422888
0.981422888
0.981422888
0.980480156
0.980480156
0.979537448
0.978594764
0.977652104
0.981704859
1.004512144
1.053113348
1.108172248
1.170822435
1.229534387
1.301952398
1.347500388
1.350395734
1.339998084
1.322102964
1.310136571
1.292780359
1.282915788
1.282915788
1.273978639
1.25164295
1.22392499
1.174847532
1.099098175
1.00731917
0.928728673
0.875327636
0.849772922
0.837929253
0.814237698
0.802389812
0.778689824
0.754984215
0.731272984
0.714435825
0.698142734
0.668488783
0.639779534
0.630774785
0.6139291
0.6039719
0.601256262
0.610819882
0.617515851
0.620385947
0.620385947
0.621342688
0.595671997
0.558693777
0.508347272
0.463919299
0.419482527
0.371997925
0.32546142
0.26010572
0.182812546
0.099507586
0.013043412
-0.076374412
-0.177809754
-0.275367439
-0.359064115
-0.419894908
-0.437850199
-0.437850199
-0.438856046
-0.438856046
-0.438856046
-0.439861867
-0.441873432
-0.442879175
-0.442879175
-0.443884893
-0.443884893
-0.443884893
-0.449872357
-0.467836846
-0.48422294
-0.494619943
-0.505016718
-0.505016718
-0.516997089
-0.534970265
-0.552946585
-0.582914104
-0.625897346
-0.66290192
-0.706941984
-0.755992732
-0.81708818
-0.879249351
-0.929422337
-0.974635903
-1.009893384
-1.019167416
-1.026379042
-1.038588812
-1.058741318
-1.05977234
-1.05977234
-1.063896155
-1.072428612
-1.087433158
-1.112289431
-1.149338892
-1.176537731
-1.187416788
-1.188450792
-1.194490388
-1.194490388
-1.206570629
-1.235140115
-1.265353368
-1.301620782
-1.325806034
-1.375235781
-1.426781587
-1.464156363
-1.48838344
-1.512616094
-1.557137499
-1.612761209
-1.68662575
-1.754473093
-1.801242962
-1.843026868
-1.870544124
-1.890303445
-1.892431926
-1.896688542
-1.898816677
-1.903072598
-1.908391848
-1.915986379
-1.917050241
-1.917050241
-1.917050241
-1.918114073
-1.922517355
-1.922517355
-1.922517355
-1.922517355
-1.927984393
-1.936789235
-1.951058431
-1.99559668
-2.058421897
-2.124038053
-2.192025624
-2.260059217
-2.299941731
-2.352071467
-2.390921808
-2.428706765
-2.448147678
-2.458608145
-2.46403354
-2.467288415
-2.468373312
-2.471627823
-2.478136026
-2.489041384
-2.493379582
-2.497717292
-2.51633812
-2.538273135
-2.560207038
-2.584312177
-2.604022213
-2.61494042
-2.621461225
-2.636346013
-2.654111743
-2.671879512
-2.684162905
-2.696447688
-2.714877468
-2.727165726
-2.751746411
-2.783573517
-2.822657158
-2.867913169
-2.914292608
-2.969062331
-3.000319815
-3.040635672
-3.083173473
-3.115141588
-3.127489471
-3.128595865
-3.131914877
-3.134127348
-3.134127348
-3.138551954
-3.146293772
-3.155139622
-3.160667224
-3.165088721
-3.167299274
-3.168404501
-3.169509697
-3.172825086
-3.173930151
-3.176140183
-3.185642486
-3.207524907
-3.229415151
-3.253779251
-3.272640058
-3.331752275
-3.392020743
-3.456369191
-3.515686745
-3.585335457
-3.683705217
-3.789052432
-3.898509934
-3.993325161
-4.087085692
-4.149636037
-4.180924203
-4.182069097
-4.178808662
-4.181097918
-4.183387034
-4.187964848
-4.192542102
-4.197118797
-4.211656566
-4.229628568
-4.257734313
-4.278165337
-4.299737758
-4.316890269
-4.329463646
-4.340890207
-4.346748458
-4.352600072
-4.349590474
-4.325420967
-4.267044775
-4.172644593
-4.051329655
-3.923480351
-3.802740765
-3.661363698
-3.516657433
-3.318951379
-3.077326913
-2.761295661
-2.385965614
-1.959244533
-1.506253325
-1.08761114
-0.625081286
-0.127269995
0.400261007
0.945777887
1.467651327
1.913693495
2.287224641
2.570026167
2.66036488
2.600798029
2.403791151
2.081544302
1.631619481
1.075689771
0.375994011
-0.443935466
-1.333717024
-2.17012816
-2.942406432
-3.545185454
-3.965505666
-4.231063097
-4.370606762
-4.445546592
-4.422127883
-4.405973243
-4.496767706
-4.730671733
-5.020784621
-5.317791976
-5.611380281
-5.892467322
-6.170682767
-6.413586628
-6.585654677
-6.769016839
-6.935283133
-7.043963846
-7.12055516
-7.178971497
-7.21401158
-7.181462578
-7.140390679
-7.105552467
-7.087595066
-7.064555207
-7.04492008
-7.011816739
-6.904973991
-6.755024292
-6.645307174
-6.591001376
-6.579018756
-6.572708411
-6.508566305
-6.3917156
-6.218521802
-5.988508933
-5.678917419
-5.333118775
-5.06318936
-4.851746848
-4.678316129
-4.557357777
-4.525243894
-4.575259475
-4.667352748
-4.784150425
-4.91763694
-5.03946102
-5.138713542
-5.235355044
-5.34287534
-5.424098054
-5.491443835
-5.552651792
-5.581380511
-5.574319319
-5.544938164
-5.513309703
-5.489895723
-5.465315453
-5.414195995
-5.310642171
-5.151055779
-4.934293154
-4.695606072
-4.452897146
-4.196202501
-3.952957506
-3.731175293
-3.564587494
-3.459567007
-3.436095948
-3.469474844
-3.550242203
-3.664677528
-3.77244143
-3.86364703
-3.949820625
-4.022445998
-4.097020834
-4.175190973
-4.261690774
-4.34164326
-4.426205576
-4.509543982
-4.600047882
-4.674018319
-4.722084625
-4.724657628
-4.712831037
-4.703150496
-4.691985396
-4.689833445
-4.694944928
-4.697896599
-4.690354938
-4.678499186
-4.669180237
-4.644763312
-4.615106438
-4.558324337
-4.496375353
-4.44000191
-4.401361181
-4.376266123
-4.352748152
-4.325473425
-4.271047488
-4.178781605
-4.074666966
-3.999523701
-3.982729595
-4.041778277
-4.120264897
-4.179208809
-4.227768551
-4.255986235
-4.269308869
-4.263179887
-4.279365631
-4.295534233
-4.328383357
-4.338600961
-4.352023112
-4.396790802
-4.454519005
-4.527337064
-4.596824022
-4.66284617
-4.735387866
-4.811334094
-4.885632547
-4.953028583
-5.014728679
-5.077470157
-5.136737046
-5.181403808
-5.2251799
-5.290885934
-5.374261255
-5.459643086
-5.53155066
-5.593637965
-5.642233641
-5.636478308
-5.602170141
-5.55044259
-5.50383591
-5.452177936
-5.426294648
-5.432990003
-5.449288742
-5.455650209
-5.45255059
-5.452691126
-5.459615033
-5.468228404
-5.484181433
-5.464387989
-5.432986002
-5.393859571
-5.319269186
-5.232896218
-5.139554281
-5.067274504
-5.008901665
-4.942967106
-4.889610897
-4.859324623
-4.853948946
-4.859721944
-4.864535513
-4.879035588
-4.891465198
-4.906127571
-4.937007209
-4.976405408
-5.023159338
-5.083766629
-5.168965813
-5.262485847
-5.355798576
-5.402376679
-5.423531505
-5.443524443
-5.453859621
-5.461156367
-5.466485651
-5.498701154
-5.530455645
-5.535409779
-5.529626641
-5.521108349
-5.52360752
-5.535617207
-5.566655778
-5.586678748
-5.611135694
-5.637672519
-5.678242282
-5.7441876
-5.82989035
-5.891197677
-5.922409864
-5.941809962
-5.94177736
-5.950667628
-5.945467106
-5.962621227
-5.973663673
-5.973663673
-5.979776728
-5.996010895
-6.023927306
-6.064104855
-6.103399464
-6.128093183
-6.152892444
-6.197016197
-6.218633411
-6.250805547
-6.270419341
-6.285091087
-6.293623389
-6.31032669
-6.341051654
-6.365637594
-6.386478203
-6.402373978
-6.416239724
-6.423590747
-6.429742624
-6.45435345
-6.485489842
-6.52158834
-6.548627795
-6.589204457
-6.627387157
-6.655670418
-6.688437438
-6.714565718
-6.736592865
-6.74385211
-6.746271532
-6.753659055
-6.756928264
-6.75692715
-6.762614638
-6.768301653
-6.771922421
-6.787427536
-6.811696292
-6.848857398
-6.867442426
-6.873638098
-6.873638098
-6.877765978
-6.883961869
-6.890517663
-6.90120058
-6.910185163
-6.924511437
-6.937139728
-6.958506319
-6.976959744
-6.99832268
-7.021762488
-7.033658736
-7.040214907
-7.041431165
-7.046295776
-7.052375593
-7.064532063
-7.076684304
-7.086403044
-7.089559805
-7.094416527
-7.095630601
-7.103062603
-7.103062603
-7.106705222
-7.109133421
-7.112775398
-7.128859653
-7.156179587
-7.182292561
-7.214639717
-7.271916058
-7.321643631
-7.377642206
-7.444393356
-7.534060851
-7.640432846
-7.755704518
-7.859439396
-7.928356774
-7.991043558
-8.036191513
-8.043712382
-8.044960147
-8.047455543
-8.056188014
-8.063671235
-8.072399607
-8.079879308
-8.089849743
-8.099817207
-8.09347313
-8.098452803
-8.103431747
-8.1021212
-8.098320564
-8.100808177
-8.100808177
-8.102051916
-8.105782856
-8.109513385
-8.114486783
-8.121103386
-8.127719965
-8.130206617
-8.139309867
-8.153786694
-8.169506954
-8.17945213
-8.197658606
-8.219681475
-8.234160479
-8.24326484
-8.252056088
-8.25329942
-8.25329942
-8.257029135
-8.262001436
-8.26697299
-8.277725309
-8.28683027
-8.324602127
-8.361148868
-8.390149885
-8.43812082
-8.519604899
-8.638872009
-8.765485591
-8.920501714
-9.072564171
-9.216905609
-9.334375064
-9.407034244
-9.455512788
-9.468301633
-9.473429312
-9.481691883
-9.486108207
-9.487687778
-9.490547894
-9.511154378
-9.546390904
-9.590833718
-9.622051444
-9.646306139
-9.660930088
-9.632827043
-9.594490405
-9.552357657
-9.551632678
-9.572150766
-9.596757931
-9.610337332
-9.634921563
-9.696312788
-9.810644829
-9.958430445
-10.11344808
-10.21797999
-10.26799256
-10.28985751
-10.2979177
-10.2979177
-10.30194713
-10.30194713
-10.31403281
-10.32208773
-10.34624199
-10.39590903
-10.47087124
-10.53897742
-10.57028333
-10.564883
-10.55219251
-10.55219251
-10.55219251
-10.55887286
-10.58054166
-10.6260579
-10.68978241
-10.73675087
-10.77012508
-10.81138694
-10.87870695
-10.92297004
-10.92055153
-10.90391473
-10.9038626
-10.90223835
-10.91561569
-10.93685395
-10.98134104
-11.02712284
-11.05065326
-11.05457348
-11.05457348
-11.05457348
-11.05849327
-11.06241262
-11.06241262
-11.07502892
-11.08764649
-11.09681236
-11.09681236
-11.09814181
-11.10969875
-11.12650311
-11.15007402
-11.17736602
-11.18759074
-11.18759074
-11.18759074
-11.19674796
-11.21372638
-11.23460782
-11.25423918
-11.2867509
-11.31427993
-11.34837563
-11.38513401
-11.4271216
-11.47408472
-11.50292096
-11.51082501
-11.51082501
-11.51082501
-11.51216078
-11.52262519
-11.53308865
-11.55254585
-11.55254585
-11.5627632
-11.59718156
-11.63658959
-11.64814601
-11.66614298
-11.70212372
-11.73932904
-11.78554776
-11.83446133
-11.87871967
-11.92589876
-11.98074809
-12.04333674
-12.10321162
-12.14242676
-12.16481735
-12.18702693
-12.20671672
-12.22235829
-12.22892066
-12.23683182
-12.25516845
-12.27736594
-12.31016803
-12.35203527
-12.39910049
-12.46677615
-12.52535748
-12.55944851
-12.58312302
-12.61294819
-12.63507925
-12.65450238
-12.68927602
-12.73462989
-12.78402374
-12.83722775
-12.87886491
-12.90907136
-12.93903563
-12.95999188
-12.98341512
-13.00954432
-13.03949156
-13.07349778
-13.0996151
-13.10781026
-13.1312103
-13.1340715
-13.12785016
-13.11278929
-13.08880112
-13.06099406
-13.05244823
-13.07215149
-13.10339105
-13.13844315
-13.16450457
-13.199543
-13.25141025
-13.33421329
-13.44407878
-13.55924621
-13.69072657
-13.81161869
-13.92317254
-13.98847
-14.01544719
-14.01544719
-14.01544719
-14.01544719
-14.01544719
-14.01544719
-14.00265164
-13.97066815
-13.92590389
-13.85066261
-13.78299111
-13.73189524
-13.69358628
-13.66805313
-13.66544883
-13.66544883
-13.66922661
-13.6628447
-13.66662218
-13.66662218
-13.67039921
-13.67039921
-13.67039921
-13.6741758
-13.69709685
-13.70725421
-13.70725421
-13.71102888
-13.71749068
-13.72906978
-13.73687451
-13.74467889
-13.75113937
-13.76271598
-13.77051925
-13.77966555
-13.7912402
-13.80927193
-13.83510179
-13.86603989
-13.88943498
-13.91390891
-13.93461176
-13.94240735
-13.94240735
-13.94375012
-13.95665472
-13.97224342
-13.98901862
-14.01749828
-14.04839481
-14.07283882
-14.08170456
-14.08170456
-14.08170456
-14.08304647
-14.09567157
-14.1246692
-14.18158304
-14.24914677
-14.31666071
-14.39160249
-14.46378342
-14.51963199
-14.54769824
-14.56395221
-14.58630037
-14.60491155
-14.62351157
-14.63033138
-14.63074059
-14.59545575
-14.56555499
-14.49898156
-14.43511869
-14.37766793
-14.32024186
-14.27559424
-14.24504631
-14.22221143
-14.2134592
-14.20337314
-14.18558055
-14.18186784
-14.18718999
-14.20367747
-14.22548388
-14.26509729
-14.32250163
-14.38519837
-14.45290964
-14.51023496
-14.55585693
-14.58740422
-14.59985231
-14.60355798
-14.60355798
-14.60355798
-14.60355798
-14.60355798
-14.60355798
-14.60355798
-14.60457498
-14.61328104
-14.63470339
-14.65206001
-14.67538944
-14.68348474
-14.66530674
-14.66130525
-14.65237887
-14.63077672
-14.62438694
-14.62438694
-14.62438694
-14.62438694
-14.62438694
-14.62438694
-14.62063448
-14.6091735
-14.60272782
-14.59897322
-14.60662202
-14.61427035
-14.6219182
-14.63959263
-14.66227667
-14.68996591
-14.70123596
-14.72127134
-14.73866811
-14.75843003
-14.76309969
-14.75802501
-14.74892906
-14.76096778
-14.78633387
-14.7914637
-14.7764602
-14.72152475
-14.63347928
-14.53454279
-14.43375268
-14.38220819
-14.36177119
-14.36474744
-14.36206886
-14.36206886
-14.3657378
-14.36443746
-14.3754413
-14.39377211
-14.40842873
-14.41941651
-14.41941651
-14.42307821
-14.42307821
-14.39770153
-14.37492997
-14.35215949
-14.32809202
-14.3180058
-14.31180933
-14.31798549
-14.3343903
-14.34444883
-14.35061703
-14.3581677
-14.36679158
-14.37036512
-14.37791386
-14.37147777
-14.35463106
-14.33470507
-14.3333915
-14.32733099
-14.31770604
-14.29561682
-14.27394649
-14.26257273
-14.25989801
-14.2672074
-14.28182083
-14.30265305
-14.32337176
-14.34761807
-14.37537717
-14.38798699
-14.40347072
-14.43169881
-14.45241899
-14.47337786
-14.48214714
-14.49091587
-14.49583322
-14.50203386
-14.49827118
-14.48441366
-14.48415172
-14.49256909
-14.49371754
-14.48455894
-14.4679995
-14.45513692
-14.41553527
-14.36517226
-14.30076934
-14.23766232
-14.1898795
-14.12934078
-14.07545695
-14.01574759
-13.95622786
-13.91047114
-13.87732808
-13.83957808
-13.82699718
-13.83063613
-13.82434629
-13.82798495
-13.83889825
-13.85707818
-13.87887965
-13.90066458
-13.91083261
-13.91107686
-13.88019958
-13.82981747
-13.75939136
-13.6841393
-13.60893095
-13.54002839
-13.46490391
-13.38982321
-13.32226574
-13.26098973
-13.19471735
-13.13229439
-13.08098991
-13.04597989
-13.02726001
-13.00854288
-13.00854288
-12.99104423
-12.973547
-12.94236496
-12.89993537
-12.85007541
-12.80281183
-12.76544162
-12.73430819
-12.70318241
-12.68828411
-12.68326509
-12.68808433
-12.67040911
-12.65251008
-12.60968467
-12.56324473
-12.52207324
-12.50460166
-12.50460166
-12.50826754
-12.51193247
-12.51559721
-12.51679175
-12.50673753
-12.48807506
-12.45075849
-12.41080799
-12.35340622
-12.29720304
-12.23475165
-12.16494403
-12.1138168
-12.07125293
-12.04609899
-11.99982998
-11.93516916
-11.87539849
-11.81065287
-11.7422816
-11.65908449
-11.58096934
-11.50770594
-11.45431136
-11.41229372
-11.38515788
-11.37397827
-11.37512631
-11.3689625
-11.37265232
-11.37609574
-11.37821146
-11.35928768
-11.33533979
-11.3102415
-11.29632303
-11.28997581
-11.28001905
-11.26769569
-11.25035349
-11.23301277
-11.20061249
-11.17437042
-11.14651095
-11.12982089
-11.11425361
-11.09527982
-11.06449193
-11.05217894
-11.04099675
-11.03709965
-11.00970836
-10.9663026
-10.93130123
-10.90615775
-10.8994669
-10.88940605
-10.8731924
-10.84970725
-10.81636048
-10.7718382
-10.71876828
-10.6595549
-10.61021383
-10.58191897
-10.56702033
-10.55584719
-10.5409479
-10.5282649
-10.50199286
-10.47088253
-10.43804957
-10.39906489
-10.3486919
-10.29236854
-10.24127817
-10.20400865
-10.17791397
-10.16803451
-10.16190149
-10.16190149
-10.16190149
-10.15202178
-10.13362508
-10.09656196
-10.06829148
-10.03389606
-9.978754942
-9.893031026
-9.770674555
-9.580723506
-9.34496831
-9.059344672
-8.756906358
-8.454520957
-8.173173207
-7.91826752
-7.727222847
-7.599326054
-7.557262238
-7.557262238
-7.557262238
-7.557262238
-7.557262238
-7.557262238
-7.557262238
-7.557262238
-7.557262238
-7.557262238
-7.557262238
-7.551254396
-7.545246871
-7.533232779
-7.533232779
-7.52722621
-7.507574404
-7.469905411
-7.410407114
-7.299608584
-7.137513398
-6.947634687
-6.734048712
-6.568959014
-6.442475618
-6.366339736
-6.346662882
-6.323429612
-6.300180745
-6.273037348
-6.2575173
-6.253636204
-6.253636204
-6.253636204
-6.253636204
-6.249754674
-6.249754674
-6.241862268
-6.236059038
-6.229294882
-6.214599869
-6.208796104
-6.196063153
-6.183451474
-6.164023829
-6.140696351
-6.10956877
-6.074517064
-6.050173634
-6.034573866
-6.018967154
-6.009090535
-6.009090535
-6.008135617
-6.004232405
-5.981687041
-5.953161839
-5.923519122
-5.887901101
-5.835477596
-5.77411945
-5.714628169
-5.645418237
-5.575120667
-5.506869665
-5.43659607
-5.37322613
-5.286148443
-5.184302143
-5.105100379
-5.046766374
-5.030928578
-5.026979481
-5.011141366
-4.985409314
-4.943839626
-4.892374148
-4.842888997
-4.800400258
-4.761876604
-4.736143785
-4.700511631
-4.662909994
-4.59958104
-4.514499922
-4.397781321
-4.264369083
-4.112086613
-3.947264045
-3.767573508
-3.606001158
-3.463927494
-3.331792941
-3.241055463
-3.167982006
-3.110702705
-3.069214941
-3.031762355
-3.010099864
-3.000189092
-2.990277987
-2.990277987
-2.990277987
-2.984403101
-2.958706197
-2.924930773
-2.87757326
-2.84600374
-2.820305715
-2.804521921
-2.794607562
-2.772955634
-2.741391085
-2.699913236
-2.668351949
-2.622823858
-2.573678603
-2.543928841
-2.538068184
-2.538068184
-2.532207859
-2.522412898
-2.522412898
-2.522412898
-2.500776813
-2.459308258
-2.407922518
-2.353911128
-2.315800873
-2.276030134
-2.25788278
-2.224805642
-2.180155157
-2.115572332
-2.031060629
-1.935713867
-1.840390374
-1.755932369
-1.68232963
-1.617733081
-1.579724584
-1.563281289
-1.556753521
-1.550225947
-1.544509621
-1.543698317
-1.542075573
-1.53135063
-1.525634508
-1.51247746
-1.500234701
-1.477979415
-1.450011301
-1.405513575
-1.360217827
-1.304314642
-1.241813917
-1.180229018
-1.128384991
-1.059959977
-0.982352176
-0.902191918
-0.825397431
-0.727127192
-0.607398015
-0.493469156
-0.395237186
-0.312695251
-0.249979209
-0.214481593
-0.188893723
-0.177361781
-0.167451351
-0.163305961
-0.163305961
-0.141864857
-0.110514598
-0.065106054
-0.012325745
0.050278654
0.102963516
0.157158352
0.203996471
0.246670218
0.275945894
0.304460356
0.335624974
0.374111532
0.400424943
0.463025118
0.517882848
0.576011145
0.632196833
0.698950336
0.782054948
0.869365261
0.95595916
1.051001584
1.109198606
1.145337057
1.160159013
1.165813266
1.176443749
1.187073841
1.214091454
1.254416808
1.318280033
1.384101782
1.441468715
1.501038721
1.558335249
1.622796813
1.680789767
1.721120882
1.769107878
1.810087716
1.863780412
1.91821038
1.966244011
2.002964924
2.02415909
2.039682558
2.047468798
2.058733642
2.069998426
2.081968525
2.103825207
2.14548606
2.201989361
2.291009018
2.382813319
2.487267246
2.579707008
2.658003719
2.731352033
2.808223743
2.886472126
2.959070317
3.031678825
3.112795461
3.200223728
3.267174703
3.339071131
3.390500416
3.421487954
3.42710241
3.432036827
3.432697301
3.442566346
3.450141927
3.470540348
3.487324123
3.517595181
3.554122993
3.595590392
3.654190493
3.717755532
3.791886294
3.875289009
3.964980789
4.06891931
4.19016271
4.317752788
4.436157337
4.550311241
4.652075035
4.734033293
4.791181379
4.827212006
4.840260217
4.853312121
4.879427011
4.896845148
4.914269853
4.940419228
4.975308061
5.014589422
5.049534129
5.080132324
5.093252003
5.102000511
5.115126357
5.13701099
5.158905905
5.167666751
5.176429242
5.177042023
5.177042023
5.181423725
5.187008164
5.204539386
5.235234864
5.263367478
5.287704279
5.331995007
5.367505023
5.403014869
5.448500984
5.492809516
5.545930155
5.625779682
5.696821917
5.742917264
5.77404734
5.789647192
5.80524729
5.840224379
5.88077096
5.934551871
6.005645935
6.082879826
6.135151958
6.166868412
6.185320971
6.206497597
6.214385273
6.231705935
6.258459126
6.294072817
6.316967258
6.339284888
6.36102692
6.377762147
6.388918225
6.398928939
6.404506684
6.411228593
6.426244388
6.436826931
6.451843852
6.471297333
6.491323529
6.516358569
6.545267222
6.57588546
6.610948225
6.646015884
6.676642458
6.715038679
6.764036268
6.80803523
6.852606637
6.896630363
6.964087433
7.076270019
7.195835591
7.304263429
7.402155714
7.490045042
7.568453737
7.631790338
7.665989209
7.675533417
7.675533417
7.675533417
7.6845459
7.689052752
7.698067677
7.711593116
7.721143406
7.72565334
7.731225645
7.742369411
7.758553869
7.779778081
7.795960251
7.802059756
7.812141425
7.81876892
7.834419341
7.855638227
7.877910718
7.890163136
7.907454776
7.913150311
7.910811898
7.908476623
7.911643488
7.914350177
7.905997061
7.888242206
7.890430294
7.892089631
7.898254381
7.914417991
7.930051307
7.945684433
7.961317315
7.972971208
7.993637283
8.015357123
8.045565308
8.085321966
8.129076092
8.176317405
8.234185111
8.292599818
8.327375448
8.339008565
8.340557465
8.340118537
8.335671186
8.321298001
8.311889955
8.296562861
8.298198674
8.304437322
8.326237781
8.354631521
8.382586237
8.416612596
8.440642904
8.471995281
8.488230732
8.493784873
8.498823675
8.493357739
8.482940577
8.479021961
8.469638413
8.444891391
8.425614783
8.406342109
8.392632654
8.362954901
8.338750286
8.3244399
8.3194955
8.309607049
8.310132127
8.295301138
8.285940754
8.270585262
8.261754955
8.257436935
8.248179178
8.233983584
8.234905338
8.28591524
8.360972494
8.44455923
8.515242849
8.588078137
8.656842441
8.705042351
8.74111537
8.766602109
8.772923123
8.768327128
8.727321137
8.696399155
8.667521539
8.641416844
8.619443308
8.601377968
8.585693759
8.559877585
8.549969638
8.517622562
8.487372086
8.451227214
8.408650188
8.358558737
8.308433622
8.257855388
8.181548327
8.077531402
7.928725108
7.738240368
7.529671297
7.383546954
7.31079019
7.28273127
7.296291882
7.309856131
7.34254583
7.38328277
7.428584453
7.474500585
7.50798109
7.537505164
7.558523742
7.57840099
7.602823468
7.632364084
7.66247816
7.692596132
7.733512997
7.773305493
7.81709852
7.865465283
7.923534647
7.991322493
8.051121895
8.092655828
8.12851589
8.143334475
8.148457826
8.148457826
8.148457826
8.148457826
8.148457826
8.148457826
8.148457826
8.154131568
8.154131568
8.15870466
8.159254822
8.154269673
8.15482013
8.150386101
8.144989729
8.149700721
8.15441254
8.154691371
8.165079109
8.170894044
8.160516438
8.149176347
8.148907112
8.138940192
8.112917462
8.081354802
8.043277407
7.988556627
7.917162775
7.835029459
7.742854115
7.645044009
7.546144782
7.432606515
7.317790764
7.208446485
7.121974362
7.051036892
6.997465237
6.965678487
6.970998292
6.9898105
7.008022663
7.041720835
7.076636228
7.112159872
7.138566682
7.174096557
7.215062655
7.253973739
7.288330046
7.32269588
7.356478665
7.389682221
7.409758936
7.429837728
7.43958316
7.444750856
7.444750856
7.444750856
7.44592951
7.447108244
7.442696191
7.437694893
7.44227205
7.442861807
7.447439178
7.443027652
7.43861683
7.423615659
7.413782822
7.418525815
7.41310207
7.418861256
7.424028655
7.419621091
7.428772871
7.437503418
7.46098493
7.479893944
7.484221929
7.478378124
7.456177343
7.423796574
7.398192534
7.383187366
7.371571176
7.349180707
7.335941072
7.332452672
7.33269639
7.333116738
7.33092457
7.352444931
7.384367393
7.421337478
7.443961239
7.471852868
7.478568606
7.470113348
7.44665693
7.419188557
7.379881699
7.352395865
7.330522975
7.307021278
7.27328779
7.228289518
7.183268062
7.14385527
7.104424729
7.06056858
7.010441366
6.960289372
6.904466803
6.842724824
6.775917746
6.704043566
6.611186719
6.519993279
6.440750764
6.371546638
6.325678634
6.301213776
6.291168908
6.285494277
6.279819285
6.280471988
6.280471988
6.275449868
6.275449868
6.272179112
6.268465005
6.264098403
6.252546934
6.240348637
6.23905463
6.237319217
6.236243611
6.236929123
6.226290786
6.225231447
6.223517923
6.224176316
6.226151617
6.228785636
6.230102768
6.225760757
6.227078562
6.222737884
6.217738443
6.192082945
6.162093375
6.120787507
6.058165307
5.996212649
5.929271577
5.862338781
5.782022279
5.696907724
5.635867821
5.600017563
5.590495367
5.585962251
5.585962251
5.576897235
5.553092306
5.534973888
5.521389335
5.521389335
5.512334994
5.498756526
5.489706242
5.48065758
5.465931548
5.436484038
5.393485764
5.326305639
5.263681682
5.210573561
5.161994052
5.111068839
5.084544668
5.070103803
5.052126745
5.017102797
4.955317415
4.888816582
4.816631729
4.760574983
4.709489524
4.65319458
4.590726312
4.538917019
4.497023768
4.477194943
4.47298398
4.468773786
4.446710094
4.405304475
4.353238538
4.307146926
4.251156256
4.177280542
4.08952774
3.984840878
3.867916542
3.763403474
3.679726409
3.600480324
3.541282461
3.499283502
3.467456637
3.463020481
3.457281476
3.446598044
3.409313869
3.362649362
3.281222086
3.182508115
3.071408491
2.95085046
2.785040431
2.609795382
2.441814104
2.251282849
2.082420611
1.923867499
1.805354729
1.722270136
1.652265513
1.627474387
1.621653401
1.621653401
1.621653401
1.621653401
1.620775186
1.620775186
1.620775186
1.620775186
1.620775186
1.620775186
1.61639265
1.61639265
1.61639265
1.612010522
1.607628802
1.598866585
1.590106
1.576968181
1.559456799
1.541951687
1.520080041
1.485106197
1.445791544
1.415236744
1.359986595
1.284433865
1.226340801
1.168203056
1.078072881
0.967587272
0.85559027
0.761069367
0.707214543
0.672378031
0.644691841
0.640363064
0.628682535
0.606831452
0.579135449
0.536939295
0.477202012
0.398040461
0.287425107
0.170937344
0.076318045
0.006331446
-0.042380576
-0.064894092
-0.082495943
-0.098193957
-0.124062276
-0.150886052
-0.176754456
-0.22453644
-0.272322403
-0.351858576
-0.442195647
-0.548248309
-0.644146081
-0.697142642
-0.728547521
-0.744249659
-0.744249659
-0.744249659
-0.744249659
-0.744249659
-0.744249659
-0.7619237
-0.797281864
-0.836929105
-0.890006843
-0.935583943
-1.009067194
-1.090127481
-1.173856227
-1.24909192
-1.342135731
-1.425063978
-1.489250219
-1.542628103
-1.590098359
-1.631652779
-1.643528547
-1.643528547
-1.643528547
-1.643528547
-1.643528547
-1.643528547
-1.643528547
-1.661344761
-1.673223947
-1.685104499
-1.702927889
-1.732640374
-1.780198115
-1.841368214
-1.924700711
-2.035733089
-2.16907349
-2.300492679
-2.414124387
-2.507406604
-2.583202628
-2.614935345
-2.614935345
-2.617072025
-2.619208581
-2.617093951
-2.620297846
-2.620316597
-2.624586831
-2.62885656
-2.621425849
-2.61398549
-2.613990013
-2.600143536
-2.587350186
-2.579873881
-2.57451345
-2.576619382
-2.584055184
-2.590427435
-2.595736786
-2.597860302
-2.601045335
-2.60423008
-2.606353082
-2.605261779
-2.607384116
-2.608445237
-2.609506325
-2.608412216
-2.598758897
-2.601898896
-2.605034493
-2.611390294
-2.614567756
-2.615626846
-2.621661443
-2.621661443
-2.622720766
-2.622720766
-2.625531064
-2.63331853
-2.659220752
-2.707538291
-2.761921708
-2.828427972
-2.884642669
-2.951228723
-3.005739501
-3.055294844
-3.080989584
-3.098143115
-3.096726766
-3.097806497
-3.103873793
-3.103873793
-3.106033689
-3.106033689
-3.109273282
-3.111432843
-3.114671934
-3.120069747
-3.126546015
-3.127655502
-3.133049772
-3.139521783
-3.137412563
-3.134218855
-3.12672518
-3.122450046
-3.113861048
-3.096652877
-3.067596721
-3.054677065
-3.054677065
-3.054677065
-3.054677065
-3.054677065
-3.050369754
-3.050369754
-3.04606202
-3.038516944
-3.025588164
-3.012655584
-2.99540623
-2.986779019
-2.986779019
-2.98246478
-2.969519529
-2.943617874
-2.913379496
-2.878796281
-2.863262995
-2.871127324
-2.889416634
-2.902677597
-2.908775678
-2.908775678
-2.908775678
-2.908775678
-2.90984228
-2.913041883
-2.924535108
-2.92560198
-2.937802881
-2.993493499
-3.057080727
-3.105938016
-3.134696778
-3.149448806
-3.164199097
-3.170309416
-3.176420078
-3.179652934
-3.181807998
-3.181807998
-3.186128088
-3.190447754
-3.201957313
-3.208432971
-3.220300575
-3.235402924
-3.25049298
-3.270979126
-3.295395223
-3.277431331
-3.207180242
-3.060891142
-2.886669827
-2.677484951
-2.459223714
-2.212322861
-1.926902101
-1.624951665
-1.298686634
-0.923391375
-0.530045345
-0.186418069
0.055495819
0.166247044
0.124927246
-0.111735964
-0.579237988
-1.184843506
-1.829039085
-2.392548025
-2.889059192
-3.276598735
-3.561644412
-3.679886492
-3.674103096
-3.556106399
-3.434892238
-3.364047232
-3.361840976
-3.433406379
-3.590530047
-3.780642666
-4.006211015
-4.237883253
-4.445104552
-4.617402613
-4.776340014
-4.937656763
-5.08558735
-5.220589912
-5.288647152
-5.280298879
-5.216725042
-5.142691337
-5.076273254
-5.008054617
-4.9540857
-4.94435459
-4.95210593
-5.026548869
-5.126224207
-5.267242147
-5.362254352
-5.399454436
-5.391429967
-5.333847948
-5.21728196
-5.071152283
-4.931394351
-4.823161164
-4.775990376
-4.765176086
-4.800555435
-4.865821702
-4.972053608
-5.080145587
-5.195871897
-5.309121088
-5.428663237
-5.561206562
-5.656948593
-5.702187872
-5.741617104
-5.802650045
-5.812551718
-5.758051886
-5.656052722
-5.55750477
-5.420885122
-5.267642792
-5.107448722
-4.96926448
-4.852808573
-4.781566402
-4.768210004
-4.805501634
-4.868132514
-4.933661305
-5.003448518
-5.042653215
-5.073120984
-5.106845038
-5.147028496
-5.200131822
-5.249879449
-5.269630113
-5.273481164
-5.26113731
-5.246979622
-5.22051726
-5.186398974
-5.139197346
-5.11310821
-5.107192682
-5.094651568
-5.115144919
-5.161657312
-5.210772404
-5.26793135
-5.325906105
-5.432026854
-5.560879564
-5.66248455
-5.74205068
-5.788043839
-5.818105092
-5.825032338
-5.814957739
-5.819629113
-5.815636395
-5.8149109
-5.828893923
-5.864843375
-5.90701872
-5.930636724
-5.951316522
-5.952379589
-5.935633877
-5.878308393
-5.780001729
-5.689058945
-5.611241344
-5.552738739
-5.499051454
-5.451520845
-5.424317445
-5.398236491
-5.376605272
-5.358307578
-5.341983623
-5.335885616
-5.33477776
-5.331453938
-5.329237847
-5.328129739
-5.328129739
-5.346419502
-5.389107281
-5.447193275
-5.485946246
-5.51859985
-5.549269378
-5.57581906
-5.592146383
-5.612590444
-5.629166771
-5.646863801
-5.659327085
-5.679771152
-5.696101807
-5.706323273
-5.708568394
-5.72838286
-5.746329848
-5.768386165
-5.79454864
-5.822955894
-5.878964606
-5.950368966
-6.008545886
-6.063726827
-6.116617796
-6.164944047
-6.205070943
-6.263075516
-6.322180166
-6.377183531
-6.421751931
-6.44891042
-6.477205465
-6.521583098
-6.523865953
-6.523865953
-6.523865953
-6.534049957
-6.558546579
-6.587107678
-6.631985443
-6.687055804
-6.729971879
-6.779038556
-6.82198916
-6.871095289
-6.926364823
-6.981660967
-7.039870163
-7.091008584
-7.138113085
-7.168878546
-7.193497312
-7.224277805
-7.25295098
-7.30202949
-7.367473229
-7.418687849
-7.473947889
-7.52304748
-7.539641451
-7.5483988
-7.561187621
-7.583219238
-7.591976832
-7.600734352
-7.607823899
-7.617273985
-7.63930805
-7.662521263
-7.690944055
-7.703730719
-7.708458741
-7.71221663
-7.720486404
-7.738484999
-7.750089695
-7.752452668
-7.754815449
-7.758845704
-7.761208568
-7.761208568
-7.771145674
-7.788656861
-7.82749917
-7.871543026
-7.907525719
-7.939479678
-7.975455475
-8.021838582
-8.069397114
-8.116947763
-8.18411023
-8.244864374
-8.282436434
-8.291818711
-8.291818711
-8.291818711
-8.291818711
-8.285610584
-8.285610584
-8.289620256
-8.289620256
-8.293629494
-8.293629494
-8.293629494
-8.305654603
-8.3296931
-8.341706489
-8.349275253
-8.358032203
-8.364584509
-8.365943831
-8.371135289
-8.372323155
-8.377514478
-8.373681078
-8.381416392
-8.406928783
-8.445194198
-8.496644706
-8.541274818
-8.578336219
-8.598648288
-8.605022546
-8.605022546
-8.606211213
-8.608588392
-8.610965363
-8.612153772
-8.614530432
-8.615718685
-8.620471178
-8.62522284
-8.640347592
-8.66109298
-8.67621648
-8.686587422
-8.706138055
-8.72168981
-8.736811898
-8.76909761
-8.814537801
-8.90178387
-9.034274868
-9.186018687
-9.35104836
-9.500907647
-9.627648603
-9.719844326
-9.763674036
-9.767606618
-9.763996086
-9.763996086
-9.770655318
-9.778516414
-9.790304763
-9.811547188
-9.847728512
-9.878802444
-9.9020778
-9.928003709
-9.928496684
-9.915711715
-9.898226403
-9.898226403
-9.902125969
-9.902125969
-9.921617232
-9.968351626
-10.01502303
-10.03833512
-10.04764317
-10.05540739
-10.05540714
-10.05540714
-10.05540714
-10.06316937
-10.07093009
-10.08644555
-10.12133034
-10.16490467
-10.2094349
-10.25372269
-10.30936667
-10.37270738
-10.43073414
-10.48123787
-10.52949151
-10.57931976
-10.61513094
-10.6278735
-10.6278735
-10.62164423
-10.61925584
-10.63077492
-10.65141034
-10.66462925
-10.68414747
-10.7163813
-10.7687226
-10.80097184
-10.85166428
-10.9121101
-10.97747067
-11.0466734
-11.14568278
-11.22200126
-11.26202869
-11.26714795
-11.27092841
-11.26470456
-11.25225779
-11.23981228
-11.23981228
-11.23358999
-11.22736802
-11.22736802
-11.18626043
-11.15138047
-11.1102894
-11.06920746
-11.05299097
-11.03677472
-11.03677472
-11.03919942
-11.03662084
-11.01660645
-10.97915693
-10.92427543
-10.8742188
-10.81813191
-10.76206214
-10.73463486
-10.7358326
-10.7358326
-10.7358326
-10.72962656
-10.73082403
-10.73321877
-10.72319991
-10.69957276
-10.66833001
-10.64446961
-10.64422812
-10.64661278
-10.65041883
-10.64421354
-10.63299559
-10.6229533
-10.6017073
-10.56185152
-10.52701629
-10.47595821
-10.42490865
-10.34289593
-10.24501433
-10.14102315
-10.04947286
-9.962996895
-9.888923969
-9.813386768
-9.763697434
-9.739807161
-9.707435722
-9.670453618
-9.617326631
-9.536897781
-9.43689638
-9.338097406
-9.260472195
-9.181286767
-9.094855277
-9.019104074
-8.969013259
-8.926159688
-8.892189913
-8.849839496
-8.811385734
-8.767918895
-8.732260723
-8.689374658
-8.646504254
-8.59974373
-8.571354806
-8.549088198
-8.52571867
-8.501249033
-8.475078089
-8.443890813
-8.415996921
-8.3819751
-8.347940757
-8.305595263
-8.27437999
-8.261496698
-8.257564399
-8.251452293
-8.233117899
-8.209764541
-8.166373362
-8.112988181
-8.041290798
-7.95412339
-7.855932706
-7.766079711
-7.687370168
-7.619746513
-7.55498914
-7.472446065
-7.402032196
-7.336601627
-7.285141543
-7.243687716
-7.207265396
-7.176922424
-7.140521535
-7.104132297
-7.053796795
-6.991305162
-6.914917427
-6.815159842
-6.69419298
-6.567317516
-6.428523042
-6.295924024
-6.16348246
-6.031198464
-5.908278415
-5.822341737
-5.764396549
-5.74040967
-5.74040967
-5.74040967
-5.74040967
-5.74040967
-5.74040967
-5.74040967
-5.74040967
-5.74040967
-5.741406371
-5.729414455
-5.717423845
-5.699440379
-5.693446544
-5.671507845
-5.645565351
-5.591742723
-5.526940052
-5.457194345
-5.383488295
-5.313761312
-5.244045163
-5.19027113
-5.152434096
-5.110618846
-5.066816503
-5.009079057
-4.949365165
-4.85781943
-4.762299535
-4.654879116
-4.547487403
-4.458100428
-4.370831196
-4.287479935
-4.181181481
-4.08392244
-4.004694115
-3.957263599
-3.916710468
-3.875240593
-3.827866307
-3.768678241
-3.693666679
-3.618700147
-3.527933788
-3.433495855
-3.32735467
-3.203311853
-3.041875801
-2.880593972
-2.705488193
-2.541777181
-2.369983826
-2.241159554
-2.143029799
-2.076471338
-2.041458739
-2.033891317
-2.025460881
-2.022868514
-2.016167685
-2.016167685
-2.015303647
-2.013575438
-2.012711269
-1.996987506
-1.968732422
-1.92065331
-1.862690363
-1.806221696
-1.732537903
-1.667068979
-1.601616472
-1.554462316
-1.496512986
-1.437706768
-1.376516544
-1.339276718
-1.307005905
-1.289616303
-1.278033841
-1.26148798
-1.223422976
-1.169663562
-1.095252966
-1.020021799
-0.92827486
-0.82003462
-0.719280195
-0.632591487
-0.571518844
-0.547597767
-0.524500576
-0.517905201
-0.512951549
-0.507179791
-0.497275007
-0.465923512
-0.426301198
-0.404040716
-0.373506878
-0.329807904
-0.287739391
-0.263857627
-0.225932342
-0.18720772
-0.123738846
-0.043829001
0.037810113
0.118485116
0.175357745
0.223920244
0.245334951
0.282588157
0.327393362
0.383171492
0.426481409
0.463030866
0.496474829
0.542503912
0.571821461
0.581773268
0.581773268
0.581773268
0.581773268
0.594345831
0.628675304
0.670642983
0.716855717
0.757043579
0.778551133
0.792423338
0.815489395
0.843542524
0.873152848
0.906971577
0.935024184
0.956533536
0.97227762
0.985692576
0.985692576
0.99411996
0.994896261
0.99911043
1.003325016
1.003325016
1.007539767
1.020187531
1.037056718
1.075036794
1.113050668
1.161098823
1.201493268
1.248454295
1.296207145
1.34899058
1.404519658
1.462815471
1.52466364
1.580802523
1.619939804
1.642032188
1.642788197
1.642788197
1.647812319
1.652080815
1.674184575
1.704089313
1.742568365
1.773271461
1.795428014
1.804743459
1.809026396
1.809776796
1.810527231
1.816310945
1.83066156
1.854334025
1.887336194
1.926883088
1.96214898
2.001715634
2.045590555
2.093037918
2.144813231
2.193052445
2.229125054
2.259415199
2.283922504
2.297596947
2.301909844
2.310536889
2.319165606
2.335737484
2.360940273
2.376097144
2.394838867
2.409265092
2.427280398
2.440978755
2.458270873
2.49135731
2.517321567
2.547632209
2.574357393
2.603946509
2.620590386
2.637960906
2.65966726
2.677036761
2.69367939
2.715385656
2.732028003
2.763797626
2.786227639
2.82884889
2.881531952
2.955777505
3.019880753
3.093319256
3.150122885
3.204154304
3.271920986
3.361554647
3.426438939
3.477906169
3.529478278
3.575805325
3.62659655
3.670018602
3.720825656
3.76586932
3.800066131
3.811616181
3.818082323
3.824548156
3.827313372
3.838861136
3.844718513
3.851958987
3.857817727
3.873757067
3.880912355
3.886772249
3.888932155
3.89918491
3.907721955
3.900590798
3.889770601
3.878962074
3.868859787
3.868738601
3.861553608
3.858659049
3.854373808
3.855070139
3.853572627
3.858450589
3.86472433
3.871697887
3.880069941
3.888446113
3.900497738
3.906085302
3.910975909
3.917265868
3.922858862
3.929153134
3.93335058
3.937549034
3.942448505
3.948049555
3.954352913
3.96206005
3.971172806
3.978887246
3.979567361
3.984481651
3.98729042
3.981779307
3.993285143
3.988478061
3.977917857
3.978743508
3.985200819
3.979692783
3.967268066
3.957902733
3.967219031
3.990762869
4.038676431
4.085363531
4.133379507
4.175804363
4.227600138
4.278890427
4.336509627
4.392420784
4.429190663
4.470975642
4.495178927
4.493502691
4.477914251
4.46232558
4.440393422
4.436802904
4.432524951
4.422592585
4.413350603
4.387142866
4.366590874
4.346732308
4.333227881
4.302754753
4.283601588
4.269414047
4.2545312
4.233990187
4.213449524
4.188651122
4.164559443
4.12844551
4.102952501
4.091625107
4.074631378
4.063300467
4.058342477
4.041343134
4.024340627
3.998128084
3.974308078
3.931785245
3.884297012
3.838957899
3.792905875
3.752535058
3.697908153
3.643260766
3.59354953
3.537396666
3.486906188
3.433644683
3.385330966
3.329822145
3.262135566
3.202199603
3.153067801
3.108881212
3.063926293
3.019708553
2.999107684
2.996398725
3.001519693
2.995801093
3.001679199
3.011921673
3.013595244
2.994511546
2.962639663
2.922969143
2.887502078
2.85280494
2.823837989
2.80137099
2.781298897
2.746808521
2.70720573
2.688532836
2.658244693
2.637677488
2.623616139
2.612944147
2.612944147
2.607218016
2.607218016
2.607218016
2.601491535
2.585090938
2.563742223
2.543958018
2.512717646
2.487207183
2.463091022
2.43106492
2.411291927
2.38499706
2.36602023
2.345461537
2.334785456
2.335579345
2.335579345
2.329844341
2.329844341
2.324108988
2.324108988
2.325697829
2.310081572
2.287932648
2.294583481
2.312043685
2.358924792
2.396779267
2.4186869
2.404566025
2.36586994
2.29681764
2.233475033
2.164326148
2.106663702
2.064857963
2.038925467
2.020873004
1.999266144
1.980502773
1.967514474
1.938606544
1.892335714
1.851830424
1.811308312
1.77076857
1.718621284
1.666445755
1.603463602
1.533809532
1.459126257
1.400999821
1.361964072
1.345351048
1.345351048
1.345351048
1.345351048
1.346188607
1.346188607
1.340371554
1.336230352
1.327111506
1.306359841
1.278108123
1.255670706
1.253219793
1.244951791
1.218383606
1.181863516
1.140370013
1.098879183
1.03905962
0.970137621
0.8962394
0.813909555
0.71228953
0.619664995
0.527616752
0.439808743
0.363645658
0.287424043
0.228752487
0.183349319
0.15488189
0.139050032
0.116449189
0.106490779
0.090658161
0.06374403
0.049707575
0.031597378
0.014395705
-0.009573757
-0.035343152
-0.062920498
-0.07377168
-0.078744342
-0.084622935
-0.083716814
-0.083716814
-0.083716814
-0.083716814
-0.087782663
-0.092754475
-0.114690286
-0.136628258
-0.163540094
-0.179364679
-0.189306945
-0.20695455
-0.217809362
-0.222780395
-0.222780395
-0.228664243
-0.240432974
-0.258088386
-0.268031277
-0.300842402
-0.358989423
-0.415297389
-0.484308599
-0.546503799
-0.622107783
-0.701070686
-0.770797591
-0.842168935
-0.922350343
-1.011051701
-1.093875797
-1.190921545
-1.280887436
-1.387721549
-1.479209415
-1.558256801
-1.650390408
-1.721739486
-1.757432485
-1.781234654
-1.787186051
-1.787186051
-1.787186051
-1.787186051
-1.787186051
-1.787186051
-1.787186051
-1.787186051
-1.787186051
-1.787186051
-1.787186051
-1.787186051
-1.797386393
-1.823738765
-1.857752892
-1.888353659
-1.952977404
-2.019330295
-2.09339053
-2.176915881
-2.266481478
-2.374061136
-2.481751707
-2.60752981
-2.727457999
-2.830531929
-2.909667945
-2.953815949
-2.966876922
-2.973925128
-2.973925128
-2.973925128
-2.974958783
-2.974958783
-2.974958783
-2.974958783
-2.977025985
-2.977025985
-2.977025985
-2.984075663
-3.003160626
-3.043416085
-3.117972119
-3.210709677
-3.29834358
-3.376876072
-3.456517158
-3.513069545
-3.539387717
-3.545439098
-3.551493976
-3.552549095
-3.552549095
-3.552549095
-3.553604176
-3.560715204
-3.563880876
-3.569156241
-3.573369108
-3.579695528
-3.582858226
-3.582846376
-3.587061531
-3.589168881
-3.589168881
-3.589168881
-3.589168881
-3.590222498
-3.594436589
-3.597596756
-3.571127962
-3.517098123
-3.436464468
-3.2875265
-3.030989584
-2.714756575
-2.351760994
-1.962517061
-1.558074492
-1.159385981
-0.757785527
-0.358851201
0.062433668
0.439952035
0.796687513
1.190727725
1.55980336
1.803495918
1.880295035
1.791375201
1.580932373
1.31642997
1.040970594
0.811702845
0.625896118
0.51133457
0.486989111
0.545711646
0.669592217
0.776650613
0.878581214
1.061705967
1.325092742
1.673315926
2.085648861
2.53360207
2.973462147
3.383529114
3.684837171
3.866802264
3.889771088
-5.817542038
