47.72042215
47.72042215
47.71651174
47.69905424
47.67609089
47.67217996
47.66826923
47.66667536
47.66348887
47.66189624
47.65871222
47.65871222
47.64770688
47.62178938
47.60834513
47.59724152
47.58299523
47.57035999
47.55932592
47.55302985
47.55145688
47.54988431
47.54831216
47.54045765
47.53418151
47.52634569
47.52008452
47.51539301
47.50914349
47.50290063
47.50450588
47.49827737
47.49205555
47.48428765
47.47808085
47.47735367
47.47198878
47.47211057
47.46747894
47.46677753
47.47070416
47.46916263
47.46916263
47.47308959
47.47393543
47.46777786
47.45701825
47.44474671
47.43490448
47.41247246
47.37466596
47.33950467
47.30439225
47.27347515
47.25393106
47.23894597
47.21983735
47.19540169
47.18527076
47.16263354
47.1399975
47.12867991
47.12718839
47.12420661
47.1251833
47.1251833
47.1251833
47.12178105
47.09971716
47.08956859
47.08175125
47.06939688
47.06271017
47.06501753
47.06501753
47.06501753
47.05937378
47.05206419
47.03994019
47.01837318
47.01340223
46.98919171
46.94259041
46.90148012
46.88942646
46.8556129
46.8105325
46.78235977
46.75982299
46.73904073
46.72627258
46.72063765
46.72063765
46.7191395
46.7191395
46.71350448
46.6925887
46.67004852
46.65314421
46.6475096
46.64451023
46.64151257
46.64001439
46.63552244
46.63103436
46.62505629
46.61344734
46.60599223
46.5831184
46.56129615
46.54605423
46.53152031
46.51122614
46.47415287
46.43682858
46.40208511
46.3678688
46.35904329
46.35181478
46.34300021
46.33824212
46.32271244
46.3177761
46.30364463
46.28717382
46.28502594
46.27230451
46.27546571
46.26383086
46.25525062
46.25525062
46.25525062
46.25934315
46.26343587
46.26343587
46.26343587
46.26195917
46.2616251
46.26129591
46.26097159
46.26327707
46.26412437
46.26088844
46.25057018
46.2470088
46.23937175
46.23023987
46.20727813
46.19380076
46.17751181
46.16832834
46.15116627
46.13277685
46.13133459
46.13133459
46.12575225
46.10342375
46.0976392
46.09601224
46.08469318
46.08311458
46.08985508
46.08965316
46.06170918
46.03386882
46.00759718
45.98285223
45.96229213
45.95287275
45.94187494
45.94042841
45.94042841
45.94173165
45.93739776
45.93595401
45.93162545
45.93425352
45.93257905
45.92806465
45.93762366
45.9333149
45.91796309
45.90552203
45.88627882
45.85044949
45.82723524
45.81110263
45.81136719
45.8058455
45.8058455
45.80456035
45.80199363
45.79391285
45.78583916
45.77522826
45.76844323
45.77015399
45.75958804
45.74639509
45.74263741
45.73889048
45.72539154
45.71740434
45.70392332
45.69898397
45.6916108
45.6873378
45.67457422
45.65926277
45.64640143
45.63905377
45.63195246
45.62639982
45.62380831
45.65133805
45.68764813
45.68748083
45.67199585
45.65418839
45.63331711
45.61694686
45.59475087
45.57243127
45.55837397
45.54472171
45.52833594
45.51539396
45.48194301
45.45467777
45.4555962
45.45900581
45.45565784
45.48469677
45.52717327
45.56523367
45.58248981
45.60948595
45.63383924
45.65687006
45.67724237
45.68433419
45.68969648
45.68969648
45.69502987
45.71645452
45.74189703
45.75489436
45.75315611
45.76080054
45.76419157
45.78161553
45.80912748
45.83645789
45.85044976
45.82390249
45.79765195
45.77577031
45.7821818
45.7821818
45.7764381
45.7709667
45.76413762
45.78523772
45.81646625
45.81453487
45.81344093
45.81869554
45.83264358
45.85025349
45.86786607
45.88548133
45.89428996
45.89869453
45.90750416
45.92512542
45.96478307
46.01768071
46.07942485
46.11286432
46.13893845
46.16635262
46.18534871
46.18976413
46.18976413
46.20659944
46.24775948
46.29766737
46.35067666
46.40812988
46.4704819
46.53244744
46.56216287
46.57729823
46.60388685
46.60218063
46.58329776
46.57127449
46.54017328
46.4913604
46.44232206
46.39298386
46.33910675
46.27263656
46.22702132
46.20206347
46.1916354
46.1916354
46.19684938
46.19684938
46.19684938
46.19684938
46.19684938
46.20073776
46.20130066
46.21151866
46.22307939
46.23143341
46.23979916
46.24165587
46.2532842
46.24676766
46.25131311
46.24544392
46.24478387
46.23957722
46.23891895
46.22785126
46.23109433
46.22783483
46.24084932
46.24216711
46.22593501
46.22466069
46.2233912
46.21499568
46.20079964
46.18601574
46.16800583
46.15979126
46.14310827
46.13681172
46.13373539
46.13656461
46.13481712
46.12906558
46.13825093
46.13709807
46.13078199
46.12907081
46.12107985
46.12638736
46.14506481
46.14277441
46.12429347
46.10472027
46.08852755
46.06441005
46.04323779
46.0090773
45.9863963
45.98485789
45.98447632
45.98447632
45.98447632
45.98447632
45.98447632
45.98447632
45.9807071
45.98502489
45.97994881
45.97449613
45.96359834
45.95234237
45.94110496
45.93567358
45.93024473
45.92988612
45.91939462
45.90890721
45.90855462
45.90278885
45.89231361
45.88149891
45.87103426
45.86529587
45.85923097
45.84339762
45.83230734
45.82091692
45.79976991
45.77804052
45.7510313
45.72914234
45.70732795
45.67552997
45.64382361
45.62751385
45.61674798
45.60670993
45.60670993
45.60670993
45.60301003
45.60063098
45.5943232
45.58359501
45.55917073
45.5432593
45.52717393
45.5063362
45.48553935
45.47515626
45.46978076
45.45442077
45.4488835
45.44371223
45.43487819
45.42604934
45.41506382
45.40108963
45.39195532
45.37138623
45.34721068
45.32575361
45.30448261
45.29536292
45.28008629
45.26979934
45.2546766
45.23956724
45.22933115
45.21415473
45.20386799
45.18865746
45.17363751
45.1637339
45.16365693
45.16365693
45.16358118
45.14865785
45.13855221
45.12345919
45.0935774
45.06370659
45.04367968
45.01888263
44.99417953
44.97938135
44.9646248
44.94988357
44.94499663
44.93518155
44.92538784
44.92049488
44.91558369
44.9156045
44.90578378
44.9008975
44.89604073
44.90594166
44.91094189
44.90610688
44.9161038
44.92621384
44.93158965
44.92742528
44.93613757
44.92766703
44.89987513
44.88719181
44.90449626
44.90727666
44.88525809
44.87790315
44.93616761
44.96864807
44.95955044
44.96005436
44.97040044
44.97040044
44.98184539
45.0134779
45.05385845
45.06187545
45.07504148
45.09229545
45.11353801
45.156636
45.21124397
45.28747514
45.38167824
45.45151427
45.52274855
45.5832267
45.60524898
45.60320951
45.60552586
45.60921965
45.61428908
45.62305383
45.65854617
45.70888891
45.75960951
45.79882595
45.81912225
45.82049072
45.81384898
45.79860969
45.76487554
45.71422408
45.64849277
45.61197573
45.58273718
45.56754347
45.55923996
45.55923996
45.55923996
45.55923996
45.56337813
45.56475843
45.56613919
45.57265753
45.57917617
45.57404078
45.59262222
45.62287812
45.63728406
45.66714115
45.71987271
45.74532893
45.77419868
45.80175901
45.83137342
45.83078891
45.8260247
45.80931152
45.79210987
45.78810018
45.78952633
45.79468729
45.79010325
45.7952648
45.81360257
45.8233649
45.8162662
45.82301005
45.84657955
45.86164278
45.86168621
45.87605944
45.90132451
45.9173661
45.92442442
45.90289374
45.86586085
45.86248438
45.88880789
45.89933807
45.89933807
45.91132002
45.92239442
45.9378413
45.96675209
46.01206995
46.07300192
46.12800855
46.19217787
46.25969403
46.3238697
46.36814751
46.40875721
46.42885123
46.4433809
46.4433809
46.4433809
46.44419906
46.43978633
46.43619438
46.42819404
46.41220642
46.38825763
46.35113902
46.30785182
46.26997515
46.23753456
46.22987471
46.22311814
46.21552352
46.21922803
46.22545161
46.22545161
46.22545161
46.22108743
46.22108743
46.22108743
46.22201892
46.21329233
46.21422627
46.19677762
46.19149253
46.17281536
46.15883748
46.13773264
46.12039599
46.10248874
46.0765281
46.05435769
46.04308472
46.02671124
46.01902298
46.02217778
46.02691322
46.01905007
46.01322299
45.98898827
45.96806777
45.94407148
45.92128044
45.90667112
45.90343009
45.89372205
45.884019
45.87863551
45.86569226
45.85437548
45.84900047
45.84583031
45.82440056
45.79769311
45.76145936
45.71941032
45.66890457
45.61617129
45.56637645
45.53208407
45.51275146
45.49661028
45.46971044
45.45357182
45.43205515
45.41162438
45.40195068
45.37125251
45.35298481
45.33842531
45.32386702
45.31527813
45.31527813
45.31527813
45.31098395
45.30668996
45.30349023
45.29490443
45.2906118
45.28312553
45.26706299
45.24672091
45.23607626
45.22004501
45.1922929
45.16998147
45.14343345
45.11151303
45.08894832
45.06732314
45.04830744
45.04520579
45.04431183
45.04937207
45.04671401
45.04320452
45.04739129
45.05045912
45.05016175
45.04476537
45.03458928
45.01853263
44.98805809
44.95260378
44.91473295
44.88295179
44.8615024
44.8441058
44.83593736
44.82499965
44.81406496
44.81528912
44.81528912
44.81106061
44.81106061
44.81034269
44.81385478
44.81067207
44.80943196
44.82157199
44.86521871
44.93245612
44.95732223
44.97411544
44.99515425
45.02697746
45.03887766
45.04590187
45.07231914
45.1460433
45.20769138
45.21611181
45.21967907
45.21967907
45.21967907
45.21967907
45.21967907
45.22146332
45.22324799
45.22086107
45.21608987
45.21668734
45.22267473
45.2245273
45.20435629
45.17589047
45.1516238
45.14167479
45.13356718
45.12186266
45.11251532
45.10551431
45.09852144
45.08789134
45.07726429
45.06896559
45.04822223
45.03296813
45.0140624
45.01028427
45.00054861
44.99632013
45.00310215
45.01404704
45.06214722
45.16251912
45.27982175
45.36922871
45.45276494
45.53243697
45.6124657
45.70140855
45.80821635
45.90612306
45.9871842
46.02937602
46.0663541
46.10333055
46.11431261
46.11431261
46.11834186
46.11459169
46.11633465
46.12036425
46.12036425
46.12036425
46.12036425
46.12036425
46.12036425
46.12036425
46.12036425
46.12036425
46.12036425
46.12036425
46.12411214
46.12195751
46.12355545
46.12140371
46.11737573
46.10932035
46.0988472
46.09402854
46.0932575
46.09652962
46.08865764
46.07635394
46.06807671
46.0517679
46.04138055
46.02297251
46.01070941
46.00458054
46.00246667
46.00225429
45.98178016
45.9670505
45.954276
45.93981173
45.93546357
45.93321061
45.93496489
45.94072449
45.94633185
45.95979972
45.97135906
45.98486293
46.00418788
46.0332493
46.05636498
46.08545427
46.10712867
46.13649055
46.16213507
46.18594986
46.2064007
46.22497707
46.24110924
46.23926156
46.23931958
46.23535659
46.23535659
46.2313938
46.23145519
46.22560981
46.21984482
46.22015779
46.22851232
46.24888099
46.27326019
46.30252369
46.33246323
46.35494049
46.36942153
46.38582625
46.38668727
46.39285213
46.38702577
46.38308504
46.38308504
46.38120122
46.38120122
46.37332108
46.37743627
46.37573413
46.36535752
46.3553957
46.34363157
46.33008802
46.3296469
46.31936753
46.3073766
46.29853806
46.30512312
46.31563707
46.31984534
46.3261605
46.33037248
46.33458597
46.32761461
46.33481259
46.33451211
46.34598467
46.36115168
46.38238725
46.4057895
46.43350485
46.46556218
46.49011447
46.51044499
46.53842656
46.56208339
46.59344678
46.62167286
46.66087715
46.70019991
46.73525267
46.77039857
46.80563738
46.84096889
46.87195983
46.89635943
46.89794677
46.90496187
46.91833051
46.9227896
46.92501968
46.92501968
46.92501968
46.92948092
46.93394359
46.93748433
46.9486556
46.95130058
46.95844564
46.96248434
46.97556378
46.99323446
47.00337374
47.01444249
47.03403819
47.05676949
47.08181475
47.10761186
47.12118812
47.11640511
47.10475031
47.09239768
47.08391593
47.07928983
47.06700677
47.0554735
47.04394212
47.04009873
47.04009873
47.04009873
47.04009873
47.04009873
47.04009873
47.04009873
47.04471381
47.06087763
47.07401384
47.07342699
47.09590957
47.12077466
47.14570488
47.17771019
47.22217978
47.27147549
47.31262775
47.35811869
47.38268167
47.41723548
47.46167665
47.50488932
47.53616651
47.56026462
47.57232629
47.57427737
47.56898752
47.56898752
47.56898752
47.57520679
47.58245281
47.58486882
47.58486882
47.59350546
47.5992742
47.602182
47.60994275
47.60820655
47.61031375
47.61287127
47.61651486
47.61248371
47.59833297
47.60038965
47.58382748
47.5413272
47.48868045
47.44657042
47.43604394
47.43078085
47.43078085
47.43078085
47.42551787
47.41744613
47.4121837
47.40165916
47.38061131
47.35956512
47.3486309
47.33879754
47.33074135
47.32794436
47.30691511
47.30099789
47.30034744
47.29660631
47.29784287
47.29635652
47.30124485
47.30237205
47.30356948
47.29960382
47.30617487
47.30256951
47.30173049
47.29590376
47.28777812
47.29010265
47.27695708
47.26633256
47.24797473
47.23753717
47.24005759
47.23483922
47.22170652
47.20335952
47.19259183
47.19226775
47.18795918
47.17991545
47.18483545
47.18201798
47.17132677
47.14515719
47.09042739
47.01235386
46.95511584
46.92910302
46.89789138
46.84082026
46.80707668
46.80187422
46.80187422
46.80187422
46.80187422
46.80187422
46.79667187
46.79667187
46.79667187
46.79667187
46.80178629
46.79914251
46.8017008
46.80161775
46.80409759
46.80402034
46.79882133
46.80138326
46.80380324
46.80360812
46.80333176
46.79789228
46.80808315
46.80024707
46.80549031
46.80318339
46.79848882
46.79129717
46.79689794
46.79709184
46.79193754
46.79456483
46.79456483
46.79456483
46.79456483
46.78816948
46.78316482
46.7742984
46.77967436
46.77738952
46.77248375
46.76482223
46.76746085
46.76495084
46.76759036
46.76521537
46.76284684
46.76312907
46.76387711
46.76485567
46.76344747
46.76194492
46.76804681
46.76869244
46.76891252
46.76891252
46.77278284
46.77278284
46.77278284
46.77665337
46.77665337
46.77665337
46.77932602
46.78586936
46.78586936
46.79361073
46.80647423
46.83469977
46.85655018
46.87203057
46.89525752
46.92890479
46.94439965
46.96113328
46.97912889
47.00468246
47.01366435
47.02530805
47.05246232
47.07621098
47.10673292
47.14143006
47.1635653
47.18337461
47.20386812
47.21167931
47.21663735
47.21359665
47.21807359
47.22188002
47.22496713
47.22496713
47.22496713
47.22496713
47.22496713
47.22768571
47.22768571
47.22805873
47.2260908
47.22178933
47.22801187
47.22413471
47.22260906
47.22847871
47.2288886
47.2288886
47.22383342
47.22424637
47.22234358
47.22087047
47.22489563
47.22664527
47.23852256
47.25226452
47.26326367
47.27812432
47.304001
47.32989453
47.35243676
47.38488964
47.41356551
47.43227517
47.46217644
47.48719493
47.5171396
47.53105963
47.54220114
47.55440104
47.56381545
47.56765607
47.57149689
47.58302062
47.59838852
47.62529042
47.65105023
47.6845259
47.72188102
47.74770955
47.76086381
47.76359134
47.76246478
47.76246478
47.76246478
47.74139254
47.71811341
47.71312977
47.69817959
47.68323052
47.67326509
47.66330015
47.64835367
47.6334083
47.60352091
47.56367808
47.52384307
47.48899406
47.44419719
47.3894593
47.3712706
47.37298972
47.37082549
47.38034058
47.39591008
47.41927056
47.43271278
47.45113232
47.46176583
47.4646061
47.46354849
47.46138161
47.46807244
47.47760991
47.50221686
47.52252163
47.52236356
47.53772106
47.55267744
47.58386009
47.60911809
47.63592663
47.67665144
47.71288317
47.75905391
47.79963898
47.81991406
47.83375203
47.85558816
47.89112162
47.90054649
47.9062857
47.91405242
47.9334728
47.96455604
47.99653148
48.01790322
48.03443129
48.05293169
48.05585722
48.0636502
48.07144401
48.07827305
48.08120735
48.08804381
48.08708324
48.08021394
48.07218782
48.05246412
48.03563315
48.03817682
48.03502981
48.04367951
48.05130756
48.0541129
48.06084987
48.07049526
48.0674971
48.07122838
48.07703938
48.09466979
48.11550393
48.12492359
48.13355937
48.15364497
48.16692144
48.20321051
48.20934785
48.21142003
48.21142003
48.22319094
48.22542013
48.23719686
48.24336414
48.25538496
48.26348576
48.27451733
48.28975011
48.29742331
48.31412755
48.34171733
48.36206974
48.38845178
48.41422356
48.44061456
48.47341923
48.51640153
48.5520655
48.58549632
48.61329519
48.6406125
48.65414265
48.66043085
48.6634084
48.6634084
48.6634084
48.65876589
48.65876589
48.65710188
48.658418
48.66139746
48.66139746
48.65675643
48.6647123
48.68062636
48.69654349
48.7124637
48.72109048
48.73370675
48.76190518
48.79144056
48.81275658
48.84669678
48.89584623
48.91826387
48.92738519
48.94809668
48.97519402
48.99491956
49.00768035
49.03558552
49.04393134
49.04906991
49.05161041
49.04960046
49.05263299
49.05112269
49.05207657
49.06308513
49.07204945
49.07155441
49.0868133
49.09359018
49.09894975
49.10891641
49.10937265
49.10885145
49.11135127
49.1143715
49.11786743
49.12538157
49.13238659
49.14643885
49.16301699
49.18061878
49.18617093
49.19524642
49.19075588
49.18929608
49.18641227
49.18357617
49.18433689
49.1866193
49.19250722
49.20135461
49.2217318
49.24717736
49.27367205
49.30325981
49.31367873
49.33610344
49.33829877
49.3378802
49.3419298
49.35812998
49.37309835
49.40066185
49.43191404
49.46282468
49.48897506
49.51225664
49.51928831
49.50968155
49.50718493
49.49991319
49.50188126
49.51614671
49.54274504
49.57623378
49.59723889
49.59363078
49.60666215
49.60635431
49.60059813
49.59956452
49.60347354
49.60032165
49.60183676
49.60666005
49.60713796
49.60156832
49.60475009
49.61167631
49.61992861
49.6238185
49.62249518
49.62530016
49.62678621
49.62977143
49.62973024
49.63252617
49.64687643
49.64950914
49.65238416
49.66267647
49.66451625
49.66854846
49.67713037
49.67852733
49.68012113
49.68586078
49.68836355
49.6926694
49.69140509
49.70149073
49.70402265
49.70979691
49.71666258
49.72336797
49.73713612
49.74137699
49.75104032
49.77530909
49.77655778
49.79597514
49.80388871
49.80974944
49.80729151
49.80790245
49.80238676
49.81045956
49.82258579
49.83768174
49.86225655
49.89382203
49.90860284
49.93500297
49.95294489
49.95850752
49.95691354
49.97118578
49.9782793
49.99504418
50.01069805
50.01489333
50.01486516
50.01906582
50.02211458
50.02093318
50.01975427
50.01015199
50.01934504
50.03394585
50.05476192
50.07575277
50.10730269
50.13603661
50.17355996
50.1892707
50.19502487
50.2134107
50.24630281
50.26774792
50.27187636
50.26925083
50.2734913
50.27141577
50.27141577
50.26730285
50.2631901
50.25907751
50.2549651
50.25085286
50.25103038
50.25120893
50.25138853
50.25997022
50.26015188
50.26462668
50.26481092
50.2649962
50.27806438
50.28684299
50.29171558
50.29660073
50.28940626
50.29516441
50.28418235
50.27757188
50.28759142
50.30989665
50.31926575
50.32840245
50.33729748
50.3291509
50.33347513
50.33347513
50.33779952
50.33805209
50.34263126
50.34314261
50.35231375
50.36149371
50.37528019
50.37663076
50.37856513
50.38952104
50.40115932
50.4042174
50.41173633
50.41500656
50.40964568
50.42010603
50.42587731
50.42658412
50.42256548
50.42693908
50.42292097
50.4232775
50.4192601
50.41961819
50.42471396
50.42580217
50.41449548
50.41196565
50.41822675
50.41651161
50.41923226
50.44238345
50.44837972
50.45399003
50.46360292
50.46043439
50.4612601
50.45328469
50.43775362
50.43020112
50.43146643
50.44554015
50.447256
50.44990137
50.43486729
50.41896458
50.41984866
50.42073686
50.42298298
50.42388052
50.42036056
50.4252346
50.42614249
50.4314788
50.43239596
50.42935266
50.43470695
50.43517225
50.4312098
50.44006752
50.44496496
50.45033551
50.45708131
50.46336012
50.47318448
50.47809993
50.47858165
50.48842212
50.4893948
50.49876017
50.50368955
50.51000238
50.51099044
50.52086805
50.53075434
50.53670824
50.53822723
50.5397555
50.54967929
50.55070942
50.55567763
50.55619577
50.56116767
50.56614174
50.56666397
50.56273289
50.56413208
50.56911167
50.57462082
50.5890517
50.59065072
50.60118102
50.61227035
50.62675372
50.6417998
50.65295325
50.661944
50.6784794
50.70199023
50.71019414
50.71842462
50.72972429
50.74850819
50.7853739
50.81014214
50.8305755
50.83958328
50.84627242
50.84871429
50.85525573
50.86658779
50.88435766
50.89782625
50.91065005
50.92200832
50.92048049
50.92048049
50.92048049
50.91745151
50.91745151
50.91745151
50.91745151
50.91595495
50.92204922
50.93424336
50.943421
50.9571746
50.96939537
50.99075833
51.00153305
51.01991007
51.03674267
51.04978777
51.05212184
51.06283522
51.06897968
51.07591342
51.08206915
51.08522428
51.09517989
51.09597466
51.10055674
51.10593572
51.10372832
51.11147146
51.12380546
51.13236441
51.14471421
51.16166049
51.168683
51.16731372
51.17976886
51.19849748
51.22355543
51.27380309
51.31184199
51.3504332
51.37809792
51.38732047
51.39654352
51.41499109
51.41499109
51.41960329
51.42421561
51.42421561
51.42421561
51.43344063
51.43805332
51.44593562
51.45382332
51.46633197
51.47423137
51.47587462
51.47587462
51.4804916
51.48675367
51.49763571
51.50093182
51.51050314
51.52139737
51.5247069
51.53483785
51.54111822
51.53518947
51.53981304
51.54609736
51.54698825
51.55161293
51.55416837
51.56045836
51.56082965
51.57342201
51.58769457
51.60030418
51.60365796
51.60406295
51.6120585
51.62469379
51.63564918
51.63438869
51.64071352
51.65042362
51.66478335
51.676216
51.68766659
51.7050069
51.71771209
51.72577912
51.74142957
51.75043797
51.76503993
51.78509781
51.81354195
51.82314958
51.83941138
51.84637635
51.85918403
51.87374769
51.88366199
51.89649555
51.90467173
51.92799586
51.94665723
51.9559886
51.96065446
51.96998651
51.97641612
51.98574964
51.99975077
52.01842053
52.02952467
52.04819871
52.05930821
52.07331677
52.08265637
52.09844242
52.10476137
52.11109276
52.12400972
52.12678786
52.12409888
52.12608964
52.12708655
52.12808447
52.12172482
52.13308932
52.13610443
52.15216956
52.16191822
52.16802973
52.18331183
52.20413789
52.20357588
52.21293111
52.21970435
52.23011823
52.26405111
52.31004693
52.34419147
52.38537385
52.43292139
52.47526377
52.50804883
52.53039489
52.53685978
52.54275055
52.54105349
52.53745053
52.53745053
52.54219927
52.53935785
52.5488562
52.5488562
52.5488562
52.54241349
52.54241349
52.54241349
52.53520987
52.52800701
52.50791951
52.47058959
52.40348841
52.35210932
52.33202438
52.31194035
52.30909614
52.30340849
52.29127911
52.27270851
52.23557244
52.19352729
52.14092725
52.06495856
51.98983789
51.91208394
51.85109626
51.80166441
51.78097862
51.78713233
51.80300189
51.80300189
51.80300189
51.80300189
51.80300189
51.80300189
51.80300189
51.80300189
51.81268671
51.82721469
51.83412408
51.83341587
51.83341587
51.84310394
51.83755455
51.83962525
51.83407799
51.84861522
51.86245722
51.86991624
51.87547328
51.8831374
51.89911385
51.90263366
51.9116816
51.91312082
51.95003206
51.99562202
52.02989258
52.04696959
52.05158501
52.07309297
52.07653144
52.07653144
52.07379965
52.07379965
52.07379965
52.07379965
52.07379965
52.07379965
52.07379965
52.07379965
52.07379965
52.07020611
52.06790371
52.07408034
52.07408034
52.07350296
52.08054371
52.08974373
52.09592753
52.09363675
52.07928302
52.0577582
52.01114489
51.94665732
51.88581013
51.83574293
51.81155432
51.80440696
51.79892111
51.79069434
51.78521117
51.77698844
51.76602856
51.75233477
51.73780688
51.72601843
51.71149566
51.70244603
51.69697591
51.68245918
51.66248001
51.64062901
51.62425214
51.60788504
51.59970516
51.59697908
51.59425326
51.58880246
51.58607746
51.57890622
51.56714586
51.56885785
51.56241149
51.56228854
51.56219085
51.56794102
51.56023425
51.55480215
51.54582272
51.53424075
51.52045599
51.49905673
51.48228424
51.46956552
51.45921059
51.44021229
51.41571747
51.40142868
51.39517179
51.38801182
51.3930095
51.3930095
51.39442833
51.39584819
51.39726908
51.39511398
51.40438909
51.40867351
51.41440054
51.40889335
51.41966325
51.4204317
51.41976349
51.42200737
51.44426316
51.47310636
51.49337497
51.50926974
51.50489431
51.49806401
51.48288499
51.47670553
51.47137427
51.46604412
51.46071507
51.45805097
51.45538714
51.44739733
51.43941002
51.4207827
51.40482728
51.38004934
51.35615354
51.3349318
51.3163775
51.28901682
51.25571331
51.20742961
51.16071954
51.10960909
51.05498233
51.01801983
50.99077471
50.97760997
50.97234606
50.97234606
50.97234606
50.96971454
50.96971454
50.96971454
50.9670833
50.96445234
50.95828767
50.95475387
50.94242498
50.92393266
50.90544157
50.89574479
50.87988532
50.85786404
50.83674747
50.82532771
50.81744321
50.81218831
50.80693456
50.80077368
50.78582624
50.77704018
50.76209491
50.74715094
50.73734328
50.73198668
50.72925797
50.72643258
50.71999174
50.7073461
50.69039437
50.67610209
50.66193785
50.63144424
50.60011381
50.59147603
50.57937282
50.58019918
50.58455093
50.59405741
50.59314372
50.59998662
50.60683157
50.60661668
50.616792
50.62178634
50.63031531
50.63180332
50.64202328
50.64873655
50.65715167
50.66728431
50.67575691
50.6799921
50.69201673
50.69884926
50.69877075
50.70219862
50.70734826
50.71078657
50.71944704
50.72461996
50.72804071
50.74541861
50.75155295
50.76467979
50.77259406
50.78237282
50.79123771
50.79488049
50.80108245
50.8063675
50.80564045
50.80393681
50.80223559
50.79876538
50.79104829
50.77370456
50.75289899
50.73734988
50.70543846
50.6769964
50.64254281
50.60208012
50.55832104
50.51369955
50.46311762
50.40985328
50.34462251
50.27069036
50.19090299
50.11725787
50.05997454
50.03463144
50.02037818
49.98992189
49.96738527
49.94966415
49.93862343
49.92919315
49.92229339
49.91884383
49.91884383
49.91631366
49.91631366
49.91631366
49.91378379
49.91125422
49.90872496
49.906196
49.90113897
49.89890734
49.90233535
49.91113456
49.91995333
49.92879165
49.92692998
49.94461296
49.94563554
49.9309364
49.89837701
49.8608724
49.82094314
49.78936711
49.75985582
49.71664036
49.6977379
49.70462649
49.72350259
49.72477781
49.71368986
49.70395809
49.70395809
49.70395809
49.70395809
49.70395809
49.70395809
49.70395809
49.70395809
49.70395809
49.70395809
49.70395809
49.71479198
49.73104335
49.73299596
49.72953151
49.73690434
49.74427921
49.75464628
49.76016181
49.76026434
49.77664631
49.7803517
49.78695042
49.79597885
49.80802947
49.80923192
49.81587635
49.81950914
49.8285826
49.83222879
49.83285106
49.84131758
49.8389123
49.84434898
49.8473813
49.84497718
49.85408128
49.86319355
49.87056011
49.86771942
49.88058518
49.89042074
49.89415223
49.89244121
49.88528513
49.88835018
49.88596602
49.88903255
49.88971729
49.89892674
49.9003122
49.89933004
49.89598655
49.89373742
49.89826094
49.8793168
49.8603929
49.83912775
49.8108142
49.78019282
49.74962527
49.71330657
49.68284912
49.64695959
49.61547392
49.58433594
49.56337995
49.54362836
49.52736208
49.50995982
49.50416686
49.49837413
49.49143033
49.48795875
49.48216644
49.47984581
49.47984581
49.47637435
49.4705825
49.46247075
49.45551234
49.45087501
49.45406429
49.45174669
49.44942942
49.4581291
49.45669092
49.45757123
49.45614086
49.45213273
49.449301
49.44969752
49.44230078
49.43585645
49.42574606
49.40133381
49.36099266
49.31601191
49.27104403
49.22608905
49.18690283
49.1684577
49.17401206
49.17401207
49.17401207
49.17401207
49.17401207
49.17401207
49.17401207
49.17401207
49.17401207
49.1717239
49.1717239
49.16943605
49.16584393
49.15769075
49.14498994
49.12903117
49.11410029
49.0798753
49.046897
49.02528408
49.00266723
48.97764321
48.94201974
48.91195832
48.88764083
48.87027777
48.85986257
48.8529202
48.84944935
48.8390381
48.82169043
48.81128446
48.79741292
48.78007846
48.75368007
48.73289158
48.71557393
48.68596904
48.66197111
48.65277834
48.64585339
48.64023902
48.63462472
48.62423659
48.62077433
48.60812011
48.58985699
48.57160014
48.54988712
48.51193865
48.47161698
48.41976484
48.37486715
48.34718212
48.32194282
48.29906333
48.27854636
48.26267149
48.2536076
48.25134247
48.24681324
48.24336219
48.24336219
48.24109793
48.24109793
48.23657043
48.23204429
48.22978173
48.22299608
48.21621349
48.19588407
48.17783662
48.15651405
48.12728422
48.10483907
48.08018896
48.05902575
48.03122878
48.00351686
47.9736719
47.94044002
47.91391067
47.88963603
47.86980627
47.85440263
47.85000473
47.85000473
47.85000473
47.85000473
47.8478063
47.84911732
47.84033087
47.845162
47.85570909
47.86274501
47.85531471
47.8435273
47.83529965
47.83064971
47.82605016
47.80649952
47.79053614
47.78250475
47.76662049
47.74288721
47.7235009
47.71203054
47.69699368
47.68546305
47.68837268
47.6776654
47.67259613
47.66404299
47.66124124
47.65844719
47.65915233
47.66212229
47.65147415
47.64083494
47.63020466
47.61746012
47.60048744
47.58565515
47.56872548
47.55181879
47.54126378
47.52860965
47.52018076
47.51386288
47.50334027
47.49703104
47.49282669
47.48862378
47.48232213
47.47602372
47.46972857
47.46694176
47.47343579
47.47083022
47.46596638
47.46461727
47.46327715
47.44866825
47.42991153
47.42579733
47.42773426
47.42315339
47.42445594
47.42769042
47.42806555
47.43292646
47.43667285
47.43667285
47.45177262
47.48196868
47.49478667
47.51111744
47.51463112
47.52042062
47.52393412
47.52744784
47.53323659
47.54377786
47.57416668
47.59752844
47.61612485
47.62667258
47.65581437
47.67917677
47.69550527
47.69550527
47.69550527
47.69550527
47.69347006
47.70424671
47.71728164
47.733834
47.7483553
47.76960287
47.78532442
47.81036057
47.8394197
47.86827209
47.8938921
47.92858822
47.95953562
47.99449516
48.02966461
48.06131556
48.09171421
48.12636847
48.13792035
48.13792035
48.13944053
48.1345393
48.13299727
48.13412987
48.13099625
48.11117336
48.06156582
47.99554543
47.93191386
47.86297186
47.79830747
47.73972928
47.70025435
47.68338787
47.67213059
47.66629784
47.66817056
47.66817056
47.66817056
47.66817056
47.65878486
47.66065831
47.66065831
47.6548257
47.6548257
47.6548257
47.6548257
47.64899315
47.64899315
47.64316065
47.6373282
47.63149581
47.62170657
47.62338071
47.61776145
47.61366317
47.59046215
47.57050848
47.56608333
47.56967358
47.58059949
47.58225121
47.59648348
47.61262381
47.6265153
47.62782614
47.62782614
47.63494947
47.65276158
47.66833793
47.70756244
47.76823344
47.82233495
47.8333566
47.81752329
47.81843752
47.8146454
47.8070657
47.80327813
47.79570752
47.78814297
47.78058449
47.78069705
47.78051613
47.77108781
47.76744869
47.78102501
47.78116418
47.78896837
47.83693607
47.8947577
47.9352363
47.95258514
47.95258514
47.95836821
47.96570065
47.96896976
47.96306859
47.95905331
47.95505578
47.94018589
47.93112801
47.91075762
47.88674309
47.86095357
47.8243814
47.79692127
47.76590449
47.72519363
47.69981475
47.67591829
47.67050084
47.67050084
47.66468507
47.66468507
47.66468507
47.65886937
47.64723813
47.64142259
47.64142259
47.63560711
47.63560711
47.63560711
47.63380081
47.62838422
47.62838478
47.63019095
47.63199798
47.63199798
47.62839277
47.62298788
47.61758648
47.60859193
47.59019589
47.57360917
47.54942049
47.52928101
47.5055938
47.47611343
47.45021966
47.42028917
47.38225466
47.32977131
47.28895421
47.25219097
47.23519258
47.22936144
47.22936144
47.20603748
47.18635791
47.15867035
47.1324685
47.12308378
47.11225203
47.1079272
47.10210709
47.10032414
47.10032414
47.09675943
47.09329507
47.08439881
47.07373638
47.06663603
47.04662856
47.01498866
46.99855481
46.99149168
46.98443493
46.96043808
46.93877198
46.91187375
46.88677695
46.85118887
46.81151521
46.78701503
46.76968946
46.75800908
46.73464907
46.72296943
46.69961091
46.67041417
46.65659047
46.65075192
46.65075192
46.65075192
46.64491344
46.6486081
46.6486081
46.6486081
46.6486081
46.64646541
46.65385665
46.65910973
46.64902219
46.63372522
46.60718335
46.57560703
46.5440625
46.51615074
46.48478291
46.46272737
46.44651964
46.43550122
46.41042153
46.38123096
46.3637174
46.35787967
46.34036689
46.30534309
46.27405628
46.25071169
46.22736816
46.20941219
46.20104867
46.19270345
46.17272019
46.14901062
46.11780937
46.08285768
46.06157959
46.05604029
46.0505035
46.04703113
46.0435604
46.03835738
46.03489076
46.02796244
46.01348334
45.99145627
45.96771446
45.9381561
45.89522474
45.85334764
45.79841792
45.75893654
45.74451913
45.74108907
45.73525278
45.71774433
45.70607239
45.70607239
45.68272934
45.64188171
45.59520294
45.56603101
45.54269475
45.53102705
45.5251933
45.51935963
45.50185904
45.49602566
45.4843591
45.46513609
45.44246645
45.41979764
45.39190207
45.36603499
45.33305985
45.29426775
45.23828207
45.17817271
45.09913581
45.01680936
44.96038206
44.91405383
44.8829099
44.85771655
44.84097434
44.83261926
44.8267559
44.8170428
44.80531557
44.79358864
44.77013567
44.74668389
44.72323331
44.70163997
44.66247847
44.59791566
44.51979445
44.4358464
44.34803986
44.28365961
44.22514041
44.16857765
44.11201372
44.04762982
43.98514458
43.93407713
43.87278156
43.81557086
43.71803047
43.61306729
43.42198887
43.14518162
42.82438604
42.44655426
42.0282224
41.53547564
40.94175392
40.2755522
39.60633712
38.98301783
38.29521136
37.49219108
36.59016014
35.59895651
34.52084583
33.37891332
32.19907908
31.00376266
29.83585319
28.72631015
27.69360741
26.73943638
25.79206379
24.84277962
23.93313895
23.13052874
22.4119314
21.84927616
21.40852857
21.1327363
21.06684514
21.10807957
21.19065247
21.41559934
21.70585485
21.9535645
22.21696774
22.47626357
22.72158391
22.90095674
23.03588118
23.22770938
23.43562579
23.583871
23.67584266
23.82062285
23.9920547
24.12318759
24.24678368
24.38820084
24.60050437
24.82693489
24.99783887
25.08642134
25.18790058
25.3178848
25.49871785
25.72134035
25.91293353
26.11845762
26.36389619
26.71762955
27.11114516
27.44815563
27.76832603
28.13772462
28.5273953
28.95001183
29.28341045
29.59726226
29.90155519
30.23661217
30.53372909
30.80609738
31.09594683
31.37316409
31.6368967
31.86624597
32.09281937
32.31393725
32.54706218
32.74779545
32.86912848
32.97123928
33.07503064
33.18176267
33.22934027
33.24291497
33.29149121
33.38952269
33.51640464
33.67325834
33.815802
33.93383267
34.06231277
34.20884275
34.34562326
34.52126367
34.69367831
34.86618419
35.01731628
35.17341564
35.32269085
35.48357269
35.63596862
35.78963399
35.91109037
36.02600226
36.13667434
36.22862848
36.30870707
36.39902516
36.50383932
36.58237175
36.66523824
36.75407506
36.86332414
36.97152517
37.07005417
37.14204895
37.20680008
37.2597899
37.2908522
37.30263155
37.33472683
37.37859651
37.41982493
37.48462503
37.56547885
37.65619777
37.73720537
37.82589151
37.90488507
37.98788574
38.09366428
38.22334457
38.39140141
38.57149107
38.74826675
38.87521659
38.98367005
39.09504099
39.21158161
39.31128508
39.38301562
39.47641571
39.56711623
39.64702937
39.72002456
39.78191124
39.82623124
39.87058259
39.91570781
39.9838357
40.08406299
40.24115299
40.40550846
40.54903116
40.66049929
40.78914622
40.91044751
41.00913041
41.09187994
41.1548482
41.21936586
41.30520834
41.38115302
41.42321804
41.49260488
41.56143461
41.64715875
41.74847832
41.83716921
41.91783304
42.01261936
42.10057782
42.19596397
42.29597204
42.37828522
42.43006108
42.46931687
42.51043821
42.55955223
42.60590032
42.66568203
42.73525222
42.81914881
42.934945
43.05454197
43.17377918
43.26973269
43.37832312
43.52304588
43.69734243
43.8410293
43.99439373
44.15964067
44.28970779
44.41601946
44.54086144
44.6582704
44.75634508
44.83367156
44.91365565
44.97843822
45.03213825
45.08154726
45.1391563
45.21048642
45.28861008
45.37077491
45.46124634
45.55181197
45.59712983
45.61773661
45.64382152
45.6881188
45.70183253
45.72146372
45.78589075
45.87626431
45.90088653
45.92819556
45.99239488
46.10033212
46.21096563
46.32700221
46.45686747
46.58566912
46.7243014
46.84384708
47.00822566
47.17266851
47.30269792
47.37295688
47.39882525
47.44465416
47.4823985
47.49304387
47.49316487
47.49504206
47.49504206
47.49329067
47.47810925
47.43918889
47.39677242
47.33903445
47.29556559
47.2678716
47.2502968
47.23384814
47.19902957
47.18842385
47.17415302
47.16161646
47.14150685
47.13284563
47.12592394
47.10992848
47.09025866
47.07642926
47.06929713
47.06756904
47.06066075
47.04706292
47.037154
47.01945411
46.99291168
46.97719311
46.95410207
46.91435606
46.85596444
46.80925609
46.77680146
46.76598401
46.75885784
46.74759391
46.73174669
46.69380802
46.65585946
46.6079035
46.55195639
46.52468714
46.51440164
46.50926446
46.50755289
46.50755289
46.51169901
46.509988
46.50329041
46.50074378
46.48321177
46.46441911
46.43064756
46.42561318
46.41102252
46.40602534
46.39516575
46.38727361
46.38062617
46.37521828
46.35358766
46.32655162
46.27248694
46.21843218
46.17519556
46.1385831
46.1169678
46.11156423
46.10443703
46.10443703
46.08822667
46.07742027
46.06121142
46.04155326
46.02385082
46.01155649
45.99754725
45.97667762
45.93763587
45.89689223
45.85377274
45.80978173
45.76666998
45.73647687
45.70925715
45.69070265
45.67387936
45.65671429
45.64962302
45.64420907
45.63338147
45.59548814
45.56301216
45.52512825
45.49266037
45.44937571
45.40609775
45.38242546
45.36079253
45.33916128
45.31922102
45.31009731
45.2992843
45.2992843
45.29387796
45.27765956
45.26144212
45.23982036
45.23328347
45.226749
45.21594141
45.19860483
45.18015182
45.15631133
45.11311612
45.07850878
45.05301611
45.03463094
45.01735264
45.00486626
44.99947285
44.99947285
44.98329327
44.96172203
44.94015254
44.93798049
44.92072532
44.88526612
44.85520237
44.83223351
44.80417887
44.75274035
44.7075793
44.63494801
44.56546258
44.49116877
44.42885464
44.38347553
44.35452133
44.32679529
44.29815823
44.27656742
44.25998403
44.25959795
44.24944416
44.23390305
44.23051509
44.20900767
44.19570936
44.20231741
44.19487229
44.1768547
44.19421848
44.25451235
44.30573738
44.32692514
44.34891761
44.37531457
44.38315656
44.40956603
44.47561819
44.59902399
44.75257459
44.87456849
44.90848231
44.95194319
44.98465981
44.99354053
44.99354053
44.99798116
44.99798116
45.01130407
45.02018689
45.04683951
45.11514739
45.20487513
45.28049547
45.33270885
45.36148208
45.36474193
45.36474193
45.36474193
45.37888876
45.43185361
45.49135865
45.56263025
45.63273314
45.67894476
45.73409339
45.80996292
45.8862653
45.93617832
45.97879027
46.02263967
46.05593883
46.07990521
46.11281449
46.19676505
46.2555758
46.28240728
46.28687977
46.28687977
46.28687977
46.29135242
46.29582523
46.29582523
46.2925937
46.28936386
46.29315546
46.29315546
46.28799991
46.28570539
46.2827346
46.289666
46.28537247
46.2882414
46.2882414
46.2882414
46.2920576
46.30484379
46.3221214
46.32463824
46.31977019
46.31140736
46.29731342
46.27302023
46.24818564
46.22694923
46.21371489
46.20288817
46.20288817
46.20288817
46.19777277
46.19658869
46.19540939
46.18239667
46.18239667
46.18530949
46.1828019
46.18380568
46.18161539
46.19359855
46.21757309
46.22067591
46.21198352
46.1931127
46.1825181
46.15777177
46.12645023
46.10438922
46.09263433
46.07901364
46.05219793
46.04520116
46.02857397
46.02715678
46.02162472
46.01103392
45.99952141
45.99262754
45.96509378
45.94179646
45.91816752
45.91274838
45.9032922
45.90300338
45.90356358
45.90634495
45.89986386
45.90342854
45.92562201
45.92749469
45.9144651
45.90622645
45.90003778
45.86394808
45.84753942
45.82677112
45.81569809
45.79471394
45.77847362
45.74739299
45.72654723
45.70921851
45.69835694
45.68488126
45.68293899
45.67294878
45.67094132
45.66422665
45.64909995
45.6300827
45.60927089
45.59325644
45.57274926
45.55685292
45.53559423
45.51358467
45.48640963
45.44028615
45.41255702
45.40182388
45.40632522
45.41122687
45.40646645
45.40646645
45.40646645
45.40646645
45.40646645
45.40646645
45.40974273
45.41794099
45.42943666
45.43134426
45.44300254
45.45624035
45.46618678
45.47282633
45.47933296
45.47933296
45.48417878
45.48583986
45.49068567
45.49068567
45.49553162
45.49553162
45.49553162
45.50037771
45.5002439
45.50343176
45.50343176
45.50827891
45.50347514
45.49869923
45.48907917
45.4794633
45.47467307
45.46992035
45.46031772
45.44590102
45.44116849
45.43167615
45.412633
45.39369477
45.36505858
45.350947
45.33198592
45.32247221
45.32247221
45.31767305
45.30825497
45.28925533
45.27870591
45.25039616
45.23183135
45.21797688
45.22301505
45.22301505
45.22301505
45.21823407
45.22818738
45.25301996
45.28533893
45.2826419
45.28016475
45.28779508
45.30514698
45.3076091
45.29932775
45.31445426
45.34423436
45.36905489
45.39387884
45.43362819
45.47504568
45.51983354
45.55137402
45.5747309
45.59149597
45.60662099
45.62178053
45.63359513
45.63735489
45.63474228
45.62405894
45.61807007
45.61847109
45.61079145
45.59203863
45.5881785
45.56559854
45.53457269
45.49523275
45.43744416
45.38027324
45.34163306
45.32603474
45.32369282
45.33413556
45.33916324
45.33916324
45.33916324
45.33916324
45.33916324
45.33916324
45.33916324
45.35092615
45.35381303
45.34824819
45.35159337
45.36474191
45.36935727
45.35280796
45.3332292
45.31808036
45.31120847
45.31293769
45.31293769
45.31293769
45.31293769
45.31293769
45.31293769
45.30548033
45.30434855
45.30369209
45.29624154
45.28753578
45.27883433
45.27013721
45.26241562
45.25520521
45.24852388
45.24260839
45.2446376
45.25583194
45.27669475
45.29369156
45.29085679
45.29941443
45.32658959
45.37638475
45.41719801
45.45133558
45.51697008
45.59594072
45.65975293
45.69981997
45.74463997
45.81136823
45.84716826
45.85401914
45.85401914
45.85910205
45.86361607
45.87886421
45.90428028
45.9246154
45.93986806
45.93986806
45.94495253
45.94495253
45.95201591
45.95007493
45.94814373
45.9507258
45.94526524
45.92630203
45.92024847
45.89893501
45.87942031
45.8734103
45.86502697
45.87073163
45.87372649
45.86535652
45.8650392
45.87579047
45.90784949
45.94901456
45.97109253
45.99016438
46.01690111
46.02918853
46.0283192
46.03522579
46.04544725
46.06589163
46.08254165
46.09721148
46.11504761
46.13610025
46.1493414
46.13738491
46.12387722
46.11857816
46.11709175
46.10459161
46.09209797
46.09283917
46.08917254
46.08215968
46.06994562
46.06624541
46.07031095
46.06406924
46.07101314
46.06581861
46.04563648
46.03537706
46.05320658
46.0775037
46.09766582
46.1073551
46.13919221
46.17265783
46.19315125
46.21534918
46.247711
46.27634985
46.28759404
46.29134532
46.29652236
46.29839841
46.30357539
46.31910702
46.34499539
46.37606535
46.40713933
46.45419212
46.49793897
46.53451034
46.54795553
46.57139369
46.59402021
46.61670385
46.63754729
46.66034016
46.68318988
46.69988855
46.71472328
46.72722711
46.72841046
46.72858785
46.73159007
46.73738527
46.74318399
46.74318399
46.74470007
46.7462208
46.75590647
46.7651994
46.78073989
46.78920412
46.80089337
46.81064511
46.82040657
46.81488448
46.81256057
46.79544834
46.77761451
46.74039337
46.71108619
46.6946639
46.69994496
46.70160642
46.70160642
46.7067693
46.71193214
46.71709517
46.71283172
46.70825834
46.7141907
46.72606589
46.72715836
46.72998277
46.72860675
46.74586069
46.76943661
46.77049287
46.76109747
46.76652681
46.78521249
46.81129976
46.83837487
46.87989346
46.91633119
46.94755842
46.98106169
46.99903409
47.00792095
47.01813046
47.0335907
47.03351415
47.02931275
47.03137616
47.03652976
47.02392844
47.01435047
47.00162366
46.98678809
46.9761719
46.96562034
46.9665483
46.97890948
46.98306254
46.98510613
46.98715425
46.9828911
46.97656718
46.95561904
46.93470889
46.90964465
46.89713793
46.90762414
46.91182124
46.91184476
46.9055955
46.90358284
46.90062729
46.88724884
46.87695605
46.86034252
46.85623732
46.8542518
46.85855507
46.85981238
46.86116459
46.85636152
46.8537168
46.85414129
46.85751174
46.85245445
46.85256665
46.84751416
46.83414199
46.82820794
46.82128209
46.79989255
46.78068882
46.76071668
46.74395401
46.73019118
46.7255923
46.72081326
46.71781154
46.7199848
46.7199848
46.7199848
46.71698458
46.7235083
46.71990008
46.72344192
46.72917259
46.74881911
46.77943947
46.8233072
46.87404264
46.9522235
47.03552687
47.10657868
47.19931326
47.27868089
47.36287791
47.41297291
47.44929102
47.46560065
47.46560065
47.46560065
47.46560065
47.46560065
47.46560065
47.46560065
47.46560065
47.46560065
47.46560065
47.46560065
47.46793198
47.47026366
47.47492806
47.47492806
47.47726078
47.471756
47.47326199
47.47671636
47.47395679
47.46514682
47.46098597
47.46740788
47.47099585
47.46887236
47.47674707
47.47146204
47.44121328
47.41096884
47.37568914
47.35553195
47.35049296
47.35049296
47.35049296
47.35049296
47.34545408
47.34545408
47.35604363
47.35919089
47.36643423
47.362864
47.3660196
47.37567967
47.36468131
47.33952622
47.30934413
47.26910816
47.22385205
47.19779825
47.17769219
47.15758809
47.15497875
47.15497875
47.15909386
47.15406891
47.14050517
47.12936758
47.1215618
47.11618705
47.11477715
47.10668582
47.11108972
47.11374921
47.11977917
47.11840765
47.12452931
47.12412302
47.11367787
47.09990803
47.09959715
47.10104845
47.10100224
47.09601687
47.09597367
47.09342148
47.09084265
47.08577776
47.07327872
47.07488589
47.08148501
47.07899425
47.07402567
47.07653096
47.07659284
47.07922347
47.08202071
47.08914866
47.08745775
47.09597042
47.10075241
47.11886413
47.12128123
47.12624244
47.13246413
47.13104591
47.1294331
47.12759965
47.13068647
47.13352561
47.13120458
47.12888448
47.12888448
47.12888448
47.13146723
47.12941518
47.11756972
47.11839909
47.11896399
47.11694607
47.11723601
47.1149345
47.11782307
47.11841971
47.11673344
47.11735224
47.11080693
47.11926611
47.11243036
47.11503837
47.11503837
47.1176467
47.11615417
47.11615417
47.11615417
47.11909866
47.11750801
47.1136694
47.12148974
47.12975553
47.14631906
47.15990909
47.16974288
47.18564362
47.19629445
47.20172345
47.20833939
47.21504137
47.2206902
47.22526249
47.23540634
47.24396264
47.24940832
47.25703797
47.26467189
47.26815468
47.27230999
47.28062117
47.28260245
47.28609155
47.30054861
47.31170137
47.31984408
47.33150324
47.34783486
47.36836339
47.39183067
47.42219539
47.44937426
47.47693066
47.48356047
47.48301764
47.49322706
47.48861909
47.48732827
47.48941544
47.48895117
47.48797359
47.48643828
47.48905415
47.48563129
47.48425805
47.48967046
47.48763404
47.48289109
47.48289109
47.48627237
47.48762705
47.48222507
47.48701085
47.49072096
47.49647883
47.51063386
47.5146457
47.52340847
47.54402979
47.56048352
47.56385862
47.57741713
47.58038234
47.58340527
47.6019757
47.61361572
47.642623
47.67496435
47.71244644
47.74438659
47.77120026
47.78671318
47.79577546
47.79704518
47.7947242
47.79852763
47.80085696
47.80318775
47.80954618
47.80621287
47.81814544
47.81385988
47.8199427
47.8376816
47.84490533
47.86232878
47.87387545
47.90186164
47.91754529
47.95099581
47.96846894
47.98910774
48.00276566
48.00976104
48.01465344
48.01677717
48.03231765
48.04018892
48.04806977
48.0602203
48.07058599
48.07619403
48.07854619
48.09026986
48.0901717
48.1054645
48.11101533
48.12294029
48.13519265
48.13991349
48.152034
48.16141359
48.16961887
48.16885327
48.17401673
48.17957414
48.18371719
48.18821046
48.19177792
48.19460589
48.19439852
48.19868566
48.19827528
48.21522866
48.21872609
48.23102499
48.23419648
48.24584147
48.25739989
48.25119488
48.2449952
48.24304771
48.23679942
48.23945819
48.23794589
48.21928221
48.20995585
48.20567467
48.20636498
48.18980832
48.1733168
48.15660277
48.13071806
48.11768626
48.10465598
48.07859999
48.06123271
48.04386813
48.01782636
47.9831135
47.94407455
47.90938487
47.87904036
47.86603815
47.85737086
47.84437121
47.82270857
47.80105023
47.7923881
47.78372666
47.78819748
47.78819748
47.7838674
47.78671758
47.76939989
47.73910059
47.72479455
47.71752626
47.70732977
47.7057956
47.70427329
47.7013074
47.69117751
47.67243573
47.660898
47.6580373
47.65968053
47.66437138
47.66940268
47.67444723
47.6721786
47.67281194
47.65877922
47.6597481
47.66816401
47.68103134
47.6922078
47.71806896
47.72801176
47.75078345
47.7695451
47.78432248
47.79063166
47.81427833
47.8334457
47.84812482
47.86255027
47.87217883
47.87275714
47.87757814
47.89146372
47.89235231
47.8974842
47.89839075
47.89507697
47.89631626
47.8978899
47.89072317
47.89722899
47.89956567
47.90195574
47.90860631
47.89776912
47.89228108
47.8865028
47.88537161
47.87973733
47.8624441
47.80356415
47.76385165
47.75549054
47.74195331
47.72773564
47.71738343
47.70563934
47.70008676
47.6965111
47.6965111
47.6965111
47.68827875
47.68416285
47.67593163
47.66358622
47.66001901
47.65590501
47.66111738
47.67154903
47.68254699
47.69412435
47.70516003
47.71507086
47.71621237
47.7308047
47.73720829
47.74888513
47.76994865
47.79225001
47.81518601
47.82529898
47.85055209
47.87581376
47.90396043
47.92985846
47.94757986
47.97365882
47.99490708
48.01146861
48.02397814
48.03530657
48.04194682
48.04860008
48.05526636
48.07070629
48.07806116
48.09486585
48.09890163
48.09962205
48.09164498
48.07023993
48.05503939
48.04467752
48.04500919
48.0607053
48.0749436
48.07281566
48.07944871
48.08986098
48.09839192
48.10195774
48.11885655
48.13441218
48.15436425
48.18942526
48.22251251
48.26605947
48.31090644
48.32808969
48.34288249
48.34849176
48.34931512
48.34647922
48.34559722
48.35713081
48.36583482
48.37563708
48.38829003
48.40096135
48.41928854
48.43116306
48.44588702
48.45665622
48.45864692
48.46263116
48.46743637
48.47342095
48.48222267
48.48341408
48.49703652
48.50671615
48.51841533
48.53214536
48.54852008
48.56506159
48.57366865
48.56982275
48.58579533
48.57987746
48.57997439
48.57457016
48.5478189
48.51424815
48.4864584
48.45308797
48.41354014
48.37603478
48.35817179
48.36036568
48.35697729
48.34168466
48.34464344
48.34554686
48.34984825
48.33816844
48.34619442
48.3497806
48.34403123
48.31910268
48.29424098
48.26777231
48.23764538
48.19065255
48.11702721
48.04677519
48.00268713
48.00376456
48.01302026
48.00150393
47.9898255
47.97814889
47.95747736
47.92247108
47.88359445
47.84975367
47.8376245
47.83442314
47.84402569
47.84359866
47.8393131
47.83620603
47.83816009
47.84014755
47.84956983
47.84897347
47.83953294
47.82629998
47.81050224
47.79218436
47.7917888
47.80681402
47.81558224
47.81427761
47.81553735
47.81553735
47.81553735
47.81553735
47.81553735
47.81553735
47.81553735
47.82187795
47.82187795
47.81806009
47.82314036
47.82553887
47.83061964
47.83810072
47.83908823
47.83894464
47.83880601
47.84616734
47.85240752
47.8624701
47.86590963
47.86287967
47.86520685
47.87005631
47.87200085
47.87129641
47.86148349
47.84372717
47.81806372
47.78852748
47.76403103
47.73702717
47.7037218
47.67941444
47.64503132
47.6134381
47.59756012
47.57927342
47.57398816
47.57393952
47.57919348
47.56907335
47.55379433
47.54256902
47.5417146
47.54607557
47.55809514
47.56254228
47.56564093
47.55600161
47.55019513
47.5444225
47.53348742
47.51738078
47.51784564
47.51832419
47.51596667
47.517391
47.517391
47.517391
47.52779983
47.53820909
47.54603106
47.54864918
47.54487221
47.55007822
47.54630185
47.55412856
47.56195706
47.56982726
47.57914223
47.57943656
47.58092662
47.587581
47.58902399
47.59687194
47.58933357
47.58066395
47.56704428
47.55719924
47.55640782
47.5568126
47.55061246
47.54561465
47.55366494
47.56164289
47.55540482
47.54513324
47.52734075
47.50726268
47.48126181
47.45946701
47.46143922
47.45427262
47.45041183
47.44412517
47.44400656
47.43798077
47.42478097
47.40782521
47.39142173
47.38405201
47.36631803
47.35897237
47.35416622
47.33780498
47.32264665
47.30245389
47.28228211
47.26464904
47.24703207
47.23757001
47.22030003
47.20306147
47.1833518
47.16473228
47.14904552
47.13632287
47.12537312
47.12616104
47.13741014
47.1429879
47.1638495
47.18382621
47.18967524
47.18722784
47.18478078
47.19015435
47.19015435
47.19308179
47.19308179
47.20755553
47.22123278
47.22953795
47.26141585
47.28791806
47.31851176
47.34832437
47.38352005
47.43024592
47.47211217
47.50732985
47.53717664
47.54255595
47.55869446
47.58021378
47.59097399
47.59931226
47.61007372
47.61841458
47.6213755
47.63081075
47.64862156
47.66164541
47.67588099
47.69561403
47.71846507
47.74144673
47.74358113
47.74477293
47.76635728
47.77752039
47.78426199
47.78795056
47.78795056
47.79532834
47.8077264
47.82248861
47.83356251
47.83356251
47.84094617
47.85202327
47.85940907
47.86679572
47.87182645
47.88189345
47.90305825
47.93603468
47.96534306
47.98792723
48.00682991
48.01365674
48.01339923
48.02321596
48.0468786
48.06355578
48.07529372
48.09492296
48.11231675
48.13551079
48.15569657
48.17425072
48.19000303
48.20501269
48.21382078
48.22637172
48.23493261
48.24349514
48.23980295
48.24925954
48.2596324
48.27721896
48.30121231
48.31310707
48.3357024
48.34725563
48.34904551
48.35638247
48.36133325
48.36265248
48.35606156
48.35612242
48.354701
48.35840374
48.3561985
48.35723883
48.35862599
48.36698935
48.35720947
48.34093295
48.31493474
48.29605743
48.28725614
48.2593275
48.21834929
48.1745849
48.16023935
48.1398257
48.13401238
48.14130522
48.15870424
48.16576381
48.163666
48.163666
48.163666
48.163666
48.15818702
48.15818702
48.15818702
48.15818702
48.15818702
48.15818702
48.16194038
48.16194038
48.16194038
48.16569394
48.16944771
48.17695585
48.18446481
48.19572977
48.21075255
48.22577863
48.24456566
48.27463551
48.30847959
48.33481395
48.36827398
48.40512561
48.42694359
48.4274614
48.42725563
48.43053849
48.42808147
48.4319056
48.42887073
48.43785907
48.43343894
48.4372279
48.43312624
48.43076635
48.426363
48.42750491
48.42253434
48.42656107
48.43049508
48.43250883
48.43689213
48.43395715
48.43292011
48.43031996
48.42428694
48.42915977
48.43584106
48.43707914
48.44377848
48.44829624
48.45283987
48.4621733
48.47307295
48.4890703
48.50338325
48.51652133
48.52662301
48.53168313
48.53168313
48.53168313
48.53168313
48.53168313
48.53168313
48.52580886
48.51407035
48.5061573
48.48859576
48.47877222
48.4650122
48.46441961
48.45265721
48.43331427
48.40825995
48.38138358
48.36580672
48.34860682
48.33334355
48.32000794
48.31620115
48.31620115
48.31620115
48.31620115
48.31620115
48.31620115
48.31620115
48.31049379
48.30669076
48.30288924
48.29718979
48.28769825
48.27253141
48.24787942
48.22145188
48.17084549
48.11858692
48.07753034
48.04222138
47.9770793
47.93815385
47.92323201
47.92323201
47.91217112
47.90111054
47.88618897
47.86959786
47.84361336
47.82149252
47.79937294
47.76011719
47.72085223
47.69485448
47.66276765
47.62513974
47.58584163
47.53546186
47.49836625
47.45961546
47.42640367
47.39872941
47.38766028
47.37105719
47.35445484
47.34338701
47.32289261
47.31182475
47.30629094
47.30075721
47.28026042
47.25196819
47.20932618
47.16668238
47.13347616
47.11687418
47.11134035
47.10946795
47.10946795
47.103934
47.103934
47.09262001
47.08496826
47.07170616
47.05675931
47.03997404
47.01950183
46.99701836
46.97663528
46.95999368
46.93967745
46.90575737
46.8796503
46.86441252
46.85885802
46.85701556
46.85701556
46.8459064
46.8459064
46.82924329
46.81813498
46.80147313
46.77370507
46.7403862
46.70869032
46.68092688
46.64761358
46.60642424
46.5707811
46.53118943
46.47492564
46.41470005
46.37273231
46.33953433
46.32769114
46.32769114
46.32769114
46.32769114
46.32769114
46.32374382
46.32374382
46.31979671
46.30634007
46.29449983
46.28266139
46.26687962
46.25898993
46.25898993
46.25504539
46.24321297
46.21955362
46.19196007
46.16043673
46.13887309
46.13119912
46.12559914
46.11628466
46.11441939
46.11441939
46.11441939
46.11441939
46.10883612
46.09208681
46.08858055
46.08299794
46.07926727
46.07805662
46.06921052
46.05436088
46.05089423
46.0569395
46.06298656
46.0611353
46.05928443
46.04252953
46.03136004
46.03136004
46.0353123
46.03926476
46.03578288
46.02857042
45.99345008
45.94159843
45.86348016
45.78377631
45.66082098
45.4397593
45.11242004
44.69007273
44.30078649
43.9791158
43.70215109
43.42825398
43.10135277
42.76311683
42.37243437
41.9094825
41.31928254
40.58827329
39.79095346
38.89358102
38.01834216
37.2207118
36.49933855
35.80924204
35.13334518
34.47992656
33.88915639
33.44137057
33.17421524
33.09979009
33.09575921
33.09557857
33.13128929
33.22799219
33.34518322
33.46374244
33.57496154
33.72312441
33.92467134
34.16554566
34.40223399
34.6085384
34.79555509
35.03201927
35.27190106
35.48686608
35.65744904
35.82079083
35.98829081
36.11502548
36.25726002
36.40612114
36.55044229
36.69225737
36.84436723
37.06203699
37.28073092
37.46656371
37.625382
37.80533875
38.03470188
38.22740655
38.40236524
38.58467465
38.77896509
38.9733231
39.16025951
39.31945031
39.47231038
39.60819744
39.72494982
39.83073036
39.95098401
40.0823723
40.20727439
40.34560035
40.44953796
40.52841087
40.61284136
40.72845241
40.87221933
41.00908054
41.15784071
41.29029053
41.43455635
41.57390336
41.69009133
41.8066396
41.92799288
42.04793392
42.15791698
42.24741165
42.32446199
42.38980072
42.45954574
42.49879996
42.52934235
42.5955192
42.68115267
42.77983531
42.86875026
42.96993545
43.09106224
43.18933152
43.31521537
43.44052787
43.53953664
43.6390952
43.74344104
43.8535613
43.94874143
44.02773672
44.11479338
44.2199585
44.31678681
44.43372724
44.63861063
44.85452451
44.99997669
45.08259292
45.13045368
45.18091775
45.22004139
45.26696863
45.31650558
45.38254784
45.45397421
45.52794845
45.59732764
45.68160637
45.77162346
45.83110596
45.90153427
45.98075067
46.04210922
46.09392168
46.13871394
46.19952037
46.25342434
46.31461777
46.37386142
46.42100501
46.46298743
46.48431953
46.49016607
46.48976974
46.49172031
46.49688228
46.51236887
46.52269385
46.52785651
46.52785651
46.52201003
46.50838196
46.51712034
46.51600891
46.51684874
46.52393289
46.52672531
46.52715693
46.5318917
46.52823772
46.51942782
46.51147933
46.51622776
46.51667326
46.51905025
46.50873143
46.51049128
46.49764303
46.4891277
46.48495393
46.47051494
46.49154599
46.51427003
46.52524617
46.52687313
46.53885076
46.57136742
46.59522422
46.60668953
46.61317717
46.61542161
46.61919411
46.61059615
46.5969555
46.58772878
46.57757812
46.57757812
46.57757812
46.5800424
46.57234641
46.56904762
46.56631012
46.56606934
46.55267027
46.53738076
46.52402322
46.50878121
46.49166428
46.4745795
46.46701658
46.46258639
46.45377522
46.44434747
46.4368125
46.42740273
46.42429064
46.42625214
46.42890115
46.4246302
46.42479902
46.42685867
46.42365056
46.40771404
46.39620514
46.38846987
46.37255912
46.35665406
46.32615975
46.28550758
46.2778543
46.26514841
46.25184262
46.24044585
46.22016033
46.20112876
46.16564267
46.15366996
46.14738673
46.13725543
46.12712463
46.13158533
46.12145592
46.12145592
46.10059859
46.06903018
46.05478869
46.04004752
46.01643189
45.98839869
45.96492199
45.94044669
45.91105524
45.88178893
45.85568674
45.83530117
45.82697567
45.82745816
45.82745816
45.82745816
45.82745816
45.82934363
45.82934363
45.83388307
45.83388307
45.83842269
45.83842269
45.83842269
45.85204251
45.8792866
45.89291086
45.88245801
45.8670121
45.85800407
45.84945256
45.84900714
45.84401339
45.84356974
45.83547045
45.82150278
45.79980787
45.76733989
45.74369397
45.70605903
45.67886626
45.65785026
45.65250617
45.65250617
45.64754038
45.63760921
45.62767859
45.62271348
45.61278368
45.60781898
45.58796156
45.56810634
45.54752617
45.54608625
45.52554115
45.52483773
45.52839951
45.52736585
45.50687784
45.49992362
45.5019411
45.52103087
45.542822
45.56922888
45.56215305
45.51334885
45.47592892
45.45448355
45.46320602
45.46793912
45.48243994
45.48243994
45.49673694
45.50620065
45.52039738
45.55542619
45.62739693
45.69646889
45.75311577
45.81935834
45.88000274
45.91505713
45.91596778
45.91596778
45.92071051
45.92071051
45.94442645
46.00135999
46.05831507
46.08680065
46.10768782
46.11718512
46.11718505
46.11718505
46.11718505
46.12668288
46.13618136
46.15517991
46.19793545
46.22642682
46.23120514
46.21706445
46.19835222
46.18937053
46.16155892
46.14330307
46.1535613
46.19706863
46.23561475
46.24533271
46.24533271
46.24722193
46.25391883
46.26834155
46.30388767
46.34333059
46.37554626
46.4149391
46.45508336
46.48442945
46.48712651
46.47701118
46.4700781
46.4895995
46.49972756
46.49958765
46.50207374
46.51867387
46.52357341
46.52547542
46.52928063
46.53308743
46.53308743
46.53499143
46.53689582
46.53689582
46.5434333
46.54807782
46.55464584
46.56123041
46.56016679
46.5591056
46.5591056
46.54994835
46.53813107
46.52749724
46.51807117
46.50989114
46.48580531
46.48232259
46.48118773
46.47949728
46.47493221
46.47493221
46.47493221
46.47687703
46.47231229
46.4631833
46.45794746
46.46117427
46.45233483
46.43473121
46.41388754
46.4047695
46.40967518
46.4116308
46.41098541
46.40353676
46.39770802
46.39778067
46.40046625
46.39998003
46.39954039
46.40904775
46.43625288
46.46555756
46.49097929
46.51902094
46.54311705
46.55331776
46.55097832
46.53392001
46.52796151
46.54012007
46.55146104
46.56155867
46.58236827
46.59875848
46.61639073
46.61810989
46.62651368
46.61494338
46.59068544
46.55993538
46.53857485
46.52834025
46.52503642
46.51937528
46.52749542
46.54222205
46.55696718
46.56487597
46.56647341
46.56596907
46.56995358
46.5784243
46.57111135
46.56146611
46.53843011
46.51756722
46.49675348
46.48705921
46.47758787
46.46170761
46.45492993
46.45707609
46.4635168
46.4676498
46.46443001
46.45849649
46.45908155
46.47557836
46.49389549
46.50306548
46.51239803
46.52003733
46.5370535
46.54166799
46.54013114
46.53907956
46.54742179
46.55845495
46.5717345
46.58281082
46.5961145
46.60943137
46.6134678
46.62022128
46.61953687
46.64604113
46.69092554
46.73821036
46.79018147
46.84007138
46.89013516
46.94037223
46.95786825
46.97807039
46.99395547
47.00317159
47.00317159
47.00317159
47.00317159
47.00317159
47.00317159
47.00317159
47.00317159
47.00317159
46.99877327
47.00338384
47.00799583
47.01491646
47.01722405
47.01932327
47.01494545
47.01666008
47.01864207
47.02024173
47.01707068
47.01876476
47.02050482
47.02242439
47.02449919
47.02178051
47.02622826
47.02343454
47.02782475
47.03207453
47.03160902
47.03596536
47.04043093
47.05697591
47.08554336
47.09985065
47.1003022
47.1076214
47.12692639
47.14618462
47.15866915
47.17555635
47.1948766
47.21905774
47.24336337
47.26772355
47.29225356
47.33123558
47.37519419
47.40749698
47.44278278
47.4783185
47.5071426
47.51215743
47.50801035
47.5234844
47.54130876
47.55854723
47.5751415
47.58637035
47.60195637
47.6150283
47.62190046
47.62190046
47.62625808
47.63497382
47.63933194
47.64119214
47.65244683
47.65938277
47.66571566
47.68832264
47.6951203
47.71285569
47.73064896
47.73497422
47.73844953
47.74476576
47.7392835
47.74425183
47.75106855
47.76183254
47.77006519
47.77646818
47.78586784
47.79732882
47.80905139
47.82522815
47.84635545
47.87247848
47.8890177
47.91395859
47.93884596
47.95848331
47.97373846
47.98238246
47.98221319
47.98477364
47.98275773
47.98385378
47.97581095
47.98334339
47.9817372
47.9957845
48.00272418
48.02250841
48.03577229
48.05177762
48.06200407
48.07557934
48.07313227
48.0912619
48.0946879
48.10895712
48.11568932
48.09814871
48.06714364
48.01548438
47.97740699
47.95549365
47.919364
47.86970206
47.83810889
47.83800066
47.83800066
47.83800066
47.83800066
47.82446642
47.79284516
47.74775787
47.69818013
47.67105699
47.67991028
47.70226642
47.72013681
47.73804217
47.76498038
47.78750695
47.80558874
47.81469168
47.81928578
47.8103823
47.8103823
47.80144599
47.80595033
47.80148282
47.79701546
47.79701546
47.79254833
47.77914764
47.7612824
47.72109504
47.68092077
47.64087702
47.6143114
47.596914
47.5841207
47.57150238
47.54545288
47.50595121
47.4575313
47.40448199
47.36918331
47.3516125
47.35618137
47.35618137
47.35632419
47.35189815
47.33434242
47.30337347
47.26356834
47.2371995
47.21968274
47.21542902
47.21101062
47.21559555
47.22018063
47.22493463
47.22086018
47.21255485
47.20003827
47.19693905
47.19830512
47.19532793
47.18801974
47.17177842
47.15122195
47.13975116
47.14612037
47.14765863
47.14433582
47.13586118
47.13149147
47.12275258
47.11401438
47.1218342
47.12093018
47.12176505
47.11360315
47.10981147
47.09701903
47.08859116
47.07115839
47.05465578
47.02851966
46.9980355
46.97657361
46.97144713
46.98171836
46.9966737
47.00730835
47.02230924
47.03265801
47.04336593
47.05375371
47.06282563
47.07829555
47.09285309
47.10580865
47.1249061
47.14332875
47.15548103
47.15706575
47.14233448
47.11700388
47.07029798
47.05877533
47.03031141
47.00438282
47.01067641
47.01531253
47.03805093
47.04291008
47.04263119
47.0366632
47.04718574
47.05720381
47.06722574
47.08624365
47.09679316
47.10469188
47.12212032
47.13004374
47.13640788
47.15123566
47.15918959
47.176143
47.1798985
47.20429735
47.23029773
47.26531288
47.30035525
47.34020324
47.37579749
47.3992062
47.41569701
47.42262695
47.42740955
47.4534757
47.48696536
47.53003354
47.57790031
47.63535873
47.69283705
47.74137137
47.7797165
47.81327566
47.85643297
47.89480426
47.93798233
47.96677379
47.99557011
48.02917193
48.06758206
48.1108037
48.1636448
48.22611411
48.2789902
48.31967521
48.35334187
48.37258284
48.37291406
48.38392748
48.38908316
48.38873105
48.39647923
48.40681385
48.40717297
48.39826538
48.37856587
48.34912499
48.31108771
48.26589326
48.21403249
48.16888228
48.1211673
48.06710657
48.01123166
47.93381407
47.84792999
47.8020784
47.75402141
47.72236665
47.71702188
47.71903367
47.72105176
47.71558514
47.72769641
47.73490921
47.73953581
47.74906901
47.75085366
47.75523668
47.76453906
47.78134276
47.79043453
47.80469905
47.81663761
47.82367209
47.82814827
47.83263651
47.84441268
47.86113316
47.86784658
47.87477453
47.86966999
47.86201561
47.85691431
47.8592913
47.85164345
47.84399852
47.84605355
47.8325105
47.83191269
47.83375455
47.85046981
47.86230955
47.87673364
47.86637702
47.85606838
47.84336332
47.82322939
47.80563694
47.80542337
47.80279952
47.78779416
47.76288536
47.75204537
47.74463002
47.73475439
47.7199285
47.71010913
47.71517575
47.70208346
47.70299075
47.70052231
47.70641617
47.70823747
47.72164454
47.73672443
47.740367
47.76064327
47.77343625
47.791269
47.81159182
47.83939764
47.85518939
47.87673272
47.89738616
47.91985796
47.93397591
47.93935776
47.95219131
47.95238076
47.95238076
47.94996467
47.94996467
47.94996467
47.94754892
47.94532804
47.94572425
47.95618374
47.96184251
47.96993092
47.98448792
47.98517927
47.995721
47.99884635
48.01445575
48.02000471
48.02026394
48.02530343
48.02530343
48.02291433
48.02291433
48.02052556
48.02052556
48.03060581
48.033525
48.02902316
48.01312659
47.9736385
47.89714339
47.83104222
47.78753616
47.74659073
47.71299356
47.68438724
47.65820779
47.62969536
47.60597252
47.58297126
47.56067257
47.52519498
47.4988608
47.48535874
47.47422241
47.46241844
47.44354997
47.42705814
47.41058319
47.39412515
47.37298968
47.35188223
47.3312321
47.303181
47.27796436
47.25467421
47.24863104
47.24677992
47.24677992
47.24677992
47.24677992
47.25190049
47.25190049
47.24957779
47.25749781
47.26822084
47.27431179
47.26784934
47.26371252
47.28190231
47.2977841
47.30161494
47.31111055
47.32347318
47.33588396
47.33632557
47.34769039
47.36203573
47.35879053
47.33856193
47.30752113
47.27773346
47.24396445
47.21476275
47.18562134
47.16324594
47.1516785
47.14569315
47.14935429
47.14561639
47.15151734
47.15519655
47.15555256
47.16960585
47.19181437
47.219227
47.23926485
47.24895426
47.24828599
47.24906037
47.25204313
47.24983716
47.2550268
47.2550268
47.2550268
47.2550268
47.26320146
47.26618728
47.26364184
47.26110084
47.26155547
47.26534203
47.27133191
47.26474195
47.26554465
47.26854418
47.26854418
47.26634977
47.26196203
47.25538313
47.26139186
47.25970484
47.26480616
47.28034038
47.28636018
47.29980723
47.30273177
47.31500979
47.32024551
47.31932554
47.32242188
47.31201698
47.30382521
47.30595718
47.29806167
47.28918212
47.27965872
47.25378046
47.23598123
47.21091426
47.19840082
47.19006596
47.18798318
47.18798318
47.18798318
47.18798318
47.18798318
47.18798318
47.18798318
47.18798318
47.18798318
47.18798318
47.18798318
47.18798318
47.18998666
47.19191546
47.18560473
47.19163644
47.19139459
47.18502736
47.17047496
47.14160021
47.11074443
47.07382896
47.03703543
46.99426412
46.95368467
46.91404065
46.88255339
46.85791418
46.84861621
46.84133006
46.84133006
46.84133006
46.83605518
46.83605518
46.83605518
46.83605518
46.82550574
46.82550574
46.82550574
46.81821937
46.80691095
46.77374882
46.70944804
46.63915423
46.59530539
46.56936273
46.53819811
46.50974182
46.49122538
46.46393342
46.46194899
46.45665935
46.45665935
46.45665935
46.45136981
46.44409574
46.42822749
46.40178256
46.35531691
46.32358914
46.30772672
46.28241353
46.26126517
46.25069164
46.25069164
46.25069164
46.25069164
46.24540504
46.22425973
46.20840189
46.16334505
46.10384692
46.02467481
45.87901096
45.62984776
45.33839143
45.01236931
44.64702625
44.29161734
44.00413518
43.71916974
43.4031287
43.01451786
42.5466505
41.95003148
41.13168376
40.20427748
39.26606153
38.42780309
37.64765193
36.83456656
35.977766
35.06290788
34.07943767
33.06530763
31.96399462
30.85775052
29.79105048
28.72935247
27.76557569
26.93529606
26.26278388
25.65038997
25.0093831
24.3488527
23.63892875
22.87354309
22.03780147
21.19889524
20.45631406
19.9082409
46.92118565
