44.56857689
44.64312221
44.72941008
44.81559957
44.88120993
44.92590492
44.96679725
45.01186671
45.01392447
44.97558924
44.98052245
45.01060877
45.05018523
45.08582132
45.12974284
45.16257558
45.16250401
45.16518985
45.18302042
45.19706034
45.21580168
45.24064647
45.26401511
45.29277114
45.2839911
45.25684472
45.23350495
45.21677683
45.18703888
45.16419022
45.14671777
45.11103676
45.05689723
44.99194461
44.95440481
44.90135814
44.83657322
44.77430984
44.70218315
44.60509945
44.51660202
44.45141076
44.37963376
44.26864571
44.13649141
44.02670526
43.96060982
43.91084424
43.88098102
43.87705396
43.91646245
43.97187834
43.99847817
44.00150773
44.01482235
44.00369123
44.01328124
44.04664367
44.09320242
44.11716694
44.13983879
44.14961497
44.16483056
44.18047657
44.21486868
44.27907473
44.33125993
44.36183446
44.40828769
44.47848419
44.54701015
44.59126487
44.63473777
44.66714835
44.67565027
44.6917795
44.70785501
44.7368632
44.73046354
44.7090005
44.69821771
44.69752939
44.67831765
44.68250908
44.67764591
44.69436361
44.72434878
44.75462566
44.79420617
44.82284497
44.85564978
44.85775317
44.86190776
44.86781511
44.89601901
44.89293663
44.86901222
44.84896012
44.85194371
44.85523757
44.86286217
44.8490621
44.81765006
44.8084149
44.82357576
44.83977321
44.85614745
44.89234946
44.96822352
45.01194699
45.04994233
45.08129902
45.11994905
45.19339657
45.27973062
45.34737431
45.40125776
45.4566806
45.52462996
45.57068286
45.56062322
45.48943683
45.41877035
45.38410514
45.38177545
45.4110458
45.44190301
45.4708758
45.5046985
45.53737501
45.58100062
45.62112365
45.67729957
45.75351435
45.81894418
45.87934528
45.94283127
45.97739775
45.98755501
45.98207734
45.9668726
45.94539136
45.91240419
45.88945
45.87108175
45.85888593
45.83855247
45.82635953
45.81388315
45.80537958
45.78276075
45.77061035
45.77094005
45.77669951
45.77638525
45.78687208
45.79415286
45.79003991
45.77581411
45.78097001
45.78011601
45.77545063
45.75026276
45.72323037
45.70525817
45.69078095
45.66539234
45.6540985
45.6656685
45.69393338
45.72825058
45.75996337
45.79756245
45.84686507
45.89051234
45.95301604
46.00842568
46.02604438
46.05839938
46.09253441
46.12718355
46.16383045
46.20882468
46.24893536
46.27065004
46.28193996
46.30371715
46.33118657
46.37448199
46.44666514
46.52404821
46.59468312
46.65449593
46.70310544
46.72856537
46.73036241
46.75824703
46.79506681
46.84082737
46.87128885
46.89459164
46.92675873
46.95927026
46.98906247
47.01276022
47.04549025
47.0829072
47.13843765
47.22667143
47.32117788
47.42308444
47.50513142
47.56596337
47.59633059
47.6327635
47.64057232
47.6342781
47.62516806
47.62880141
47.63620243
47.64206568
47.66623697
47.67417657
47.66980185
47.6518261
47.61142581
47.58059623
47.56737506
47.58054171
47.59473539
47.60008078
47.56911114
47.52560436
47.48844451
47.47493394
47.46387271
47.42610757
47.39264963
47.34568145
47.29349575
47.28499635
47.26590294
47.23650873
47.18717837
47.13931883
47.09484917
47.04765541
47.01418056
46.98597452
46.9834703
46.97510374
46.96115452
46.95466922
46.94073504
46.92075597
46.91927886
46.90393074
46.88562686
46.86958196
46.85096923
46.84858701
46.84359592
46.85583451
46.90171257
46.95199188
46.99924085
47.05364649
47.11176847
47.15460974
47.20667562
47.24657027
47.25641804
47.25249518
47.25398887
47.26631252
47.29640337
47.31543715
47.37062582
47.39894423
47.44588621
47.48001535
47.49820623
47.49386252
47.48151747
47.48004271
47.50739456
47.5578992
47.58581038
47.59937787
47.59925997
47.58402178
47.57473381
47.57588676
47.59008051
47.61991332
47.64745221
47.67317901
47.68080779
47.71222439
47.73494365
47.75667144
47.77701366
47.81669545
47.85699709
47.90059425
47.92658995
47.9591371
48.01747682
48.08991554
48.15362803
48.19226308
48.20036579
48.17618669
48.15580907
48.12824739
48.12032417
48.12194179
48.1498259
48.16053021
48.13970324
48.10216122
48.06325811
48.0144698
47.97068014
47.95445439
47.92730862
47.90273579
47.90136305
47.91280942
47.90957758
47.92183087
47.93331645
47.92449018
47.91153474
47.87144769
47.81424554
47.78751217
47.79020218
47.81558963
47.82739291
47.83707354
47.83012331
47.83252782
47.83519862
47.8366093
47.84188434
47.86465506
47.87305675
47.87136856
47.87979217
47.88938729
47.91929692
47.92444322
47.90315615
47.87154084
47.86701169
47.84194733
47.82658006
47.84655136
47.89399953
47.93227615
47.96617313
47.99526482
48.02236285
48.03349724
48.033037
47.98257175
47.91305076
47.87251251
47.85372227
47.83415499
47.83684632
47.84633887
47.84807891
47.84682013
47.84229069
47.8275373
47.80074953
47.77096092
47.7206435
47.68975842
47.65195161
47.59588394
47.5071656
47.43865325
47.37252393
47.29365515
47.19199925
47.10079752
47.00711075
46.93312706
46.87567269
46.82420351
46.76228831
46.68896064
46.63345316
46.57954723
46.56527264
46.55268321
46.54353536
46.53381252
46.52753371
46.52122953
46.4996518
46.4957335
46.4917741
46.46765141
46.43993437
46.39370668
46.3384181
46.26333959
46.17744788
46.04914576
45.90195873
45.77796131
45.68446168
45.55279481
45.36823112
45.12233333
44.84064908
44.51482413
44.15295166
43.74013556
43.30508961
42.85743902
42.40551061
41.97591176
41.64171182
41.38629744
41.1976916
41.01574137
40.84168786
40.66506628
40.4788659
40.34346894
40.28521553
40.26999466
40.28158923
40.31543962
40.37532522
40.44156017
40.50474892
40.61497187
40.74673133
40.832434
40.831433
40.79193647
40.73510376
40.64749743
40.58480306
40.51929695
40.43594937
40.33993914
40.22544375
40.15412027
40.11647518
40.10342301
40.10765888
40.15154943
40.22937044
40.34969469
40.50387017
40.68175609
40.85819961
41.03749149
41.27819801
41.51268701
41.75278631
42.01019558
42.25367042
42.462308
42.63923104
42.79423306
42.92631855
43.02200492
43.13285647
43.25039644
43.37706378
43.48422035
43.59019526
43.69437622
43.77116635
43.84249105
43.92858824
44.01762037
44.14890527
44.30437066
44.44075506
44.53994117
44.57839597
44.58134137
44.58702593
44.58740316
44.59280344
44.63659307
44.65892828
44.68685276
44.72718104
44.77038954
44.80292254
44.85378712
44.90467251
44.94011376
44.9565498
44.9881529
45.01970403
45.02272338
45.0366941
45.0349298
45.0349298
45.0349298
45.04350853
45.05890522
45.05967134
45.05262756
45.05281768
45.06642645
45.07769054
45.08556735
45.07997185
45.07727982
45.0669229
45.06347399
45.06347399
45.07463174
45.08791743
45.12057299
45.14332782
45.16396034
45.1881916
45.17924384
45.15519026
45.15005421
45.16472498
45.17211011
45.15857029
45.15375191
45.15421888
45.15370217
45.16100705
45.16739231
45.16767001
45.14675457
45.13041701
45.12561891
45.1291467
45.12199439
45.13100013
45.12930119
45.12742226
45.11557729
45.10405733
45.09947015
45.08800727
45.06422367
45.05173005
45.05779745
45.05877629
45.0513733
45.0513499
45.05804873
45.05193369
45.05044352
45.04749584
45.05497217
45.07480951
45.0845718
45.08429915
45.06601235
45.04907398
45.05204844
45.05929573
45.03578709
45.02754014
45.04200101
45.0736264
45.08464819
45.07638847
45.07822899
45.08086958
45.07505419
45.08058744
45.10645579
45.11265085
45.11498521
45.12917533
45.12757087
45.12757087
45.120969
45.11589763
45.10087573
45.09522816
45.07975039
45.08403508
45.09866582
45.09779456
45.09414167
45.08553343
45.11064702
45.13092709
45.16592579
45.16186154
45.144668
45.13521136
45.1256221
45.12260327
45.10873621
45.07318019
45.02471546
44.9821252
44.93101081
44.87955958
44.8443547
44.85884693
44.84631675
44.86111341
44.82868916
44.79955469
44.75157049
44.72856306
44.71868037
44.72887853
44.73854566
44.72470654
44.70582909
44.69866384
44.70729006
44.7298754
44.75781213
44.78186552
44.79625831
44.81416907
44.82303475
44.82985003
44.82036025
44.79287966
44.78164615
44.7681493
44.74497566
44.72946816
44.70643717
44.68635304
44.7267864
44.78221126
44.81553181
44.83076298
44.8308392
44.78327469
44.75591466
44.7414651
44.73125089
44.71603811
44.71508253
44.69986849
44.68712151
44.67644559
44.67662942
44.67890422
44.68733901
44.69965382
44.70750336
44.72150943
44.72716061
44.70690368
44.6868969
44.66325502
44.63612973
44.61482945
44.58662348
44.56088208
44.53540349
44.49077275
44.44629136
44.43659105
44.43809039
44.45482107
44.49716327
44.52601906
44.55315234
44.58412997
44.6294455
44.66858489
44.68052892
44.68585866
44.67923897
44.69265293
44.70244921
44.71016197
44.72153961
44.71662748
44.74214819
44.77563874
44.81469541
44.81882523
44.83513997
44.85122526
44.86287737
44.88269936
44.89892265
44.91559724
44.93770478
44.95330247
44.97416189
44.97844161
44.97958704
44.99153128
45.00211335
45.00264601
45.01053959
45.0101335
45.00985366
45.01836331
45.03288714
45.04094532
45.06054978
45.08369196
45.0869929
45.11182533
45.12416291
45.12488293
45.11661377
45.11319327
45.1044294
45.07868427
45.06520042
45.06248386
45.05066889
45.0479309
45.05383476
45.06173324
45.06926471
45.08630745
45.09870732
45.08310791
45.06404895
45.01279703
44.97213126
44.95120761
44.88277472
44.81389826
44.76321372
44.73096667
44.72122533
44.70361182
44.70387516
44.69597446
44.70991603
44.71281396
44.71281396
44.71281396
44.71281396
44.71861079
44.71861079
44.71861079
44.72150968
44.72730844
44.73461445
44.74041467
44.75201897
44.76943505
44.79117951
44.81728713
44.83170774
44.83599324
44.83696007
44.84349339
44.85636504
44.87118879
44.89352065
44.90675539
44.90821968
44.92608072
44.94415066
44.96140805
44.97722444
44.99786833
45.02402239
45.04764797
45.05470673
45.03489356
44.986169
44.93891866
44.908332
44.88953442
44.88681348
44.89505608
44.90220119
44.8777152
44.86137705
44.85304211
44.8458886
44.81030371
44.76460954
44.73445904
44.73451015
44.74513269
44.75675784
44.74016937
44.73603545
44.73667508
44.76698522
44.78501369
44.80372428
44.84479549
44.88042259
44.91165775
44.92311957
44.95856924
44.98131066
45.01729838
45.04681022
45.0583041
45.05818804
45.0640636
45.05397804
45.05034403
45.0340522
45.02632248
44.99290679
44.94511762
44.87212329
44.81266037
44.7784335
44.73559047
44.70948012
44.69403164
44.69365371
44.70151556
44.71484587
44.72834356
44.74476112
44.75349506
44.7628622
44.76330398
44.76187597
44.72360315
44.66854112
44.61726635
44.57653961
44.53607944
44.48699258
44.42574678
44.38327184
44.33933318
44.30799909
44.27721317
44.26520301
44.27410723
44.27547953
44.28652467
44.28410847
44.28238577
44.30588048
44.3173573
44.34691328
44.36953814
44.38591414
44.38255777
44.38255777
44.38255777
44.38255777
44.38016475
44.38569938
44.39437705
44.42437069
44.46253395
44.46925291
44.39955556
44.22399781
43.8894014
43.30720426
42.59704017
42.06698597
41.65109158
41.3122846
41.03023167
40.7605236
40.50386001
40.1594713
39.76078854
39.36446653
38.94515105
38.56559047
38.1967137
37.83572806
37.50601006
37.2240852
37.03063274
36.8925937
36.87857524
36.88206838
36.85927671
36.86277474
36.88977895
36.88645819
36.84788746
36.76745406
36.60085153
36.36567441
36.13771709
35.91035488
35.6855824
35.49636862
35.40636996
35.39368631
35.45388066
35.6046496
35.79963309
36.01511331
36.21308336
36.37205658
36.56216285
36.78595221
37.06740699
37.39233899
37.76655819
38.16679837
38.59374256
39.04255869
39.47985677
39.86472545
40.23750556
40.6472235
41.08745597
41.50734437
41.84722732
42.13574173
42.39774004
42.59856948
42.73422416
42.81210884
42.88289759
42.95360822
43.03448859
43.14693771
43.27184583
43.44498719
43.61880617
43.79723089
43.95655828
44.10155666
44.22250066
44.33194061
44.39558889
44.44001391
44.47657039
44.541393
44.62036342
44.7304012
44.88999948
45.07438677
45.28646765
45.48954519
45.65307492
45.77779222
45.82871891
45.8529217
45.86062506
45.90095271
45.96408774
46.04522758
46.12094723
46.17772979
46.25511856
46.3223183
46.40348988
46.47671966
46.53119597
46.58227185
46.61233368
46.63542975
46.6597981
46.69595469
46.72173397
46.75417534
46.78107667
46.82311028
46.85791137
46.88171862
46.89452387
46.92183107
46.93423757
46.93024029
46.91619037
46.90351197
46.90531456
46.93496397
46.96099869
46.98784897
46.98847607
46.96730961
46.9546363
46.96625422
46.97224564
46.96779347
46.9503838
46.93403742
46.91095036
46.8938725
46.90016175
46.91466937
46.90825491
46.87688563
46.86029065
46.88453259
46.91963261
46.93438362
46.92561836
46.90839991
46.89874421
46.89638049
46.9027374
46.90791017
46.89655269
46.88612601
46.89537056
46.91396914
46.91629255
46.91728371
46.94410538
46.98728469
47.02278301
47.04786151
47.08039066
47.12378039
47.16687918
47.20632709
47.25000706
47.29233489
47.34185381
47.38290028
47.41939132
47.45597661
47.48767091
47.53634822
47.58895769
47.63685621
47.67411387
47.7036129
47.72419855
47.7179707
47.71342787
47.72052449
47.73147702
47.75917151
47.78475234
47.81143449
47.82530693
47.85355582
47.87986742
47.90649892
47.9186221
47.91556866
47.91501956
47.90763746
47.8902138
47.86253966
47.83202956
47.80864796
47.78033413
47.74536837
47.71003063
47.68146387
47.67921545
47.6526394
47.60503562
47.53192934
47.47848454
47.42791408
47.38099005
47.3284841
47.24011579
47.15228762
47.07498938
47.0311457
46.9890032
46.93417284
46.89181958
46.85425592
46.82688945
46.7901444
46.73621503
46.69420465
46.65734633
46.63913059
46.6194408
46.61847997
46.62334759
46.61963902
46.60308065
46.60801767
46.60087454
46.58889803
46.5508126
46.53480048
46.51106791
46.50562443
46.4916734
46.48238634
46.47475833
46.42521463
46.35223002
46.19109763
45.89336759
45.42101208
44.68790542
43.81379965
42.82037419
41.89458097
41.06495076
40.26022298
39.55819168
38.93400063
38.40577814
37.98454076
37.58253242
37.2455121
37.00806545
36.90246702
36.93924118
37.03353777
37.13315393
37.28902619
37.46557648
37.6143576
37.74749512
37.84239377
37.90500542
37.9669594
38.07870541
38.2439525
38.43147444
38.62283672
38.83789857
39.05431362
39.2577547
39.40348116
39.55144684
39.67503769
39.76128227
39.81865274
39.91286329
40.05701731
40.22414469
40.38184547
40.53325862
40.72087814
40.93263847
41.13535347
41.30367141
41.49113232
41.67780337
41.8689595
42.05569691
42.23623941
42.43868851
42.68509083
42.93809843
43.14692317
43.29275174
43.42771742
43.54772937
43.65803732
43.76056543
43.8228044
43.86664433
43.89493406
43.9366162
43.9903748
44.03450781
44.08718961
44.18671357
44.31484674
44.44546541
44.57393866
44.67935901
44.75488971
44.80552761
44.84722172
44.89228868
44.93911779
44.95905767
44.9567528
44.94194862
44.92945077
44.90592991
44.89409826
44.89129514
44.88530753
44.86085944
44.82494562
44.7794632
44.7239877
44.66236601
44.63751484
44.61342609
44.60213977
44.59939297
44.59682426
44.59209377
44.56177373
44.53065217
44.50368241
44.46532692
44.44437624
44.4304069
44.41135335
44.40731708
44.3973401
44.40628202
44.42131049
44.45754384
44.4901296
44.51094758
44.53686193
44.56108967
44.57366314
44.5795281
44.58712557
44.61014786
44.63343394
44.6327094
44.62186812
44.63625886
44.66694212
44.66762024
44.6339263
44.62843961
44.64681437
44.66858987
44.68137822
44.69589977
44.66372939
44.62782467
44.59287988
44.57157662
44.55544238
44.54165256
44.52479057
44.49987431
44.47591124
44.4635701
44.46061996
44.45463796
44.47447826
44.50797629
44.53493403
44.56406845
44.59788304
44.64450045
44.69335955
44.73289496
44.76086076
44.78195209
44.83695898
44.90111486
44.95075233
45.00254547
45.06410999
45.13792709
45.21962796
45.26747777
45.31733025
45.36773654
45.40081763
45.45933147
45.51612681
45.55387904
45.5833252
45.60818927
45.64095965
45.65839236
45.68032881
45.70222107
45.70729555
45.70923929
45.7254039
45.72726369
45.72903695
45.7261257
45.72813053
45.73508448
45.74952652
45.75959273
45.77010363
45.79072734
45.8044527
45.8229886
45.83724603
45.86881303
45.89825864
45.91415752
45.95294312
46.00179416
46.04654067
46.08811766
46.11240374
46.13208991
46.15581757
46.18575074
46.22044182
46.25636589
46.28673109
46.31133267
46.3286983
46.33643987
46.36603196
46.4071883
46.44060568
46.48597287
46.52787345
46.55399581
46.58388385
46.59943992
46.61987879
46.62702766
46.64695372
46.65267739
46.66780788
46.68684583
46.70811488
46.72172696
46.71128203
46.70724201
46.70552001
46.70008118
46.71833475
46.72423984
46.74995905
46.77221336
46.78204786
46.77990345
46.77922814
46.80438706
46.84401638
46.87422458
46.86338783
46.86545541
46.87068615
46.87411604
46.88482247
46.88705666
46.91182791
46.9282505
46.97911082
46.99577127
47.00753389
47.01167116
46.98413618
46.96196608
46.93079319
46.9245721
46.93456264
46.9430351
46.96088984
46.97667834
46.97794681
46.98456756
47.00074974
46.97930617
46.97998016
47.00370293
47.02309598
47.03410216
47.03908933
47.03448188
47.00794138
46.98846645
46.9584738
46.94511574
46.93573467
46.90514034
46.86902278
46.84037861
46.82971939
46.81373801
46.80898154
46.79401252
46.73712494
46.64901798
46.55248179
46.47883963
46.38696821
46.28775736
46.18318118
46.07819208
45.9895351
45.90208164
45.82777295
45.77957789
45.74863623
45.73898794
45.7409168
45.7328305
45.72027881
45.72152763
45.71852625
45.70074509
45.69143451
45.69600187
45.68979622
45.68928969
45.6824154
45.68344573
45.66515281
45.60631171
45.53206888
45.36860269
45.07321392
44.56618492
43.92529625
41.20489497
