46.94310375
46.97386919
46.9824563
46.99174117
46.99806132
47.01524131
47.01150262
46.99463722
46.97949362
46.96492939
46.94193375
46.92005901
46.91175056
46.92375775
46.91765601
46.90776858
46.89151498
46.89709889
46.89847651
46.90489707
46.90886059
46.90084241
46.88082923
46.86543041
46.86030041
46.86234684
46.87775857
46.87188416
46.86012475
46.86118914
46.85992332
46.8487845
46.84216169
46.80629546
46.79177362
46.8003723
46.78570403
46.76596659
46.77007142
46.79378814
46.8103331
46.85240886
46.91366667
46.91409569
46.91304048
46.90507482
46.92041903
46.92854436
46.91613788
46.92005639
46.91369156
46.90043835
46.89029894
46.88479253
46.88082609
46.88092809
46.8841196
46.86515724
46.85336065
46.8549155
46.84781845
46.83900315
46.81183612
46.81263877
46.78768939
46.76069831
46.75359634
46.7480223
46.73581508
46.72608456
46.7175865
46.69831634
46.67539559
46.65833842
46.62729344
46.61539335
46.60567434
46.58481383
46.57114015
46.57013405
46.56113569
46.54608934
46.55047527
46.54999395
46.5143835
46.49176585
46.47065885
46.44145759
46.42460565
46.41328419
46.4115232
46.41052551
46.42551336
46.4337616
46.43506409
46.42621054
46.43958559
46.4248658
46.42332718
46.41957099
46.42372702
46.46756627
46.53145859
46.56408021
46.58053124
46.60515196
46.61991797
46.61468516
46.60411726
46.60204861
46.59365738
46.58483892
46.58615547
46.59255018
46.58047973
46.57819865
46.57099318
46.56363844
46.55367753
46.54931498
46.53227017
46.50494276
46.477484
46.45238467
46.42705966
46.41181387
46.38600438
46.35613353
46.34163856
46.30898476
46.27462331
46.2513959
46.24270023
46.23642498
46.22818532
46.21960765
46.23723582
46.27533576
46.30776248
46.32803112
46.33984372
46.31861923
46.31014887
46.30068087
46.28630369
46.28206952
46.27705405
46.26178811
46.24815633
46.23181274
46.21527926
46.20269729
46.1990158
46.18653668
46.16014175
46.14469197
46.13513858
46.10668922
46.09721382
46.11533224
46.13797943
46.16666176
46.20272659
46.25467418
46.28552941
46.28881107
46.3200882
46.39653603
46.48900968
46.57203646
46.68628062
46.7791231
46.82994413
46.81748051
46.81253633
46.80124347
46.79395547
46.78503492
46.77677655
46.77260316
46.75899607
46.7543742
46.74761063
46.74833368
46.75094179
46.74982606
46.74332482
46.73248171
46.72360305
46.71898291
46.71243976
46.71458214
46.75075694
46.78627725
46.82175586
46.86332228
46.90141633
46.90790552
46.90921955
46.91841303
46.91312168
46.90681768
46.92010962
46.94285451
46.96398427
46.96642738
46.98980865
47.00600014
46.99234805
46.96191705
46.95620501
46.96196764
46.95458312
46.95094575
46.97936005
47.01170497
47.05368404
47.10715981
47.17041963
47.20420241
47.20044091
47.20417931
47.22497276
47.23452123
47.2286353
47.21631827
47.22608518
47.22608518
47.22608518
47.23179259
47.26438212
47.31872406
47.40974964
47.50695714
47.60080554
47.68093416
47.71722399
47.74815945
47.77936233
47.80607117
47.8367419
47.83356843
47.83820326
47.8402808
47.82949313
47.83157366
47.83004229
47.83004229
47.83004229
47.83623487
47.83937666
47.83480212
47.84155738
47.85246862
47.85981145
47.86359019
47.86380475
47.86255746
47.85985958
47.85451179
47.85634442
47.86239421
47.87205449
47.88029492
47.9026872
47.93719944
47.9639085
47.98668691
47.99713215
48.01511021
48.04440351
48.05536465
48.11187477
48.17565232
48.23311402
48.25467866
48.26164698
48.24826394
48.23741232
48.23017308
48.23243339
48.23243339
48.23695503
48.25052811
48.2518155
48.27009837
48.29072859
48.30834596
48.32773512
48.36693821
48.41779579
48.48581432
48.57004988
48.64304608
48.6666361
48.66362973
48.66580035
48.65538308
48.65130776
48.6476697
48.64683598
48.6532081
48.6675069
48.67290029
48.67670301
48.67557769
48.66468346
48.66056369
48.66087524
48.64296405
48.63970199
48.6490034
48.66380173
48.68008737
48.67748689
48.68085329
48.69417566
48.69168301
48.6759841
48.66600651
48.68604536
48.73855666
48.77784101
48.81731253
48.88400442
48.95200719
48.98261858
48.98419318
48.97830531
49.01908005
49.01958669
49.01532609
49.02374925
49.05591854
49.06629501
49.08643216
49.13408721
49.18293348
49.22574784
49.25269646
49.28243764
49.30520505
49.31733062
49.34575233
49.39755063
49.41880466
49.42422348
49.43036243
49.43849318
49.46862148
49.49452431
49.54829805
49.59819566
49.65024419
49.70266036
49.7522721
49.77970345
49.82251337
49.87866134
49.92484666
49.95355702
49.97673955
50.00363673
50.03117361
50.03630886
50.04309949
50.05852055
50.06701692
50.07928054
50.10535434
50.15112249
50.15899699
50.15181051
50.14229402
50.13534006
50.13821517
50.14371852
50.17991899
50.23291812
50.27764038
50.28474392
50.27711109
50.29003437
50.28226013
50.26646627
50.25339397
50.24018353
50.21684536
50.21094495
50.22163022
50.22042254
50.2317973
50.25794425
50.29693018
50.29983491
50.26758012
50.25567225
50.25319172
50.25007986
50.24808021
50.26300625
50.24794068
50.24941598
50.25142911
50.27100458
50.27329377
50.29318523
50.30413779
50.30582226
50.30153883
50.29395918
50.30084623
50.35413537
50.42711879
50.53067227
50.62691633
50.69362706
50.70455717
50.69396301
50.70761761
50.73039674
50.74544562
50.74997518
50.76183262
50.78971838
50.81166817
50.82493901
50.84232072
50.8597025
50.87344356
50.89362333
50.89282596
50.89981176
50.9187159
50.93532481
50.91820025
50.90706702
50.9064072
50.897493
50.89813882
50.91655381
50.94234312
50.94835289
50.93569622
50.93451849
50.92672844
50.92496208
50.9232926
50.9376498
50.94768932
50.94547073
50.93821553
50.95313193
50.96788118
50.96701528
50.97895555
51.00272117
51.00143457
50.99531595
51.00791739
51.01533542
51.01869936
51.00744332
51.00506402
50.98989083
50.98525302
50.98058135
50.97805607
50.96919807
50.94343235
50.93048336
50.94402348
50.9671029
50.95027348
50.94309858
50.96943908
50.99606374
51.00497288
51.01544218
51.02387084
51.02457041
51.00470116
50.97962645
50.95403831
50.93655228
50.92301636
50.92179539
50.94140536
50.94582955
50.93329979
50.91687437
50.89234327
50.88024129
50.89051006
50.90624866
50.92151272
50.89145852
50.84719804
50.80216664
50.78257025
50.7687395
50.7752558
50.79905906
50.80080432
50.78130961
50.74837865
50.68339041
50.6396572
50.62695147
50.64889557
50.67736098
50.67922392
50.65225733
50.58444022
50.4859368
50.40266344
50.37178759
50.38202415
50.40585189
50.42143058
50.41681326
50.39214241
50.32817095
50.25529505
50.22840895
50.22165296
50.20451473
50.20188316
50.20774895
50.20653667
50.18451535
50.15268668
50.10119407
50.0516002
50.00525148
49.98839547
49.98091585
49.96661889
49.93362731
49.90962619
49.85997958
49.81008878
49.75303571
49.69500175
49.65500896
49.62659675
49.59823419
49.57085962
49.55332756
49.53628819
49.51330206
49.4857492
49.46244514
49.42551081
49.36981703
49.33864786
49.30450236
49.27977605
49.22757442
49.153085
49.09349459
49.0559531
49.02554498
48.97199456
48.95216368
48.9587042
48.93844053
48.90270674
48.88757736
48.90374121
48.91920945
48.93184334
48.96154637
48.98488341
49.01475122
49.06408252
49.11132901
49.18539339
49.2718715
49.36515343
49.44316417
49.51459325
49.55595886
49.58177864
49.61771562
49.6670377
49.72599882
49.78916599
49.86301824
49.92566582
49.94346571
49.96254046
49.98544614
50.00360478
49.99682579
49.96434023
49.9286156
49.91020156
49.88877941
49.86774828
49.86005932
49.86426153
49.86546756
49.85447739
49.82045995
49.78280781
49.73133002
49.686345
49.65043561
49.60805295
49.56709451
49.51357281
49.43897238
49.37992825
49.33044918
49.29370335
49.25370485
49.18726836
49.14397661
49.10745292
49.06599019
49.01494201
48.96405407
48.92302467
48.89415019
48.8654242
48.82772521
48.78713979
48.76171353
48.72015589
48.65809436
48.59653839
48.53328102
48.46553756
48.37945771
48.27485713
48.19270516
48.10878331
48.01532789
47.96679249
47.94860145
47.92123797
47.87734114
47.8558254
47.84907294
47.81936574
47.79237097
47.76384489
47.7096333
47.62177843
47.55831682
47.52323744
47.49032859
47.48734936
47.491695
47.45591153
47.39600987
47.31804952
47.24659272
47.17748678
47.11475281
46.97893931
46.79715611
46.59548195
46.40706675
46.16417982
45.90304353
45.65214618
45.36208921
45.07190811
44.77764596
44.46673461
44.13206246
43.75573596
43.34002932
42.8988189
42.44079272
41.99580865
41.58063824
41.1912057
40.8585421
40.565639
40.2893854
40.08287607
39.97476935
39.9349881
39.9435517
39.95592911
40.03633134
40.15293943
40.27483716
40.39442006
40.5070177
40.63792471
40.78159783
40.9546727
41.1446625
41.37961696
41.58436389
41.74777429
41.88831027
42.02838538
42.14728033
42.28812139
42.42299377
42.60695122
42.81403332
43.04138663
43.32332399
43.62261528
43.91725691
44.21869621
44.51796441
44.78225113
44.98853411
45.16914444
45.32150762
45.40652324
45.46376259
45.50446869
45.52937345
45.56506486
45.61032695
45.64966476
45.69020334
45.78312135
45.88964668
45.99403858
46.14022597
46.31477017
46.47004728
46.59982815
46.74169496
46.86564735
46.96585807
47.02714988
47.03103091
47.01042849
47.02182897
47.02492926
47.03224899
47.04539049
47.04539049
47.05272113
47.06160727
47.06423407
47.08063415
47.10217095
47.10377084
47.11689689
47.16172009
47.23260017
47.27856456
47.29162114
47.29050703
47.29050703
47.29050703
47.29050703
47.28860671
47.28100934
47.2848221
47.27534636
47.28297165
47.28506769
47.28085
47.27208582
47.26708814
47.26413252
47.25256103
47.26786001
47.28188506
47.25044372
47.2330586
47.22807279
47.2230871
47.22830669
47.22460328
47.22854528
47.22960368
47.22831526
47.22597991
47.22403811
47.2176012
47.2076371
47.19708438
47.20299029
47.19479911
47.17679625
47.17971722
47.18099979
47.17613977
47.17319497
47.17612461
47.16583882
47.15782331
47.15301469
47.14075861
47.14324627
47.12661854
47.12509022
47.10673689
47.0647205
47.00815362
46.99241363
47.00851546
47.00388877
47.02871061
47.08449326
47.11700093
47.10138692
47.08083244
47.06639312
47.03098295
47.00008332
46.98228987
46.97849389
46.96027131
46.93483769
46.90645057
46.85897742
46.81623785
46.78867159
46.79431546
46.79934964
46.80058571
46.79038455
46.79767044
46.78038891
46.78300223
46.77286381
46.76340375
46.77008958
46.78322242
46.81292167
46.81363685
46.81369613
46.79923777
46.79971362
46.78485733
46.76881473
46.7600515
46.76585292
46.76669336
46.75107264
46.75241982
46.72971457
46.7223836
46.74635891
46.75997883
46.74355047
46.73565788
46.73561572
46.72537432
46.72299041
46.70537767
46.68627213
46.67317542
46.65092823
46.61519331
46.59546639
46.59285817
46.61243596
46.59512721
46.57890936
46.56126175
46.5290381
46.50571469
46.47845361
46.46744442
46.44235814
46.42318219
46.41250211
46.42804398
46.42710658
46.45776779
46.50143953
46.49595796
46.46192295
46.45466606
46.45072208
46.45054935
46.44687902
46.44558594
46.43359363
46.41414129
46.39800767
46.41598618
46.44415802
46.43831233
46.45735353
46.47950396
46.49921917
46.4965024
46.47888599
46.48787902
46.48480141
46.47728564
46.47555686
46.49005808
46.52661216
46.58663784
46.64214629
46.64529988
46.62083865
46.61673189
46.6209942
46.6235613
46.64030745
46.67287245
46.73347566
46.83222629
46.95892655
47.08504102
47.18831007
47.29670295
47.38007806
47.43754395
47.47822847
47.5070355
47.52015739
47.53517321
47.5518934
47.58416125
47.65742783
47.73485437
47.82600795
47.91968164
47.9795556
48.04491005
48.13777322
48.21404613
48.2997199
48.35850484
48.41734711
48.46550583
48.50502132
48.53762725
48.55857727
48.57888771
48.55292576
48.52964611
48.50981249
48.47501384
48.37017238
48.27023094
48.2046544
48.16913179
48.13327297
48.10241236
48.05922962
48.02067845
47.97089023
47.95684581
47.96457559
47.99252212
47.98523099
47.98295944
47.97849204
47.9824105
47.97849204
47.96673781
47.94416537
47.9407665
47.91981502
47.90636208
47.91204291
47.91481062
47.88910247
47.86856141
47.86074298
47.85710937
47.85092282
47.84007821
47.83921464
47.8239818
47.81640575
47.80688059
47.81240413
47.82854221
47.87535254
47.90542756
47.91433791
47.92484862
47.92573161
47.92215545
47.94441718
47.96366891
47.98640109
48.01560215
48.07214114
48.13272585
48.17023197
48.20353733
48.27275236
48.31358345
48.33505465
48.32556133
48.32735889
48.32666344
48.31380979
48.29865258
48.2971724
48.30179063
48.31034478
48.31524499
48.32269754
48.34736195
48.40856626
48.44289562
48.47390578
48.52384753
48.56250408
48.56131071
48.54420214
48.55192158
48.59429747
48.63305252
48.66512812
48.69515294
48.71770159
48.70936306
48.70481822
48.69499992
48.68917811
48.6830324
48.67511399
48.66117413
48.6439981
48.6392355
48.68423381
48.72460584
48.77410777
48.85597594
48.94313265
49.00827342
49.05586607
49.08337369
49.10791593
49.09020409
49.09713674
49.10324676
49.11989869
49.12822857
49.12822857
49.14703716
49.16665254
49.18528368
49.20076514
49.20894772
49.24468037
49.27320667
49.26586664
49.2658788
49.26559404
49.25120959
49.25828675
49.28425613
49.29435617
49.29487363
49.30403864
49.31681282
49.33221895
49.37372838
49.45269092
49.50611357
49.52862326
49.53888643
49.5635601
49.57914452
49.55622221
49.5569016
49.57748539
49.626733
49.66125402
49.67090201
49.67796487
49.68481686
49.68241182
49.68199666
49.70558108
49.7156098
49.71637808
49.73042958
49.74473969
49.75372585
49.76101911
49.75644001
49.76038074
49.76975617
49.79318382
49.82806479
49.83545079
49.82062813
49.81754196
49.80081424
49.7824146
49.77798239
49.77798239
49.77798239
49.77355034
49.77699404
49.76651215
49.76777188
49.76912693
49.78352356
49.79275638
49.79462474
49.7937663
49.80747504
49.81329576
49.81489948
49.79960475
49.76740684
49.74808688
49.75005323
49.75767285
49.75565344
49.73261626
49.70857486
49.69062274
49.71530226
49.72731668
49.73527781
49.73630354
49.7192757
49.67865952
49.63674776
49.66003565
49.68776847
49.70273993
49.69770929
49.69276627
49.70033746
49.70744756
49.73099301
49.7392928
49.73568367
49.74599401
49.76334773
49.78393599
49.7857919
49.79676452
49.80281069
49.81084472
49.82506205
49.84351529
49.87901122
49.89338467
49.87468624
49.85121156
49.84813829
49.86324222
49.87161808
49.88262035
49.89500403
49.90739123
49.88619111
49.83494235
49.77933314
49.7751676
49.75538667
49.7098866
49.69544927
49.68120952
49.61719858
49.57935597
49.54638802
49.5320363
49.51183543
49.49619477
49.48006061
49.44467628
49.39380934
49.34082259
49.3227612
49.29967255
49.28370082
49.30319887
49.31793172
49.33536329
49.33342347
49.3217055
49.3130976
49.29063354
49.25222478
49.20907421
49.17464046
49.1320722
49.10133519
49.09344584
49.08267609
49.05040664
48.9975871
48.95590517
48.86941278
48.75754256
48.67511022
48.61122777
48.56347319
48.50908914
48.44222875
48.38180163
48.30755544
48.22424568
48.16930714
48.13199135
48.0863824
48.07242469
48.0726951
48.07992859
48.05164137
48.0239367
48.0004485
47.97651761
47.94990007
47.91890764
47.90066365
47.8762211
47.84321808
47.80135252
47.77525239
47.76380461
47.73474401
47.67717248
47.61853166
47.54196329
47.44551115
47.33452699
47.19906555
47.07575224
46.95674348
46.82004838
46.67617753
46.52936157
46.35507005
46.1397317
45.91662253
45.67999655
45.42608994
45.14976067
44.86626166
44.56662083
44.24339099
43.88096762
43.4916025
43.09830767
42.73058334
42.38424329
42.08879217
41.83084341
41.62210001
41.45591419
41.33560161
41.28065041
41.28106234
41.29030412
41.29542995
41.36003804
41.46524075
41.56965798
41.66571902
41.77744897
41.87092711
41.96634994
42.07904358
42.18234888
42.25077315
42.29160578
42.31996087
42.355182
42.3831477
42.47267059
42.66435677
42.89835918
43.1281746
43.37094824
43.6447581
43.91921533
44.1981673
44.49166414
44.83727841
45.19340101
45.50226406
45.78332054
46.04895739
46.28072189
46.48470358
46.66133498
46.8537162
47.0664152
47.21250368
47.25724071
47.28391709
47.31879713
47.31964141
47.30852443
47.32584961
47.35806033
47.38066354
47.42074102
47.48343807
47.52361942
47.53413701
47.55649173
47.58193365
47.59452528
47.60604812
47.59574211
47.58363063
47.58745733
47.59044005
47.60633243
47.60112877
47.59505885
47.60492811
47.61269931
47.62648201
47.63746249
47.64236671
47.6712104
47.67296236
47.67972135
47.69933405
47.70352846
47.70669492
47.6990232
47.7100045
47.716041
47.70529821
47.69925661
47.69712687
47.69410118
47.68271561
47.67018126
47.67483732
47.68067459
47.67985434
47.67387023
47.67465723
47.66355302
47.64245597
47.62638844
47.59816797
47.5756132
47.55247475
47.53166299
47.52042066
47.51127535
47.50350745
47.49837189
47.4870835
47.47586249
47.46915974
47.47471343
47.45738368
47.44256634
47.41807185
47.38880964
47.35922801
47.31962666
47.27014645
47.25265482
47.23398463
47.22036884
47.19306287
47.17529119
47.14385106
47.12143171
47.11404651
47.0842088
47.05250278
47.03239784
47.00844981
46.95955873
46.93318826
46.90654858
46.87618313
46.86604622
46.85385491
46.83944651
46.81391733
46.79714215
46.75931265
46.7115763
46.67093983
46.63456892
46.61609855
46.58894494
46.52563856
46.48565617
46.44371147
46.41097527
46.41009266
46.40629896
46.45284288
46.48539588
46.50550447
46.52697435
46.55309679
46.56649949
46.56571982
46.57375415
46.56626166
46.52824392
46.51801971
46.52602198
46.53877205
46.56040193
46.59502796
46.6653019
46.76252385
46.8564876
46.94825243
47.05050956
47.14205176
47.20320402
47.25866634
47.28940809
47.31426267
47.32836489
47.30089698
47.23955533
47.19898735
47.18477565
47.13254568
47.0703655
47.0795934
47.08949729
47.06287789
47.01037146
46.88234091
46.76180549
46.74083247
46.77413443
46.81707747
46.84759985
46.88655565
46.92237402
47.00587635
47.12067006
47.30436194
47.54309218
47.77889293
47.91326373
48.00250825
48.05947266
48.08128098
48.09013232
48.10107414
48.12077898
48.15081232
48.17074058
48.16092584
48.14575306
48.11511511
48.09210542
48.04390319
47.9936186
47.96218485
47.91855005
47.8934269
47.85575407
47.79990686
47.76443085
47.71857121
47.70234069
47.70729135
47.69522867
47.66239858
47.6464447
47.64039648
47.64785792
47.66926872
47.71382004
47.75949517
47.78147989
47.76068246
47.76425981
47.79851424
47.82750711
47.832922
47.85279996
47.88775975
47.91408963
47.9254905
47.92782448
47.93588081
47.93944317
47.93635913
47.94903956
47.98086969
48.04230068
48.10419483
48.19927668
48.31671671
48.43490753
48.52303671
48.56686878
48.60238338
48.6191121
48.6191121
48.628056
48.65295343
48.66999204
48.67765374
48.68208255
48.70775017
48.72424624
48.74142402
48.79210671
48.83194453
48.84729095
48.85232818
48.85701261
48.86732861
48.88011108
48.88668475
48.89840815
48.91155401
48.92641061
48.95497071
48.98632696
49.00305264
49.03014811
49.08915785
49.13866556
49.15709608
49.20167541
49.2541994
49.29298975
49.29223485
49.29223485
49.2962679
49.31268738
49.32338183
49.34758343
49.37912014
49.41254048
49.40606957
49.42525021
49.45326788
49.45719264
49.45651216
49.45343583
49.44573854
49.44884277
49.46214294
49.47718705
49.49508193
49.51628265
49.52055821
49.51104565
49.50295373
49.48692582
49.49103397
49.50178819
49.5143131
49.5303577
49.55272341
49.55793364
49.56027801
49.54857503
49.53257953
49.53525884
49.56394339
49.58597082
49.62268596
49.61100061
49.60804583
49.61384884
49.62784346
49.65929408
49.69124482
49.72144258
49.74193938
49.75733302
49.78166995
49.80537204
49.82063932
49.84595094
49.8617053
49.88786255
49.91677969
49.92936277
49.93598957
49.94818105
49.95537912
49.98309498
50.01784802
50.05031959
50.06582235
50.06890405
50.04897753
50.02755474
50.01059913
50.00384212
50.00686609
50.02462698
50.04118212
50.04666724
50.03486133
50.01285815
49.98919121
49.94505146
49.90138737
49.86626148
49.86378478
49.8566567
49.85658453
49.79222197
49.72584542
49.6536037
49.61989208
49.61002066
49.6187138
49.62426348
49.61813693
49.6094763
49.58463504
49.54790924
49.51352542
49.47217027
49.43305706
49.39616703
49.37068563
49.32948574
49.30184317
49.23368423
49.16563853
49.08016219
48.98043784
48.90537741
48.84975574
48.7710929
48.7066023
48.64220384
48.57574246
48.49614007
48.43779581
48.42263844
48.42206843
48.42251779
48.42358667
48.4244554
48.41687683
48.40281387
48.37814367
48.3003831
48.14537921
47.91210236
47.6194276
47.28941292
46.93160862
46.53866104
46.16510538
45.77795597
45.37974309
44.95431395
44.53457741
44.12922826
43.66849427
43.18286384
49.65236748
