47.93388693
47.92946621
47.91281702
47.90435615
47.89731014
47.8888691
47.88044353
47.86514899
47.84566398
47.8082931
47.75321201
47.68996493
47.64312745
47.62102092
47.59755911
47.5562281
47.51629902
47.50122979
47.48761898
47.46028375
47.42592788
47.40800301
47.39272822
47.35404078
47.32088332
47.29186071
47.26833517
47.2282888
47.1827341
47.13997093
47.11242333
47.08774178
47.04794249
47.02356176
47.00086917
46.97030855
46.92781506
46.89493272
46.87819671
46.86105441
46.85188087
46.82880626
46.82811884
46.82322237
46.81396071
46.81274245
46.80728917
46.80183598
46.76366619
46.72733008
46.70563559
46.66846321
46.64358637
46.59901929
46.56847673
46.55569193
46.59769972
46.68465972
46.74549869
46.75536263
46.77403561
46.79569181
46.82601744
46.83426938
46.85255896
46.92197247
47.02482971
47.07876575
47.07195501
47.05103177
47.0420992
47.02334271
47.00725819
46.99338708
46.98207173
46.97867948
46.97549669
46.97095239
46.96656396
46.95753323
46.94819673
46.93939338
46.93204829
46.90093631
46.87154797
46.83939337
46.79694442
46.75319813
46.71664301
46.66986123
46.63134488
46.60376143
46.58298705
46.57263482
46.55921418
46.54980942
46.54317865
46.53516471
46.51535575
46.49157769
46.45194961
46.38817372
46.33545498
46.29804605
46.23405771
46.19569455
46.16482596
46.14224523
46.13146492
46.13146492
46.13146492
46.13146492
46.12632362
46.12880196
46.11412728
46.10140893
46.07799076
46.05371818
46.01976917
45.99061272
45.95814305
45.93006975
45.89620439
45.87305647
45.85547327
45.83907151
45.8332383
45.81797292
45.78235816
45.74130382
45.71481518
45.6876705
45.64503001
45.59109811
45.52079185
45.45706136
45.3890952
45.32250415
45.23587921
45.17616662
45.13984661
45.13745004
45.14018502
45.12922462
45.10703244
45.07490093
45.05333448
45.02505305
44.99912379
44.96855371
44.91098259
44.83734276
44.78709359
44.7516438
44.7015695
44.65654174
44.6201397
44.58266328
44.5293373
44.50495171
44.47583993
44.45194114
44.43827242
44.42489777
44.43184977
44.48331667
44.53409129
44.54930807
44.54930807
44.54930807
44.5569562
44.5569562
44.5569562
44.5582706
44.55488339
44.54062762
44.52689777
44.48895888
44.45301802
44.40184348
44.33693824
44.25852969
44.17649479
44.08494074
44.00395968
43.9220983
43.8549675
43.8116275
43.79004644
43.80058233
43.80862998
43.8180406
43.82882397
43.84370056
43.85591486
43.88641289
43.98115749
44.18796478
44.39888292
44.61022341
44.77744784
44.91955788
45.02140542
45.09803776
45.16375847
45.24870392
45.35427088
45.47884191
45.60367509
45.74341058
45.86283567
45.96490851
46.0398966
46.08765952
46.10263149
46.12819978
46.09068117
46.01608485
45.94402954
45.91455675
45.91115181
45.86399856
45.79520541
45.72255391
45.64855417
45.56088999
45.46696011
45.37318653
45.31439925
45.27053518
45.22957907
45.22143795
45.23494793
45.25877924
45.27350511
45.27560316
45.30723309
45.33544253
45.36018446
45.42465022
45.55075212
45.74956122
45.8977407
46.08804223
46.23787466
46.36029621
46.45288908
46.43410943
46.43210159
46.43666095
46.44454709
46.42017519
46.40140837
46.39969989
46.40170129
46.39897357
46.39036248
46.38175209
46.37744715
46.37314238
46.36180901
46.34448777
46.32708995
46.28283541
46.22636815
46.15154186
46.06977824
45.97038027
45.88239716
45.79263632
45.71237575
45.6607086
45.64337358
45.65143723
45.6627444
45.67407262
45.67936944
45.68960582
45.69720026
45.69933271
45.69576496
45.6892006
45.68773951
45.6922517
45.70763102
45.71155146
45.71128969
45.72402638
45.70881943
45.68500513
45.66203124
45.62488053
45.59443053
45.56172353
45.51902419
45.47049838
45.43067125
45.39888243
45.36738147
45.3967646
45.47648517
45.55310626
45.58049198
45.60283945
45.62653342
45.63753096
45.64585231
45.64873069
45.6467259
45.6503649
45.64589589
45.63896449
45.64414726
45.67428322
45.69506098
45.7183353
45.72969747
45.74720919
45.76301813
45.76513263
45.76467333
45.77201343
45.79360878
45.80848982
45.82150418
45.85557842
45.8748992
45.87075141
45.85801793
45.83927941
45.80925492
45.76710164
45.72634592
45.68502157
45.65723368
45.63265494
45.62882909
45.63713604
45.64216625
45.63195233
45.60728031
45.57412482
45.53676645
45.49341685
45.45204177
45.43273057
45.41346172
45.40218804
45.39492164
45.38828094
45.3776996
45.36741282
45.34957729
45.34609199
45.33964033
45.34332277
45.34494179
45.3509212
45.35268499
45.35155976
45.3512816
45.3338334
45.31888891
45.29251457
45.26190446
45.24908593
45.21020549
45.18010065
45.15005685
45.10826733
45.08399226
45.07941031
45.08493912
45.07675648
45.07698274
45.08225446
45.07228087
45.05881696
45.05399896
45.05634738
45.06465527
45.07400281
45.08978017
45.10104515
45.10150241
45.10747947
45.12128511
45.14603068
45.18402547
45.30911371
45.46428887
45.60222505
45.69821053
45.74694979
45.7709358
45.7802251
45.79184483
45.79726623
45.79959286
45.80191985
45.83524581
45.87554816
45.9414222
46.0305981
46.13324891
46.24187042
46.34901697
46.47496782
46.6383416
46.80466898
46.96876311
47.11625478
47.22856808
47.35589772
47.47399974
47.58767572
47.68674236
47.76328172
47.80401395
47.83824416
47.84683179
47.85058022
47.85058022
47.8580777
47.87307522
47.8851449
47.89493921
47.9024458
47.90995323
47.92121596
47.9385375
47.96194004
47.98769625
48.0111707
48.03610323
48.04832576
48.06575486
48.0692481
48.07294633
48.07287486
48.07017959
48.07517464
48.07877853
48.07601986
48.08598084
48.10098627
48.12238621
48.16047062
48.21266388
48.24066868
48.25221551
48.26516027
48.27294725
48.2896641
48.28199667
48.27948212
48.27701977
48.27971547
48.27988415
48.28267692
48.27791167
48.27601727
48.24760721
48.23097396
48.23521685
48.22950781
48.22786103
48.23351641
48.24107885
48.26325901
48.28364381
48.30517426
48.3228374
48.33292982
48.34430442
48.34934053
48.35692781
48.37336419
48.38982182
48.40642644
48.40686488
48.40267536
48.40386334
48.40303511
48.40674545
48.40860649
48.41633266
48.41945165
48.42318163
48.43774166
48.44151081
48.44572073
48.45373837
48.45347502
48.45462926
48.45729279
48.46332545
48.47165723
48.48855705
48.51054116
48.53182961
48.55118557
48.57176492
48.5883954
48.60220071
48.62591455
48.655671
48.66744015
48.69959773
48.72515242
48.75469096
48.77856004
48.81221527
48.82860621
48.857637
48.86758874
48.88649044
48.91339307
48.93199539
48.94725518
48.96099538
48.98408371
48.99811461
49.0291954
49.07424058
49.12897663
49.18322431
49.23364573
49.27922543
49.32844447
49.3700762
49.39612224
49.42450575
49.4417446
49.47737723
49.48537406
49.49167162
49.4954078
49.49616208
49.50608969
49.5278698
49.58232235
49.6533737
49.724138
49.79214652
49.87742026
49.97749332
50.06643602
50.14399431
50.21533483
50.2856556
50.33614979
50.38372442
50.4422252
50.50041479
50.56568596
50.61082228
50.64953176
50.68525853
50.73001542
50.795999
50.86041684
50.92894315
50.99540547
51.08045169
51.16002285
51.23210595
51.28433933
51.31250337
51.33291476
51.33291476
51.33291476
51.33291476
51.3370228
51.3370228
51.35345655
51.3615644
51.37364595
51.39808034
51.43073262
51.47182378
51.51737648
51.58616573
51.65258184
51.71469418
51.77945466
51.83473309
51.89333066
51.93753894
51.97096753
51.99246348
52.00894665
52.02078233
52.02459691
52.02792353
52.03640021
52.03689937
52.04987105
52.0633612
52.07315172
52.09147398
52.11040094
52.13850153
52.16765813
52.2141213
52.24870636
52.28629746
52.29607254
52.31182617
52.30625608
52.30307771
52.30041089
52.29776781
52.30250397
52.30682012
52.31976941
52.32967964
52.34824579
52.36338755
52.38722264
52.40381375
52.4286984
52.44933074
52.4734196
52.48018287
52.49854057
52.50565891
52.51794314
52.5420001
52.5626027
52.59909887
52.63886138
52.69108059
52.75032688
52.80950508
52.87842829
52.93881991
53.00959739
53.06510765
53.1217933
53.17224432
53.23152268
53.29070301
53.34302428
53.39653573
53.42195874
53.44505153
53.46263323
53.48743728
53.50091808
53.51889411
53.52490711
53.53541722
53.53693851
53.54745321
53.56399379
53.58207346
53.59270221
53.60600546
53.61157823
53.62466433
53.65891047
53.72581196
53.80951723
53.89435793
53.9787571
54.04320385
54.10335223
54.14684304
54.17646156
54.17396808
54.17107705
54.17469817
54.18194093
54.17689341
54.17620817
54.18278371
54.18286478
54.18675284
54.18414214
54.18517389
54.17820332
54.19886038
54.23299682
54.25616082
54.27174515
54.31051404
54.35535957
54.39062553
54.4023013
54.41709619
54.45336011
54.46235692
54.44661516
54.43278889
54.42720443
54.42444193
54.42167969
54.42253861
54.41787634
54.4168403
54.41580953
54.4137638
54.42162065
54.43494595
54.43746664
54.42638231
54.41640005
54.43775427
54.45818946
54.4639346
54.46514758
54.47910669
54.50056983
54.52031912
54.53645249
54.54684431
54.54992399
54.57688127
54.61313088
54.64670981
54.6851571
54.7339192
54.77740517
54.83629668
54.87134813
54.90776692
54.97483118
55.07121477
55.17105566
55.22030395
55.26533785
55.28864209
55.29796441
55.29796441
55.31194856
55.34924354
55.40985998
55.4503867
55.50937412
55.58355608
55.64955279
55.71707504
55.78835628
55.85031264
55.91438579
55.97590989
56.04332931
56.10589213
56.15866353
56.21618579
56.2630106
56.29889822
56.31094978
56.32816948
56.35053312
56.37923545
56.39347133
56.42066106
56.42649835
56.43017927
56.43860226
56.46341525
56.49238243
56.51894694
56.53784474
56.56961339
56.61560233
56.663053
56.72044857
56.77121361
56.81028708
56.84267662
56.87077185
56.90030063
56.91695591
56.93683395
56.93409221
56.95027013
56.95823677
56.96757888
56.97933672
56.9866061
57.00588613
57.02518463
57.0278003
57.0400827
57.06930699
57.11376503
57.15188999
57.19024618
57.23536676
57.28011687
57.33073143
57.37470017
57.42439969
57.46941323
57.5087782
57.53661715
57.55437713
57.57134614
57.59060534
57.60327284
57.62365186
57.64686025
57.6767968
57.70136221
57.71001293
57.72153009
57.73469724
57.73105676
57.73573587
57.73667418
57.74436273
57.75399841
57.75966483
57.77245839
57.78766984
57.81780348
57.84839872
57.87700952
57.91692075
57.94725068
57.98689909
58.02294471
58.05401237
58.05462197
58.06659647
58.07990461
58.09420491
58.11606837
58.1359076
58.14953599
58.1469535
58.15370954
58.17216247
58.18980476
58.17343565
58.11587634
58.04443413
57.97535562
57.87785377
57.73779199
57.61604939
57.52789807
57.45947326
57.39461521
57.32506714
57.27116785
57.24923389
57.23174989
57.19732757
57.18702387
57.18187208
57.18187208
57.18187208
57.18187208
57.17604402
57.17149
57.16500682
57.15338054
57.13789522
57.11856493
57.08577079
57.05114023
57.0113143
56.94662225
56.86443118
56.79965454
56.74523037
56.69592169
56.6648142
56.63981044
56.6133782
56.60462502
56.61072479
56.61932187
56.62454601
56.62269589
56.62792028
56.64696951
56.65494237
56.65402981
56.65838456
56.66774342
56.6821679
56.70195569
56.71501537
56.7142389
56.69411683
56.69844571
56.71701391
56.73048171
56.7211249
56.69958173
56.68691793
56.66912753
56.64444125
56.6110661
56.57780467
56.54646234
56.52585255
56.50205449
56.45270379
56.38819002
56.3382228
56.31148309
56.30073852
56.30355969
56.28067477
56.24525525
56.20997896
56.17985648
56.15316977
56.12490698
56.09343141
56.05878086
56.02099728
55.99169116
55.96399167
55.93638839
55.90131312
55.86630149
55.84055825
55.8161151
55.80056916
55.77665692
55.74964835
55.73117375
55.70464165
55.6763717
55.65164703
55.62826736
55.59642953
55.57166682
55.54699231
55.51933918
55.48416793
55.44372829
55.39592115
55.36179271
55.32343616
55.27079071
55.21468601
55.16600922
55.12622539
55.09339648
55.05509757
55.03868425
55.02227124
55.01085624
55.00491792
54.997503
54.99009699
54.97974354
54.97088308
54.95213827
54.92793941
54.89789831
54.87449652
54.8453737
54.80396541
54.75864415
54.68308638
54.60764436
54.55110948
54.49256618
54.42577741
54.35908878
54.30626769
54.26741491
54.24388933
54.22597199
54.1845866
54.12658619
54.07051508
54.02905633
53.98069163
53.93510815
53.90200516
53.86897936
53.82219816
53.78090297
53.73398092
53.65508115
53.55403262
53.45989406
53.38237678
53.32925946
53.29604426
53.29050853
53.29050853
53.29412888
53.28305843
53.26645308
53.2277087
53.15576024
53.08192301
52.99704248
52.91959787
52.87712756
52.86232244
52.85126432
52.83467746
52.8070336
52.79044782
52.76833407
52.70199716
52.61355815
52.52513096
52.41644603
52.32251305
52.24516696
52.14383096
52.02398669
51.91155534
51.83420762
51.7531276
51.66577887
51.55860232
51.46407789
51.35448249
51.25093722
51.18984372
51.17878243
51.15612768
51.10706367
51.04206041
50.97856848
50.91064373
50.83350303
50.77340769
50.72231484
50.63427425
50.48637958
50.250327
50.01651059
49.80900648
49.59280019
49.31707852
48.97194097
48.62441435
48.25000793
47.75358042
47.27083799
46.88742074
46.5387214
46.12828326
45.60789254
45.01173763
44.4053392
43.75120836
43.05444493
42.31123084
41.52936678
40.71302291
39.9203691
39.13208227
38.37166885
37.65513229
36.99639583
36.40568298
35.85042473
35.36646
34.98183149
34.68123106
34.41574268
34.2777385
34.26134593
34.25142499
34.27513806
34.33597137
34.5684122
34.8516558
35.14098428
35.41063678
35.76628894
36.12010078
36.46605198
36.81252541
37.15071933
37.41303165
37.57127709
37.7074937
37.80028466
37.87566492
37.92292131
37.94912325
37.96900107
38.05541939
38.18138005
38.30306529
38.43795558
38.61464377
38.77955912
38.93005069
39.07619372
39.23498518
39.38088517
39.54470806
39.69847995
39.82215509
39.92731313
40.01137659
40.10071908
40.17054524
40.25080791
40.31371872
40.39399811
40.50922937
40.62650264
40.72016132
40.8004922
40.89911296
41.01753982
41.13176699
41.24181385
41.3690708
41.47909753
41.55787537
41.59622589
41.60196885
41.61850112
41.59580177
41.57502367
41.55386983
41.52661454
41.52937137
41.55474129
41.63791424
41.70681054
41.74921371
41.77018618
41.80406269
41.82311171
41.85053618
41.88171813
41.91523881
41.96130792
42.0222254
42.10030058
42.19345174
42.31545135
42.41369738
42.51855707
42.66119506
42.81302995
42.93121663
43.03305361
43.13623798
43.22402839
43.29926387
43.3578028
43.40844752
43.42934456
43.47156712
43.54898551
43.62867013
43.72818643
43.84518609
43.96761577
44.07377465
44.20802932
44.34864176
44.49983961
44.67778748
44.86105353
45.05489248
45.21735941
45.34234228
45.42367946
45.5347159
45.6383689
45.73083572
45.81744709
45.90239564
45.99465715
46.0815179
46.16840404
46.25531536
46.33547071
46.42379656
46.50396122
46.58681232
46.66826507
46.72932807
46.79172026
46.83240233
46.86765764
46.93001859
47.01132382
47.08719102
47.16029773
47.24956616
47.32799359
47.4019302
47.47774981
47.56237892
47.65580708
47.7451303
47.81997292
47.89289263
47.95720492
48.0193702
48.06746003
48.11028387
48.15141958
48.19257287
48.21079995
48.19908846
48.19038566
48.18177092
48.17979279
48.18808128
48.17823715
48.18141165
48.18358071
48.17777209
48.17267166
48.1714476
48.17041893
48.16942419
48.17270552
48.17182568
48.17095047
48.16423295
48.16585976
48.16664388
48.16828798
48.16250739
48.16443183
48.16580783
48.15232863
48.15394668
48.15123721
48.14991045
48.14991045
48.14991045
48.14991045
48.14991045
48.14991045
48.14667547
48.15087081
48.14558725
48.14558725
48.14869678
48.14221104
48.13821782
48.12675036
48.1180306
48.09254165
48.05909178
48.05476442
48.03992486
48.02666539
48.00396841
47.97715933
47.95360372
47.95178714
47.9609497
47.93518655
47.87613863
47.81732327
47.75336109
47.68097255
47.59387531
47.49398354
47.38887384
47.28099114
47.18279957
47.12486488
47.04534357
46.99818706
46.97180281
46.94996838
46.9525521
46.98302229
47.01350061
47.04557547
47.06776522
47.09431434
47.14233432
47.21150113
47.26589514
47.29086148
47.3110464
47.3216863
47.36923183
47.46711449
47.57476772
47.60189523
47.58288893
47.56082272
47.49925294
47.44052995
47.3885548
47.34186543
47.3079687
47.30297476
47.30968956
47.32301429
47.33301198
47.33301198
47.338011
47.36142238
47.39325662
47.40193184
47.3892953
47.37353746
47.36536699
47.36351314
47.36213119
47.36188605
47.35098028
47.33854191
47.32923087
47.32148338
47.31838734
47.31337638
47.29178557
47.27866898
47.27365839
47.27365839
47.25206926
47.23703919
47.22201021
47.18428065
47.1615109
47.15532518
47.14605936
47.12331327
47.08901005
47.08394031
47.07931433
47.07011693
47.05940609
47.0336697
47.00490269
46.98467943
46.97406011
46.95184978
46.89257314
46.80518711
46.73923754
46.67403804
46.59883384
46.5286685
46.46353691
46.39842653
46.32137092
46.2413017
46.16279616
46.11046307
46.09739721
46.11746697
46.11174855
46.07990596
46.02500396
45.97606799
45.92531094
45.88115939
45.82344317
45.75797706
45.69550368
45.65277707
45.62143038
45.59040502
45.56937341
45.53908944
45.50902712
45.46451215
45.41664196
45.36862207
45.35314852
45.35441225
45.35919267
45.37831585
45.40060161
45.41140816
45.42393122
45.46836609
45.55918453
45.70584627
45.88299309
46.0441445
46.19100325
46.31077534
46.37638913
46.41024308
46.44907317
46.462078
46.48135406
46.50529963
46.54852933
46.58384778
46.588681
46.588681
46.58384778
46.58384778
46.58862178
46.58856375
46.58850692
46.57873651
46.55931935
46.54466038
46.53658583
46.53176144
46.53337766
46.52210453
46.5076791
46.49328889
46.4707785
46.45142081
46.42732918
46.41292102
46.43708538
46.53989074
46.65410434
46.72198134
46.79144906
46.87857628
46.9463114
47.0138629
47.07980872
47.16512429
47.24586127
47.333083
47.42034733
47.47695757
47.52556493
47.56618134
47.62942269
47.71687173
47.7711187
47.81996205
47.86375248
47.8690444
47.85665691
47.84778784
47.83585237
47.82213007
47.80115768
47.776059
47.75592339
47.72566347
47.68777336
47.61686609
47.54831947
47.49032887
47.43253095
47.3791943
47.34797878
47.32991138
47.3253085
47.31080112
47.27787639
47.23644865
47.21203782
47.20004347
47.19266187
47.17747966
47.15908836
47.12231294
47.08133151
47.02278661
46.97390165
46.91719554
46.85285235
46.78064668
46.707443
46.59515615
46.49617596
46.42804279
46.41442042
46.39920336
46.39413126
46.39413126
46.38398741
46.37891567
46.38218151
46.39035355
46.39331262
46.3910347
46.38415146
46.37710675
46.36630944
46.36198866
46.35221937
46.34199167
46.33461539
46.32892325
46.31249652
46.28702172
46.27344452
46.2728423
46.26602071
46.25072022
46.23603057
46.2191962
46.18959012
46.14495945
46.11410491
46.08257622
46.05778876
46.04304946
46.03831682
46.02736197
46.0316343
46.02246181
46.00609984
45.97632594
45.96887097
45.96056593
45.9443329
45.93623961
45.92461232
45.92193253
45.92193253
45.91746463
45.9129969
45.9129969
45.90852934
45.90406195
45.90406195
45.90406195
45.90406195
45.90406195
45.89959472
45.88619405
45.88351774
45.86477154
45.84157038
45.81637755
45.79368155
45.75613629
45.71436232
45.67151228
45.63345309
45.60074257
45.57997417
45.56665734
45.56221874
45.56221874
45.56221874
45.55334207
45.54002835
45.53296873
45.5126017
45.47893642
45.44006099
45.40564628
45.38897244
45.36605598
45.34757757
45.32285235
45.29813573
45.2859405
45.29069265
45.29394747
45.29464938
45.29173373
45.28515635
45.28814438
45.29184898
45.29114044
45.29299434
45.29670338
45.30412639
45.31341442
45.32271273
45.33202131
45.33879494
45.34304486
45.33200355
45.32214029
45.32823177
45.33880872
45.33877268
45.3287096
45.30555795
45.27861549
45.24347924
45.21599634
45.1904561
45.16139398
45.11246005
45.07569743
45.05350484
45.02194421
44.99174363
44.98580897
44.98580897
44.98144491
44.98144491
44.98533421
44.98875476
44.97973077
44.98226837
44.97526732
44.97395437
44.96677286
44.98309696
45.0170372
45.1155495
45.23037121
45.32093306
45.37930672
45.41784064
45.47363025
45.5449565
45.6024457
45.62520778
45.65658106
45.69841868
45.71692697
45.73306452
45.74689416
45.75130825
45.74827545
45.72935692
45.70116197
45.65519754
45.60476005
45.5590266
45.53267468
45.5260481
45.53697436
45.57784659
45.64442538
45.67937741
45.68468462
45.68468462
45.69730471
45.70992649
45.72254998
45.72254998
45.72675818
45.73938393
45.7562209
45.7888192
45.83937365
45.89869445
45.982025
46.08855578
46.22049342
46.3543698
46.47039546
46.62231983
46.75957515
46.84935769
46.88745267
46.90936971
46.93432741
46.95401644
46.95179179
46.94651774
46.92653163
46.87600641
46.80437881
46.71384357
46.64110687
46.52633868
46.42830478
46.32813948
46.24908953
46.1711144
46.07625637
45.94025056
45.80143223
45.66127638
45.52967435
45.41918469
45.34555349
45.30874657
45.31007769
45.3081035
45.30087246
45.30087246
45.30087246
45.3127497
45.31177893
45.32034848
45.32034848
45.32034848
45.32034848
45.32034848
45.32232174
45.32232174
45.3275755
45.33152281
45.33547168
45.34337432
45.35657715
45.36825542
45.39104603
45.42084144
45.43452984
45.47083916
45.52931149
45.62302107
45.72216609
45.78717864
45.85989056
45.96409891
46.05997979
46.13603339
46.19648093
46.24230736
46.27872174
46.30473548
46.36318491
46.45082656
46.55603935
46.64244835
46.71528846
46.7829454
46.88292474
46.98392101
47.08385873
47.14943639
47.19418407
47.22525324
47.23948713
47.26597041
47.26432257
47.25541427
47.2614436
47.25918335
47.26012727
47.26761111
47.30915572
47.33844272
47.34192017
47.34192017
47.33365886
47.32126828
47.29865111
47.28233099
47.26818285
47.27683651
47.28333057
47.28684265
47.29768171
47.30989421
47.32945544
47.34469003
47.37162776
47.39564108
47.4325704
47.47718662
47.52559651
47.56544842
47.59977121
47.63255228
47.67549109
47.72272876
47.7407649
47.7379234
47.7379234
47.7379234
47.7379234
47.74018007
47.74018007
47.75287355
47.76190514
47.77094235
47.78224674
47.79582357
47.81621243
47.84344159
47.86108601
47.86965819
47.88740754
47.90516748
47.91837283
47.93435704
47.95035824
47.95344547
47.95378975
47.95647871
47.95922177
47.96157263
47.96863101
47.98548692
47.99196692
47.99862025
48.00137383
48.00098655
48.00674575
48.02796752
48.04479869
48.0545504
48.06163617
48.08084402
48.11055873
48.12476088
48.14134539
48.15557384
48.16438137
48.18227026
48.21858725
48.25489598
48.27040096
48.27778571
48.2972954
48.31179356
48.32365559
48.33552598
48.34502835
48.35621209
48.36572309
48.37048059
48.38024705
48.40191804
48.42813617
48.46634355
48.51402265
48.57115273
48.63574377
48.70070139
48.79093155
48.87924596
48.9432706
48.96307846
48.96473395
48.96231073
48.96231073
48.96231073
48.96479399
48.96479399
48.96479399
48.97682061
48.9870063
48.99812184
49.00523059
49.01325686
49.02037167
49.02840058
49.04847604
49.06765198
49.07790255
49.08906235
49.09933504
49.10559753
49.1167806
49.13199536
49.13425806
49.14143357
49.14458453
49.14861324
49.14861324
49.15264213
49.14773793
49.14778492
49.15036365
49.15059703
49.14845542
49.15383386
49.15450113
49.15540342
49.15157468
49.15262088
49.15360836
49.15449523
49.15563623
49.15347414
49.14712848
49.14510773
49.13369988
49.13195871
49.12943631
49.13115745
49.13142651
49.13906482
49.14634848
49.1568906
49.1755243
49.20003842
49.23742008
49.27999776
49.3371472
49.3889543
49.44910503
49.49724703
49.53740724
49.57495386
49.60162195
49.61540502
49.62359446
49.62768945
49.62768945
49.62768945
49.62295216
49.618215
49.59453111
49.55254258
49.53833563
49.52886497
49.50045605
49.44365203
49.35497847
49.23385784
49.13668904
49.01295917
48.83421005
48.65181419
48.49091629
48.34468226
48.27548818
48.23984215
48.23563611
48.23563611
48.23563611
48.23563611
48.23563611
48.23825118
48.23825118
48.24348226
48.24871461
48.24923103
48.25026195
48.25340165
48.26178745
48.26391594
48.27604811
48.29971688
48.32077707
48.33394983
48.34449367
48.34869089
48.34869089
48.34926163
48.34777131
48.34364728
48.34892737
48.34803615
48.35364474
48.35178497
48.35382423
48.3406169
48.33525629
48.32754916
48.32911147
48.32142191
48.32454971
48.32576684
48.33085246
48.33925431
48.33925431
48.33925431
48.33925431
48.33925431
48.33925431
48.35185842
48.35606014
48.3728688
48.40229075
48.44854269
48.50704396
48.55678657
48.60658558
48.66561453
48.71165552
48.74470807
48.76054462
48.78071877
48.8030855
48.82942133
48.84125314
48.84670686
48.86063466
48.87540594
48.89592858
48.90920306
48.9355364
48.94467588
48.96329568
48.96943216
48.97123335
48.97871652
48.97922387
48.98110667
48.98127032
49.00517204
49.02721015
49.05134356
49.0790803
49.11724073
49.15969105
49.20217002
49.23874739
49.2682954
49.288991
49.30493521
49.31650179
49.32677541
49.34301277
49.3635774
49.38115561
49.41470696
49.42954082
49.4559567
49.48517089
49.51137723
49.53163536
49.56915671
49.5852177
49.60147834
49.61636766
49.62551484
49.62327002
49.61978976
49.61504753
49.61183767
49.61880833
49.61148629
49.61714857
49.61999112
49.63132557
49.62386832
49.62780836
49.63173694
49.64874126
49.6746278
49.7123298
49.74761528
49.76164955
49.79083276
49.83516516
49.90228144
49.96464026
50.03377773
50.12641219
50.19006607
50.26087732
50.31519575
50.35934501
50.3789348
50.39229446
50.39229446
50.39229446
50.39229446
50.39229446
50.39229446
50.39674797
50.3983256
50.40277965
50.43396191
50.48456267
50.55016096
50.59826295
50.65056228
50.70386359
50.74757463
50.80356212
50.85874918
50.91354047
50.94637973
50.97073826
50.99015825
51.01458818
51.04257741
51.07910055
51.11514037
51.16188089
51.20695973
51.24922893
51.31238341
51.35691972
51.39814777
51.43770096
51.47782432
51.51065676
51.54856901
51.60460102
51.6454219
51.68338771
51.73441237
51.79001488
51.8147936
51.84197123
51.86684456
51.88660467
51.91015595
51.92738508
51.94248739
51.94151554
51.93875247
51.93875247
51.93875247
51.90749046
51.88015937
51.86194111
51.84274342
51.81827394
51.80168165
51.77957366
51.75376632
51.7032043
51.64663997
51.58536064
51.52786844
51.48291612
51.39899364
51.29352138
51.24246782
51.24214653
51.22043197
51.21500612
51.21500612
51.21500612
51.21500612
51.21500612
51.22886027
51.23538571
51.24924245
51.28157916
51.33702752
51.37859759
51.44008722
51.52871869
51.63061129
51.72935164
51.81108276
51.89219366
51.98189014
52.0682013
52.13480928
52.18983785
52.24108986
52.29565297
52.34436692
52.37336316
52.4142361
52.44604097
52.47635146
52.49475134
52.50779873
52.52755461
52.53640796
52.55525874
52.56675906
52.57354811
52.57977998
52.59281797
52.60587301
52.62103578
52.64357198
52.66916948
52.68767666
52.72280443
52.75991562
52.79933857
52.82623487
52.86090033
52.88626847
52.90487312
52.92434494
52.93354951
52.94147094
52.94765685
52.91271333
52.81420934
52.69549494
52.55896034
52.42778846
52.31420071
52.22283828
52.12000906
52.01511196
51.91197234
51.82944316
51.77956809
51.77100583
51.77100583
51.77587126
51.79428891
51.83493938
51.88054563
51.90629844
51.91602567
51.93061726
51.96466779
51.9949154
52.0192456
52.04844508
52.10198667
52.17741848
52.23815848
52.29892476
52.3426737
52.39630474
52.43785484
52.45510611
52.47984584
52.51205449
52.53219017
52.54631283
52.56439159
52.5786555
52.59283617
52.59814657
52.61794107
52.63029888
52.63282842
52.63282842
52.64005908
52.66225845
52.69683529
52.72409022
52.74171314
52.78146824
52.84077292
52.88160887
52.93609969
53.00281183
53.0670478
53.13638176
53.2096408
53.27677158
53.34422246
53.41698283
53.46275439
53.48182974
53.49569959
53.50697405
53.53420405
53.54290298
53.5517213
53.56324885
53.5797028
53.60884247
53.63130267
53.65299527
53.67753782
53.69216374
53.71500083
53.72745445
53.74812426
53.76793674
53.7800436
53.77441396
53.76157164
53.74652546
53.74374917
53.74043461
53.72634026
53.71670056
53.70783619
53.69676245
53.66947339
53.61699483
53.53499303
53.46872058
53.43590844
53.40058639
53.36147226
53.32797814
53.29750058
53.2317476
53.14885654
53.06889989
52.98051791
52.8750505
52.77030421
52.72367821
52.73407205
52.72654553
52.7223495
52.7223495
52.7223495
52.7223495
52.7274471
52.73254478
52.75503279
52.77451922
52.81649099
52.8368814
52.84707706
52.85727303
52.89669301
52.94866722
52.99618531
53.03678599
53.07185037
53.14193357
53.20267114
53.24951267
53.27829085
53.30981406
53.33901276
53.37470126
53.39704436
53.41528776
53.44476257
53.46609906
53.4977554
53.50911777
53.52028189
53.52399944
53.53902121
53.52915949
53.51822193
53.50819158
53.50418168
53.50418168
53.50217722
53.50217722
53.50217722
53.50217722
53.49816925
53.49385243
53.50094016
53.51890457
53.52979679
53.53649981
53.55161385
53.56634092
53.58613208
53.60490577
53.60449641
53.61038547
53.6204732
53.62288654
53.61679942
53.60910452
53.61042281
53.60657906
53.59889549
53.60996332
53.62813168
53.621814
53.61168928
53.59014971
53.58696787
53.58674348
53.58818419
53.57395459
53.51742268
53.45050963
53.40618998
53.37192866
53.31946251
53.24572517
53.1758511
53.11891017
53.07820293
53.04296564
53.01308868
53.01133089
53.01133089
53.00606189
53.00606189
53.00606189
53.00606189
53.00979406
53.00803655
53.0010105
52.96412428
52.96526945
52.95349926
52.92204846
52.87490557
52.83495628
52.78997265
52.74703013
52.69731088
52.63383356
52.59742852
52.58265544
52.57067078
52.53047137
52.507572
52.49695838
52.49695838
52.49695838
52.49695838
52.48634502
52.46344577
52.44222006
52.44222006
52.41568934
52.34866877
52.308345
52.28031651
52.24831654
52.21507887
52.17821437
52.15363742
52.1114659
52.06379794
52.04815062
52.0303636
51.98631134
51.94803428
51.93602518
51.93602518
51.918422
51.89216009
51.87671291
51.86461672
51.83276412
51.74783577
51.64024512
51.543311
51.45845846
51.36322073
51.27907552
51.24100859
51.20360839
51.11739357
51.02720898
50.99871572
50.97335138
50.93097231
50.89665607
50.88246235
50.86467427
50.82675686
50.76320131
50.67318298
50.58318679
50.51967351
50.46675433
50.43590724
50.42928176
50.42928176
50.41608152
50.39096339
50.38038232
50.38038232
50.37642481
50.37642481
50.37642481
50.37418536
50.36627146
50.36627146
50.37246747
50.38434
50.37918983
50.37761959
50.37434439
50.37862265
50.37725392
50.36472325
50.35513627
50.3621431
50.37991063
50.38024284
50.37510956
50.3501982
50.32867816
50.31216848
50.30063459
50.28747612
50.28323336
50.27831148
50.26847815
50.26193031
50.25865872
50.25333337
50.22712559
50.22782987
50.22782987
50.22456215
50.21028848
50.21426541
50.2126331
50.16677377
50.12235561
50.13105168
50.11775556
50.11722517
50.0911152
50.03789365
49.95672718
49.83020495
49.6835658
49.46867527
49.23409881
49.01458223
48.72529564
48.37449417
48.07009596
47.85415254
47.68037987
47.45201922
47.20592388
46.96259814
46.72568106
46.45212268
46.14433262
45.7937089
45.44262208
45.09256657
44.713059
44.33135878
43.99543568
43.64861972
43.22156619
42.73990617
42.24746462
41.78255589
41.34254829
41.05295689
40.8918681
40.80358522
40.77374272
40.7221857
40.67994923
40.67252086
40.67980992
40.76693086
40.90467241
40.9981766
41.06604372
41.08579683
41.08721308
41.06756463
41.00736506
40.98335212
40.95856794
40.91638624
40.86393514
40.82155706
40.86656877
40.91119983
40.92922336
40.97319615
41.05510257
41.14950346
41.263768
41.38806585
41.51753241
41.66509903
41.80251991
41.92891821
42.08073481
42.25504614
42.46179912
42.61376648
42.71145832
42.81748605
42.96972042
43.09712992
43.19291514
43.33409501
43.45835607
43.57330588
43.69230204
43.8278551
43.97097606
44.11303292
44.25518218
44.37551016
44.43345995
44.46507526
44.5019654
44.55694136
44.60560383
44.62061538
44.6430572
44.66022786
44.66022786
44.664521
44.664521
44.67108341
44.73606575
44.81260212
44.85220706
44.90995652
45.01554027
45.08913654
45.11921862
45.12351681
45.1625988
45.24838401
45.33989816
45.41478126
45.52284656
45.65557985
45.78301645
45.89208434
46.0274903
46.19175679
46.35889428
46.51575037
46.65979523
46.78236213
46.91461359
47.03864916
47.18235338
47.31579574
47.43096792
47.51668538
47.58829644
47.67167037
47.75353403
47.83542606
47.89686361
47.91534519
47.91134409
47.91301033
47.91383225
47.91248171
47.91535981
47.92377773
47.93117923
47.93837643
47.94102814
47.95022772
47.95620603
47.96227395
47.97232894
47.9738378
47.98209753
47.98721161
48.00469706
48.02644279
48.04483435
48.05219573
48.07417126
48.10751812
48.12118325
48.12722453
48.15747237
48.18197373
48.1836831
48.19823891
48.23139171
48.26458646
48.27336517
48.31973018
48.39802138
48.43537961
48.41329374
48.3890892
48.37407249
48.35451368
48.3388371
48.33127087
48.33249061
48.32493428
48.31738405
48.31172539
48.294936
48.25134498
48.22198439
48.21198965
48.21198965
48.20257499
48.18811864
48.18486955
48.17426305
48.16808424
48.15946772
48.1578109
48.1532696
48.12962596
48.11482778
48.08888572
48.05728764
48.01370181
47.97918498
47.96939399
47.93678966
47.90170764
47.90170764
47.89666956
47.88659375
47.8714809
47.81738431
47.75553533
47.66030286
47.52005879
47.39572961
47.30676268
47.20310383
47.13456866
47.08756311
47.08254491
47.06475329
47.02860121
47.00463688
46.98956712
46.9800945
46.95340027
46.92110321
46.9071774
46.8920915
46.86192304
46.83061829
46.79821188
46.77534246
46.74751123
46.7118628
46.68070906
46.66092528
46.64985497
46.63801698
46.62170039
46.59037341
46.53031731
46.45527298
46.38212396
46.31713626
46.2671606
46.25716702
46.25264653
46.24812621
46.23313414
46.24170392
46.30643429
46.42913438
46.48509437
46.50317341
46.54386066
46.58908398
46.60265411
46.63432333
46.69724964
46.75357978
46.76268193
46.77081676
46.79783979
46.77458067
46.74369637
46.72302322
46.70237671
46.69255606
46.67291635
46.62873478
46.58456401
46.57871427
46.57380895
46.57380895
46.57380895
46.57380895
46.56890377
46.55418902
46.52476314
46.47573078
46.42612549
46.38033112
46.32940983
46.24575299
46.16609188
46.10523173
46.07344724
46.02304531
45.97235137
45.92712583
45.87783939
45.85769253
45.85248035
45.85235721
45.85235721
45.84752409
45.83785828
45.8330256
45.80627407
45.76490023
45.71657699
45.68275937
45.65860831
45.63929008
45.60265298
45.54954824
45.48871018
45.44206782
45.4168146
45.41098655
45.40997925
45.40997925
45.41188503
45.41760479
45.42239592
45.42245027
45.42343936
45.43017874
45.4302711
45.42929322
45.43215887
45.43124484
45.4322181
45.41974521
45.40055916
45.38039477
45.3515588
45.32753295
45.31787537
45.30826788
45.2890547
45.2553599
45.22632428
45.19739904
45.15917833
45.09840887
45.03063908
44.97016377
44.91488474
44.85496488
44.80925797
44.76748187
44.76799371
44.77483425
44.77483425
44.77483425
44.77875002
44.78559121
44.79225905
44.80009731
44.81186692
44.82091043
44.82039285
44.82159794
44.82553997
44.82553997
44.82553997
44.83145605
44.8413243
44.84922619
44.86201028
44.91776219
45.0179564
45.11064505
45.23311696
45.38435758
45.58693849
45.76818828
45.9349119
46.08706474
46.19341527
46.24770926
46.29278156
46.32019116
46.33196004
46.34081701
46.35457244
46.36741323
46.39877829
46.44421409
46.51479795
46.58894849
46.67523042
46.7580821
46.83229552
46.88146383
46.93140462
46.9540211
46.96474628
46.97047479
46.97540359
46.96665815
46.95734656
46.9488356
46.93501595
46.9120711
46.89506725
46.90178662
46.88129546
46.86439715
46.85805362
46.83620019
46.81374865
46.7885586
46.77169084
46.75483567
46.73598163
46.7074451
46.69306579
46.67115624
46.64736091
46.62261567
46.59934962
46.60449146
46.60449146
46.59082452
46.54527846
46.49126367
46.44314142
46.40595211
46.35002317
46.29141606
46.23738458
46.20113903
46.16037536
46.11057122
46.06983724
46.03816453
45.99587934
45.94984509
45.90873103
45.86762083
45.84460321
45.82651452
45.80842851
45.76239507
45.71183889
45.66664687
45.64405719
45.6256316
45.60635121
45.6027885
45.59846849
45.59792857
45.60237529
45.60643443
45.61831018
45.62316981
45.62666313
45.63227467
45.63930414
45.65271925
45.67468608
45.70660101
45.74073846
45.8156221
45.94678623
46.10392507
46.23230536
46.3165928
46.34344334
46.34344334
46.34833712
46.34833712
46.34833712
46.35770586
46.38897609
46.40812953
46.41302317
46.41749497
46.42685985
46.43758165
46.43688026
46.44714297
46.45143261
46.44389441
46.44146505
46.44533355
46.46174601
46.46719865
46.46116448
46.45784635
46.45003706
46.43378394
46.41983403
46.41264835
46.41216747
46.41171786
46.40905627
46.40681939
46.41124968
46.3907588
46.36139423
46.34365951
46.32339293
46.29572756
46.27159944
46.24957761
46.24079097
46.23636103
46.23636103
46.23193126
46.22750167
46.26662364
46.32532339
46.35957404
46.43106533
46.57105559
46.73043308
46.84171668
46.91304281
46.97689946
47.01874097
47.04319047
47.03563526
47.02363446
46.9945861
46.95695119
46.92351914
46.88529313
46.86632395
46.86243576
46.86289115
46.86517231
46.86973568
46.87886678
46.88274296
46.88630215
46.90201112
46.92725535
46.94533522
46.95797128
46.98939826
47.01481596
47.04722764
47.07481665
47.09992055
47.12978592
47.14515663
47.17287548
47.21393392
47.27970066
47.33969494
47.36747543
47.40347527
47.46845298
47.51771906
47.57104419
47.61252334
47.63682736
47.65786781
47.66217841
47.66217841
47.66217841
47.66217841
47.66648919
47.66598441
47.66598441
47.66836111
47.67023456
47.67023456
47.66774003
47.67813767
47.68461478
47.67962953
47.68912064
47.69398921
47.69421175
47.69458566
47.69746391
47.69551593
47.70786846
47.70562816
47.70572928
47.70339406
47.7077068
47.71445802
47.72308397
47.7317106
47.73556819
47.74186574
47.74339851
47.75401854
47.76508964
47.77238811
47.80131031
47.84197466
47.8910212
47.94957408
47.98841911
48.03303617
48.0544143
48.06842419
48.08394097
48.10259436
48.11161054
48.12483768
48.12293491
48.12541553
48.12541553
48.12570794
48.12133363
48.1241151
48.12441598
48.12284532
48.11662625
48.11790441
48.12793011
48.12722257
48.14037003
48.14477534
48.15812291
48.17370827
48.1967026
48.22168317
48.25796572
48.29822942
48.35259195
48.41182448
48.46832662
48.53657638
48.57999354
48.62208812
48.64229198
48.65572406
48.66036067
48.65987542
48.65682144
48.65494438
48.65494438
48.65494438
48.65939434
48.65493332
48.65493332
48.65493332
48.65493332
48.65635558
48.65477019
48.65396022
48.64951135
48.64256007
48.64275743
48.63782185
48.64550568
48.65426584
48.6667663
48.68377738
48.69822035
48.7144517
48.7369743
48.75512119
48.76897927
48.78281426
48.80379553
48.82305588
48.8379925
48.85647472
48.87229564
48.89382464
48.91646227
48.93486573
48.96298603
48.98155991
49.00745014
49.02920105
49.05210426
49.08330638
49.11563959
49.15725389
49.18333131
49.22214366
49.24282327
49.27180819
49.28712742
49.30641321
49.3077332
49.31756386
49.3365711
49.35135222
49.3665041
49.38663622
49.41251803
49.44970916
49.48102451
49.523231
49.57195182
49.6105846
49.64906846
49.68783884
49.72588222
49.75481942
49.78648598
49.80991149
49.82087747
49.82558666
49.8229969
49.8229969
49.82975565
49.83134064
49.83969878
49.85065465
49.87097937
49.88148157
49.8925677
49.91305485
49.93101171
49.95269092
49.96034926
49.98256211
50.01891511
50.04438227
50.07979648
50.11001882
50.14069769
50.15825964
50.17812154
50.19048091
50.20883568
50.22092852
50.23459888
50.24191621
50.2482819
50.25438013
50.26776778
50.28620288
50.30940628
50.31932683
50.31406448
50.32106374
50.3303157
50.35133266
50.36853338
50.39347453
50.4262818
50.46153677
50.49308081
50.51461928
50.53247144
50.53785982
50.54018451
50.54005238
50.54703602
50.55145299
50.56068287
50.57697577
50.60048398
50.63124428
50.65008477
50.67626529
50.7097793
50.73857536
50.75305391
50.77728498
50.80637357
50.83064836
50.82831342
50.82831342
50.82831342
50.82831342
50.82831342
50.82831342
50.82831342
50.82831342
50.82592632
50.82592632
50.82592632
50.80509811
50.8010848
50.79229743
50.78112452
50.77880212
50.77417017
50.76003695
50.76293499
50.7523064
50.70156861
50.6636479
50.65933916
50.63383452
50.57759492
50.48756327
50.40022906
50.31294484
50.21844416
50.12640512
50.05367489
49.99381523
49.93957606
49.8796447
49.82474941
49.77151127
49.70083839
49.63987795
49.57995106
49.51546787
49.41720381
49.34247733
49.28542509
49.25273823
49.22440944
49.19672407
49.18406726
49.19197988
49.19546001
49.19894361
49.20798287
49.23105816
49.23605666
49.24009551
49.250092
49.30508051
49.37508493
49.44282407
49.5033035
49.55935477
49.60413816
49.6288292
49.65803241
49.69052591
49.70855668
49.7138735
49.72950577
49.72607531
49.71987796
49.71314729
49.70866185
49.71144928
49.70920762
49.70751528
49.72036839
49.72930636
49.73546354
49.73716756
49.74335193
49.74228189
49.74345103
49.74462948
49.75308113
49.76658293
49.77787594
49.79829016
49.82267213
49.83947127
49.86211225
49.87478864
49.87747535
49.87702931
49.883933
49.8782226
49.85444323
49.83070509
49.80623427
49.7665442
49.70625783
49.65266458
49.61840912
49.5850715
49.54038048
49.49182779
49.44594343
49.40134507
49.33854054
49.29731898
49.28708965
49.27903597
49.27098301
49.23331853
49.18541012
49.13532192
49.08927213
49.02277026
48.95117216
48.88470623
48.83657613
48.81400552
48.78718345
48.77357192
48.76507741
48.75871024
48.74618426
48.73329498
48.73068528
48.73187261
48.72287538
48.7367666
48.74253806
48.74020215
48.73997335
48.74183828
48.74778898
48.74455119
48.75564193
48.76049166
48.76817487
48.7789578
48.79401117
48.80203512
48.7948828
48.77362245
48.75352874
48.74070946
48.72697992
48.70098249
48.67696412
48.65698916
48.64103563
48.6270956
48.61516136
48.60721257
48.60735045
48.60735045
48.60735045
48.60947546
48.60947546
48.61358603
48.61878145
48.62318544
48.62744843
48.62458304
48.63407331
48.64984027
48.66648734
48.67190458
48.69054328
48.711159
48.74021463
48.77970313
48.82531963
48.84400942
48.85073121
48.86227486
48.88244243
48.88252265
48.88884255
48.88894124
48.87800384
48.866479
48.86264037
48.85880323
48.86519291
48.87158425
48.86678202
48.86486609
48.8629308
48.85589173
48.85589173
48.85813389
48.84918093
48.84951139
48.85209122
48.84703676
48.84913324
48.85205661
48.84489386
48.8476998
48.8460165
48.83331156
48.7815199
48.72418336
48.71032783
48.68454344
48.6569234
48.64957259
48.64957259
48.65324723
48.6481058
48.62480912
48.61966729
48.61914727
48.60929105
48.56301492
48.50646653
48.4620548
48.37871145
48.20838519
47.91396617
47.56219018
47.20747204
46.84501833
46.3871598
45.85767674
45.25796778
44.50873249
43.75348112
43.05139015
42.35374251
47.33665053
