-3.969293853
-3.731036369
-3.49155261
-3.270264413
-3.093642394
-3.00341576
-2.964643814
-2.934924118
-2.945457104
-3.008082393
-3.073232386
-3.161394152
-3.234369009
-3.28749295
-3.329235055
-3.354192398
-3.35498686
-3.380560647
-3.421108357
-3.466314921
-3.509336555
-3.56438572
-3.620265564
-3.674106604
-3.733153751
-3.789477198
-3.859711394
-3.917212196
-3.947446222
-3.983101177
-4.024530237
-4.056114471
-4.070615877
-4.082614619
-4.102046132
-4.091426255
-4.069278099
-4.022037522
-3.984960833
-3.998044164
-4.036704329
-4.079317503
-4.10724714
-4.099751064
-4.079759338
-4.078675696
-4.098608441
-4.127841077
-4.170325793
-4.212767531
-4.255166307
-4.290521214
-4.2564448
-4.200257494
-4.124041702
-4.045737308
-3.984721574
-3.97855791
-3.97977422
-3.972525212
-3.962112942
-3.929474762
-3.878341961
-3.826505301
-3.822918315
-3.844016228
-3.876668467
-3.938438614
-4.001101911
-4.030053352
-4.0516591
-4.087007749
-4.116024143
-4.123300095
-4.104710906
-4.055732976
-4.01883992
-3.998270277
-3.975690077
-3.968229471
-3.960766994
-3.944092659
-3.926083111
-3.909137742
-3.878329578
-3.833812596
-3.806637504
-3.792522062
-3.779473503
-3.755508678
-3.747669221
-3.754540157
-3.770540141
-3.785486958
-3.826907404
-3.888673459
-3.934505833
-3.981855917
-4.032123962
-4.073774137
-4.109610162
-4.152087174
-4.194507615
-4.239027928
-4.287538716
-4.335990234
-4.380352083
-4.426519828
-4.480329861
-4.535930263
-4.595342574
-4.601168774
-4.608907747
-4.628110163
-4.668552625
-4.699303539
-4.7189464
-4.733694603
-4.752625596
-4.765576123
-4.789074975
-4.817578513
-4.846009124
-4.871748714
-4.903921284
-4.954632793
-5.016000413
-5.036757388
-5.020196721
-5.008230248
-5.041749858
-5.066774115
-5.072748686
-5.101687356
-5.155171953
-5.217002791
-5.272172021
-5.331604555
-5.413199018
-5.484792559
-5.525423887
-5.5563928
-5.631839434
-5.749915883
-5.877500249
-6.031380737
-6.21598113
-6.406334836
-6.585036299
-6.748433377
-6.869095637
-6.913120339
-6.924452159
-6.925666975
-6.926881753
-6.930658502
-6.973312286
-7.06155157
-7.183724061
-7.290064261
-7.407742028
-7.558992593
-7.700670765
-7.848289664
-8.01058979
-8.179208041
-8.343269608
-8.47506187
-8.585091049
-8.65316001
-8.691440384
-8.706982196
-8.731221307
-8.767296158
-8.791333003
-8.827413461
-8.906794476
-8.996751728
-9.085432508
-9.133394503
-9.201910854
-9.299536885
-9.384004534
-9.447931305
-9.484409576
-9.510308952
-9.527897879
-9.539185697
-9.55546002
-9.579078784
-9.605318952
-9.630241017
-9.660140944
-9.692384711
-9.726963858
-9.746879303
-9.751857663
-9.756835821
-9.763130343
-9.764788766
-9.748589462
-9.738681076
-9.7327695
-9.722212582
-9.690135469
-9.645107349
-9.625645907
-9.638837215
-9.706006269
-9.769487183
-9.834249607
-9.903946811
-9.971000369
-10.02682662
-10.07897121
-10.13805961
-10.18953727
-10.22773815
-10.25266548
-10.25842339
-10.22117439
-10.16278157
-10.08891162
-10.02927629
-9.984617543
-9.933041126
-9.923598993
-9.9203568
-9.943431219
-9.966741031
-9.981757484
-10.01815152
-10.05400396
-10.09318438
-10.13337698
-10.15886806
-10.17585613
-10.18924031
-10.20905426
-10.24457679
-10.29245069
-10.36573586
-10.45330708
-10.55059251
-10.67265199
-10.76919403
-10.81096713
-10.82935503
-10.82782165
-10.81111907
-10.7969416
-10.7969416
-10.82042537
-10.82746553
-10.83098501
-10.8345041
-10.84857645
-10.85209354
-10.85209354
-10.86151989
-10.8803715
-10.88388661
-10.88388661
-10.90513233
-10.9417162
-10.96887872
-10.97479199
-10.98070556
-11.00657619
-11.01580999
-11.02634153
-11.05000432
-11.07126308
-11.07587982
-11.08179712
-11.08179712
-11.08179712
-11.08530486
-11.08530486
-11.0888122
-11.0888122
-11.0958257
-11.12688894
-11.15184255
-11.15184255
-11.15184255
-11.16957302
-11.17307523
-11.17657705
-11.17657705
-11.1978022
-11.22009933
-11.24979322
-11.293441
-11.35927309
-11.41849217
-11.46112966
-11.50242783
-11.53544394
-11.56450723
-11.59701081
-11.64424271
-11.68869162
-11.72719108
-11.75398868
-11.80212496
-11.88896403
-11.96863754
-12.02593543
-12.07499878
-12.12269399
-12.16692466
-12.19536688
-12.20484554
-12.23480324
-12.29257007
-12.34743691
-12.38570493
-12.42053561
-12.4876268
-12.56861848
-12.64201731
-12.70122494
-12.76792753
-12.83707651
-12.89229866
-12.92748777
-12.97041468
-13.02255572
-13.06864507
-13.11612295
-13.14458582
-13.18429543
-13.22446295
-13.26242655
-13.30294772
-13.33147832
-13.32379239
-13.29243531
-13.24744859
-13.19072482
-13.11640909
-13.02785973
-12.91701737
-12.78871132
-12.64554378
-12.51836998
-12.40386386
-12.29366273
-12.17913655
-12.08868428
-12.0044955
-11.9063714
-11.80837759
-11.70378309
-11.60343475
-11.51058003
-11.43987965
-11.39465956
-11.36344704
-11.3597501
-11.3540098
-11.33883544
-11.32037065
-11.27322958
-11.20193664
-11.12254026
-11.00894616
-10.86933445
-10.71519488
-10.56696616
-10.42793974
-10.30046817
-10.19822298
-10.13107968
-10.10603616
-10.11792808
-10.16765465
-10.1953473
-10.20196504
-10.20055564
-10.17838596
-10.12367883
-10.01717525
-9.873612799
-9.6987578
-9.507305362
-9.298198766
-9.090387248
-8.943328119
-8.861326008
-8.819623865
-8.78569866
-8.761918946
-8.749448356
-8.738208475
-8.73262484
-8.71587571
-8.681228441
-8.610818555
-8.50696351
-8.360951421
-8.164792643
-7.927600634
-7.685217409
-7.463230126
-7.269452325
-7.108168732
-6.992277493
-6.918614583
-6.869173834
-6.837327358
-6.811983969
-6.790039155
-6.731812074
-6.646891988
-6.553261263
-6.433322382
-6.279355521
-6.106723739
-5.947179458
-5.806320675
-5.681045614
-5.557375761
-5.433773499
-5.306402163
-5.18658364
-5.084327127
-4.987587228
-4.888716409
-4.792549518
-4.723259905
-4.67320494
-4.608540177
-4.540454406
-4.462007335
-4.378209965
-4.285923653
-4.197115499
-4.099463885
-3.985568187
-3.859509416
-3.71389979
-3.544103474
-3.35648409
-3.161597542
-2.979412231
-2.83721383
-2.726333932
-2.650101795
-2.6162635
-2.593061794
-2.52909139
-2.471259399
-2.443546334
-2.410521127
-2.358809979
-2.295695485
-2.239644399
-2.151697102
-2.015795587
-1.840854082
-1.67747994
-1.525668606
-1.367644098
-1.203455876
-1.043663535
-0.882276227
-0.751006271
-0.657949639
-0.568532654
-0.466626415
-0.340854685
-0.210752961
-0.068146026
0.123020452
0.318309482
0.501002761
0.690822416
0.853958536
1.015206996
1.149604842
1.214767439
1.237721093
1.245128396
1.245955172
1.260849291
1.292687902
1.296393879
1.306280719
1.348358615
1.418740555
1.512881216
1.606009894
1.702668103
1.780555806
1.831774321
1.863600714
1.882183204
1.945391971
2.030923822
2.133512616
2.258400337
2.442552126
2.620760556
2.717351954
2.754479688
2.768094206
2.782480525
2.799864753
2.835410147
2.904989798
3.009433343
3.116249426
3.216311655
3.304276143
3.384693408
3.442572937
3.465934212
3.479994326
3.485499934
3.496114682
3.489900571
3.478776445
3.471857478
3.472665508
3.485645426
3.549526187
3.621824505
3.684970797
3.751955061
3.805472224
3.858054561
3.900775552
3.945334931
3.975331751
3.989688377
4.032899039
4.092747146
4.134751815
4.15816291
4.18271985
4.192123845
4.184666174
4.164922047
4.114844556
4.054300673
3.974756218
3.911252946
3.858709991
3.81232503
3.770302841
3.756447552
3.746958427
3.709823363
3.673907968
3.652845148
3.624374211
3.584114167
3.537409128
3.485804785
3.427219877
3.349370952
3.260255984
3.149208848
3.031064574
2.922927485
2.844082076
2.767884093
2.678203886
2.606998461
2.563042127
2.564909231
2.587275328
2.622741317
2.677339492
2.756579579
2.84135716
2.922375989
2.999619926
3.08543049
3.147380411
3.188473069
3.213217715
3.237176019
3.268872712
3.31246365
3.339054495
3.356943509
3.364753042
3.395818395
3.425612937
3.442704873
3.441684833
3.439654705
3.416373993
3.39489739
3.373413377
3.342536039
3.307745821
3.298128189
3.29062607
3.284143185
3.273972261
3.245266389
3.20073164
3.150963107
3.070644973
2.985865339
2.889742644
2.78581451
2.672631762
2.537994784
2.421831752
2.311677835
2.199726466
2.082931341
1.953863105
1.850591139
1.769449777
1.675021748
1.562496895
1.461932055
1.378747057
1.289840146
1.194949502
1.129016213
1.070414186
0.997255315
0.88947753
0.763550861
0.64578549
0.497521803
0.336646935
0.17178839
0.034396902
-0.094779431
-0.234634336
-0.365426528
-0.481737516
-0.606786341
-0.745618732
-0.885584283
-1.03229653
-1.17204528
-1.288976105
-1.38979911
-1.468893856
-1.536484437
-1.611680767
-1.68690265
-1.773083388
-1.855917846
-1.962362101
-2.072281141
-2.189492292
-2.310589256
-2.459296142
-2.602676353
-2.774037287
-2.969860138
-3.165830785
-3.344505045
-3.491068425
-3.63926055
-3.773844203
-3.89811329
-4.013182392
-4.144339393
-4.268847124
-4.371538025
-4.476590815
-4.583001993
-4.697769414
-4.825972217
-5.00741512
-5.210151969
-5.422817293
-5.65237858
-5.911988029
-6.16915584
-6.450306333
-6.730969221
-7.05384329
-7.34499153
-7.570213003
-7.728685334
-7.813187906
-7.833590314
-7.848260736
-7.848260736
-7.848260736
-7.872708245
-7.94827829
-8.022417656
-8.071563214
-8.08839261
-8.127451317
-8.15174301
-8.124510169
-8.050881061
-7.951466217
-7.83687363
-7.740691349
-7.667711692
-7.592234485
-7.509137607
-7.411254781
-7.302704233
-7.208572651
-7.156097529
-7.121883393
-7.110191508
-4.735680763
