-5.452712531
-5.459404674
-5.511485442
-5.556404531
-5.624771956
-5.705168975
-5.786845363
-5.889572843
-5.985288403
-6.014494691
-5.977377858
-5.925840823
-5.838776795
-5.785277815
-5.781750589
-5.814179637
-5.810793542
-5.828333918
-5.866319213
-5.879305885
-5.879305885
-5.880412506
-5.952079841
-6.016647176
-6.054563706
-6.083701508
-6.131864775
-6.159838645
-6.168781152
-6.196309345
-6.266464283
-6.313049638
-6.319763728
-6.354549916
-6.466068954
-6.549523892
-6.581810402
-6.600901366
-6.639717059
-6.659691904
-6.693452301
-6.684520345
-6.701168218
-6.75539769
-6.789850547
-6.802104573
-6.813467761
-6.848035372
-6.935496315
-7.035789287
-7.105969768
-7.159648092
-7.227038657
-7.27780595
-7.291138013
-7.295608537
-7.307798566
-7.351738445
-7.403655169
-7.487871939
-7.58081838
-7.69144047
-7.788095283
-7.872074316
-7.986723535
-8.14523418
-8.291707897
-8.420763225
-8.533980904
-8.594966166
-8.620756012
-8.626662844
-8.629025174
-8.63786485
-8.656720538
-8.681168158
-8.714278761
-8.780445389
-8.856729331
-8.935613393
-9.02962808
-9.133376209
-9.230685399
-9.328592873
-9.427352684
-9.479318809
-9.500771415
-9.515575119
-9.537923701
-9.569484595
-9.633054875
-9.699423322
-9.774604395
-9.856499577
-9.927178078
-9.993332502
-10.01777902
-10.03054137
-10.05647078
-10.06936254
-10.08239778
-10.12581791
-10.19886621
-10.3100786
-10.44776725
-10.56742377
-10.68014913
-10.77850933
-10.89592689
-10.9961419
-11.0640537
-11.0777746
-11.0874155
-11.08914142
-11.10778747
-11.13738064
-11.15131183
-11.15131183
-11.14537139
-11.13473487
-11.11378599
-11.06361532
-11.04056142
-11.03532954
-11.01009235
-10.90158133
-10.79206114
-10.71083945
-10.58852314
-10.3930065
-10.08994988
-9.711684352
-9.285406056
-8.896955547
-8.58552925
-8.248479934
-7.800680326
-7.327004497
-6.928705254
-6.613394639
-6.427630236
-6.379627376
-6.338418991
-6.265790409
-6.207214403
-6.195726402
-6.149132183
-6.133790016
-6.116947467
-6.041871982
-5.899963046
-5.759582906
-5.716697482
-5.771759322
-5.857946556
-5.960377794
-6.102969252
-6.182695082
-6.164705426
-6.119128749
-6.121486753
-6.12409742
-6.156963104
-6.286355461
-6.415620911
-6.494584137
-6.572962385
-6.694239713
-6.768979379
-6.77557178
-6.762577723
-6.765972497
-6.818244253
-6.859866249
-6.930141398
-7.048196279
-7.154313796
-7.243026561
-7.387660271
-7.544276062
-7.625417598
-7.670569306
-7.708248758
-7.728431935
-7.753199509
-7.81701391
-7.859932244
-7.906495328
-7.976435209
-8.085701375
-8.182633059
-8.230555943
-8.283689834
-8.389124188
-8.498729258
-8.565945504
-8.623369932
-8.696987448
-8.758289293
-8.792516321
-8.856804276
-8.94062166
-9.029462324
-9.136853018
-9.276393553
-9.404902028
-9.502983874
-9.560112374
-9.641357334
-9.758551112
-9.875585611
-9.992211773
-10.10663533
-10.19879205
-10.24775061
-10.32596315
-10.38176823
-10.42660757
-10.48646421
-10.55159865
-10.58451292
-10.59928444
-10.61777365
-10.65588555
-10.70199461
-10.74505287
-10.79139291
-10.84584548
-10.94652665
-11.06082882
-11.14168716
-11.21983051
-11.30934959
-11.37133035
-11.38351323
-11.41146439
-11.46311648
-11.47713045
-11.4864072
-11.52370143
-11.5809528
-11.63470631
-11.6963699
-11.76937311
-11.83734942
-11.89020896
-11.96614546
-12.0494165
-12.09744549
-12.12027056
-12.13208162
-12.14470448
-12.17120555
-12.19436102
-12.19198943
-12.19959463
-12.23064482
-12.29479941
-12.35238804
-12.40993941
-12.47291183
-12.52493087
-12.58651236
-12.687791
-12.80493571
-12.8598071
-12.87320796
-12.88250825
-12.90142534
-12.92034026
-12.94310241
-13.0384452
-13.15612524
-13.28037236
-13.45832218
-13.66543825
-13.79401015
-13.85871286
-13.91223348
-13.92678874
-13.90775429
-13.89130405
-13.90171777
-13.91645304
-13.92446573
-13.91622287
-13.92421907
-13.97548956
-14.04554842
-14.11852702
-14.18882843
-14.28452972
-14.34661169
-14.37055317
-14.32061114
-14.27350529
-14.26803285
-14.29606381
-14.32427211
-14.35803011
-14.40399383
-14.45788796
-14.47237992
-14.53807187
-14.61729563
-14.70321991
-14.78485492
-14.89209642
-14.95109117
-14.94292494
-14.87558549
-14.80164452
-14.75326607
-14.75434346
-14.77145525
-14.82213826
-14.87283459
-14.89272662
-14.87244441
-14.83881121
-14.84000952
-14.85992543
-14.88102619
-14.91146317
-14.93371902
-14.90906756
-14.86833948
-14.86908934
-14.91406975
-14.93905701
-14.9504766
-14.96055626
-14.98953991
-15.00386296
-14.9859144
-14.96667049
-14.9890301
-15.02200977
-15.04967032
-15.0668835
-15.08409373
-15.09438116
-15.10720278
-15.13502186
-15.16397052
-15.16174484
-15.19705247
-15.24197444
-15.22907813
-15.18921711
-15.16283702
-15.1231684
-15.06332036
-15.02099065
-15.04011365
-15.0467907
-15.05090755
-15.01884979
-14.97647083
-14.9258923
-14.86859952
-14.8194812
-14.75189621
-14.6964951
-14.70235973
-14.70274874
-14.70589265
-14.73191558
-14.78285118
-14.83900027
-14.86450571
-14.83801641
-14.79682654
-14.7983444
-14.80009044
-14.77972759
-14.75536922
-14.76405088
-14.80311362
-14.85137677
-14.86352612
-14.83940757
-14.80560141
-14.7993398
-14.7999549
-14.74559964
-14.67174081
-14.61773343
-14.58240662
-14.51248394
-14.45468933
-14.42205837
-14.37534804
-14.31263375
-14.25383102
-14.22382869
-14.21541219
-14.21098478
-14.22894196
-14.24848714
-14.25339052
-14.20367686
-14.14731241
-14.08668637
-14.01822452
-13.9642729
-13.93574986
-13.91905916
-13.87029077
-13.7921089
-13.74207146
-13.68003951
-13.59956166
-13.52260776
-13.47504908
-13.43859852
-13.37680973
-13.37038226
-13.36971627
-13.36503603
-13.34510048
-13.36044114
-13.37874682
-13.32714547
-13.21733489
-13.08900857
-12.96204235
-12.88276852
-12.83856852
-12.83053107
-12.83195063
-12.84558746
-12.87859953
-12.89843115
-12.90508193
-12.88769623
-12.85635487
-12.80415555
-12.75885067
-12.72959508
-12.68867133
-12.67515607
-12.68821773
-12.6950043
-12.65216271
-12.58828246
-12.52349669
-12.44490378
-12.37478923
-12.33670798
-12.31858805
-12.27576933
-12.21555077
-12.17200914
-12.1524155
-12.11323633
-12.07081088
-12.02986295
-11.97479897
-11.89437425
-11.82809241
-11.77593132
-11.68583769
-11.58929586
-11.50314061
-11.41486187
-11.33014162
-11.27804092
-11.22805719
-11.18788501
-11.11298866
-11.00601581
-10.88631554
-10.76104741
-10.65929453
-10.5190399
-10.38030452
-10.28550084
-10.19280207
-10.10557951
-10.00586233
-9.928549761
-9.868204204
-9.825164729
-9.787562375
-9.748963333
-9.678861282
-9.602346287
-9.513401017
-9.42067218
-9.324217946
-9.24315565
-9.160808809
-9.100681947
-9.015639757
-8.902748734
-8.803706523
-8.689672178
-8.560171303
-8.415768463
-8.267400998
-8.097867634
-7.939027323
-7.79024561
-7.637907504
-7.505713756
-7.408086308
-7.367382553
-7.340257038
-7.340257038
-7.340257038
-7.340257038
-7.308689443
-7.275164911
-7.241641579
-7.196740402
-7.141208509
-7.057264099
-6.959989915
-6.844035832
-6.736179085
-6.641901095
-6.543612219
-6.444453555
-6.358780368
-6.277322041
-6.154081093
-6.030842959
-5.961936569
-5.930641984
-5.907681089
-5.897235264
-5.874276134
-5.841758458
-5.803578294
-5.758553301
-5.716847758
-5.666756029
-5.58543455
-5.460452467
-5.304557616
-5.099655974
-4.860427094
-4.606703682
-4.347221272
-4.129024927
-3.973590681
-3.878116803
-3.833610041
-3.788184843
-3.724825247
-3.669309023
-3.601493352
-3.529654862
-3.432493904
-3.326871779
-3.206013458
-3.05926042
-2.934768757
-2.859924291
-2.812317019
-2.759611457
-2.731526811
-2.712293882
-2.659943342
-2.564061803
-2.484753711
-2.403975953
-2.276683754
-2.130404535
-2.000723102
-1.843079174
-1.665548694
-1.536260542
-1.445850955
-1.330507802
-1.199357011
-1.118476453
-1.029055678
-0.903354665
-0.76495036
-0.669069627
-0.579758485
-0.467127275
-0.381659785
-0.294738006
-0.176418639
-0.063941294
0.027424677
0.144177892
0.283654904
0.440455477
0.568996997
0.690948038
0.782283129
0.830011141
0.902986103
0.96411204
0.983332349
0.986072441
1.021564303
1.093222245
1.219860925
1.373977201
1.523324947
1.65644798
1.79652437
1.928107473
2.046441547
2.145033011
2.18863047
2.194433366
2.198935303
2.199585779
2.211333088
2.226791467
2.276978024
2.34189829
2.405628106
2.441870708
2.490969299
2.596049919
2.696833194
2.792299891
2.896265766
3.031624619
3.147585747
3.24910589
3.331089413
3.373210761
3.40932923
3.472723895
3.505542669
3.514393091
3.569206293
3.666521921
3.770226944
3.877640887
3.944210325
3.987906854
4.045301418
4.118603017
4.264909506
4.432056528
4.542457907
4.640024905
4.753851044
4.871265254
4.958916913
5.048974899
5.138409595
5.20595584
5.284088352
5.364083249
5.458538485
5.563335562
5.651882553
5.718363673
5.765170807
5.80568741
5.846826883
5.887975766
5.910438287
5.928241471
5.946043368
5.9610569
5.978858401
5.993346466
6.005919644
6.018010598
6.027324867
6.073315518
6.121760934
6.158136669
6.190954324
6.216097213
6.23084326
6.238177827
6.247727452
6.262471103
6.267915826
6.282112897
6.299866682
6.315987058
6.333738594
6.361329588
6.393570367
6.416509981
6.451726955
6.532695763
6.614252195
6.699987836
6.775905995
6.823263758
6.871161329
6.943009992
7.019575418
7.095134387
7.176999044
7.234896217
7.266190292
7.28079968
7.300638738
7.320998818
7.346575864
7.378405538
7.403467307
7.455182224
7.505890218
7.547186435
7.562866905
7.583271433
7.614650862
7.653294723
7.689902968
7.726516398
7.788290918
7.86105294
7.937072002
8.013136872
8.081744593
8.109955831
8.131426449
8.137177296
8.143408471
8.134447343
8.12648301
8.140453616
8.146911421
8.124813121
8.064751635
8.000030257
7.916693141
7.855230798
7.814128378
7.836149566
7.876998621
7.913134046
7.915274804
7.869477192
7.837709675
7.813766007
7.822093761
7.823128382
7.833025795
7.836223986
7.81605452
7.75177803
7.701012395
7.651372601
7.612602723
7.563987974
7.544592478
7.603868341
7.703254699
7.795870628
7.854532913
7.873922564
7.888075776
7.855386042
7.823217472
7.796233104
7.740668854
7.628936691
7.515149887
7.428471813
7.348668584
7.279862306
7.241139231
7.219080283
7.221979166
7.242661567
7.259611857
7.259904305
7.236409378
7.168571005
7.055161569
6.91301858
6.768419227
6.668276547
6.584942332
6.501889609
6.453464856
6.427553133
6.381919231
6.349028191
6.333574356
6.27995166
6.208967074
6.110327819
6.024472846
5.959538353
5.911171716
5.888697731
5.883518821
5.88300194
5.846129089
5.79310121
5.738927652
5.711482864
5.686909521
5.649109139
5.594397212
5.512404884
5.426390368
5.329374199
5.222658385
5.129198389
5.069898929
5.040828929
5.025277469
4.985423167
4.942100883
4.907017117
4.85436677
4.793354966
4.740219121
4.662971249
4.563620144
4.478041785
4.430079638
4.395557844
4.355153467
4.34171964
4.323138132
4.278940275
4.214038366
4.144109681
4.081987521
3.989387186
3.873698675
3.757894743
3.667064359
3.56733629
3.474327447
3.392196263
3.338179888
3.292609361
3.263893725
3.264059766
3.261399201
3.242284015
3.191915961
3.148223854
3.074853036
2.985156406
2.905195683
2.815454402
2.717405423
2.605034722
2.465068896
2.337681481
2.198216422
2.068973729
2.000322733
1.963944001
1.977838346
2.001493672
2.028926218
2.050441342
2.066578731
2.048177186
2.026004136
2.009018851
1.968660694
1.92310382
1.871534561
1.79347823
1.646072349
1.501250946
1.338231133
1.15829622
0.967458712
0.797289921
0.671524239
0.563832339
0.515256628
0.50310912
0.490960179
0.454504765
0.415034718
0.390717213
0.318533022
0.192324751
0.038081146
-0.146080871
-0.367337972
-0.62943897
-0.858936027
-1.054791496
-1.221554339
-1.354104791
-1.422313919
-1.474614686
-1.510049029
-1.522422411
-1.547173429
-1.599510494
-1.679445712
-1.76389989
-1.866240402
-2.029096217
-2.215970217
-2.348923849
-2.484240365
-2.667964027
-2.854689618
-3.014792245
-3.211747122
-3.372327024
-3.475798002
-3.495140645
-3.497206695
-3.514950845
-3.56918917
-3.626802925
-3.718060825
-3.86753203
-4.001662654
-4.093254177
-4.128522901
-4.140357817
-4.180215073
-4.24102279
-4.311299599
-4.336282655
-4.326788138
-4.333136058
-4.372235946
-4.409899121
-4.427273136
-4.428969953
-4.401587169
-4.38962164
-4.376549333
-4.344934864
-4.254651221
-4.139825296
-3.963158115
-3.755648364
-3.641480634
-3.686928662
-3.855869504
-4.060663119
-4.247262066
-4.328364981
