-4.526918
-4.604277
-4.681633
-4.758985
-4.836332
-4.913670
-4.990998
-5.068315
-5.145617
-5.222903
-5.300171
-5.377418
-5.454644
-5.531846
-5.609021
-5.686168
-5.763286
-5.840370
-5.917421
-5.994436
-6.071412
-6.148349
-6.225243
-6.302093
-6.378896
-6.455652
-6.532357
-6.609011
-6.685610
-6.762153
-6.838638
-6.915062
-6.991425
-7.067723
-7.143956
-7.220120
-7.296214
-7.372237
-7.448185
-7.524057
-7.599851
-7.675566
-7.751198
-7.826747
-7.902210
-7.977585
-8.052870
-8.128064
-8.203163
-8.278168
-8.353074
-8.427882
-8.502587
-8.577190
-8.651686
-8.726076
-8.800357
-8.874526
-8.948582
-9.022523
-9.096348
-9.170053
-9.243638
-9.317100
-9.390437
-9.463648
-9.536730
-9.609683
-9.682502
-9.755188
-9.827738
-9.900150
-9.972422
-10.044553
-10.116540
-10.188382
-10.260076
-10.331622
-10.403016
-10.474258
-10.545344
-10.616275
-10.687047
-10.757658
-10.828108
-10.898394
-10.968514
-11.038466
-11.108249
-11.177861
-11.247300
-11.316564
-11.385652
-11.454561
-11.523290
-11.591837
-11.660200
-11.728378
-11.796368
-11.864169
-11.931780
-11.999198
-12.066421
-12.133449
-12.200278
-12.266908
-12.333337
-12.399562
-12.465583
-12.531398
-12.597004
-12.662400
-12.727585
-12.792556
-12.857312
-12.921852
-12.986174
-13.050275
-13.114154
-13.177811
-13.241242
-13.304447
-13.367423
-13.430169
-13.492684
-13.554966
-13.617012
-13.678823
-13.740395
-13.801728
-13.862819
-13.923668
-13.984272
-14.044630
-14.104741
-14.164602
-14.224213
-14.283572
-14.342677
-14.401526
-14.460119
-14.518453
-14.576528
-14.634341
-14.691891
-14.749177
-14.806197
-14.862949
-14.919433
-14.975646
-15.031588
-15.087256
-15.142650
-15.197768
-15.252608
-15.307169
-15.361449
-15.415448
-15.469164
-15.522595
-15.575740
-15.628598
-15.681167
-15.733446
-15.785433
-15.837128
-15.888528
-15.939633
-15.990441
-16.040950
-16.091161
-16.141070
-16.190678
-16.239982
-16.288981
-16.337675
-16.386061
-16.434139
-16.481907
-16.529364
-16.576509
-16.623341
-16.669858
-16.716059
-16.761943
-16.807509
-16.852755
-16.897681
-16.942285
-16.986566
-17.030524
-17.074155
-17.117461
-17.160439
-17.203088
-17.245408
-17.287397
-17.329054
-17.370378
-17.411368
-17.452023
-17.492342
-17.532323
-17.571966
-17.611270
-17.650234
-17.688856
-17.727136
-17.765072
-17.802665
-17.839912
-17.876812
-17.913366
-17.949571
-17.985427
-18.020933
-18.056088
-18.090891
-18.125342
-18.159438
-18.193181
-18.226567
-18.259598
-18.292271
-18.324586
-18.356542
-18.388139
-18.419375
-18.450249
-18.480762
-18.510911
-18.540697
-18.570118
-18.599175
-18.627865
-18.656188
-18.684144
-18.711731
-18.738950
-18.765799
-18.792278
-18.818385
-18.844121
-18.869484
-18.894475
-18.919092
-18.943334
-18.967201
-18.990693
-19.013809
-19.036548
-19.058909
-19.080892
-19.102497
-19.123723
-19.144569
-19.165035
-19.185120
-19.204824
-19.224146
-19.243086
-19.261643
-19.279817
-19.297607
-19.315013
-19.332035
-19.348671
-19.364922
-19.380786
-19.396265
-19.411357
-19.426061
-19.440378
-19.454307
-19.467848
-19.481000
-19.493764
-19.506138
-19.518122
-19.529717
-19.540921
-19.551735
-19.562157
-19.572189
-19.581830
-19.591079
-19.599936
-19.608401
-19.616474
-19.624154
-19.631442
-19.638337
-19.644839
-19.650947
-19.656662
-19.661984
-19.666912
-19.671446
-19.675587
-19.679333
-19.682685
-19.685643
-19.688207
-19.690376
-19.692151
-19.693531
-19.694517
-19.695109
-19.695306
-19.695108
-19.694516
-19.693530
-19.692149
-19.690373
-19.688203
-19.685639
-19.682680
-19.679328
-19.675581
-19.671440
-19.666905
-19.661977
-19.656654
-19.650939
-19.644830
-19.638327
-19.631432
-19.624144
-19.616463
-19.608389
-19.599924
-19.591066
-19.581816
-19.572175
-19.562143
-19.551719
-19.540905
-19.529700
-19.518105
-19.506120
-19.493746
-19.480982
-19.467829
-19.454287
-19.440358
-19.426040
-19.411335
-19.396243
-19.380764
-19.364899
-19.348647
-19.332010
-19.314989
-19.297582
-19.279791
-19.261617
-19.243059
-19.224119
-19.204796
-19.185092
-19.165006
-19.144539
-19.123693
-19.102466
-19.080861
-19.058877
-19.036515
-19.013776
-18.990660
-18.967167
-18.943299
-18.919056
-18.894439
-18.869448
-18.844084
-18.818348
-18.792240
-18.765760
-18.738911
-18.711692
-18.684104
-18.656147
-18.627824
-18.599133
-18.570076
-18.540654
-18.510868
-18.480718
-18.450205
-18.419330
-18.388093
-18.356496
-18.324539
-18.292224
-18.259550
-18.226519
-18.193132
-18.159390
-18.125292
-18.090841
-18.056038
-18.020882
-17.985376
-17.949519
-17.913313
-17.876759
-17.839858
-17.802611
-17.765018
-17.727081
-17.688801
-17.650178
-17.611214
-17.571909
-17.532266
-17.492284
-17.451965
-17.411309
-17.370319
-17.328994
-17.287337
-17.245347
-17.203027
-17.160377
-17.117399
-17.074093
-17.030460
-16.986503
-16.942221
-16.897617
-16.852690
-16.807444
-16.761877
-16.715993
-16.669791
-16.623274
-16.576442
-16.529296
-16.481838
-16.434070
-16.385992
-16.337605
-16.288911
-16.239911
-16.190607
-16.140999
-16.091089
-16.040878
-15.990368
-15.939559
-15.888454
-15.837053
-15.785358
-15.733371
-15.681091
-15.628522
-15.575664
-15.522518
-15.469087
-15.415371
-15.361371
-15.307090
-15.252529
-15.197688
-15.142570
-15.087176
-15.031507
-14.975565
-14.919352
-14.862868
-14.806115
-14.749094
-14.691808
-14.634258
-14.576444
-14.518369
-14.460035
-14.401442
-14.342592
-14.283486
-14.224127
-14.164516
-14.104654
-14.044543
-13.984185
-13.923580
-13.862731
-13.801640
-13.740307
-13.678734
-13.616923
-13.554876
-13.492594
-13.430079
-13.367332
-13.304356
-13.241151
-13.177719
-13.114063
-13.050183
-12.986081
-12.921759
-12.857219
-12.792463
-12.727491
-12.662306
-12.596909
-12.531303
-12.465488
-12.399467
-12.333241
-12.266812
-12.200182
-12.133352
-12.066325
-11.999101
-11.931683
-11.864072
-11.796270
-11.728280
-11.660102
-11.591738
-11.523191
-11.454462
-11.385552
-11.316465
-11.247200
-11.177761
-11.108149
-11.038366
-10.968413
-10.898293
-10.828007
-10.757557
-10.686945
-10.616173
-10.545242
-10.474155
-10.402913
-10.331519
-10.259973
-10.188279
-10.116437
-10.044449
-9.972318
-9.900046
-9.827634
-9.755084
-9.682398
-9.609578
-9.536625
-9.463542
-9.390331
-9.316994
-9.243532
-9.169947
-9.096241
-9.022417
-8.948475
-8.874419
-8.800250
-8.725969
-8.651579
-8.577082
-8.502480
-8.427774
-8.352967
-8.278060
-8.203055
-8.127955
-8.052762
-7.977476
-7.902101
-7.826638
-7.751089
-7.675457
-7.599742
-7.523948
-7.448076
-7.372127
-7.296105
-7.220010
-7.143846
-7.067614
-6.991315
-6.914952
-6.838528
-6.762043
-6.685500
-6.608900
-6.532247
