40.88073699
40.8729832
40.86050542
40.84966667
40.8490931
40.83235036
40.8073839
40.79447767
40.78108278
40.7731446
40.78841208
40.7854172
40.7373929
40.73120204
40.72232721
40.69702765
40.70616325
40.72960892
40.75380602
40.77990896
40.80619277
40.83607807
40.88535165
40.94156491
40.98050632
41.01585799
41.0488316
41.08321693
41.07265913
41.07277279
41.11284947
41.10600954
41.08915087
41.10684333
41.11072997
41.08589119
41.08040698
41.09443598
41.07646713
41.06785509
41.06087144
41.03940935
41.00428377
40.98773482
40.98083632
40.94872787
40.91891911
40.89754967
40.87541759
40.84703416
40.8320152
40.8099617
40.77630614
40.73816021
40.71464061
40.68474616
40.67467774
40.67109337
40.67671236
40.68331129
40.66879996
40.63100432
40.59877845
40.57965813
40.54368748
40.52921824
40.50713184
40.44431286
40.37495748
40.30759685
40.22390305
40.18841393
40.1622471
40.15956255
40.16560742
40.16997196
40.1612431
40.15856009
40.15419639
40.1411064
40.13066211
40.11585835
40.10244802
40.09718022
40.06763038
40.03114299
40.00035078
39.97828416
39.95806324
39.95655476
39.94791025
39.94067883
39.93365669
39.94603724
39.91773506
39.84216954
39.81411503
39.81075471
39.7763652
39.7478709
39.74193709
39.75247965
39.74154395
39.75348349
39.7756438
39.77201227
39.76799322
39.75857454
39.73193643
39.72201287
39.71982085
39.72888526
39.72775623
39.73066241
39.75657977
39.75245148
39.75871866
39.75554744
39.73387451
39.76262969
39.77630417
39.77067224
39.75760566
39.73470782
39.68652201
39.70602475
39.72893596
39.73345441
39.75765938
39.7818421
39.82371985
39.9017394
39.96984521
40.03770984
40.08989657
40.14025335
40.18754802
40.2420384
40.31686505
40.37010545
40.42123597
40.50018501
40.59660927
40.71243366
40.8597825
40.99499952
41.15140786
41.29017711
41.36243272
41.41885033
41.4962318
41.52201878
41.53310555
41.55313714
41.58896976
41.62012178
41.65693282
41.71757936
41.7726326
41.82687522
41.92142536
41.97594949
42.01142656
42.05443005
42.11601684
42.13720329
42.14631639
42.15920581
42.18278141
42.19820158
42.22512922
42.25224841
42.28139639
42.32023887
42.36902319
42.42619498
42.47591239
42.52793729
42.59130804
42.64640871
42.68735868
42.70970987
42.71765953
42.75770109
42.81227424
42.85450823
42.88411501
42.89669509
42.89669509
42.89669509
42.88571363
42.86375737
42.85407064
42.84531248
42.84870042
42.859119
42.87901454
42.89879789
42.92400963
42.9425434
42.9585652
42.96788565
42.96184645
42.98309515
43.00024649
43.01132071
43.01642727
43.02639486
43.04742999
43.04295138
43.0485392
43.04395894
43.04332815
43.02892514
43.02070885
43.01027261
43.01090418
42.9918871
42.97716401
42.9604502
42.96254582
42.97717688
43.00676876
43.0485535
43.10116079
43.13747307
43.14612592
43.15491604
43.16241733
43.1821641
43.22059296
43.27736618
43.34600571
43.40206265
43.44857709
43.5031849
43.53363724
43.55760008
43.594233
43.6494385
43.69975421
43.75296626
43.83099531
43.87833478
43.91910942
43.9793935
44.02866776
44.07810071
44.1186571
44.15485676
44.18802039
44.24257558
44.31971011
44.37567787
44.42591889
44.4778146
44.5110438
44.54819344
44.57072123
44.58070925
44.59098366
44.58569087
44.58719789
44.58883798
44.60175345
44.62569362
44.6269359
44.62299541
44.63362386
44.65365282
44.67399985
44.70260933
44.70622239
44.73083224
44.74777809
44.75398233
44.76309344
44.79651276
44.83436149
44.87090884
44.92092321
44.95473701
44.9969797
45.05397967
45.12237399
45.18126514
45.25279777
45.29527224
45.33955342
45.40231708
45.44674603
45.51155191
45.59112203
45.64704102
45.70544581
45.75123079
45.78954621
45.82090393
45.83590831
45.85304316
45.87915826
45.92805854
45.98496412
46.03182293
46.08546301
46.13275443
46.17116252
46.2345531
46.29852245
46.33079997
46.34923645
46.35949149
46.37135311
46.39528564
46.4329052
46.47216212
46.50967174
46.54864101
46.58082505
46.61715574
46.65849834
46.69036996
46.71415469
46.73133445
46.74747977
46.76381127
46.79580232
46.80631111
46.82055504
46.84427169
46.85793758
46.87207903
46.87745612
46.89461869
46.91025367
46.92717188
46.92927945
46.95058959
46.97136874
47.00013121
47.00382984
47.00396389
47.02121461
47.01392777
47.01803492
47.0372074
47.0547121
47.08372544
47.12656515
47.18732788
47.23110612
47.26363929
47.299331
47.32337854
47.35524262
47.39403575
47.44677267
47.52575444
47.59047433
47.65380123
47.70936821
47.74799542
47.8184828
47.89346305
47.97123336
48.03099674
48.07023223
48.10505806
48.13158723
48.18341361
48.24327561
48.28138941
48.29774054
48.27962953
48.27885483
48.29423468
48.31923624
48.31322569
48.30746413
48.29597286
48.29509154
48.29568526
48.27332483
48.22820181
48.18297186
48.13325815
48.08742671
48.08023607
48.07657899
48.07239904
48.0747207
48.03510822
48.01486246
48.03317072
48.04824345
48.02694024
48.00897094
48.01281575
48.00001442
48.00425641
48.01264154
48.01237992
48.0196038
48.01883912
48.00243513
47.99808312
48.00650591
47.99819122
47.9983069
47.9742903
47.93768062
47.91302436
47.88319343
47.86927331
47.87953888
47.88734776
47.90948539
47.92684706
47.92943512
47.9317316
47.94529356
47.95041995
47.93176395
47.90428599
47.87480276
47.83447697
47.79353702
47.77725659
47.80737467
47.85293962
47.87545775
47.8813673
47.88821914
47.89205822
47.88996855
47.89479963
47.91979334
47.95497117
47.95725785
47.96341556
47.9811626
48.01031476
48.0279343
48.03022189
48.0227381
48.01557762
48.02217162
48.02948692
48.02110884
48.00486283
47.97961203
47.96885081
47.97077391
47.97654027
47.97173806
47.95509646
47.93781405
47.93217067
47.94864809
47.96336319
47.97965896
47.99302871
48.01299672
48.02804914
48.04040693
48.02212982
48.00824551
47.99344996
47.97430501
47.97861874
47.99596528
48.00915271
48.01167918
48.02102748
48.01911245
47.99684621
47.97926771
47.96881044
47.9601296
47.95766299
47.94879821
47.93183853
47.9062211
47.88231374
47.87330941
47.85488538
47.83609719
47.8215935
47.812849
47.80664877
47.80168524
47.78078624
47.7436235
47.72736898
47.72449431
47.69985407
47.66914491
47.63375324
47.61308732
47.62180769
47.63189275
47.62480931
47.62086046
47.60244478
47.5880117
47.57095463
47.57572355
47.568518
47.56426319
47.54865232
47.53399283
47.50962686
47.49130579
47.47258018
47.47704729
47.4651696
47.4387994
47.39174764
47.3413696
47.29429978
47.25052297
47.23272921
47.23254989
47.2233189
47.18734893
47.13836645
47.09741478
47.06051588
47.02021391
46.97130147
46.91868154
46.86398481
46.80213089
46.7357455
46.66391674
46.61348789
46.57628582
46.55380482
46.52139082
46.47641931
46.44416153
46.41857713
46.38599942
46.36078942
46.34137043
46.32109316
46.29843568
46.26375663
46.24663787
46.22966322
46.207968
46.18316068
46.17000778
46.15690598
46.15945268
46.14847897
46.12680995
46.0905201
46.04098668
45.97518544
45.91746199
45.85501996
45.75626622
45.65822669
45.58647122
45.50643433
45.39918892
45.31669097
45.22817775
45.15624145
45.1019349
45.07020827
45.03761316
44.97815232
44.92813322
44.88525853
44.84235323
44.76875935
44.689818
44.62777685
44.53132522
44.43613706
44.36224269
44.25498788
44.16029271
44.08829502
44.04421788
43.99164743
43.96945546
43.95726824
43.94990656
43.93605838
43.90645707
43.89099598
43.85783701
43.82405683
43.79091617
43.74155701
43.69904376
43.65677161
43.60683496
43.54069619
43.48430489
43.46164613
43.46144353
43.44527876
43.43912808
43.39866047
43.36161297
43.35689321
43.33953234
43.31865887
43.2947921
43.26404636
43.21063934
43.13988764
43.06980138
43.02069197
42.97187765
42.91298889
42.87926089
42.83365531
42.77781625
42.72794547
42.66821371
42.61600678
42.5507033
42.50079639
42.46277251
42.43590336
42.42192531
42.40454432
42.38672687
42.37705187
42.3574191
42.33585243
42.29389192
42.25767308
42.19534092
42.14190534
42.08939754
42.03766025
41.99023925
41.93872433
41.89607942
41.84274395
41.77290305
41.71777074
41.66735106
41.62152781
41.57848246
41.53297859
41.49232334
41.45776445
41.42351546
41.39853178
41.3636671
41.31317408
41.26496086
41.22687256
41.17948484
41.1144569
41.02529718
40.91032718
40.75654619
40.48021359
39.92256231
39.13094726
38.19481447
37.16843194
36.07233409
35.00968595
34.08320603
33.34194375
32.73659841
32.14786
31.67233107
31.34560805
31.15603125
31.14627157
31.22283624
31.39141393
31.58229596
31.77572431
31.98718343
32.22003301
32.49538353
32.83307451
33.2183824
33.60615659
34.00874726
34.39457636
34.77802405
35.14858962
35.44506561
35.71186208
35.94612563
36.18861298
36.39807112
36.58615368
36.72328674
36.86248485
36.99302701
37.11845471
37.18944263
37.25448064
37.32386166
37.38448313
37.43696472
37.48478622
37.53218031
37.58436273
37.63691524
37.71046473
37.78549175
37.85461732
37.96328148
38.07276
38.17050365
38.27790594
38.39157835
38.485369
38.58102378
38.68365997
38.76233326
38.85623737
38.9505371
39.04053179
39.14408369
39.24958461
39.35165472
39.46216289
39.56884877
39.68509632
39.78112071
39.88474027
39.96708584
40.0633571
40.14536572
40.22885865
40.30554175
40.38584588
40.48306924
40.58780246
40.70579213
40.83643254
40.97876573
41.12834409
41.2610052
41.38725093
41.49201261
41.58583554
41.66139585
41.76481315
41.85831027
41.91683479
41.96198352
42.03001827
42.0719412
42.06572095
42.0416091
42.02661497
41.99387282
41.95751145
41.93494729
41.92611151
41.93526436
41.95560653
41.95481269
41.95228844
41.95291303
41.95255057
41.95837609
41.96691071
41.97267801
41.98445264
42.01307077
42.03247108
42.07447596
42.11631983
42.14087835
42.17753076
42.19470927
42.20267997
42.2329101
42.27663464
42.29499077
42.30329765
42.33166884
42.34701458
42.32993068
42.34399688
42.38701883
42.42541552
42.4931126
42.60463999
42.68309775
42.71966514
42.7297863
42.70774557
42.64867697
42.59077395
42.53229243
42.47749576
42.417414
42.36857364
42.36236452
42.335243
42.3105024
42.28793592
42.26526102
42.23060808
42.19037848
42.14393878
42.10204949
42.08250705
42.06320788
42.05584378
42.02640464
41.98679137
41.94315919
41.9043939
41.85881168
41.83308294
41.81137038
41.79492497
41.77013365
41.76652173
41.71395049
41.70152389
41.69726191
41.66808595
41.65932052
41.68442712
41.6847883
41.68001763
41.68505529
41.67412065
41.66468168
41.68592393
41.69199961
41.66591316
41.64471894
41.63052878
41.60306908
41.55772012
41.52545667
41.48821582
41.45457125
41.42856896
41.38916323
41.35963741
41.33162948
41.32841574
41.31655963
41.30199396
41.28476189
41.24493479
41.214346
41.19832319
41.18861083
41.16283083
41.12920305
41.10745474
41.07514973
41.03130249
41.00930616
40.9830628
40.97531889
40.9568633
40.94718285
40.93160239
40.91202519
40.91644848
40.92583024
40.92685875
40.9307309
40.93574641
40.939375
40.94593463
40.94470778
40.95599077
40.97037861
40.98163911
41.00538558
41.04281198
41.08153037
41.1174138
41.15357512
41.1722859
41.1681599
41.1625526
41.17890763
41.20295771
41.20817938
41.25272916
41.30867108
41.33516446
41.35783496
41.38999696
41.41649124
41.43356172
41.46786818
41.507674
41.53821129
41.57693688
41.60064442
41.60829497
41.6119161
41.63099401
41.64376012
41.64503632
41.65803773
41.65114512
41.67359928
41.70779541
41.70412589
41.70612905
41.71620847
41.72628886
41.73235179
41.7324201
41.73562407
41.7638199
41.79923207
41.84630556
41.88806104
41.92410522
41.97223337
41.99613961
42.00770757
42.03747974
42.08533376
42.13604828
42.18982545
42.23698274
42.26535901
42.29782955
42.29960237
42.28973442
42.26968773
42.24086567
42.22726337
42.24675841
42.26448842
42.29788604
42.33722712
42.39715927
42.46291144
42.52627301
42.57434976
42.59828171
42.60009603
42.61333082
42.61335407
42.61570173
42.6271365
42.6485208
42.69280504
42.72139386
42.77774338
42.83314138
42.88429953
42.91923031
42.94694486
42.96474406
42.99298386
43.01909223
43.05526662
43.09750454
43.16271769
43.22533751
43.26666826
43.31748077
43.36595576
43.41612319
43.43675434
43.47532235
43.51505095
43.54216335
43.55744568
43.59405693
43.62426301
43.6592711
43.69996023
43.7208134
43.75395557
43.79854498
43.85192462
43.91420961
43.96630544
44.01498991
44.06496114
44.14132496
44.21364221
44.26954239
44.32956654
44.39899158
44.4567697
44.48944373
44.52968219
44.57520156
44.61827717
44.66413475
44.73739574
44.81303681
44.89508399
44.9625852
44.99843238
45.04570636
45.1147967
45.20263287
45.29404162
45.368902
45.39368247
45.42430904
45.45287822
45.50758482
45.585893
45.68300648
45.76409591
45.82232443
45.86557253
45.91712227
45.98556264
46.04865883
46.09818144
46.1284998
46.14521368
46.17953949
46.2241104
46.28962041
46.35079339
46.40706753
46.44952814
46.4769842
46.51847633
46.56824196
46.61511727
46.62170639
46.62855484
46.67066615
46.69366977
46.7242686
46.74976952
46.74876789
46.73491626
46.75218179
46.77759867
46.77116748
46.76364336
46.77144866
46.76169143
46.75133403
46.7534317
46.75060076
46.75807405
46.74760733
46.74522187
46.73254805
46.73199501
46.71778006
46.67807522
46.66096989
46.67456769
46.69227602
46.69197121
46.69065172
46.67458683
46.6663027
46.66125616
46.64741593
46.62748726
46.61675437
46.60652053
46.61172852
46.63570471
46.64174685
46.62324435
46.61835624
46.60330339
46.61221281
46.61772712
46.61670694
46.59697392
46.60362052
46.61399829
46.60947826
46.61426258
46.61705126
46.62211966
46.60830278
46.60374631
46.59221518
46.59427984
46.59226822
46.61128715
46.63688252
46.64702676
46.63280514
46.62537258
46.60066302
46.56173755
46.50066009
46.45800319
46.43703314
46.43185013
46.41968829
46.41752065
46.41206359
46.40455523
46.41055893
46.43610965
46.45002472
46.46439826
46.47329468
46.47480202
46.45911662
46.46769304
46.46639357
46.48706334
46.52617973
46.54673816
46.54428638
46.51991317
46.47060031
46.44113015
46.44851461
46.47916029
46.50111715
46.50704012
46.50741936
46.49629575
46.47334614
46.44376819
46.43142988
46.42095916
46.42510784
46.40797188
46.38090335
46.33455932
46.2968833
46.27971196
46.2595577
46.22642591
46.21334371
46.1985411
46.17140473
46.14467848
46.10964319
46.07746245
46.04306834
45.99545211
45.93222386
45.85600907
45.78526907
45.73845249
45.69663196
45.65648556
45.62545558
45.60891447
45.60371511
45.58683062
45.56208431
45.5263073
45.46977062
45.41309715
45.35719351
45.30737522
45.25145774
45.19985888
45.16609984
45.1444201
45.11911284
45.08264539
45.05353907
45.02840343
45.00440848
44.96661928
44.93224148
44.88424193
44.82281053
44.74547462
44.66587614
44.56350184
44.43959947
44.3339168
44.22875651
44.13915557
44.07464479
44.03491316
44.01343807
43.9899362
43.9842421
43.9608727
43.92455248
43.8916277
43.86402677
43.82016091
43.73991942
43.6690142
43.61712317
43.55198363
43.51290584
43.44588639
43.35737279
43.3004322
43.24255459
43.18355026
43.14129175
43.14424368
43.17680297
43.18229766
43.20661973
43.21148463
43.21148463
43.20535643
43.0901113
42.84600125
42.44063487
41.85575663
41.14975091
40.33847701
39.56805802
38.77836798
38.01099858
37.25351894
36.61911261
35.98314199
35.4672723
34.95317164
34.48462341
34.03003145
33.71893971
33.406657
33.15869775
32.94483504
32.8550964
32.88393445
33.05525635
33.22045549
33.45691697
33.72533567
34.04532142
34.34324643
34.63502643
34.8924369
35.17184852
35.40019639
35.67783237
35.91922629
36.18143697
36.39818618
36.63040716
36.81347079
37.017734
37.19413314
37.33899584
37.43980084
37.57043325
37.63917316
37.70842021
37.79293675
37.90721443
37.99122196
38.07270787
38.12943044
38.20048163
38.24190502
38.33222979
38.41101987
38.54852268
38.64887331
38.77384055
38.88421828
39.0333155
39.17019781
39.36872624
39.60253816
39.89218933
40.1242927
40.33199301
40.53006069
40.67584705
40.83735597
41.00342734
41.15843052
41.29908454
41.40810959
41.49211129
41.56264472
41.63322329
41.71894532
41.78214026
41.80732116
41.79836169
41.7754715
41.77184839
41.79245986
41.82324235
41.87166484
41.91374811
41.91966715
41.90953034
41.90953034
41.90511031
41.8990079
41.9028974
41.91048978
41.90217532
41.86373463
41.82030262
41.7924253
41.80471034
41.82034825
41.81841444
41.83338234
41.85605981
41.87410119
41.88559758
41.89949077
41.91924647
41.92442523
41.91523799
41.9017085
41.89652047
41.86583359
41.85866363
41.86815408
41.86088402
41.85813408
41.8423197
41.80827909
41.78605329
41.7627648
41.73076505
41.68258372
41.63371013
41.60258402
41.56746326
41.54265095
41.53377227
41.51786971
41.51194756
41.50776598
41.51132527
41.53815462
41.56259398
41.58066267
41.62554411
41.66308901
41.6880998
41.7316012
41.77276077
41.77916247
41.77843436
41.79756938
41.80356614
41.82184633
41.85813255
41.88868087
41.94219797
41.98520358
42.00801438
42.02554771
42.01066051
41.97565413
41.96159786
41.93749103
41.89707905
41.87188941
41.86159127
41.83032889
41.79197685
41.80018782
41.80108908
41.78384675
41.78917869
41.77302452
41.74732593
41.72495723
41.71464549
41.69072505
41.66186757
41.64615059
41.6488739
41.64496946
41.64724917
41.66855532
41.68849236
41.68909128
41.6965736
41.70772599
41.6844521
41.67217811
41.69120212
41.6914119
41.70611821
41.73049138
41.75039829
41.7703086
41.7767951
41.76413198
41.77319155
41.77495176
41.77564862
41.78705225
41.81379715
41.83609938
41.87268903
41.90070555
41.92252455
41.93098239
41.94292055
41.95072318
41.94349066
41.96055525
41.99018524
42.02146477
42.0455965
42.04927632
42.06798294
42.09071712
42.10957612
42.12698006
42.14619229
42.15447751
42.15775937
42.17705865
42.21644671
42.27799012
42.33336506
42.40685109
42.47666125
42.52875414
42.55815855
42.5934589
42.60803746
42.62552584
42.63499204
42.67351303
42.70590577
42.7540936
42.81317531
42.90214339
42.96532536
43.0629594
43.13379653
43.19709338
43.2607414
43.30569207
43.34120975
43.36883095
43.39202092
43.43026104
43.45460206
43.49102193
43.53697895
43.59258955
43.67714562
43.77591611
43.86776078
43.95386681
44.02322147
44.09329001
44.17324512
44.23744557
44.28927094
44.32585379
44.34558542
44.36949331
44.41059912
44.4562389
44.50403939
44.54796692
44.58198398
44.6126856
44.65319225
44.69258927
44.71300552
44.7489458
44.77761945
44.79347015
44.81176156
44.84518242
44.85671115
44.85862095
44.86253374
44.85885741
44.86553897
44.87372153
44.86105303
44.86549732
44.87870719
44.88251421
44.87399966
44.86405112
44.8546746
44.86455156
44.84709499
44.82237481
44.78011441
44.7448815
44.72198307
44.70190303
44.70048482
44.71238174
44.70393053
44.71177642
44.71976526
44.72395767
44.73146368
44.71472634
44.68105993
44.60866667
44.55543737
44.54827028
44.57390071
44.58382519
44.61207769
44.61967873
44.6220983
44.59196448
44.53654385
44.4868758
44.45664737
44.45796584
44.47363153
44.48285708
44.48205438
44.45619405
44.43064539
44.40114358
44.38129241
44.35330848
44.31872009
44.29616214
44.29955942
44.29900652
44.28917382
44.2529168
44.21556801
44.19100097
44.15335135
44.10895947
44.06660937
44.03487137
43.9972059
43.97949434
43.95564854
43.91284851
43.87713355
43.8315708
43.77628664
43.72334539
43.66407222
43.59345629
43.53088325
43.45542703
43.3927675
43.34758778
43.30732732
43.26867014
43.23464916
43.20536967
43.17463965
43.14003229
43.1086132
43.06786682
43.01827423
42.95311914
42.9018522
42.84351073
42.79571909
42.76771199
42.7370029
42.68261933
42.60722932
42.49141956
42.32590353
42.06536393
41.65304271
41.11270783
40.43515951
39.58874766
38.58889494
42.28752841
