1.8377
1.8095
1.7748
1.7158
1.6261
1.5123
1.3976
1.2753
1.1636
1.0700
1.0085
0.9586
0.9317
0.9213
0.9095
0.8825
0.8578
0.8027
0.7453
0.6856
0.6402
0.5788
0.5203
0.4407
0.3799
0.3191
0.2607
0.2148
0.1715
0.1419
0.1210
0.1087
0.1061
0.0972
0.1005
0.0802
0.0575
0.0462
0.0425
0.0425
0.0536
0.0794
0.1089
0.1161
0.1156
0.0815
0.0384
-0.0235
-0.0879
-0.1508
-0.1938
-0.2203
-0.2211
-0.2070
-0.1746
-0.1533
-0.1392
-0.1436
-0.1664
-0.2002
-0.2290
-0.2367
-0.2299
-0.2186
-0.2065
-0.1959
-0.2042
-0.2026
-0.1936
-0.2070
-0.2600
-0.3629
-0.4694
-0.5510
-0.5928
-0.5899
-0.5871
-0.6091
-0.6784
-0.7742
-0.8811
-0.9728
-1.0417
-1.1024
-1.1429
-1.1822
-1.2722
-1.4063
-1.5734
-1.7849
-2.0204
-2.2576
-2.4774
-2.6895
-2.8824
-3.0656
-3.2222
-3.3344
-3.4010
-3.4231
-3.4585
-3.5231
-3.6376
-3.7675
-3.8884
-3.9666
-3.9978
-3.9874
-3.9748
-3.9621
-3.9808
-4.0334
-4.1073
-4.2094
-4.3483
-4.5104
-4.6637
-4.8094
-4.9444
-5.1021
-5.2722
-5.4604
-5.6562
-5.8793
-6.0975
-6.3592
-6.6465
-6.9485
-7.2202
-7.4724
-7.7282
-7.9644
-8.2008
-8.4247
-8.6236
-8.8458
-9.1053
-9.4110
-9.7439
-10.1042
-10.4775
-10.8334
-11.1826
-11.4832
-11.7362
-11.9321
-12.1126
-12.2597
-12.4441
-12.6670
-12.9333
-13.2017
-13.4384
-13.6313
-13.8170
-14.0333
-14.3029
-14.6266
-15.0025
-15.4003
-15.8075
-16.2028
-16.5683
-16.9285
-17.2215
-17.4860
-17.6895
-17.8315
-17.9309
-18.0333
-18.1471
-18.2689
-18.4191
-18.5796
-18.7504
-18.9146
-19.1015
-19.3186
-19.5574
-19.8032
-20.0545
-20.3205
-20.6336
-20.9545
-21.2489
-21.5024
-21.7035
-21.8810
-22.0417
-22.1910
-22.3530
-22.5112
-22.6686
-22.8212
-22.9725
-23.1248
-23.2847
-23.4350
-23.5905
-23.7516
-23.9524
-24.1728
-24.4127
-24.6365
-24.8677
-25.0612
-25.2921
-25.5814
-25.9319
-26.3107
-26.7003
-27.0972
-27.4895
-27.8511
-28.1653
-28.3886
-28.5018
-28.5772
-28.6434
-28.6980
-28.7468
-28.7878
-28.8364
-28.8941
-28.9470
-29.0087
-29.0733
-29.1380
-29.2318
-29.3387
-29.4646
-29.6020
-29.7274
-29.8497
-29.9710
-30.0529
-30.0721
-30.0789
-30.1181
-30.1643
-30.2099
-30.2354
-30.2917
-30.3614
-30.4279
-30.4751
-30.4831
-30.4710
-30.4768
-30.5026
-30.5682
-30.6613
-30.7672
-30.8743
-30.9470
-31.0193
-31.0555
-31.0821
-31.0777
-31.0832
-31.1025
-31.1613
-31.2309
-31.2872
-31.3102
-31.2498
-31.1058
-30.9393
-30.7803
-30.6641
-30.5787
-30.5330
-30.4968
-30.4735
-30.4364
-30.3643
-30.2770
-30.1741
-30.0835
-30.0212
-29.9615
-29.8914
-29.7955
-29.6571
-29.4424
-29.1472
-28.7587
-28.3099
-27.8819
-27.5196
-27.2572
-27.0733
-26.9362
-26.7993
-26.6343
-26.4218
-26.1811
-25.9413
-25.6993
-25.4385
-25.1766
-24.9145
-24.6466
-24.3700
-24.0848
-23.7914
-23.5036
-23.2188
-22.9313
-22.6101
-22.2832
-21.9592
-21.6548
-21.3475
-21.0766
-20.8254
-20.5992
-20.3814
-20.1856
-19.9596
-19.7112
-19.4351
-19.1478
-18.8267
-18.5140
-18.2176
-17.9394
-17.6861
-17.4584
-17.1923
-16.9255
-16.6335
-16.3187
-16.0380
-15.7481
-15.5030
-15.2432
-14.9694
-14.6789
-14.3842
-14.0600
-13.7409
-13.4406
-13.1780
-12.9456
-12.7298
-12.5274
-12.2956
-12.0291
-11.7248
-11.4006
-11.0551
-10.6945
-10.3492
-9.9938
-9.6320
-9.2796
-8.9032
-8.5268
-8.1335
-7.7329
-7.3636
-7.0106
-6.7007
-6.4274
-6.1687
-5.9281
-5.7144
-5.5294
-5.3626
-5.2124
-5.0670
-4.9234
-4.7441
-4.5425
-4.2963
-4.0227
-3.7412
-3.4460
-3.1219
-2.7864
-2.4475
-2.1027
-1.7632
-1.4365
-1.1217
-0.8546
-0.6183
-0.4116
-0.2322
-0.0921
0.0410
0.1491
0.2611
0.3612
0.4508
0.5444
0.6380
0.7315
0.8032
0.8562
0.8873
0.9025
0.9223
0.9374
0.9749
1.0224
1.0666
1.1145
1.1285
1.0912
1.0150
0.9388
0.9042
0.8943
0.9093
0.9731
1.0624
1.1725
1.2827
1.3315
1.3120
1.2454
1.1154
0.9735
0.8115
0.6259
0.4564
0.3583
0.3837
