-3.0959
-3.2570
-3.4323
-3.5793
-3.6898
-3.7503
-3.7595
-3.7539
-3.7580
-3.8001
-3.8805
-3.9846
-4.1230
-4.2652
-4.4090
-4.5205
-4.5958
-4.6534
-4.7002
-4.7526
-4.8120
-4.8997
-4.9865
-5.0825
-5.1648
-5.2228
-5.2448
-5.2505
-5.2742
-5.3209
-5.3713
-5.4004
-5.4263
-5.4646
-5.5117
-5.5619
-5.6327
-5.6843
-5.7234
-5.7501
-5.7538
-5.7470
-5.7189
-5.6945
-5.6560
-5.6176
-5.5878
-5.5983
-5.6332
-5.6802
-5.6994
-5.6923
-5.6782
-5.6536
-5.6183
-5.5756
-5.5340
-5.5418
-5.6272
-5.7513
-5.8809
-5.9633
-5.9997
-6.0363
-6.1079
-6.2166
-6.3519
-6.5071
-6.6464
-6.7772
-6.8870
-6.9915
-7.1139
-7.2785
-7.4873
-7.7473
-8.0394
-8.3229
-8.5733
-8.7921
-8.9720
-9.1339
-9.3258
-9.5460
-9.8124
-10.0912
-10.3628
-10.6066
-10.7921
-10.9173
-11.0594
-11.2029
-11.3624
-11.5314
-11.7215
-11.9724
-12.2945
-12.6997
-13.1187
-13.5073
-13.8404
-14.1368
-14.3543
-14.4962
-14.6050
-14.7229
-14.8811
-15.0861
-15.3006
-15.5393
-15.8134
-16.1252
-16.4482
-16.7965
-17.1108
-17.4233
-17.7269
-17.9953
-18.2348
-18.4104
-18.5717
-18.6961
-18.8232
-18.9812
-19.1691
-19.3847
-19.6077
-19.8024
-19.9815
-20.1750
-20.3870
-20.6184
-20.8959
-21.1935
-21.5340
-21.8938
-22.3013
-22.6718
-23.0058
-23.2596
-23.4310
-23.5438
-23.6480
-23.7553
-23.8709
-23.9985
-24.1379
-24.2860
-24.4336
-24.5482
-24.6239
-24.6807
-24.7571
-24.8248
-24.8696
-24.8880
-24.8692
-24.8337
-24.8154
-24.8144
-24.8336
-24.8672
-24.9032
-24.9221
-24.9296
-24.9434
-24.9430
-24.9516
-24.9575
-24.9723
-25.0301
-25.1191
-25.2138
-25.3090
-25.3869
-25.4620
-25.5223
-25.5710
-25.6166
-25.6729
-25.7347
-25.8080
-25.8761
-25.9443
-26.0179
-26.0859
-26.1565
-26.2488
-26.3546
-26.4636
-26.5811
-26.6987
-26.8162
-26.9548
-27.0950
-27.2153
-27.2980
-27.3209
-27.2993
-27.2493
-27.1913
-27.1330
-27.0921
-27.0550
-27.0035
-26.9293
-26.8041
-26.6589
-26.4908
-26.3126
-26.1456
-26.0071
-25.8719
-25.7259
-25.5274
-25.2389
-24.8810
-24.4678
-24.0716
-23.7004
-23.3542
-23.0328
-22.7311
-22.4657
-22.2171
-21.9934
-21.7587
-21.4818
-21.1744
-20.8612
-20.5788
-20.3469
-20.1570
-20.0314
-19.9228
-19.8029
-19.6602
-19.5033
-19.3350
-19.1381
-18.9059
-18.6296
-18.2967
-17.9066
-17.5024
-17.0832
-16.6733
-16.3491
-16.1105
-15.9878
-15.8856
-15.7926
-15.6637
-15.5240
-15.3698
-15.2149
-15.0790
-14.9598
-14.8115
-14.6079
-14.3090
-13.8797
-13.3228
-12.6875
-12.0219
-11.4253
-10.8915
-10.4711
-10.0992
-9.7966
-9.5280
-9.2774
-9.0733
-8.9141
-8.8374
-8.8093
-8.7931
-8.7583
-8.6864
-8.5995
-8.4793
-8.3068
-8.0854
-7.8252
-7.5327
-7.2265
-6.9468
-6.7107
-6.5197
-6.3316
-6.1208
-5.8688
-5.6335
-5.4084
-5.2290
-5.0780
-4.9851
-4.8956
-4.7957
-4.6992
-4.5747
-4.4360
-4.2866
-4.1644
-4.1043
-4.0978
-4.1254
-4.1448
-4.1280
-4.0838
-4.0411
-4.0000
-3.9831
-4.0086
-4.0650
-4.1172
-4.1080
-4.0374
-3.9211
-3.7637
-3.6616
-3.6346
-3.6650
-3.7083
-3.7598
-3.8205
-3.9082
-4.0328
-4.1571
-4.3024
-4.4600
-4.6558
-4.8777
-5.1403
-5.3958
-5.6379
-5.8347
-5.9303
-5.9579
-5.9560
-5.9596
-5.9963
-6.0827
-6.2095
-6.3453
-6.5010
-6.6657
-6.8173
-6.9413
-7.0323
-7.1123
-7.1941
-7.3053
-7.4330
-7.5879
-7.7501
-7.9158
-8.0775
-8.2132
-8.3357
-8.4692
-8.5858
-8.6910
-8.8013
-8.9291
-9.0637
-9.2208
-9.3735
-9.5284
-9.6661
-9.7744
-9.8892
-10.0285
-10.2120
-10.4146
-10.6184
-10.8077
-10.9355
-10.9812
-10.9614
-10.8852
-10.8283
-10.8230
-10.8822
-10.9738
-11.1215
-11.2311
-11.2958
-11.3247
-11.3313
-11.3400
-11.3650
-11.3955
-11.4272
-11.4298
-11.3958
-11.3618
-11.3433
-11.3180
-11.3118
-11.3212
-11.3408
-11.3604
-11.3854
-11.3840
-11.3846
-11.3926
-11.3937
-11.4165
-11.4623
-11.5136
-11.5771
-11.6456
-11.6978
-11.7372
-11.7590
-11.7896
-11.8412
-11.9235
-12.0290
-12.1564
-12.3172
-12.5134
-12.7783
-13.1064
-13.4791
-13.8366
-14.1478
-14.4205
-14.6243
-14.7637
-14.8497
-14.9577
-15.1144
-15.3149
-15.5324
-15.7400
-15.9507
-16.1761
-16.4755
-16.8378
-17.2497
-17.6797
-18.0821
-18.4501
-18.7513
-18.9939
-19.1451
-19.2550
-19.3299
-19.4086
-19.5083
-19.6605
-19.8631
-20.0729
-20.3169
-20.5874
-20.8611
-21.1255
-21.3477
-21.4747
-21.5765
-21.6503
-21.6785
-21.6820
-21.6676
-21.6619
-21.6537
-21.6402
-21.6103
-21.5612
-21.5244
-21.4817
-21.4906
-21.5103
-21.5323
-21.5570
-21.5818
-21.6005
-21.6252
-21.6497
-21.6804
-21.7175
-21.7640
-21.8173
-21.8507
-21.8845
-21.8896
-21.8979
-21.9147
-21.9605
-22.0319
-22.1028
-22.1094
-22.0348
-21.8882
-21.7420
-21.6469
-21.6175
-21.6253
-21.6218
-21.5752
-21.4539
-21.2758
-21.1235
-20.9974
-20.9166
-20.8501
-20.7604
-20.6047
-20.3750
-20.1056
-19.8446
-19.6346
-19.4875
-19.3827
-19.2950
-19.2067
-19.1099
-18.9652
-18.7894
-18.5995
-18.3951
-18.1738
-17.9349
-17.7021
-17.4693
-17.2427
-17.0576
-16.9760
-16.9620
-16.9652
-16.9444
-16.9049
-16.8458
-16.7465
-16.6155
-16.4613
-16.2931
-16.1280
-15.9335
-15.7057
-15.4554
-15.1702
-14.9003
-14.6250
-14.4078
-14.2330
-14.0699
-13.9199
-13.8010
-13.7140
-13.6154
-13.5432
-13.4710
-13.3518
-13.1922
-13.0112
-12.8302
-12.6277
-12.4325
-12.2359
-12.0209
-11.7585
-11.4380
-11.1014
-10.7853
-10.4740
-10.2167
-10.0207
-9.8667
-9.7291
-9.6269
-9.5445
-9.4874
-9.4284
-9.3831
-9.3330
-9.2628
-9.1724
-9.0685
-8.9510
-8.8198
-8.6782
-8.5192
-8.3531
-8.1780
-8.0266
-7.9126
-7.8207
-7.7888
-7.8277
-7.9254
-8.0195
-8.0683
-8.0857
-8.1153
-8.1556
-8.1977
-8.1668
-8.0122
-7.7418
-7.3736
-6.9890
-6.5851
-6.1341
-5.6483
-5.1951
