-5.217779638
-5.238438601
-5.281822002
-5.368813077
-5.452248838
-5.523488621
-5.548241263
-5.527447437
-5.520145606
-5.531387337
-5.5448702
-5.5538565
-5.572950886
-5.623482669
-5.675150244
-5.715579837
-5.727937706
-5.733551117
-5.75708927
-5.818696389
-5.904654586
-6.044191913
-6.204321799
-6.348401829
-6.446475536
-6.505421035
-6.533114747
-6.525205583
-6.525205583
-6.551075589
-6.607255864
-6.672901064
-6.726779444
-6.813638162
-6.90312626
-6.973128505
-7.050501756
-7.159098484
-7.330394886
-7.568463307
-7.841437538
-8.068839765
-8.231568558
-8.309714613
-8.31094643
-8.263768213
-8.282006291
-8.3498855
-8.393894311
-8.410608211
-8.432890775
-8.467257942
-8.528939105
-8.624152635
-8.730917655
-8.834638876
-9.007576322
-9.215956051
-9.445644125
-9.662359946
-9.870336948
-10.05240081
-10.20638692
-10.27574612
-10.28001484
-10.26684426
-10.27877001
-10.30839099
-10.3212124
-10.38592997
-10.45550947
-10.52245574
-10.53092575
-10.46002393
-10.44027239
-10.45343975
-10.47319327
-10.47319327
-10.47085935
-10.47085935
-10.39419675
-10.22138783
-10.0899733
-10.02857788
-10.01936895
-10.05378742
-10.1779013
-10.29632348
-10.35818988
-10.34753701
-10.34552882
-10.38973366
-10.46355738
-10.55215453
-10.62895803
-10.69873809
-10.73776509
-10.76367697
-10.7649697
-10.7649697
-10.7649697
-10.8170669
-10.88232396
-10.94414538
-11.01094412
-11.07827381
-11.14270528
-11.18006504
-11.21061736
-11.25136531
-11.27577726
-11.31874669
-11.4188526
-11.60041639
-11.80071421
-11.99098341
-12.19432624
-12.40511433
-12.57891082
-12.7183084
-12.82381016
-12.87569022
-12.88232245
-12.86654067
-12.87899671
-12.89520356
-12.90066545
-12.92092144
-12.94000533
-12.95773708
-12.98092609
-13.01778252
-13.06959029
-13.1363835
-13.20723537
-13.28075011
-13.35695447
-13.4276822
-13.47011727
-13.5135825
-13.55566134
-13.60178782
-13.62362832
-13.60397578
-13.64205774
-13.70706671
-13.76527494
-13.8220874
-13.87481707
-13.92079266
-13.97079293
-14.02617163
-14.06839133
-14.14936139
-14.24748038
-14.31349866
-14.34208627
-14.36790102
-14.41230529
-14.46742509
-14.52524188
-14.58301145
-14.63814475
-14.67738671
-14.71798347
-14.78780299
-14.88534365
-14.98528768
-15.0719125
-15.12113228
-15.12249373
-15.1091728
-15.07587591
-15.06921747
-15.07849306
-15.07579237
-15.03047451
-14.97344431
-14.91101093
-14.8737838
-14.86852164
-14.90711012
-14.97877698
-15.05578658
-15.0810785
-15.10501974
-15.14072086
-15.15254243
-15.1165497
-15.08056958
-15.02328807
-14.93289078
-14.83854586
-14.79447026
-14.80862144
-14.82808925
-14.81856656
-14.82490565
-14.84191725
-14.88007429
-14.92879459
-14.96946966
-14.95450789
-14.90375387
-14.86866898
-14.84668917
-14.84071243
-14.83896037
-14.85181497
-14.88587458
-14.9184271
-14.944117
-14.92730817
-14.85907709
-14.78286263
-14.73684238
-14.72523403
-14.74156778
-14.74100973
-14.72855411
-14.72379533
-14.74502693
-14.76491005
-14.77286318
-14.7756658
-14.78362256
-14.75239089
-14.65250754
-14.51578283
-14.32897189
-14.15053177
-13.99577289
-13.89762839
-13.87435028
-13.92062136
-13.9707997
-14.00255785
-14.00196155
-14.00386548
-14.00983671
-13.98990178
-13.95288072
-13.90025446
-13.85667564
-13.84965269
-13.84655834
-13.83172644
-13.80354412
-13.75535623
-13.70037883
-13.6180886
-13.51610493
-13.43022562
-13.40878917
-13.40878917
-13.41535236
-13.42191587
-13.41535236
-13.41896326
-13.42082067
-13.40713612
-13.34036248
-13.24017566
-13.14445545
-13.02971555
-12.91583053
-12.79651459
-12.66535775
-12.48809708
-12.33162535
-12.23238555
-12.21424361
-12.21822265
-12.22791085
-12.20162151
-12.17021751
-12.11816277
-12.05816194
-11.96827947
-11.88184341
-11.80331128
-11.762373
-11.71719348
-11.6785006
-11.62570915
-11.58052513
-11.52014264
-11.44347926
-11.34206422
-11.23645623
-11.12018058
-10.98276186
-10.86452335
-10.75814126
-10.66680996
-10.57551838
-10.46816411
-10.37697023
-10.28474933
-10.13661172
-9.979187079
-9.822928795
-9.658284683
-9.486350704
-9.317424695
-9.175714979
-9.087649955
-8.985616993
-8.915518636
-8.839092812
-8.775440843
-8.756351674
-8.751253918
-8.733431647
-8.710261524
-8.647119518
-8.53055613
-8.389642433
-8.26124823
-8.138898128
-7.991644974
-7.8824485
-7.752111467
-7.62597998
-7.491442399
-7.351688888
-7.230180123
-7.133907192
-7.061713859
-6.967492726
-6.842122191
-6.703600598
-6.57863738
-6.458100032
-6.319459922
-6.110980032
-5.88645738
-5.733067211
-5.684577323
-5.665165577
-5.664919441
-5.64639926
-5.622012487
-5.580921466
-5.525723366
-5.442318939
-5.346974918
-5.199930917
-5.011170041
-4.802207283
-4.585188522
-4.38568088
-4.221526225
-4.048210205
-3.888136351
-3.761830169
-3.662643609
-3.548788128
-3.418381147
-3.302764252
-3.20194415
-3.088909688
-2.958770559
-2.84460907
-2.749508352
-2.68392698
-2.624499839
-2.535603257
-2.441332637
-2.325515449
-2.187075555
-2.034868623
-1.85052961
-1.604524057
-1.318824535
-1.014071629
-0.724782334
-0.442578854
-0.205033668
-0.053870137
0.016537188
0.05847571
0.113418301
0.169061847
0.23511499
0.354824542
0.495121883
0.62405005
0.766084765
0.908358079
1.026712536
1.149543057
1.287388109
1.446932559
1.64682598
1.888335655
2.186448685
2.488944896
2.77376252
3.013863695
3.207222242
3.364712994
3.496867426
3.621393268
3.732875591
3.828683984
3.909416568
4.009590806
4.140217175
4.274023544
4.380955321
4.48855958
4.599649417
4.675163863
4.719421806
4.740307661
4.763322032
4.798581872
4.856509606
4.949747624
5.066733897
5.168752485
5.247094051
5.330126596
5.423656035
5.503286727
5.59456017
5.711424972
5.862068048
6.020882907
6.157084549
6.2869887
6.415311356
6.556420376
6.70391329
6.892897762
7.0893476
7.280035396
7.401962863
7.526625955
7.657166817
7.772515203
7.893187145
8.013408475
8.124656054
8.22588467
8.311302739
8.37133791
8.415042861
8.462541739
8.499982735
8.526868001
8.548966178
8.591198576
8.616299223
8.608941929
8.590197641
8.597683136
8.626689574
8.676222902
8.721400921
8.744092104
8.718016365
8.663301081
8.598120395
8.545370906
8.492126458
8.42742815
8.369972528
8.356458169
8.377206321
8.408400648
8.44010499
8.498740045
8.556005368
8.590102382
8.583624045
8.543823116
8.521287378
8.548010695
8.564091792
8.599542442
8.659249449
8.728520715
8.729032403
8.683118735
8.574063628
8.419557046
8.284349613
8.212971474
8.214618674
8.293549701
8.433021452
8.589249557
8.6970926
8.762441315
8.760300894
8.7205998
8.657372435
8.560606231
8.462176239
8.354300286
8.243318965
8.122338635
7.983968202
7.884415749
7.838498689
7.816492352
7.810712462
7.800140863
7.747285347
7.63858269
7.509272941
7.377898565
7.259878074
7.155845089
7.081556254
6.989842782
6.884699901
6.76324464
6.62010097
6.488702544
6.36248129
6.237665878
6.135518059
6.044374719
5.957749537
5.871701001
5.788184592
5.71638861
5.667429496
5.636100831
5.618631101
5.608189141
5.591211119
5.585990305
5.597417062
5.602965369
5.592525243
5.558567929
5.52526519
5.492621817
5.444321138
5.384919773
5.338139101
5.271684266
5.168996119
5.05374758
4.924683164
4.764867231
4.570613057
4.35824884
4.141888465
3.915202931
3.657384078
3.376660935
3.077855833
2.789061054
2.494957854
2.234143289
2.052586683
1.93153568
1.831358796
1.770475887
1.756862297
1.776335752
1.802980653
1.814214134
1.786266025
1.738362174
1.671695397
1.634072414
1.59941901
1.536655332
1.462518309
1.43185385
1.425897841
1.368253038
1.272214483
1.204642341
1.157707172
1.11514119
1.080161368
1.059161257
1.030558196
1.010698924
0.969850437
0.918233797
0.870092757
0.797403949
0.711316798
0.627257882
0.537946528
0.449533083
0.359312407
0.271935747
0.171922265
0.056413975
-0.049977333
-0.173100413
-0.306789917
-0.432778837
-0.545634982
-0.673894307
-0.803582715
-0.936196457
-1.04144543
-1.120283417
-1.189657205
-1.290083795
-1.432750636
-1.554565488
-1.66464755
-1.766159803
-1.848106446
-1.939492641
-2.044096143
-2.169927416
-2.356879975
-2.602018421
-2.844237167
-3.092498073
-3.325938024
-3.494488394
-3.643503373
-3.787938336
-3.974219893
-4.144187107
-4.295775117
-4.363794394
-4.41155247
-4.454066518
-4.482427489
-4.494370782
-4.540710451
-4.609838154
-4.668470762
-4.711023961
-4.756143056
-4.809871111
-4.894693453
-4.96504838
-5.057069985
-5.163013048
-5.257343243
-5.332030112
-5.396202501
-5.483193927
-5.571009319
-5.669859855
-5.778926638
-5.933242673
-6.095962269
-6.227885686
-6.34196118
-6.440851468
-6.510660852
-6.570072571
-6.653778568
-6.763327292
-6.873236449
-6.982405952
-7.09101318
-7.208743283
-7.351063687
-7.440717681
-7.451564576
-7.434241691
-7.434241691
-7.488471579
-7.503683893
-7.432297685
-7.378244049
-7.380513991
-7.40793741
-7.409145772
-7.362275466
-7.275109344
-7.156906449
-6.998532078
-6.797994962
-6.542004177
-6.27132674
-6.06094769
-5.917166682
