-5.509633573
-5.332534137
-5.137047765
-4.957557826
-4.804529084
-4.710974476
-4.685380803
-4.695493838
-4.708991733
-4.717988063
-4.723312709
-4.716805171
-4.714531445
-4.721799866
-4.78416326
-4.875298181
-4.982682111
-5.099188597
-5.206450478
-5.304021549
-5.384650046
-5.437938759
-5.465412519
-5.499273162
-5.530104915
-5.540915492
-5.544144609
-5.559489532
-5.598468338
-5.642963472
-5.679754946
-5.733721664
-5.80486216
-5.892775627
-5.989500255
-6.140177808
-6.334264027
-6.544629036
-6.744529861
-6.856166235
-6.867222387
-6.825495266
-6.782605583
-6.770932992
-6.77210162
-6.794828358
-6.84553462
-6.868262076
-6.869434151
-6.869434151
-6.903839652
-6.972655982
-7.087850912
-7.239865162
-7.424543675
-7.632302852
-7.897864735
-8.179612852
-8.415027957
-8.607219044
-8.839746199
-9.069041151
-9.230361109
-9.343677016
-9.396361106
-9.423969364
-9.441793154
-9.458354006
-9.490207811
-9.555897804
-9.631844159
-9.718766756
-9.810456277
-9.923879236
-10.07653838
-10.30988596
-10.58570824
-10.85084446
-11.09763599
-11.35974324
-11.65282309
-11.94169444
-12.18925672
-12.33887258
-12.41581412
-12.45516557
-12.48497339
-12.47837673
-12.47837673
-12.48247913
-12.50708381
-12.52757502
-12.53986421
-12.55214924
-12.58830434
-12.631967
-12.68883544
-12.74069506
-12.78187081
-12.79507385
-12.80984466
-12.82202907
-12.84639533
-12.89109874
-12.96828578
-13.09350399
-13.26283984
-13.52095225
-13.86534476
-14.23500579
-14.56094148
-14.82569969
-15.00107416
-15.07205165
-15.07344578
-15.06677596
-15.06010644
-15.06010644
-15.06010644
-15.06150002
-15.06299229
-15.05781339
-15.06458063
-15.07950684
-15.10259004
-15.14974542
-15.22790253
-15.34376385
-15.48095157
-15.63147532
-15.80063104
-15.96422638
-16.10769897
-16.24378803
-16.36628741
-16.46741503
-16.5165279
-16.49776077
-16.45748241
-16.42001556
-16.36913609
-16.29981936
-16.21709462
-16.1494248
-16.08471721
-16.07727389
-16.09105702
-16.10876529
-16.09406166
-16.07955829
-16.0798625
-16.08823771
-16.09646394
-16.05633465
-15.98126609
-15.9129958
-15.85550245
-15.84587744
-15.85494452
-15.88417124
-15.90937699
-15.93463563
-15.96259638
-15.98500102
-15.99286166
-15.98979683
-15.98656781
-16.03124684
-16.12471568
-16.2535479
-16.40021335
-16.51530222
-16.59008636
-16.65273799
-16.6915427
-16.68744413
-16.68292971
-16.67908154
-16.68112304
-16.66905086
-16.64894586
-16.6288436
-16.61544362
-16.60204486
-16.59534594
-16.57525101
-16.51498272
-16.46143169
-16.3705837
-16.27309773
-16.1995843
-16.12610799
-16.06601862
-16.00338508
-15.95262894
-15.90710987
-15.86399137
-15.82901951
-15.79255216
-15.74110454
-15.67360411
-15.57691944
-15.493259
-15.40852846
-15.31459775
-15.22218618
-15.15360779
-15.12578515
-15.14013867
-15.16234992
-15.18840828
-15.19464107
-15.17047284
-15.11251871
-15.01673664
-14.92763612
-14.8609878
-14.82736616
-14.83453202
-14.87292949
-14.92405114
-14.97638924
-15.01597089
-15.03222222
-15.03300644
-14.99450932
-14.90207597
-14.74499399
-14.56955389
-14.39140666
-14.24337331
-14.13070378
-14.04019372
-13.98764579
-13.92999815
-13.86700038
-13.79532674
-13.72539485
-13.6492041
-13.57067522
-13.52354152
-13.49969727
-13.46542111
-13.41891371
-13.34880325
-13.24907525
-13.12983995
-12.99114382
-12.81655432
-12.6148303
-12.39923855
-12.22255886
-12.08095742
-11.98334921
-11.92570758
-11.90911912
-11.89001044
-11.86442736
-11.82590515
-11.77867305
-11.71852313
-11.63366798
-11.53953149
-11.45050061
-11.36617452
-11.28499124
-11.20670654
-11.12516401
-11.02435979
-10.90568804
-10.79969098
-10.67876876
-10.56785665
-10.45246867
-10.34465557
-10.21983019
-10.08202738
-9.936018457
-9.786418413
-9.65239947
-9.522770349
-9.403230745
-9.31881846
-9.255238214
-9.198043662
-9.14953511
-9.094690804
-9.027172303
-8.953341309
-8.856479848
-8.759672407
-8.663405715
-8.556767127
-8.466860149
-8.397749179
-8.345363675
-8.316015545
-8.269962744
-8.213525286
-8.154860566
-8.085818659
-7.996008019
-7.889512586
-7.772639349
-7.628404874
-7.473588599
-7.293780373
-7.052469434
-6.768781704
-6.417253018
-6.010471255
-5.600199079
-5.217272911
-4.857248925
-4.550397308
-4.291952879
-4.109175004
-4.012112277
-3.993686202
-3.993686202
-3.991105025
-3.990244518
-3.989383954
-3.989383954
-3.989383954
-3.979020309
-3.968656301
-3.968656301
-3.968656301
-3.946012953
-3.923371478
-3.853136825
-3.768303154
-3.659127749
-3.525648441
-3.383710834
-3.185376876
-2.93339926
-2.671947607
-2.415026253
-2.16409583
-1.889751527
-1.622452267
-1.3614219
-1.134700387
-0.924778967
-0.723510057
-0.533059723
-0.380559014
-0.266874101
-0.174706421
-0.114433755
-0.066167021
-0.041862649
-0.01257965
0.024033895
0.07541386
0.138038718
0.215682813
0.280745316
0.352388345
0.435731771
0.547844624
0.670910369
0.814808222
0.972850914
1.179230059
1.389279571
1.588815558
1.756391826
1.908326582
1.99786845
2.072469498
2.165769185
2.252786753
2.354198021
2.487488166
2.628339805
2.747194695
2.830096262
2.903126833
2.970340857
3.051249357
3.127831941
3.202507157
3.282398729
3.355072741
3.407515043
3.422983042
3.461047612
3.489430429
3.506203452
3.523029441
3.539161231
3.5715297
3.625295925
3.699820109
3.791838176
3.909184622
4.026520007
4.174993974
4.303308947
4.432133828
4.582844851
4.784781574
5.016331591
5.287016203
5.530525106
5.728368049
5.869519781
5.967848433
6.025270367
6.086251713
6.111057308
6.127195993
6.142202907
6.143326187
6.15832618
6.170945271
6.197442686
6.223382086
6.239506509
6.256190184
6.26656743
6.287884808
6.312158902
6.338110582
6.379639099
6.431560498
6.498523808
6.564960393
6.622121575
6.674648159
6.742781962
6.811474752
6.890031187
6.952466487
7.019584787
7.1075373
7.19500706
7.2893179
7.387288389
7.467595472
7.548953077
7.643871874
7.718460186
7.775335946
7.800912225
7.810834675
7.811865206
7.812895873
7.82436318
7.850970543
7.867173778
7.900028293
7.942330064
7.991353718
8.040449212
8.099480779
8.180376286
8.291556205
8.398122283
8.526003763
8.642999515
8.722982143
8.750374507
8.740804402
8.708853456
8.693341927
8.677773244
8.674087184
8.66155317
8.644422216
8.616424798
8.587450239
8.552830953
8.518731904
8.502275405
8.457984121
8.393562331
8.328165028
8.296264329
8.282899155
8.267911278
8.216623647
8.154170472
8.041060995
7.901315863
7.746290413
7.617158425
7.524160237
7.460941231
7.418795116
7.370310347
7.315093586
7.242770259
7.149309869
7.034692078
6.893184582
6.73955397
6.584001692
6.421932841
6.2549088
6.080799846
5.922624162
5.786898747
5.651335202
5.50490983
5.328827688
5.12597773
4.890901088
4.627640774
4.383490694
4.163827836
4.004588629
3.896757136
3.858148035
3.83471823
3.809313446
3.788466967
3.789342295
3.789342295
3.793916634
3.803788812
3.830277245
3.858209423
3.900596795
3.944426564
3.981523027
3.992839797
3.992839797
3.992839797
3.994990929
3.99929395
4.007185436
4.015798176
4.022260357
4.024414917
4.024414917
4.013567799
3.990787744
3.969484992
3.943998804
3.938800901
3.954408671
3.987335439
4.016630627
4.037748188
4.048307454
4.039548356
3.973963984
3.877574735
3.799602322
3.763728134
3.747701679
3.727690138
3.713629734
3.709428389
3.666698357
3.56206008
3.438835692
3.23156848
2.921772276
2.536035092
2.14981872
1.81599892
1.589463693
1.433479492
1.335007244
1.284306451
1.265067944
1.270453306
1.261598767
1.248224564
1.24388766
1.218263407
1.184202147
1.146493081
1.124076544
1.11633822
1.093375072
1.006711971
0.876610439
0.718655406
0.562032828
0.415156433
0.26626284
0.096812741
-0.121460585
-0.370610448
-0.66915602
-1.046486667
-1.450840553
-1.876741822
-2.302450599
-2.703845736
-3.056789314
-3.375119421
-3.65156198
-3.860696335
-3.993129184
-4.046447203
-4.072046362
-4.062280381
-4.059254044
-4.077279961
-4.123765203
-4.180103188
-4.224175993
-4.318126796
-4.433031384
-4.55228745
-4.642977006
-4.703869437
-4.721223949
-4.734973395
-4.752039298
-4.775733499
-4.811578725
-4.869755966
-4.994421168
-5.200391387
-5.450469044
-5.717971478
-5.969216506
-6.212623691
-6.443737743
-6.646814086
-6.8378634
-7.03586021
-7.218661457
-7.391807323
-7.559639578
-7.732120588
-7.891449448
-8.047532589
-8.184630848
-8.265524269
-8.317984427
-8.353773691
-8.372281194
-8.387700988
-8.401261865
-8.433321603
-8.482605164
-8.528245423
-8.591609901
-8.67593418
-8.726492518
-8.655392542
