-4.333421
-4.394267
-4.455110
-4.515948
-4.576778
-4.637599
-4.698407
-4.759200
-4.819975
-4.880731
-4.941464
-5.002173
-5.062854
-5.123505
-5.184124
-5.244708
-5.305254
-5.365761
-5.426226
-5.486645
-5.547018
-5.607341
-5.667611
-5.727827
-5.787986
-5.848085
-5.908123
-5.968095
-6.028001
-6.087837
-6.147602
-6.207292
-6.266906
-6.326440
-6.385893
-6.445261
-6.504543
-6.563736
-6.622838
-6.681846
-6.740758
-6.799571
-6.858283
-6.916892
-6.975395
-7.033790
-7.092074
-7.150245
-7.208301
-7.266239
-7.324057
-7.381752
-7.439322
-7.496766
-7.554080
-7.611261
-7.668309
-7.725220
-7.781992
-7.838623
-7.895110
-7.951451
-8.007644
-8.063687
-8.119577
-8.175312
-8.230889
-8.286307
-8.341563
-8.396654
-8.451579
-8.506336
-8.560922
-8.615334
-8.669571
-8.723631
-8.777510
-8.831208
-8.884721
-8.938048
-8.991187
-9.044134
-9.096889
-9.149449
-9.201811
-9.253974
-9.305935
-9.357693
-9.409245
-9.460589
-9.511722
-9.562644
-9.613352
-9.663843
-9.714116
-9.764169
-9.813999
-9.863605
-9.912984
-9.962135
-10.011055
-10.059743
-10.108196
-10.156412
-10.204390
-10.252128
-10.299623
-10.346873
-10.393878
-10.440634
-10.487140
-10.533394
-10.579394
-10.625138
-10.670625
-10.715851
-10.760817
-10.805519
-10.849956
-10.894126
-10.938028
-10.981659
-11.025017
-11.068102
-11.110911
-11.153442
-11.195694
-11.237664
-11.279352
-11.320755
-11.361873
-11.402702
-11.443242
-11.483490
-11.523446
-11.563107
-11.602472
-11.641539
-11.680307
-11.718774
-11.756939
-11.794799
-11.832354
-11.869601
-11.906540
-11.943169
-11.979486
-12.015490
-12.051179
-12.086553
-12.121608
-12.156345
-12.190761
-12.224855
-12.258626
-12.292073
-12.325193
-12.357986
-12.390451
-12.422585
-12.454388
-12.485859
-12.516995
-12.547797
-12.578261
-12.608389
-12.638177
-12.667625
-12.696732
-12.725496
-12.753916
-12.781992
-12.809721
-12.837103
-12.864137
-12.890822
-12.917156
-12.943138
-12.968768
-12.994044
-13.018966
-13.043531
-13.067740
-13.091591
-13.115083
-13.138216
-13.160988
-13.183398
-13.205446
-13.227131
-13.248451
-13.269406
-13.289995
-13.310218
-13.330072
-13.349558
-13.368675
-13.387421
-13.405797
-13.423801
-13.441433
-13.458692
-13.475577
-13.492088
-13.508223
-13.523983
-13.539366
-13.554372
-13.569000
-13.583250
-13.597122
-13.610613
-13.623725
-13.636456
-13.648807
-13.660775
-13.672362
-13.683566
-13.694387
-13.704825
-13.714879
-13.724548
-13.733833
-13.742733
-13.751248
-13.759376
-13.767119
-13.774475
-13.781445
-13.788027
-13.794223
-13.800030
-13.805450
-13.810482
-13.815126
-13.819382
-13.823249
-13.826727
-13.829816
-13.832517
-13.834828
-13.836750
-13.838283
-13.839427
-13.840181
-13.840546
-13.840521
-13.840107
-13.839304
-13.838111
-13.836529
-13.834558
-13.832198
-13.829448
-13.826310
-13.822782
-13.818866
-13.814562
-13.809869
-13.804788
-13.799319
-13.793462
-13.787218
-13.780587
-13.773569
-13.766164
-13.758372
-13.750195
-13.741632
-13.732683
-13.723350
-13.713632
-13.703529
-13.693043
-13.682174
-13.670921
-13.659287
-13.647270
-13.634871
-13.622092
-13.608932
-13.595393
-13.581474
-13.567176
-13.552500
-13.537446
-13.522015
-13.506208
-13.490025
-13.473468
-13.456535
-13.439230
-13.421551
-13.403500
-13.385077
-13.366284
-13.347120
-13.327588
-13.307687
-13.287418
-13.266783
-13.245782
-13.224416
-13.202685
-13.180591
-13.158135
-13.135318
-13.112140
-13.088602
-13.064706
-13.040452
-13.015841
-12.990875
-12.965555
-12.939880
-12.913853
-12.887475
-12.860746
-12.833668
-12.806242
-12.778469
-12.750350
-12.721886
-12.693079
-12.663929
-12.634438
-12.604607
-12.574437
-12.543930
-12.513086
-12.481907
-12.450395
-12.418550
-12.386374
-12.353868
-12.321033
-12.287871
-12.254384
-12.220572
-12.186437
-12.151980
-12.117204
-12.082108
-12.046695
-12.010966
-11.974922
-11.938566
-11.901898
-11.864920
-11.827633
-11.790040
-11.752141
-11.713938
-11.675433
-11.636627
-11.597522
-11.558120
-11.518422
-11.478429
-11.438144
-11.397567
-11.356702
-11.315548
-11.274109
-11.232385
-11.190379
-11.148092
-11.105526
-11.062682
-11.019563
-10.976170
-10.932505
-10.888569
-10.844365
-10.799895
-10.755159
-10.710161
-10.664901
-10.619382
-10.573605
-10.527573
-10.481287
-10.434750
-10.387962
-10.340926
-10.293645
-10.246119
-10.198351
-10.150343
-10.102096
-10.053614
-10.004897
-9.955947
-9.906768
-9.857360
-9.807726
-9.757867
-9.707787
-9.657486
-9.606967
-9.556232
-9.505284
-9.454123
-9.402753
-9.351175
-9.299391
-9.247405
-9.195216
-9.142829
-9.090245
-9.037466
-8.984494
-8.931332
-8.877981
-8.824444
-8.770724
-8.716821
-8.662739
-8.608480
-8.554045
-8.499438
-8.444660
-8.389714
-8.334601
-8.279325
-8.223887
-8.168289
-8.112535
-8.056626
-8.000564
-7.944352
-7.887992
-7.831487
-7.774838
-7.718048
-7.661120
-7.604055
-7.546857
-7.489527
-7.432067
-7.374481
-7.316770
-7.258937
-7.200984
-7.142913
-7.084728
-7.026429
-6.968021
-6.909504
-6.850882
-6.792157
-6.733332
-6.674408
-6.615388
-6.556274
-6.497070
-6.437777
-6.378397
-6.318934
-6.259390
-6.199767
-6.140067
-6.080293
-6.020448
-5.960534
-5.900553
-5.840507
-5.780400
-5.720234
-5.660011
-5.599734
-5.539405
-5.479026
-5.418601
-5.358131
-5.297619
-5.237067
-5.176479
-5.115856
-5.055201
-4.994516
-4.933804
-4.873068
-4.812310
-4.751532
-4.690737
-4.629927
-4.569105
-4.508273
-4.447435
-4.386591
-4.325746
-4.264901
-4.204058
-4.143221
-4.082392
-4.021573
-3.960766
-3.899975
-3.839202
-3.778449
-3.717719
-3.657014
-3.596336
-3.535689
-3.475075
-3.414495
-3.353953
-3.293452
-3.232993
-3.172579
-3.112213
-3.051896
-2.991632
-2.931423
-2.871272
-2.811180
-2.751151
-2.691187
-2.631290
-2.571462
-2.511707
-2.452026
-2.392423
-2.332898
-2.273456
-2.214099
-2.154828
-2.095646
-2.036556
-1.977560
-1.918660
-1.859860
-1.801160
-1.742565
-1.684075
-1.625695
-1.567425
-1.509268
-1.451227
-1.393304
-1.335501
-1.277821
-1.220267
-1.162840
-1.105543
-1.048378
-0.991347
-0.934454
-0.877699
-0.821086
-0.764617
-0.708295
-0.652120
