-6.443253
-6.544514
-6.645772
-6.747025
-6.848271
-6.949506
-7.050727
-7.151933
-7.253120
-7.354287
-7.455429
-7.556546
-7.657633
-7.758689
-7.859710
-7.960695
-8.061640
-8.162543
-8.263402
-8.364213
-8.464974
-8.565682
-8.666336
-8.766931
-8.867466
-8.967938
-9.068345
-9.168683
-9.268950
-9.369144
-9.469261
-9.569300
-9.669258
-9.769131
-9.868918
-9.968616
-10.068223
-10.167735
-10.267150
-10.366466
-10.465680
-10.564789
-10.663790
-10.762683
-10.861462
-10.960127
-11.058674
-11.157102
-11.255406
-11.353586
-11.451638
-11.549559
-11.647348
-11.745001
-11.842517
-11.939892
-12.037124
-12.134211
-12.231149
-12.327937
-12.424572
-12.521051
-12.617373
-12.713533
-12.809531
-12.905363
-13.001027
-13.096520
-13.191841
-13.286985
-13.381952
-13.476739
-13.571342
-13.665760
-13.759990
-13.854030
-13.947877
-14.041529
-14.134983
-14.228237
-14.321289
-14.414136
-14.506775
-14.599205
-14.691422
-14.783425
-14.875212
-14.966778
-15.058123
-15.149244
-15.240139
-15.330805
-15.421239
-15.511441
-15.601406
-15.691133
-15.780619
-15.869863
-15.958861
-16.047612
-16.136114
-16.224363
-16.312357
-16.400095
-16.487574
-16.574792
-16.661746
-16.748434
-16.834855
-16.921005
-17.006882
-17.092485
-17.177811
-17.262858
-17.347623
-17.432104
-17.516300
-17.600208
-17.683825
-17.767151
-17.850181
-17.932915
-18.015350
-18.097484
-18.179315
-18.260841
-18.342059
-18.422968
-18.503566
-18.583849
-18.663817
-18.743467
-18.822797
-18.901805
-18.980489
-19.058847
-19.136877
-19.214576
-19.291944
-19.368977
-19.445674
-19.522033
-19.598051
-19.673728
-19.749060
-19.824047
-19.898685
-19.972973
-20.046910
-20.120492
-20.193719
-20.266588
-20.339098
-20.411246
-20.483031
-20.554451
-20.625503
-20.696187
-20.766500
-20.836441
-20.906007
-20.975197
-21.044009
-21.112441
-21.180492
-21.248159
-21.315441
-21.382337
-21.448844
-21.514961
-21.580685
-21.646016
-21.710952
-21.775490
-21.839629
-21.903369
-21.966706
-22.029639
-22.092167
-22.154287
-22.216000
-22.277301
-22.338192
-22.398668
-22.458730
-22.518375
-22.577602
-22.636409
-22.694795
-22.752759
-22.810298
-22.867411
-22.924098
-22.980355
-23.036183
-23.091579
-23.146542
-23.201070
-23.255163
-23.308818
-23.362035
-23.414812
-23.467147
-23.519039
-23.570487
-23.621490
-23.672046
-23.722154
-23.771812
-23.821020
-23.869776
-23.918078
-23.965926
-24.013318
-24.060253
-24.106730
-24.152748
-24.198305
-24.243400
-24.288032
-24.332200
-24.375902
-24.419139
-24.461907
-24.504207
-24.546038
-24.587397
-24.628285
-24.668699
-24.708640
-24.748105
-24.787094
-24.825606
-24.863640
-24.901195
-24.938270
-24.974864
-25.010975
-25.046604
-25.081749
-25.116409
-25.150584
-25.184272
-25.217472
-25.250184
-25.282407
-25.314140
-25.345382
-25.376133
-25.406391
-25.436155
-25.465426
-25.494202
-25.522483
-25.550267
-25.577554
-25.604344
-25.630635
-25.656427
-25.681720
-25.706512
-25.730803
-25.754592
-25.777879
-25.800663
-25.822944
-25.844721
-25.865993
-25.886759
-25.907020
-25.926775
-25.946023
-25.964764
-25.982997
-26.000722
-26.017938
-26.034645
-26.050842
-26.066530
-26.081707
-26.096373
-26.110528
-26.124172
-26.137303
-26.149922
-26.162029
-26.173623
-26.184704
-26.195271
-26.205325
-26.214864
-26.223889
-26.232400
-26.240396
-26.247877
-26.254843
-26.261294
-26.267229
-26.272649
-26.277552
-26.281940
-26.285812
-26.289168
-26.292008
-26.294331
-26.296138
-26.297429
-26.298203
-26.298461
-26.298202
-26.297427
-26.296136
-26.294328
-26.292004
-26.289164
-26.285807
-26.281934
-26.277546
-26.272641
-26.267221
-26.261285
-26.254833
-26.247867
-26.240385
-26.232388
-26.223877
-26.214851
-26.205310
-26.195256
-26.184688
-26.173607
-26.162012
-26.149905
-26.137285
-26.124152
-26.110508
-26.096352
-26.081685
-26.066508
-26.050819
-26.034621
-26.017914
-26.000697
-25.982971
-25.964737
-25.945996
-25.926747
-25.906992
-25.886730
-25.865962
-25.844690
-25.822912
-25.800631
-25.777846
-25.754558
-25.730768
-25.706476
-25.681684
-25.656391
-25.630598
-25.604306
-25.577515
-25.550227
-25.522442
-25.494161
-25.465384
-25.436113
-25.406347
-25.376089
-25.345338
-25.314095
-25.282361
-25.250137
-25.217425
-25.184224
-25.150535
-25.116360
-25.081699
-25.046553
-25.010924
-24.974811
-24.938217
-24.901141
-24.863586
-24.825551
-24.787038
-24.748048
-24.708582
-24.668641
-24.628226
-24.587338
-24.545978
-24.504147
-24.461846
-24.419077
-24.375840
-24.332136
-24.287968
-24.243335
-24.198239
-24.152682
-24.106664
-24.060186
-24.013250
-23.965857
-23.918009
-23.869706
-23.820949
-23.771741
-23.722082
-23.671973
-23.621417
-23.570413
-23.518965
-23.467072
-23.414736
-23.361959
-23.308741
-23.255085
-23.200992
-23.146463
-23.091499
-23.036103
-22.980275
-22.924016
-22.867330
-22.810215
-22.752676
-22.694712
-22.636325
-22.577517
-22.518289
-22.458644
-22.398581
-22.338104
-22.277213
-22.215911
-22.154198
-22.092077
-22.029548
-21.966615
-21.903277
-21.839537
-21.775397
-21.710858
-21.645922
-21.580591
-21.514866
-21.448748
-21.382241
-21.315345
-21.248062
-21.180394
-21.112343
-21.043910
-20.975097
-20.905907
-20.836340
-20.766399
-20.696085
-20.625401
-20.554348
-20.482928
-20.411142
-20.338994
-20.266483
-20.193614
-20.120386
-20.046803
-19.972866
-19.898578
-19.823939
-19.748952
-19.673619
-19.597942
-19.521923
-19.445564
-19.368866
-19.291832
-19.214465
-19.136765
-19.058734
-18.980376
-18.901691
-18.822683
-18.743352
-18.663702
-18.583734
-18.503450
-18.422852
-18.341943
-18.260724
-18.179198
-18.097366
-18.015232
-17.932796
-17.850062
-17.767031
-17.683705
-17.600087
-17.516179
-17.431983
-17.347501
-17.262735
-17.177688
-17.092362
-17.006759
-16.920881
-16.834730
-16.748310
-16.661621
-16.574666
-16.487448
-16.399969
-16.312231
-16.224236
-16.135986
-16.047485
-15.958733
-15.869735
-15.780491
-15.691004
-15.601276
-15.511311
-15.421109
-15.330674
-15.240008
-15.149113
-15.057992
-14.966647
-14.875079
-14.783293
-14.691290
-14.599072
-14.506642
-14.414002
-14.321155
-14.228103
-14.134848
-14.041394
-13.947742
-13.853895
-13.759854
-13.665624
-13.571206
-13.476602
-13.381816
-13.286849
-13.191703
-13.096383
-13.000889
-12.905225
-12.809393
-12.713395
-12.617234
-12.520913
-12.424433
-12.327798
-12.231010
-12.134071
-12.036984
-11.939752
-11.842376
-11.744861
-11.647207
-11.549418
-11.451497
-11.353445
-11.255265
-11.156960
-11.058533
-10.959985
-10.861320
-10.762540
-10.663648
-10.564646
-10.465537
-10.366323
-10.267007
-10.167592
-10.068079
-9.968473
-9.868775
-9.768987
-9.669114
-9.569156
-9.469117
-9.368999
-9.268806
-9.168538
-9.068200
-8.967794
-8.867322
-8.766786
-8.666191
-8.565537
-8.464829
-8.364068
-8.263257
-8.162398
-8.061495
-7.960550
-7.859565
-7.758543
-7.657487
-7.556400
-7.455284
-7.354141
-7.252975
-7.151787
-7.050581
-6.949360
-6.848125
-6.746880
-6.645626
-6.544368
-6.443107
-6.341846
-6.240587
-6.139334
-6.038089
-5.936854
-5.835632
-5.734426
-5.633239
-5.532073
-5.430930
-5.329814
-5.228727
-5.127671
-5.026649
-4.925665
-4.824720
-4.723817
-4.622958
-4.522147
-4.421386
-4.320678
-4.220025
-4.119429
-4.018894
-3.918422
-3.818016
-3.717678
-3.617411
-3.517217
-3.417100
-3.317061
-3.217104
-3.117230
-3.017443
-2.917745
-2.818139
-2.718627
-2.619212
-2.519896
-2.420683
-2.321574
-2.222572
-2.123680
-2.024901
-1.926236
-1.827689
-1.729262
-1.630957
-1.532778
-1.434726
-1.336805
-1.239016
-1.141363
-1.043848
-0.946473
-0.849241
-0.752155
-0.655217
-0.558429
-0.461794
-0.365315
-0.268994
-0.172833
-0.076836
0.018996
0.114659
0.210152
0.305473
0.400617
0.495584
0.590370
0.684973
0.779391
0.873620
0.967660
1.061507
1.155158
1.248612
1.341866
1.434917
1.527764
1.620403
1.712832
1.805050
1.897052
1.988838
2.080405
2.171750
2.262870
2.353765
2.444430
2.534864
2.625065
2.715030
2.804757
2.894243
2.983486
3.072484
3.161235
3.249736
3.337984
3.425979
3.513716
3.601195
3.688412
3.775366
3.862054
3.948474
4.034623
4.120501
4.206103
4.291428
4.376475
4.461239
4.545721
4.629916
4.713823
4.797440
4.880765
4.963795
5.046529
5.128963
5.211097
5.292928
5.374453
5.455671
5.536579
5.617176
5.697459
5.777427
5.857076
5.936406
6.015413
6.094097
6.172454
6.250484
6.328183
6.405550
6.482582
6.559279
6.635637
6.711655
6.787331
6.862663
6.937649
7.012287
7.086575
7.160511
7.234093
7.307319
7.380188
7.452697
7.524844
7.596629
7.668048
7.739100
7.809783
7.880096
7.950036
8.019601
8.088791
8.157602
8.226034
8.294084
8.361751
8.429033
8.495928
8.562434
8.628550
8.694274
8.759605
8.824540
8.889077
8.953216
9.016955
9.080291
9.143224
9.205751
9.267871
9.329583
9.390884
9.451774
9.512250
9.572311
9.631955
9.691182
9.749988
9.808374
9.866337
9.923875
9.980988
10.037674
10.093931
10.149758
10.205153
10.260115
10.314643
10.368735
10.422390
10.475606
10.528382
10.580716
10.632608
10.684056
10.735058
10.785613
10.835720
10.885378
10.934585
10.983340
11.031642
11.079489
11.126881
11.173815
11.220292
11.266308
11.311865
11.356959
11.401591
11.445758
11.489460
11.532695
11.575463
11.617763
11.659592
11.700951
11.741838
11.782252
11.822191
11.861656
11.900645
11.939156
11.977189
12.014744
12.051818
12.088411
12.124522
12.160150
12.195294
12.229954
12.264127
12.297815
12.331014
12.363726
12.395948
12.427680
12.458922
12.489671
12.519929
12.549693
12.578963
12.607738
12.636018
12.663801
12.691088
12.717877
12.744167
12.769959
12.795251
12.820042
12.844332
12.868121
12.891407
12.914191
12.936470
12.958246
12.979518
13.000284
13.020544
13.040298
13.059545
13.078285
13.096518
13.114242
13.131457
13.148163
13.164360
13.180047
13.195223
13.209888
13.224043
13.237686
13.250816
13.263435
13.275541
13.287134
13.298214
13.308781
13.318833
13.328372
13.337397
13.345907
13.353902
13.361382
13.368347
13.374797
13.380732
13.386151
13.391054
13.395441
13.399312
13.402667
13.405506
13.407829
13.409635
13.410925
13.411699
13.411956
13.411696
13.410921
13.409628
13.407820
13.405495
13.402654
13.399297
13.395423
13.391034
13.386128
13.380707
13.374771
13.368318
13.361351
13.353868
13.345871
13.337359
13.328332
13.318791
13.308736
13.298167
13.287085
13.275490
13.263382
13.250761
13.237628
13.223983
13.209826
13.195158
13.179980
13.164291
13.148092
13.131384
13.114166
13.096440
13.078206
13.059463
13.040214
13.020457
13.000195
12.979427
12.958153
12.936375
12.914093
12.891308
12.868019
12.844228
12.819936
12.795142
12.769848
12.744055
12.717762
12.690971
12.663682
12.635897
12.607615
12.578837
12.549565
12.519799
12.489540
12.458788
12.427544
12.395810
12.363585
12.330872
12.297670
12.263981
12.229805
12.195143
12.159997
12.124367
12.088254
12.051659
12.014582
11.977026
11.938991
11.900477
11.861487
11.822020
11.782078
11.741662
11.700773
11.659413
11.617581
11.575280
11.532510
11.489272
11.445568
11.401399
11.356765
11.311669
11.266111
11.220092
11.173613
11.126677
11.079284
11.031434
10.983131
10.934374
10.885165
10.835505
10.785396
10.734838
10.683834
10.632385
10.580491
10.528155
10.475377
10.422159
10.368502
10.314409
10.259879
10.204915
10.149517
10.093689
10.037430
9.980742
9.923628
9.866087
9.808122
9.749735
9.690927
9.631698
9.572052
9.511989
9.451511
9.390620
9.329317
9.267604
9.205482
9.142953
9.080018
9.016680
8.952940
8.888799
8.824260
8.759323
8.693991
8.628265
8.562148
8.495640
8.428743
8.361460
8.293791
8.225739
8.157306
8.088493
8.019302
7.949734
7.879793
7.809479
7.738794
7.667740
7.596319
7.524533
7.452384
7.379873
7.307003
7.233775
7.160192
7.086254
7.011965
6.937326
6.862339
6.787005
6.711328
6.635308
6.558948
6.482250
6.405216
6.327848
6.250147
6.172116
6.093758
6.015073
5.936064
5.856733
5.777082
5.697113
5.616829
5.536230
5.455321
5.374101
5.292575
5.210743
5.128608
5.046172
4.963437
4.880406
4.797080
4.713461
4.629553
4.545356
4.460874
4.376108
4.291060
4.205734
4.120130
4.034252
3.948101
3.861680
3.774991
3.688036
3.600817
3.513337
3.425599
3.337603
3.249354
3.160852
3.072100
2.983101
2.893857
2.804369
2.714642
2.624676
2.534474
2.444039
2.353372
2.262477
2.171355
2.080010
1.988442
1.896655
1.804652
1.712434
1.620003
1.527363
1.434516
1.341463
1.248209
1.154754
1.061102
0.967254
0.873214
0.778983
0.684564
0.589960
0.495174
0.400206
0.305061
0.209740
0.114246
0.018582
-0.077251
-0.173249
-0.269410
-0.365732
-0.462211
-0.558847
-0.655635
-0.752574
-0.849661
-0.946894
-1.044269
-1.141785
-1.239439
-1.337228
-1.435150
-1.533202
-1.631382
-1.729687
-1.828115
-1.926662
-2.025327
-2.124107
-2.223000
-2.322002
-2.421111
-2.520325
-2.619641
-2.719057
-2.818569
-2.918176
-3.017874
-3.117662
-3.217535
-3.317493
-3.417532
-3.517650
-3.617844
-3.718111
-3.818450
-3.918856
-4.019328
-4.119864
-4.220459
-4.321113
-4.421822
-4.522583
-4.623394
-4.724253
-4.825156
-4.926101
-5.027086
-5.128108
-5.229163
-5.330251
-5.431367
-5.532510
-5.633676
-5.734864
