4.4928
4.4036
4.2903
4.1800
4.0660
3.9454
3.8370
3.7367
3.6617
3.5788
3.4866
3.3985
3.3356
3.2901
3.2686
3.2524
3.2284
3.1846
3.1409
3.0799
3.0270
3.0044
2.9844
2.9552
2.9154
2.8585
2.7792
2.7250
2.6879
2.6507
2.6163
2.5779
2.5147
2.4555
2.4003
2.3187
2.2517
2.2005
2.1611
2.0982
2.0327
1.9710
1.9174
1.8849
1.8800
1.8763
1.8817
1.9131
1.9458
1.9966
2.0095
1.9859
1.9455
1.8907
1.8281
1.7407
1.6431
1.5469
1.4535
1.3693
1.3382
1.3344
1.3500
1.3397
1.3269
1.3142
1.3275
1.3371
1.3311
1.3377
1.3235
1.3015
1.2860
1.2705
1.2588
1.2548
1.2584
1.2569
1.2427
1.2143
1.1729
1.1417
1.1158
1.1130
1.0959
1.0907
1.0868
1.0764
1.0531
0.9976
0.8696
0.6950
0.5025
0.3489
0.2198
0.1472
0.1444
0.1406
0.1444
0.1210
0.1271
0.1347
0.1574
0.1686
0.1875
0.1951
0.1913
0.1951
0.1987
0.2023
0.2136
0.2083
0.2120
0.2005
0.1914
0.1823
0.1642
0.1212
0.1024
0.1161
0.1426
0.1396
0.1110
0.0914
0.0694
0.0488
0.0292
-0.0177
-0.0750
-0.1504
-0.2025
-0.2365
-0.2700
-0.2983
-0.3476
-0.4385
-0.5580
-0.6762
-0.7696
-0.8423
-0.9098
-0.9644
-1.0047
-1.0411
-1.0995
-1.1981
-1.3203
-1.4516
-1.5609
-1.6597
-1.7584
-1.8480
-1.9430
-2.0304
-2.0996
-2.1338
-2.1376
-2.1376
-2.1490
-2.1695
-2.1968
-2.2188
-2.2332
-2.2682
-2.3122
-2.3380
-2.3601
-2.3943
-2.4286
-2.4415
-2.4415
-2.4453
-2.4652
-2.5086
-2.5741
-2.6556
-2.7249
-2.7910
-2.8442
-2.9232
-3.0350
-3.1652
-3.3061
-3.4116
-3.5063
-3.5774
-3.6124
-3.6328
-3.6477
-3.6848
-3.7471
-3.8166
-3.8919
-3.9655
-4.0167
-4.0808
-4.1433
-4.1935
-4.2345
-4.2718
-4.3070
-4.3368
-4.3592
-4.3720
-4.4083
-4.4375
-4.4996
-4.5617
-4.6258
-4.7013
-4.8061
-4.9217
-5.0575
-5.1878
-5.2924
-5.3931
-5.4665
-5.5197
-5.5564
-5.5878
-5.6487
-5.7592
-5.8585
-5.9320
-5.9815
-6.0402
-6.1026
-6.1540
-6.2017
-6.2605
-6.2973
-6.3267
-6.3690
-6.4352
-6.5160
-6.6134
-6.7143
-6.8319
-6.9587
-7.0855
-7.2013
-7.2858
-7.3501
-7.3847
-7.4194
-7.4578
-7.5182
-7.5880
-7.6358
-7.6709
-7.7204
-7.8034
-7.9160
-8.0336
-8.1837
-8.3158
-8.4131
-8.4805
-8.5332
-8.5861
-8.6471
-8.6935
-8.7267
-8.7486
-8.7614
-8.7829
-8.8137
-8.8414
-8.8703
-8.9099
-8.9480
-8.9860
-9.0112
-9.0384
-9.0677
-9.0877
-9.1077
-9.1421
-9.1800
-9.2359
-9.3174
-9.4295
-9.5681
-9.6796
-9.7875
-9.8748
-9.9381
-9.9737
-10.0022
-10.0378
-10.0719
-10.0968
-10.1614
-10.2615
-10.3818
-10.4753
-10.5269
-10.5411
-10.5412
-10.5412
-10.5447
-10.5447
-10.5447
-10.5447
-10.5482
-10.5482
-10.5553
-10.5588
-10.5659
-10.5730
-10.5871
-10.6084
-10.6156
-10.6227
-10.6263
-10.6404
-10.6580
-10.6898
-10.7356
-10.7814
-10.8027
-10.8409
-10.8881
-10.9311
-10.9592
-10.9964
-11.0210
-11.0456
-11.0702
-11.0982
-11.1145
-11.1413
-11.1693
-11.1869
-11.2044
-11.2219
-11.2359
-11.2466
-11.2537
-11.2677
-11.2782
-11.2852
-11.2852
-11.2888
-11.2993
-11.3170
-11.3346
-11.3663
-11.3854
-11.4346
-11.4919
-11.5651
-11.6140
-11.6524
-11.6851
-11.7094
-11.7096
-11.7074
-11.6961
-11.6927
-11.6996
-11.7011
-11.7004
-11.6884
-11.6947
-11.7190
-11.7157
-11.6625
-11.6104
-11.5696
-11.5605
-11.5605
-11.5640
-11.5676
-11.5654
-11.5690
-11.5704
-11.5732
-11.5760
-11.5879
-11.6033
-11.6311
-11.6361
-11.6275
-11.6233
-11.6135
-11.6254
-11.5974
-11.5366
-11.4316
-11.3040
-11.1433
-10.9769
-10.8014
-10.6678
-10.5816
-10.5553
-10.5588
-10.5623
-10.5511
-10.5345
-10.5387
-10.5486
-10.5305
-10.4414
-10.3015
-10.1854
-10.1361
-10.1500
-10.1827
-10.1827
-10.1522
-10.1480
-10.1480
-10.1549
-10.1619
-10.1690
-10.1794
-10.1684
-10.1496
-10.1260
-10.1239
-10.1274
-10.1378
-10.1518
-10.1553
-10.1637
-10.1609
-10.1443
-10.1242
-10.1075
-10.1034
-10.1243
-10.1432
-10.1690
-10.1677
-10.1318
-10.0647
-9.9547
-9.8357
-9.7515
-9.7260
-9.7149
-9.7149
-9.6928
-9.6693
-9.6169
-9.5609
-9.4781
-9.3938
-9.3006
-9.2060
-9.0734
-8.9104
-8.7480
-8.5911
-8.4434
-8.3002
-8.1749
-8.0659
-7.9822
-7.9036
-7.8125
-7.7103
-7.6206
-7.5331
-7.4331
-7.3312
-7.2383
-7.1776
-7.1280
-7.0800
-7.0139
-6.9549
-6.8906
-6.8245
-6.7531
-6.6781
-6.6227
-6.5477
-6.4674
-6.3692
-6.2711
-6.1801
-6.0659
-5.9429
-5.8126
-5.6824
-5.5416
-5.3902
-5.2388
-5.0964
-4.9808
-4.9007
-4.8402
-4.8065
-4.7781
-4.7354
-4.6627
-4.5758
-4.4835
-4.4160
-4.3717
-4.3327
-4.3025
-4.2687
-4.2278
-4.1691
-4.1035
-4.0379
-3.9829
-3.9400
-3.9006
-3.8616
-3.8190
-3.7800
-3.7462
-3.7020
-3.6610
-3.6039
-3.5400
-3.4777
-3.4134
-3.3455
-3.2670
-3.1885
-3.1172
-3.0548
-2.9819
-2.9319
-2.8709
-2.7997
-2.7191
-2.6098
-2.5131
-2.4213
-2.3316
-2.2623
-2.2121
-2.1640
-2.1019
-2.0805
-2.0495
-2.0193
-1.9891
-1.9376
-1.8840
-1.8355
-1.7782
-1.7312
-1.6952
-1.6598
-1.6318
-1.5963
-1.5379
-1.4951
-1.4419
-1.3910
-1.3593
-1.3158
-1.2444
-1.1162
-0.9673
-0.7959
-0.6240
-0.4707
-0.3540
-0.2452
-0.1667
-0.0869
0.0195
0.1274
0.2580
0.3823
0.4763
0.5448
0.6022
0.6470
0.6769
0.7031
0.7319
0.7760
0.8238
0.8676
0.8975
0.9348
0.9873
1.0448
1.0797
1.1131
1.1706
1.2661
1.3465
1.4168
1.4808
1.5424
1.6078
1.6744
1.7512
1.8129
1.8746
1.9223
1.9612
2.0178
2.0807
2.1336
2.1573
2.1875
2.2026
2.2214
2.2402
2.2703
2.3006
2.3067
2.3319
2.3736
2.4114
2.4721
2.5405
2.6165
2.6886
2.7759
2.8749
2.9637
3.0360
3.1275
3.1887
3.2423
3.2614
3.2574
3.2395
3.2256
3.2217
3.2176
3.2049
3.1740
3.0968
2.9742
2.8363
2.7647
2.7795
2.8331
2.8710
2.8845
2.8552
2.8194
2.7785
2.7644
10.8842
