5.4330
5.6809
5.9320
6.1546
6.3610
6.5186
6.6109
6.7287
6.8562
6.9577
7.0215
7.0704
7.0676
7.0243
6.9831
6.9069
6.8118
6.6906
6.5450
6.4216
6.3282
6.2706
6.2468
6.2617
6.3100
6.3652
6.4084
6.4130
6.3913
6.3220
6.2148
6.1240
6.0942
6.1407
6.2796
6.4060
6.4740
6.4826
6.4420
6.3688
6.2696
6.1689
6.1336
6.1273
6.1157
6.0844
6.0610
6.0141
5.9586
5.9251
5.8776
5.8293
5.7117
5.5551
5.3620
5.1728
4.9818
4.8288
4.7212
4.6752
4.6182
4.5688
4.5148
4.3979
4.1969
3.9433
3.7273
3.5789
3.4768
3.3920
3.3406
3.2935
3.2130
3.1048
2.9627
2.7852
2.6245
2.5206
2.4672
2.4543
2.4366
2.4110
2.3389
2.2261
2.0765
1.9347
1.8039
1.6323
1.4375
1.2515
1.0475
0.8397
0.6622
0.5472
0.4859
0.4376
0.4006
0.3815
0.3410
0.3053
0.2259
0.1196
-0.0069
-0.1676
-0.3491
-0.5453
-0.7191
-0.9117
-1.0901
-1.1793
-1.2114
-1.2114
-1.2152
-1.2242
-1.2549
-1.2921
-1.3474
-1.4377
-1.5228
-1.5855
-1.6377
-1.7148
-1.7949
-1.8938
-2.0032
-2.1360
-2.2920
-2.4615
-2.6256
-2.7433
-2.8454
-2.9649
-3.1004
-3.2499
-3.4010
-3.5395
-3.6729
-3.7861
-3.8849
-3.9955
-4.1593
-4.3830
-4.6510
-4.9533
-5.2458
-5.5025
-5.7249
-5.8922
-6.0282
-6.1532
-6.3087
-6.4984
-6.6539
-6.7950
-6.9253
-7.0286
-7.1157
-7.2155
-7.3823
-7.6339
-7.9541
-8.3074
-8.6537
-8.9716
-9.2068
-9.3652
-9.5376
-9.7028
-9.8366
-9.9654
-10.1103
-10.2885
-10.4693
-10.6255
-10.7470
-10.8997
-11.0462
-11.1884
-11.3274
-11.4920
-11.7013
-11.9121
-12.0910
-12.2081
-12.2568
-12.2535
-12.2607
-12.2910
-12.3210
-12.3525
-12.3951
-12.4203
-12.4481
-12.5146
-12.6160
-12.7035
-12.7850
-12.8780
-12.9552
-13.0211
-13.0732
-13.1064
-13.1190
-13.1317
-13.1720
-13.2374
-13.3209
-13.4071
-13.5001
-13.5938
-13.6827
-13.7773
-13.8828
-13.9892
-14.0707
-14.1317
-14.1917
-14.2278
-14.2448
-14.2585
-14.2687
-14.2939
-14.3416
-14.3966
-14.4548
-14.5171
-14.5658
-14.6254
-14.7061
-14.7923
-14.8563
-14.9270
-15.0151
-15.1109
-15.2442
-15.4004
-15.5052
-15.5418
-15.5643
-15.5852
-15.5961
-15.5930
-15.5930
-15.5939
-15.5668
-15.5568
-15.5784
-15.6278
-15.6644
-15.6877
-15.7020
-15.7121
-15.7075
-15.7206
-15.7370
-15.7471
-15.7734
-15.8127
-15.8552
-15.8751
-15.9178
-15.9604
-16.0030
-16.0523
-16.0821
-16.1182
-16.1379
-16.1679
-16.1721
-16.1804
-16.2258
-16.2873
-16.3585
-16.4027
-16.4318
-16.4936
-16.5722
-16.6190
-16.5952
-16.5012
-16.3198
-16.1362
-15.9922
-15.8811
-15.7935
-15.7178
-15.6411
-15.5788
-15.5158
-15.4584
-15.3899
-15.3006
-15.2091
-15.1287
-15.0540
-15.0233
-14.9925
-14.9577
-14.8775
-14.7790
-14.6580
-14.5426
-14.4455
-14.3764
-14.3369
-14.2973
-14.2632
-14.2259
-14.1468
-14.0732
-14.0227
-14.0053
-13.9779
-13.9078
-13.7488
-13.5224
-13.2321
-12.9508
-12.7406
-12.6198
-12.6155
-12.6068
-12.5709
-12.4654
-12.3231
-12.1548
-11.9897
-11.8582
-11.7920
-11.7584
-11.7280
-11.6891
-11.6046
-11.4574
-11.2714
-11.1028
-10.9777
-10.8946
-10.8364
-10.7577
-10.6977
-10.6052
-10.5267
-10.4695
-10.4176
-10.3498
-10.2474
-10.0986
-9.8913
-9.6074
-9.2375
-8.7768
-8.3237
-7.8813
-7.4916
-7.1405
-6.9200
-6.7939
-6.7242
-6.6733
-6.5798
-6.4558
-6.3099
-6.1336
-5.9456
-5.7696
-5.6089
-5.4617
-5.3348
-5.2248
-5.1231
-5.0366
-4.9433
-4.8638
-4.7806
-4.7058
-4.6175
-4.5172
-4.4221
-4.3353
-4.2620
-4.1936
-4.1251
-4.0882
-4.0488
-3.9958
-3.9462
-3.9033
-3.8589
-3.7875
-3.7125
-3.6250
-3.5451
-3.4469
-3.3740
-3.3299
-3.2812
-3.2350
-3.1486
-3.0558
-2.9535
-2.8504
-2.7782
-2.7218
-2.6485
-2.5942
-2.5505
-2.5159
-2.4792
-2.4161
-2.3108
-2.1470
-1.9593
-1.7775
-1.6399
-1.5611
-1.4816
-1.4107
-1.3176
-1.1810
-1.0026
-0.8091
-0.5870
-0.3892
-0.2206
-0.0870
0.0429
0.2235
0.3901
0.5463
0.7113
0.8860
1.0415
1.1688
1.2668
1.3589
1.4632
1.5989
1.7661
1.9135
1.9996
2.0431
2.0693
2.0897
2.1234
2.2113
2.3183
2.4687
2.6323
2.8257
3.0589
3.3070
3.4961
3.6498
3.7603
3.8324
3.8902
3.9975
4.1475
4.3158
4.4696
4.6018
4.7306
4.8690
4.9865
5.1201
5.2576
5.3626
5.4501
5.5431
5.6285
5.7254
5.8412
5.9302
6.0118
6.1278
6.2516
6.3868
6.5408
6.7059
6.8441
6.9921
7.1672
7.3296
7.4392
7.4987
7.5295
7.5266
7.5208
7.5266
7.5249
7.5003
7.4805
7.4817
7.4810
7.4595
7.4092
7.3561
7.2983
7.2507
7.2478
7.2919
7.3480
7.3761
7.3472
7.2689
7.1587
7.0866
7.0714
7.0765
7.0796
7.0673
7.0503
7.0267
6.9434
6.7873
6.5859
6.4206
6.3067
6.2736
6.2760
6.2305
6.1446
6.0220
5.9057
5.8674
5.8795
5.9104
5.9604
5.9950
6.0184
6.0195
6.0137
6.0493
6.1499
6.3366
6.5638
6.7413
6.9020
7.0151
7.1114
7.1554
7.1830
7.2712
7.4024
7.5886
7.8172
7.9875
8.1044
8.1923
8.2814
8.3663
8.4016
8.3710
8.2559
