5.433000
5.432139
5.429555
5.425248
5.419220
5.411472
5.402004
5.390818
5.377916
5.363300
5.346971
5.328934
5.309190
5.287742
5.264595
5.239751
5.213214
5.184989
5.155080
5.123491
5.090228
5.055296
5.018700
4.980446
4.940540
4.898988
4.855797
4.810973
4.764524
4.716456
4.666777
4.615495
4.562619
4.508155
4.452113
4.394502
4.335330
4.274607
4.212342
4.148544
4.083225
4.016394
3.948062
3.878239
3.806935
3.734164
3.659934
3.584259
3.507150
3.428620
3.348679
3.267342
3.184620
3.100527
3.015075
2.928278
2.840150
2.750704
2.659955
2.567916
2.474601
2.380027
2.284206
2.187155
2.088888
1.989421
1.888769
1.786948
1.683974
1.579863
1.474631
1.368295
1.260872
1.152377
1.042828
0.932243
0.820638
0.708031
0.594439
0.479881
0.364373
0.247935
0.130584
0.012339
-0.106782
-0.226760
-0.347576
-0.469212
-0.591649
-0.714867
-0.838848
-0.963571
-1.089017
-1.215168
-1.342002
-1.469501
-1.597643
-1.726410
-1.855782
-1.985737
-2.116256
-2.247318
-2.378902
-2.510989
-2.643558
-2.776587
-2.910057
-3.043945
-3.178232
-3.312896
-3.447917
-3.583273
-3.718942
-3.854905
-3.991139
-4.127623
-4.264336
-4.401257
-4.538364
-4.675636
-4.813052
-4.950589
-5.088226
-5.225943
-5.363716
-5.501526
-5.639350
-5.777166
-5.914954
-6.052691
-6.190357
-6.327929
-6.465387
-6.602708
-6.739872
-6.876856
-7.013639
-7.150201
-7.286519
-7.422573
-7.558341
-7.693802
-7.828934
-7.963718
-8.098130
-8.232152
-8.365761
-8.498936
-8.631658
-8.763905
-8.895656
-9.026892
-9.157591
-9.287733
-9.417297
-9.546264
-9.674614
-9.802326
-9.929379
-10.055756
-10.181435
-10.306397
-10.430623
-10.554093
-10.676787
-10.798688
-10.919775
-11.040030
-11.159433
-11.277967
-11.395613
-11.512352
-11.628166
-11.743037
-11.856947
-11.969878
-12.081813
-12.192735
-12.302624
-12.411466
-12.519242
-12.625936
-12.731532
-12.836011
-12.939359
-13.041560
-13.142596
-13.242453
-13.341114
-13.438565
-13.534790
-13.629775
-13.723503
-13.815961
-13.907134
-13.997009
-14.085570
-14.172804
-14.258698
-14.343237
-14.426410
-14.508202
-14.588601
-14.667595
-14.745170
-14.821316
-14.896020
-14.969270
-15.041055
-15.111364
-15.180186
-15.247510
-15.313325
-15.377622
-15.440390
-15.501619
-15.561299
-15.619423
-15.675979
-15.730961
-15.784358
-15.836163
-15.886367
-15.934963
-15.981944
-16.027300
-16.071027
-16.113116
-16.153562
-16.192358
-16.229497
-16.264975
-16.298785
-16.330922
-16.361382
-16.390159
-16.417248
-16.442647
-16.466351
-16.488355
-16.508657
-16.527254
-16.544142
-16.559319
-16.572783
-16.584531
-16.594561
-16.602873
-16.609464
-16.614334
-16.617482
-16.618908
-16.618610
-16.616590
-16.612848
-16.607383
-16.600198
-16.591293
-16.580669
-16.568329
-16.554274
-16.538506
-16.521028
-16.501842
-16.480952
-16.458361
-16.434072
-16.408089
-16.380416
-16.351058
-16.320018
-16.287303
-16.252917
-16.216865
-16.179153
-16.139787
-16.098774
-16.056118
-16.011828
-15.965910
-15.918371
-15.869219
-15.818462
-15.766106
-15.712161
-15.656635
-15.599537
-15.540875
-15.480658
-15.418897
-15.355601
-15.290779
-15.224441
-15.156599
-15.087263
-15.016443
-14.944151
-14.870398
-14.795195
-14.718554
-14.640487
-14.561007
-14.480126
-14.397856
-14.314210
-14.229202
-14.142844
-14.055150
-13.966134
-13.875810
-13.784191
-13.691293
-13.597130
-13.501715
-13.405065
-13.307195
-13.208119
-13.107853
-13.006413
-12.903815
-12.800075
-12.695208
-12.589232
-12.482162
-12.374016
-12.264811
-12.154563
-12.043290
-11.931009
-11.817738
-11.703494
-11.588295
-11.472160
-11.355106
-11.237151
-11.118315
-10.998616
-10.878072
-10.756702
-10.634525
-10.511561
-10.387828
-10.263346
-10.138134
-10.012212
-9.885599
-9.758316
-9.630382
-9.501817
-9.372641
-9.242875
-9.112539
-8.981652
-8.850236
-8.718312
-8.585898
-8.453018
-8.319690
-8.185936
-8.051777
-7.917234
-7.782328
-7.647080
-7.511511
-7.375642
-7.239494
-7.103090
-6.966449
-6.829594
-6.692545
-6.555325
-6.417954
-6.280455
-6.142848
-6.005155
-5.867398
-5.729597
-5.591776
-5.453955
-5.316155
-5.178399
-5.040707
-4.903102
-4.765604
-4.628236
-4.491019
-4.353974
-4.217122
-4.080485
-3.944085
-3.807942
-3.672078
-3.536515
-3.401272
-3.266372
-3.131836
-2.997684
-2.863938
-2.730618
-2.597745
-2.465341
-2.333425
-2.202018
-2.071141
-1.940815
-1.811059
-1.681894
-1.553340
-1.425417
-1.298146
-1.171545
-1.045636
-0.920437
-0.795968
-0.672248
-0.549298
-0.427135
-0.305780
-0.185251
-0.065566
0.053254
0.171193
0.288231
0.404350
0.519531
0.633758
0.747012
0.859275
0.970530
1.080760
1.189947
1.298073
1.405124
1.511080
1.615927
1.719648
1.822225
1.923645
2.023889
2.122944
2.220793
2.317421
2.412813
2.506954
2.599830
2.691426
2.781727
2.870719
2.958389
3.044723
3.129708
3.213329
3.295575
3.376431
3.455887
3.533928
3.610543
3.685720
3.759448
3.831714
3.902508
3.971818
4.039633
4.105943
4.170738
4.234008
4.295741
4.355930
4.414565
4.471635
4.527133
4.581050
4.633377
4.684106
4.733230
4.780740
4.826629
4.870890
4.913517
4.954501
4.993838
5.031520
5.067542
5.101899
5.134584
5.165594
5.194922
5.222565
5.248518
5.272777
5.295338
5.316198
5.335353
5.352801
5.368538
5.382563
5.394873
5.405466
5.414341
5.421496
5.426929
5.430641
5.432631
5.432897
5.431441
5.428263
5.423362
5.416740
5.408398
5.398337
5.386558
5.373064
5.357857
5.340938
5.322312
5.301979
5.279944
5.256211
5.230782
5.203662
5.174855
5.144366
5.112199
5.078359
5.042852
5.005683
4.966858
4.926383
4.884265
4.840509
4.795123
4.748114
4.699490
4.649257
4.597423
4.543998
4.488989
4.432404
4.374253
4.314544
4.253288
4.190493
4.126169
4.060327
3.992977
3.924128
3.853793
3.781982
3.708706
3.633976
3.557805
3.480204
3.401185
3.320761
3.238944
