3.010700
3.009864
3.007357
3.003178
2.997330
2.989812
2.980628
2.969778
2.957266
2.943093
2.927264
2.909782
2.890651
2.869874
2.847457
2.823404
2.797721
2.770414
2.741488
2.710950
2.678807
2.645066
2.609734
2.572819
2.534330
2.494275
2.452663
2.409503
2.364804
2.318577
2.270833
2.221580
2.170831
2.118597
2.064889
2.009719
1.953100
1.895043
1.835563
1.774671
1.712383
1.648710
1.583669
1.517272
1.449535
1.380473
1.310102
1.238436
1.165491
1.091285
1.015832
0.939151
0.861258
0.782171
0.701906
0.620483
0.537918
0.454230
0.369438
0.283561
0.196617
0.108627
0.019608
-0.070417
-0.161431
-0.253412
-0.346341
-0.440195
-0.534956
-0.630601
-0.727109
-0.824460
-0.922630
-1.021600
-1.121345
-1.221846
-1.323078
-1.425020
-1.527649
-1.630942
-1.734877
-1.839430
-1.944578
-2.050297
-2.156565
-2.263357
-2.370650
-2.478421
-2.586644
-2.695297
-2.804354
-2.913793
-3.023587
-3.133714
-3.244149
-3.354867
-3.465843
-3.577054
-3.688473
-3.800077
-3.911841
-4.023740
-4.135749
-4.247843
-4.359997
-4.472187
-4.584387
-4.696573
-4.808720
-4.920803
-5.032796
-5.144676
-5.256416
-5.367993
-5.479382
-5.590558
-5.701496
-5.812171
-5.922560
-6.032637
-6.142378
-6.251759
-6.360756
-6.469344
-6.577498
-6.685196
-6.792414
-6.899126
-7.005311
-7.110943
-7.216000
-7.320459
-7.424296
-7.527488
-7.630012
-7.731845
-7.832966
-7.933351
-8.032978
-8.131825
-8.229870
-8.327091
-8.423467
-8.518977
-8.613598
-8.707311
-8.800094
-8.891927
-8.982789
-9.072660
-9.161520
-9.249350
-9.336130
-9.421840
-9.506462
-9.589977
-9.672367
-9.753612
-9.833695
-9.912599
-9.990306
-10.066797
-10.142058
-10.216070
-10.288817
-10.360284
-10.430454
-10.499312
-10.566842
-10.633030
-10.697860
-10.761319
-10.823393
-10.884066
-10.943327
-11.001162
-11.057557
-11.112502
-11.165982
-11.217987
-11.268505
-11.317525
-11.365036
-11.411026
-11.455487
-11.498408
-11.539780
-11.579593
-11.617839
-11.654509
-11.689595
-11.723089
-11.754984
-11.785273
-11.813948
-11.841005
-11.866435
-11.890235
-11.912399
-11.932921
-11.951797
-11.969024
-11.984597
-11.998512
-12.010767
-12.021359
-12.030285
-12.037544
-12.043135
-12.047054
-12.049303
-12.049880
-12.048785
-12.046019
-12.041582
-12.035475
-12.027699
-12.018256
-12.007149
-11.994380
-11.979951
-11.963865
-11.946127
-11.926741
-11.905710
-11.883039
-11.858733
-11.832798
-11.805240
-11.776064
-11.745277
-11.712886
-11.678898
-11.643321
-11.606162
-11.567430
-11.527133
-11.485280
-11.441881
-11.396946
-11.350483
-11.302504
-11.253019
-11.202039
-11.149576
-11.095641
-11.040246
-10.983403
-10.925125
-10.865425
-10.804317
-10.741813
-10.677928
-10.612675
-10.546070
-10.478127
-10.408861
-10.338288
-10.266423
-10.193282
-10.118882
-10.043238
-9.966368
-9.888289
-9.809018
-9.728573
-9.646971
-9.564231
-9.480371
-9.395410
-9.309366
-9.222259
-9.134108
-9.044933
-8.954753
-8.863588
-8.771459
-8.678386
-8.584389
-8.489490
-8.393710
-8.297070
-8.199591
-8.101295
-8.002205
-7.902340
-7.801725
-7.700382
-7.598332
-7.495598
-7.392204
-7.288172
-7.183526
-7.078288
-6.972482
-6.866131
-6.759260
-6.651891
-6.544049
-6.435758
-6.327041
-6.217923
-6.108428
-5.998580
-5.888404
-5.777924
-5.667164
-5.556150
-5.444905
-5.333456
-5.221825
-5.110039
-4.998121
-4.886098
-4.773993
-4.661831
-4.549638
-4.437438
-4.325257
-4.213118
-4.101048
-3.989071
-3.877211
-3.765494
-3.653944
-3.542587
-3.431447
-3.320548
-3.209915
-3.099573
-2.989546
-2.879859
-2.770536
-2.661601
-2.553079
-2.444993
-2.337368
-2.230228
-2.123595
-2.017495
-1.911950
-1.806984
-1.702620
-1.598882
-1.495792
-1.393373
-1.291648
-1.190640
-1.090371
-0.990864
-0.892139
-0.794220
-0.697128
-0.600885
-0.505512
-0.411030
-0.317460
-0.224823
-0.133139
-0.042429
0.047287
0.135989
0.223657
0.310273
0.395816
0.480268
0.563610
0.645823
