0.9416
0.9229
0.9055
0.8843
0.8646
0.8295
0.7791
0.7303
0.6956
0.6648
0.6023
0.5104
0.4082
0.3228
0.2654
0.2283
0.2253
0.2270
0.1956
0.1605
0.1038
0.0369
-0.0336
-0.0709
-0.0842
-0.0558
0.0139
0.1187
0.2396
0.3414
0.4041
0.4216
0.4216
0.4190
0.4450
0.4736
0.4959
0.5182
0.5294
0.5294
0.5406
0.5555
0.5592
0.5667
0.5779
0.5965
0.6152
0.6374
0.6559
0.6969
0.7529
0.8124
0.8832
0.9614
1.0471
1.1370
1.2258
1.3120
1.3516
1.3439
1.3389
1.3139
1.2687
1.2284
1.1715
1.0918
1.0032
0.9134
0.7893
0.7055
0.6128
0.5608
0.5341
0.5074
0.4578
0.4044
0.3511
0.3169
0.3053
0.2895
0.2459
0.1847
0.1332
0.0880
0.0869
0.1112
0.1369
0.1589
0.1734
0.1792
0.1941
0.1940
0.1737
0.1357
0.0989
0.0749
0.0596
0.0406
0.0178
-0.0127
-0.0433
-0.0589
-0.0745
-0.1191
-0.2051
-0.3036
-0.4260
-0.5421
-0.6443
-0.7298
-0.7728
-0.7784
-0.7899
-0.8039
-0.8281
-0.8434
-0.8625
-0.8640
-0.8568
-0.8386
-0.8203
-0.7948
-0.7765
-0.7654
-0.7654
-0.7793
-0.7983
-0.8248
-0.8454
-0.8411
-0.8119
-0.7681
-0.7094
-0.6581
-0.6154
-0.5864
-0.5641
-0.5641
-0.5641
-0.5818
-0.6008
-0.6198
-0.6590
-0.6743
-0.6794
-0.6831
-0.6794
-0.6795
-0.6721
-0.6721
-0.6772
-0.6861
-0.7013
-0.7165
-0.7430
-0.7709
-0.8055
-0.8506
-0.9147
-0.9942
-1.0877
-1.1903
-1.2891
-1.3777
-1.4193
-1.4430
-1.4384
-1.4311
-1.4274
-1.4350
-1.4590
-1.5112
-1.5708
-1.6369
-1.6865
-1.7273
-1.7591
-1.7923
-1.8228
-1.8420
-1.8561
-1.8663
-1.8804
-1.8982
-1.9368
-2.0019
-2.0722
-2.1426
-2.2206
-2.2926
-2.3579
-2.3929
-2.4012
-2.3857
-2.3673
-2.3416
-2.3121
-2.2899
-2.2767
-2.2546
-2.2376
-2.2154
-2.1933
-2.1788
-2.1671
-2.1606
-2.1720
-2.1976
-2.2306
-2.2777
-2.3057
-2.3537
-2.3838
-2.4056
-2.4311
-2.4678
-2.5163
-2.5624
-2.6071
-2.6406
-2.6689
-2.7061
-2.7597
-2.8291
-2.9305
-3.0543
-3.2110
-3.3642
-3.5296
-3.6846
-3.8467
-3.9878
-4.1252
-4.2290
-4.3169
-4.3725
-4.4011
-4.4048
-4.4048
-4.4048
-4.4175
-4.4339
-4.4429
-4.4572
-4.4715
-4.4911
-4.5144
-4.5521
-4.6078
-4.6974
-4.8121
-4.9465
-5.0901
-5.2355
-5.3667
-5.4765
-5.5540
-5.6207
-5.6495
-5.6622
-5.6622
-5.6622
-5.6676
-5.6783
-5.7055
-5.7343
-5.7686
-5.8317
-5.9129
-6.0177
-6.1243
-6.2275
-6.3126
-6.3614
-6.3813
-6.3850
-6.3850
-6.3850
-6.3886
-6.3849
-6.4049
-6.4286
-6.4631
-6.4920
-6.5320
-6.5846
-6.6426
-6.7059
-6.7821
-6.8909
-6.9925
-7.0978
-7.1739
-7.2556
-7.3247
-7.3901
-7.4392
-7.4683
-7.4828
-7.5173
-7.5627
-7.6445
-7.7335
-7.8316
-7.9371
-8.0245
-8.1192
-8.1975
-8.2558
-8.2996
-8.3214
-8.3250
-8.3286
-8.3322
-8.3449
-8.3741
-8.4050
-8.4486
-8.4977
-8.5302
-8.5719
-8.6118
-8.6501
-8.6758
-8.7121
-8.7651
-8.8164
-8.8674
-8.9256
-8.9931
-9.0776
-9.1746
-9.3044
-9.4197
-9.5406
-9.6427
-9.7268
-9.7632
-9.7795
-9.7866
-9.8043
-9.8509
-9.9197
-9.9885
-10.0642
-10.1276
-10.1801
-10.2237
-10.2876
-10.3625
-10.4578
-10.5550
-10.6397
-10.7062
-10.7651
-10.8253
-10.8934
-10.9574
-11.0376
-11.1302
-11.2411
-11.3439
-11.4149
-11.4809
-11.5391
-11.5925
-11.6437
-11.6984
-11.7565
-11.8275
-11.9178
-12.0306
-12.1613
-12.2897
-12.4101
-12.5122
-12.5887
-12.6445
-12.6868
-12.7040
-12.7110
-12.7110
-12.7110
-12.7110
-12.7181
-12.7366
-12.7627
-12.8039
-12.8763
-12.9658
-13.0765
-13.1847
-13.2907
-13.3786
-13.4425
-13.4802
-13.5079
-13.5250
-13.5490
-13.5822
-13.6365
-13.7035
-13.7781
-13.8403
-13.9016
-13.9701
-14.0428
-14.1087
-14.2114
-14.3167
-14.4036
-14.4893
-14.5660
-14.6405
-14.6929
-14.7336
-14.7726
-14.8232
-14.8647
-14.9177
-14.9882
-15.1003
-15.2008
-15.2906
-15.3816
-15.4517
-15.5113
-15.5556
-15.5940
-15.6057
-15.6198
-15.6234
-15.6234
-15.6300
-15.6300
-15.6300
-15.6558
-15.7039
-15.7625
-15.8421
-15.9300
-16.0355
-16.1376
-16.2221
-16.2950
-16.3549
-16.4142
-16.4698
-16.5313
-16.5955
-16.6605
-16.7314
-16.7976
-16.8544
-16.9018
-16.9290
-16.9363
-16.9367
-16.9521
-16.9943
-17.0391
-17.0959
-17.1456
-17.1872
-17.2228
-17.2222
-17.2189
-17.2194
-17.2128
-17.2214
-17.2202
-17.2222
-17.2555
-17.3221
-17.4077
-17.5250
-17.6446
-17.7381
-17.8137
-17.8812
-17.9204
-17.9536
-17.9972
-18.0690
-18.1555
-18.2671
-18.3978
-18.5216
-18.6205
-18.7020
-18.7528
-18.8192
-18.8963
-18.9770
-19.0582
-19.1265
-19.1950
-19.2575
-19.3196
-19.4170
-19.5210
-19.6682
-19.8295
-20.0046
-20.1745
-20.3523
-20.4770
-20.5595
-20.5813
-20.5939
-20.6096
-20.6474
-20.7399
-20.8670
-21.0539
-21.2657
-21.4808
-21.6708
-21.8298
-21.8987
-21.9121
-21.8511
-21.7900
-21.7443
-21.7230
-21.7631
-21.8094
-21.8310
-21.7803
-21.7276
-21.6415
-21.5462
-21.4997
-21.5025
-21.5359
-21.5913
-21.6480
-21.7058
-21.7641
-21.8182
-21.8906
-21.9717
-22.0329
-22.1301
-22.2418
-22.3778
-22.4899
-22.5797
-22.6447
-22.6873
-22.7055
-22.7025
-22.6934
-22.7032
-22.7336
-22.7701
-22.8005
-22.8310
-22.8676
-22.9285
-23.0201
-23.1489
-23.3069
-23.4494
-23.6172
-23.7952
-23.9923
-24.1740
-24.3212
-24.4153
-24.4661
-24.4889
-24.5054
-24.5187
-24.5579
-24.6219
-24.6669
-24.7023
-24.7605
-24.8755
-25.0285
-25.2219
-25.4437
-25.6472
-25.8294
-25.9604
-26.0181
-26.0527
-26.0772
-26.0951
-26.1099
-26.1276
-26.1527
-26.2130
-26.2955
-26.4049
-26.5233
-26.5900
-26.5675
-26.4207
-26.3052
-26.2438
-26.2240
-26.2309
-26.2031
-26.0875
-25.9133
-25.7208
-25.5380
-25.3571
-25.1840
-25.0234
-24.8764
-24.7648
-24.6411
-24.5161
-24.3876
-24.2742
-24.1662
-24.0593
-23.9472
-23.8979
-23.9431
-24.0282
-24.1574
-24.2711
-24.3358
-24.3849
-24.4274
-24.4821
-24.5433
-24.5935
-24.6563
-24.7223
-24.8271
-24.9290
-25.0440
-25.1469
-25.2496
-25.3293
-25.3835
-25.4252
-25.4662
-25.5219
-25.5989
-25.7194
-25.8776
-26.0422
-26.1946
-26.3384
-26.4359
-26.4961
-26.5402
-26.5776
-26.6029
-26.6187
-26.6187
-26.6187
-26.6187
-26.6250
-26.6469
-26.6750
-26.7254
-26.7815
-26.8995
-27.0642
-27.2384
-27.4136
-27.5315
-27.6211
-27.6885
-27.7572
-27.8161
-27.8595
-27.9029
-27.9649
-28.0457
-28.1451
-28.2415
-28.3694
-28.5286
-28.7218
-28.9123
-29.0777
-29.1993
-29.2894
-29.3355
-29.3783
-29.4130
-29.4427
-29.4807
-29.5016
-29.5277
-29.5623
-29.5850
-29.6050
-29.6281
-29.6720
-29.7272
-29.7577
-29.7849
-29.8023
-29.8352
-29.8760
-29.9027
-29.9358
-29.9416
-29.9307
-29.8588
-29.7326
-29.6359
-29.5507
-29.5127
-29.5087
-29.5247
-29.5327
-29.5346
-29.5339
-29.5671
-29.6543
-29.7340
-29.8201
-29.8847
-29.9277
-29.9666
-29.9948
-30.0310
-30.0760
-30.1239
-30.1994
-30.2989
-30.4137
-30.5497
-30.6906
-30.8042
-30.9160
-31.0122
-31.0994
-31.1748
-31.2297
-31.2615
-31.2731
-31.2759
-31.2759
-31.2788
-31.2904
-31.3144
-31.3500
-31.3970
-31.4663
-31.5402
-31.6136
-31.6997
-31.7914
-31.8663
-31.9264
-31.9841
-32.0267
-32.0546
-32.0799
-32.0973
-32.0973
-32.0973
-32.1058
-32.1098
-32.1064
-32.1085
-32.1054
-32.1020
-32.0771
-32.0204
-31.9519
-31.9146
-31.9168
-31.9364
-31.9644
-31.9924
-32.0291
-32.0669
-32.1316
-32.2020
-32.2667
-32.3279
-32.3942
-32.4496
-32.4912
-32.5097
-32.5173
-32.5230
-32.5144
-32.4834
-32.4492
-32.4248
-32.4146
-32.4337
-32.4486
-32.4745
-32.4934
-32.5178
-32.5446
-32.5841
-32.6386
-32.6936
-32.7405
-32.7845
-32.8277
-32.8574
-32.8612
-32.8507
-32.8445
-32.8445
-32.8322
-32.8287
-32.8067
-32.7758
-32.7264
-32.6819
-32.6313
-32.5842
-32.5568
-32.5568
-32.5568
-32.5568
-32.5507
-32.5507
-32.5445
-32.5260
-32.5137
-32.5076
-32.5014
-32.4945
-32.4920
-32.4859
-32.4883
-32.4888
-32.4928
-32.5043
-32.5112
-32.5213
-32.5389
-32.5408
-32.5408
-32.5289
-32.5105
-32.4845
-32.4616
-32.4479
-32.4508
-32.4709
-32.5003
-32.5297
-32.5483
-32.5541
-32.5570
-32.5627
-32.5718
-32.5794
-32.5978
-32.6131
-32.6148
-32.6067
-32.5931
-32.5951
-32.6080
-32.6533
-32.6966
-32.7520
-32.8151
-32.8526
-32.8655
-32.8647
-32.8647
-32.8647
-32.8647
-32.8647
-32.8647
-32.8647
-32.8647
-32.8681
-32.8841
-32.8877
-32.8726
-32.8632
-32.8109
-32.7500
-32.6586
-32.5431
-32.4156
-32.2882
-32.1732
-32.0643
-31.9676
-31.8789
-31.7949
-31.7171
-31.6570
-31.6288
-31.6267
-31.6333
-31.6318
-31.6147
-31.5769
-31.5384
-31.4822
-31.4283
-31.3743
-31.3238
-31.2831
-31.2557
-31.2525
-31.2535
-31.2629
-31.2645
-31.2683
-31.2742
-31.2745
-31.2749
-31.2717
-31.2696
-31.2755
-31.2795
-31.2864
-31.2935
-31.3005
-31.3012
-31.2774
-31.2678
-31.2380
-31.2140
-31.1842
-31.1604
-31.1424
-31.1126
-31.0868
-31.0662
-31.0371
-31.0195
-31.0082
-31.0093
-31.0196
-31.0374
-31.0415
-31.0194
-31.0040
-30.9853
-30.9726
-30.9668
-30.9608
-30.9493
-30.9167
-30.8522
-30.7616
-30.6731
-30.5998
-30.5596
-30.5626
-30.5800
-30.5934
-30.6010
-30.5988
-30.6023
-30.6141
-30.6220
-30.6327
-30.6380
-30.6320
-30.6320
-30.6202
-30.5847
-30.5434
-30.4905
-30.4326
-30.3743
-30.3191
-30.2464
-30.1679
-30.1199
-30.0659
-30.0238
-30.0069
-30.0269
-30.0425
-30.0575
-30.0535
-30.0384
-30.0090
-29.9913
-29.9655
-29.9634
-29.9615
-29.9674
-29.9600
-29.9410
-29.8924
-29.8351
-29.7634
-29.6968
-29.6560
-29.6359
-29.6300
-29.6300
-29.6241
-29.6065
-29.5864
-29.5262
-29.4417
-29.3480
-29.2285
-29.1092
-28.9842
-28.8677
-28.7870
-28.7437
-28.7321
-28.7263
-28.7263
-28.7179
-28.6839
-28.6440
-28.5934
-28.5504
-28.4926
-28.4328
-28.3641
-28.3129
-28.2758
-28.2563
-28.2512
-28.2385
-28.2368
-28.2377
-28.2362
-28.2319
-28.2240
-28.2184
-28.2101
-28.2043
-28.1985
-28.1928
-28.1789
-28.1732
-28.1616
-28.1475
-28.1419
-28.1247
-28.1081
-28.0768
-28.0316
-27.9723
-27.8958
-27.7995
-27.6846
-27.5690
-27.4720
-27.3865
-27.3125
-27.2494
-27.1760
-27.1058
-27.0389
-26.9916
-26.9386
-26.8799
-26.8353
-26.7849
-26.7340
-26.6613
-26.5607
-26.4316
-26.2724
-26.0994
-25.9566
-25.8108
-25.6883
-25.5774
-25.4696
-25.3569
-25.2553
-25.1736
-25.1274
-25.1057
-25.1003
-25.0923
-25.0790
-25.0654
-25.0571
-25.0238
-24.9572
-24.8877
-24.7903
-24.6874
-24.5758
-24.4587
-24.3642
-24.2836
-24.2198
-24.1727
-24.1229
-24.0730
-24.0425
-24.0230
-24.0008
-23.9563
-23.8923
-23.8087
-23.7254
-23.6004
-23.4839
-23.3731
-23.2901
-23.2210
-23.1822
-23.1380
-23.0937
-23.0411
-22.9830
-22.9166
-22.8476
-22.7839
-22.7258
-22.6621
-22.6068
-22.5183
-22.4244
-22.3277
-22.2339
-22.1759
-22.1373
-22.1151
-22.0929
-22.0569
-21.9905
-21.8964
-21.7830
-21.6780
-21.5566
-21.4240
-21.2944
-21.1787
-21.0711
-20.9828
-20.9413
-20.9193
-20.9193
-20.9080
-20.8856
-20.8519
-20.8351
-20.8155
-20.8016
-20.7961
-20.7823
-20.7658
-20.7411
-20.7026
-20.6640
-20.6033
-20.5401
-20.4770
-20.4110
-20.3146
-20.2072
-20.1000
-19.9949
-19.8784
-19.7972
-19.7077
-19.6318
-19.5482
-19.4703
-19.3733
-19.2514
-19.1132
-18.9253
-18.7071
-18.4778
-18.2548
-18.0491
-17.8654
-17.7145
-17.6039
-17.5406
-17.5034
-17.5035
-17.4858
-17.4657
-17.4344
-17.4066
-17.3622
-17.2936
-17.2173
-17.1440
-17.0683
-16.9822
-16.8901
-16.8005
-16.7327
-16.6702
-16.6220
-16.5724
-16.5311
-16.4846
-16.4149
-16.3458
-16.2752
-16.2115
-16.1484
-16.1244
-16.1108
-16.0973
-16.0703
-16.0433
-15.9945
-15.9270
-15.8677
-15.8055
-15.7516
-15.7142
-15.6760
-15.6325
-15.5652
-15.4679
-15.3521
-15.2281
-15.1102
-15.0267
-14.9596
-14.9030
-14.8628
-14.8256
-14.8071
-14.7937
-14.7937
-14.7781
-14.7544
-14.7008
-14.6227
-14.5372
-14.4428
-14.3462
-14.2436
-14.1493
-14.0610
-13.9913
-13.9462
-13.9084
-13.8859
-13.8860
-13.8860
-13.8808
-13.8808
-13.8624
-13.8388
-13.7968
-13.7221
-13.6342
-13.5422
-13.4687
-13.3920
-13.3440
-13.2847
-13.2101
-13.1374
-13.0524
-12.9633
-12.8721
-12.7707
-12.6726
-12.5744
-12.4805
-12.4010
-12.3419
-12.2960
-12.2746
-12.2633
-12.2602
-12.2478
-12.2292
-12.1912
-12.1368
-12.0486
-11.9433
-11.8083
-11.6488
-11.4792
-11.3191
-11.1321
-10.9173
-10.6925
-10.4558
-10.2479
-10.0763
-9.9559
-9.8683
-9.7920
-9.7187
-9.6550
-9.5880
-9.5433
-9.5017
-9.4666
-9.4378
-9.4154
-9.3962
-9.3802
-9.3592
-9.3282
-9.3136
-9.2861
-9.2426
-9.1891
-9.1276
-9.0547
-8.9786
-8.8860
-8.7769
-8.6594
-8.5320
-8.4060
-8.2832
-8.1785
-8.0835
-8.0196
-7.9770
-7.9639
-7.9639
-7.9639
-7.9639
-7.9606
-7.9523
-7.9474
-7.9260
-7.8981
-7.8735
-7.8456
-7.8242
-7.8079
-7.8046
-7.7882
-7.7686
-7.7259
-7.6799
-7.6570
-7.6521
-7.6439
-7.6275
-7.5980
-7.5537
-7.4881
-7.3947
-7.2882
-7.1866
-7.0916
-7.0064
-6.9556
-6.9016
-6.8754
-6.8492
-6.8049
-6.7573
-6.6934
-6.6247
-6.5313
-6.4196
-6.2900
-6.1735
-6.0800
-6.0074
-5.9381
-5.8871
-5.8392
-5.7914
-5.7601
-5.7322
-5.7077
-5.6879
-5.6846
-5.6731
-5.6384
-5.5908
-5.5120
-5.4116
-5.3060
-5.1971
-5.0929
-5.0084
-4.9190
-4.8364
-4.7575
-4.6800
-4.6208
-4.5977
-4.5943
-4.5943
-4.5861
-4.5712
-4.5366
-4.4793
-4.3941
-4.2873
-4.1472
-4.0004
-3.8631
-3.7468
-3.6503
-3.5918
-3.5476
-3.5102
-3.4762
-3.4422
-3.3986
-3.3502
-3.2765
-3.1968
-3.1034
-3.0003
-2.9184
-2.8735
-2.8326
-2.7765
-2.7096
-2.6275
-2.5363
-2.4404
-2.3526
-2.2837
-2.1949
-2.1082
-2.0037
-1.8626
-1.7300
-1.5846
-1.4225
-1.2688
-1.1279
-1.0033
-0.8960
-0.7945
-0.6975
-0.5945
-0.5101
-0.4303
-0.3775
-0.3493
-0.3353
-0.3317
-0.3247
-0.3071
-0.2825
-0.2508
-0.1944
-0.1275
-0.0604
0.0243
0.1089
0.1937
0.2679
0.3351
0.3879
0.4229
0.4583
0.4796
0.4867
0.4867
0.4773
0.4773
0.4726
0.4521
0.4210
0.4004
0.3944
0.3978
0.3978
0.3931
0.3790
0.3861
0.3992
0.4240
0.4523
0.4831
0.5282
0.5758
0.6363
0.6860
0.7610
0.8421
0.9017
0.9541
0.9805
0.9871
0.9807
0.9744
0.9804
0.9911
0.9947
0.9972
1.0223
1.0487
1.1004
1.1536
1.1928
1.2322
1.2716
1.3482
1.4463
1.5842
1.7292
1.8634
1.9971
2.1175
2.2067
2.2467
2.2537
2.2145
2.1718
2.1020
2.0452
1.9826
1.9199
1.8401
1.7630
1.6639
1.5572
1.4424
1.3312
1.2139
1.0852
0.9487
0.8034
0.6945
0.6005
0.5432
0.5041
0.4797
0.4601
0.4368
0.4048
0.3470
0.2632
0.1808
0.0971
0.0318
-0.0077
-0.0167
0.0112
0.0684
0.1270
0.2003
0.2920
0.3764
0.4685
0.5680
0.6564
0.7290
0.7942
0.8200
0.8052
0.7745
0.7362
0.7053
0.6994
0.7285
0.7375
0.7204
0.6708
0.5938
0.5117
0.4458
0.3924
0.4040
0.4633
0.5548
0.6515
0.7657
0.8426
0.8631
0.8208
0.7328
0.6164
0.4619
0.2763
0.0961
-0.0642
-0.2069
-0.3303
-0.4525
-0.5486
-0.5812
-0.5703
-0.5647
-0.5885
-0.6834
-0.8821
-1.1362
-1.3921
-1.5676
-1.6547
-1.6681
-1.6218
-1.6191
-1.7074
-1.8207
-1.9533
-2.0624
-2.1219
-2.1396
-2.1345
-2.1444
-2.1637
-2.2301
-2.2793
-2.3350
-2.3912
-2.4598
-2.5485
-2.6644
-2.8221
-2.9813
-3.1610
-3.3642
-3.6179
-3.8975
-4.1812
-4.4543
-4.6728
-4.8115
-4.8560
-4.8087
-4.6788
-4.5473
-4.5019
-4.5236
-4.6254
-4.7398
-4.8446
-4.9385
-5.0107
-5.0610
-5.0934
-5.0971
-5.0814
-5.0357
-4.9905
-4.9511
-4.9474
-4.9953
-5.0885
-5.2078
-5.3744
-5.5313
-5.6593
-5.7428
-5.7820
-5.7964
-5.7988
-5.7709
-5.7359
-5.7114
-5.7205
-5.7420
-5.7492
-5.7672
-5.7764
-5.7720
-5.7677
-5.7092
-5.5858
-5.3323
-5.0438
-4.7696
-4.5660
-4.4772
-4.4613
-4.4945
-4.4824
-4.4358
-4.3789
-4.3488
-4.3163
-4.2805
-4.2398
-4.1788
-4.1103
-4.0451
-3.9994
-3.9217
-3.7987
-3.6093
-3.4463
-3.3700
-3.4153
-3.5246
-3.6410
-3.7093
-3.7286
-3.7375
-3.7375
-3.7448
-3.7631
-3.7815
-3.7893
-3.8134
-3.8328
-3.8151
-3.7823
-3.7641
-3.7866
-3.8490
-3.9180
-3.9725
-4.0125
-4.0453
-4.0853
-4.1092
-4.0921
-4.0507
-4.0196
-4.0144
-4.0108
-4.0255
-4.0437
-4.0691
-4.0948
-4.1169
-4.1280
-4.1247
-4.1250
-4.1557
-4.2215
-4.2874
-4.3607
-4.4324
-4.4822
-4.5020
-4.5307
-4.5676
-4.5885
-4.5816
-4.5675
-4.5676
-4.5586
-4.5374
-4.5269
-4.5198
-4.4984
-4.4862
-4.4863
-4.4916
-4.4738
-4.4632
-4.4526
-4.4452
-4.4398
-4.4257
-4.4116
-4.4134
-4.4115
-4.4080
-4.4045
-4.4151
-4.4165
-4.4075
-4.3949
-4.3733
-4.3626
-4.3748
-4.4061
-4.4375
-4.4565
-4.4315
-4.3993
-4.3614
-4.3146
-4.2788
-4.2496
-4.2328
-4.2196
-4.2168
-4.2057
-4.2141
-4.2141
-4.2261
-4.2366
-4.2648
-4.2877
-4.3231
-4.3409
-4.3231
-4.3104
-4.2962
-4.2855
-4.2821
-4.2929
-4.3068
-4.3349
-4.3858
-4.4524
-4.5440
-4.6713
-4.7895
-4.8866
-4.9770
-5.0392
-5.0638
-5.0638
-5.0675
-5.0764
-5.0764
-5.0816
-5.0817
-5.0869
-5.0869
-5.0938
-5.1117
-5.1504
-5.1997
-5.2563
-5.3024
-5.3554
-5.3890
-5.4153
-5.4417
-5.4717
-5.4965
-5.5123
-5.5229
-5.5460
-5.5885
-5.6575
-5.7282
-5.8063
-5.8772
-5.9428
-6.0087
-6.0674
-6.1118
-6.1599
-6.1938
-6.1972
-6.1971
-6.1863
-6.1629
-6.1251
-6.0820
-6.0693
-6.0635
-6.0934
-6.1537
-6.2339
-6.3233
-6.4236
-6.5185
-6.6136
-6.6710
-6.6997
-6.7230
-6.7356
-6.7518
-6.8075
-6.8595
-6.9458
-7.0266
-7.1183
-7.1974
-7.2495
-7.2657
-7.2675
-7.2639
-7.2657
-7.2801
-7.3233
-7.3773
-7.4422
-7.5088
-7.5899
-7.6513
-7.7090
-7.7452
-7.7813
-7.7868
-7.8031
-7.8248
-7.8629
-7.9046
-7.9427
-7.9718
-7.9991
-8.0048
-8.0177
-8.0161
-8.0200
-8.0348
-8.0804
-8.1260
-8.1698
-8.2047
-8.2323
-8.2379
-8.2218
-8.1750
-8.1390
-8.1210
-8.1412
-8.1851
-8.2455
-8.3336
-8.4309
-8.5318
-8.6415
-8.7075
-8.7407
-8.7628
-8.7684
-8.7684
-8.7503
-8.7249
-8.7101
-8.6828
-8.6682
-8.6373
-8.6155
-8.6264
-8.6578
-8.7235
-8.8293
-8.9300
-9.0013
-9.0672
-9.1168
-9.1573
-9.1791
-9.1933
-9.2218
-9.2594
-9.3025
-9.3421
-9.3670
-9.4116
-9.4471
-9.5117
-9.5708
-9.6122
-9.6408
-9.6570
-9.7131
-9.7979
-9.9206
-10.0599
-10.1977
-10.3188
-10.4091
-10.4732
-10.4909
-10.4833
-10.4589
-10.4311
-10.4088
-10.3920
-10.3809
-10.3586
-10.3497
-10.3441
-10.3441
-10.3129
-10.2924
-10.2925
-10.3329
-10.4011
-10.4436
-10.4659
-10.4572
-10.4464
-10.4429
-10.4429
-10.4862
-10.5236
-10.6053
-10.7191
-10.8349
-10.9626
-11.0950
-11.2489
-11.4221
-11.6272
-11.7878
-11.8801
-11.9076
-11.8942
-11.8774
-11.8648
-11.8820
-11.9060
-11.9254
-11.9429
-11.9568
-11.9930
-12.0381
-12.0653
-12.0849
-12.0954
-12.1294
-12.1633
-12.2202
-12.2880
-12.3670
-12.4406
-12.5254
-12.6137
-12.7260
-12.8587
-13.0069
-13.1640
-13.2896
-13.3872
-13.4406
-13.4623
-13.4898
-13.5102
-13.5547
-13.6117
-13.7006
-13.8250
-13.9765
-14.1120
-14.2590
-14.3752
-14.4777
-14.5631
-14.6065
-14.6237
-14.6237
-14.6237
-14.6237
-14.6237
-14.6295
-14.6510
-14.6887
-14.7389
-14.7809
-14.8107
-14.8323
-14.8323
-14.8390
-14.8571
-14.8786
-14.8919
-14.9496
-15.0407
-15.1638
-15.2871
-15.4163
-15.5293
-15.6403
-15.7384
-15.8111
-15.8566
-15.8833
-15.9036
-15.9299
-15.9847
-16.0602
-16.1879
-16.3623
-16.5756
-16.7945
-16.9838
-17.1286
-17.2449
-17.3365
-17.3771
-17.3997
-17.4254
-17.4596
-17.5122
-17.5472
-17.6265
-17.7525
-17.9061
-18.0753
-18.2344
-18.3611
-18.4491
-18.5177
-18.5676
-18.6035
-18.6278
-18.6426
-18.6660
-18.7077
-18.7491
-18.7879
-18.8330
-18.8718
-18.9078
-18.9502
-19.0102
-19.0997
-19.2245
-19.3700
-19.5247
-19.6587
-19.7633
-19.8298
-19.8576
-19.8708
-19.8960
-19.9322
-19.9651
-20.0006
-20.0488
-20.1024
-20.1713
-20.2724
-20.3918
-20.5329
-20.6925
-20.8781
-21.0577
-21.2142
-21.3542
-21.4523
-21.5281
-21.6031
-21.6748
-21.7301
-21.7880
-21.8580
-21.9183
-21.9604
-21.9862
-21.9927
-21.9957
-21.9957
-22.0049
-22.0261
-22.0326
-22.0358
-21.9959
-21.9618
-21.9734
-21.9517
-21.8971
-21.8006
-21.7187
-21.7069
-21.7969
-21.9718
-22.1348
-22.2518
-22.3091
-22.3539
-22.3987
-22.4468
-22.5105
-22.5870
-22.6571
-22.7301
-22.8275
-22.9672
-23.1486
-23.3778
-23.6369
-23.8896
-24.0935
-24.2089
-24.2483
-24.2541
-24.2510
-24.2508
-24.2508
-24.2508
-24.2688
-24.2838
-24.3051
-24.3264
-24.3388
-24.3388
-24.3388
-24.3512
-24.3729
-24.4191
-24.5107
-24.6144
-24.7269
-24.8484
-24.9612
-25.0764
-25.1764
-25.2673
-25.3342
-25.3978
-25.4705
-25.5492
-25.6339
-25.7125
-25.8003
-25.8729
-25.9274
-25.9789
-26.0423
-26.1117
-26.1962
-26.2985
-26.3975
-26.4699
-26.5271
-26.5748
-26.6076
-26.6405
-26.6444
-26.6537
-26.6542
-26.6631
-26.6633
-26.6663
-26.6754
-26.6877
-26.6918
-26.7107
-26.7389
-26.7468
-26.7532
-26.7537
-26.7691
-26.7724
-26.7543
-26.7542
-26.7661
-26.7751
-26.7818
-26.7887
-26.8079
-26.8355
-26.8580
-26.8774
-26.9369
-26.9927
-27.0366
-27.0747
-27.1098
-27.1303
-27.1391
-27.1507
-27.1566
-27.1683
-27.1858
-27.1974
-27.2149
-27.2441
-27.2705
-27.2967
-27.3345
-27.3821
-27.4270
-27.4805
-27.5428
-27.5884
-27.6276
-27.6579
-27.6815
-27.6932
-27.6932
-27.6751
-27.6630
-27.6570
-27.6390
-27.6269
-27.6091
-27.5910
-27.5787
-27.5755
-27.5873
-27.5971
-27.6063
-27.6299
-27.6563
-27.6969
-27.7173
-27.7295
-27.7359
-27.7271
-27.7264
-27.7579
-27.7783
-27.7954
-27.8096
-27.8157
-27.8222
-27.8370
-27.8462
-27.8475
-27.8545
-27.8702
-27.8594
-27.8281
-27.7905
-27.7879
-27.8085
-27.8458
-27.8806
-27.9076
-27.9046
-27.8781
-27.8520
-27.8326
-27.8155
-27.7857
-27.7626
-27.7390
-27.7097
-27.7095
-27.7128
-27.7157
-27.7097
-27.6781
-27.6286
-27.5759
-27.4849
-27.3704
-27.2327
-27.0590
-26.8763
-26.6800
-26.5220
-26.3929
-26.3050
-26.2697
-26.2638
-26.2725
-26.2902
-26.2935
-26.2825
-26.2717
-26.2724
-26.3047
-26.3395
-26.3907
-26.4412
-26.4829
-26.5255
-26.5599
-26.5913
-26.6145
-26.5890
-26.5541
-26.5049
-26.4587
-26.4151
-26.4033
-26.4009
-26.4073
-26.4163
-26.4172
-26.4240
-26.4247
-26.3989
-26.3579
-26.3110
-26.2496
-26.1798
-26.0983
-26.0254
-25.9526
-25.8798
-25.8273
-25.7809
-25.7576
-25.7576
-25.7604
-25.7430
-25.7225
-25.6875
-25.6584
-25.6293
-25.6088
-25.6000
-25.6053
-25.6165
-25.6163
-25.6303
-25.6276
-25.6220
-25.5788
-25.5070
-25.3884
-25.2325
-25.0628
-24.8653
-24.7080
-24.5796
-24.4828
-24.4260
-24.4036
-24.4069
-24.4130
-24.4136
-24.3997
-24.3659
-24.3294
-24.2900
-24.2366
-24.1774
-24.1325
-24.0817
-24.0311
-23.9973
-23.9890
-23.9778
-23.9722
-23.9723
-23.9640
-23.9441
-23.9213
-23.8870
-23.8386
-23.7733
-23.6996
-23.6288
-23.5581
-23.4848
-23.4000
-23.3096
-23.2134
-23.1173
-23.0269
-22.9534
-22.8885
-22.8292
-22.7531
-22.6518
-22.5336
-22.3930
-22.2386
-22.0536
-21.8744
-21.7095
-21.5699
-21.4443
-21.3497
-21.2883
-21.2687
-21.2630
-21.2546
-21.2435
-21.2158
-21.1991
-21.1432
-21.1014
-21.0765
-21.0376
-20.9905
-20.9516
-20.8904
-20.8237
-20.7458
-20.6737
-20.6155
-20.5712
-20.5434
-20.5129
-20.4877
-20.4767
-20.4629
-20.4409
-20.3911
-20.3306
-20.2449
-20.1225
-20.0315
-19.9597
-19.9240
-19.9240
-19.9404
-19.9462
-19.9321
-19.9046
-19.8713
-19.8688
-19.8603
-19.8550
-19.8191
-19.7610
-19.6920
-19.6094
-19.5130
-19.4139
-19.3060
-19.1787
-19.0297
-18.8524
-18.6722
-18.5034
-18.3430
-18.2125
-18.1017
-18.0130
-17.9385
-17.8939
-17.8409
-17.7861
-17.7176
-17.6128
-17.4866
-17.3504
-17.2138
-17.0885
-16.9984
-16.9575
-16.9515
-17.0090
-17.0660
-17.0737
-17.0677
-17.0534
-17.0475
-17.0356
-17.0207
-17.0087
-16.9885
-16.9802
-16.9243
-16.8678
-16.8209
-16.8036
-16.7923
-16.7893
-16.7773
-16.7743
-16.7584
-16.7364
-16.7311
-16.7228
-16.7084
-16.6895
-16.6629
-16.6113
-16.5515
-16.4910
-16.4335
-16.3677
-16.3064
-16.2384
-16.1621
-16.0828
-16.0126
-15.9470
-15.8845
-15.8355
-15.7971
-15.7835
-15.7835
-15.7866
-15.7731
-15.7513
-15.7310
-15.7069
-15.6919
-15.6647
-15.6375
-15.5862
-15.5432
-15.5055
-15.4792
-15.4627
-15.4475
-15.4291
-15.4011
-15.3586
-15.3148
-15.2802
-15.2260
-15.1779
-15.1028
-15.0403
-14.9779
-14.9373
-14.8832
-14.8178
-14.7419
-14.6525
-14.5445
-14.4501
-14.3775
-14.3548
-14.3548
-14.3548
-14.3466
-14.3073
-14.2503
-14.1778
-14.0887
-13.9924
-13.8871
-13.8211
-13.7778
-13.7427
-13.7117
-13.6694
-13.5983
-13.5046
-13.3923
-13.2586
-13.1158
-12.9782
-12.9066
-12.8669
-12.8671
-12.8672
-12.8569
-12.8383
-12.8167
-12.7951
-12.7508
-12.6747
-12.5904
-12.4897
-12.3869
-12.2850
-12.2046
-12.1470
-12.1097
-12.0505
-11.9881
-11.9162
-11.8348
-11.7481
-11.6733
-11.5794
-11.4689
-11.3290
-11.1952
-11.0962
-11.0499
-11.0373
-11.0373
-11.0373
-11.0373
-11.0373
-11.0373
-11.0373
-10.9889
-10.9474
-10.9036
-10.8154
-10.7044
-10.5560
-10.3853
-10.2551
-10.1650
-10.1261
-10.1229
-10.1229
-10.1166
-10.1102
-10.1135
-10.1104
-10.1074
-10.0978
-10.0979
-10.0947
-10.0618
-10.0270
-9.9922
-9.9492
-9.9127
-9.8631
-9.7936
-9.7279
-9.6423
-9.5540
-9.4722
-9.4150
-9.3792
-9.3503
-9.3309
-9.3019
-9.2665
-9.2310
-9.1725
-9.0925
-8.9994
-8.9014
-8.8036
-8.6910
-8.5650
-8.4353
-8.3333
-8.2593
-8.1951
-8.1338
-8.0874
-8.0576
-8.0361
-8.0145
-8.0145
-8.0047
-7.9587
-7.9044
-7.8516
-7.7924
-7.7563
-7.7383
-7.7104
-7.6908
-7.6482
-7.5759
-7.4591
-7.3209
-7.1299
-6.9155
-6.6893
-6.4793
-6.2803
-6.1093
-5.9848
-5.8846
-5.7959
-5.7321
-5.6918
-5.6582
-5.6280
-5.6081
-5.5863
-5.5429
-5.4731
-5.4100
-5.3184
-5.1949
-5.0630
-4.9188
-4.7692
-4.6410
-4.5327
-4.4178
-4.3062
-4.2116
-4.1471
-4.0910
-4.0396
-3.9882
-3.9367
-3.8785
-3.8271
-3.7721
-3.7033
-3.6311
-3.5589
-3.4657
-3.3726
-3.2865
-3.1792
-3.0785
-2.9986
-2.9638
-2.9296
-2.9206
-2.9303
-2.9547
-2.9756
-2.9951
-3.0055
-3.0139
-3.0411
-3.0539
-3.0498
-3.0671
-3.1077
-3.1476
-3.1575
-3.1631
-3.1632
-3.1516
-3.1217
-3.0938
-3.0722
-3.0631
-3.0759
-3.0900
-3.1099
-3.1107
-3.0891
-3.0484
-3.0006
-2.9448
-2.9111
-2.9051
-2.8882
-2.8819
-2.8943
-2.9156
-2.9526
-3.0180
-3.1120
-3.2370
-3.3674
-3.4930
-3.5937
-3.6745
-3.7300
-3.7654
-3.7619
-3.7477
-3.7335
-3.7229
-3.7193
-3.6636
-3.5478
-3.3883
-3.2080
-3.0334
-2.9289
-2.9163
-3.0473
-3.3637
-3.8551
-4.3727
-4.8149
-5.0708
-5.0705
-4.8311
