-2.3082
-2.4522
-2.5417
-2.5999
-2.6286
-2.6232
-2.6016
-2.5682
-2.5331
-2.5107
-2.4965
-2.4877
-2.4952
-2.5124
-2.5613
-2.5940
-2.6412
-2.6942
-2.7159
-2.7506
-2.7953
-2.8752
-2.9829
-3.0774
-3.1574
-3.2230
-3.2618
-3.2830
-3.2757
-3.2544
-3.2221
-3.2213
-3.2227
-3.2432
-3.2688
-3.2908
-3.3113
-3.3369
-3.3522
-3.3660
-3.3943
-3.4381
-3.4891
-3.5581
-3.6089
-3.6198
-3.6305
-3.6378
-3.6595
-3.6799
-3.6848
-3.6959
-3.7316
-3.8149
-3.9337
-4.0452
-4.1286
-4.1827
-4.2014
-4.1798
-4.1402
-4.0879
-4.0457
-4.0131
-4.0029
-3.9775
-3.9471
-3.8979
-3.8503
-3.7896
-3.7441
-3.7058
-3.6849
-3.6640
-3.6423
-3.6070
-3.5818
-3.5768
-3.5768
-3.5768
-3.5839
-3.5925
-3.5961
-3.6183
-3.6576
-3.6991
-3.7198
-3.7471
-3.7644
-3.7752
-3.7931
-3.8198
-3.8343
-3.8632
-3.8703
-3.8775
-3.8768
-3.9041
-3.9293
-3.9566
-3.9925
-4.0176
-4.0355
-4.0534
-4.0606
-4.0606
-4.0793
-4.1202
-4.1886
-4.2605
-4.3138
-4.3260
-4.3260
-4.3260
-4.3397
-4.3571
-4.3690
-4.3845
-4.4277
-4.4623
-4.4989
-4.5432
-4.5750
-4.6134
-4.6790
-4.7704
-4.8898
-4.9917
-5.0850
-5.1386
-5.1612
-5.1630
-5.1631
-5.1527
-5.1531
-5.1499
-5.1609
-5.1647
-5.1720
-5.1757
-5.1689
-5.1761
-5.1834
-5.2012
-5.2120
-5.2157
-5.2054
-5.1882
-5.1745
-5.1784
-5.1663
-5.1648
-5.1647
-5.1751
-5.2133
-5.2758
-5.3328
-5.3826
-5.4208
-5.4691
-5.5103
-5.5618
-5.6219
-5.6821
-5.7422
-5.7973
-5.8576
-5.9265
-6.0093
-6.0697
-6.1129
-6.1353
-6.1510
-6.1475
-6.1493
-6.1546
-6.1769
-6.1926
-6.1978
-6.1823
-6.1581
-6.1270
-6.1097
-6.0924
-6.0804
-6.0822
-6.1064
-6.1583
-6.2188
-6.2796
-6.3056
-6.3232
-6.3566
-6.4089
-6.4472
-6.4925
-6.5238
-6.5308
-6.5379
-6.5361
-6.5275
-6.5241
-6.5363
-6.5797
-6.6196
-6.6630
-6.6821
-6.7065
-6.7449
-6.7991
-6.8656
-6.9598
-7.0627
-7.1655
-7.2615
-7.3173
-7.3540
-7.3767
-7.3959
-7.4273
-7.4709
-7.5076
-7.5496
-7.5777
-7.6145
-7.6548
-7.7022
-7.7286
-7.7479
-7.7568
-7.7761
-7.7936
-7.8250
-7.8758
-7.9108
-7.9389
-7.9599
-7.9809
-7.9949
-8.0089
-8.0422
-8.1104
-8.1735
-8.2785
-8.3906
-8.5096
-8.6199
-8.7145
-8.7986
-8.8529
-8.8914
-8.9159
-8.9334
-8.9544
-8.9911
-9.0277
-9.0593
-9.0890
-9.1257
-9.1572
-9.1819
-9.2116
-9.2536
-9.2886
-9.3165
-9.3303
-9.3459
-9.3772
-9.4191
-9.4592
-9.4974
-9.5130
-9.5268
-9.5356
-9.5374
-9.5271
-9.5306
-9.5341
-9.5375
-9.5444
-9.5547
-9.5547
-9.5513
-9.5273
-9.4929
-9.4741
-9.4659
-9.4892
-9.5281
-9.5687
-9.6059
-9.6252
-9.6446
-9.6693
-9.6834
-9.7099
-9.7487
-9.8016
-9.8579
-9.9215
-9.9779
-10.0256
-10.0679
-10.1049
-10.1384
-10.1739
-10.2197
-10.2884
-10.3869
-10.5332
-10.6956
-10.8494
-10.9817
-11.0790
-11.1249
-11.1371
-11.1439
-11.1541
-11.1663
-11.1926
-11.2190
-11.2703
-11.3359
-11.4136
-11.5069
-11.6233
-11.7680
-11.9149
-12.0442
-12.1330
-12.1594
-12.1661
-12.1728
-12.1796
-12.1897
-12.2093
-12.2290
-12.2865
-12.3827
-12.5082
-12.6398
-12.7573
-12.8441
-12.8948
-12.9213
-12.9213
-12.9280
-12.9402
-12.9436
-12.9558
-12.9810
-13.0028
-13.0491
-13.0798
-13.1160
-13.1555
-13.2128
-13.2667
-13.3387
-13.4353
-13.5286
-13.6207
-13.6968
-13.7662
-13.8180
-13.8610
-13.8985
-13.9525
-14.0131
-14.0593
-14.1233
-14.1883
-14.2523
-14.3218
-14.3946
-14.4563
-14.5402
-14.6450
-14.7554
-14.8736
-14.9766
-15.0574
-15.1281
-15.1690
-15.2034
-15.2289
-15.2467
-15.2612
-15.2989
-15.3398
-15.3931
-15.4554
-15.5301
-15.6002
-15.6822
-15.7575
-15.8131
-15.8664
-15.9141
-15.9408
-15.9807
-16.0274
-16.0732
-16.1134
-16.1521
-16.1878
-16.2242
-16.2840
-16.3408
-16.3976
-16.4521
-16.4954
-16.5256
-16.5499
-16.5800
-16.6113
-16.6427
-16.6740
-16.7174
-16.7609
-16.8195
-16.8751
-16.9574
-17.0194
-17.0742
-17.1272
-17.1833
-17.2162
-17.2539
-17.2956
-17.3341
-17.3662
-17.3990
-17.4401
-17.4636
-17.4815
-17.5122
-17.5340
-17.5583
-17.6045
-17.6841
-17.7727
-17.8709
-17.9908
-18.1049
-18.2425
-18.4072
-18.5672
-18.6798
-18.7152
-18.7240
-18.7239
-18.7238
-18.7238
-18.7300
-18.7264
-18.7161
-18.6936
-18.6863
-18.7016
-18.7357
-18.7822
-18.8217
-18.8598
-18.8835
-18.9016
-18.8981
-18.8814
-18.8647
-18.8384
-18.7945
-18.7312
-18.6546
-18.5544
-18.4303
-18.3015
-18.1766
-18.0450
-17.9233
-17.7824
-17.5837
-17.4394
-17.3750
-17.3533
-17.3440
-17.3250
-17.3025
-17.2404
-17.1287
-16.9852
-16.8347
-16.6611
-16.4892
-16.3206
-16.1529
-16.0079
-15.8638
-15.7222
-15.6172
-15.5321
-15.4470
-15.3488
-15.2618
-15.2121
-15.2011
-15.1979
-15.2014
-15.1997
-15.1621
-15.0948
-15.0429
-15.0335
-15.1066
-15.2238
-15.3477
-15.4526
-15.5542
-15.6239
-15.6881
-15.7624
-15.8618
-15.9989
-16.1392
-16.2863
-16.4224
-16.5207
-16.6048
-16.6668
-16.7269
-16.7784
-16.8332
-16.8825
-16.9111
-16.9254
-16.9468
-16.9744
-17.0219
-17.0851
-17.1913
-17.2968
-17.4007
-17.4817
-17.5459
-17.5615
-17.5740
-17.5928
-17.6053
-17.6115
-17.6178
-17.6178
-17.6266
-17.6497
-17.6784
-17.7016
-17.7716
-17.8759
-18.0366
-18.2691
-18.5202
-18.7451
-18.9145
-19.0240
-19.0741
-19.0950
-19.1289
-19.1770
-19.2083
-19.2460
-19.2875
-19.3365
-19.3809
-19.4517
-19.5404
-19.6350
-19.7526
-19.8956
-20.0125
-20.1193
-20.1977
-20.2847
-20.3506
-20.4306
-20.5451
-20.6858
-20.8524
-21.0185
-21.1083
-21.1142
-21.1172
-21.1321
-21.1621
-21.2048
-21.2568
-21.3031
-21.3493
-21.3740
-21.3742
-21.3743
-21.3774
-21.3836
-21.3900
-21.4027
-21.4309
-21.4623
-21.4905
-21.5093
-21.5219
-21.5251
-21.5346
-21.5534
-21.5754
-21.5973
-21.6369
-21.6763
-21.7008
-21.7222
-21.7462
-21.7637
-21.7782
-21.7932
-21.8109
-21.8319
-21.8620
-21.9102
-21.9706
-22.0507
-22.1157
-22.1627
-22.1805
-22.1805
-22.1835
-22.1865
-22.1955
-22.2104
-22.2491
-22.3032
-22.3838
-22.4788
-22.5934
-22.7016
-22.7918
-22.8562
-22.9119
-22.9849
-23.0522
-23.0877
-23.1291
-23.1676
-23.1911
-23.2087
-23.2204
-23.2235
-23.2294
-23.2412
-23.2591
-23.2863
-23.3283
-23.3674
-23.4094
-23.4597
-23.5189
-23.5722
-23.6112
-23.6467
-23.6878
-23.7370
-23.7890
-23.8354
-23.9019
-23.9771
-24.0553
-24.1365
-24.2061
-24.2755
-24.3419
-24.3739
-24.3974
-24.4178
-24.4326
-24.4415
-24.4590
-24.4823
-24.5171
-24.5520
-24.5842
-24.6164
-24.6345
-24.6638
-24.7071
-24.7420
-24.7743
-24.8008
-24.8187
-24.8307
-24.8282
-24.8342
-24.8259
-24.8264
-24.8212
-24.8050
-24.7804
-24.7585
-24.7424
-24.7291
-24.7213
-24.7216
-24.7219
-24.7221
-24.7141
-24.7178
-24.7330
-24.7426
-24.7578
-24.7842
-24.8022
-24.8199
-24.8320
-24.8468
-24.8591
-24.8769
-24.8946
-24.9040
-24.9190
-24.9256
-24.9432
-24.9496
-24.9615
-24.9703
-24.9765
-24.9854
-25.0000
-25.0173
-25.0431
-25.0690
-25.1007
-25.1378
-25.1723
-25.2066
-25.2408
-25.2720
-25.3031
-25.3567
-25.4128
-25.4579
-25.4916
-25.5391
-25.6031
-25.6644
-25.7258
-25.7456
-25.7542
-25.7544
-25.7573
-25.7601
-25.7605
-25.7634
-25.7802
-25.7974
-25.8177
-25.8379
-25.8773
-25.9194
-25.9588
-26.0062
-26.0587
-26.1142
-26.1755
-26.2231
-26.2484
-26.2733
-26.2954
-26.3150
-26.3263
-26.3323
-26.3383
-26.3467
-26.3578
-26.3689
-26.3748
-26.3693
-26.3777
-26.3863
-26.4139
-26.4335
-26.4363
-26.4142
-26.3832
-26.3724
-26.3671
-26.3587
-26.3248
-26.2742
-26.2122
-26.1222
-26.0327
-25.9321
-25.8376
-25.7096
-25.5201
-25.3302
-25.1571
-24.9929
-24.8599
-24.7631
-24.6972
-24.6339
-24.5951
-24.5670
-24.5389
-24.5222
-24.5194
-24.5167
-24.5194
-24.5222
-24.5279
-24.5367
-24.5455
-24.5736
-24.5909
-24.5887
-24.5635
-24.5298
-24.4851
-24.4407
-24.4018
-24.3799
-24.3608
-24.3442
-24.3277
-24.3113
-24.2921
-24.2505
-24.2061
-24.1563
-24.0929
-24.0045
-23.9078
-23.8112
-23.7174
-23.6484
-23.6235
-23.6123
-23.5817
-23.5514
-23.5071
-23.4463
-23.3689
-23.2722
-23.1423
-22.9709
-22.7553
-22.5454
-22.3828
-22.3114
-22.3035
-22.3064
-22.3064
-22.2843
-22.2677
-22.2456
-22.2069
-22.1794
-22.1464
-22.1191
-22.0945
-22.0616
-22.0287
-21.9957
-21.9545
-21.9108
-21.8725
-21.8478
-21.8452
-21.8342
-21.8094
-21.7708
-21.7239
-21.6632
-21.5942
-21.5226
-21.4455
-21.3985
-21.3627
-21.3242
-21.3021
-21.2746
-21.2500
-21.2059
-21.1729
-21.1512
-21.1239
-21.0883
-21.0278
-20.9454
-20.8548
-20.7694
-20.6950
-20.6179
-20.5021
-20.3727
-20.2106
-20.0076
-19.7901
-19.5889
-19.3823
-19.2145
-19.0880
-18.9867
-18.9347
-18.9041
-18.8843
-18.8454
-18.7822
-18.6786
-18.5444
-18.4073
-18.2917
-18.2009
-18.1148
-18.0341
-17.9521
-17.8482
-17.7526
-17.6735
-17.5969
-17.5326
-17.4690
-17.3929
-17.2945
-17.1649
-17.0152
-16.8595
-16.7097
-16.5652
-16.4099
-16.2441
-16.0746
-15.9028
-15.7559
-15.6787
-15.6645
-15.6555
-15.6330
-15.5746
-15.4697
-15.3311
-15.1768
-15.0134
-14.8552
-14.7343
-14.6258
-14.5068
-14.3710
-14.2504
-14.1309
-14.0373
-13.9582
-13.9037
-13.8389
-13.7801
-13.6955
-13.5781
-13.4627
-13.3679
-13.2906
-13.2515
-13.2123
-13.1681
-13.1207
-13.0568
-12.9733
-12.8724
-12.7900
-12.7210
-12.6571
-12.6282
-12.5922
-12.5469
-12.4821
-12.4101
-12.3400
-12.2813
-12.2338
-12.1730
-12.1090
-12.0494
-11.9898
-11.9444
-11.9041
-11.8524
-11.7717
-11.6467
-11.4721
-11.2759
-11.0908
-10.9217
-10.7836
-10.7115
-10.6684
-10.6272
-10.5986
-10.5435
-10.4624
-10.3351
-10.1654
-9.9466
-9.7442
-9.5532
-9.3913
-9.2541
-9.1332
-9.0055
-8.8797
-8.7551
-8.6415
-8.5722
-8.5475
-8.5393
-8.5393
-8.5393
-8.5296
-8.5233
-8.5172
-8.5110
-8.5048
-8.4888
-8.4791
-8.4662
-8.4566
-8.4471
-8.4246
-8.3891
-8.3373
-8.2707
-8.1761
-8.0582
-7.9370
-7.8305
-7.7271
-7.6582
-7.6253
-7.5990
-7.5858
-7.5643
-7.5330
-7.4737
-7.3930
-7.2975
-7.1904
-7.0617
-6.9280
-6.8024
-6.6703
-6.5596
-6.4868
-6.4521
-6.4455
-6.4455
-6.4389
-6.4223
-6.4009
-6.3694
-6.3213
-6.2600
-6.2053
-6.1723
-6.1260
-6.0696
-5.9964
-5.9167
-5.8434
-5.7667
-5.6617
-5.5682
-5.4850
-5.4418
-5.4253
-5.4170
-5.4170
-5.4035
-5.3769
-5.3383
-5.2711
-5.1885
-5.1012
-4.9771
-4.8477
-4.7209
-4.6131
-4.5359
-4.4938
-4.4530
-4.4189
-4.3848
-4.3612
-4.3446
-4.3176
-4.2734
-4.2512
-4.2322
-4.2387
-4.2419
-4.2528
-4.2474
-4.2150
-4.1620
-4.1108
-4.0597
-4.0066
-3.9703
-3.9478
-3.9169
-3.8691
-3.8281
-3.7933
-3.7739
-3.7783
-3.7694
-3.7352
-3.7111
-3.6904
-3.6870
-3.6921
-3.6869
-3.6763
-3.6864
-3.7093
-3.7232
-3.7188
-3.7116
-3.7008
-3.6803
-3.6699
-3.6595
-3.6526
-3.6540
-3.6541
-3.6771
-3.7395
-3.8135
-3.8586
-3.8635
-3.8496
-3.8045
-3.7667
-3.7147
-3.6696
-3.6346
-3.6133
-3.6231
-3.6541
-3.6276
-3.5628
-3.4311
-3.2811
-3.1900
-3.1512
-3.2314
-3.4200
-3.7140
-4.0395
-4.3169
-4.4971
-4.5192
-4.4055
-4.2336
-4.1101
