-4.611682479
-4.542248514
-4.500393965
-4.458779004
-4.379108601
-4.275284969
-4.125200446
-3.973568332
-3.823442728
-3.676369276
-3.579292288
-3.534575455
-3.526125431
-3.5437935
-3.563064499
-3.588518446
-3.614269655
-3.640292759
-3.648660083
-3.652764575
-3.646145207
-3.636883921
-3.661774922
-3.702196475
-3.752203966
-3.783839317
-3.828891649
-3.841023966
-3.832627341
-3.8170303
-3.790334775
-3.760664938
-3.7502667
-3.744901387
-3.754407461
-3.772013098
-3.740599408
-3.684879759
-3.614895969
-3.558211035
-3.530749417
-3.542520308
-3.566274692
-3.583959117
-3.593498714
-3.606966134
-3.618318378
-3.637682328
-3.636875866
-3.633995541
-3.620054246
-3.604089971
-3.59816636
-3.599248723
-3.607353862
-3.60232475
-3.585279252
-3.575192966
-3.563141092
-3.55309277
-3.544045331
-3.564009779
-3.606987247
-3.655942511
-3.717795369
-3.776521284
-3.826235173
-3.877906581
-3.941402776
-3.992952815
-4.053396995
-4.131682446
-4.215792659
-4.306918774
-4.394052467
-4.495986996
-4.60769055
-4.709454299
-4.830895634
-4.957210991
-5.089366115
-5.212612552
-5.331584938
-5.454699919
-5.582009586
-5.729694853
-5.882186286
-6.031799819
-6.187308137
-6.342760436
-6.497618217
-6.616477047
-6.728785636
-6.835087674
-6.934873746
-7.054234695
-7.170234762
-7.30649992
-7.468009136
-7.658610899
-7.879180677
-8.107471292
-8.288403014
-8.431442593
-8.534469872
-8.614676955
-8.679241376
-8.751057994
-8.812308108
-8.859795658
-8.913135262
-8.986237118
-9.039731668
-9.088175099
-9.16225034
-9.286278938
-9.397894231
-9.493831765
-9.564316341
-9.638568663
-9.700526772
-9.771123547
-9.828253826
-9.878176108
-9.919543954
-9.954836709
-9.996121427
-10.02016428
-10.06008436
-10.10742874
-10.14258848
-10.16554814
-10.19087046
-10.23191922
-10.26540082
-10.28647406
-10.32829372
-10.37125825
-10.43734914
-10.51921871
-10.61525668
-10.71602389
-10.81181022
-10.91493135
-11.00967044
-11.07676802
-11.11499989
-11.13656509
-11.13018926
-11.10665864
-11.08430395
-11.07163973
-11.07571757
-11.09280793
-11.11052986
-11.15234373
-11.1814989
-11.19531386
-11.17962326
-11.18020619
-11.1871995
-11.1800035
-11.15058324
-11.08678297
-11.0058338
-10.88338887
-10.70046084
-10.50200254
-10.30462933
-10.13335546
-9.975934175
-9.85410543
-9.77733267
-9.714066664
-9.662993571
-9.632613844
-9.608315594
-9.559733845
-9.494052981
-9.414546682
-9.312987069
-9.185754498
-9.063299159
-8.940900872
-8.824600576
-8.727780881
-8.654855915
-8.612080524
-8.591317063
-8.559785771
-8.520898164
-8.425428362
-8.293104071
-8.133283667
-7.953154011
-7.752568157
-7.540003006
-7.336280291
-7.150362913
-6.993837137
-6.828961689
-6.681545261
-6.560590001
-6.445652199
-6.361015497
-6.284544793
-6.19842809
-6.080805147
-5.940919728
-5.752332487
-5.522791356
-5.280785113
-5.053438072
-4.82314459
-4.620087992
-4.384660077
-4.138185362
-3.893849388
-3.676968124
-3.462255635
-3.255651886
-3.072483075
-2.888693359
-2.709196426
-2.556938105
-2.42083729
-2.287550213
-2.179095719
-2.062750516
-1.937011841
-1.798900438
-1.666380635
-1.533537875
-1.412852899
-1.317981276
-1.239282849
-1.135595204
-1.003236743
-0.873559714
-0.723752046
-0.569382632
-0.40400438
-0.229230386
-0.056215654
0.120514304
0.311428256
0.48858223
0.684894872
0.872372455
1.043929632
1.197132564
1.353253935
1.481385223
1.606817085
1.744919981
1.909811053
2.117464365
2.332930061
2.532099462
2.70099223
2.854695371
3.002057599
3.158172482
3.336583816
3.509401388
3.670534939
3.791384714
3.882892521
3.945168579
3.993830234
4.035766576
4.075664482
4.100639549
4.121526401
4.141739339
4.163997035
4.18622144
4.233430127
4.321802421
4.428330293
4.522630653
4.616197546
4.711742979
4.801852498
4.876442875
4.955050662
5.004677496
5.035434577
5.080975166
5.09889683
5.137632675
5.205916463
5.268887525
5.295556862
5.316257065
5.314981844
5.286965375
5.248293731
5.208264065
5.15692443
5.110979536
5.059719732
5.028579599
5.010296237
5.014980419
5.06474993
5.118080552
5.156253161
5.143538997
5.105318018
5.034663765
4.900700764
4.736789096
4.581364126
4.417687393
4.237194063
4.057919142
3.887183237
3.751786598
3.610834629
3.469309049
3.300579682
3.120998646
2.916255885
2.718379398
2.501757768
2.26518377
2.003022082
1.709781606
1.437993381
1.18705602
0.989447053
0.830281854
0.706027935
0.559509516
0.398615218
0.239245448
0.080974118
-0.083036367
-0.2360549
-0.385459219
-0.534224081
-0.704757397
-0.886844164
-1.051700468
-1.207802988
-1.360223326
-1.526176968
-1.667896779
-1.828508141
-1.994951556
-2.190098752
-2.375931055
-2.558132291
-2.731017905
-2.896605707
-3.069889001
-3.228074932
-3.390706282
-3.567922581
-3.755687043
-3.939059494
-4.117172975
-4.252974016
-4.364946692
-4.463569934
-4.570763115
-4.672251829
-4.791333397
-4.943543902
-5.114185455
-5.284107743
-5.471755837
-5.651106327
-5.836573077
-5.999815035
-6.151372404
-6.294925734
-6.400729119
-6.495520203
-6.55861203
-6.627908977
-6.709415823
-6.847720557
-6.985983577
-7.122387993
-7.248070775
-7.343948644
-7.462486404
-7.587156601
-12.86499228
