-5.2269256
-5.163469964
-5.127509454
-5.15054582
-5.160110406
-5.146287184
-5.146610855
-5.158758954
-5.208084606
-5.260459745
-5.29547681
-5.310184335
-5.322376662
-5.356276218
-5.396681026
-5.422941723
-5.49061371
-5.621525607
-5.711671845
-5.762582925
-5.802062814
-5.864310033
-5.868828918
-5.862309594
-5.884897631
-5.919915795
-5.931445605
-5.944093921
-5.96159864
-5.899126789
-5.794080401
-5.691295605
-5.62737144
-5.598596159
-5.61081081
-5.652324581
-5.705032259
-5.719471147
-5.729436054
-5.743875467
-5.779918497
-5.849080725
-5.971845173
-6.085866857
-6.165951933
-6.22477758
-6.299341895
-6.415328714
-6.551419021
-6.643890396
-6.716915718
-6.787634095
-6.853769026
-6.901260005
-6.924555331
-6.988241838
-7.059529897
-7.111267677
-7.144271548
-7.205303534
-7.240552803
-7.282275474
-7.319577728
-7.361046428
-7.428487047
-7.463178014
-7.495631575
-7.570367614
-7.694120861
-7.808314018
-7.872727886
-7.925942481
-7.997508513
-8.034380559
-8.034380559
-8.059416639
-8.127840843
-8.159360675
-8.18375365
-8.226644274
-8.31085459
-8.398454303
-8.465230491
-8.554369763
-8.662870259
-8.743454388
-8.841397739
-8.960141011
-9.069944276
-9.143122496
-9.205467304
-9.270062137
-9.329573579
-9.378535268
-9.44888206
-9.55712359
-9.680702232
-9.824969966
-9.986251594
-10.11308423
-10.21024121
-10.28874115
-10.35098901
-10.41312471
-10.45828946
-10.4920297
-10.51383821
-10.52182587
-10.52307518
-10.52307518
-10.54125579
-10.5553459
-10.56658825
-10.58157041
-10.63144467
-10.67536652
-10.69759149
-10.70508254
-10.74563408
-10.77471974
-10.77721929
-10.77971859
-10.80343886
-10.83514311
-10.86272276
-10.89202711
-10.94725134
-11.00733781
-11.06638163
-11.11489219
-11.15915017
-11.18481769
-11.21037333
-11.23899435
-11.26968401
-11.29068499
-11.3173969
-11.34033776
-11.37905581
-11.42010342
-11.44378609
-11.45546587
-11.49790742
-11.55523035
-11.59685225
-11.62402281
-11.6754204
-11.71469973
-11.75651687
-11.79912877
-11.83048917
-11.84816785
-11.85754356
-11.85441431
-11.86330977
-11.88471293
-11.91039818
-11.93061311
-11.95921685
-11.9794269
-11.99798316
-12.01526697
-12.06586715
-12.08054068
-12.08944192
-12.11294927
-12.13233135
-12.14757732
-12.15199542
-12.17936507
-12.24905996
-12.30705368
-12.34161467
-12.35049702
-12.36269927
-12.38329408
-12.40515314
-12.43247062
-12.45308713
-12.48296473
-12.52917305
-12.60295205
-12.65238906
-12.67968889
-12.70529877
-12.72672991
-12.74271201
-12.75869277
-12.7750311
-12.792653
-12.81028131
-12.84547786
-12.88900004
-12.92833924
-12.95101083
-12.99322073
-13.0405034
-13.08776859
-13.14301323
-13.18483694
-13.20460767
-13.21767572
-13.21732425
-13.18210886
-13.18301652
-13.22487512
-13.2424446
-13.2328195
-13.21520243
-13.21647261
-13.25033826
-13.29761567
-13.32599565
-13.27888835
-13.26634378
-13.31041542
-13.42934306
-13.50273197
-13.53512965
-13.51167613
-13.50330771
-13.51347807
-13.52910523
-13.55857949
-13.55985096
-13.5514666
-13.56097013
-13.58167185
-13.5821646
-13.56473183
-13.57416614
-13.59986364
-13.61164305
-13.64066297
-13.69569882
-13.76153522
-13.81399967
-13.88955675
-13.96536962
-13.99763744
-13.94230491
-13.87384736
-13.86318043
-13.90077193
-13.95337555
-13.97767207
-13.95738932
-13.94130696
-13.95486706
-13.96938598
-13.99209661
-14.02288665
-14.07236547
-14.12861516
-14.17543995
-14.25181165
-14.3240352
-14.34134172
-14.36674115
-14.39645527
-14.43426409
-14.44769117
-14.43816548
-14.43549683
-14.44765972
-14.4664076
-14.48628296
-14.52751689
-14.58054714
-14.64409656
-14.682151
-14.73485256
-14.81548696
-14.89085722
-14.95160366
-14.9950367
-15.03717793
-15.06749889
-15.04318243
-15.00290461
-14.99619274
-15.00272339
-15.00925368
-14.98367412
-14.95228686
-14.93939081
-14.95857992
-14.99390877
-15.01852195
-15.04458484
-15.06013805
-15.01692692
-14.93094564
-14.8781086
-14.85836081
-14.81721095
-14.78024991
-14.79802561
-14.81626765
-14.80117513
-14.76050039
-14.71307063
-14.62964854
-14.49268672
-14.37959583
-14.34258896
-14.31649694
-14.28125775
-14.27155111
-14.26853218
-14.27220201
-14.2823374
-14.29089533
-14.28483946
-14.27053328
-14.27484477
-14.32321167
-14.36875475
-14.40746835
-14.43692469
-14.46089095
-14.47408989
-14.44976103
-14.43748646
-14.41607571
-14.37109605
-14.30899346
-14.2748675
-14.25666254
-14.25986424
-14.25142841
-14.21222437
-14.18759921
-14.18155942
-14.18769322
-14.16707961
-14.12908107
-14.09375193
-14.03956772
-14.00423951
-13.97321669
-13.95006117
-13.9135496
-13.89531995
-13.85274674
-13.79946798
-13.73833958
-13.65750197
-13.56102219
-13.49356787
-13.45392943
-13.41862135
-13.37115723
-13.33035121
-13.30401261
-13.28432266
-13.26752077
-13.23335351
-13.21018976
-13.19252884
-13.18612113
-13.18636205
-13.19906701
-13.17443638
-13.13442667
-13.12705295
-13.13017371
-13.1405771
-13.15326583
-13.16823927
-13.15949433
-13.150746
-13.16228711
-13.1601913
-13.14737748
-13.14901433
-13.14772249
-13.14528458
-13.15355225
-13.17218936
-13.2127145
-13.24315152
-13.26350337
-13.2690898
-13.26623176
-13.25818716
-13.22795803
-13.1992072
-13.15264366
-13.09392437
-13.04196416
-12.9966452
-12.93908477
-12.87930986
-12.83283626
-12.81292382
-12.78749192
-12.7348009
-12.67623682
-12.59998772
-12.55138032
-12.51858919
-12.47551155
-12.44161648
-12.44271592
-12.44271592
-12.41469686
-12.37860381
-12.32374645
-12.28178432
-12.26077273
-12.1978691
-12.09748072
-11.98500704
-11.87703774
-11.74826543
-11.62066806
-11.52057797
-11.44028706
-11.34580226
-11.25453273
-11.21377692
-11.18441889
-11.14743741
-11.13297595
-11.13165567
-11.11710285
-11.08940972
-11.03999316
-10.97640915
-10.87347591
-10.72679845
-10.58231882
-10.45552771
-10.33092753
-10.22291825
-10.12905132
-10.05828776
-10.04074364
-10.04175606
-10.04175606
-10.04175606
-10.04175606
-10.04175606
-10.04175606
-10.01667754
-10.01081401
-10.01223169
-9.999846256
-9.968256376
-9.936672657
-9.884541674
-9.795370004
-9.713758729
-9.636694972
-9.533678357
-9.433713497
-9.378250454
-9.365268386
-9.351299447
-9.312366414
-9.286417704
-9.271124748
-9.212769645
-9.131470703
-9.026268912
-8.906242951
-8.764990331
-8.591624246
-8.393676952
-8.194343569
-8.031920112
-7.905699855
-7.794631477
-7.730508279
-7.704868418
-7.692050507
-7.685642056
-7.666418723
-7.647198419
-7.627981144
-7.551142352
-7.448766088
-7.308139644
-7.123119228
-6.942677378
-6.768665455
-6.592680602
-6.443222919
-6.333193907
-6.269771091
-6.212719361
-6.193708612
-6.193708612
-6.174700648
-6.12402772
-6.073376582
-6.024824304
-5.950986924
-5.845459771
-5.725442497
-5.599241963
-5.424822131
-5.267260747
-5.111573383
-4.967481357
-4.842069308
-4.766888001
-4.71679461
-4.672141495
-4.640857316
-4.608744213
-4.557886751
-4.526635503
-4.488604082
-4.454872735
-4.429895934
-4.396347889
-4.321358036
-4.236683694
-4.137193315
-4.008231915
-3.869242486
-3.755428395
-3.648433043
-3.546671655
-3.440698553
-3.344767645
-3.277454611
-3.209908344
-3.154767417
-3.140011027
-3.095411593
-3.053738647
-2.990162114
-2.901858898
-2.783206213
-2.605068239
-2.416687038
-2.216557538
-2.008697553
-1.821491046
-1.672294093
-1.531442061
-1.41516493
-1.348594304
-1.324272498
-1.296301556
-1.254917358
-1.209894171
-1.161006348
-1.100653206
-1.021926658
-0.932136696
-0.834547376
-0.750405248
-0.706863228
-0.654630728
-0.5939376
-0.548759522
-0.512853558
-0.461482069
-0.38445311
-0.296716364
-0.22447055
-0.138278612
-0.038571111
0.079763511
0.17323338
0.279965192
0.394638622
0.51667366
0.650627909
0.784529317
0.886207206
0.928676569
0.943447426
0.957530412
0.98742717
1.051161062
1.132206045
1.207126462
1.274534408
1.356775416
1.426397406
1.486359574
1.5373182
1.585254459
1.628504513
1.695007601
1.742863913
1.812315624
1.905729888
1.983165429
2.034148963
2.059342794
2.086637991
2.123254237
2.153402079
2.173868871
2.212193111
2.268993319
2.347525684
2.41763874
2.504889277
2.583675466
2.700293775
2.840336445
2.981865607
3.104879904
3.201587829
3.274839624
3.298064405
3.307043461
3.33702432
3.353975052
3.360485438
3.367609277
3.387010112
3.404320601
3.418928951
3.440533843
3.481750125
3.549545658
3.643774152
3.786646069
3.946484929
4.118041776
4.270232142
4.404621254
4.518397908
4.628391535
4.732566489
4.799037541
4.831506346
4.831506346
4.831506346
4.83265734
4.840135223
4.857963648
4.885567757
4.917200713
4.964371712
5.020118374
5.096130944
5.16700456
5.213680961
5.250560044
5.281690544
5.298387846
5.313390911
5.323770833
5.339905469
5.361231485
5.378494254
5.405013212
5.433783358
5.453292695
5.457228108
5.48023807
5.516574592
5.566817286
5.627531597
5.664517239
5.706702743
5.747728097
5.794517974
5.844311471
5.903986877
5.967808156
6.027613154
6.082192827
6.135174537
6.185738524
6.220131966
6.246216696
6.283280173
6.326643699
6.370546919
6.418598617
6.461970281
6.504809985
6.551278721
6.597760351
6.637968756
6.664629344
6.686065013
6.698105498
6.735845458
6.762012473
6.783480072
6.804391362
6.834712364
6.86556536
6.896424611
6.922580766
6.928857009
6.939319778
6.946117669
6.96654902
6.986435972
7.013120694
7.06442083
7.143544997
7.226957855
7.286795152
7.337729389
7.36922303
7.385469644
7.421180261
7.47215825
7.528926604
7.555681345
7.566685449
7.573444708
7.573947653
7.57970061
7.596958604
7.624213395
7.671469891
7.719734582
7.766498419
7.801783483
7.832816424
7.86435024
7.883867674
7.930193549
7.991327509
8.083593042
8.170168359
8.225676899
8.276431965
8.338716609
8.384731337
8.388586127
8.383342355
8.382413115
8.397299261
8.423212648
8.439054692
8.423253335
8.386850672
8.335138462
8.289700181
8.26486871
8.257282267
8.265009926
8.268442471
8.273348257
8.279238534
8.285132437
8.291029936
8.295947306
8.300867155
8.320103453
8.333580683
8.346072502
8.353791882
8.356740768
8.358707214
8.375471083
8.397003652
8.419026485
8.425784544
8.421532784
8.41106916
8.417801441
8.429331259
8.43612177
8.437194917
8.459736076
8.485543868
8.515149988
8.555292122
8.597394185
8.618029865
8.626719701
8.652560483
8.64691579
8.615049084
8.572724088
8.5371015
8.490052485
8.453009526
8.399754574
8.359945257
8.335826869
8.332106305
8.33260704
8.328387581
8.329890831
8.310517443
8.246887073
8.14521073
8.010680801
7.88290211
7.794259108
7.730118998
7.68623858
7.674749367
7.674749367
7.6690042
7.64240549
7.616341631
7.590280674
7.567882365
7.55176857
7.551349586
7.567164668
7.571005364
7.564900115
7.538902737
7.512909292
7.47602245
7.457489194
7.44938442
7.445470066
7.42944401
7.419171645
7.41315034
7.40302435
7.383931523
7.342868483
7.317417685
7.309232908
7.308829004
7.292198576
7.292350386
7.302976629
7.301063407
7.306494608
7.320338487
7.345776441
7.359159875
7.378859653
7.38280268
7.354188227
7.32874072
7.291783846
7.249630616
7.196522427
7.138306535
7.085293772
7.062890478
7.040394247
7.041535644
7.038052751
7.012078837
6.974572455
6.946003461
6.914356362
6.860201922
6.834915024
6.798573096
6.762237985
6.729925463
6.712891703
6.706825825
6.69331595
6.672168232
6.634863342
6.587675497
6.531339376
6.483556381
6.471703973
6.469025155
6.481640328
6.479182763
6.467819588
6.44066456
6.408429676
6.360134786
6.305098862
6.232835189
6.173479434
6.123385185
6.079446101
6.012005999
5.965270452
5.931728215
5.902611208
5.885136741
5.879311181
5.861832287
5.823574998
5.769097133
5.715253035
5.647164657
5.545290182
5.434911256
5.351768542
5.253580911
5.150107517
5.05894684
4.986011153
4.894068222
4.790293176
4.699571866
4.635491332
4.55299714
4.440296807
4.307567894
4.188023127
4.072397739
3.95978098
3.898971024
3.887847822
3.881924215
3.871359863
3.859510972
3.823955532
3.746873639
3.658589495
3.60067298
3.517475791
3.437178044
3.341622231
3.249901135
3.153673036
3.05739763
2.958017914
2.841210368
2.704043471
2.581690278
2.48136588
2.374161587
2.262429102
2.155810536
2.051929465
1.939720488
1.825058184
1.73365064
1.664089902
1.601363414
1.557575446
1.529832218
1.507305919
1.4787315
1.429519893
1.384253995
1.305569487
1.204902825
1.113839208
0.992392276
0.815509283
0.664888643
0.566574501
0.485623787
0.416836003
0.382873104
0.382873104
0.370673918
0.352372448
0.298329237
0.239037717
0.159712374
0.07947814
-0.018387671
-0.183743747
-0.386200385
-0.580363673
-0.76020181
-0.932850284
-1.111959086
-1.260414086
-1.352827774
-1.40976886
-1.43288245
-1.439079578
-1.439079578
-1.440989071
-1.468650299
-1.494409634
-1.522092477
-1.548371408
-1.599507287
-1.659273679
-1.741075121
-1.860446566
-1.970868154
-2.083584173
-2.19920481
-2.288422867
-2.371392246
-2.455941101
-2.566392603
-2.670945407
-2.796474189
-2.928478863
-3.065733146
-3.191601776
-3.300758
-3.400504848
-3.475075777
-3.53175906
-3.560045378
-3.577879395
-3.601029718
-3.609436442
-3.627285883
-3.650455513
-3.653554056
-3.652368075
-3.648501943
-3.589482305
-3.475615823
-3.374509102
-3.318967316
-3.221575436
-3.041268978
-2.855362634
-2.722785498
-2.665196126
-2.727884116
-2.920000595
-3.172280671
-3.466648658
-3.707742513
-3.83181359
-3.853289113
-3.841185209
-3.835950899
