9.2920
9.2713
9.2494
9.2203
9.1768
9.0793
8.9506
8.8253
8.6769
8.5274
8.3262
8.1605
8.0180
7.8905
7.7685
7.6651
7.6009
7.5690
7.5411
7.4970
7.4401
7.3518
7.2562
7.1873
7.1682
7.1994
7.2701
7.3794
7.4734
7.5863
7.7060
7.8392
7.9399
7.9599
7.9658
7.9959
8.0244
8.0852
8.1827
8.2848
8.3936
8.5320
8.6814
8.7961
8.8232
8.8025
8.7707
8.7053
8.6768
8.6604
8.6483
8.5939
8.5314
8.4890
8.4100
8.2868
8.1484
8.0031
7.8547
7.7183
7.6269
7.5206
7.3909
7.2784
7.2259
7.1955
7.2222
7.2696
7.3010
7.3354
7.3720
7.4195
7.4551
7.4676
7.4953
7.5783
7.6542
7.7176
7.7851
7.8722
7.9006
7.8912
7.8542
7.8147
7.7582
7.7262
7.6962
7.6631
7.6340
7.5890
7.5511
7.4872
7.4096
7.3205
7.2420
7.1546
7.0556
6.9697
6.9070
6.8502
6.8410
6.8309
6.7791
6.6983
6.5690
6.4532
6.3129
6.1774
6.0549
5.9582
5.8706
5.7889
5.7271
5.6606
5.6034
5.5423
5.4801
5.4289
5.4073
5.3572
5.2673
5.1791
5.1093
5.0254
4.9399
4.8437
4.7890
4.7227
4.6181
4.4938
4.3734
4.2681
4.1810
4.1238
4.0779
4.0308
3.9640
3.8795
3.8012
3.7056
3.5820
3.4345
3.2789
3.1289
2.9853
2.8827
2.7935
2.7230
2.6711
2.6178
2.5726
2.5446
2.5020
2.4341
2.3636
2.3050
2.2451
2.1545
2.0412
1.9119
1.7705
1.6157
1.4649
1.3300
1.1725
1.0265
0.9023
0.8025
0.6800
0.5771
0.5170
0.4918
0.4706
0.4785
0.4785
0.4637
0.4130
0.3554
0.2859
0.1858
0.0453
-0.0765
-0.1875
-0.2969
-0.4414
-0.5422
-0.6369
-0.7182
-0.8284
-0.9372
-1.0438
-1.1330
-1.2550
-1.3787
-1.5000
-1.6345
-1.8263
-2.0313
-2.2681
-2.5425
-2.7907
-2.9984
-3.1561
-3.3083
-3.4413
-3.5181
-3.5530
-3.5763
-3.5802
-3.5917
-3.6185
-3.6453
-3.6835
-3.7448
-3.8411
-3.9105
-3.9298
-3.9840
-4.0449
-4.1254
-4.1970
-4.2596
-4.3427
-4.4087
-4.4506
-4.4980
-4.5619
-4.6467
-4.7220
-4.7916
-4.8722
-4.9734
-5.1085
-5.2568
-5.4711
-5.6968
-5.9399
-6.1345
-6.3101
-6.3856
-6.4045
-6.4122
-6.3892
-6.3641
-6.3679
-6.4120
-6.4617
-6.5266
-6.6141
-6.6956
-6.7770
-6.8455
-6.9258
-7.0117
-7.0955
-7.1926
-7.2895
-7.3691
-7.4452
-7.5270
-7.6240
-7.6942
-7.7514
-7.8182
-7.8889
-7.9865
-8.0914
-8.2039
-8.3280
-8.4082
-8.4539
-8.4996
-8.5953
-8.7028
-8.8153
-8.9069
-9.0104
-9.1198
-9.2033
-9.2849
-9.3438
-9.4006
-9.4421
-9.4858
-9.5520
-9.5979
-9.6361
-9.6973
-9.7942
-9.8934
-9.9774
-10.0649
-10.1509
-10.2277
-10.2757
-10.2869
-10.2869
-10.3097
-10.3380
-10.3738
-10.4406
-10.5457
-10.6987
-10.8570
-10.9901
-11.1158
-11.2308
-11.3603
-11.4730
-11.5800
-11.6817
-11.7697
-11.8452
-11.8908
-11.9409
-12.0085
-12.0688
-12.1236
-12.1888
-12.2819
-12.3808
-12.5060
-12.6337
-12.7527
-12.8523
-12.9361
-12.9975
-13.0541
-13.1208
-13.1932
-13.2867
-13.3989
-13.5009
-13.6062
-13.7051
-13.7830
-13.8442
-13.9090
-13.9809
-14.0629
-14.1643
-14.2756
-14.3882
-14.4788
-14.5632
-14.6436
-14.7077
-14.7821
-14.8599
-14.9309
-14.9779
-15.0155
-15.0592
-15.0788
-15.1141
-15.1585
-15.2065
-15.2469
-15.3091
-15.4037
-15.4862
-15.5810
-15.6901
-15.7829
-15.8593
-15.9366
-16.0209
-16.1139
-16.2082
-16.3143
-16.3890
-16.4330
-16.4484
-16.4615
-16.4756
-16.4887
-16.5258
-16.5857
-16.6596
-16.7591
-16.8806
-17.0117
-17.1193
-17.2021
-17.2649
-17.3269
-17.4195
-17.5312
-17.6263
-17.6991
-17.7546
-17.7875
-17.8448
-17.9220
-18.0356
-18.1654
-18.2801
-18.4226
-18.5482
-18.6694
-18.7718
-18.8607
-18.9379
-18.9745
-19.0219
-19.0695
-19.1442
-19.1971
-19.2545
-19.3277
-19.3925
-19.4371
-19.4605
-19.4877
-19.5468
-19.6410
-19.7461
-19.8727
-20.0160
-20.1614
-20.2857
-20.4264
-20.5762
-20.7027
-20.8090
-20.8918
-20.9382
-20.9481
-20.9329
-20.9401
-20.9561
-20.9594
-20.9858
-20.9968
-21.0302
-21.0759
-21.1222
-21.1555
-21.1917
-21.2377
-21.2843
-21.3308
-21.3636
-21.4029
-21.4199
-21.4297
-21.4395
-21.4495
-21.4662
-21.4823
-21.4827
-21.4868
-21.4684
-21.4623
-21.4662
-21.4800
-21.4908
-21.4883
-21.4976
-21.5134
-21.5262
-21.5171
-21.5078
-21.5080
-21.5202
-21.5232
-21.5179
-21.5157
-21.5064
-21.5067
-21.4980
-21.4862
-21.4864
-21.4896
-21.4962
-21.5094
-21.5317
-21.5790
-21.6417
-21.7295
-21.8114
-21.9163
-21.9812
-22.0022
-22.0197
-22.0272
-22.0242
-22.0242
-22.0305
-22.0526
-22.0963
-22.1685
-22.2533
-22.3476
-22.4144
-22.4315
-22.4394
-22.4694
-22.5153
-22.5396
-22.5580
-22.5764
-22.6041
-22.6344
-22.6560
-22.6739
-22.7031
-22.7355
-22.7582
-22.7786
-22.7997
-22.8239
-22.8409
-22.8664
-22.8890
-22.9122
-22.9358
-22.9969
-23.0704
-23.1566
-23.2493
-23.3396
-23.4214
-23.4964
-23.5492
-23.5982
-23.6528
-23.6907
-23.7253
-23.7382
-23.7415
-23.7478
-23.7635
-23.7823
-23.7985
-23.8210
-23.8624
-23.9002
-23.9259
-23.9180
-23.8821
-23.8274
-23.7913
-23.7651
-23.7420
-23.7253
-23.6968
-23.6714
-23.6341
-23.5995
-23.5527
-23.4935
-23.4314
-23.3810
-23.3612
-23.3600
-23.3558
-23.3362
-23.2951
-23.2453
-23.1646
-23.0712
-22.9875
-22.9285
-22.8969
-22.8803
-22.8757
-22.8553
-22.8251
-22.7949
-22.7679
-22.7412
-22.7299
-22.7157
-22.7076
-22.6905
-22.6527
-22.5934
-22.5370
-22.4806
-22.4275
-22.3802
-22.3576
-22.3382
-22.3001
-22.2246
-22.1242
-22.0176
-21.9201
-21.8288
-21.7498
-21.6890
-21.6435
-21.6136
-21.6022
-21.5913
-21.5805
-21.5482
-21.4734
-21.3955
-21.3264
-21.2634
-21.2005
-21.1253
-21.0317
-20.9535
-20.8689
-20.7812
-20.6839
-20.5895
-20.5104
-20.4620
-20.4104
-20.3742
-20.3353
-20.2778
-20.2175
-20.1604
-20.1164
-20.0788
-20.0744
-20.0976
-20.1173
-20.1128
-20.1050
-20.0844
-20.0603
-20.0393
-20.0184
-19.9912
-19.9640
-19.9185
-19.8761
-19.8337
-19.7885
-19.7070
-19.6382
-19.5636
-19.4737
-19.3659
-19.2489
-19.1103
-18.9623
-18.8173
-18.6723
-18.5574
-18.4637
-18.3974
-18.3551
-18.3374
-18.3070
-18.2675
-18.2308
-18.1796
-18.1190
-18.0524
-17.9768
-17.8857
-17.7854
-17.6887
-17.5915
-17.4824
-17.3707
-17.2734
-17.1788
-17.0633
-16.9575
-16.8725
-16.7848
-16.6978
-16.6069
-16.5037
-16.4005
-16.2766
-16.1435
-16.0339
-15.9547
-15.8672
-15.7945
-15.7303
-15.6907
-15.6544
-15.6174
-15.5745
-15.5356
-15.5142
-15.4837
-15.4136
-15.3162
-15.2007
-15.0688
-14.9129
-14.7569
-14.6240
-14.5092
-14.4183
-14.3431
-14.2678
-14.2197
-14.1758
-14.1352
-14.0663
-14.0083
-13.9479
-13.8751
-13.7692
-13.6567
-13.5739
-13.5035
-13.4341
-13.3804
-13.3531
-13.3090
-13.2290
-13.1491
-13.0639
-13.0070
-12.9525
-12.9161
-12.8797
-12.8330
-12.7738
-12.7408
-12.7260
-12.7069
-12.6763
-12.6662
-12.6537
-12.6299
-12.5855
-12.5378
-12.4992
-12.4538
-12.4017
-12.3564
-12.3030
-12.2361
-12.1557
-12.0662
-11.9563
-11.8520
-11.7523
-11.6616
-11.5686
-11.4881
-11.4166
-11.3407
-11.2738
-11.1988
-11.1126
-11.0241
-10.9185
-10.8141
-10.7075
-10.5871
-10.4814
-10.3861
-10.3313
-10.2834
-10.2333
-10.1581
-10.0968
-10.0613
-10.0194
-9.9797
-9.9071
-9.8221
-9.7301
-9.6527
-9.5823
-9.5015
-9.4165
-9.3210
-9.1983
-9.0604
-8.9462
-8.8688
-8.8291
-8.7824
-8.7413
-8.6951
-8.6364
-8.5660
-8.5047
-8.4448
-8.3744
-8.2985
-8.1955
-8.0764
-7.9608
-7.8779
-7.8166
-7.7714
-7.6991
-7.6287
-7.5419
-7.4606
-7.3487
-7.2382
-7.1408
-7.0348
-6.9465
-6.8871
-6.8314
-6.7682
-6.6942
-6.6401
-6.5789
-6.4869
-6.3679
-6.2708
-6.1880
-6.0946
-5.9794
-5.8751
-5.7726
-5.6899
-5.6288
-5.5298
-5.4058
-5.2836
-5.1794
-5.0806
-5.0160
-4.9531
-4.9244
-4.8885
-4.8509
-4.7952
-4.7126
-4.6031
-4.4956
-4.3951
-4.2929
-4.1893
-4.1163
-4.0539
-3.9918
-3.9208
-3.8337
-3.7024
-3.5628
-3.4036
-3.2317
-3.0572
-2.9061
-2.7542
-2.6328
-2.5350
-2.4861
-2.4388
-2.4055
-2.3811
-2.3531
-2.3032
-2.2414
-2.1848
-2.1142
-2.0290
-1.9159
-1.8049
-1.7110
-1.6192
-1.5297
-1.4615
-1.3999
-1.3361
-1.2731
-1.2181
-1.1404
-1.0665
-0.9896
-0.9149
-0.8424
-0.7634
-0.6997
-0.6535
-0.6147
-0.5846
-0.5559
-0.5248
-0.4799
-0.4298
-0.3599
-0.2624
-0.1523
-0.0423
0.0636
0.1645
0.2820
0.3880
0.5223
0.6955
0.8762
1.0681
1.2740
1.4653
1.6066
1.7192
1.7931
1.8445
1.8796
1.9059
1.9473
2.0024
2.0902
2.2092
2.3421
2.4677
2.5985
2.7206
2.8542
2.9755
3.0895
3.2222
3.3420
3.4393
3.5102
3.5673
3.6078
3.6460
3.7071
3.7907
3.8826
3.9827
4.0920
4.2152
4.3029
4.3719
4.4448
4.5141
4.5752
4.6138
4.6595
4.6915
4.7157
4.7389
4.7642
4.7973
4.8497
4.9509
5.0550
5.1456
5.2272
5.3256
5.4409
5.5457
5.6279
5.7111
5.7815
5.8595
5.9414
6.0497
6.1669
6.2754
6.3897
6.5130
6.6385
6.7504
6.8534
6.9320
6.9998
7.0785
7.1731
7.3113
7.4460
7.5770
7.6883
7.7797
7.8515
7.9352
8.0190
8.0909
8.1388
8.1906
8.2413
8.3041
8.3757
8.4633
8.5470
8.5947
8.6151
8.6097
8.6128
8.6128
8.5957
8.5778
8.5453
8.5088
8.4555
8.3767
8.2753
8.1731
8.1306
8.1385
8.1506
8.1706
8.1871
8.2117
8.2196
8.2354
8.2602
8.3022
8.3465
8.3829
8.4404
8.4748
8.4842
8.4834
8.4585
8.3908
8.3521
8.3117
8.2169
8.0624
7.8722
7.6740
7.4884
7.3524
7.2494
7.1701
7.0579
6.9503
6.8787
6.8652
6.8838
6.8669
6.7910
6.7095
6.6311
6.5913
6.6037
6.6669
6.7085
6.7462
6.7946
6.8385
6.8626
6.8506
6.8611
6.8972
6.9696
7.0471
7.1453
7.2268
7.2618
7.2851
7.2805
7.2484
7.2246
7.2174
7.2053
7.2053
7.1957
7.1861
7.1812
7.1618
7.1638
7.1931
7.2352
7.2826
7.3436
7.4232
7.4952
7.5407
7.5638
7.5791
7.5749
7.5749
7.5749
7.5749
7.5667
7.5585
7.5663
7.5936
7.6322
7.6351
7.6382
7.6309
7.6322
7.6583
7.7014
7.7365
7.7240
7.6997
7.6944
7.6979
7.6812
7.6727
7.6878
7.7321
7.7798
7.8434
7.9235
7.9695
7.9972
8.0242
8.0631
8.0955
8.0868
8.0693
8.0475
8.0158
8.0387
8.0893
8.1614
8.2094
8.2324
8.2753
8.3257
8.3756
8.4059
8.4342
8.4553
8.4993
8.5381
8.5888
8.6375
8.6778
8.6876
8.6995
8.7452
8.8022
8.8450
8.8412
8.8213
8.7736
8.7364
8.7343
8.7635
8.8156
8.8371
8.8522
8.8773
8.8349
