6.130100
6.129810
6.128939
6.127488
6.125456
6.122845
6.119653
6.115880
6.111528
6.106596
6.101085
6.094994
6.088323
6.081074
6.073246
6.064839
6.055854
6.046292
6.036151
6.025434
6.014139
6.002269
5.989822
5.976800
5.963202
5.949030
5.934284
5.918964
5.903070
5.886605
5.869567
5.851958
5.833778
5.815028
5.795709
5.775820
5.755364
5.734340
5.712749
5.690592
5.667871
5.644584
5.620735
5.596322
5.571348
5.545813
5.519717
5.493062
5.465849
5.438079
5.409752
5.380870
5.351433
5.321443
5.290901
5.259807
5.228164
5.195971
5.163230
5.129943
5.096109
5.061732
5.026811
4.991348
4.955344
4.918800
4.881718
4.844100
4.805945
4.767256
4.728034
4.688281
4.647997
4.607184
4.565844
4.523978
4.481587
4.438673
4.395237
4.351282
4.306808
4.261816
4.216310
4.170289
4.123757
4.076713
4.029161
3.981101
3.932536
3.883467
3.833895
3.783823
3.733252
3.682184
3.630621
3.578564
3.526016
3.472978
3.419452
3.365439
3.310943
3.255964
3.200505
3.144567
3.088153
3.031264
2.973902
2.916070
2.857769
2.799002
2.739770
2.680076
2.619921
2.559309
2.498239
2.436716
2.374741
2.312317
2.249444
2.186126
2.122365
2.058164
1.993523
1.928446
1.862934
1.796991
1.730618
1.663818
1.596593
1.528945
1.460877
1.392391
1.323489
1.254174
1.184448
1.114314
1.043775
0.972831
0.901487
0.829745
0.757606
0.685074
0.612151
0.538840
0.465142
0.391062
0.316601
0.241761
0.166546
0.090959
0.015001
-0.061325
-0.138015
-0.215068
-0.292481
-0.370250
-0.448373
-0.526848
-0.605672
-0.684842
-0.764355
-0.844208
-0.924399
-1.004925
-1.085784
-1.166971
-1.248485
-1.330322
-1.412481
-1.494957
-1.577748
-1.660852
-1.744265
-1.827984
-1.912006
-1.996329
-2.080950
-2.165865
-2.251072
-2.336568
-2.422349
-2.508414
-2.594758
-2.681379
-2.768273
-2.855438
-2.942871
-3.030569
-3.118528
-3.206746
-3.295219
-3.383944
-3.472919
-3.562140
-3.651604
-3.741309
-3.831249
-3.921424
-4.011829
-4.102462
-4.193319
-4.284397
-4.375693
-4.467204
-4.558926
-4.650857
-4.742993
-4.835331
-4.927868
-5.020600
-5.113525
-5.206638
-5.299938
-5.393420
-5.487081
-5.580919
-5.674929
-5.769109
-5.863455
-5.957964
-6.052633
-6.147458
-6.242437
-6.337565
-6.432839
-6.528257
-6.623815
-6.719509
-6.815336
-6.911293
-7.007377
-7.103583
-7.199910
-7.296353
-7.392909
-7.489575
-7.586347
-7.683223
-7.780197
-7.877269
-7.974433
-8.071686
-8.169026
-8.266448
-8.363950
-8.461527
-8.559178
-8.656897
-8.754682
-8.852529
-8.950436
-9.048398
-9.146412
-9.244474
-9.342582
-9.440732
-9.538920
-9.637144
-9.735398
-9.833682
-9.931989
-10.030319
-10.128666
-10.227028
-10.325400
-10.423781
-10.522165
-10.620551
-10.718934
-10.817311
-10.915678
-11.014033
-11.112371
-11.210689
-11.308984
-11.407253
-11.505492
-11.603697
-11.701866
-11.799994
-11.898078
-11.996116
-12.094103
-12.192036
-12.289911
-12.387726
-12.485477
-12.583160
-12.680773
-12.778311
-12.875771
-12.973150
-13.070445
-13.167652
-13.264768
-13.361788
-13.458711
-13.555533
-13.652249
-13.748858
-13.845355
-13.941737
-14.038001
-14.134143
-14.230161
-14.326050
-14.421807
-14.517430
-14.612914
-14.708257
-14.803455
-14.898504
-14.993402
-15.088146
-15.182731
-15.277155
-15.371414
-15.465505
-15.559424
-15.653169
-15.746737
-15.840123
-15.933325
-16.026340
-16.119163
-16.211793
-16.304225
-16.396457
-16.488486
-16.580307
-16.671919
-16.763317
-16.854498
-16.945460
-17.036199
-17.126713
-17.216997
-17.307049
-17.396866
-17.486444
-17.575780
-17.664872
-17.753716
-17.842309
-17.930648
-18.018730
-18.106552
-18.194110
-18.281402
-18.368426
-18.455176
-18.541652
-18.627849
-18.713764
-18.799396
-18.884740
-18.969794
-19.054554
-19.139018
-19.223184
-19.307047
-19.390605
-19.473855
-19.556794
-19.639420
-19.721729
-19.803719
-19.885386
-19.966729
-20.047743
-20.128427
-20.208777
-20.288790
-20.368465
-20.447797
-20.526785
-20.605426
-20.683716
-20.761653
-20.839235
-20.916458
-20.993320
-21.069819
-21.145951
-21.221715
-21.297106
-21.372124
-21.446764
-21.521025
-21.594904
-21.668399
-21.741506
-21.814223
-21.886548
-21.958479
-22.030012
-22.101145
-22.171876
-22.242202
-22.312122
-22.381631
-22.450729
-22.519412
-22.587678
-22.655525
-22.722951
-22.789953
-22.856528
-22.922675
-22.988391
-23.053674
-23.118522
-23.182932
-23.246901
-23.310429
-23.373513
-23.436150
-23.498338
-23.560075
-23.621359
-23.682189
-23.742560
-23.802473
-23.861924
-23.920911
-23.979433
-24.037487
-24.095072
-24.152184
-24.208824
-24.264987
-24.320673
-24.375880
-24.430605
-24.484846
-24.538603
-24.591872
-24.644653
-24.696942
-24.748739
-24.800042
-24.850848
-24.901157
-24.950966
-25.000273
-25.049077
-25.097376
-25.145169
-25.192453
-25.239228
-25.285491
-25.331241
-25.376476
-25.421195
-25.465396
-25.509078
-25.552239
-25.594878
-25.636993
-25.678582
-25.719645
-25.760179
-25.800184
-25.839658
-25.878599
-25.917007
-25.954879
-25.992215
-26.029014
-26.065273
-26.100992
-26.136170
-26.170805
-26.204896
-26.238442
-26.271442
-26.303894
-26.335798
-26.367152
-26.397955
-26.428207
-26.457906
-26.487050
-26.515640
-26.543674
-26.571151
-26.598070
-26.624430
-26.650231
-26.675471
-26.700150
-26.724266
-26.747819
-26.770808
-26.793232
-26.815091
-26.836383
-26.857108
-26.877266
-26.896854
-26.915874
-26.934324
-26.952203
-26.969512
-26.986248
-27.002412
-27.018004
-27.033022
-27.047466
-27.061335
-27.074630
-27.087349
-27.099492
-27.111060
-27.122050
-27.132464
-27.142300
-27.151558
-27.160239
-27.168341
-27.175864
-27.182808
-27.189174
-27.194960
-27.200166
-27.204793
-27.208839
-27.212306
-27.215192
-27.217499
-27.219225
-27.220370
-27.220935
-27.220919
-27.220324
-27.219147
-27.217390
-27.215053
-27.212136
-27.208638
-27.204561
-27.199903
-27.194666
-27.188849
-27.182453
-27.175477
-27.167923
-27.159790
-27.151079
-27.141790
-27.131923
-27.121479
-27.110457
-27.098859
-27.086685
-27.073935
-27.060610
-27.046710
-27.032235
-27.017186
-27.001565
-26.985370
-26.968603
-26.951264
-26.933354
-26.914874
-26.895824
-26.876205
-26.856017
-26.835262
-26.813939
-26.792050
-26.769596
-26.746577
-26.722994
-26.698848
-26.674139
-26.648869
-26.623039
-26.596648
-26.569699
-26.542193
-26.514129
-26.485510
-26.456335
-26.426607
-26.396326
-26.365494
-26.334110
-26.302177
-26.269696
-26.236667
-26.203092
-26.168971
-26.134307
-26.099101
-26.063353
-26.027065
-25.990237
-25.952873
-25.914971
-25.876535
-25.837566
-25.798063
-25.758030
-25.717468
-25.676377
-25.634760
-25.592617
-25.549950
-25.506762
-25.463052
-25.418823
-25.374076
-25.328814
-25.283036
-25.236746
-25.189944
-25.142632
-25.094813
-25.046486
-24.997656
-24.948321
-24.898486
-24.848151
-24.797318
-24.745989
-24.694166
-24.641850
-24.589043
-24.535748
-24.481966
-24.427698
-24.372947
-24.317715
-24.262004
-24.205815
-24.149150
-24.092012
-24.034402
-23.976323
-23.917777
-23.858764
-23.799289
-23.739352
-23.678956
-23.618102
-23.556794
-23.495032
-23.432820
-23.370159
-23.307052
-23.243501
-23.179507
-23.115074
-23.050203
-22.984897
-22.919158
-22.852988
-22.786390
-22.719365
-22.651917
-22.584048
-22.515759
-22.447054
-22.377934
-22.308403
-22.238462
-22.168114
-22.097361
-22.026206
-21.954652
-21.882701
-21.810354
-21.737616
-21.664488
-21.590973
-21.517074
-21.442793
-21.368132
-21.293095
-21.217683
-21.141900
-21.065748
-20.989230
-20.912348
-20.835106
-20.757505
-20.679549
-20.601240
-20.522581
-20.443575
-20.364224
-20.284531
-20.204500
-20.124132
-20.043430
-19.962398
-19.881039
-19.799354
-19.717347
-19.635021
-19.552378
-19.469422
-19.386156
-19.302581
-19.218702
-19.134521
-19.050041
-18.965264
-18.880195
-18.794836
-18.709189
-18.623258
-18.537046
-18.450556
-18.363791
-18.276753
-18.189447
-18.101874
-18.014038
-17.925943
-17.837590
-17.748983
-17.660126
-17.571021
-17.481672
-17.392081
-17.302252
-17.212187
-17.121891
-17.031365
-16.940614
-16.849640
-16.758447
-16.667038
-16.575415
-16.483582
-16.391543
-16.299300
-16.206857
-16.114217
-16.021383
-15.928359
-15.835147
-15.741751
-15.648174
-15.554419
-15.460490
-15.366390
-15.272122
-15.177690
-15.083096
-14.988345
-14.893438
-14.798381
-14.703175
-14.607825
-14.512333
-14.416703
-14.320938
-14.225042
-14.129018
-14.032869
-13.936599
-13.840211
-13.743708
-13.647093
-13.550371
-13.453544
-13.356616
-13.259590
-13.162469
-13.065258
-12.967959
-12.870575
-12.773110
-12.675568
-12.577952
-12.480265
-12.382511
-12.284692
-12.186814
-12.088878
-11.990888
-11.892848
-11.794761
-11.696630
-11.598460
-11.500253
-11.402012
-11.303742
-11.205446
-11.107126
-11.008787
-10.910432
-10.812064
-10.713686
-10.615303
-10.516918
-10.418533
-10.320153
-10.221781
-10.123420
-10.025074
-9.926745
-9.828439
-9.730157
-9.631904
-9.533682
-9.435496
-9.337348
-9.239243
-9.141182
-9.043171
-8.945212
-8.847309
-8.749465
-8.651683
-8.553967
-8.456321
-8.358747
-8.261250
-8.163832
-8.066497
-7.969248
-7.872089
-7.775023
-7.678053
-7.581183
-7.484416
-7.387756
-7.291206
-7.194769
-7.098449
-7.002249
-6.906172
-6.810221
-6.714401
-6.618714
-6.523164
-6.427754
-6.332487
-6.237367
-6.142397
-6.047580
-5.952919
-5.858419
-5.764081
-5.669911
-5.575909
-5.482081
-5.388429
-5.294957
-5.201667
-5.108563
-5.015649
-4.922927
-4.830401
-4.738074
-4.645949
-4.554029
-4.462318
-4.370818
-4.279534
-4.188467
-4.097622
-4.007002
-3.916609
-3.826446
-3.736518
-3.646827
-3.557375
-3.468167
-3.379206
-3.290494
-3.202034
-3.113830
-3.025885
-2.938201
-2.850782
-2.763631
-2.676751
-2.590145
-2.503816
-2.417767
-2.332001
-2.246520
-2.161329
-2.076429
-1.991824
-1.907517
-1.823511
-1.739808
-1.656411
-1.573325
-1.490550
-1.408091
-1.325949
-1.244129
-1.162632
-1.081462
-1.000622
-0.920114
-0.839940
-0.760105
-0.680610
-0.601459
-0.522654
-0.444198
-0.366093
-0.288342
-0.210949
-0.133916
-0.057245
0.019061
0.095000
0.170568
0.245762
0.320582
0.395023
0.469083
0.542760
0.616050
0.688952
0.761464
0.833581
0.905303
0.976625
1.047547
1.118065
1.188178
1.257881
1.327174
1.396054
1.464518
1.532564
1.600189
1.667392
1.734169
1.800519
1.866440
1.931928
1.996982
2.061599
2.125777
2.189515
2.252809
2.315657
2.378058
2.440009
2.501508
2.562553
2.623142
2.683272
2.742941
2.802148
2.860891
2.919167
2.976974
3.034310
3.091174
3.147563
3.203475
3.258909
3.313862
3.368332
3.422319
3.475819
3.528831
3.581353
3.633384
3.684921
3.735962
3.786506
3.836552
3.886097
3.935139
3.983678
4.031710
4.079235
4.126252
4.172757
4.218750
4.264229
4.309193
4.353639
4.397567
4.440975
4.483861
4.526224
4.568062
4.609374
4.650159
4.690414
4.730140
4.769333
4.807994
4.846120
4.883710
4.920763
4.957278
4.993253
5.028687
5.063579
5.097928
5.131732
5.164990
5.197702
5.229865
5.261480
5.292544
5.323057
5.353017
5.382424
5.411277
5.439574
5.467315
5.494498
5.521123
5.547189
5.572694
5.597639
5.622021
5.645841
5.669097
5.691788
5.713915
5.735475
5.756469
5.776895
5.796753
5.816043
5.834762
5.852912
5.870490
5.887497
5.903933
