-4.723412786
-4.804097692
-4.821879731
-4.783616107
-4.727344329
-4.668997435
-4.616701867
-4.581136329
-4.524306341
-4.459010671
-4.396178133
-4.348714268
-4.37403781
-4.438041701
-4.537121396
-4.679100087
-4.857961262
-5.035506799
-5.200402003
-5.356000766
-5.468974966
-5.584331011
-5.662682533
-5.701493078
-5.718679977
-5.697476977
-5.664478859
-5.633703689
-5.58437751
-5.519479925
-5.46184092
-5.399175479
-5.344389463
-5.349050825
-5.41491817
-5.477168076
-5.535007958
-5.572267306
-5.580542455
-5.581074031
-5.572122575
-5.622029661
-5.726691171
-5.900432864
-6.106068177
-6.36823625
-6.62205834
-6.843733523
-7.021868871
-7.149596112
-7.238844574
-7.304463328
-7.366522457
-7.431839158
-7.481686233
-7.511308236
-7.573720858
-7.638780184
-7.696739238
-7.746159491
-7.768962457
-7.801770137
-7.861201089
-7.920848776
-7.994076935
-8.120789122
-8.246943707
-8.354284362
-8.496281212
-8.610044059
-8.703128645
-8.832324528
-8.961518925
-9.075618465
-9.178082279
-9.264282853
-9.390550496
-9.510852252
-9.617162559
-9.743723695
-9.8967471
-10.00328237
-10.06397241
-10.09349372
-10.10772561
-10.12462576
-10.14276331
-10.14009796
-10.17925834
-10.26035092
-10.34027196
-10.43387909
-10.54158166
-10.65743371
-10.78573591
-10.89620055
-10.96600141
-10.9989528
-11.01885637
-10.99066934
-10.93962733
-10.89082647
-10.89139455
-10.90209033
-10.87398826
-10.83699203
-10.78860095
-10.74400996
-10.72199709
-10.6681401
-10.60886324
-10.52836481
-10.43534941
-10.33578301
-10.22487611
-10.08624957
-9.891102421
-9.667131421
-9.434659527
-9.166699221
-8.853940522
-8.509746564
-8.120031146
-7.722228305
-7.3510536
-6.996817097
-6.700600062
-6.464147091
-6.326823368
-6.288523211
-6.282457986
-6.282457986
-6.264264274
-6.203798714
-6.105066656
-5.982147162
-5.853334061
-5.710420161
-5.585645928
-5.481049005
-5.390595731
-5.300174439
-5.217810632
-5.149503628
-5.105372518
-5.051245356
-4.962968792
-4.844529297
-4.675252826
-4.458994676
-4.199917574
-3.878887761
-3.493616866
-3.116707725
-2.784062614
-2.476582043
-2.259318312
-2.171495272
-2.16210363
-2.157733203
-2.134208824
-2.120677354
-2.113039388
-2.066839393
-1.987774517
-1.846751989
-1.666739123
-1.473359677
-1.211990145
-0.911224971
-0.631510286
-0.355403028
-0.089557746
0.170009726
0.404506565
0.585742264
0.729885606
0.838299168
0.936699558
0.994444163
1.087128028
1.252465897
1.433752354
1.621770365
1.820878776
1.973675932
2.039541715
2.064801461
2.071428518
2.069865878
2.106882789
2.141031952
2.163154535
2.183872689
2.214538487
2.27340039
2.332933924
2.399806102
2.490206544
2.5871176
2.68820136
2.779273635
2.843821419
2.876095051
2.880473582
2.875571623
2.834879216
2.782462459
2.757884457
2.755172061
2.777690412
2.815008045
2.821244988
2.778971492
2.738483334
2.712330905
2.720035575
2.753815489
2.799295301
2.817980997
2.814238441
2.796837476
2.784115413
2.800290495
2.818437731
2.767382335
2.59930174
2.348581798
2.058604636
1.759079611
1.48364706
1.265276713
1.099273525
0.975777477
0.862967239
0.788040041
0.699366538
0.584646926
0.433924726
0.232193563
-0.013189408
-0.284782151
-0.558964871
-0.83201455
-1.113312733
-1.420318726
-1.760159715
-2.140132492
-2.528020435
-2.908258394
-3.256625566
-3.570927793
-3.845863135
-4.060056933
-4.241496291
-4.387480474
-4.523443116
-4.659131894
-4.758948706
-4.866870025
-4.980278793
-5.087017433
-5.126019016
-5.139621962
-5.158883303
-5.184947075
-5.203485797
-5.23451007
-5.284960664
-5.354614333
-5.414878809
-4.854924751
