-1.84894323
-1.899279305
-1.946275987
-1.972902922
-1.997867908
-2.020494156
-2.02779881
-2.124636068
-2.286953836
-2.436602854
-2.560237709
-2.715547493
-2.881124509
-3.08655786
-3.306416776
-3.556240643
-3.828763915
-4.141125285
-4.522612785
-4.981152765
-5.48954229
-6.074605284
-6.718413646
-7.356546405
-8.040199725
-8.778737173
-9.44269329
-10.06719163
-10.61225153
-11.09053154
-11.4370927
-11.67200639
-11.80220562
-11.8365703
-11.8122347
-11.75051767
-11.69667582
-11.67093328
-11.66294672
-11.65636174
-11.62344175
-11.52572736
-11.32803434
-11.10000015
-10.87311062
-10.63530985
-10.40712675
-10.29574729
-10.28883307
-10.34907449
-10.49908038
-10.66733714
-10.83051776
-10.97348635
-11.06362048
-11.12136876
-11.19016415
-11.28584701
-11.43027993
-11.58701021
-11.74283295
-11.88784685
-12.02618067
-12.16579353
-12.2842793
-12.40694391
-12.50523483
-12.61532591
-12.71438409
-12.77027464
-12.83448004
-12.92687153
-13.06186577
-13.25856213
-13.52308179
-13.83914609
-14.19093617
-14.56398761
-14.95498326
-15.35441708
-15.73685225
-16.10166608
-16.397773
-16.6501661
-16.87199573
-17.01239526
-17.10648015
-17.2192896
-17.29088291
-17.33571036
-17.38334962
-17.38442634
-17.33277801
-17.27288069
-17.27249857
-17.37080454
-17.48725768
-17.62764938
-17.84921105
-18.03434918
-18.13031275
-18.16058481
-18.14913052
-18.07628977
-18.02345773
-18.01070252
-18.00085815
-17.99855757
-17.97913851
-17.93177665
-17.83067164
-17.74461885
-17.68241861
-17.60545016
-17.51656674
-17.48153957
-17.446669
-17.42344712
-17.47897743
-17.55227063
-17.60984056
-17.65438037
-17.70814107
-17.69751973
-17.68891281
-17.69215504
-17.71662235
-17.74597766
-17.76997131
-17.80478581
-17.8462366
-17.85764759
-17.83488645
-17.79005361
-17.7175351
-17.62476364
-17.53558382
-17.4381527
-17.34118332
-17.19120744
-17.00308971
-16.7704095
-16.56874005
-16.36207838
-16.10285318
-15.78789875
-15.38804674
-14.92603935
-14.41139293
-13.88264972
-13.36462022
-12.87442441
-12.43158502
-12.03185052
-11.72189782
-11.52211245
-11.4216916
-11.39068901
-11.4208458
-11.45034694
-11.40461279
-11.256013
-11.02606937
-10.66007362
-10.20504719
-9.722036317
-9.217992244
-8.654212367
-8.124314044
-7.640885933
-7.21631699
-6.857015535
-6.601933534
-6.395763674
-6.224076586
-6.056580837
-5.828557574
-5.541815061
-5.16134586
-4.737513376
-4.279864853
-3.793761179
-3.32582299
-2.857271272
-2.40265251
-1.946329642
-1.529899113
-1.129520216
-0.70569883
-0.304104677
0.092847872
0.461211464
0.839403212
1.227092633
1.660214
2.122783205
2.620246443
3.153363762
3.742028494
4.303826959
4.84072583
5.353232994
5.771612034
6.093576599
6.368153458
6.595031209
6.771208694
6.946458257
7.121300649
7.297211494
7.502122453
7.79586918
8.110568437
8.450215285
8.868967474
9.351926928
9.909922395
10.50482568
11.09700244
11.64387524
12.16364175
12.57534062
12.81382596
12.95227002
13.02655177
13.05054094
13.05713883
13.05265907
13.05296176
13.04879158
13.03598656
13.02618026
13.02837908
13.03151059
13.08898399
13.1963142
13.32308206
13.46005869
13.6171549
13.80963858
14.03058984
14.25661843
14.4925997
14.70411081
14.88544209
15.02213866
15.1145737
15.21584512
15.31608217
15.37143555
15.40586883
15.46449487
15.53304591
15.61174433
15.70689278
15.81370786
15.8946508
15.93995661
15.93013284
15.90458511
15.87450297
15.812442
15.74083916
15.71046551
15.70949209
15.74708874
15.81560869
15.89498266
15.96805198
15.98003845
15.92106719
15.77454175
15.52013312
15.2194385
14.93151825
14.67884461
14.47497788
14.36839342
14.30706707
14.22739322
14.18255028
14.18141421
14.17426683
14.1928634
14.26744181
14.34278374
14.43807559
14.53348401
14.55136163
14.49712503
14.41752862
14.28624267
14.14483169
14.01440446
13.89362662
13.79476974
13.68905053
13.57748575
13.43298462
13.2390332
12.9926859
12.74254321
12.44557297
12.08477167
11.70338095
11.26617774
10.79689867
10.31509552
9.896382479
9.584025945
9.383097833
9.266256943
9.227872057
9.221304855
9.192817623
9.147217871
9.09752018
9.013560365
8.907919177
8.803177833
8.687485278
8.549360523
8.404806026
8.230782943
8.011986582
7.745404717
7.401567218
7.045838747
6.629741484
6.171951401
5.751794674
5.347375961
4.979037027
4.643696617
4.341760311
4.066286752
3.856318294
3.686489797
3.562703611
3.502893151
3.437869613
3.374922267
3.294952407
3.186271258
3.047497375
2.84779407
2.564281854
2.221380982
1.83918034
1.367097189
0.821755164
0.298266342
-0.149690259
-0.543396445
-0.845421185
-1.056018844
-1.191367746
-1.326661159
-1.424502556
-1.48301414
-1.545832092
-1.659200998
-1.770385712
-1.863992783
-1.927675198
-1.953078737
-1.96457491
-2.076744257
-2.161033453
-2.193292802
-2.167337605
-2.127981097
-2.162074539
-2.309904071
-2.511720703
-2.707990447
-2.78504916
-2.737441801
-2.606811169
-2.396717642
-2.211075078
-2.05940945
-1.957698745
-1.95818063
-2.032022644
-2.140709476
-2.265336281
-2.449383798
-2.652583874
-2.861307127
-3.116442274
-3.348010413
-3.525047966
-3.676673192
-3.849170107
-3.98489921
-4.045626544
-4.081664124
-4.099836628
-4.126433673
-4.115422313
-4.065430694
-4.051046119
-3.93146857
-3.687711526
-3.438431144
-3.255797163
-3.099039458
-3.010881368
-3.009143464
-3.032323714
-3.073918118
-3.15382477
-3.261397465
-3.365414468
-3.470589569
-3.587753071
-3.664592653
-3.735989163
-3.821052257
-3.888704618
-3.909572461
-3.868686884
-3.80745053
-3.727014587
-3.654814446
-3.582612823
-3.569103336
-3.620490803
-3.808631812
-4.16341344
-4.52484983
-4.804109844
-5.062712973
-5.283349436
-5.426743346
-5.514849327
-5.629673564
-5.85379518
-6.073768778
-6.21804474
-6.323703398
-6.397934914
-6.419866583
-6.42751542
-6.460378314
-6.543794522
-6.662342991
-6.787053173
-6.913955271
-7.032553662
-7.166071239
-7.354156808
-7.606168621
-7.930924824
-8.293960414
-8.665420062
-9.085491499
-9.51031958
-9.945507909
-10.3947856
-10.78409041
-11.11392471
-11.4125583
-11.7376125
-12.04399976
-12.31349087
-12.50582834
-12.5990967
-12.62715811
-12.62986965
-12.62628296
-12.67081577
-12.73336229
-12.87170439
-13.11547616
-13.37098195
-13.65999006
-13.92602304
-14.1310229
-14.27786941
-14.35368463
-14.33874581
-14.2790632
-14.18265144
-14.07573827
-13.94852269
-13.77465802
-13.62310008
-13.46248776
-13.29668827
-13.15817693
-13.05995583
-12.98361589
-12.89540565
-12.83171635
-12.8459846
-12.91114448
-13.00611529
-13.14133917
-13.28413919
-13.45395247
-13.61171333
-13.74167656
-13.82051496
-13.8819119
-13.86134849
-13.77328627
-13.66349163
-13.48806316
-13.29288837
-13.03542
-12.79024774
-12.60344837
-12.44743905
-12.40956387
-12.39159842
-12.37955466
-12.36424357
-12.30116724
-12.15954829
-11.9761983
-11.77188648
-11.52164319
-11.23752294
-10.98807573
-10.74837799
-10.53721245
-10.35452507
-10.18527493
-10.04003467
-9.874880672
-9.66922562
-9.446799398
-9.157477747
-8.811798115
-8.438438968
-8.048242541
-7.665743528
-7.301014615
-6.971522204
-6.676290816
-6.39697306
-6.159918009
-5.989381083
-5.853832656
-5.737896278
-5.627200645
-5.497277587
-5.332800505
-5.148042018
-4.913792122
-4.635302095
-4.315565797
-3.941758622
-3.535215344
-3.110804463
-2.694590832
-2.313747168
-1.982345025
-1.700532521
-1.397592001
-1.162506661
-0.953644773
-0.720991073
-0.467336711
-0.184221661
0.159802441
0.555528482
0.992043382
1.512760055
2.077489803
2.648267077
3.201179059
3.719092817
4.160850987
4.49682074
4.725652252
4.88022196
4.949076306
4.954811847
4.97014191
4.995097347
5.030903196
5.09922376
5.198274919
5.358829514
5.595734685
5.917100269
6.288758908
6.712525902
7.197187526
7.63132352
8.046145268
8.418502699
8.697369035
8.891057118
9.020604016
9.115424374
9.188230838
9.255454049
9.327835138
9.389988855
9.512769111
9.656283927
9.786160091
9.939301803
10.09389525
10.18024208
10.25286812
10.37637814
10.50426537
10.6322478
10.77538756
10.84783978
10.8726096
10.89830536
10.88899605
10.84205654
10.80557365
10.73789987
10.6416575
10.56244035
10.51686158
10.49511568
10.48965663
10.50192521
10.50102936
10.50474376
10.4963638
10.43889916
10.34072876
10.1954746
9.998705257
9.801566708
9.608327226
9.43695335
9.283725338
9.146000154
9.036087367
8.885135861
8.696692592
8.518970341
8.363821501
8.226202767
8.109777734
8.071281846
8.067192055
8.053800169
8.004828445
7.897832903
7.738184984
7.557864978
7.316783166
7.013891566
6.704711375
6.348893372
5.906274462
5.477500596
5.091405441
4.74298753
4.389755094
4.108669647
3.859324988
3.636127074
3.471935088
3.402792515
3.349338604
3.274710028
3.205990893
3.146489808
3.024090821
2.822043274
2.599459199
2.2914785
1.942822091
1.552983013
1.140593964
0.776242472
0.426706926
0.15332258
-0.034721721
-0.197067071
-0.289630266
-0.339474103
-0.412533278
-0.506373048
-0.609573158
-0.736284192
-0.881054226
-1.049081687
-1.264111076
-1.535270892
-1.814598605
-2.114875205
-2.430086832
-2.739355303
-2.953898704
-3.103804861
-3.215780249
-3.309746465
-3.342041685
-3.345214365
-3.388204837
-3.374207613
-3.185632911
-2.883636287
-2.471861224
-1.985979148
-1.618329515
-1.436574187
-1.432372114
-1.531258547
-1.657527037
-1.766806956
-1.853864454
-1.905855487
-1.942256434
-2.004902451
-2.07176797
-2.121014015
-2.180670555
-2.230050032
-2.286798263
-2.338156719
-2.442261982
-2.586274167
-2.694301067
-2.765105395
-2.801169276
-2.738475366
-2.686155038
-2.643803207
-2.595673632
-2.543244861
-2.506098019
-2.503718682
-2.539525135
-2.59954483
-2.664002662
-2.769075496
-2.856035719
-2.868821292
-2.840053989
-2.842639825
-2.839809021
-2.833232386
-2.838014211
-2.855353382
-2.877026229
-2.890129264
-2.841470471
-2.774605766
-2.662775795
-2.487539161
-2.400312892
-2.365300079
-2.29375245
-2.267255849
-2.300688099
-2.353546724
-2.466691085
-2.639487088
-2.79514166
-2.969697918
-3.154338414
-3.315364795
-3.437803192
-3.546782299
-3.600822807
-3.648876857
-3.725836431
-3.848100407
-3.997577683
-4.179763307
-4.331520507
-4.406198758
-4.448889187
-4.462533616
-4.476390083
-4.512974016
-4.59674643
-4.732302014
-4.94907558
-5.200325874
-5.497678974
-5.851569785
-6.201577034
-6.525089821
-6.801882498
-7.028796662
-7.230046257
-7.355860836
-7.440168721
-7.518239457
-7.579424518
-7.691389989
-7.865637
-8.087016371
-8.333703619
-8.576555026
-8.789616079
-8.984685757
-9.161287281
-9.314203412
-9.445231588
-9.56910016
-9.697455293
-9.799492414
-9.888011466
-10.01339333
-10.16805081
-10.28434148
-10.35132623
-10.36079589
-10.33268697
-10.29391869
-10.21369394
-10.11586725
-9.997867632
-9.867253527
-9.725875586
-9.575966294
-9.417051376
-9.237040577
-9.056680542
-8.860523543
-8.681702858
-8.520797217
-8.385133947
-8.258003384
-8.121686883
-7.985363345
-7.825123251
-7.589196817
-7.244407372
-6.854867042
-6.464009284
-6.046266893
-5.672875468
-5.328967107
-5.0392557
-4.808352639
-4.690639955
-4.650761184
-4.649392715
-4.629684087
-4.621187866
-4.582129944
-4.491052466
-4.344368373
-4.161929357
-3.929032694
-3.621654109
-3.239170527
-2.789349237
-2.303528806
-1.813992864
-1.360640971
-0.930602738
-0.6010075
-0.34024577
-0.127333546
-0.037362781
0.021766634
0.069810774
0.130069236
0.24583097
0.406161658
0.621939927
0.871038233
1.125925312
1.345405759
1.547757999
1.793822186
2.026746648
2.227384326
2.417955555
2.58492207
2.69955441
2.784459018
2.819962876
2.825819249
2.845105491
2.855472824
2.895503388
2.990040888
3.119509724
3.281524468
3.478544691
3.675002894
3.868410188
4.084538798
4.320917645
4.539196949
4.7633918
4.990993223
5.162785801
5.266594824
5.375744057
5.490176725
5.601286974
5.716432885
5.821841767
5.911895195
6.04604795
6.164152024
6.242458527
6.333083298
6.440590982
6.517460209
6.572878344
6.607310125
6.579147898
6.479521246
6.333716826
6.194244512
6.045692756
5.875298643
5.668257714
5.422361623
5.135361394
4.826334186
4.450375686
4.031302785
3.59991149
3.220188592
2.844171184
2.518004365
2.287909738
2.139904463
2.064652639
2.04913325
2.04913325
2.037181805
1.993632581
1.955626425
1.911450917
1.812599927
1.670895948
1.494582333
1.237573779
0.939537114
0.619658606
0.267061219
-0.110726051
-0.526779598
-0.902957313
-1.277261476
-1.611275517
-1.857591458
-2.070118216
-2.246894741
-2.349190144
-2.388773437
-2.388010934
-2.335718343
-2.3208348
-2.329216865
-2.322258097
-2.285080543
-2.288458303
-5.259209995
