-4.534191337
-4.288591832
-4.175445979
-4.14815409
-4.210949161
-4.291601335
-4.30730322
-4.319539058
-4.383860975
-4.423728097
-4.535943655
-4.676425024
-4.80942192
-4.9142371
-5.008960929
-5.085428885
-5.108621001
-5.120072273
-5.120765681
-5.092437057
-5.086698754
-5.087400353
-5.058945959
-5.026511351
-5.017758585
-5.025347742
-5.054899492
-5.093009799
-5.144026265
-5.176196011
-5.221272058
-5.234755058
-5.225726253
-5.227709551
-5.25259224
-5.268845314
-5.296046235
-5.311745712
-5.347484669
-5.38415968
-5.425079471
-5.472198369
-5.502154999
-5.536364371
-5.581002269
-5.641815144
-5.675516552
-5.692569414
-5.715801816
-5.732436162
-5.768033998
-5.816002786
-5.830701592
-5.830701592
-5.830701592
-5.840206615
-5.852965148
-5.87521896
-5.892215759
-5.892215759
-5.892215759
-5.892215759
-5.892215759
-5.892215759
-5.87946909
-5.87521896
-5.88334687
-5.893415948
-5.937760084
-5.996522428
-6.046168095
-6.063821698
-6.07007987
-6.086843399
-6.102599979
-6.146459112
-6.185066832
-6.219433838
-6.267480078
-6.301799273
-6.318454284
-6.362211586
-6.433070927
-6.532303582
-6.647984336
-6.78876732
-6.902445691
-6.942043942
-6.944111642
-6.953561256
-6.95983674
-6.962938705
-6.973421549
-6.982869227
-6.997555667
-7.015299487
-7.066475276
-7.117592008
-7.185421781
-7.264730488
-7.326332362
-7.373278388
-7.406663067
-7.435825908
-7.47336407
-7.538006473
-7.592253045
-7.608930161
-7.614161771
-7.637089255
-7.657944435
-7.657944435
-7.674657247
-7.705970881
-7.719565024
-7.721677029
-7.748784937
-7.775892579
-7.794658316
-7.823854536
-7.868711846
-7.898978524
-7.92609359
-7.954272501
-7.999173926
-8.022158621
-8.033681444
-8.06395097
-8.122366379
-8.167267101
-8.224709786
-8.259221757
-8.282238145
-8.304157005
-8.336497814
-8.394900547
-8.477192736
-8.554108789
-8.628834658
-8.673567169
-8.741440959
-8.813406673
-8.851979889
-8.879063432
-8.907238008
-8.923922487
-8.93020784
-8.93020784
-8.952099327
-8.975084205
-8.999164309
-9.02734636
-9.060724002
-9.10450154
-9.175366966
-9.254723038
-9.323697946
-9.396783373
-9.473971157
-9.521100248
-9.550784378
-9.608706718
-9.690046506
-9.766564591
-9.818948334
-9.876540535
-9.928943685
-9.966883876
-10.00076199
-10.03872629
-10.08190098
-10.10496346
-10.122827
-10.15403435
-10.19790527
-10.24811154
-10.2942576
-10.33179497
-10.35487133
-10.37794521
-10.39988162
-10.40622213
-10.43678485
-10.45581254
-10.46329638
-10.47597261
-10.50537849
-10.53706093
-10.56926099
-10.58877532
-10.60486639
-10.62963029
-10.66825902
-10.70982012
-10.73752968
-10.75540535
-10.80156758
-10.87198594
-10.92568008
-11.00024378
-11.08237473
-11.17144661
-11.24726717
-11.2935408
-11.3062229
-11.33042939
-11.37550587
-11.41021514
-11.43456064
-11.46413984
-11.49372263
-11.53774427
-11.57014316
-11.60602953
-11.63837775
-11.66385623
-11.69446403
-11.7123294
-11.72908387
-11.75107139
-11.7702132
-11.7806244
-11.78702455
-11.79737859
-11.8256512
-11.8539211
-11.86777201
-11.88162186
-11.91105479
-11.9457239
-12.0139593
-12.07529766
-12.1262328
-12.16599507
-12.20582868
-12.24847754
-12.25833302
-12.27217848
-12.29525958
-12.31825416
-12.3512735
-12.4347105
-12.51209267
-12.57507898
-12.64813082
-12.72517025
-12.789551
-12.86326677
-12.94224356
-13.04837158
-13.16874464
-13.27572839
-13.41976551
-13.549551
-13.6313995
-13.69271213
-13.74274437
-13.76445407
-13.78901638
-13.79775132
-13.79775132
-13.79775132
-13.81040685
-13.82546687
-13.85077097
-13.88631223
-13.93599538
-14.00507828
-14.06796465
-14.1202767
-14.16355005
-14.20680363
-14.24911108
-14.29407499
-14.32197269
-14.38457445
-14.45850007
-14.5207271
-14.57008534
-14.58996067
-14.60011779
-14.60011779
-14.60398804
-14.60398804
-14.60398804
-14.60398804
-14.60398804
-14.60398804
-14.61172714
-14.62454063
-14.63227528
-14.6361419
-14.63493324
-14.63493324
-14.64266488
-14.64266488
-14.64266488
-14.6633568
-14.674947
-14.686533
-14.69039406
-14.69811479
-14.69690427
-14.71233971
-14.73547888
-14.73305551
-14.72699581
-14.70165895
-14.62869187
-14.57482331
-14.5685413
-14.54535406
-14.49759202
-14.4886426
-14.4874352
-14.48502017
-14.47873387
-14.47390276
-14.4678622
-14.4618198
-14.46187924
-14.49378706
-14.54224633
-14.5884986
-14.5974275
-14.61036909
-14.63749836
-14.66724344
-14.70608627
-14.74879363
-14.7388595
-14.71249673
-14.69241659
-14.67882593
-14.65752262
-14.6311419
-14.60983006
-14.58343889
-14.56353885
-14.53997556
-14.49203739
-14.4479401
-14.42293491
-14.41449735
-14.4106359
-14.40418008
-14.39371004
-14.37434504
-14.30104618
-14.16251429
-14.05663199
-14.01138766
-14.00046436
-13.97993258
-13.97349396
-13.96705565
-13.97481116
-13.9774428
-13.94402269
-13.87969899
-13.82571266
-13.82326665
-13.83997403
-13.85925118
-13.86955069
-13.89401983
-13.89280997
-13.86640902
-13.83761297
-13.80881035
-13.79113914
-13.79113914
-13.7859298
-13.76146271
-13.73833316
-13.73833316
-13.74075024
-13.7479998
-13.7769194
-13.81736015
-13.88231978
-13.98328155
-14.15837438
-14.3502031
-14.51193571
-14.60537989
-14.65042343
-14.6832451
-14.70768544
-14.72706407
-14.73614077
-14.7438173
-14.74765487
-14.75917461
-14.79268793
-14.82882965
-14.88536268
-14.96478
-15.06064252
-15.17186397
-15.26012782
-15.30755332
-15.33470792
-15.35148262
-15.35653142
-15.35900379
-15.36652443
-15.38043204
-15.39423434
-15.41431671
-15.43696901
-15.46846613
-15.50622755
-15.54644409
-15.58407913
-15.60536187
-15.61008056
-15.59554529
-15.59934637
-15.61074707
-15.62717515
-15.66741954
-15.7226321
-15.8029189
-15.84424495
-15.88960471
-15.92119163
-15.94834846
-15.94772704
-15.94096233
-15.94096233
-15.93824352
-15.92902489
-15.91602686
-15.91602686
-15.91330955
-15.89882344
-15.8777361
-15.90276665
-15.96790337
-16.02413991
-16.07912344
-16.12124163
-16.14464057
-16.18688918
-16.23415701
-16.28352335
-16.3245927
-16.33124863
-16.35360946
-16.35733463
-16.35733463
-16.35733463
-16.35733463
-16.35085335
-16.35452157
-16.36802584
-16.38653336
-16.4022166
-16.42065378
-16.44909645
-16.48189403
-16.49055365
-16.52400171
-16.57840418
-16.62032661
-16.6585176
-16.71423652
-16.76373417
-16.80053793
-16.84066177
-16.88849692
-16.92648252
-16.96448222
-17.00127668
-17.02090039
-17.01649562
-17.01736879
-17.01736879
-17.01736879
-17.01087236
-16.99382094
-16.96621297
-16.91991364
-16.85774693
-16.81464231
-16.78576904
-16.77643558
-16.78825081
-16.79435256
-16.80913299
-16.82479794
-16.82440462
-16.82929898
-16.82929898
-16.81872224
-16.82313613
-16.81696308
-16.82995092
-16.86289789
-16.88605455
-16.91529067
-16.96492318
-17.00784214
-17.03121946
-17.07011482
-17.10631005
-17.11084828
-17.09473628
-17.0710337
-17.06837161
-17.06242492
-17.07341068
-17.08762193
-17.12038397
-17.14220419
-17.15674161
-17.15754323
-17.16117565
-17.16117565
-17.16117565
-17.16117565
-17.16117565
-17.16117565
-17.15829231
-17.15376878
-17.1362557
-17.13938061
-17.16350116
-17.1901075
-17.21504679
-17.20119886
-17.1550748
-17.08675175
-17.00435087
-16.92872513
-16.87796192
-16.85972405
-16.8798216
-16.91089701
-16.91802645
-16.91802645
-16.91802645
-16.91802645
-16.91919729
-16.92760027
-16.93483063
-16.93717255
-16.95386962
-16.9789586
-16.99027836
-16.97497662
-16.96319247
-16.94603297
-16.92308274
-16.88366348
-16.85024427
-16.82576259
-16.81176484
-16.8237055
-16.84012502
-16.84012502
-16.84372009
-16.84679833
-16.83575807
-16.80188813
-16.74483534
-16.66613414
-16.59518495
-16.54736151
-16.48483173
-16.44018044
-16.39636106
-16.35421178
-16.30704199
-16.28294932
-16.27245199
-16.2672066
-16.25671007
-16.24876473
-16.21148405
-16.17089577
-16.13614041
-16.0938825
-16.02281071
-15.92824903
-15.8160088
-15.70799981
-15.60642413
-15.51326409
-15.43304381
-15.37186797
-15.34762217
-15.34093414
-15.34638524
-15.3507446
-15.3352007
-15.29864045
-15.27163301
-15.25199634
-15.20479852
-15.12791524
-15.0288162
-14.93385044
-14.81938373
-14.6813937
-14.53361568
-14.4086083
-14.31203994
-14.2128771
-14.13310489
-14.08786443
-14.06773159
-14.07168796
-14.08514229
-14.09445917
-14.10491138
-14.11697747
-14.11909548
-14.11491683
-14.07135115
-14.00948952
-13.91623535
-13.79691095
-13.67769758
-13.56486111
-13.49696762
-13.46666995
-13.46243219
-13.46546674
-13.46748935
-13.4715336
-13.47658705
-13.48163844
-13.48668777
-13.48748662
-13.47048563
-13.42214175
-13.3529967
-13.26508843
-13.1762185
-13.07716457
-12.97719346
-12.89230884
-12.83614466
-12.78722732
-12.71962493
-12.6707484
-12.64057697
-12.62188883
-12.59947827
-12.58427573
-12.5800057
-12.56852885
-12.54905278
-12.5143662
-12.47663442
-12.41746551
-12.33021377
-12.25045487
-12.16257631
-12.07848566
-11.9538703
-11.79947706
-11.65311404
-11.50874634
-11.36353169
-11.25036729
-11.18145354
-11.14441535
-11.13824342
-11.14202401
-11.13724187
-11.08788667
-11.04471736
-11.00248838
-10.96551053
-10.90390596
-10.83617728
-10.77647551
-10.71116525
-10.62041216
-10.50988325
-10.40036393
-10.30500333
-10.24554799
-10.21112397
-10.19687515
-10.20047826
-10.19975581
-10.16930424
-10.118835
-10.05878005
-9.961085718
-9.823173685
-9.644330776
-9.450041083
-9.2430319
-9.030317986
-8.850516674
-8.747493801
-8.723266517
-8.722414582
-8.722414582
-8.718562411
-8.724618735
-8.719062226
-8.7152095
-8.7152095
-8.7152095
-8.71135632
-8.707502689
-8.691535428
-8.639777796
-8.55994408
-8.474065807
-8.375262112
-8.262696238
-8.172982374
-8.100955836
-7.992323431
-7.875934722
-7.781166414
-7.692932467
-7.615009778
-7.553369767
-7.542628
-7.531886286
-7.506025411
-7.480163866
-7.451848654
-7.411511357
-7.370185577
-7.331491163
-7.295708758
-7.23798276
-7.147582443
-7.058457179
-6.954462987
-6.824646542
-6.743430744
-6.725460731
-6.701505257
-6.689529466
-6.671568214
-6.635654472
-6.572005794
-6.472589899
-6.379065359
-6.264139062
-6.119424278
-5.937844686
-5.74934657
-5.533353485
-5.303637159
-5.108138195
-4.989433856
-4.948027671
-4.942113814
-4.942113814
-4.936200286
-4.917110669
-4.887350897
-4.845764336
-4.798268025
-4.742745399
-4.663589193
-4.563114889
-4.436901903
-4.266544404
-4.124582135
-3.957013208
-3.77785976
-3.58118867
-3.422427012
-3.293170254
-3.169337349
-3.064144745
-3.015142099
-2.977092372
-2.929129209
-2.881864634
-2.852102315
-2.79665917
-2.735379129
-2.713795203
-2.701449873
-2.675750036
-2.656897999
-2.643140881
-2.62867203
-2.619702828
-2.614178704
-2.610724335
-2.610033296
-2.61411935
-2.579251397
-2.517077486
-2.432098717
-2.365194584
-2.323892114
-2.316043064
-2.311946565
-2.303064046
-2.257010303
-2.217784088
-2.202103889
-2.19120368
-2.175195046
-2.155088051
-2.150988562
-2.116584536
-2.010289299
-1.888264823
-1.770344947
-1.656547623
-1.59090798
-1.572936341
-1.570281811
-1.562839585
-1.551273634
-1.52307401
-1.466535916
-1.425651713
-1.404548951
-1.401907502
-1.355090688
-1.257185103
-1.122292699
-0.995750341
-0.86041806
-0.730264791
-0.649910946
-0.617405759
-0.611036959
-0.611036959
-0.588137519
-0.55277075
-0.542889202
-0.527284793
-0.507520318
-0.47215083
-0.425340859
-0.368651404
-0.29945605
-0.241502592
-0.18481977
-0.109268077
-0.005722355
0.109296359
0.227033672
0.344099914
0.46557635
0.559105706
0.64237664
0.692620246
0.729420934
0.729421186
0.73423774
0.759685693
0.775246676
0.796228565
0.827699389
0.878941638
0.92596343
0.977447895
1.067044508
1.158090665
1.239247841
1.306623279
1.392233948
1.540666506
1.719269143
1.897426975
2.065691947
2.181802435
2.235282425
2.240898886
2.249684381
2.255898044
2.285711376
2.348860143
2.411087799
2.480385747
2.580516402
2.689229215
2.797974003
2.921564353
3.056994591
3.219695579
3.379603422
3.542289102
3.71282168
3.869915524
4.002026712
4.119893543
4.164794999
4.17426783
4.181454851
4.228904185
4.297616559
4.379995618
4.485604753
4.558750479
4.632097961
4.683018577
4.743665038
4.784058948
4.838709367
4.900668018
4.970680571
5.023680798
5.090138871
5.154791305
5.183168547
5.191444544
5.193880417
5.213000104
5.222874847
5.232749808
5.264316497
5.297815491
5.30704269
5.313345864
5.33862236
5.372652402
5.399877435
5.454966471
5.530747071
5.60749086
5.664034574
5.701460074
5.743752547
5.772389466
5.781910489
5.801383535
5.802336823
5.803290231
5.808158417
5.817418868
5.826680414
5.841764165
5.861831634
5.872521613
5.877866529
5.893538197
5.900781117
5.923106125
5.959564103
6.031015854
6.088316521
6.168295028
6.251649476
6.307993654
6.32006124
6.33130004
6.341047716
6.375003408
6.384852091
6.389265242
6.39460199
6.404813911
6.431035582
6.48025749
6.518070964
6.544750061
6.55100294
6.569686773
6.608071087
6.639487857
6.679077503
6.70484579
6.741284185
6.75938132
6.760059023
6.787754045
6.844142549
6.927871576
6.976762828
6.972471234
6.94895461
6.956919372
6.991991934
7.071448842
7.154602442
7.217277414
7.24548143
7.258816573
7.268590462
7.290754807
7.313001026
7.330805307
7.331244187
7.328039207
7.358120171
7.410972877
7.473599435
7.562964952
7.655092913
7.758219115
7.796976187
7.797773426
7.796803875
7.80702947
7.797973274
7.783964338
7.775341896
7.755956222
7.737865924
7.729578601
7.724791734
7.700748986
7.696615565
7.69704967
7.69704967
7.69704967
7.725137458
7.754964125
7.779893629
7.785656848
7.744866564
7.641438812
7.582359819
7.581431354
7.623331109
7.668406183
7.680873649
7.657009829
7.640291003
7.659763561
7.661384241
7.69523169
7.713951634
7.697810868
7.659697325
7.611231616
7.584293769
7.567197547
7.560877689
7.561763613
7.580051731
7.589860897
7.597860112
7.611203924
7.629447692
7.640577419
7.641460805
7.641460805
7.65484304
7.668228905
7.678035787
7.696771005
7.754829968
7.81603243
7.864717438
7.89821489
7.923631716
7.948616253
7.981698836
8.010774413
8.016977728
8.014185208
8.035982557
8.072509799
8.104550634
8.106636073
8.113262163
8.132903315
8.160658157
8.166397111
8.152865091
8.149614497
8.165606181
8.186105537
8.186508596
8.186508596
8.185175505
8.176136377
8.158543096
8.13066435
8.120300955
8.135033097
8.139512879
8.143993061
8.133264502
8.129194488
8.135400477
8.11740274
8.107377118
8.129124207
8.169695792
8.176317396
8.166899936
8.129388709
8.071279994
7.97733557
7.912384253
7.857734507
7.794132051
7.742642281
7.736348777
7.787256537
7.852930573
7.902519502
7.916367787
7.915920129
7.91502488
7.904288658
7.899368244
7.893999449
7.893999449
7.893999449
7.894447908
7.908299434
7.913663634
7.918579916
7.913207433
7.923037091
7.938235532
7.953433985
7.965055583
7.990978981
8.03031632
8.059823189
8.079496248
8.0982848
8.113042517
8.128243174
8.153283238
8.187283681
8.209166101
8.235089879
8.269972584
8.281566755
8.291407684
8.295890578
8.269120985
8.243661876
8.203010444
8.136439781
8.059126424
7.973742096
7.892821598
7.814555505
7.74520034
7.674090151
7.633881648
7.588711345
7.552429637
7.494084372
7.446495479
7.399363642
7.363531161
7.352641083
7.330008737
7.290228551
7.218045249
7.121238018
7.013581326
6.901967315
6.805576164
6.697808066
6.620027396
6.582631898
6.584714884
6.630708385
6.661516874
6.677510081
6.656583568
6.609015991
6.556043154
6.506473679
6.472998234
6.429599627
6.337162028
6.211159652
6.096049829
5.98194964
5.894563878
5.848680448
5.812621343
5.776002194
5.749761347
5.706538547
5.624953003
5.529616622
5.445813624
5.362543592
5.288503527
5.235207462
5.193938117
5.11519151
5.049180729
5.009758684
5.001094559
4.997351837
4.999764429
4.980743435
4.945796913
4.904282327
4.836271194
4.740588749
4.628206503
4.540388414
4.402046546
4.213549475
4.001252662
3.797321998
3.599975871
3.43100363
3.320224611
3.253134055
3.230067272
3.236771471
3.246724534
3.246724534
3.241122597
3.24547413
3.254178423
3.237369838
3.216952135
3.185243848
3.130510605
3.058014991
2.981250106
2.870515724
2.687001111
2.505069393
2.304477844
2.095781766
1.912946781
1.781713381
1.686686052
1.637253012
1.594772638
1.535006001
1.494397764
1.442369691
1.33896398
1.214085615
1.103445521
0.985567255
0.896984595
0.83127807
0.751755574
0.654943352
0.564567076
0.469147709
0.352082296
0.232892265
0.134428043
0.054420279
-0.014091631
-0.071890703
-0.141295223
-0.230889812
-0.329800909
-0.37728869
-0.406277476
-0.458479038
-0.504903894
-0.555622881
-0.636956629
-0.758700985
-0.8906245
-1.043279741
-1.189185116
-1.324555826
-1.438987089
-1.565247335
-1.695016493
-1.821537805
-1.966721406
-2.144804051
-2.29511026
-2.454929673
-2.641331016
-2.847681751
-2.998436944
-3.135006761
-3.25484751
-3.367936542
-3.475186374
-3.582547019
-3.672098191
-3.749771095
-3.813397694
-3.852175492
-3.873014553
-3.905836598
-3.942877505
-3.957752496
-3.965465453
-3.978956843
-3.997478011
-4.039275154
-4.078902799
-4.099914187
-4.154652827
-4.186468662
-4.182418783
-4.181967929
-4.20270777
-4.239249022
-4.274379456
-4.354355847
-4.455401618
-4.53641574
-4.587776115
-4.6147911
-4.627572836
-4.583532186
-4.571582814
-4.561512815
-4.544588738
-4.50224817
-4.442898448
-4.366466586
-4.305184446
-4.273207473
-4.24960224
-4.208778612
-4.211866621
-4.217624702
-4.173327544
-4.05493642
-3.936252016
-3.860495133
-3.817353236
-3.779367072
-3.750613565
-3.755808793
-3.765213552
-3.776957253
-3.775450449
-3.76528419
-3.767162833
-3.765650175
-3.740015049
-3.687808943
-3.654327525
-3.637681587
-3.630628067
-3.611802655
-3.613423758
-3.633095303
-3.668340497
-3.729941383
-3.75897896
-3.785394935
-3.825069359
-3.860284148
-3.935753733
-4.011383748
-4.070372886
-4.110149928
-4.138441062
-4.172910237
-4.212972275
-4.256553188
-4.308009065
-4.372861645
-4.447571051
-4.496770591
-4.523922679
-4.556730128
-4.609197577
-4.681707345
-4.776084142
-4.899300791
-5.067584483
-5.28619817
-5.520220631
-5.729854472
-5.886756852
-6.005784909
-6.072383651
-6.108606785
-6.08989565
-5.994654315
-5.749811833
-5.41196993
-5.033125018
-4.644417984
-4.288400303
