11.166100
11.165739
11.164658
11.162855
11.160331
11.157086
11.153121
11.148434
11.143028
11.136901
11.130055
11.122489
11.114203
11.105199
11.095477
11.085036
11.073878
11.062003
11.049411
11.036103
11.022081
11.007343
10.991891
10.975726
10.958849
10.941259
10.922958
10.903947
10.884227
10.863798
10.842662
10.820819
10.798270
10.775017
10.751060
10.726400
10.701039
10.674978
10.648218
10.620759
10.592604
10.563754
10.534209
10.503972
10.473043
10.441424
10.409117
10.376122
10.342441
10.308077
10.273029
10.237301
10.200893
10.163807
10.126046
10.087609
10.048500
10.008720
9.968270
9.927154
9.885371
9.842925
9.799818
9.756050
9.711624
9.666543
9.620808
9.574421
9.527384
9.479700
9.431370
9.382397
9.332782
9.282529
9.231640
9.180115
9.127959
9.075174
9.021760
8.967722
8.913062
8.857781
8.801883
8.745370
8.688245
8.630509
8.572166
8.513218
8.453669
8.393519
8.332774
8.271434
8.209503
8.146983
8.083878
8.020190
7.955922
7.891077
7.825658
7.759667
7.693109
7.625985
7.558298
7.490053
7.421251
7.351897
7.281992
7.211541
7.140546
7.069010
6.996937
6.924331
6.851193
6.777528
6.703339
6.628629
6.553401
6.477660
6.401407
6.324648
6.247384
6.169620
6.091359
6.012605
5.933361
5.853631
5.773418
5.692726
5.611559
5.529919
5.447812
5.365240
5.282207
5.198717
5.114774
5.030382
4.945543
4.860263
4.774545
4.688392
4.601809
4.514800
4.427367
4.339517
4.251251
4.162575
4.073492
3.984006
3.894121
3.803842
3.713172
3.622115
3.530676
3.438858
3.346666
3.254104
3.161176
3.067886
2.974238
2.880237
2.785887
2.691192
2.596156
2.500784
2.405079
2.309046
2.212690
2.116015
2.019025
1.921724
1.824117
1.726208
1.628002
1.529503
1.430715
1.331643
1.232291
1.132664
1.032766
0.932602
0.832177
0.731493
0.630558
0.529373
0.427946
0.326279
0.224377
0.122246
0.019889
-0.082689
-0.185483
-0.288488
-0.391701
-0.495116
-0.598728
-0.702534
-0.806528
-0.910706
-1.015063
-1.119594
-1.224295
-1.329160
-1.434187
-1.539368
-1.644701
-1.750179
-1.855799
-1.961556
-2.067444
-2.173459
-2.279597
-2.385853
-2.492221
-2.598698
-2.705277
-2.811955
-2.918727
-3.025588
-3.132533
-3.239557
-3.346656
-3.453824
-3.561057
-3.668350
-3.775699
-3.883098
-3.990543
-4.098028
-4.205550
-4.313102
-4.420681
-4.528281
-4.635898
-4.743527
-4.851163
-4.958801
-5.066436
-5.174064
-5.281679
-5.389278
-5.496854
-5.604404
-5.711921
-5.819403
-5.926843
-6.034237
-6.141580
-6.248867
-6.356093
-6.463255
-6.570346
-6.677362
-6.784298
-6.891149
-6.997912
-7.104580
-7.211149
-7.317614
-7.423970
-7.530214
-7.636339
-7.742341
-7.848216
-7.953958
-8.059563
-8.165027
-8.270344
-8.375509
-8.480518
-8.585367
-8.690050
-8.794563
-8.898901
-9.003060
-9.107034
-9.210820
-9.314412
-9.417805
-9.520996
-9.623980
-9.726751
-9.829306
-9.931639
-10.033746
-10.135623
-10.237265
-10.338667
-10.439826
-10.540735
-10.641391
-10.741790
-10.841926
-10.941795
-11.041393
-11.140715
-11.239758
-11.338515
-11.436984
-11.535159
-11.633036
-11.730611
-11.827879
-11.924836
-12.021478
-12.117800
-12.213798
-12.309468
-12.404805
-12.499806
-12.594465
-12.688778
-12.782742
-12.876352
-12.969604
-13.062494
-13.155017
-13.247169
-13.338947
-13.430346
-13.521362
-13.611991
-13.702229
-13.792072
-13.881516
-13.970556
-14.059189
-14.147411
-14.235218
-14.322605
-14.409570
-14.496108
-14.582215
-14.667887
-14.753121
-14.837913
-14.922258
-15.006153
-15.089595
-15.172579
-15.255102
-15.337161
-15.418750
-15.499868
-15.580509
-15.660672
-15.740351
-15.819543
-15.898245
-15.976454
-16.054165
-16.131375
-16.208082
-16.284280
-16.359968
-16.435141
-16.509796
-16.583930
-16.657539
-16.730621
-16.803172
-16.875188
-16.946667
-17.017604
-17.087998
-17.157845
-17.227141
-17.295884
-17.364071
-17.431698
-17.498762
-17.565261
-17.631191
-17.696550
-17.761334
-17.825541
-17.889168
-17.952211
-18.014669
-18.076538
-18.137815
-18.198498
-18.258584
-18.318070
-18.376954
-18.435233
-18.492904
-18.549965
-18.606414
-18.662247
-18.717462
-18.772057
-18.826029
-18.879376
-18.932095
-18.984185
-19.035642
-19.086465
-19.136651
-19.186197
-19.235103
-19.283364
-19.330981
-19.377949
-19.424267
-19.469933
-19.514946
-19.559302
-19.603000
-19.646038
-19.688414
-19.730126
-19.771172
-19.811551
-19.851261
-19.890299
-19.928664
-19.966355
-20.003369
-20.039705
-20.075362
-20.110337
-20.144629
-20.178238
-20.211160
-20.243395
-20.274941
-20.305797
-20.335961
-20.365432
-20.394210
-20.422291
-20.449676
-20.476362
-20.502350
-20.527637
-20.552222
-20.576105
-20.599284
-20.621758
-20.643527
-20.664589
-20.684943
-20.704588
-20.723524
-20.741750
-20.759264
-20.776066
-20.792156
-20.807533
-20.822195
-20.836142
-20.849374
-20.861890
-20.873690
-20.884772
-20.895137
-20.904784
-20.913712
-20.921921
-20.929411
-20.936182
-20.942233
-20.947563
-20.952173
-20.956063
-20.959231
-20.961679
-20.963406
-20.964412
-20.964696
-20.964259
-20.963101
-20.961222
-20.958622
-20.955302
-20.951260
-20.946498
-20.941015
-20.934812
-20.927890
-20.920248
-20.911887
-20.902807
-20.893008
-20.882492
-20.871258
-20.859307
-20.846640
-20.833257
-20.819158
-20.804345
-20.788818
-20.772578
-20.755625
-20.737960
-20.719585
-20.700499
-20.680704
-20.660200
-20.638989
-20.617072
-20.594449
-20.571121
-20.547090
-20.522356
-20.496921
-20.470786
-20.443952
-20.416420
-20.388191
-20.359267
-20.329650
-20.299339
-20.268337
-20.236646
-20.204266
-20.171198
-20.137446
-20.103009
-20.067890
-20.032089
-19.995610
-19.958453
-19.920619
-19.882112
-19.842932
-19.803081
-19.762561
-19.721374
-19.679521
-19.637006
-19.593828
-19.549991
-19.505496
-19.460345
-19.414541
-19.368086
-19.320980
-19.273228
-19.224830
-19.175789
-19.126107
-19.075787
-19.024830
-18.973239
-18.921016
-18.868164
-18.814685
-18.760581
-18.705855
-18.650509
-18.594546
-18.537968
-18.480778
-18.422978
-18.364571
-18.305560
-18.245947
-18.185734
-18.124926
-18.063523
-18.001530
-17.938948
-17.875782
-17.812032
-17.747703
-17.682797
-17.617318
-17.551267
-17.484649
-17.417465
-17.349720
-17.281416
-17.212555
-17.143143
-17.073180
-17.002671
-16.931619
-16.860027
-16.787897
-16.715234
-16.642041
-16.568320
-16.494076
-16.419311
-16.344029
-16.268233
-16.191927
-16.115114
-16.037798
-15.959981
-15.881668
-15.802862
-15.723567
-15.643786
-15.563522
-15.482779
-15.401562
-15.319873
-15.237716
-15.155096
-15.072014
-14.988477
-14.904486
-14.820046
-14.735161
-14.649834
-14.564070
-14.477871
-14.391243
-14.304189
-14.216712
-14.128818
-14.040508
-13.951789
-13.862663
-13.773135
-13.683208
-13.592888
-13.502177
-13.411079
-13.319600
-13.227743
-13.135511
-13.042910
-12.949944
-12.856616
-12.762931
-12.668893
-12.574506
-12.479775
-12.384703
-12.289295
-12.193556
-12.097489
-12.001099
-11.904390
-11.807367
-11.710034
-11.612394
-11.514454
-11.416217
-11.317687
-11.218869
-11.119767
-11.020386
-10.920730
-10.820804
-10.720612
-10.620159
-10.519449
-10.418487
-10.317277
-10.215824
-10.114132
-10.012206
-9.910050
-9.807670
-9.705069
-9.602252
-9.499225
-9.395991
-9.292555
-9.188921
-9.085096
-8.981082
-8.876885
-8.772510
-8.667960
-8.563242
-8.458359
-8.353316
-8.248119
-8.142770
-8.037277
-7.931642
-7.825872
-7.719969
-7.613941
-7.507790
-7.401523
-7.295143
-7.188655
-7.082065
-6.975377
-6.868595
-6.761725
-6.654772
-6.547740
-6.440633
-6.333458
-6.226218
-6.118919
-6.011565
-5.904161
-5.796711
-5.689222
-5.581697
-5.474142
-5.366560
-5.258958
-5.151339
-5.043710
-4.936073
-4.828435
-4.720801
-4.613174
-4.505560
-4.397964
-4.290390
-4.182844
-4.075330
-3.967852
-3.860417
-3.753028
-3.645691
-3.538410
-3.431190
-3.324036
-3.216953
-3.109945
-3.003017
-2.896175
-2.789422
-2.682765
-2.576206
-2.469753
-2.363408
-2.257177
-2.151064
-2.045075
-1.939214
-1.833486
-1.727896
-1.622447
-1.517147
-1.411997
-1.307005
-1.202173
-1.097508
-0.993013
-0.888694
-0.784554
-0.680600
-0.576835
-0.473263
-0.369891
-0.266722
-0.163760
-0.061012
0.041520
0.143830
0.245913
0.347765
0.449382
0.550759
0.651891
0.752774
0.853403
0.953774
1.053882
1.153723
1.253292
1.352585
1.451597
1.550325
1.648762
1.746906
1.844752
1.942295
2.039530
2.136454
2.233063
2.329351
2.425314
2.520949
2.616251
2.711215
2.805838
2.900115
2.994042
3.087614
3.180828
3.273679
3.366163
3.458277
3.550015
3.641373
3.732349
3.822937
3.913133
4.002934
4.092335
4.181333
4.269922
4.358101
4.445864
4.533207
4.620127
4.706619
4.792680
4.878307
4.963494
5.048238
5.132536
5.216384
5.299778
5.382713
5.465188
5.547197
5.628737
5.709804
5.790395
5.870506
5.950134
6.029275
6.107925
6.186081
6.263740
6.340897
6.417550
6.493695
6.569328
6.644447
6.719047
6.793126
6.866680
6.939706
7.012200
7.084160
7.155581
7.226462
7.296798
7.366587
7.435825
7.504509
7.572637
7.640205
7.707210
7.773648
7.839518
7.904817
7.969540
8.033686
8.097251
8.160233
8.222628
8.284435
8.345649
8.406270
8.466292
8.525715
8.584535
8.642750
8.700357
8.757354
8.813737
8.869505
8.924655
8.979184
9.033091
