-5.155258
-5.210074
-5.264888
-5.319699
-5.374505
-5.429305
-5.484097
-5.538879
-5.593650
-5.648409
-5.703153
-5.757881
-5.812591
-5.867282
-5.921952
-5.976601
-6.031225
-6.085823
-6.140395
-6.194937
-6.249450
-6.303930
-6.358377
-6.412789
-6.467165
-6.521501
-6.575799
-6.630054
-6.684267
-6.738435
-6.792557
-6.846631
-6.900656
-6.954630
-7.008552
-7.062419
-7.116231
-7.169986
-7.223682
-7.277318
-7.330891
-7.384402
-7.437847
-7.491226
-7.544536
-7.597777
-7.650947
-7.704044
-7.757067
-7.810014
-7.862883
-7.915673
-7.968383
-8.021011
-8.073556
-8.126015
-8.178387
-8.230672
-8.282867
-8.334970
-8.386981
-8.438898
-8.490718
-8.542442
-8.594067
-8.645591
-8.697014
-8.748334
-8.799548
-8.850657
-8.901658
-8.952549
-9.003330
-9.053998
-9.104553
-9.154993
-9.205316
-9.255521
-9.305606
-9.355571
-9.405412
-9.455130
-9.504723
-9.554189
-9.603526
-9.652734
-9.701810
-9.750754
-9.799564
-9.848239
-9.896777
-9.945176
-9.993436
-10.041555
-10.089531
-10.137363
-10.185050
-10.232591
-10.279983
-10.327226
-10.374318
-10.421258
-10.468044
-10.514676
-10.561151
-10.607469
-10.653627
-10.699625
-10.745462
-10.791135
-10.836645
-10.881988
-10.927165
-10.972173
-11.017011
-11.061679
-11.106175
-11.150496
-11.194643
-11.238614
-11.282408
-11.326023
-11.369458
-11.412712
-11.455783
-11.498671
-11.541373
-11.583890
-11.626219
-11.668359
-11.710309
-11.752068
-11.793635
-11.835008
-11.876187
-11.917169
-11.957955
-11.998541
-12.038929
-12.079115
-12.119100
-12.158882
-12.198459
-12.237831
-12.276997
-12.315955
-12.354704
-12.393243
-12.431571
-12.469687
-12.507590
-12.545278
-12.582751
-12.620007
-12.657045
-12.693865
-12.730465
-12.766844
-12.803001
-12.838935
-12.874645
-12.910130
-12.945389
-12.980420
-13.015224
-13.049798
-13.084142
-13.118255
-13.152135
-13.185783
-13.219196
-13.252374
-13.285316
-13.318021
-13.350488
-13.382716
-13.414704
-13.446451
-13.477957
-13.509219
-13.540238
-13.571013
-13.601542
-13.631825
-13.661861
-13.691649
-13.721187
-13.750476
-13.779515
-13.808302
-13.836836
-13.865118
-13.893145
-13.920918
-13.948435
-13.975695
-14.002699
-14.029444
-14.055931
-14.082158
-14.108125
-14.133830
-14.159274
-14.184455
-14.209374
-14.234028
-14.258417
-14.282541
-14.306398
-14.329989
-14.353313
-14.376368
-14.399154
-14.421671
-14.443917
-14.465893
-14.487597
-14.509029
-14.530188
-14.551074
-14.571686
-14.592023
-14.612085
-14.631872
-14.651382
-14.670615
-14.689570
-14.708248
-14.726647
-14.744767
-14.762607
-14.780167
-14.797447
-14.814445
-14.831162
-14.847597
-14.863748
-14.879617
-14.895202
-14.910504
-14.925520
-14.940252
-14.954699
-14.968860
-14.982734
-14.996322
-15.009623
-15.022637
-15.035363
-15.047801
-15.059951
-15.071811
-15.083383
-15.094665
-15.105657
-15.116359
-15.126770
-15.136891
-15.146721
-15.156259
-15.165506
-15.174460
-15.183123
-15.191493
-15.199571
-15.207356
-15.214847
-15.222045
-15.228950
-15.235561
-15.241878
-15.247901
-15.253629
-15.259063
-15.264203
-15.269048
-15.273597
-15.277852
-15.281812
-15.285476
-15.288845
-15.291918
-15.294696
-15.297178
-15.299364
-15.301255
-15.302850
-15.304148
-15.305151
-15.305858
-15.306269
-15.306384
-15.306203
-15.305726
-15.304953
-15.303884
-15.302519
-15.300858
-15.298901
-15.296649
-15.294100
-15.291257
-15.288117
-15.284682
-15.280952
-15.276926
-15.272606
-15.267990
-15.263079
-15.257874
-15.252374
-15.246580
-15.240491
-15.234108
-15.227432
-15.220461
-15.213198
-15.205640
-15.197790
-15.189647
-15.181212
-15.172484
-15.163464
-15.154152
-15.144548
-15.134653
-15.124468
-15.113991
-15.103224
-15.092167
-15.080821
-15.069184
-15.057259
-15.045045
-15.032543
-15.019753
-15.006675
-14.993309
-14.979657
-14.965718
-14.951494
-14.936983
-14.922188
-14.907107
-14.891743
-14.876094
-14.860162
-14.843947
-14.827449
-14.810669
-14.793608
-14.776266
-14.758643
-14.740740
-14.722557
-14.704096
-14.685356
-14.666339
-14.647043
-14.627472
-14.607624
-14.587500
-14.567101
-14.546428
-14.525481
-14.504261
-14.482768
-14.461003
-14.438967
-14.416660
-14.394083
-14.371236
-14.348121
-14.324738
-14.301087
-14.277170
-14.252987
-14.228538
-14.203825
-14.178848
-14.153608
-14.128106
-14.102341
-14.076316
-14.050031
-14.023487
-13.996683
-13.969622
-13.942304
-13.914730
-13.886901
-13.858816
-13.830478
-13.801887
-13.773044
-13.743950
-13.714605
-13.685010
-13.655167
-13.625076
-13.594738
-13.564154
-13.533324
-13.502251
-13.470934
-13.439374
-13.407573
-13.375531
-13.343250
-13.310730
-13.277972
-13.244977
-13.211746
-13.178280
-13.144581
-13.110648
-13.076483
-13.042088
-13.007462
-12.972608
-12.937525
-12.902216
-12.866680
-12.830920
-12.794936
-12.758729
-12.722301
-12.685652
-12.648783
-12.611696
-12.574391
-12.536870
-12.499134
-12.461184
-12.423020
-12.384645
-12.346059
-12.307263
-12.268258
-12.229046
-12.189628
-12.150005
-12.110178
-12.070148
-12.029916
-11.989484
-11.948853
-11.908023
-11.866997
-11.825775
-11.784358
-11.742748
-11.700946
-11.658953
-11.616771
-11.574400
-11.531842
-11.489098
-11.446169
-11.403057
-11.359762
-11.316287
-11.272632
-11.228799
-11.184788
-11.140602
-11.096241
-11.051707
-11.007001
-10.962124
-10.917078
-10.871865
-10.826484
-10.780938
-10.735228
-10.689355
-10.643321
-10.597127
-10.550774
-10.504263
-10.457597
-10.410776
-10.363802
-10.316676
-10.269400
-10.221974
-10.174401
-10.126681
-10.078817
-10.030809
-9.982658
-9.934367
-9.885937
-9.837368
-9.788663
-9.739823
-9.690849
-9.641743
-9.592506
-9.543140
-9.493646
-9.444025
-9.394279
-9.344410
-9.294418
-9.244306
-9.194075
-9.143725
-9.093260
-9.042680
-8.991986
-8.941180
-8.890264
-8.839239
-8.788107
-8.736869
-8.685526
-8.634080
-8.582533
-8.530886
-8.479141
-8.427298
-8.375360
-8.323329
-8.271205
-8.218990
-8.166685
-8.114293
-8.061815
-8.009252
-7.956605
-7.903877
-7.851069
-7.798182
-7.745218
-7.692179
-7.639066
-7.585880
-7.532623
-7.479297
-7.425903
-7.372443
-7.318919
-7.265331
-7.211682
-7.157972
-7.104205
-7.050380
-6.996501
-6.942567
-6.888582
-6.834546
-6.780461
-6.726328
-6.672150
-6.617927
-6.563662
-6.509356
-6.455010
-6.400627
-6.346207
-6.291752
-6.237265
-6.182745
-6.128196
-6.073618
-6.019014
-5.964384
-5.909731
-5.855056
-5.800360
-5.745646
-5.690914
-5.636167
-5.581406
-5.526632
-5.471847
-5.417054
-5.362252
-5.307445
-5.252633
-5.197818
-5.143002
-5.088187
-5.033373
-4.978563
-4.923758
-4.868960
-4.814170
-4.759390
-4.704622
-4.649866
-4.595126
-4.540402
-4.485695
-4.431009
-4.376343
-4.321700
-4.267082
-4.212489
-4.157924
-4.103388
-4.048883
-3.994409
-3.939970
-3.885566
-3.831199
-3.776871
-3.722583
-3.668337
-3.614134
-3.559976
-3.505865
-3.451801
-3.397788
-3.343825
-3.289916
-3.236060
-3.182261
-3.128519
-3.074837
-3.021215
-2.967655
-2.914159
-2.860729
-2.807365
-2.754070
-2.700845
-2.647691
-2.594610
-2.541605
-2.488675
-2.435823
-2.383051
-2.330359
-2.277750
-2.225224
-2.172784
-2.120431
-2.068167
-2.015992
-1.963909
-1.911919
-1.860024
-1.808225
-1.756523
-1.704920
-1.653418
-1.602019
-1.550722
-1.499531
-1.448447
-1.397470
-1.346604
-1.295848
-1.245205
-1.194675
-1.144262
-1.093965
-1.043787
-0.993728
-0.943791
-0.893977
-0.844287
-0.794722
-0.745285
-0.695977
-0.646798
-0.597751
-0.548837
-0.500057
-0.451413
-0.402906
-0.354538
-0.306309
-0.258222
-0.210278
-0.162478
-0.114824
-0.067316
-0.019957
0.027252
0.074310
0.121216
0.167968
0.214565
0.261005
0.307287
0.353409
0.399372
0.445172
0.490809
0.536281
0.581587
0.626726
0.671697
0.716497
0.761126
0.805583
0.849866
0.893974
0.937905
0.981659
1.025234
1.068628
1.111842
1.154872
1.197718
1.240379
1.282854
1.325141
1.367239
1.409146
1.450863
1.492386
1.533716
1.574851
1.615789
1.656530
1.697073
1.737415
1.777557
1.817496
1.857232
1.896764
1.936090
1.975209
2.014121
2.052823
2.091315
2.129596
2.167664
2.205519
2.243159
2.280583
2.317791
2.354781
2.391551
2.428102
2.464431
2.500539
2.536423
2.572082
2.607517
2.642725
2.677706
2.712458
2.746981
2.781273
2.815334
2.849163
2.882758
2.916119
2.949244
2.982133
3.014785
3.047198
3.079373
3.111307
3.143000
3.174451
3.205660
3.236624
3.267344
3.297818
3.328046
3.358026
3.387759
3.417242
3.446475
3.475457
3.504187
3.532665
3.560890
3.588861
3.616576
3.644036
3.671239
3.698185
3.724872
3.751301
3.777470
3.803378
3.829026
3.854411
3.879534
3.904393
3.928988
3.953318
3.977382
4.001180
4.024711
4.047975
4.070970
4.093696
4.116152
4.138338
4.160253
4.181896
4.203267
4.224365
4.245190
4.265741
4.286016
4.306017
4.325742
4.345190
4.364361
4.383254
4.401870
4.420206
4.438264
4.456042
4.473539
4.490756
4.507691
4.524345
4.540716
4.556805
4.572610
4.588132
4.603370
4.618323
4.632991
4.647374
4.661471
4.675281
4.688805
4.702042
4.714991
4.727653
4.740027
4.752111
4.763907
4.775414
4.786631
4.797559
4.808196
4.818542
4.828598
4.838362
4.847836
4.857017
4.865907
4.874504
4.882809
4.890821
4.898540
4.905966
4.913098
4.919937
4.926483
4.932734
4.938691
4.944354
4.949722
4.954796
4.959574
4.964058
4.968247
4.972140
4.975739
4.979041
4.982049
4.984760
4.987176
4.989297
4.991121
4.992650
4.993882
4.994819
4.995460
4.995804
4.995853
4.995606
4.995063
4.994223
4.993088
4.991657
4.989930
4.987907
4.985589
4.982974
4.980064
4.976859
4.973358
4.969561
4.965470
4.961083
4.956402
4.951425
4.946154
4.940588
4.934728
4.928573
4.922125
4.915383
4.908347
4.901017
4.893395
4.885479
4.877270
4.868769
4.859976
4.850891
4.841514
4.831845
4.821885
4.811634
4.801093
4.790261
4.779139
4.767728
4.756027
4.744037
4.731759
4.719192
4.706337
4.693195
4.679766
4.666049
4.652047
4.637758
4.623184
4.608325
4.593181
4.577752
4.562040
4.546045
4.529766
4.513206
4.496363
4.479239
4.461834
4.444148
4.426183
4.407938
4.389414
4.370612
4.351532
4.332175
4.312542
4.292632
4.272447
4.251987
4.231252
4.210244
4.188963
4.167409
4.145583
4.123487
4.101119
4.078482
4.055575
4.032400
4.008957
3.985247
3.961270
3.937028
3.912520
3.887748
3.862712
3.837413
3.811852
3.786029
3.759946
3.733603
3.707000
3.680139
3.653021
3.625645
3.598014
3.570127
3.541986
3.513592
3.484944
3.456045
3.426894
3.397493
3.367843
3.337945
3.307798
3.277405
3.246766
3.215882
3.184754
3.153382
3.121769
3.089914
3.057818
3.025483
2.992910
2.960099
2.927051
2.893768
2.860250
2.826498
2.792513
2.758297
2.723850
2.689173
2.654267
2.619134
2.583774
2.548188
2.512378
2.476344
2.440088
2.403610
2.366912
2.329994
2.292858
2.255505
2.217936
2.180151
2.142153
2.103942
2.065520
2.026887
1.988044
1.948993
1.909735
1.870271
1.830602
1.790729
1.750654
1.710378
1.669901
1.629225
1.588352
1.547281
1.506016
1.464556
1.422903
1.381058
1.339022
1.296798
1.254385
1.211785
1.168999
1.126030
1.082877
1.039542
0.996026
0.952331
0.908458
0.864408
0.820183
0.775783
0.731210
0.686466
0.641552
0.596468
0.551217
0.505799
0.460216
0.414469
0.368560
0.322490
0.276261
0.229872
0.183327
0.136626
0.089771
0.042763
-0.004397
-0.051707
-0.099165
-0.146772
-0.194524
-0.242421
-0.290461
-0.338643
-0.386965
-0.435427
-0.484026
-0.532761
-0.581631
-0.630635
-0.679770
-0.729036
-0.778431
-0.827954
