-2.646500
-2.646766
-2.647563
-2.648891
-2.650751
-2.653142
-2.656064
-2.659517
-2.663501
-2.668016
-2.673061
-2.678636
-2.684742
-2.691377
-2.698542
-2.706236
-2.714459
-2.723210
-2.732490
-2.742297
-2.752632
-2.763494
-2.774882
-2.786796
-2.799235
-2.812200
-2.825689
-2.839701
-2.854237
-2.869296
-2.884877
-2.900979
-2.917601
-2.934744
-2.952406
-2.970586
-2.989284
-3.008499
-3.028230
-3.048476
-3.069237
-3.090511
-3.112298
-3.134597
-3.157406
-3.180725
-3.204553
-3.228889
-3.253732
-3.279080
-3.304933
-3.331290
-3.358149
-3.385510
-3.413371
-3.441730
-3.470588
-3.499942
-3.529791
-3.560135
-3.590971
-3.622299
-3.654117
-3.686424
-3.719218
-3.752499
-3.786264
-3.820512
-3.855242
-3.890453
-3.926142
-3.962309
-3.998951
-4.036068
-4.073658
-4.111718
-4.150248
-4.189246
-4.228710
-4.268639
-4.309031
-4.349883
-4.391196
-4.432966
-4.475191
-4.517871
-4.561004
-4.604586
-4.648618
-4.693096
-4.738019
-4.783386
-4.829193
-4.875440
-4.922124
-4.969243
-5.016795
-5.064779
-5.113192
-5.162032
-5.211297
-5.260985
-5.311094
-5.361622
-5.412567
-5.463926
-5.515698
-5.567879
-5.620469
-5.673465
-5.726864
-5.780664
-5.834863
-5.889459
-5.944450
-5.999832
-6.055604
-6.111764
-6.168308
-6.225235
-6.282543
-6.340228
-6.398288
-6.456722
-6.515526
-6.574697
-6.634234
-6.694135
-6.754395
-6.815013
-6.875987
-6.937313
-6.998990
-7.061014
-7.123383
-7.186094
-7.249145
-7.312532
-7.376254
-7.440308
-7.504690
-7.569399
-7.634431
-7.699783
-7.765454
-7.831439
-7.897737
-7.964345
-8.031259
-8.098477
-8.165997
-8.233814
-8.301927
-8.370332
-8.439027
-8.508008
-8.577274
-8.646820
-8.716644
-8.786743
-8.857113
-8.927753
-8.998659
-9.069828
-9.141257
-9.212943
-9.284883
-9.357074
-9.429513
-9.502196
-9.575122
-9.648286
-9.721685
-9.795318
-9.869179
-9.943267
-10.017578
-10.092108
-10.166856
-10.241817
-10.316989
-10.392368
-10.467952
-10.543736
-10.619718
-10.695894
-10.772262
-10.848818
-10.925559
-11.002481
-11.079582
-11.156858
-11.234306
-11.311922
-11.389704
-11.467647
-11.545750
-11.624007
-11.702417
-11.780976
-11.859680
-11.938526
-12.017511
-12.096632
-12.175885
-12.255266
-12.334773
-12.414402
-12.494150
-12.574013
-12.653988
-12.734072
-12.814260
-12.894551
-12.974940
-13.055424
-13.136000
-13.216664
-13.297413
-13.378243
-13.459151
-13.540134
-13.621188
-13.702309
-13.783495
-13.864742
-13.946046
-14.027405
-14.108814
-14.190269
-14.271769
-14.353309
-14.434886
-14.516496
-14.598136
-14.679802
-14.761491
-14.843200
-14.924925
-15.006663
-15.088410
-15.170162
-15.251917
-15.333671
-15.415420
-15.497161
-15.578890
-15.660605
-15.742301
-15.823975
-15.905624
-15.987244
-16.068832
-16.150384
-16.231897
-16.313367
-16.394791
-16.476166
-16.557488
-16.638754
-16.719960
-16.801103
-16.882179
-16.963185
-17.044117
-17.124973
-17.205748
-17.286440
-17.367044
-17.447558
-17.527979
-17.608301
-17.688523
-17.768641
-17.848651
-17.928551
-18.008336
-18.088004
-18.167550
-18.246973
-18.326267
-18.405431
-18.484460
-18.563351
-18.642101
-18.720707
-18.799165
-18.877472
-18.955625
-19.033620
-19.111454
-19.189124
-19.266627
-19.343958
-19.421116
-19.498096
-19.574895
-19.651511
-19.727940
-19.804178
-19.880223
-19.956072
-20.031720
-20.107165
-20.182404
-20.257434
-20.332250
-20.406851
-20.481233
-20.555393
-20.629328
-20.703034
-20.776509
-20.849749
-20.922752
-20.995513
-21.068031
-21.140302
-21.212324
-21.284092
-21.355604
-21.426857
-21.497848
-21.568573
-21.639031
-21.709218
-21.779131
-21.848767
-21.918123
-21.987196
-22.055983
-22.124482
-22.192689
-22.260602
-22.328218
-22.395533
-22.462546
-22.529252
-22.595650
-22.661737
-22.727509
-22.792964
-22.858100
-22.922913
-22.987400
-23.051560
-23.115389
-23.178885
-23.242044
-23.304865
-23.367344
-23.429480
-23.491268
-23.552708
-23.613795
-23.674528
-23.734904
-23.794920
-23.854575
-23.913864
-23.972787
-24.031340
-24.089521
-24.147327
-24.204756
-24.261806
-24.318474
-24.374758
-24.430655
-24.486163
-24.541280
-24.596003
-24.650330
-24.704259
-24.757788
-24.810913
-24.863634
-24.915947
-24.967851
-25.019343
-25.070422
-25.121084
-25.171328
-25.221152
-25.270554
-25.319531
-25.368082
-25.416204
-25.463895
-25.511154
-25.557978
-25.604366
-25.650315
-25.695823
-25.740889
-25.785511
-25.829687
-25.873414
-25.916692
-25.959517
-26.001890
-26.043807
-26.085266
-26.126267
-26.166807
-26.206885
-26.246499
-26.285647
-26.324328
-26.362540
-26.400282
-26.437551
-26.474346
-26.510666
-26.546509
-26.581874
-26.616759
-26.651163
-26.685083
-26.718520
-26.751471
-26.783935
-26.815911
-26.847396
-26.878391
-26.908893
-26.938902
-26.968416
-26.997433
-27.025953
-27.053975
-27.081497
-27.108517
-27.135036
-27.161051
-27.186562
-27.211568
-27.236067
-27.260059
-27.283542
-27.306516
-27.328979
-27.350931
-27.372370
-27.393296
-27.413708
-27.433605
-27.452986
-27.471851
-27.490198
-27.508027
-27.525336
-27.542127
-27.558396
-27.574145
-27.589371
-27.604076
-27.618257
-27.631915
-27.645048
-27.657657
-27.669740
-27.681297
-27.692329
-27.702833
-27.712810
-27.722260
-27.731181
-27.739574
-27.747439
-27.754774
-27.761580
-27.767856
-27.773602
-27.778818
-27.783503
-27.787658
-27.791282
-27.794375
-27.796937
-27.798968
-27.800468
-27.801436
-27.801872
-27.801778
-27.801152
-27.799994
-27.798306
-27.796086
-27.793335
-27.790052
-27.786239
-27.781896
-27.777021
-27.771616
-27.765682
-27.759217
-27.752222
-27.744699
-27.736646
-27.728065
-27.718955
-27.709318
-27.699153
-27.688461
-27.677242
-27.665497
-27.653227
-27.640431
-27.627111
-27.613267
-27.598899
-27.584009
-27.568596
-27.552662
-27.536207
-27.519232
-27.501737
-27.483724
-27.465192
-27.446144
-27.426579
-27.406498
-27.385903
-27.364794
-27.343172
-27.321038
-27.298393
-27.275238
-27.251574
-27.227401
-27.202721
-27.177536
-27.151845
-27.125650
-27.098953
-27.071753
-27.044054
-27.015854
-26.987157
-26.957963
-26.928273
-26.898088
-26.867410
-26.836240
-26.804580
-26.772430
-26.739793
-26.706669
-26.673059
-26.638967
-26.604391
-26.569335
-26.533800
-26.497787
-26.461297
-26.424333
-26.386896
-26.348987
-26.310607
-26.271760
-26.232446
-26.192666
-26.152424
-26.111719
-26.070555
-26.028932
-25.986853
-25.944319
-25.901332
-25.857894
-25.814007
-25.769672
-25.724892
-25.679668
-25.634002
-25.587897
-25.541354
-25.494374
-25.446961
-25.399116
-25.350842
-25.302139
-25.253010
-25.203458
-25.153484
-25.103091
-25.052280
-25.001054
-24.949415
-24.897365
-24.844906
-24.792041
-24.738772
-24.685100
-24.631029
-24.576561
-24.521697
-24.466441
-24.410794
-24.354759
-24.298338
-24.241534
-24.184348
-24.126785
-24.068845
-24.010531
-23.951846
-23.892793
-23.833373
-23.773590
-23.713445
-23.652941
-23.592082
-23.530869
-23.469305
-23.407392
-23.345134
-23.282533
-23.219591
-23.156312
-23.092697
-23.028750
-22.964473
-22.899870
-22.834941
-22.769692
-22.704123
-22.638239
-22.572041
-22.505533
-22.438717
-22.371596
-22.304174
-22.236452
-22.168434
-22.100123
-22.031521
-21.962631
-21.893457
-21.824001
-21.754266
-21.684255
-21.613972
-21.543418
-21.472597
-21.401513
-21.330167
-21.258564
-21.186705
-21.114595
-21.042235
-20.969630
-20.896782
-20.823695
-20.750371
-20.676813
-20.603025
-20.529010
-20.454771
-20.380310
-20.305632
-20.230739
-20.155635
-20.080322
-20.004804
-19.929084
-19.853166
-19.777051
-19.700745
-19.624249
-19.547567
-19.470703
-19.393659
-19.316440
-19.239047
-19.161484
-19.083756
-19.005864
-18.927812
-18.849604
-18.771243
-18.692732
-18.614074
-18.535273
-18.456333
-18.377255
-18.298045
-18.218704
-18.139237
-18.059647
-17.979937
-17.900111
-17.820172
-17.740123
-17.659967
-17.579709
-17.499351
-17.418898
-17.338351
-17.257715
-17.176993
-17.096189
-17.015305
-16.934346
-16.853315
-16.772215
-16.691049
-16.609821
-16.528535
-16.447194
-16.365801
-16.284360
-16.202874
-16.121347
-16.039782
-15.958182
-15.876551
-15.794893
-15.713211
-15.631508
-15.549787
-15.468053
-15.386309
-15.304558
-15.222804
-15.141049
-15.059298
-14.977554
-14.895821
-14.814101
-14.732399
-14.650717
-14.569060
-14.487430
-14.405832
-14.324268
-14.242742
-14.161257
-14.079818
-13.998427
-13.917087
-13.835803
-13.754577
-13.673414
-13.592316
-13.511287
-13.430330
-13.349450
-13.268648
-13.187929
-13.107296
-13.026753
-12.946302
-12.865948
-12.785693
-12.705541
-12.625496
-12.545560
-12.465738
-12.386032
-12.306446
-12.226983
-12.147647
-12.068441
-11.989369
-11.910432
-11.831636
-11.752984
-11.674478
-11.596122
-11.517919
-11.439873
-11.361986
-11.284263
-11.206707
-11.129320
-11.052106
-10.975068
-10.898210
-10.821535
-10.745045
-10.668745
-10.592638
-10.516726
-10.441013
-10.365502
-10.290196
-10.215099
-10.140213
-10.065542
-9.991090
-9.916858
-9.842850
-9.769070
-9.695521
-9.622205
-9.549125
-9.476285
-9.403689
-9.331338
-9.259236
-9.187386
-9.115791
-9.044455
-8.973379
-8.902567
-8.832023
-8.761749
-8.691747
-8.622022
-8.552575
-8.483411
-8.414531
-8.345939
-8.277638
-8.209630
-8.141918
-8.074506
-8.007396
-7.940590
-7.874093
-7.807905
-7.742032
-7.676474
-7.611235
-7.546318
-7.481726
-7.417460
-7.353524
-7.289921
-7.226653
-7.163723
-7.101133
-7.038887
-6.976986
-6.915434
-6.854233
-6.793386
-6.732895
-6.672762
-6.612991
-6.553584
-6.494543
-6.435871
