3.1597
3.0808
2.9951
2.9036
2.8024
2.7172
2.6221
2.5580
2.4975
2.4572
2.4772
2.5163
2.5874
2.6522
2.6667
2.6582
2.6415
2.6031
2.5679
2.5428
2.5156
2.4814
2.4055
2.3287
2.2558
2.1982
2.1404
2.1270
2.1100
2.0817
2.0434
1.9902
1.9435
1.9006
1.8926
1.9108
1.9425
1.9768
1.9608
1.9222
1.8736
1.8136
1.7484
1.6780
1.6363
1.5826
1.5307
1.4443
1.3469
1.2570
1.1796
1.1606
1.1764
1.2208
1.2950
1.3888
1.4775
1.5367
1.5552
1.5710
1.5672
1.5670
1.5838
1.6264
1.6804
1.7245
1.7588
1.7673
1.7409
1.6884
1.6434
1.6356
1.6686
1.7224
1.7734
1.8006
1.7775
1.7458
1.6907
1.6439
1.5837
1.5360
1.5032
1.4967
1.5004
1.5004
1.4966
1.5038
1.5146
1.5143
1.4835
1.4353
1.3843
1.3322
1.2715
1.2440
1.1953
1.1475
1.1082
1.0727
1.0228
0.9359
0.8442
0.7448
0.6702
0.5966
0.5043
0.3934
0.2673
0.1584
0.0844
0.0405
0.0280
0.0081
-0.0033
-0.0197
-0.0349
-0.0453
-0.0545
-0.0639
-0.0859
-0.1006
-0.1450
-0.1982
-0.2586
-0.3262
-0.3729
-0.4051
-0.4075
-0.4071
-0.4100
-0.4501
-0.5174
-0.5735
-0.6309
-0.6796
-0.7407
-0.8118
-0.9140
-1.0250
-1.1385
-1.2481
-1.3541
-1.4561
-1.5570
-1.6380
-1.7241
-1.8323
-1.9516
-2.0787
-2.1909
-2.2945
-2.3819
-2.4381
-2.4878
-2.5374
-2.5746
-2.6146
-2.6808
-2.7655
-2.8866
-3.0004
-3.0930
-3.1541
-3.1701
-3.1896
-3.2497
-3.3530
-3.5163
-3.7368
-3.9413
-4.1094
-4.2317
-4.3018
-4.3177
-4.3285
-4.3392
-4.3674
-4.3852
-4.4134
-4.4710
-4.5271
-4.6182
-4.7130
-4.7799
-4.8135
-4.8383
-4.8454
-4.8823
-4.9633
-5.0708
-5.2149
-5.3735
-5.4934
-5.5496
-5.5724
-5.5776
-5.5776
-5.5776
-5.5863
-5.6003
-5.6354
-5.6915
-5.7704
-5.8546
-5.9476
-6.0372
-6.1108
-6.1653
-6.2022
-6.2530
-6.2987
-6.3409
-6.4076
-6.4797
-6.5800
-6.6890
-6.7875
-6.8701
-6.9421
-7.0423
-7.1477
-7.2390
-7.2812
-7.2987
-7.3057
-7.3180
-7.3567
-7.4324
-7.5221
-7.5977
-7.6663
-7.7367
-7.8107
-7.8793
-7.9532
-8.0376
-8.1327
-8.2311
-8.3330
-8.4524
-8.5803
-8.7047
-8.8344
-8.9570
-9.0602
-9.1058
-9.1199
-9.1199
-9.1234
-9.1429
-9.1747
-9.2291
-9.3084
-9.3950
-9.4881
-9.5919
-9.6924
-9.7468
-9.7728
-9.7900
-9.7968
-9.8057
-9.8194
-9.8747
-9.9868
-10.0847
-10.1956
-10.3011
-10.4100
-10.5215
-10.6485
-10.7652
-10.8661
-10.9392
-10.9832
-11.0136
-11.0325
-11.0609
-11.0892
-11.1149
-11.1439
-11.1777
-11.2114
-11.2620
-11.3192
-11.3797
-11.4468
-11.5219
-11.6057
-11.7059
-11.8127
-11.9093
-11.9625
-11.9958
-12.0024
-12.0057
-12.0057
-12.0069
-12.0215
-12.0447
-12.0944
-12.1673
-12.2501
-12.3306
-12.3893
-12.4339
-12.4565
-12.4725
-12.4959
-12.5310
-12.5638
-12.5748
-12.5521
-12.5132
-12.4658
-12.4022
-12.3440
-12.2977
-12.2676
-12.2679
-12.2434
-12.2264
-12.2008
-12.1632
-12.1323
-12.1079
-12.1093
-12.1400
-12.1631
-12.1559
-12.1259
-12.0605
-12.0005
-11.9331
-11.9161
-11.9250
-11.9437
-11.9689
-11.9780
-11.9626
-11.9504
-11.9105
-11.8628
-11.8194
-11.7789
-11.7490
-11.7074
-11.6710
-11.6497
-11.6252
-11.5953
-11.5484
-11.4929
-11.4065
-11.2944
-11.1653
-11.0362
-10.9051
-10.7964
-10.7218
-10.6590
-10.6101
-10.5631
-10.5130
-10.4729
-10.4473
-10.4387
-10.4335
-10.4335
-10.4335
-10.4302
-10.4249
-10.4079
-10.3960
-10.3684
-10.3290
-10.2981
-10.2757
-10.2513
-10.2321
-10.1978
-10.1459
-10.0723
-9.9831
-9.8871
-9.7926
-9.7170
-9.6702
-9.6575
-9.6468
-9.6363
-9.6296
-9.6277
-9.6277
-9.6310
-9.6276
-9.6222
-9.6117
-9.5860
-9.5583
-9.5137
-9.4520
-9.3765
-9.2840
-9.1967
-9.1025
-9.0087
-8.9470
-8.9075
-8.8916
-8.8657
-8.8211
-8.7648
-8.7086
-8.6557
-8.6081
-8.5467
-8.4666
-8.3901
-8.2933
-8.1811
-8.0689
-7.9500
-7.8346
-7.7428
-7.6665
-7.6037
-7.5613
-7.5274
-7.4834
-7.4291
-7.3648
-7.3004
-7.2258
-7.1513
-7.0768
-7.0125
-6.9347
-6.8434
-6.7539
-6.6746
-6.5902
-6.5311
-6.4602
-6.3741
-6.2796
-6.1497
-5.9996
-5.8561
-5.7058
-5.5810
-5.4730
-5.4076
-5.3252
-5.2429
-5.1672
-5.1167
-5.0831
-5.0528
-5.0275
-5.0006
-4.9601
-4.9113
-4.8307
-4.7552
-4.6846
-4.6271
-4.5759
-4.5168
-4.4578
-4.4022
-4.3515
-4.3044
-4.2622
-4.2404
-4.2236
-4.2117
-4.1866
-4.1279
-4.0609
-3.9820
-3.9114
-3.8325
-3.7619
-3.6949
-3.6377
-3.5587
-3.4665
-3.3609
-3.2492
-3.1531
-3.0938
-3.0723
-3.0723
-3.0674
-3.0590
-3.0352
-2.9967
-2.9310
-2.8451
-2.7592
-2.6853
-2.6178
-2.5476
-2.4551
-2.3355
-2.2122
-2.0818
-1.9358
-1.7918
-1.6309
-1.4804
-1.3584
-1.2875
-1.2509
-1.2438
-1.2367
-1.2165
-1.1963
-1.1739
-1.1324
-1.0754
-1.0093
-0.9149
-0.8015
-0.6498
-0.4955
-0.3374
-0.1982
-0.0924
-0.0150
0.0735
0.1514
0.2415
0.3426
0.4596
0.5790
0.6983
0.8177
0.9094
1.0011
1.1130
1.2347
1.3598
1.4838
1.5707
1.6447
1.6812
1.6961
1.7146
1.7294
1.7626
1.7920
1.8323
1.8832
1.9596
2.0397
2.1272
2.2148
2.2951
2.3671
2.4366
2.5025
2.5538
2.6161
2.6415
2.6525
2.6477
2.6371
2.6162
2.6028
2.5893
2.5662
2.5590
2.5471
2.5415
2.5442
2.5721
2.5952
2.6265
2.6464
2.6560
2.6440
2.6417
2.6311
2.6151
2.6248
2.6433
2.6469
2.6506
2.6411
2.6239
2.5982
2.5554
2.4942
2.4238
2.3571
2.3080
2.2772
2.2892
2.3184
2.3514
2.3734
2.3805
2.3842
2.3678
2.3444
2.3096
2.2725
2.2263
10.8582
