-2.010104
-2.010525
-2.011788
-2.013892
-2.016838
-2.020625
-2.025253
-2.030722
-2.037031
-2.044180
-2.052169
-2.060997
-2.070663
-2.081168
-2.092509
-2.104687
-2.117701
-2.131549
-2.146231
-2.161747
-2.178094
-2.195273
-2.213281
-2.232118
-2.251783
-2.272274
-2.293590
-2.315729
-2.338691
-2.362473
-2.387075
-2.412494
-2.438729
-2.465778
-2.493640
-2.522313
-2.551795
-2.582084
-2.613178
-2.645075
-2.677773
-2.711270
-2.745564
-2.780653
-2.816534
-2.853205
-2.890665
-2.928909
-2.967936
-3.007744
-3.048330
-3.089691
-3.131825
-3.174728
-3.218399
-3.262834
-3.308031
-3.353987
-3.400698
-3.448162
-3.496376
-3.545336
-3.595040
-3.645484
-3.696665
-3.748580
-3.801225
-3.854598
-3.908694
-3.963510
-4.019044
-4.075290
-4.132246
-4.189908
-4.248272
-4.307334
-4.367092
-4.427540
-4.488675
-4.550493
-4.612991
-4.676163
-4.740007
-4.804518
-4.869692
-4.935524
-5.002011
-5.069148
-5.136931
-5.205356
-5.274418
-5.344113
-5.414436
-5.485383
-5.556949
-5.629130
-5.701922
-5.775318
-5.849316
-5.923909
-5.999094
-6.074865
-6.151218
-6.228148
-6.305649
-6.383717
-6.462347
-6.541534
-6.621272
-6.701557
-6.782384
-6.863747
-6.945641
-7.028061
-7.111001
-7.194457
-7.278423
-7.362893
-7.447862
-7.533326
-7.619277
-7.705711
-7.792623
-7.880006
-7.967855
-8.056164
-8.144929
-8.234142
-8.323799
-8.413894
-8.504420
-8.595372
-8.686745
-8.778533
-8.870728
-8.963327
-9.056322
-9.149708
-9.243479
-9.337629
-9.432151
-9.527040
-9.622290
-9.717894
-9.813847
-9.910142
-10.006773
-10.103735
-10.201020
-10.298622
-10.396536
-10.494755
-10.593272
-10.692082
-10.791178
-10.890554
-10.990203
-11.090119
-11.190296
-11.290727
-11.391406
-11.492326
-11.593481
-11.694864
-11.796470
-11.898290
-12.000320
-12.102552
-12.204980
-12.307597
-12.410397
-12.513373
-12.616518
-12.719826
-12.823291
-12.926906
-13.030663
-13.134557
-13.238581
-13.342728
-13.446991
-13.551364
-13.655840
-13.760413
-13.865075
-13.969820
-14.074642
-14.179533
-14.284487
-14.389498
-14.494558
-14.599660
-14.704799
-14.809966
-14.915157
-15.020363
-15.125578
-15.230796
-15.336009
-15.441211
-15.546396
-15.651556
-15.756684
-15.861774
-15.966820
-16.071814
-16.176750
-16.281621
-16.386420
-16.491142
-16.595778
-16.700322
-16.804768
-16.909108
-17.013337
-17.117448
-17.221433
-17.325287
-17.429002
-17.532572
-17.635990
-17.739250
-17.842346
-17.945269
-18.048015
-18.150576
-18.252945
-18.355117
-18.457084
-18.558841
-18.660380
-18.761696
-18.862781
-18.963629
-19.064234
-19.164589
-19.264688
-19.364524
-19.464092
-19.563384
-19.662395
-19.761117
-19.859546
-19.957673
-20.055494
-20.153002
-20.250190
-20.347052
-20.443583
-20.539776
-20.635624
-20.731123
-20.826265
-20.921044
-21.015455
-21.109491
-21.203147
-21.296416
-21.389292
-21.481770
-21.573844
-21.665507
-21.756754
-21.847579
-21.937976
-22.027939
-22.117463
-22.206542
-22.295170
-22.383342
-22.471052
-22.558293
-22.645062
-22.731351
-22.817156
-22.902471
-22.987291
-23.071610
-23.155423
-23.238724
-23.321509
-23.403771
-23.485505
-23.566708
-23.647372
-23.727493
-23.807066
-23.886086
-23.964547
-24.042445
-24.119775
-24.196531
-24.272710
-24.348305
-24.423312
-24.497727
-24.571544
-24.644759
-24.717367
-24.789364
-24.860744
-24.931504
-25.001639
-25.071143
-25.140014
-25.208246
-25.275836
-25.342777
-25.409068
-25.474702
-25.539677
-25.603988
-25.667630
-25.730600
-25.792893
-25.854506
-25.915435
-25.975676
-26.035225
-26.094077
-26.152230
-26.209680
-26.266423
-26.322455
-26.377773
-26.432373
-26.486252
-26.539406
-26.591832
-26.643526
-26.694486
-26.744708
-26.794188
-26.842924
-26.890912
-26.938150
-26.984634
-27.030362
-27.075330
-27.119535
-27.162976
-27.205648
-27.247549
-27.288677
-27.329029
-27.368602
-27.407395
-27.445403
-27.482625
-27.519059
-27.554702
-27.589552
-27.623606
-27.656863
-27.689321
-27.720976
-27.751828
-27.781874
-27.811113
-27.839542
-27.867160
-27.893964
-27.919954
-27.945127
-27.969482
-27.993018
-28.015732
-28.037624
-28.058692
-28.078934
-28.098350
-28.116938
-28.134697
-28.151625
-28.167722
-28.182987
-28.197419
-28.211016
-28.223778
-28.235704
-28.246794
-28.257046
-28.266460
-28.275036
-28.282772
-28.289669
-28.295725
-28.300941
-28.305316
-28.308850
-28.311542
-28.313393
-28.314403
-28.314570
-28.313896
-28.312380
-28.310023
-28.306824
-28.302784
-28.297903
-28.292181
-28.285619
-28.278217
-28.269975
-28.260895
-28.250976
-28.240220
-28.228627
-28.216198
-28.202933
-28.188833
-28.173900
-28.158134
-28.141536
-28.124108
-28.105850
-28.086764
-28.066851
-28.046111
-28.024547
-28.002160
-27.978952
-27.954923
-27.930075
-27.904410
-27.877930
-27.850636
-27.822529
-27.793613
-27.763888
-27.733357
-27.702021
-27.669883
-27.636944
-27.603207
-27.568673
-27.533346
-27.497226
-27.460318
-27.422622
-27.384142
-27.344879
-27.304837
-27.264018
-27.222424
-27.180058
-27.136923
-27.093022
-27.048358
-27.002932
-26.956749
-26.909811
-26.862121
-26.813682
-26.764498
-26.714571
-26.663905
-26.612503
-26.560368
-26.507503
-26.453912
-26.399599
-26.344566
-26.288818
-26.232358
-26.175189
-26.117316
-26.058741
-25.999469
-25.939504
-25.878848
-25.817507
-25.755484
-25.692783
-25.629408
-25.565363
-25.500652
-25.435280
-25.369250
-25.302567
-25.235235
-25.167258
-25.098642
-25.029389
-24.959504
-24.888993
-24.817859
-24.746107
-24.673742
-24.600768
-24.527190
-24.453013
-24.378241
-24.302879
-24.226932
-24.150405
-24.073303
-23.995631
-23.917393
-23.838595
-23.759242
-23.679338
-23.598890
-23.517901
-23.436378
-23.354325
-23.271748
-23.188652
-23.105042
-23.020924
-22.936303
-22.851185
-22.765574
-22.679477
-22.592898
-22.505844
-22.418320
-22.330332
-22.241885
-22.152985
-22.063638
-21.973848
-21.883623
-21.792968
-21.701888
-21.610390
-21.518479
-21.426162
-21.333443
-21.240330
-21.146827
-21.052942
-20.958679
-20.864046
-20.769048
-20.673691
-20.577981
-20.481924
-20.385527
-20.288796
-20.191737
-20.094356
-19.996659
-19.898653
-19.800343
-19.701737
-19.602841
-19.503660
-19.404201
-19.304471
-19.204476
-19.104222
-19.003715
-18.902963
-18.801972
-18.700747
-18.599297
-18.497626
-18.395741
-18.293650
-18.191359
-18.088873
-17.986200
-17.883347
-17.780319
-17.677124
-17.573768
-17.470257
-17.366599
-17.262800
-17.158866
-17.054805
-16.950622
-16.846325
-16.741920
-16.637415
-16.532814
-16.428126
-16.323357
-16.218514
-16.113603
-16.008631
-15.903605
-15.798532
-15.693418
-15.588270
-15.483095
-15.377899
-15.272689
-15.167472
-15.062255
-14.957045
-14.851847
-14.746669
-14.641518
-14.536401
-14.431323
-14.326292
-14.221315
-14.116398
-14.011548
-13.906771
-13.802075
-13.697466
-13.592951
-13.488536
-13.384228
-13.280034
-13.175960
-13.072014
-12.968201
-12.864529
-12.761004
-12.657633
-12.554421
-12.451377
-12.348506
-12.245816
-12.143312
-12.041001
-11.938890
-11.836985
-11.735293
-11.633821
