-6.565994
-6.658224
-6.750452
-6.842674
-6.934887
-7.027090
-7.119278
-7.211450
-7.303603
-7.395733
-7.487838
-7.579915
-7.671961
-7.763974
-7.855950
-7.947888
-8.039784
-8.131635
-8.223439
-8.315193
-8.406894
-8.498539
-8.590125
-8.681651
-8.773112
-8.864507
-8.955832
-9.047085
-9.138263
-9.229363
-9.320382
-9.411318
-9.502168
-9.592930
-9.683599
-9.774175
-9.864653
-9.955031
-10.045307
-10.135478
-10.225541
-10.315493
-10.405332
-10.495054
-10.584658
-10.674140
-10.763498
-10.852729
-10.941830
-11.030799
-11.119632
-11.208328
-11.296884
-11.385296
-11.473563
-11.561681
-11.649648
-11.737462
-11.825119
-11.912616
-11.999952
-12.087124
-12.174129
-12.260964
-12.347627
-12.434114
-12.520425
-12.606555
-12.692503
-12.778265
-12.863839
-12.949223
-13.034413
-13.119408
-13.204205
-13.288801
-13.373194
-13.457380
-13.541358
-13.625126
-13.708679
-13.792017
-13.875136
-13.958034
-14.040708
-14.123156
-14.205376
-14.287364
-14.369119
-14.450638
-14.531919
-14.612958
-14.693754
-14.774304
-14.854606
-14.934657
-15.014455
-15.093997
-15.173282
-15.252306
-15.331067
-15.409563
-15.487792
-15.565750
-15.643437
-15.720849
-15.797984
-15.874839
-15.951413
-16.027704
-16.103708
-16.179423
-16.254848
-16.329979
-16.404815
-16.479354
-16.553593
-16.627529
-16.701161
-16.774487
-16.847504
-16.920210
-16.992602
-17.064679
-17.136439
-17.207879
-17.278997
-17.349791
-17.420258
-17.490398
-17.560207
-17.629683
-17.698824
-17.767629
-17.836095
-17.904220
-17.972002
-18.039439
-18.106529
-18.173270
-18.239660
-18.305697
-18.371378
-18.436703
-18.501668
-18.566272
-18.630513
-18.694390
-18.757899
-18.821040
-18.883810
-18.946207
-19.008230
-19.069876
-19.131144
-19.192032
-19.252538
-19.312661
-19.372398
-19.431747
-19.490707
-19.549276
-19.607453
-19.665235
-19.722621
-19.779608
-19.836196
-19.892383
-19.948166
-20.003545
-20.058517
-20.113081
-20.167236
-20.220978
-20.274308
-20.327223
-20.379722
-20.431803
-20.483464
-20.534705
-20.585523
-20.635917
-20.685885
-20.735426
-20.784539
-20.833221
-20.881472
-20.929290
-20.976673
-21.023620
-21.070130
-21.116201
-21.161832
-21.207022
-21.251769
-21.296071
-21.339928
-21.383338
-21.426300
-21.468812
-21.510873
-21.552483
-21.593639
-21.634340
-21.674586
-21.714374
-21.753704
-21.792575
-21.830986
-21.868934
-21.906420
-21.943441
-21.979998
-22.016088
-22.051710
-22.086865
-22.121550
-22.155764
-22.189507
-22.222777
-22.255573
-22.287895
-22.319741
-22.351111
-22.382003
-22.412417
-22.442351
-22.471805
-22.500778
-22.529269
-22.557277
-22.584802
-22.611841
-22.638396
-22.664464
-22.690045
-22.715139
-22.739744
-22.763859
-22.787485
-22.810620
-22.833264
-22.855415
-22.877074
-22.898239
-22.918911
-22.939087
-22.958769
-22.977954
-22.996643
-23.014835
-23.032530
-23.049726
-23.066424
-23.082622
-23.098321
-23.113520
-23.128218
-23.142416
-23.156111
-23.169305
-23.181997
-23.194186
-23.205872
-23.217055
-23.227734
-23.237909
-23.247580
-23.256746
-23.265407
-23.273563
-23.281214
-23.288359
-23.294998
-23.301131
-23.306758
-23.311878
-23.316492
-23.320599
-23.324200
-23.327293
-23.329879
-23.331959
-23.333531
-23.334596
-23.335153
-23.335204
-23.334747
-23.333783
-23.332311
-23.330333
-23.327847
-23.324854
-23.321355
-23.317348
-23.312835
-23.307815
-23.302289
-23.296256
-23.289718
-23.282673
-23.275123
-23.267067
-23.258507
-23.249441
-23.239870
-23.229795
-23.219217
-23.208134
-23.196548
-23.184459
-23.171867
-23.158772
-23.145176
-23.131079
-23.116480
-23.101380
-23.085781
-23.069682
-23.053083
-23.035986
-23.018390
-23.000297
-22.981707
-22.962620
-22.943037
-22.922959
-22.902385
-22.881318
-22.859757
-22.837704
-22.815158
-22.792120
-22.768592
-22.744574
-22.720066
-22.695069
-22.669585
-22.643613
-22.617155
-22.590212
-22.562784
-22.534872
-22.506477
-22.477599
-22.448241
-22.418402
-22.388083
-22.357286
-22.326011
-22.294259
-22.262032
-22.229330
-22.196154
-22.162505
-22.128384
-22.093793
-22.058732
-22.023202
-21.987205
-21.950741
-21.913812
-21.876418
-21.838561
-21.800243
-21.761463
-21.722224
-21.682527
-21.642372
-21.601761
-21.560695
-21.519176
-21.477204
-21.434781
-21.391909
-21.348588
-21.304819
-21.260605
-21.215947
-21.170845
-21.125302
-21.079318
-21.032895
-20.986034
-20.938737
-20.891006
-20.842841
-20.794244
-20.745217
-20.695761
-20.645878
-20.595568
-20.544834
-20.493678
-20.442100
-20.390102
-20.337686
-20.284854
-20.231606
-20.177945
-20.123873
-20.069390
-20.014499
-19.959201
-19.903497
-19.847391
-19.790882
-19.733974
-19.676667
-19.618964
-19.560865
-19.502374
-19.443491
-19.384219
-19.324559
-19.264513
-19.204083
-19.143271
-19.082078
-19.020507
-18.958558
-18.896235
-18.833539
-18.770472
-18.707036
-18.643232
-18.579064
-18.514531
-18.449637
-18.384384
-18.318774
-18.252807
-18.186488
-18.119816
-18.052795
-17.985427
-17.917714
-17.849656
-17.781258
-17.712520
-17.643445
-17.574035
-17.504293
-17.434219
-17.363816
-17.293087
-17.222033
-17.150657
-17.078961
-17.006947
-16.934617
-16.861973
-16.789018
-16.715753
-16.642182
-16.568305
-16.494126
-16.419647
-16.344870
-16.269797
-16.194430
-16.118773
-16.042826
-15.966592
-15.890074
-15.813274
-15.736195
-15.658838
-15.581206
-15.503301
-15.425126
-15.346682
-15.267974
-15.189002
-15.109769
-15.030277
-14.950530
-14.870529
-14.790277
-14.709776
-14.629029
-14.548037
-14.466805
-14.385333
-14.303625
-14.221683
-14.139509
-14.057106
-13.974476
-13.891622
-13.808547
-13.725253
-13.641742
-13.558017
-13.474080
-13.389935
-13.305583
-13.221027
-13.136270
-13.051315
-12.966163
-12.880817
-12.795280
-12.709555
-12.623644
-12.537550
-12.451275
-12.364823
-12.278194
-12.191393
-12.104422
-12.017284
-11.929980
-11.842514
-11.754889
-11.667106
-11.579169
-11.491081
-11.402843
-11.314460
-11.225932
-11.137264
-11.048458
-10.959515
-10.870440
-10.781235
-10.691902
-10.602444
-10.512865
-10.423166
-10.333350
-10.243420
-10.153379
-10.063230
-9.972974
-9.882616
-9.792157
-9.701601
-9.610950
-9.520206
-9.429374
-9.338455
-9.247452
-9.156367
-9.065205
-8.973967
-8.882656
-8.791274
-8.699826
-8.608313
-8.516738
-8.425105
-8.333415
-8.241671
-8.149877
-8.058035
-7.966148
-7.874218
-7.782249
-7.690243
-7.598203
-7.506132
-7.414033
-7.321907
-7.229759
-7.137591
-7.045406
-6.953206
-6.860994
-6.768773
-6.676547
-6.584317
-6.492086
-6.399858
-6.307634
-6.215419
-6.123214
-6.031022
-5.938847
-5.846690
-5.754556
-5.662446
-5.570363
-5.478310
-5.386290
-5.294306
-5.202361
-5.110456
-5.018596
-4.926783
-4.835019
-4.743307
-4.651651
-4.560052
-4.468514
-4.377040
-4.285632
-4.194293
-4.103025
-4.011832
-3.920717
-3.829681
-3.738728
-3.647861
-3.557082
-3.466393
-3.375799
-3.285301
-3.194903
-3.104606
-3.014414
-2.924330
-2.834356
-2.744494
-2.654748
-2.565121
-2.475614
-2.386232
-2.296975
-2.207848
-2.118853
-2.029992
-1.941269
-1.852685
-1.764244
-1.675948
-1.587800
-1.499803
-1.411959
-1.324270
-1.236741
-1.149372
-1.062168
-0.975130
-0.888261
-0.801564
-0.715041
-0.628695
-0.542529
-0.456545
-0.370746
-0.285134
-0.199712
-0.114483
-0.029449
0.055388
0.140024
0.224457
0.308685
0.392704
0.476514
0.560110
0.643491
0.726653
0.809595
0.892314
0.974808
1.057073
1.139107
1.220909
1.302475
1.383803
1.464890
1.545735
1.626334
1.706685
1.786786
1.866635
1.946228
2.025564
2.104640
2.183454
2.262003
2.340284
2.418297
2.496038
2.573504
2.650694
2.727606
2.804236
2.880583
2.956644
3.032417
3.107899
3.183089
3.257984
3.332582
3.406881
3.480878
3.554570
3.627957
3.701035
3.773803
3.846258
3.918398
3.990221
4.061725
4.132907
4.203765
4.274298
4.344502
4.414377
4.483920
4.553128
4.622000
4.690533
4.758726
4.826577
4.894082
4.961241
5.028052
5.094511
5.160618
5.226371
5.291766
5.356803
5.421479
5.485793
5.549742
5.613324
5.676538
5.739382
5.801853
5.863951
5.925672
5.987015
6.047979
6.108561
6.168760
6.228573
6.288000
6.347038
6.405685
6.463939
6.521800
6.579264
6.636331
6.692999
6.749265
6.805129
6.860588
6.915641
6.970287
7.024523
7.078347
7.131759
7.184757
7.237338
7.289502
7.341247
7.392572
7.443474
7.493952
7.544005
7.593631
7.642829
7.691597
7.739933
7.787837
7.835307
7.882341
7.928938
7.975096
8.020815
8.066092
8.110927
8.155318
8.199263
8.242762
8.285813
8.328415
8.370566
8.412265
8.453511
8.494303
8.534639
8.574519
8.613940
8.652902
8.691404
8.729445
8.767022
8.804136
8.840785
8.876968
8.912683
8.947931
8.982709
9.017017
9.050853
9.084217
9.117108
9.149524
9.181465
9.212929
9.243916
9.274425
9.304455
9.334005
9.363073
9.391660
9.419764
9.447385
9.474521
9.501172
9.527337
9.553015
9.578205
9.602907
9.627120
9.650843
9.674076
9.696817
9.719066
9.740823
9.762087
9.782856
9.803131
9.822911
9.842195
9.860983
9.879273
9.897067
9.914362
9.931159
9.947457
9.963255
9.978553
9.993351
10.007648
10.021443
10.034737
10.047528
10.059817
10.071603
10.082886
10.093665
10.103940
10.113711
10.122978
10.131739
10.139996
10.147747
10.154992
10.161732
10.167965
10.173693
10.178914
10.183628
10.187836
10.191537
10.194731
10.197419
10.199599
10.201271
10.202437
10.203096
10.203247
10.202891
10.202027
10.200657
10.198779
10.196394
10.193502
10.190103
10.186197
10.181785
10.176865
10.171440
10.165508
10.159070
10.152126
10.144676
10.136721
10.128260
10.119295
10.109825
10.099850
10.089371
10.078388
10.066902
10.054913
10.042421
10.029426
10.015930
10.001932
9.987433
9.972433
9.956932
9.940932
9.924433
9.907435
9.889938
9.871944
9.853452
9.834464
9.814979
9.794999
9.774525
9.753555
9.732093
9.710137
9.687689
9.664749
9.641318
9.617397
9.592986
9.568087
9.542699
9.516824
9.490463
9.463616
9.436284
9.408468
9.380169
9.351387
9.322124
9.292381
9.262157
9.231455
9.200275
9.168618
9.136485
9.103877
9.070795
9.037240
9.003213
8.968715
8.933747
8.898310
8.862406
8.826035
8.789198
8.751896
8.714132
8.675905
8.637217
8.598069
8.558462
8.518398
8.477878
8.436902
8.395473
8.353591
8.311258
8.268474
8.225242
8.181563
8.137437
8.092867
8.047853
8.002397
7.956501
7.910165
7.863391
7.816181
7.768536
7.720457
7.671946
7.623004
7.573633
7.523834
7.473609
7.422960
7.371887
7.320393
7.268478
7.216145
7.163395
7.110230
7.056651
7.002660
6.948259
6.893449
6.838231
6.782608
6.726582
6.670153
6.613324
6.556096
6.498471
6.440451
6.382038
6.323233
6.264038
6.204455
6.144486
6.084132
6.023395
5.962278
5.900781
5.838908
5.776659
5.714037
5.651044
5.587681
5.523950
5.459853
5.395393
5.330571
5.265389
5.199849
5.133953
5.067704
5.001102
4.934151
4.866851
4.799206
4.731217
4.662886
4.594216
4.525208
4.455864
4.386187
4.316179
4.245841
4.175177
4.104187
4.032875
3.961242
3.889291
3.817024
3.744442
3.671549
3.598345
3.524835
3.451019
3.376900
3.302480
3.227762
3.152747
3.077439
3.001839
2.925949
2.849772
2.773311
2.696567
2.619543
2.542240
2.464663
2.386812
2.308690
2.230300
2.151644
2.072724
1.993543
1.914103
1.834406
1.754455
1.674253
1.593801
1.513102
1.432159
1.350975
1.269550
1.187889
1.105993
1.023865
0.941507
0.858922
0.776113
0.693081
0.609830
0.526362
0.442680
0.358785
0.274681
0.190370
0.105854
0.021137
-0.063779
-0.148893
-0.234200
-0.319699
-0.405387
-0.491261
-0.577319
-0.663558
-0.749976
-0.836569
-0.923336
-1.010274
-1.097379
-1.184650
-1.272084
-1.359678
-1.447430
-1.535336
-1.623394
-1.711602
-1.799957
-1.888456
-1.977097
-2.065876
-2.154792
-2.243841
-2.333020
-2.422328
-2.511761
-2.601317
-2.690992
-2.780785
-2.870692
-2.960712
-3.050840
-3.141074
-3.231412
-3.321851
-3.412388
-3.503021
-3.593746
-3.684561
-3.775463
-3.866450
