-4.192185221
-4.180832
-4.256912795
-4.437257536
-4.675938208
-4.909311666
-5.132699293
-5.364890308
-5.599194837
-5.840327267
-6.15030213
-6.464452733
-6.676233825
-6.811560808
-6.878686573
-6.84983984
-6.726422408
-6.500929116
-6.17138293
-5.822489432
-5.543310891
-5.306862557
-5.069842703
-4.83998347
-4.708618503
-4.662766855
-4.680890093
-4.771291189
-4.79707942
-4.746843819
-4.695197087
-4.669448017
-4.619972582
-4.573241368
-4.51674255
-4.373046458
-4.118653826
-3.80204812
-3.459071396
-3.165857376
-2.963542791
-2.851870844
-2.774400576
-2.76200102
-2.7721002
-2.742719171
-2.742866816
-2.793224278
-2.863622549
-2.994977318
-3.142311243
-3.248260728
-3.31246183
-3.337514769
-3.340194985
-3.332827517
-3.324565028
-3.316300841
-3.303901372
-3.315676225
-3.337474087
-3.330962809
-3.322067827
-3.360931831
-3.393922659
-3.439048381
-3.50531563
-3.571779765
-3.639312962
-3.696570903
-3.727701657
-3.753745348
-3.745818263
-3.648746778
-3.529510993
-3.45578455
-3.435563745
-3.478882652
-3.602999838
-3.755799639
-3.908889842
-4.012036185
-4.065992656
-4.086555319
-4.1303982
-4.226896109
-4.392065973
-4.57097097
-4.705896746
-4.774954448
-4.778672306
-4.79821495
-4.859123407
-4.971871158
-5.095056105
-5.201722306
-5.234010132
-5.21536144
-5.167527521
-5.086465913
-5.038794857
-5.059877056
-5.094450941
-5.099233499
-5.100515517
-5.104018851
-5.098352158
-5.076242704
-5.075298345
-5.087300183
-5.103086402
-5.077131957
-5.112502233
-5.202665321
-5.266928855
-5.31888709
-5.409227846
-5.502096368
-5.560473515
-5.621770629
-5.711594494
-5.762075892
-5.800270313
-5.881208057
-5.949078854
-5.969174986
-5.98322868
-6.001381997
-6.001381997
-6.006269609
-6.021297458
-6.065945139
-6.102222702
-6.118049564
-6.152398335
-6.216234665
-6.289252113
-6.423040385
-6.61768518
-6.801055403
-6.963225162
-7.140702335
-7.323205867
-7.455992192
-7.560246785
-7.660447804
-7.734325054
-7.77077546
-7.78596605
-7.78596605
-7.792090936
-7.816416778
-7.865828924
-7.921202869
-7.961586763
-8.003926965
-8.021080491
-8.021080491
-8.043547957
-8.116469286
-8.239939093
-8.3971056
-8.577762175
-8.738851075
-8.876989469
-9.024058427
-9.143069526
-9.217734853
-9.286584825
-9.370239451
-9.474726429
-9.547121577
-9.573773816
-9.58088994
-9.58088994
-9.58088994
-9.581949928
-9.594816319
-9.604805905
-9.62690284
-9.6557983
-9.690734422
-9.72852168
-9.780899669
-9.841239273
-9.8834971
-9.926366338
-9.983970104
-10.0419937
-10.11059657
-10.16802715
-10.21467964
-10.23685393
-10.25298363
-10.30730157
-10.38391788
-10.46202738
-10.5460365
-10.63453474
-10.74778024
-10.87972751
-11.03134677
-11.18185407
-11.30506182
-11.39219141
-11.43543282
-11.45842671
-11.46829119
-11.48366584
-11.508891
-11.54120609
-11.57907487
-11.61142424
-11.6309399
-11.66565239
-11.72298307
-11.79500793
-11.88907113
-11.99196937
-12.08470886
-12.17516965
-12.2700999
-12.36183937
-12.47887114
-12.60350981
-12.68679819
-12.72976243
-12.75187166
-12.75666596
-12.73261229
-12.71106208
-12.71198977
-12.73256294
-12.73423635
-12.7336584
-12.7111954
-12.68621761
-12.6015777
-12.50091904
-12.41306249
-12.33843853
-12.27135753
-12.25401773
-12.258706
-12.24991164
-12.23221849
-12.21382923
-12.17846238
-12.10775634
-11.99677714
-11.88966433
-11.75426606
-11.6063508
-11.46444324
-11.34771475
-11.25575922
-11.19087379
-11.13867147
-11.08953493
-11.05161079
-11.02293603
-10.96257552
-10.88173376
-10.80493062
-10.76354804
-10.72437053
-10.64758597
-10.59115365
-10.59080416
-10.55787173
-10.47645714
-10.38848296
-10.32349209
-10.24339282
-10.12906506
-10.00688349
-9.894679423
-9.751770302
-9.564070128
-9.396150388
-9.214473384
-9.00255805
-8.835397025
-8.738904451
-8.669840622
-8.644822944
-8.637876966
-8.637876966
-8.637876966
-8.637876966
-8.636029906
-8.623063638
-8.580924443
-8.47533356
-8.346243746
-8.224886007
-8.105288212
-7.973634899
-7.802386387
-7.578669278
-7.360347692
-7.200122886
-7.107757259
-7.00664121
-6.924059151
-6.891957069
-6.889293331
-6.908975219
-6.926856924
-6.896134794
-6.814717906
-6.692509699
-6.542343829
-6.400357545
-6.271277504
-6.155903281
-6.069087268
-5.994159423
-5.937034916
-5.899605613
-5.88272404
-5.885278213
-5.885278213
-5.859672582
-5.862223856
-5.859713002
-5.8622625
-5.856658369
-5.859205581
-5.85020081
-5.818390122
-5.778135648
-5.730547772
-5.663802771
-5.549460938
-5.392621796
-5.215803561
-5.029957031
-4.860601
-4.744655229
-4.675519158
-4.630965486
-4.585598872
-4.540228479
-4.49378931
-4.443344599
-4.378207994
-4.3069348
-4.18544966
-4.062897666
-3.885817411
-3.718585512
-3.587108455
-3.508386503
-3.425617979
-3.384235291
-3.380176373
-3.374335129
-3.331173826
-3.305534077
-3.289030466
-3.224316645
-3.1205771
-3.003488599
-2.844782306
-2.623613646
-2.387940766
-2.187201076
-1.990766906
-1.807748373
-1.70498716
-1.618035014
-1.508624913
-1.401729217
-1.32063168
-1.285613417
-1.275658582
-1.270746279
-1.261493704
-1.188918093
-1.088573351
-0.972451939
-0.842646248
-0.728997663
-0.657847622
-0.589540624
-0.499893394
-0.43127152
-0.40090174
-0.366387376
-0.316532839
-0.283570074
-0.219752521
-0.0996
0.037158906
0.15401592
0.250337815
0.338293241
0.406735867
0.433550434
0.420767523
0.373221208
0.369062735
0.369062735
0.34678662
0.334319045
0.330164024
0.319542532
0.317403554
0.354627231
0.433156518
0.502647199
0.63241029
0.828772867
1.025062331
1.222458064
1.457830962
1.727414728
1.964717036
2.184414945
2.435329747
2.684032315
2.86923529
3.007556354
3.073249679
3.074416352
3.060279132
3.063784322
3.061217333
3.06019263
3.050760982
3.035167162
3.026357196
3.017564942
3.020902007
3.032254562
3.051421385
3.121558272
3.22896827
3.379212336
3.520316142
3.616387821
3.688745657
3.743439919
3.810707168
3.879743539
3.956633079
4.094656038
4.259284233
4.33486215
4.340453779
4.301105872
4.277391317
4.236747443
4.204584773
4.19770982
4.206978505
4.216249694
4.25037732
4.289921489
4.355900754
4.40309893
4.463465024
4.524955763
4.596483204
4.711348075
4.799636622
4.847749831
4.900753672
4.921622015
4.89046225
4.84491098
4.823396555
4.801849719
4.758739594
4.71189318
4.694486034
4.693504138
4.665855699
4.667683449
4.70978708
4.76319496
4.84470236
4.958874401
5.101471533
5.23503191
5.320366612
5.330579792
5.264547701
5.152264423
5.036555555
4.925561289
4.816736255
4.728891906
4.650105441
4.590656934
4.581889935
4.580483275
4.574792036
4.58531884
4.606664102
4.623985178
4.619056697
4.591051718
4.566165829
4.49033427
4.374890968
4.224020247
4.046164991
3.885017039
3.752886258
3.660895672
3.602399993
3.553590463
3.543163334
3.581580255
3.607209668
3.598024209
3.548491398
3.473860807
3.41448137
3.348305772
3.266770224
3.179643253
3.069043198
2.936141031
2.776604676
2.600119794
2.396117198
2.174694532
1.980146142
1.81771737
1.671845969
1.555918807
1.477864515
1.43568652
1.407535481
1.380029909
1.360987438
1.320823278
1.258785404
1.198144245
1.103588798
0.990615505
0.884572271
0.76564472
0.601162896
0.42501907
0.254243629
0.08587486
-0.089741523
-0.225566707
-0.313402042
-0.40710882
-0.510495797
-0.590984658
-0.648517713
-0.706084935
-0.768964662
-0.780486912
-0.800900005
-0.856982717
-0.919911561
-0.971843597
-1.016416098
-1.062619382
-1.09150752
-1.143527386
-1.206331665
-1.293146171
-1.414815303
-1.559028081
-1.746694114
-1.949679281
-2.137108183
-2.333284028
-2.555807363
-2.767070744
-2.9628412
-3.123629825
-3.267629207
-3.368034295
-3.417078191
-3.425651302
-3.428348038
-3.428348038
-3.434262097
-3.453805719
-3.466537879
-3.490206966
-3.523951573
-3.571318636
-3.62463243
-3.705836288
-3.815890217
-3.934663866
-4.065470701
-4.190483965
-4.299619317
-4.41165137
-4.492108734
-4.552482023
-4.600940534
-4.623603432
-4.625486973
-4.627370365
-4.635241121
-4.650985818
-4.652869841
-4.664512089
-4.695079215
-4.736713902
-4.805194083
-4.901897413
-5.008875467
-5.129948777
-5.262977284
-5.41185373
-5.530160295
-5.619058845
-5.690846698
-5.721146741
-5.720767066
-5.724759839
-5.731231713
-5.7379865
-5.739915943
-5.728701373
-5.713335867
-5.699884037
-5.705658898
-5.709507803
-5.709507803
-5.686795823
-5.674325565
-5.666009853
-5.641052129
-5.582755648
-5.521791854
-5.461032238
-5.364726402
-5.252872138
-5.183843137
-5.12861148
-5.065194265
-5.043028743
-5.081678903
-5.143571683
-5.217902475
-5.288589741
-5.333751424
-5.343321149
-5.341448767
-5.384328997
-5.411452073
-5.437993756
-5.457160464
-5.464589964
-5.459720457
-5.484543711
-5.547637494
-5.67850012
-5.885904423
-6.116225266
-6.306020755
-6.42454837
-6.47817021
-6.456052248
-6.383969745
-6.310151532
-6.252853163
-6.198879573
-6.134943199
-6.047552244
-5.424628657
