-13.79270073
-13.94946082
-14.10916782
-14.29887677
-14.49775837
-14.70472206
-14.91393867
-15.12650519
-15.30760365
-15.44374458
-15.5509795
-15.62799917
-15.67882933
-15.72917295
-15.79205781
-15.90310207
-16.04411449
-16.20212482
-16.38089375
-16.57729385
-16.77849562
-16.97923986
-17.15430568
-17.28390474
-17.37246177
-17.43918448
-17.48848335
-17.49805097
-17.49150171
-17.47502457
-17.48818487
-17.553746
-17.66506854
-17.81534512
-17.97357359
-18.1380654
-18.29937103
-18.47348895
-18.63194357
-18.79652512
-18.9364702
-19.02889168
-19.06999257
-19.07302689
-19.04160327
-19.00360131
-18.9518566
-18.88186906
-18.81189023
-18.76375008
-18.71709397
-18.68865067
-18.66819657
-18.62644373
-18.59813853
-18.57601038
-18.57176061
-18.57065631
-18.55016406
-18.52917435
-18.49668619
-18.46621897
-18.45045099
-18.44343141
-18.41817223
-18.36999076
-18.32687397
-18.27352362
-18.22733972
-18.20520729
-18.21397867
-18.23767116
-18.27879457
-18.3427527
-18.41019944
-18.48371542
-18.54251234
-18.58111518
-18.57387382
-18.50939886
-18.36433018
-18.15594112
-17.88888674
-17.57869482
-17.2630327
-16.94720617
-16.63575527
-16.35588764
-16.12876947
-15.90969839
-15.72244369
-15.56707206
-15.42161207
-15.27953774
-15.13049287
-14.94923138
-14.78149506
-14.6305141
-14.51892118
-14.41765863
-14.32393976
-14.21235791
-14.06108544
-13.90466055
-13.74423692
-13.54125618
-13.29823663
-13.00797846
-12.65646005
-12.25259008
-11.8530882
-11.47653713
-11.12666824
-10.81857942
-10.56947161
-10.30756677
-10.05628061
-9.802319372
-9.577240783
-9.372312623
-9.214573604
-9.090178407
-8.990629939
-8.894092438
-8.776240225
-8.60944475
-8.3938983
-8.138832871
-7.84475373
-7.508721755
-7.13075768
-6.761540606
-6.429082567
-6.160054057
-5.914967899
-5.710931214
-5.557203643
-5.427720705
-5.297749857
-5.181750227
-5.068657021
-4.916009309
-4.733748861
-4.502371045
-4.230255855
-3.934834258
-3.605882835
-3.274468461
-2.938533908
-2.578536214
-2.212199157
-1.863453723
-1.521950124
-1.191921102
-0.90748889
-0.717576389
-0.606180548
-0.535892105
-0.472591526
-0.432632347
-0.40803463
-0.352652815
-0.305070158
-0.275700084
-0.256741327
-0.222984853
-0.15184474
-0.03003991
0.11061384
0.248707077
0.451176474
0.700657646
1.037271131
1.45783899
1.926679688
2.413180491
2.855786006
3.261618207
3.655307455
4.015490076
4.312355108
4.554557396
4.719929076
4.82009757
4.875314573
4.907061628
4.936162774
4.984849327
5.084905902
5.213332735
5.34235135
5.505183127
5.698007386
5.940410547
6.198548506
6.462012994
6.706752252
6.915853628
7.139610546
7.362248454
7.589231667
7.839743145
8.049475586
8.16534184
8.221265118
8.262426059
8.317840222
8.399239411
8.504266527
8.609746589
8.749599747
8.915358506
9.121692303
9.342223502
9.568881817
9.816191053
10.01033942
10.19879676
10.38691766
10.56287923
10.70941731
10.83672795
10.93531463
11.02183924
11.08489234
11.12749107
11.16023389
11.18271739
11.19910253
11.21508158
11.22651587
11.2322596
11.22856069
11.24372239
11.26381022
11.28958588
11.33961095
11.42525504
11.54231687
11.67977801
11.81192161
11.95310113
12.09809351
12.2286397
12.32432651
12.38974698
12.4203357
12.43511117
12.44530611
12.46111351
12.47573197
12.5117228
12.53406296
12.56040241
12.62105812
12.69971533
12.77805714
12.86284653
12.94729829
13.0158313
13.03973184
13.04590054
13.03249641
13.00072561
12.93896472
12.85774793
12.76175269
12.6555037
12.56291845
12.45456394
12.3296801
12.17934549
11.99029869
11.76168239
11.48860795
11.20839639
10.94732174
10.71416862
10.48331066
10.30559919
10.15913678
10.0565508
9.968512264
9.88968601
9.832153392
9.764002703
9.696364871
9.618599542
9.530706439
9.449903531
9.371840768
9.304630377
9.256692035
9.218380168
9.205548806
9.24652921
9.326179289
9.404813592
9.503063938
9.634192277
9.765899947
9.924942177
10.07610721
10.21384154
10.33520939
10.43715168
10.52821041
10.62244563
10.71816481
10.79265395
10.86173323
10.9520484
11.02072622
11.05576024
11.05574197
10.98513478
10.83634771
10.60993411
10.36650656
10.09470372
9.807909911
9.533861856
9.22701921
8.918425411
8.630025834
8.35639905
8.098925347
7.87025051
7.668409912
7.492790009
7.341180049
7.211414699
7.081579919
6.930802549
6.759318757
6.587033249
6.401259923
6.188631471
5.93487481
5.666567393
5.391657891
5.096772973
4.755144479
4.394250034
4.035501178
3.689086751
3.34527262
2.992060826
2.633954561
2.27522526
1.933001149
1.601648718
1.327996862
1.084345418
0.880715051
0.718603432
0.553685393
0.400292266
0.270217693
0.145898306
-0.002156569
-0.178587274
-0.386254516
-0.605584327
-0.850446938
-1.08128652
-1.28973496
-1.503396312
-1.713814319
-1.929648124
-2.158771834
-2.400197652
-2.59909684
-2.78235587
-2.942231887
-3.090483416
-3.209236288
-3.328123182
-3.465008778
-3.619962975
-3.769171358
-3.924569618
-4.074204711
-4.219904784
-4.363954101
-4.526239931
-4.726809385
-4.957272603
-5.195515569
-5.457454321
-5.721366133
-5.988347061
-6.246107768
-6.500913382
-6.774547769
-7.046918338
-7.275341962
-7.501376239
-7.685467839
-7.831333347
-7.94769177
-8.042634626
-8.089136338
-8.111954473
-8.126464169
-8.13153541
-8.111668915
-8.01712048
-7.832165286
-7.650219656
-7.558336575
-7.535563911
-7.495959672
-7.428308176
-7.322775586
-7.192852257
-7.046118339
-6.887414109
-6.738579994
-6.635292348
-6.540310132
-6.439774255
-6.305743309
-6.148131724
-5.975623671
-5.82680533
-5.68339178
-5.516931126
-5.303650317
-5.036616081
-4.780355384
-4.587320735
-4.447728463
-4.367427656
-4.350142644
-4.355850202
-4.383673038
-4.50166526
-4.709481586
-4.972375086
-5.238879174
-5.44772498
-5.589420068
-5.692621257
-5.759682091
-5.790040017
-5.804373512
-5.849153041
-5.931268449
-6.010032647
-6.106661414
-6.214355237
-6.318466564
-6.379651695
-6.389075095
-6.351580388
-6.257213799
-6.176285333
-6.104122291
-6.034680848
-5.932217349
-5.829854383
-5.747265145
-5.667046941
-5.602718618
-5.56252887
-5.561381669
-5.615031113
-5.696976998
-5.780602892
-5.865086524
-5.990927207
-6.136483652
-6.289458104
-6.411551655
-6.531754731
-6.66009367
-6.807502736
-6.890743661
-6.929577531
-6.965721821
-6.983489255
-6.98970815
-7.020807596
-7.058137877
-7.095480096
-7.152716962
-7.235221916
-7.315683645
-7.425498326
-7.59818169
-7.858910231
-8.151531862
-8.464115079
-8.762220388
-9.057160067
-9.349932837
-9.617448984
-9.838842924
-10.02062305
-10.18254341
-10.27678283
-10.35201951
-10.39610942
-10.44118178
-10.48522674
-10.53189793
-10.57723916
-10.63294944
-10.71832774
-10.8356161
-10.96736216
-11.11354212
-11.2926016
-11.51889066
-11.7709776
-12.01841935
-12.26245904
-12.4848179
-12.65989606
-12.80349765
-12.90667297
-13.00187068
-13.05686655
-13.09236879
-13.1122424
-13.135784
-13.16180282
-13.18285646
-13.21815135
-13.23968319
-13.27910995
-13.34170652
-13.41970026
-13.49394769
-13.53298869
-13.55373516
-13.5602837
-13.5795247
-13.60039503
-13.61867459
-13.65113713
-13.68891487
-13.72818094
-13.77779488
-13.851906
-13.9376806
-14.03265804
-14.15171312
-14.27336766
-14.39110928
-14.4931165
-14.59471977
-14.67649394
-14.74823321
-14.81875527
-14.88428959
-14.93948764
-14.97526766
-14.98284567
-14.98058307
-14.9616676
-14.90810019
-14.8443011
-14.79842176
-14.81118081
-14.9106425
-15.04377362
-15.15707292
-15.27370544
-15.36999312
-15.44702773
-15.485422
-15.48004779
-15.41426053
-15.30575568
-15.17394538
-14.99786201
-14.83305193
-14.69141558
-14.53450723
-14.36608725
-14.21161333
-14.08148361
-13.95891417
-13.84029415
-13.72037317
-13.60683585
-13.53149009
-13.47153936
-13.42333592
-13.37657128
-13.30305139
-13.22802903
-13.1514629
-13.09238334
-13.05091579
-13.00640525
-12.9539354
-12.9207738
-12.91721357
-12.91923843
-12.94204675
-12.97667207
-13.02301234
-13.0758056
-13.07842535
-13.087755
-13.08973995
-13.09443907
-13.07071225
-12.98968077
-12.85476694
-12.6700981
-12.42028011
-12.16714162
-11.92510522
-11.74335734
-11.64220054
-11.63859774
-11.67495254
-11.6975714
-11.70510738
-11.70775306
-11.70775306
-11.70148132
-11.68266798
-11.63415283
-11.50816943
-11.29116375
-11.03573553
-10.76263917
-10.50876897
-10.31254299
-10.1513329
-10.01502972
-9.870175491
-9.706106424
-9.526056465
-9.351191274
-9.099259957
-8.74222214
-8.294061498
-7.787985011
-7.311196373
-6.919818064
-6.626761137
-6.4180587
-6.276626831
-6.157464819
-6.050476319
-5.947503654
-5.824393254
-5.670984116
-5.515645492
-5.336128013
-5.138204328
-4.918161838
-4.726674481
-4.583566353
-4.480840742
-4.410361857
-4.339893974
-4.231205861
-4.092262275
-3.929326142
-3.728272392
-3.497030098
-3.246088825
-2.943213373
-2.584554562
-2.11079675
-1.542482864
-0.910131192
-0.243763745
0.479239997
1.193405266
1.817959397
2.31257282
2.663332373
2.844479585
2.8818151
2.821786577
2.751146553
2.706542858
2.709389714
2.759683602
2.835187458
2.916676033
2.993385582
3.035838871
3.033402538
2.953550992
2.80217822
2.599040279
2.406203017
2.305350993
2.296982147
2.325680849
2.404258996
2.516475103
2.648423157
2.802809162
2.917883439
3.007707892
3.067388988
3.131244806
3.198604976
3.287599601
3.404673868
3.582673321
3.806811293
4.046318233
4.272998567
4.476152855
4.65535187
4.860241031
5.073018318
5.226173359
5.344341989
5.45328871
5.55980364
5.691793315
5.872277212
6.124435608
6.421493591
6.727904006
7.076402915
7.414649804
7.740629188
8.01795756
8.259681929
8.477353064
8.650821902
8.765194098
8.803348254
8.777148856
8.73645899
8.681562132
8.648999554
8.637859575
8.603865936
8.562033097
8.50502729
8.433271789
8.361563954
8.284627906
8.193611383
8.077762887
7.940416551
7.810960107
7.706683647
7.623504748
7.545210972
7.484269689
7.467855152
7.472677902
7.516194158
7.603980206
7.675589529
7.720628459
7.727253532
7.654948613
7.525341638
7.359017983
7.17685494
6.945470681
6.691640481
6.427913892
6.177343883
5.929381062
5.687791241
5.476046133
5.278068584
5.087081356
4.921640115
4.790017221
4.690325163
4.59114406
4.481413896
4.390622717
4.271073926
4.092550408
3.887324803
3.662318359
3.417844979
3.154235782
2.897112832
2.634473393
2.359513879
2.083619591
1.817980703
1.522356521
1.240119979
0.955405638
0.709938442
0.477419476
0.244980796
0.022580421
-0.191677895
-0.415948265
-0.609129333
-0.788422221
-0.978716259
-1.174526589
-1.366011348
-1.532416787
-1.72897317
-1.958444392
-2.22586824
-2.534839928
-2.874665714
-3.231953853
-3.57853032
-3.971072823
-4.388262656
-4.808593681
-5.189829713
-5.524204549
-5.837305603
-6.102796966
-6.305364818
-6.452064558
-6.496815932
-6.428753727
-6.233350494
-5.971185596
-5.621021084
-5.182573038
-4.700085928
-4.183262094
-3.624455461
-3.046044963
-2.503539735
-2.038237725
-1.699678489
-1.459757431
-1.348586378
-1.349944599
-1.419966648
-1.551722126
-1.7047441
-1.841716757
-1.980928384
-2.081942821
-2.225006867
-2.466803858
-2.822316213
-3.283985804
-3.791256953
-4.249265227
-4.630477359
-4.902492047
-5.057398329
-5.084249558
-5.057648284
-4.972730104
-4.932877693
-4.936109112
-4.937631209
-4.915181174
-4.885239124
-4.851023564
-4.788189251
-4.657826824
-4.489648481
-4.287326455
-4.081559957
-3.872216617
-3.69001951
-3.557881019
-3.523419898
-3.540958846
-3.638823638
-3.82113872
-4.048860571
-4.332318702
-4.568143574
-4.723918564
-4.807164794
-4.816351737
-4.807630018
-4.808531868
-4.801393318
-4.791105557
-4.786789349
-4.773884448
-4.739955268
-4.684188755
-4.622288952
-4.533867141
-4.434346776
-4.386234495
-4.400824932
-4.467563237
-4.546934598
-4.614561004
-4.699070686
-4.788744779
-4.897085602
-5.00189003
-5.085540647
-5.161781704
-5.263717768
-5.379889038
-5.496401428
-5.627712094
-5.792973342
-5.961348865
-6.149376564
-6.340322478
-6.520572494
-6.676313521
-6.823880043
-6.936587738
-7.021162277
-7.038968608
-7.055608787
-7.071316205
-7.114597583
-7.209445674
-7.343319617
-7.500791587
-7.657153243
-7.834051265
-8.025587254
-8.246967542
-8.501226781
-8.70685301
-8.839931826
-8.915965411
-8.932665817
-8.933899946
-8.940366257
-8.96376192
-8.997616442
-9.054851266
-9.14590003
-9.26570361
-9.400808541
-9.564855508
-9.736447188
-9.893693827
-10.05238204
-10.19668574
-10.29022843
-10.32063711
-10.33897564
-10.3276815
-10.30886559
-10.29882252
-10.30664137
-10.31460479
-10.33415008
-10.35649889
-10.37740727
-10.39188776
-10.40524142
-10.44537497
-10.51477139
-10.60322938
-10.68910916
-10.75320752
-10.8109415
-10.84291911
-10.84436174
-10.84445862
-10.83950427
-10.84599186
-10.86925157
-10.87982521
-10.8994961
-10.93942997
-10.99588499
-11.05617066
-11.08838351
-11.07726472
-11.05973353
-11.0231842
-10.96619392
-10.89529422
-10.8066517
-10.69907389
-10.62032958
-10.55685758
-10.50477633
-10.44247833
-10.39701714
-10.40223748
-10.41405911
-10.42580559
-10.45089067
-10.47199706
-10.48592247
-10.49706185
-10.4880833
-10.44321128
-10.33670979
-10.17709119
-9.97663469
-9.734474367
-9.48275216
-9.235666431
-9.0083522
-8.799153242
-8.637059418
-8.525770171
-8.453331083
-8.417982719
-8.38095177
-8.338853763
-8.290601778
-8.215943642
-8.124611354
-8.008730916
-7.84316216
-7.657129841
-7.448693792
-7.210068047
-6.970097613
-6.720757786
-6.506168725
-6.328108445
-6.201874982
-6.133258983
-6.121136714
-6.115076071
-6.109015756
-6.090836779
-6.056549135
-6.026264972
-5.977827372
-5.897210984
-5.788528384
-5.64966784
-5.501732997
-5.335733231
-5.155666464
-4.963656341
-4.776858427
-4.591371923
-4.43529298
-4.315533093
-4.181815486
-4.058027456
-3.93432335
-3.812220034
-3.700217265
-3.585119598
-3.46316295
-3.347174159
-3.230250443
-3.124330059
-3.028464113
-2.925746871
-2.821698838
-2.721766482
-2.640124189
-2.564426165
-2.50470541
-2.456828619
-2.41871808
-2.322405578
-2.151225761
-1.886162795
-1.527243737
-1.066917016
-0.573263253
-0.086148213
0.310731539
0.620553123
0.779871393
0.81418669
0.807917647
0.794442066
0.797450563
0.807756304
0.815426003
0.830721924
0.852088738
0.852151183
0.867833271
0.899114318
0.951692921
1.017564756
1.11154371
1.20629013
1.305218877
1.39920454
1.474548829
1.535015316
1.569975439
1.58290385
1.578754045
1.578754045
1.585976684
1.607284691
1.635057225
1.681868923
1.733636989
1.782724498
1.836764576
1.891558398
1.956200787
2.025853152
2.110312063
2.198984364
2.282032302
2.379975833
2.506240595
2.645994198
2.760258614
2.832681257
2.851247662
2.851247662
2.861919121
2.895393672
2.950298815
3.047674675
3.154299202
3.259515389
3.347681725
3.418798837
3.477344974
3.496477291
3.524085337
3.549693344
3.578896843
3.640207695
3.727716396
3.782677526
3.795103919
3.810865654
3.807364889
3.770705231
3.682558468
3.558741582
3.431893718
3.287956136
3.105003119
2.897322204
2.686730906
2.482824946
2.296603937
2.13604751
1.997153428
1.878542349
1.784754827
1.686912813
1.602860096
1.509865969
1.407033897
1.278499946
1.130583091
0.958895133
0.733926196
0.454222832
0.165495145
-0.128958991
-0.425219722
-0.718638564
-0.991812577
-1.265819688
-1.523934282
-1.742808713
-1.956210279
-2.143724783
-2.2896135
-2.400552544
-2.47845382
-2.508550406
-2.511895244
-2.496353373
-2.490753627
-2.519765776
-2.5783184
-2.663969592
-2.762897955
-2.873102113
-3.045947629
-3.246325193
-3.485466559
-3.754582896
-4.0538756
-4.378983696
-4.709087547
-5.026960313
-5.320428852
-5.560580664
-5.741039579
-5.868690954
-5.936168897
-5.954264056
-5.960296432
-5.983026505
-6.00947331
-6.034524825
-6.104979574
-6.250479682
-6.461885671
-6.735444878
-7.014547354
-7.26979249
-7.540386203
-7.804937478
-8.022428245
-8.187994128
-8.298996237
-8.346908965
-8.342503341
-8.293577055
-8.289914194
-8.318058559
-8.359724713
-8.358015398
-8.262781928
-8.143382545
-7.96312318
-7.700485545
-7.335003619
-6.857186046
-6.224352398
-5.448856753
-4.548313833
-3.60824324
-2.687737336
-1.793523452
-0.995210005
-0.291086911
0.23547189
-6.732399541
