-4.816046938
-4.814860937
-4.819770104
-4.840347858
-4.881120918
-4.959227599
-5.020389835
-5.080249895
-5.102759874
-5.113054626
-5.123348599
-5.131718657
-5.156487596
-5.214374733
-5.281063559
-5.349836889
-5.485674321
-5.656235963
-5.811885216
-5.893634583
-5.970670639
-6.062580281
-6.145082447
-6.20335443
-6.291500811
-6.417302717
-6.542831706
-6.64531392
-6.730652777
-6.837330834
-6.965008773
-7.105187606
-7.292638899
-7.473989936
-7.625307868
-7.759569717
-7.881052929
-7.976999026
-8.033565987
-8.084083648
-8.166743712
-8.251691575
-8.319403028
-8.373827606
-8.448109255
-8.535755501
-8.639261442
-8.76680536
-8.91731457
-9.099138057
-9.322158965
-9.516835772
-9.687746148
-9.819111875
-9.931205692
-10.00752792
-10.06462395
-10.11890206
-10.20176274
-10.27619547
-10.35680613
-10.4665107
-10.60781469
-10.76470188
-10.90835532
-11.03738088
-11.16207704
-11.28793148
-11.3654984
-11.43288331
-11.55031956
-11.66242637
-11.76925727
-11.88138295
-12.04020375
-12.22410616
-12.41077906
-12.58311925
-12.72488947
-12.88214005
-13.07314773
-13.28134523
-13.44134736
-13.58962151
-13.75436542
-13.92597453
-14.09494764
-14.24549213
-14.36407502
-14.45831836
-14.54615295
-14.64026284
-14.79689663
-14.99118971
-15.16024139
-15.33633821
-15.49013139
-15.62894326
-15.74265659
-15.83592068
-15.90956554
-15.92666824
-15.9740941
-16.05358004
-16.16509183
-16.27612564
-16.39539011
-16.51501912
-16.63052168
-16.7314518
-16.8020248
-16.83348149
-16.85781927
-16.86975565
-16.88011722
-16.87521503
-16.88783684
-16.91486643
-16.96975248
-17.06124323
-17.17958809
-17.2942208
-17.40515973
-17.49582674
-17.56356089
-17.6027056
-17.62998168
-17.65882794
-17.66810484
-17.68764586
-17.7141661
-17.77390537
-17.86986196
-18.00268872
-18.14999947
-18.31567699
-18.47090818
-18.57980223
-18.64323114
-18.67020904
-18.67528869
-18.66238291
-18.64302639
-18.58497246
-18.54140563
-18.49767595
-18.46546629
-18.48010184
-18.52807058
-18.62183138
-18.71705791
-18.82057048
-18.89035307
-18.93974781
-18.96737832
-18.9798634
-18.98417719
-18.97764965
-18.98662835
-18.97942967
-18.96197629
-18.94458992
-18.95925268
-19.00300371
-19.05567755
-19.10172505
-19.12951233
-19.13810033
-19.14923159
-19.17694128
-19.21362605
-19.22108381
-19.2024469
-19.20639757
-19.2439375
-19.28699833
-19.34815303
-19.38072329
-19.43179784
-19.49437148
-19.52220271
-19.53077608
-19.53422805
-19.51255148
-19.50939872
-19.50274176
-19.48455819
-19.45983346
-19.40298545
-19.3366126
-19.24570009
-19.13479552
-19.02882757
-18.91030783
-18.84116712
-18.80487421
-18.77391823
-18.73634204
-18.72192839
-18.76681207
-18.83236161
-18.89035412
-18.92096774
-18.94174182
-18.95301001
-18.92788282
-18.87218909
-18.8270574
-18.7764965
-18.71458634
-18.62261508
-18.52336276
-18.40279672
-18.28779448
-18.19607892
-18.14743426
-18.12954439
-18.13233555
-18.13931212
-18.15286012
-18.17228155
-18.21318134
-18.27113037
-18.33912918
-18.40672315
-18.45456416
-18.47098172
-18.42778467
-18.3469077
-18.24015461
-18.10379213
-17.9763902
-17.87827988
-17.83450715
-17.81156151
-17.79150725
-17.76015217
-17.70974338
-17.63897279
-17.53155499
-17.433022
-17.32546757
-17.22247599
-17.15125417
-17.08875689
-17.02623868
-16.9701033
-16.91394471
-16.86386278
-16.80992898
-16.72395374
-16.62035622
-16.503588
-16.3954164
-16.29265301
-16.18767209
-16.08405705
-15.99868549
-15.92128274
-15.87774406
-15.84554777
-15.8131538
-15.75877038
-15.67124374
-15.56347164
-15.4417161
-15.30364832
-15.1440897
-15.00161719
-14.88979991
-14.76524373
-14.62044176
-14.47719047
-14.32643243
-14.16047512
-13.96819581
-13.7627031
-13.55229159
-13.35987004
-13.17683857
-13.00327554
-12.83136305
-12.67213636
-12.52812904
-12.39785653
-12.27871506
-12.16839949
-12.04597784
-11.90932625
-11.75741016
-11.60560638
-11.46492524
-11.33463154
-11.21365594
-11.10271222
-11.0005209
-10.93555081
-10.87574288
-10.85822557
-10.82728301
-10.75923682
-10.64901475
-10.52689091
-10.38184793
-10.16800928
-9.926902091
-9.674429632
-9.399032353
-9.136472617
-8.880580411
-8.661687795
-8.461396209
-8.327090147
-8.235302552
-8.171900688
-8.144814808
-8.14384972
-8.119666886
-8.047148833
-7.889240583
-7.703529905
-7.549134635
-7.374712276
-7.140567208
-6.884182439
-6.652386812
-6.449813053
-6.273736788
-6.15578253
-6.103675323
-6.087896961
-6.081942389
-6.050387572
-6.009009637
-5.936079666
-5.808066387
-5.623838539
-5.405641308
-5.148516134
-4.874630606
-4.604926137
-4.386247064
-4.203044648
-4.042351011
-3.921688204
-3.864844244
-3.853312309
-3.837808641
-3.795634666
-3.712597773
-3.609610458
-3.461067009
-3.279405161
-3.092718397
-2.936696977
-2.808710272
-2.67669105
-2.548688038
-2.414045575
-2.301760181
-2.198565585
-2.116138739
-2.043807471
-1.948377459
-1.819035835
-1.664876849
-1.499662023
-1.32456898
-1.141292437
-0.972004258
-0.81841301
-0.666486743
-0.528573288
-0.400566665
-0.258506737
-0.094973074
0.078484431
0.242028153
0.368460659
0.484983444
0.593158636
0.689834863
0.72955813
0.75097783
0.75672139
0.75672139
0.780772863
0.851853429
0.942807557
1.079938448
1.25482662
1.43375135
1.624615232
1.824580517
2.021442733
2.238010902
2.45895646
2.649524514
2.813219409
2.943914836
3.05609292
3.167037252
3.302840373
3.459345827
3.611428536
3.762202179
3.936050293
4.098613712
4.274813824
4.454055219
4.608719462
4.762569556
4.937509884
5.107595099
5.202151407
5.257757635
5.31270419
5.367647171
5.423687996
5.471487283
5.510493529
5.542900339
5.558282145
5.565972732
5.567073391
5.583780109
5.617184022
5.632705307
5.670403551
5.744056525
5.804421642
5.86876572
5.971321765
6.088738607
6.224177315
6.395781446
6.587427254
6.774324193
6.972490044
7.170399563
7.325622752
7.468741224
7.554261245
7.568453456
7.580151179
7.599254163
7.636555234
7.685129172
7.754842647
7.833358463
7.922650672
8.022709771
8.115792348
8.211816372
8.316695789
8.404252208
8.492922616
8.588661641
8.67414452
8.778440451
8.881852246
8.97590985
9.069067325
9.142075403
9.206127608
9.261633003
9.309005134
9.379233735
9.47584127
9.565788087
9.670533831
9.770793012
9.873867923
9.981483813
10.06982118
10.14831328
10.21283396
10.26749054
10.30404006
10.35125466
10.40298647
10.45551182
10.50309217
10.5415976
10.58382148
10.6350978
10.6818337
10.72778216
10.78771821
10.84272737
10.88372764
10.91410003
10.95431793
10.98921804
11.01957469
11.04085563
11.04888561
11.05955148
11.0944425
11.1334989
11.1585334
11.1831867
11.21239246
11.23705009
11.25677737
11.28219417
11.31254146
11.36642158
11.42674135
11.51591791
11.61077842
11.70034139
11.79903014
11.91703977
12.01990857
12.0893449
12.11439241
12.13446808
12.14434674
12.1545748
12.18490805
12.25371665
12.33770531
12.42766944
12.51830452
12.60699297
12.7013102
12.82456709
12.95312341
13.07213003
13.16618796
13.26449593
13.33406911
13.37833412
13.40802241
13.42812108
13.45750464
13.49214378
13.5274351
13.54745999
13.55768663
13.5691286
13.58007262
13.59254088
13.60441643
13.61105472
13.64251721
13.6620847
13.68739898
13.72779838
13.76711745
13.81682012
13.87606714
13.94975336
13.98544298
13.9954098
13.98157947
13.94255851
13.88912621
13.84637219
13.79846127
13.7600952
13.72174471
13.6785336
13.63455313
13.60164921
13.5335779
13.44685804
13.35987316
13.2829956
13.21556098
13.16249287
13.14857776
13.16835672
13.18838746
13.20784017
13.24163041
13.27633377
13.30527627
13.344775
13.36880448
13.40306729
13.42243799
13.43299344
13.42338848
13.41412947
13.40404202
13.39971419
13.37535883
13.32173449
13.27287356
13.22920933
13.1907453
13.1412228
13.0975825
13.05499435
12.98195748
12.88885567
12.79721088
12.71504695
12.65225209
12.56979051
12.48215181
12.39441692
12.30187631
12.20936337
12.13174953
12.05376263
11.99026072
11.94163754
11.89342904
11.84400616
11.8108245
11.77641643
11.73237623
11.69399125
11.65904713
11.6300323
11.62496604
11.63421871
11.63454059
11.63829174
11.63792634
11.62793744
11.62291856
11.61239812
11.62641025
11.67447654
11.741602
11.79898163
11.86053639
11.9472071
12.01443599
12.06179414
12.05139897
12.02607224
11.98704407
11.95248726
11.89384248
11.81552277
11.70662837
11.56868281
11.44186014
11.29887804
11.15064471
11.01247834
10.9000026
10.81126511
10.74651829
10.72138006
10.7173416
10.7125447
10.70774796
10.69719723
10.69767609
10.68328698
10.64299619
10.57852175
10.48987127
10.39114549
10.28204896
10.15807161
10.02031745
9.882577733
9.749107161
9.641132929
9.571627474
9.517762295
9.467828159
9.39807812
9.319942666
9.227018977
9.147788842
9.059405034
8.928581971
8.756558742
8.618829142
8.529596227
8.440363323
8.340752419
8.241131511
8.166763591
8.10726906
8.052528278
8.002538544
7.968656597
7.912050939
7.852548783
7.773423373
7.693321066
7.601805496
7.5159979
7.431170545
7.356771193
7.290547043
7.230719342
7.170888621
7.106368376
7.041178347
6.977683015
6.893590923
6.793935841
6.688800703
6.568763115
6.444350674
6.294930475
6.145113932
5.999995421
5.869696441
5.768727307
5.65873247
5.567550592
5.486526281
5.393799287
5.292002089
5.186623266
5.070704292
4.96222823
4.868658997
4.773186867
4.676558781
4.581832913
4.482817394
4.357520462
4.219956067
4.084113841
3.925326123
3.678626584
3.370040453
3.009208159
2.574791034
2.065230488
1.564757832
1.155654551
0.850929841
0.620987477
0.507152578
0.506399924
0.558786438
0.579758155
0.577790833
0.566319752
0.554847309
0.552877868
0.539482578
0.512394269
0.476837924
0.424363197
0.360485562
0.313274728
0.272009808
0.232738133
0.198223991
0.154217923
0.080335519
0.007595129
-0.04357696
-0.136639832
-0.246626728
-0.396467033
-0.617659579
-0.90166998
-1.1894983
-1.466166934
-1.718494439
-1.905354028
-1.999044511
-2.055872112
-2.097363208
-2.09846016
-2.094283096
-2.139586883
-2.242760217
-2.314704895
-2.325365931
-2.325365931
-2.381524697
-2.474736068
-2.583241733
-2.74147272
-2.951964039
-3.147300062
-3.296513739
-3.42622888
-3.520613868
-3.558595692
-3.570346444
-3.640853611
-3.736355003
-3.841509687
-3.959446619
-4.105095206
-4.294009682
-4.514212731
-4.682442074
-4.835399769
-5.008090124
-5.16049323
-5.297847312
-5.439166723
-5.5723548
-5.675662426
-5.736013267
-5.776579851
-5.792847903
-5.836492795
-5.960822093
-6.104766159
-6.21493775
-6.310903349
-6.416685823
-6.548339224
-6.725916168
-6.955033215
-7.178613976
-7.3524795
-7.527740745
-7.706070036
-7.841243065
-7.888542584
-7.908814997
-7.914212402
-7.945229437
-7.984407886
-7.99468957
-7.988483872
-7.974125893
-7.960572497
-7.858013065
-7.614227044
-7.110218392
-6.401437748
-5.548236585
-4.570250866
-3.562860029
-2.64276509
-1.985505784
-1.630463338
-1.59934597
-1.742733401
-2.03885593
-2.376138081
-2.618884705
-2.792461938
-2.963885227
-3.11162667
-3.256615677
-3.339700266
-3.34135763
-3.327287211
-3.391259988
-3.471867359
-3.536960156
-3.564940937
-3.594827265
-3.633362192
-3.685480604
-3.749043554
-3.754675169
-3.674039977
-3.592204299
-3.591637538
-3.66310588
-3.706645055
-3.703786398
-3.754939005
-3.882070932
-4.008871679
-4.110250172
-4.227265658
-4.436262059
-4.686077073
-4.868799534
-4.925817602
-4.921643871
-4.87382169
-4.73133355
-4.577132384
-4.405824075
-4.244706324
-4.090695554
-3.933915102
-3.831949438
-3.779032121
-3.799676829
-3.837196798
-3.84509554
-3.840958779
-3.869482651
-3.940035824
-4.040281371
-4.134347869
-4.213022092
-4.251074618
-4.267836872
-4.262919495
-4.243624927
-4.175219423
-4.085256907
-3.979536908
-3.868328644
-3.763967536
-3.694116714
-3.648579333
-3.608203717
-3.572198638
-3.56736489
-3.581999081
-3.616814417
-3.676558908
-3.738149237
-3.780483919
-3.823357488
-3.852943364
-3.84351253
-3.816524986
-3.754068675
-3.689645373
-3.638452899
-3.610171187
-3.5967845
-3.590648698
-3.633145788
-3.692724396
-3.712402165
-3.720536179
-3.76554273
-3.817054271
-3.852388206
-3.885572503
-3.96685629
-4.08230681
-4.195841422
-4.314634803
-4.421527547
-4.486870355
-4.472168244
-4.45248688
-4.443976039
-4.451124145
-4.449941012
-4.463514338
-4.500426973
-4.535218865
-4.543678499
-4.559192599
-4.595364802
-4.626157914
-4.641101499
-4.65479698
-4.678227103
-4.694253024
-4.702035113
-4.705243264
-4.696109845
-4.697943513
-4.717054768
-4.713916499
-4.710483014
-4.710483014
-4.710483014
-4.702942964
-4.68871114
-4.710849396
-4.763073953
-4.823799834
-4.85799289
-4.874898506
-4.89065176
-4.936901084
-4.985336537
-4.997385434
-5.000860275
-5.028060409
-5.066013761
-5.078767802
-5.147004918
-5.24675384
-5.361649784
-5.476665392
-5.595892029
-5.731585765
-5.835011928
-5.874715631
-5.900065925
-5.946330872
-6.01039676
-6.088293763
-6.188491199
-6.287090876
-6.379201703
-6.435608373
-6.470086074
-6.492383895
-6.525224313
-6.553984517
-6.59569974
-6.639837173
-6.718445375
-6.813573739
-6.914354299
-7.053602416
-7.194496151
-7.297023894
-7.365817357
-7.42502495
-7.495089332
-7.552024639
-7.619179903
-7.691009557
-7.738809226
-7.756347223
-7.768636274
-7.833827691
-7.929477667
-8.027284725
-8.14141215
-8.30267703
-8.490484239
-8.651908522
-8.794866552
-8.896803058
-8.968308489
-9.011476558
-9.047879231
-9.10232659
-9.173082206
-9.218834038
-9.287119755
-9.362598132
-9.434141711
-9.518454916
-9.615902951
-9.734339457
-9.859339282
-9.996150657
-10.13589168
-10.21608136
-10.27199761
-10.33487298
-10.39374575
-10.41678238
-10.42212792
-10.43014479
-10.45519833
-10.4789153
-10.51143175
-10.55685774
-10.60729417
-10.65416246
-10.7278622
-10.79919286
-10.8477045
-10.89350181
-10.94153215
-11.000018
-11.08864325
-11.20624935
-11.26911973
-11.28889291
-11.30508555
-11.33694568
-11.38683027
-11.43435522
-11.47917784
-11.53039182
-11.58798704
-11.62100622
-11.64241317
-11.65589776
-11.67820937
-11.72518327
-11.76845037
-11.8180922
-11.88335481
-11.95514663
-11.96696658
-11.99274708
-12.03370157
-12.10423622
-12.19668833
-12.29562011
-12.38793764
-12.45829577
-12.49540175
-12.50771697
-12.52098007
-12.51503586
-12.49104447
-12.47991857
-12.49834668
-12.53211387
-12.54704899
-12.53165941
-12.48689877
-12.45444022
-12.47646657
-12.49063646
-12.49580631
-12.49580631
-12.4971478
-12.50097591
-12.50097591
-12.51131433
-12.52950365
-12.56319284
-12.61371154
-12.67587848
-12.75317582
-12.84844825
-12.91037887
-12.95048527
-12.98788781
-13.01767393
-13.02849201
-13.02534252
-13.05033347
-13.08695153
-13.16078035
-13.24351255
-13.31592486
-13.37545513
-13.42213978
-13.45964953
-13.48051579
-13.45813567
-13.42423524
-13.39924021
-13.37173918
-13.36093071
-13.37428852
-13.38654172
-13.4292806
-13.50009209
-13.55541644
-13.57116231
-13.5830254
-13.61265649
-13.6371205
-13.66395365
-13.65765012
-13.60417218
-13.5342006
-13.44773923
-13.36260135
-13.28514434
-13.23427995
-13.2278005
-13.2365353
-13.27066772
-13.31614246
-13.35659402
-13.35531123
-13.3247174
-13.29038897
-13.26621239
-13.24965847
-13.26097776
-13.28484537
-13.26807466
-13.21068414
-13.13678678
-13.05006962
-12.97970673
-12.92968275
-12.91388514
-12.93373359
-12.96010042
-12.97768379
-12.9877371
-12.99401398
-13.00906788
-13.03534041
-13.07791884
-13.11536573
-13.17544412
-13.22929849
-13.27813996
-13.31818902
-13.35446356
-13.37694871
-13.36142569
-13.32677222
-13.28184333
-13.20628044
-13.11406583
-13.0395695
-12.9612409
-12.87519624
-12.77897568
-12.69816285
-12.62006811
-12.54471704
-12.48962869
-12.48137745
-12.50998102
-12.52842483
-12.55061328
-12.57008327
-12.60225111
-12.62169594
-12.64232338
-12.64027471
-12.63305144
-12.60533219
-12.54439871
-12.49341639
-12.45237235
-12.39741908
-12.32984468
-12.23702163
-12.1392595
-12.03057194
-11.9447561
-11.87675157
-11.80133616
-11.70837247
-11.59644182
-11.45817613
-11.29842952
-11.13508154
-10.98586692
-10.8769427
-10.77058349
-10.66605166
-10.5676118
-10.46262143
-10.41936684
-10.43661878
-10.5129158
-10.64550898
-10.86551529
-11.16846105
-11.4774059
-11.75113297
-11.95478093
-12.04349496
-12.04868184
-12.01359403
-11.96217443
-11.93729201
-11.92516591
-11.94167814
-11.93939708
-11.93107201
-11.95932562
-11.99140058
-12.02342886
-12.07540008
-12.1462197
-12.20835614
-12.27158223
-12.33227278
-12.40165266
-12.47952785
-12.51971476
-12.54228115
-12.58115558
-12.64622915
-12.65249288
-12.62979208
-12.53312948
-12.36380404
-12.14450756
-11.91379515
-11.70159171
-11.52800519
-11.44169781
-11.41829276
-11.42657152
-11.43387964
-11.43387964
-11.43387964
-11.41989462
-11.41545635
-11.45090664
-11.48987256
-11.46784487
-11.39069116
-11.28232862
-11.17468982
-11.09310753
-11.04016002
-11.04441285
-11.06026519
-11.08147445
-11.10791185
-11.13714028
-11.16028893
-11.18870559
-11.22398273
-11.24510657
-11.3000399
-11.36459433
-11.37886612
-11.36052978
-11.33875982
-11.28766331
-11.24735758
-11.22238887
-11.22352021
-11.22293325
-11.22213982
-11.1749867
-11.07054657
-10.90712606
-10.73861619
-10.57995487
-10.4786985
-10.42639339
-10.38213175
-10.331868
-10.29752555
-10.25326633
-10.20388506
-10.15046489
-10.09920392
-10.05067754
-9.998912801
-9.940097661
-9.852884207
-9.744767896
-9.607697714
-9.418292384
-9.216214916
-9.03393842
-8.884287172
-8.770912557
-8.694639912
-8.663071899
-8.650181187
-8.650181187
-8.640141836
-8.581516746
-8.500546531
-8.40339114
-8.267721475
-8.111984018
-7.933946393
-7.758147967
-7.594152587
-7.448566713
-7.319373471
-7.23240233
-7.14544404
-7.070711529
-6.975856969
-6.878861334
-6.812071246
-6.759617102
-6.70716111
-6.658676599
-6.636422459
-6.624236872
-6.585827984
-6.488885805
-6.371816915
-6.242592426
-6.097240885
-5.941841511
-5.792532624
-5.657335499
-5.560501918
-5.475792086
-5.405194393
-5.330575762
-5.2398292
-5.143044418
-5.025017509
-4.896921093
-4.763710864
-4.656557221
-4.548353508
-4.434874094
-4.329525492
-4.236416617
-4.146850285
-4.059613678
-3.954977813
-3.813149175
-3.613886828
-3.35690314
-3.04695978
-2.696391319
-2.335170641
-1.984623255
-1.696316744
-1.493591806
-1.378329251
-1.365414108
-1.374190192
-1.38516728
-1.396779482
-1.405042972
-1.402681929
-1.396383719
-1.389294594
-1.382201622
-1.375893537
-1.364847105
-1.388854364
-1.466822905
-1.534448904
-1.64142829
-1.800240139
-1.901829946
-1.926951041
-1.943178064
-1.942381046
-1.986962358
-2.127351851
-2.30706435
-2.454894755
-2.615447631
-2.804039286
-3.032268557
-3.251149243
-3.436535354
-3.590932394
-3.676963249
-3.660780858
-3.512889188
-3.360183658
-3.228509832
-3.086728135
-2.922877565
-2.781665832
-2.692261391
-2.65003615
-2.646669552
-2.646669552
-2.620712699
-2.551059586
-2.414109757
-2.237160208
-2.080334369
-1.964279498
-1.871870287
-1.807999724
-1.784485416
-1.765109077
-1.713051082
-1.668517905
-1.630785773
-1.577289904
-1.495504223
-1.396121893
-1.260857943
-1.108042464
-0.997001799
-0.903483277
-0.79759408
-0.667726581
-0.516313638
-0.370908719
-0.245398333
-0.156631461
-0.093746014
-0.050841268
-0.022967936
-0.003171552
0.033352496
0.116474815
0.231154422
0.384208442
0.55610381
0.72409348
0.878873655
0.997027782
1.083734891
1.165341718
1.286015633
1.400942644
1.493944071
1.601838555
1.723190744
1.847284619
1.985596196
2.125281597
2.249944585
2.385177258
2.513147438
2.644545931
2.76514757
2.86214287
2.964070406
3.078922548
3.173150413
3.272337911
3.377796373
3.47014763
3.543881809
3.613312611
3.695108962
3.839740756
4.032963604
4.240539345
4.453749247
4.651375767
4.813474293
4.921293701
5.010344245
5.069422622
5.127254792
5.190666559
5.270437896
5.34201976
5.379278791
5.416532794
5.443798858
5.474009815
5.522100945
5.598885584
5.729830609
5.91434796
6.145906716
6.399469092
6.65020382
6.879684133
7.080969967
7.231360477
7.379000126
7.523852134
7.642392158
7.685421917
7.716008222
7.73862245
7.780939966
7.81726958
7.853584401
7.878101775
7.893274103
7.914345338
7.964494243
8.007233937
8.046477171
8.085189091
8.120360112
8.146145815
8.155732184
8.167265007
8.19744089
8.244726509
8.298436419
8.357096644
8.416693701
8.478785043
8.534549664
8.59123181
8.641045246
8.699602894
8.748325277
8.79063942
8.808898819
8.807172577
8.786467649
8.775520654
8.742845913
8.7072894
8.687406974
8.697157356
8.741486366
8.793124467
8.855525959
8.932071534
9.006577208
9.080054826
9.141743814
9.170639561
9.18044962
9.1910501
9.208893651
9.217250542
9.234391125
9.254540294
9.250004519
9.256404457
9.278368892
9.274894201
9.222421423
9.171456384
9.139412731
9.111485621
9.093834329
9.067078978
9.070391507
9.085322803
9.106189446
9.10241945
9.093660326
9.059624502
9.01583333
8.982574744
8.955104129
8.917112193
8.874901254
8.817422939
8.745724913
8.659291792
8.572884196
8.487041964
8.407603062
8.306144693
8.210953058
8.100502618
7.989525692
7.884444448
7.794724964
7.712752412
7.644948296
7.594235192
7.532944223
7.469897855
7.392125727
7.322074956
7.260635737
7.193303189
7.121096243
7.049521505
6.976730677
6.918472612
6.871491096
6.828593021
6.804883927
6.770958891
6.728080079
6.679449198
6.631028445
6.589228958
6.535707744
6.46237249
6.380757745
6.283799033
6.182835045
6.080562433
6.009724496
5.940672141
5.88880475
5.843573697
5.795478917
5.736673872
5.679939148
5.607831258
5.541101498
5.467167533
5.394390712
5.320911415
5.248858708
5.180762627
5.141858492
5.126047634
5.092654159
5.059130146
5.004080489
4.934058617
4.860156679
4.773443832
4.694325759
4.616208727
4.53415432
4.457011689
4.362843088
4.250051398
4.11840138
3.970303081
3.810300007
3.663445373
3.554643014
3.475577669
3.399634854
3.30530822
3.217669563
3.147722553
3.087377148
3.022831907
2.925271437
2.814463978
2.667973267
2.509379431
2.339465862
2.130382724
1.941830046
1.786272793
1.664804152
1.548107113
1.458328991
1.386477993
1.31315029
1.252592102
1.185532208
1.099859969
0.986733641
0.847749516
0.714083611
0.569071496
0.412288388
0.258261332
0.092118289
-0.041075008
-0.191319923
-0.320863627
-0.446448283
-0.592755639
-0.762996717
-0.973372351
-1.201316638
-1.424073362
-1.647334084
-1.853868454
-2.047834609
-2.237537949
-2.428746764
-2.600841383
-2.754777948
-2.878837747
-2.969293709
-3.027877231
-3.062596172
-3.07400656
-3.081378178
-3.111164838
-3.150129898
-3.2096723
-3.286424251
-3.406997238
-3.562942617
-3.743451523
-3.958864872
-4.216675264
-4.491648336
-4.782763875
-5.081823995
-5.357293534
-5.583555254
-5.740861154
-5.842449716
-5.897649013
-5.940471805
-5.979313274
-6.028845362
-6.116927493
-6.190320164
-6.261428938
-6.37679128
-6.529233018
-6.703447814
-6.901174153
-7.124906119
-7.382603962
-7.666068178
-7.924999328
-8.142009159
-8.320393365
-8.47830697
-8.589006442
-8.652318363
-8.696072837
-8.709244655
-8.723698965
-8.7874739
-8.843390493
-8.849512632
-8.758722374
-8.557407625
-8.248428393
-7.847728095
-7.464731274
-7.129865635
-6.850864662
-6.61113844
-6.395947298
-6.157405631
-5.916604676
-5.662254518
-5.448038895
-5.28290176
-5.157880889
-5.07591948
-5.01555778
-4.970584119
-4.915146882
-4.841377302
-4.717395078
-4.54827287
-4.397197081
-4.269386362
-4.202485671
-4.231815672
-4.334527153
-4.449354082
-4.533776161
-4.612978929
-4.725081754
-4.883770978
-5.052165138
-5.173178433
-5.226400262
-5.276517893
-5.316083954
-5.379301212
-5.459631706
-5.558753414
-5.685703588
-5.822654436
-5.869217518
-5.782255551
-5.645670932
-5.623943874
-5.708607098
-5.811817934
-5.878665224
-5.866320816
-5.812289881
-5.719453783
-5.568525097
-5.427144363
-5.333492618
-5.323698312
-5.356391006
-5.372131457
-5.364934536
-5.320682711
-5.239419709
-5.149654136
-5.089129675
-5.014242898
-4.925772158
-4.813521473
-4.658147351
-4.452346376
-4.202971293
-3.963895417
-3.781620732
-3.654858
-3.578732708
-3.561296312
-3.584431298
-3.643517976
-3.736299768
-3.791848494
-3.831378462
-3.844685572
-3.85082651
-3.815103593
-3.725944679
-3.653661221
-3.636658856
-3.621171366
-3.561390214
-3.4491089
-3.292970964
-3.112377484
-2.922840666
-2.762516334
-2.659263513
-2.607239023
-2.573684731
-2.555283687
-2.538806523
-2.540405542
-2.556482535
-2.567979011
-2.597622714
-2.63893013
-2.680111391
-2.743575676
-2.806829605
-2.896431568
-2.990333272
-3.078412109
-3.168613026
-3.29231316
-3.420064053
-3.535613582
-3.665233755
-3.800041694
-3.890277371
-3.917224526
-3.900284027
-3.795155165
-3.617202636
-3.408804714
-3.265161754
-3.167610291
-3.114334704
-3.087010607
-3.067784954
-3.062383368
-3.06303502
-3.06345778
-3.060619524
-3.050463136
-3.042335238
-3.062003159
-3.101876313
-3.133544266
-3.146880007
-3.16335867
-3.168342199
-3.164353231
-3.163442545
-3.174175543
-3.213306464
-3.242833267
-3.271222576
-3.28592988
-3.29014328
-3.319625223
-3.368045643
-3.436350696
-3.525459632
-3.655051703
-3.813332211
-3.983427318
-4.123945623
-4.234030685
-4.313217631
-4.366579367
-4.399181304
-4.418130807
-4.418531286
-4.419745999
-4.441083733
-4.448261215
-4.461912313
-4.472814423
-4.495702579
-4.516425788
-4.568470302
-4.658694887
-4.769127844
-4.883682461
-4.994387961
-5.097132776
-5.164725495
-5.212425892
-5.231271061
-5.24605874
-5.266476541
-5.303846484
-5.321322686
-5.352075557
-5.45559164
-5.607917433
-5.773432577
-5.941855364
-6.131288219
-6.322506173
-6.509492656
-6.637576336
-6.713303252
-6.741566655
-6.770834069
-6.844744313
-6.941579419
-7.068549287
-7.234064406
-7.456484159
-7.703720338
-7.937556174
-8.087179231
-8.152217588
-8.17374165
-8.180591414
-8.1911144
-8.201635128
-8.211909239
-8.223398054
-8.240294875
-8.262051422
-8.291639422
-8.318521312
-8.36153481
-8.399651473
-8.445817694
-8.503440951
-8.568607966
-8.642771444
-8.727134933
-8.820238681
-8.905938723
-8.999342579
-9.094926
-9.176557523
-9.25426603
-9.308917686
-9.335991081
-9.355131356
-9.366547093
-9.364100156
-9.35113386
-9.366943431
-9.400638922
-9.449726277
-9.55414603
-9.702570863
-9.8571009
-9.999953771
-10.10603449
-10.17161958
-10.20306042
-10.19355802
-10.14549811
-10.07245497
-10.02922673
-10.02058627
-10.03842546
-10.04798644
-10.07755609
-10.10000068
-10.15091878
-10.19177157
-10.2087651
-10.18321989
-10.15620513
-10.13024711
-10.10065036
-10.07964165
-10.05368187
-10.0266582
-9.995883971
-9.976414616
-10.00812523
-10.04327616
-10.05483955
-10.05749925
-10.05759898
-10.05028834
-10.01948799
-10.00956384
-10.00322746
-9.968478192
-9.906794035
-9.805335367
-9.686592845
-9.577790027
-9.493534158
-9.440341117
-9.411702187
-9.412940434
-9.41912932
-9.415357483
-9.411600663
-9.411691139
-9.409117985
-9.422651337
-9.447288573
-9.486861313
-9.539854463
-9.591675098
-9.621227691
-9.648462327
-9.655744777
-9.621137194
-9.581537721
-9.545397392
-9.50769833
-9.477648743
-9.442581444
-9.38679863
-9.311025565
-9.230247203
-9.16626784
-9.122195284
-9.094215934
-9.071219
-9.053211493
-9.016859475
-8.961020497
-8.882927485
-8.80595968
-8.717796441
-8.614501406
-8.461283563
-8.261522176
-8.033603508
-7.782639173
-7.502788367
-7.235607683
-7.012050693
-6.845123261
-6.722218043
-6.613564581
-6.530146404
-6.463846554
-6.391564243
-6.313311176
-6.221163194
-6.130138187
-6.026153799
-5.906300349
-5.774549587
-5.620889595
-5.459513763
-5.302280402
-5.175045186
-5.063809268
-4.97052364
-4.886216785
-4.805895587
-4.723626641
-4.648276059
-4.573022549
-4.507641393
-4.442332854
-4.371110272
-4.258347897
-4.142550557
-4.030776302
-3.928952171
-3.838002233
-3.763825343
-3.704521637
-3.663242689
-3.619790142
-3.576392325
-3.511331199
-3.417425253
-3.301821235
-3.167284442
-2.974542398
-2.770968639
-2.568354059
-2.363036007
-2.177085697
-2.032661006
-1.942929452
-1.87661869
-1.829331651
-1.791133753
-1.745588095
-1.677540598
-1.598707507
-1.468473572
-1.292646519
-1.097693528
-0.883768765
-0.668267256
-0.47439358
-0.283954189
-0.103398033
0.03732755
0.136415606
0.203244986
0.24202506
0.284199904
0.327160438
0.378490202
0.459397123
0.553636992
0.638694656
0.710809844
0.797018229
0.885470163
0.958936274
1.028131668
1.114410692
1.213939338
1.333177992
1.480789689
1.616285334
1.756450478
1.892755627
2.018324165
2.115467164
2.184863967
2.233119705
2.267243924
2.304126024
2.33605428
2.358070958
2.390000321
2.430386962
2.487790757
2.549481751
2.626791954
2.724577975
2.842053801
2.958822293
3.081156242
3.201366901
3.296745781
3.371545045
3.417354478
3.451256123
3.461831825
3.487323883
3.527735372
3.56394226
3.614380237
3.676166345
3.752891271
3.843799823
3.926224492
4.012273824
4.093363049
4.164502261
4.222057476
4.277580037
4.330406793
4.367351071
4.397957022
4.424250034
4.450543009
4.491804731
4.528176475
4.569742227
4.633399843
4.700317957
4.727146562
4.73855177
4.754751066
4.770293357
4.796397193
4.83661045
4.847852669
4.852886826
4.870366629
4.885971419
4.911890369
4.931056426
4.923008512
4.927971534
4.917642096
4.914210088
4.914454519
4.910376076
4.895217127
4.860848671
4.807954719
4.738434605
4.673109296
4.629316143
4.584153904
4.576792522
4.571532559
4.561263151
4.551686682
4.522516939
4.483632356
4.438805981
4.384975898
4.320202415
4.246290923
4.1569772
4.092104014
4.042511476
4.001901358
3.966866516
3.937964519
3.917650381
3.915609179
3.924895868
3.944232553
3.959464579
3.962283088
3.928467176
3.84400047
3.739012649
3.627639668
3.481114598
3.299256056
3.110698161
2.939457279
2.782709975
2.663331074
2.559211298
2.494582478
2.458888102
2.457916975
2.476581065
2.481647256
2.460623719
2.417769974
2.377319111
2.301284319
2.213875403
2.127225804
2.017820404
1.886759018
1.752925551
1.615752701
1.477600111
1.345635407
1.242145402
1.155760639
1.093648878
1.030634587
0.967578903
0.911091453
0.8479595
0.757572424
0.672406025
0.596306616
0.505990808
0.411380738
0.338874798
0.263876513
0.159937843
0.049275485
-0.054511315
-0.152032332
-0.250566841
-0.35761574
-0.447326131
-0.540317482
-0.650857765
-0.787405242
-0.938336047
-1.060964801
-1.189592956
-1.33095448
-1.462412933
-1.570528272
-1.672857966
-1.739989046
-1.793899789
-1.85644282
-1.964289072
-2.108178021
-2.271180676
-2.4675361
-2.659717037
-2.807001201
-2.922167358
-3.022532926
-3.080964862
-3.125694129
-3.15066094
-3.179516941
-3.213027773
-3.251195395
-3.276124849
-3.306265286
-3.331760208
-3.370278443
-3.435810515
-3.516908471
-3.604731342
-3.677728621
-3.76814815
-3.868964892
-3.961535644
-4.021888082
-4.066505942
-4.126428613
-4.174248825
-4.197446711
-4.234885916
-4.267133802
-4.273138489
-4.27914351
-4.299383418
-4.550245737
