11.0418
11.0462
11.0544
11.0541
11.0731
11.1273
11.1913
11.2340
11.2415
11.2414
11.2413
11.2333
11.2290
11.2126
11.1716
11.1416
11.1024
11.0784
11.0750
11.0648
11.0267
10.9681
10.9021
10.8238
10.7526
10.6968
10.7060
10.7437
10.7655
10.7797
10.7770
10.7367
10.6347
10.4834
10.2797
10.0889
9.9264
9.8014
9.7468
9.7534
9.8201
9.9039
9.9719
10.0107
10.0101
9.9932
9.9873
9.9575
9.9279
9.9370
9.9649
10.0012
10.0612
10.0906
10.0889
10.0524
9.9739
9.9041
9.8549
9.8303
9.8095
9.7907
9.7308
9.6096
9.4593
9.2841
9.1149
8.9941
8.9273
8.9135
8.9156
8.9333
8.9668
8.9845
8.9671
8.9193
8.8480
8.7592
8.6562
8.5517
8.4668
8.4216
8.4162
8.4394
8.4663
8.4803
8.4407
8.3488
8.2160
8.0802
7.9404
7.8044
7.7160
7.6672
7.6511
7.6440
7.6125
7.5488
7.4529
7.3112
7.1748
7.0575
6.9637
6.8479
6.7100
6.5258
6.3236
6.1265
5.9502
5.7895
5.6686
5.6000
5.5617
5.5398
5.5226
5.4731
5.4172
5.3455
5.2501
5.0999
4.8964
4.6966
4.5005
4.3442
4.2388
4.1688
4.1209
4.0681
4.0213
3.9571
3.8623
3.7176
3.5178
3.2466
2.9605
2.6612
2.3790
2.1689
2.0428
1.9944
1.9857
1.9782
1.9669
1.9333
1.9022
1.8479
1.7887
1.6807
1.5279
1.3317
1.1304
0.9336
0.7756
0.6699
0.6040
0.5644
0.5435
0.5279
0.4920
0.4175
0.3194
0.2037
0.0827
-0.0511
-0.1915
-0.3185
-0.4090
-0.4870
-0.5639
-0.6549
-0.7523
-0.8370
-0.9367
-1.0355
-1.1383
-1.2613
-1.4036
-1.5687
-1.7467
-1.9479
-2.1692
-2.3953
-2.6127
-2.7856
-2.9178
-3.0284
-3.1161
-3.2074
-3.2928
-3.3893
-3.5057
-3.6398
-3.8362
-4.0867
-4.3795
-4.6828
-5.0059
-5.3325
-5.6529
-5.9267
-6.1126
-6.2253
-6.2649
-6.2866
-6.3191
-6.3732
-6.4793
-6.6334
-6.8498
-7.1252
-7.4363
-7.7384
-7.9885
-8.1494
-8.2495
-8.2888
-8.3049
-8.3157
-8.3426
-8.4123
-8.5321
-8.7057
-8.9350
-9.2131
-9.5095
-9.7885
-10.0137
-10.1702
-10.2761
-10.3472
-10.4185
-10.5151
-10.6499
-10.7960
-10.9656
-11.1282
-11.2856
-11.4356
-11.5726
-11.7001
-11.8040
-11.9003
-11.9772
-12.0546
-12.1576
-12.2607
-12.3603
-12.4599
-12.5742
-12.7031
-12.8495
-13.0253
-13.2262
-13.4215
-13.5897
-13.7285
-13.8414
-13.9201
-13.9830
-14.0444
-14.1250
-14.2374
-14.3669
-14.5080
-14.6674
-14.8280
-14.9921
-15.1550
-15.3058
-15.4801
-15.6613
-15.8468
-16.0200
-16.1908
-16.3609
-16.5385
-16.6988
-16.8679
-17.0210
-17.1499
-17.2508
-17.3392
-17.4208
-17.4931
-17.5645
-17.6415
-17.7047
-17.7566
-17.8452
-17.9648
-18.0843
-18.2093
-18.3160
-18.3988
-18.4813
-18.5541
-18.6073
-18.6514
-18.6670
-18.6832
-18.7190
-18.7832
-18.8955
-19.0336
-19.1761
-19.3136
-19.4607
-19.6046
-19.7416
-19.8750
-19.9890
-20.0933
-20.1568
-20.1983
-20.2124
-20.2076
-20.2018
-20.2143
-20.2520
-20.3092
-20.3758
-20.4510
-20.5415
-20.6630
-20.7486
-20.8039
-20.8379
-20.8382
-20.8346
-20.8355
-20.8387
-20.8418
-20.8482
-20.8547
-20.8676
-20.8842
-20.9138
-20.9173
-20.9010
-20.8847
-20.8687
-20.8486
-20.8252
-20.8012
-20.8002
-20.7922
-20.7808
-20.7664
-20.7671
-20.7390
-20.7288
-20.7396
-20.7451
-20.7595
-20.7617
-20.7780
-20.7913
-20.8075
-20.8210
-20.8341
-20.8413
-20.8365
-20.8141
-20.7863
-20.7734
-20.7695
-20.7949
-20.8205
-20.8401
-20.8625
-20.8818
-20.8951
-20.9112
-20.9273
-20.9404
-20.9598
-20.9791
-20.9984
-21.0084
-21.0183
-21.0341
-21.0438
-21.0441
-21.0503
-21.0533
-21.0533
-21.0505
-21.0570
-21.0637
-21.0680
-21.0757
-21.0628
-21.0328
-20.9910
-20.9231
-20.8378
-20.7671
-20.7195
-20.6802
-20.6696
-20.6648
-20.6715
-20.6696
-20.6795
-20.6749
-20.6643
-20.6425
-20.6147
-20.5722
-20.5184
-20.4325
-20.3174
-20.1910
-20.0907
-19.9872
-19.8546
-19.7103
-19.5662
-19.4108
-19.2558
-19.1071
-18.9842
-18.9101
-18.8731
-18.8618
-18.8709
-18.8893
-18.8923
-18.8902
-18.8857
-18.8727
-18.8723
-18.8988
-18.9514
-19.0035
-19.0474
-19.0684
-19.0750
-19.0377
-18.9831
-18.9318
-18.8858
-18.8303
-18.7626
-18.6756
-18.5994
-18.5057
-18.3781
-18.2167
-18.0323
-17.8198
-17.5792
-17.3401
-17.0977
-16.8495
-16.6254
-16.4199
-16.2644
-16.1658
-16.1122
-16.0867
-16.0898
-16.0868
-16.0722
-16.0466
-15.9876
-15.8725
-15.7367
-15.5707
-15.4350
-15.3249
-15.2691
-15.2490
-15.2428
-15.2312
-15.2196
-15.1716
-15.1065
-15.0197
-14.9051
-14.7875
-14.6592
-14.5394
-14.4260
-14.3203
-14.2084
-14.0998
-13.9849
-13.8722
-13.7681
-13.6788
-13.6002
-13.5216
-13.4569
-13.3953
-13.3231
-13.2551
-13.1936
-13.1289
-13.0664
-13.0187
-12.9764
-12.9308
-12.8884
-12.8545
-12.8016
-12.7402
-12.6523
-12.5348
-12.3771
-12.2004
-12.0376
-11.8853
-11.7552
-11.6557
-11.5659
-11.5183
-11.4962
-11.4793
-11.4571
-11.3960
-11.2829
-11.1393
-10.9716
-10.7936
-10.6132
-10.4140
-10.2084
-9.9893
-9.7819
-9.5883
-9.4302
-9.3073
-9.2199
-9.1694
-9.1306
-9.0853
-9.0264
-8.9405
-8.8229
-8.6886
-8.5340
-8.3561
-8.1529
-7.9601
-7.7808
-7.6217
-7.4813
-7.3509
-7.2071
-7.0501
-6.8997
-6.7545
-6.6225
-6.4991
-6.3874
-6.2859
-6.2027
-6.1063
-6.0117
-5.9137
-5.8208
-5.7279
-5.6267
-5.5072
-5.3680
-5.2189
-5.0552
-4.8965
-4.7495
-4.6241
-4.5118
-4.4161
-4.3217
-4.2390
-4.1495
-4.0731
-3.9987
-3.9140
-3.8032
-3.6657
-3.5069
-3.3282
-3.1353
-2.9356
-2.7313
-2.5695
-2.4182
-2.2881
-2.1863
-2.1092
-2.0355
-1.9652
-1.8976
-1.8240
-1.7362
-1.6183
-1.4772
-1.3174
-1.1623
-0.9956
-0.8455
-0.6920
-0.5548
-0.4096
-0.2645
-0.1392
-0.0186
0.0776
0.1541
0.2352
0.3024
0.3799
0.4437
0.5236
0.6046
0.6915
0.7679
0.8317
0.8991
0.9756
1.0581
1.1417
1.2413
1.3491
1.4719
1.6030
1.7539
1.9281
2.1023
2.2754
2.4335
2.5637
2.6615
2.7125
2.7392
2.7551
2.8024
2.8898
3.0048
3.1501
3.3273
3.5178
3.7145
3.9145
4.1029
4.2529
4.3746
4.4563
4.4714
4.4721
4.4801
4.4881
4.4952
4.4996
4.5235
4.5697
4.6398
4.7337
4.8391
4.9676
5.1156
5.2642
5.4127
5.5488
5.6582
5.7201
5.7827
5.8447
5.8906
5.9335
5.9683
6.0025
6.0134
6.0290
6.0705
6.1476
6.2642
6.3807
6.4928
6.6049
6.7019
6.7795
6.8492
6.9110
6.9619
7.0188
7.0963
7.2011
7.3131
7.4282
7.5280
7.6205
7.7173
7.7898
7.8514
7.9130
7.9551
7.9929
8.0276
8.0694
8.1264
8.2144
8.3216
8.4251
8.5321
8.6505
8.7611
8.8797
8.9986
9.0941
9.1858
9.2659
9.3493
9.4366
9.5244
9.5806
9.6026
9.6053
9.5894
9.5810
9.5911
9.5975
9.6148
9.6469
9.6976
9.7966
9.9420
10.1281
10.3438
10.6124
10.9192
11.2354
11.5040
11.7057
11.8231
11.8739
11.8848
11.8544
11.8312
11.8230
11.8305
11.8380
11.8298
11.8015
11.7575
11.7057
11.6384
11.5509
11.4916
11.4435
11.4036
11.3558
11.3238
11.2914
11.2781
11.2724
11.3006
11.3558
11.4280
11.5252
11.6111
11.6974
11.7819
11.8565
11.8914
11.8961
11.8705
11.8346
11.8305
11.8344
11.8569
11.8902
11.9281
11.9398
11.9398
11.9429
11.9763
12.0328
12.1079
12.1900
12.2492
12.3085
12.3555
12.4043
12.4187
12.4051
12.3829
12.3649
12.3696
12.4005
12.4588
12.5363
12.5972
12.6547
12.6923
12.7143
12.7333
12.7409
12.7412
12.7494
12.7418
12.7185
12.6791
12.6244
12.5655
12.4703
12.3627
12.2465
12.1148
11.9935
11.9168
11.8669
11.8357
11.8201
11.8262
11.8534
11.8504
11.8204
11.7605
11.7315
11.7231
11.7424
11.7536
11.7535
11.7496
11.7538
11.7701
11.8004
11.8528
11.9910
12.2821
12.7743
13.4013
14.0599
14.6399
15.0880
15.2906
15.2045
14.8152
14.2446
13.6677
13.1453
12.6766
12.2914
11.9396
11.5796
11.1745
10.7072
10.1844
9.7289
9.3522
9.0487
8.8626
8.6711
8.4756
8.2719
8.0923
8.0102
7.9608
7.9321
7.9031
7.8292
7.7440
7.6591
7.5762
7.4944
7.3666
7.1815
6.9558
6.7538
6.5829
6.4863
6.4608
6.5079
6.5997
6.7139
6.8144
6.8922
6.9776
7.0816
7.2484
7.4192
7.5662
7.6288
7.6641
7.7156
7.7389
7.7463
7.7117
7.6587
7.5666
7.4760
7.3539
7.2123
7.0533
6.8939
6.7447
6.6292
6.5378
6.4730
6.4602
6.5350
6.6773
6.8601
7.0381
7.1702
7.2613
7.3242
7.3529
7.3720
7.3817
7.3890
7.3612
7.2730
7.1367
6.9877
6.8654
6.7951
6.7643
6.7614
6.7724
6.7355
6.6512
6.5262
6.3764
6.2961
6.2492
6.2282
6.2016
6.1275
6.0200
5.8879
5.7790
5.6772
5.6245
5.6518
5.7191
5.7963
5.8625
5.9318
5.9777
6.0262
6.0668
6.0846
6.1105
6.1193
6.1365
6.1812
6.2281
6.2482
6.2472
6.2538
6.2787
6.3152
6.3659
6.4157
6.4558
6.4694
6.4694
6.4694
6.4869
6.5364
6.5891
6.6152
6.6144
6.6292
6.6450
6.6652
6.6875
6.6984
6.7058
6.6923
6.6648
6.6015
6.5515
6.5306
6.5479
6.6191
6.6902
6.7576
6.8095
6.8350
6.7958
6.7341
6.6627
6.5736
6.4973
6.4283
6.3806
6.3650
6.3582
6.3465
6.3272
6.2910
6.2395
6.1618
6.0750
5.9647
5.8220
5.6730
5.5158
5.3830
5.3042
5.2778
5.2806
5.2764
5.2526
5.2015
5.1398
5.0923
5.0913
5.0987
5.1132
5.1273
5.1490
5.1743
5.2220
5.2732
5.3209
5.3574
5.3752
5.3935
5.3836
5.3409
5.2902
5.2431
5.2240
5.2122
5.2265
5.2448
5.2536
5.2460
5.2043
5.1494
5.0727
4.9797
4.8929
4.8204
4.7707
4.7351
4.7153
4.6964
4.6682
4.6095
4.5555
4.5060
4.4505
4.3932
4.3226
4.2384
4.1465
4.0540
3.9671
3.8982
3.8120
3.7388
3.6803
3.6367
3.5926
3.5351
3.4516
3.3535
3.2437
3.1435
3.0403
2.9342
2.8559
2.7890
2.7405
2.6967
2.6184
2.5331
2.4449
2.3306
2.2026
2.0876
1.9751
1.8645
1.7302
1.5668
1.3896
1.2259
1.0847
0.9536
0.8788
0.8339
0.7952
0.7754
0.7455
0.6918
0.6292
0.5380
0.4295
0.3274
0.2677
0.2275
0.2062
0.1974
0.1974
0.1924
0.1886
0.1886
0.1710
0.1347
0.0719
-0.0222
-0.1390
-0.2472
-0.3744
-0.4739
-0.5507
-0.6174
-0.6766
-0.7408
-0.8011
-0.8806
-0.9829
-1.1345
-1.2989
-1.4458
-1.5825
-1.6854
-1.7641
-1.8288
-1.9008
-1.9676
-2.0471
-2.1517
-2.2881
-2.4460
-2.6284
-2.8287
-3.0248
-3.2181
-3.4047
-3.5698
-3.7189
-3.8414
-3.9268
-3.9839
-4.0324
-4.1024
-4.1938
-4.2905
-4.3887
-4.5069
-4.6288
-4.7952
-4.9828
-5.1757
-5.3362
-5.4680
-5.5628
-5.6182
-5.6558
-5.7130
-5.7897
-5.9005
-6.0168
-6.1866
-6.3904
-6.6194
-6.8627
-7.0651
-7.2352
-7.3427
-7.4055
-7.4432
-7.4611
-7.4754
-7.5149
-7.5957
-7.7088
-7.8310
-7.9821
-8.1136
-8.2234
-8.3209
-8.4148
-8.4873
-8.5452
-8.6138
-8.7006
-8.8106
-8.9422
-9.0758
-9.2110
-9.3573
-9.5036
-9.6229
-9.7220
-9.8011
-9.8751
-9.9354
-9.9971
-10.0588
-10.1190
-10.2044
-10.2828
-10.3683
-10.4593
-10.5443
-10.6384
-10.7507
-10.8883
-11.0440
-11.2178
-11.3931
-11.5800
-11.7581
-11.9270
-12.0768
-12.2196
-12.3689
-12.5159
-12.6834
-12.8565
-12.9877
-13.0805
-13.1698
-13.2622
-13.3497
-13.4303
-13.5254
-13.6124
-13.6759
-13.6309
-13.4720
-13.1087
-12.5885
-11.9622
-11.3308
-10.7692
-10.3299
-10.0215
-9.8627
-9.8359
-9.8499
-9.8624
-9.8358
-9.7942
-9.7550
-9.7263
-9.6655
-9.5704
-9.4612
-9.3520
-9.2378
-9.1004
-8.9484
-8.7968
-8.6296
-8.4520
-8.3172
-8.2464
-8.2216
-8.1757
-8.1137
-8.1101
-8.1703
-8.3207
-8.5365
-8.7649
-9.0008
-9.2719
-9.5327
-9.7499
-9.8941
-9.9548
-9.9746
-9.9746
-9.9746
-10.0067
-10.0873
-10.1856
-10.3003
-10.3969
-10.5252
-10.6709
-10.8530
-11.0494
-11.2356
-11.4190
-11.5771
-11.6905
-11.7772
-11.8439
-11.8962
-11.9442
-12.0254
-12.1391
-12.2560
-12.4088
-12.5574
-12.7355
-12.8746
-12.9646
-13.0052
-13.0189
-13.0244
-13.0558
-13.1051
-13.1806
-13.2811
-13.3876
-13.5031
-13.6364
-13.7492
-13.8337
-13.8889
-13.9295
-13.9623
-14.0175
-14.0818
-14.1606
-14.2508
-14.3386
-14.4095
-14.4602
-14.5030
-14.5625
-14.6680
-14.8205
-14.9353
-14.9876
-15.0151
-15.0390
-15.0829
-15.1133
-15.1158
-15.1158
-15.1159
-15.1262
-15.1433
-15.1637
-15.1943
-15.2251
-15.2625
-15.2933
-15.3339
-15.3644
-15.3736
-15.3939
-15.4141
-15.4278
-15.4415
-15.4618
-15.4819
-15.4888
-15.4957
-15.5059
-15.5126
-15.5192
-15.5292
-15.5495
-15.5699
-15.5969
-15.6272
-15.6576
-15.6847
-15.7149
-15.7351
-15.7486
-15.7654
-15.7789
-15.7957
-15.8158
-15.8483
-15.8808
-15.9222
-15.9781
-16.0462
-16.1070
-16.1743
-16.2511
-16.3508
-16.4422
-16.5237
-16.6113
-16.7408
-16.8800
-17.0477
-17.2373
-17.4324
-17.6110
-17.7666
-17.8514
-17.8830
-17.8349
-17.7805
-17.7608
-17.7644
-17.7706
-17.7535
-17.7081
-17.6570
-17.6060
-17.5606
-17.4813
-17.3756
-17.2552
-17.0668
-16.8026
-16.4198
-15.9527
-15.4673
-15.0884
-14.9448
-15.0002
-15.1748
-15.3445
-15.4384
-15.4381
-15.3167
-15.1132
-14.8657
-14.6910
-14.6152
-14.6116
-14.6502
-14.7121
-14.7475
-14.7707
-14.8116
-14.8944
-14.9938
-15.1042
-15.1637
-15.1838
-15.1838
-15.1871
-15.2036
-15.2460
-15.2887
-15.3311
-15.3895
-15.4348
-15.4760
-15.4889
-15.5050
-15.5397
-15.5823
-15.6096
-15.6227
-15.6294
-15.6458
-15.6656
-15.6950
-15.7281
-15.7796
-15.8317
-15.8911
-15.9743
-16.0264
-16.0403
-16.0215
-15.9818
-15.9420
-15.8934
-15.8585
-15.8562
-15.8692
-15.8886
-15.9019
-15.9135
-15.9329
-15.9396
-15.9311
-15.8858
-15.8318
-15.7660
-15.7146
-15.7020
-15.7284
-15.7572
-15.7765
-15.7927
-15.7978
-15.7941
-15.7674
-15.6963
-15.6150
-15.5044
-15.3914
-15.2698
-15.1562
-15.0481
-14.9314
-14.7951
-14.5989
-14.4093
-14.2405
-14.1197
-14.0415
-14.0262
-14.0424
-14.0617
-14.0779
-14.0908
-14.0895
-14.0773
-14.0478
-13.9946
-13.9446
-13.9100
-13.8591
-13.8114
-13.7637
-13.6987
-13.6238
-13.5305
-13.4654
-13.4145
-13.3830
-13.3730
-13.3814
-13.3768
-13.3601
-13.3679
-13.3754
-13.3646
-13.3012
-13.1828
-13.0264
-12.8630
-12.6892
-12.5498
-12.4296
-12.3096
-12.2004
-12.0862
-11.9871
-11.8831
-11.7464
-11.5960
-11.4510
-11.3260
-11.2296
-11.1406
-11.0645
-10.9652
-10.8582
-10.7273
-10.5713
-10.4219
-10.2565
-10.0720
-9.8943
-9.7289
-9.5739
-9.4359
-9.3216
-9.2441
-9.1718
-9.0946
-9.0174
-8.9156
-8.8019
-8.6699
-8.5495
-8.4157
-8.2652
-8.0883
-7.8918
-7.7155
-7.5494
-7.4200
-7.3338
-7.2759
-7.2411
-7.1899
-7.1057
-7.0151
-6.9196
-6.8374
-6.7735
-6.7159
-6.6485
-6.5584
-6.4535
-6.3371
-6.1895
-6.0206
-5.8470
-5.6473
-5.4522
-5.3000
-5.1610
-5.0465
-4.9664
-4.9027
-4.8457
-4.7872
-4.7221
-4.6440
-4.5512
-4.4340
-4.2972
-4.1605
-4.0191
-3.8715
-3.7039
-3.5465
-3.3744
-3.2071
-3.0385
-2.8849
-2.7616
-2.6626
-2.5643
-2.4594
-2.3686
-2.2582
-2.1326
-2.0002
-1.8690
-1.7461
-1.6185
-1.5003
-1.4177
-1.3373
-1.2697
-1.2019
-1.1387
-1.0711
-0.9886
-0.8899
-0.7855
-0.6674
-0.5541
-0.4316
-0.2944
-0.1447
-0.0041
0.1112
0.2279
0.3272
0.3924
0.4632
0.5408
0.6320
0.7380
0.8405
0.9490
1.0504
1.1473
1.2532
1.3466
1.4287
1.4986
1.5699
1.6485
1.7410
1.8369
1.9380
2.0559
2.1837
2.3247
2.4781
2.6395
2.8070
2.9718
3.1250
3.2889
3.4464
3.6101
3.7674
3.9021
3.9927
4.0600
4.1167
4.1556
4.1946
4.2299
4.2866
4.3715
4.4646
4.5605
4.6637
4.7688
4.8669
4.9690
5.0542
5.1059
5.1355
5.1725
5.2167
5.2902
5.3628
5.4376
5.5187
5.6008
5.6774
5.7612
5.8363
5.9384
6.0314
6.0849
6.1492
6.2342
6.3229
6.4213
6.5299
6.6640
6.8092
6.9510
7.0930
7.2243
7.3276
7.4230
7.5143
7.6033
7.6858
7.7543
7.7964
7.8171
7.8085
7.7880
7.7712
7.7267
7.6703
7.5813
7.4727
7.3462
7.2254
7.1667
7.1929
7.2823
7.4342
7.6062
7.7779
7.9232
8.0288
8.0720
8.0651
8.0050
7.9348
7.8683
7.7947
7.7439
7.6850
7.6093
7.5317
7.4528
7.3718
7.3124
7.2470
7.2125
7.2238
7.2887
7.3633
7.4507
7.5002
7.5154
7.4962
7.4607
7.4159
7.3761
7.3689
7.3789
7.3827
7.4006
7.4296
7.5611
7.8275
8.1921
8.5957
9.0054
9.3333
9.5963
9.8328
10.0121
10.1184
10.1328
10.0364
9.8875
9.6910
9.4668
9.2612
9.0611
8.8521
8.6422
8.4223
8.2556
8.0716
7.8397
7.5411
7.1992
6.8524
6.5426
6.2722
6.0613
5.9036
5.7744
5.6572
5.5212
5.3668
5.1725
4.9801
4.7818
4.6240
4.5151
4.4876
4.4900
4.5314
4.5588
4.5683
4.5802
4.5757
4.5592
4.5165
4.4691
4.4071
4.3507
4.2861
4.2295
4.1890
4.1644
4.1642
4.1828
4.1799
4.1556
4.0668
3.9336
3.8166
3.7144
3.6216
3.5559
3.4998
3.4239
3.3215
3.2378
3.1780
3.1419
3.1267
3.1324
3.1405
3.1468
3.1336
3.1243
3.1175
3.0899
3.0339
2.9695
2.8778
2.7642
2.6623
2.5622
2.4703
2.3620
2.2695
2.1887
2.1246
2.0952
2.1133
2.1826
2.2800
2.3670
2.4383
2.4927
2.5508
2.5896
2.6232
2.6424
2.6422
2.6419
2.6360
2.6085
2.5381
2.4542
2.3460
2.2341
2.1450
2.0558
1.9586
1.8213
1.6495
1.4535
1.2799
1.1738
1.1482
1.1784
1.2531
1.3471
1.4473
1.5410
1.6183
1.6660
1.6977
1.7283
1.7774
1.8166
1.8390
1.8474
1.8619
1.9134
1.9660
2.0077
2.0427
2.0632
2.0772
2.0540
2.0275
1.9904
1.9693
1.9656
1.9392
1.9036
1.8541
1.7858
1.6848
1.5421
1.3884
1.2611
1.1665
1.0907
1.0422
1.0280
1.0468
1.0902
1.1457
1.2024
1.2615
1.2917
1.3038
1.3231
1.3521
1.3775
1.4136
1.4496
1.4818
1.4992
1.5057
1.5039
1.4854
1.4453
1.4090
1.3917
1.3903
1.3720
1.3377
1.2931
1.2250
1.1594
1.0948
1.0422
1.0140
1.0066
1.0228
1.0320
1.0428
1.0303
1.0151
1.0009
0.9863
0.9654
0.9413
0.9255
0.9228
0.9168
0.8968
0.8747
0.8271
0.7929
0.7586
0.7414
0.7194
0.6996
0.6604
0.6137
0.5658
0.5215
0.4687
0.3913
0.2918
0.1739
0.0436
-0.1040
-0.2751
-0.4450
-0.6224
-0.7926
-0.9308
-1.0654
-1.1667
-1.2493
-1.2790
-1.3012
-1.3197
-1.3737
-1.4513
-1.5821
-1.7562
-1.9741
-2.2305
-2.5009
-2.7605
-2.9544
-3.0790
-3.1477
-3.1881
-3.2218
-3.2466
-3.2832
-3.3344
-3.4053
-3.5217
-3.6846
-3.8981
-4.1186
-4.3392
-4.5097
-4.6351
-4.7030
-4.7413
-4.7642
-4.7938
-4.8321
-4.9000
-4.9819
-5.1038
-5.2660
-5.4089
-5.5363
-5.6340
-5.6689
-5.6847
-5.7023
-5.7198
-5.7527
-5.8138
-5.9134
-6.0654
-6.2331
-6.3834
-6.5022
-6.6089
-6.7015
-6.7592
-6.7907
-6.8397
-6.9062
-6.9938
-7.1182
-7.2567
-7.4005
-7.5357
-7.6693
-7.7801
-7.8452
-7.8998
-7.9367
-7.9682
-8.0085
-8.0647
-8.1455
-8.2334
-8.3301
-8.4090
-8.5055
-8.6108
-8.7305
-8.8679
-9.0018
-9.1271
-9.2436
-9.3352
-9.4142
-9.5000
-9.5912
-9.7123
-9.8643
-10.0339
-10.2238
-10.4415
-10.6780
-10.9014
-11.0824
-11.2091
-11.2800
-11.3367
-11.3973
-11.4499
-11.4869
-11.5272
-11.5708
-11.6287
-11.6744
-11.7213
-11.7716
-11.8285
-11.9086
-11.9820
-12.0587
-12.1186
-12.1751
-12.2050
-12.2129
-12.2241
-12.2420
-12.2619
-12.2984
-12.3183
-12.3207
-12.3265
-12.3214
-12.3185
-12.3188
-12.3192
-12.3249
-12.3328
-12.3493
-12.3550
-12.3682
-12.3640
-12.3490
-12.3394
-12.3364
-12.3389
-12.3284
-12.3300
-12.3195
-12.3450
-12.3714
-12.3912
-12.4023
-12.3828
-12.3579
-12.3276
-12.2961
-12.2832
-12.2648
-12.2357
-12.2099
-12.2006
-12.1793
-12.1471
-12.1084
-12.0503
-11.9811
-11.8947
-11.7781
-11.6777
-11.5902
-11.5222
-11.4834
-11.4553
-11.4384
-11.4235
-11.3860
-11.3349
-11.2634
-11.1931
-11.1316
-11.0735
-11.0254
-10.9793
-10.9332
-10.8865
-10.8616
-10.8625
-10.8384
-10.7854
-10.7160
-10.6363
-10.5329
-10.4501
-10.3745
-10.3074
-10.2575
-10.1905
-10.1168
-10.0190
-9.9008
-9.7518
-9.5976
-9.4605
-9.3287
-9.2172
-9.1214
-9.0682
-9.0543
-9.0523
-9.0489
-9.0437
-9.0129
-8.9565
-8.8865
-8.7962
-8.6785
-8.5353
-8.3888
-8.2321
-8.0772
-7.9309
-7.8017
-7.6878
-7.5893
-7.5112
-7.4365
-7.3804
-7.3278
-7.2752
-7.1971
-7.1107
-6.9820
-6.8650
-6.7396
-6.6027
-6.4625
-6.3476
-6.2378
-6.1230
-6.0216
-5.9154
-5.8108
-5.7030
-5.5935
-5.5126
-5.4215
-5.3442
-5.2566
-5.1489
-5.0346
-4.9220
-4.8128
-4.6968
-4.5928
-4.4958
-4.3886
-4.2947
-4.2195
-4.1541
-4.0891
-4.0522
-4.0236
-3.9902
-3.9401
-3.8733
-3.7745
-3.6542
-3.5103
-3.3616
-3.2097
-3.0827
-2.9758
-2.8904
-2.8085
-2.7420
-2.6684
-2.6043
-2.5305
-2.4400
-2.3364
-2.2188
-2.1077
-1.9898
-1.8768
-1.7652
-1.6422
-1.5078
-1.3744
-1.2466
-1.1269
-1.0209
-0.9349
-0.8735
-0.8167
-0.7762
-0.7522
-0.7438
-0.7202
-0.6776
-0.6207
-0.5522
-0.4766
-0.3962
-0.3016
-0.1916
-0.0756
0.0584
0.1877
0.3016
0.3977
0.4832
0.5272
0.5664
0.6056
0.6461
0.6854
0.7353
0.8137
0.8875
0.9543
1.0174
1.0615
1.1081
1.1727
1.2394
1.3241
1.3900
1.4511
1.5050
1.5480
1.6057
1.6743
1.7463
1.8146
1.8906
1.9702
2.0388
2.1075
2.1618
2.2124
2.2413
2.2693
2.3022
2.3430
2.4042
2.4868
2.6026
2.7084
2.7588
2.7560
2.6973
2.6146
2.5170
2.4486
2.4086
2.3941
2.4049
2.4148
2.4161
2.3921
2.3228
2.2214
2.0944
1.9832
1.9098
1.8813
1.8989
1.9241
1.9421
1.9379
1.9251
1.9066
1.9091
1.9076
1.9148
1.9184
1.9221
1.9219
11.3282
