48.14724301
48.15290221
48.15693004
48.16129224
48.15533145
48.13986858
48.15037099
48.13988966
48.13886862
48.14107282
48.14327775
48.15090929
48.15913981
48.18325281
48.209145
48.20910228
48.22069697
48.22836483
48.23603642
48.23341377
48.24149632
48.24996233
48.27117693
48.27822948
48.27737447
48.28220621
48.28411793
48.27791903
48.27084589
48.28348493
48.29517679
48.29225659
48.30074672
48.2996632
48.29543089
48.29662246
48.29209527
48.29023177
48.28989287
48.2872395
48.2826693
48.29328504
48.30297572
48.29507855
48.32210187
48.35561288
48.37523339
48.41894257
48.47739007
48.51380488
48.5458542
48.5650911
48.56049754
48.57007293
48.59891666
48.64573621
48.6557449
48.67682403
48.71691424
48.75447627
48.790692
48.80502144
48.83152723
48.86365172
48.87856
48.88179584
48.91680239
48.94240225
48.95950843
48.96941156
48.99849394
49.01393806
49.01573756
49.03139448
49.03160254
49.01631108
49.02065659
48.99823676
48.99762306
48.98405664
48.97393055
48.95580062
48.95804501
48.9529626
48.94978483
48.94045106
48.92677905
48.92195206
48.90369837
48.89052748
48.87891666
48.86638893
48.86191052
48.85536861
48.83372267
48.82595963
48.81279752
48.80288945
48.79309366
48.76778812
48.75124514
48.73982031
48.72775502
48.71547004
48.70314223
48.68221734
48.65082022
48.6348172
48.61955593
48.58687938
48.56850651
48.56030265
48.56237678
48.55606844
48.55486939
48.55729234
48.54204421
48.54488705
48.52899508
48.52409497
48.49722725
48.46645333
48.43172957
48.413995
48.39295186
48.37996932
48.37289069
48.36083764
48.35664934
48.35170679
48.33727234
48.30031803
48.27589031
48.23037702
48.17456279
48.12792769
48.08302063
48.02611543
47.98554285
47.97999687
47.97986902
47.98232114
47.9860027
47.99707162
48.00082357
47.98631455
47.97048426
47.95629787
47.93567074
47.89190747
47.84384621
47.80474594
47.75775333
47.71451431
47.67609061
47.63759766
47.6086931
47.55075177
47.50739984
47.45472278
47.38052398
47.30292827
47.20110718
47.08123144
46.98099649
46.88559288
46.79944853
46.73506312
46.6499689
46.56393318
46.49760158
46.44938317
46.40645226
46.35014941
46.30993412
46.28138943
46.24749107
46.1948912
46.15161838
46.10465031
46.05506085
46.02446652
45.99401847
45.96198916
45.94816037
45.93227737
45.92028407
45.90973811
45.92336644
45.94495418
45.96757224
45.98019582
45.98538672
46.00017414
46.01454736
46.0317345
46.06223145
46.0952761
46.09957976
46.11997288
46.12950874
46.15451607
46.18723728
46.21850853
46.25796357
46.28548016
46.32570318
46.34678284
46.35869134
46.37745398
46.38175463
46.40705065
46.42209004
46.40570702
46.39589036
46.3997853
46.40016129
46.3914177
46.36956167
46.35448172
46.33228265
46.29126814
46.24299087
46.17725259
46.11068483
46.03920782
45.98294081
45.95809952
45.94943465
45.9687181
45.97697101
45.97372376
45.94825653
45.91206434
45.87780288
45.8367341
45.79643938
45.76282652
45.74010606
45.7262922
45.72188995
45.72781344
45.72380658
45.70993326
45.6847617
45.65971099
45.63301089
45.606419
45.57699077
45.54112406
45.51440896
45.47125739
45.43103921
45.39904099
45.37075791
45.35204805
45.34826578
45.34413755
45.3350461
45.32529453
45.29720746
45.2504655
45.21687981
45.19709106
45.16960171
45.15037243
45.12988495
45.12380518
45.0857125
45.05371675
45.02605418
45.00885531
44.98867147
44.97498009
44.99092867
45.01958758
45.0574603
45.0939525
45.12875249
45.17182884
45.20600601
45.23691306
45.26384227
45.29617117
45.32040478
45.34411147
45.34115433
45.34303872
45.35277805
45.37446772
45.39646543
45.41801192
45.44329335
45.47617643
45.51239865
45.53884304
45.55184745
45.5665846
45.56943883
45.58076899
45.6057277
45.64273193
45.68016365
45.75710285
45.82973476
45.92387964
46.04025298
46.1458455
46.24741586
46.34725258
46.4333183
46.51260808
46.56953544
46.60966783
46.64545637
46.66671673
46.67057131
46.68027191
46.70940664
46.73889015
46.77311687
46.82918056
46.90061789
46.99713582
47.06251467
47.11835911
47.16591544
47.1752315
47.18416279
47.18231397
47.18216687
47.18470383
47.18441874
47.18146786
47.17828392
47.16441168
47.16462268
47.15585187
47.15771696
47.14350923
47.15583333
47.15306163
47.15562356
47.15186341
47.15441791
47.15246969
47.15773312
47.15788707
47.15969076
47.15941693
47.15437848
47.14245376
47.13904453
47.13477905
47.13406184
47.12395578
47.10895063
47.09917133
47.09616312
47.08628292
47.08270492
47.07990697
47.07944555
47.09005392
47.08896341
47.08243139
47.077795
47.07121581
47.05495606
47.04618525
47.03703911
47.02032848
47.01094201
47.00386264
46.98988265
46.97972385
46.96775499
46.95813888
46.94421798
46.93248764
46.93072905
46.92328145
46.91523577
46.91903661
46.92194198
46.92194198
46.91301888
46.90683089
46.89671361
46.88560167
46.88346546
46.87675347
46.8802012
46.87823105
46.88943611
46.89743488
46.90110798
46.90674872
46.90547817
46.89008676
46.88622074
46.87457105
46.8587173
46.84342779
46.83325302
46.81549813
46.81430446
46.8072815
46.79031547
46.79343044
46.80517992
46.813642
46.82733039
46.84194512
46.86471884
46.90219614
46.93615432
46.97035369
47.01287931
47.0689648
47.13451765
47.18862907
47.22820183
47.24800566
47.25614082
47.26540384
47.28393747
47.28552665
47.29993516
47.31704341
47.34839664
47.40686663
47.48299545
47.55632634
47.6151559
47.68109308
47.74894671
47.82206533
47.87109924
47.92096766
47.99273444
48.05029137
48.09207032
48.12778488
48.18425262
48.21966459
48.24140381
48.27475134
48.31857293
48.3544912
48.3984444
48.45064737
48.52809242
48.59018946
48.6442924
48.71976636
48.76315048
48.77978323
48.79084306
48.78940092
48.77871362
48.7715203
48.75698683
48.7415705
48.73574553
48.74471776
48.77377322
48.78594806
48.81311753
48.82369412
48.83125803
48.83986197
48.82622247
48.80734142
48.79489497
48.78355092
48.784055
48.78680947
48.80874664
48.83953183
48.86630702
48.90183744
48.93742243
48.98146954
49.01290294
49.03620468
49.06379233
49.08425058
49.09547368
49.10663936
49.12590784
49.13752458
49.14828064
49.15449466
49.16484883
49.18490492
49.22160554
49.23395719
49.2404395
49.23854217
49.24450136
49.24611066
49.24369215
49.24535641
49.24670663
49.25720075
49.26808447
49.26763232
49.28529767
49.29669126
49.31771118
49.33429192
49.34150985
49.34116844
49.33521858
49.3430044
49.34999866
49.35467195
49.3556971
49.36119744
49.37326191
49.3762111
49.38549983
49.40915984
49.44222971
49.452618
49.47314932
49.48496831
49.50266094
49.52418352
49.54241919
49.54829467
49.56366016
49.56835627
49.57309955
49.58088815
49.58108798
49.58674152
49.60398973
49.61892504
49.63704446
49.6739141
49.70658923
49.76289641
49.81031222
49.85252027
49.89428322
49.90672368
49.9292493
49.95702285
49.97150574
49.99240078
50.00821144
50.01724741
50.04720516
50.06127036
50.0870842
50.10362835
50.12738262
50.16208704
50.19387743
50.2203723
50.24697166
50.27545824
50.2955776
50.33442217
50.36583974
50.41330397
50.45629467
50.50069184
50.53674668
50.5655787
50.58868448
50.60138177
50.61586275
50.62389821
50.62454776
50.63666074
50.6394176
50.65461579
50.66450473
50.68216637
50.70122292
50.73604955
50.76616994
50.8016798
50.82077926
50.84943824
50.87115678
50.8928825
50.90905093
50.92815242
50.95017206
50.95662039
50.97594152
51.01030111
51.03781973
51.06429329
51.11108931
51.15251358
51.19158942
51.22863341
51.2632234
51.29428055
51.32791963
51.36186326
51.39414764
51.42158644
51.44213382
51.46076602
51.4845632
51.49319934
51.51907946
51.52976228
51.5453319
51.56876013
51.57759408
51.59530259
51.60394484
51.60839949
51.62393013
51.62487372
51.6344594
51.64909706
51.66556015
51.67860487
51.69198832
51.70410421
51.71325368
51.72357176
51.72570645
51.73012187
51.7327177
51.72811084
51.73106308
51.72844581
51.73591037
51.74377838
51.76481605
51.79129933
51.81297232
51.84647762
51.89547286
51.93211968
51.96684273
52.00193314
52.04003148
52.06392537
52.07396137
52.07265056
52.0812837
52.0841021
52.08692139
52.08195485
52.08725872
52.0957263
52.09711595
52.10790855
52.1281984
52.14905682
52.17010196
52.1947853
52.22939879
52.26441203
52.29152009
52.32021367
52.33034035
52.34735258
52.35575
52.36105606
52.37843084
52.39478508
52.40156299
52.40998787
52.43647581
52.45545243
52.47848075
52.50118587
52.52410715
52.54288627
52.5618849
52.58151281
52.59732293
52.61009852
52.61981471
52.63638853
52.63313238
52.64933891
52.67290292
52.69108229
52.69955925
52.71057665
52.72729443
52.74850542
52.7524824
52.76426222
52.77611256
52.78593554
52.79035528
52.80577587
52.8180245
52.82929711
52.84395349
52.8632584
52.88611858
52.90945063
52.93312765
52.95376053
52.97565134
52.99415893
53.013925
53.02590673
53.03667556
53.03793246
53.04610375
53.06326986
53.0705035
53.08491591
53.09447453
53.11812406
53.13650084
53.14093204
53.14877112
53.15200644
53.14603789
53.12621525
53.07395673
52.96497113
52.83505347
52.6830797
52.51307849
52.34564055
52.19048272
52.05841262
51.95147338
51.84188185
51.77966064
51.75446339
51.75057721
51.74643641
51.73513634
51.7315542
51.72797348
51.71667186
51.69530993
51.67865668
51.66894087
51.6731008
51.66736512
51.67386935
51.66260167
51.66262625
51.6588562
51.66277732
51.67181484
51.66687324
51.64418352
51.60376889
51.56405248
51.46606233
51.33549767
51.25042754
51.17517961
51.03811365
50.93978187
50.91207182
50.87215432
50.84766865
50.86327611
50.85762991
50.85405467
50.84583866
50.8402031
50.83458574
50.83689099
50.83689099
50.84477319
50.83744346
50.81638957
50.79109067
50.77059558
50.7642069
50.73166217
50.66904807
50.64290146
50.62195296
50.5718415
50.53905445
50.53462151
50.49805091
50.41844294
50.34234376
50.2699454
50.19799027
50.1007911
49.99701604
49.91745516
49.85405918
49.8047792
49.77964336
49.74725622
49.70222548
49.63284769
49.55289122
49.47895817
49.42265415
49.41849234
49.41868777
49.38224243
49.35436818
49.29399079
49.15231121
49.00973143
48.86458032
48.70674809
48.55836244
48.43121311
48.36368627
48.30657204
48.26099772
48.25964278
48.25789539
48.25062883
48.25116901
48.25361782
48.2550674
48.24872105
48.24267388
48.22450398
48.16747611
47.96288992
47.59543628
47.05747679
46.39856288
45.60548988
44.74905216
43.96589229
43.28777454
42.77131754
42.36346909
41.99684634
41.60526553
41.09055583
40.4641698
39.82069476
39.16345273
38.51766762
37.90021697
37.31142389
36.74971103
36.22895765
35.78963592
35.44079326
35.15415292
34.91254025
34.68566723
34.47794924
34.33554081
34.28908643
34.31305598
34.32004982
34.34344778
34.38648985
34.44356865
34.49131375
34.56906816
34.7958182
35.09136332
35.42878497
35.76202246
36.08504542
36.41232726
36.70572674
36.96484167
37.22203224
37.47328561
37.70595958
37.9368262
38.16207793
38.42331234
38.66005992
38.87460198
39.10666059
39.29718487
39.45057982
39.5991999
39.72862239
39.87826882
40.0073611
40.11895165
40.27136855
40.46419235
40.62296079
40.7992088
40.98721332
41.16532671
41.33129436
41.53849437
41.77295384
41.98433708
42.20211033
42.42746048
42.64604331
42.87215245
43.08527422
43.3026552
43.54354209
43.76284151
43.96014339
44.16076023
44.34994503
44.52335975
44.66985425
44.79390396
44.88227446
44.98695464
45.07597205
45.13370798
45.17105777
45.19049276
45.19980386
45.22787367
45.29496731
45.3946205
45.4909738
45.53864807
45.58474096
45.63354667
45.68660959
45.72464295
45.80200712
45.93301548
46.06515915
46.17958278
46.27645551
46.35281447
46.46058013
46.5530896
46.66813513
46.80485316
46.97494135
47.1669833
47.35192888
47.54252671
47.74602039
47.85948597
47.97235195
48.08648928
48.18403845
48.30748422
48.40799505
48.44948842
48.48296715
48.53790617
48.58084588
48.60506794
48.62435984
48.6655515
48.68166981
48.68166981
48.68166981
48.69380519
48.69720259
48.70544272
48.69519534
48.70843245
48.7035523
48.70361922
48.70907138
48.70068422
48.70205154
48.69852624
48.68238159
48.65454736
48.6394668
48.58032858
48.4999312
48.45101808
48.41765391
48.38443111
48.35536938
48.34254572
48.34425338
48.32861887
48.28147419
48.27475599
48.25836547
48.25345634
48.24757481
48.25213951
48.24781964
48.23776719
48.20822232
48.18210455
48.1534505
48.13641587
48.10621894
48.06542604
48.05178224
48.05000231
48.02677094
48.01948538
48.01155405
47.99715653
47.95956717
47.92366332
47.90559255
47.89154977
47.85531332
47.83869567
47.83299713
47.82852827
47.82514008
47.82839533
47.83923408
47.84426922
47.85025079
47.84891099
47.85128432
47.85045718
47.85476515
47.86478438
47.86707159
47.86696518
47.864405
47.87297625
47.8826148
47.87210087
47.86101994
47.867778
47.87033203
47.8650827
47.86742593
47.86593268
47.8583877
47.84389376
47.83459603
47.82397812
47.82370047
47.8058544
47.80370518
47.77883146
47.75799748
47.7267496
47.68766397
47.65382042
47.62797204
47.62992414
47.61562673
47.59259416
47.56920102
47.5518926
47.51959354
47.46235609
47.4191284
47.37444238
47.30725858
47.27374287
47.24159688
47.18852033
47.12673024
47.06282932
47.02636648
46.9605889
46.90521424
46.86403163
46.83707391
46.78847634
46.72647108
46.67533721
46.6322365
46.62679321
46.59711653
46.58167823
46.56466994
46.54223584
46.50128403
46.45220147
46.42546525
46.38915549
46.36591623
46.3376059
46.31521189
46.29602604
46.27809361
46.26099589
46.2464762
46.2405744
46.24203355
46.23651951
46.22170265
46.20959508
46.19869818
46.17512556
46.15720838
46.1434425
46.13721276
46.14125488
46.14094716
46.14094716
46.13597703
46.14064064
46.14064064
46.14003118
46.12919295
46.11749656
46.10006052
46.07727651
46.06105579
46.03800604
46.01936262
46.0031192
45.99679965
45.98108948
45.95432647
45.91977352
45.88146397
45.83801314
45.79222179
45.75140549
45.71114885
45.67778169
45.63838225
45.61374239
45.59092293
45.56198686
45.53479508
45.51244676
45.49347123
45.46975831
45.4542613
45.42145193
45.3954469
45.35353818
45.32507183
45.29871296
45.27073978
45.24268162
45.21756489
45.20798206
45.20116409
45.20240783
45.19939718
45.19220115
45.1804106
45.16228683
45.16249882
45.18052483
45.1967283
45.2008338
45.20385523
45.19319537
45.16082601
45.15483047
45.14901526
45.14897047
45.13997354
45.12845676
45.12486936
45.12503823
45.10520631
45.06301861
45.02256156
44.98169094
44.93584089
44.9095235
44.90247093
44.88156191
44.873905
44.87489942
44.87083261
44.85357878
44.83062031
44.80476251
44.77638038
44.74344359
44.69812257
44.67110723
44.63851659
44.60090851
44.55701086
44.52842425
44.50550889
44.47740641
44.45435101
44.42816609
44.39904084
44.3816805
44.35234922
44.32004431
44.29555826
44.28268534
44.28136839
44.26979407
44.23558806
44.22582705
44.21290674
44.1884291
44.16943125
44.14656335
44.12772027
44.10452875
44.10063345
44.09437673
44.08012907
44.06194591
44.04561836
44.03122093
44.02554336
44.04111603
44.04975175
44.05785267
44.08572692
44.11294481
44.15408089
44.20184737
44.26869405
44.32522131
44.34655405
44.40673123
44.4619235
44.52571477
44.58519198
44.63742341
44.71926582
44.78219242
44.81479119
44.87244867
44.95947033
45.03500566
45.12276943
45.26069865
45.39889726
45.51185842
45.60206037
45.6560032
45.69044276
45.69466365
45.69939785
45.68641045
45.68126018
45.70711306
45.71183566
45.72247535
45.73869413
45.78253163
45.8333617
45.88429555
45.92505985
45.97855384
46.07797124
46.15664383
46.22799621
46.29078111
46.33896769
46.35968164
46.36110424
46.36585683
46.39353593
46.39166329
46.38608012
46.359707
46.32903246
46.26501699
46.18480163
46.12881438
46.07404505
46.00875685
45.97887655
45.96275913
45.95459336
45.95459336
45.95459336
45.94294813
45.91260947
45.89290791
45.86013998
45.8316624
45.80043711
45.77953895
45.73472731
45.69279169
45.64813686
45.59603705
45.56260967
45.53459937
45.51041559
45.49721497
45.48755978
45.49688957
45.48037051
45.45292806
45.44009048
45.42789924
45.38368534
45.35313227
45.32014458
45.29843787
45.30034967
45.30876185
45.30449921
45.28529389
45.26489614
45.24981809
45.25812507
45.2438603
45.22781659
45.21406136
45.19375154
45.17731755
45.17353881
45.17304855
45.15660823
45.15293851
45.14727767
45.13542695
45.11522089
45.10453828
45.10657103
45.116071
45.13025684
45.15863892
45.18896713
45.22719569
45.23854513
45.22518367
45.21428421
45.20998723
45.20709272
45.20083423
45.18857815
45.18857815
45.18569354
45.18107297
45.17822803
45.17489645
45.17291586
45.1654405
45.16005964
45.14747551
45.15062471
45.14691765
45.14466077
45.14516932
45.14575
45.14161759
45.13208441
45.13016033
45.13645269
45.13043922
45.1244518
45.12360266
45.1257422
45.13057849
45.1324561
45.13089254
45.1240798
45.12227841
45.12044217
45.11617925
45.10967904
45.11106576
45.1103596
45.10477074
45.10689138
45.10399634
45.10109218
45.10077138
45.09882403
45.09448377
45.08863257
45.08461217
45.08410712
45.06189314
45.04989144
45.05312417
45.03975214
45.03992521
45.06972459
45.14455597
45.25826722
45.37066276
45.50742104
45.66369099
45.82647857
45.97250111
46.10510974
46.21393863
46.28619231
46.32570847
46.36197302
46.38543577
46.40426364
46.41408928
46.42635596
46.4590759
46.49590109
46.53274241
46.56550376
46.62286664
46.68881155
46.77127073
46.83362609
46.91203418
47.02402159
47.16556803
47.30143632
47.39905232
47.39077569
47.27919035
47.05558279
46.84528397
46.66879769
46.49181655
46.31923361
46.25925218
46.24564584
46.21252044
46.19145215
46.20792326
46.2059406
46.2003716
46.19542731
46.19218191
46.18573144
46.18023954
46.16691408
46.15681195
46.15215204
46.1420512
46.1420512
46.14007783
46.14395237
46.16419529
46.17562204
46.19181029
46.23694417
46.27164571
46.29648124
46.30705758
46.32248666
46.34209651
46.35065739
46.35330806
46.35737289
46.34743037
46.34555443
46.33998021
46.34263239
46.37055673
46.41364262
46.46641878
46.53432273
46.6048328
46.64968795
46.65168965
46.65479101
46.66019742
46.66973186
46.68279959
46.68054479
46.68140531
46.68023851
46.68061932
46.66563849
46.66760377
46.70276732
46.72510525
46.74736658
46.79800228
46.85013669
46.89146162
46.92921434
46.98533771
47.00823933
47.02050011
47.02074729
47.01464821
47.01717382
47.02307161
47.03250815
47.03373601
47.05537823
47.07680189
47.11084499
47.14478266
47.16415936
47.18296166
47.20169783
47.2289855
47.27493468
47.33209793
47.39294635
47.4324577
47.44664427
47.44047166
47.42599444
47.41482312
47.4027326
47.39271228
47.39632194
47.41175177
47.43310335
47.4484503
47.46678939
47.45747167
47.46276349
47.47699362
47.49126207
47.50841729
47.54604013
47.60264323
47.64480969
47.67402932
47.68611992
47.70612232
47.70202099
47.71600238
47.76239764
47.86279694
48.00197517
48.16296381
48.34860797
48.49468325
48.60617019
48.70026627
48.77281334
48.83997325
48.89832618
48.95682645
49.0396069
49.1281031
49.22235479
49.3491028
49.46045984
49.54626088
49.62783715
49.68034561
49.73496284
49.77901898
49.83721516
49.88796108
49.91797842
49.96192696
50.0084447
50.06223499
50.09831257
50.16531749
50.23963858
50.29786436
50.34623773
50.39384174
50.42751643
50.46312338
50.4964513
50.53657899
50.57566
50.60102466
50.64415142
50.6960323
50.74700786
50.80002274
50.87441594
50.9595593
51.04250776
51.10748681
51.16362424
51.20013956
51.24548354
51.29250048
51.34365343
51.41612774
51.49481784
51.56584572
51.62181083
51.67449351
51.73481184
51.76126748
51.78041608
51.80086788
51.83539311
51.86603521
51.89385998
51.92834624
51.96887828
52.01885134
52.04381471
52.07260239
52.0980529
52.11978451
52.13031783
52.13897848
52.15312266
52.17475756
52.19102473
52.21413822
52.23399797
52.26017971
52.28803976
52.31616265
52.34932131
52.39496296
52.42396007
52.46233064
52.4979924
52.52926353
52.56835002
52.61075811
52.63448112
52.65162292
52.6862741
52.71593497
52.73120149
52.74866537
52.78827616
52.82070038
52.8459577
52.87025448
52.8996396
52.91946866
52.93356371
52.95762231
52.97445221
52.98893969
52.99978362
53.01679451
53.03018032
53.0473604
53.07695636
53.0956881
53.11211684
53.13983324
53.16544974
53.19883534
53.22263606
53.25611691
53.27017282
53.29757061
53.2999995
53.3160866
53.32751936
53.35399667
53.37852587
53.40556189
53.41944596
53.43946197
53.45462582
53.47995778
53.49772984
53.51257866
53.51712554
53.50478388
53.52215766
53.53045942
53.53793167
53.52367737
53.52380464
53.5415742
53.53918576
53.54496565
53.55253821
53.54868367
53.5232593
53.50168467
53.47390692
53.46248711
53.47126571
53.44483574
53.41560063
53.36926158
53.32708366
53.29287138
53.27086579
53.24743345
53.22764383
53.1951729
53.17718037
53.13117011
53.07600923
53.01693361
52.98930634
52.96468282
52.93204582
52.91716925
52.91995996
52.92782342
52.92686156
52.92028871
52.93261722
52.93779156
52.92657384
52.90587885
52.90642991
52.8841766
52.85817109
52.82358213
52.78485315
52.78243798
52.76195755
52.73585776
52.71667763
52.69402186
52.64971446
52.59278905
52.52300171
52.44808131
52.37556245
52.3035684
52.23758077
52.15616262
52.07154154
51.98187471
51.90855234
51.84616957
51.79820445
51.75560576
51.73275217
51.73709882
51.72851737
51.7161899
51.71192411
51.70985713
51.70151268
51.70305474
51.6915584
51.6647644
51.57593645
51.47186041
51.38060779
51.28001143
51.18571903
51.0852496
50.99247073
50.93922413
50.87541506
50.81204501
50.77139757
50.75424356
50.73327267
50.72943098
50.72510371
50.71489817
50.69040755
50.65898594
50.62773945
50.57595476
50.50319376
50.41401778
50.32632495
50.21734242
50.11513195
50.01419069
49.90338819
49.81824455
49.74025106
49.66928993
49.58822844
49.53492341
49.49635638
49.48053932
49.47666335
49.47512586
49.45735279
49.43202376
49.37347317
49.23334317
48.99443313
48.683722
48.28260931
47.80812971
47.19535686
46.5228999
45.84596174
45.18299741
44.54003484
43.90412117
43.2848908
42.69845829
42.12507997
41.55650712
40.97818865
40.37025346
39.7689157
39.12307755
38.47473513
37.86165668
37.29640291
36.78148119
36.32462204
35.89296757
35.52604735
35.16555593
34.83390545
34.55015777
34.28573556
34.07405168
33.91602674
33.79389913
33.6821605
33.62704235
33.60218165
33.61078496
33.61560688
33.64837899
33.70986244
33.85672572
34.057526
34.25635596
34.46570446
34.69314887
34.89098286
35.0093583
35.04873882
35.07110705
35.08654048
35.11129844
35.13973144
35.17267419
35.23272729
35.26796874
35.30292618
35.33782244
35.37269875
35.43015035
35.53271262
35.64986162
35.80395924
35.98680233
36.15787512
36.32042384
36.49132564
36.66699529
36.85934277
37.07360077
37.2772181
37.48460157
37.72324557
37.95636902
38.21824784
38.45828513
38.69123121
38.93677174
39.15755688
39.35326558
39.50433058
39.65208267
39.77945062
39.92763716
40.04480234
40.14410599
40.208316
40.28463953
40.37972788
40.47622917
40.55333451
40.63914563
40.75422864
40.85736624
40.94968979
41.05937342
41.17658301
41.28942221
41.39241351
41.49210333
41.61438351
41.75811989
41.90174998
42.0754891
42.24901039
42.38889898
42.49115883
42.61191407
42.73715166
42.86993208
43.03610005
43.27074707
43.54216588
43.7914129
44.03374213
44.25773535
44.45586016
44.614867
44.76658953
44.91719749
45.06897684
45.18084074
45.28019865
45.38709601
45.4625961
45.51292278
45.55377963
45.60610581
45.64797527
45.72987157
45.83805403
45.95867729
46.07175327
46.19419816
46.29456184
46.3405274
46.37082897
46.4189271
46.47650865
46.50586378
46.51540088
46.51757369
46.52177183
46.55116403
46.61197234
46.69899356
46.80704939
46.96239822
47.12248809
47.29550612
47.43921013
47.53789004
47.61327496
47.66838727
47.72693353
47.78178858
47.82987048
47.87683339
47.90766868
47.95269605
47.96715047
47.96829201
47.96548131
47.97288217
47.96131914
47.9483977
47.94009207
47.93613284
47.9446603
47.96141813
47.96818522
47.96635464
47.94850354
47.92642225
47.92705028
47.92697131
47.91826597
47.91725176
47.92240079
47.92101043
47.91098892
47.91064719
47.91427642
47.91597273
47.9175941
47.92317786
47.92284647
47.91967048
47.92818563
47.93025162
47.94669433
47.97066749
47.99034727
48.03659857
48.09156634
48.08335544
48.08683294
48.08223012
48.07854323
48.0652534
48.06019737
48.05515621
48.05393474
48.04771391
48.06030223
48.052897
48.05432356
48.04638438
48.03927479
48.02902855
48.02393552
48.01286325
47.99147404
47.97422587
47.95624805
47.92330912
47.89755125
47.88119947
47.85899505
47.85269376
47.84216759
47.82390814
47.81045939
47.81397463
47.8084227
47.79561212
47.79396627
47.78286827
47.75784276
47.72884848
47.70716741
47.69538966
47.67964089
47.65110952
47.62921509
47.60872125
47.58436859
47.59141528
47.60135924
47.60579068
47.59977307
47.5672582
47.55150005
47.53824828
47.50602104
47.47199585
47.43285279
47.39143144
47.36447685
47.34129674
47.33117406
47.32188664
47.32666338
47.32019495
47.31095595
47.30098985
47.28363413
47.25916952
47.23912239
47.2106558
47.19064344
47.16845266
47.1633134
47.1673096
47.17694173
47.17152876
47.15221955
47.13332095
47.12642091
47.1007696
47.07668738
47.05824966
47.03461543
47.01741795
46.9923829
46.98063295
46.97388419
46.96196234
46.94770936
46.9359811
46.91029862
46.88329869
46.85477389
46.83184721
46.80056274
46.77622776
46.75975748
46.75240226
46.74152826
46.7445951
46.74517996
46.73222342
46.70325825
46.68412977
46.66261247
46.65843019
46.64659453
46.63245297
46.59634443
46.56403724
46.5326631
46.50385711
46.47758606
46.46157563
46.45833083
46.45657362
46.45047666
46.44243874
46.46495643
46.47206637
46.48982394
46.51028159
46.53596826
46.57268051
46.60925848
46.6506043
46.68738987
46.74142207
46.78228839
46.80978238
46.8348709
46.86228962
46.89205132
46.91286801
46.93096523
46.95812427
46.98515513
47.01697207
47.07032813
47.1142172
47.16320115
47.20062585
47.23830964
47.24976483
47.24885509
47.25283637
47.26408294
47.26866809
47.29253954
47.29964921
47.30825437
47.31930193
47.32948642
47.33065977
47.33675223
47.34532272
47.35200208
47.35432807
47.35948003
47.37801244
47.38310781
47.38968445
47.40031707
47.39971396
47.40180897
47.3951102
47.39274337
47.39135103
47.38749017
47.3926122
47.38186857
47.3729351
47.37686998
47.37224482
47.37634885
47.38700258
47.3839433
47.38669745
47.39173233
47.39494759
47.39246089
47.40519456
47.41132184
47.42667129
47.43932273
47.46294622
47.4655495
47.4780497
47.51814777
47.55109375
47.57220574
47.58273891
47.59437543
47.59524358
47.61366293
47.62124998
47.63699246
47.69313983
47.7446727
47.80790322
47.87316468
47.94298436
48.02073475
48.08775876
48.15119751
48.22977039
48.32449691
48.41569099
48.49021532
48.56586587
48.62838301
48.65290254
48.67586194
48.70317644
48.71723713
48.73127211
48.74514669
48.75928641
48.76475521
48.78222309
48.79749238
48.81798699
48.83995043
48.85684371
48.86955787
48.88311964
48.88331672
48.88237715
48.87586649
48.87662701
48.86751516
48.87046718
48.87429052
48.87902446
48.89028892
48.89800081
48.91566451
48.93457759
48.94798823
48.97251071
48.98855507
49.00452232
49.0199106
49.0434471
49.05321844
49.04451695
49.0618959
49.06952824
49.08136499
49.09324011
49.10671404
49.12229821
49.14367756
49.14409898
49.16558631
49.19111173
49.2156772
49.23567582
49.2510984
49.26993185
49.28062213
49.30053819
49.31320763
49.34074915
49.35698224
49.37095883
49.3757357
49.39824092
49.40867388
49.42094616
49.44552613
49.4614215
49.48148309
49.49650059
49.51632338
49.54573984
49.56756799
49.58246274
49.6028787
49.61370281
49.63898824
49.64267599
49.64554363
49.65326111
49.66705002
49.68548589
49.70293435
49.73001673
49.75545566
49.78749504
49.81879569
49.84173043
49.86254348
49.87377853
49.88757847
49.90547206
49.91548164
49.91273862
49.91836051
49.92595846
49.94103794
49.94493139
49.94114237
49.93860662
49.93434463
49.92292569
49.88732234
49.82767243
49.76106576
49.70700254
49.64909468
49.62698221
49.60215331
49.59392537
49.57589789
49.57699241
49.57115425
49.57220236
49.57284574
49.56914486
49.58053041
49.56792466
49.55075827
49.53873667
49.51758923
49.46708463
49.43087919
49.40781787
49.38001755
49.35596135
49.34344407
49.33785016
49.31820535
49.29352368
49.26888292
49.25160515
49.22704511
49.19760835
49.19882941
49.19329532
49.16813654
49.14707231
49.12978769
49.10126114
49.06185895
49.04081245
49.03126888
48.99953213
48.96277247
48.93413616
48.9120549
48.87773377
48.8370942
48.79824408
48.76551725
48.72110272
48.67474133
48.64067035
48.60483896
48.57750047
48.55235218
48.53972539
48.51592805
48.43254812
48.36027385
48.29630539
48.24601868
48.1736065
48.11899237
48.06609851
48.00547794
47.9525679
47.89318139
47.84403669
47.79407899
47.77743239
47.76822713
47.76645324
47.75323789
47.7389722
47.71728814
47.69959149
47.69650904
47.69055751
47.68184909
47.67528516
47.67108653
47.67638989
47.67341003
47.67007068
47.68307632
47.69734922
47.69494541
47.68805559
47.68758836
47.68808365
47.68610951
47.68413575
47.68858823
46.36006499
