-2.2160
-2.3808
-2.5610
-2.7408
-2.9005
-3.0041
-3.1402
-3.2937
-3.4702
-3.6230
-3.7722
-3.8764
-3.9229
-3.9511
-3.9354
-3.8835
-3.8438
-3.8337
-3.8087
-3.7642
-3.6931
-3.6502
-3.6403
-3.6758
-3.7781
-3.9138
-4.0782
-4.2022
-4.2912
-4.3417
-4.3424
-4.3396
-4.3432
-4.3362
-4.3220
-4.2978
-4.2735
-4.2907
-4.3395
-4.4459
-4.5400
-4.5929
-4.6304
-4.6665
-4.6935
-4.7384
-4.7760
-4.8217
-4.9028
-5.0043
-5.0912
-5.1277
-5.1264
-5.1057
-5.0919
-5.1030
-5.1340
-5.1428
-5.1505
-5.1370
-5.1070
-5.0928
-5.1098
-5.1416
-5.1989
-5.2724
-5.3366
-5.3848
-5.4284
-5.4442
-5.4512
-5.4986
-5.5916
-5.7280
-5.8990
-6.0966
-6.2276
-6.2727
-6.2408
-6.1811
-6.1247
-6.1137
-6.1330
-6.2031
-6.3067
-6.4401
-6.5175
-6.5825
-6.6019
-6.6056
-6.6093
-6.6091
-6.6322
-6.6763
-6.7623
-6.8217
-6.8779
-6.9324
-6.9848
-7.0849
-7.1992
-7.3418
-7.4935
-7.6541
-7.7990
-7.8909
-7.9617
-8.0111
-8.0465
-8.0906
-8.1100
-8.1347
-8.1542
-8.2019
-8.2638
-8.3435
-8.4409
-8.5241
-8.5967
-8.6780
-8.7823
-8.8621
-8.9561
-9.0465
-9.1280
-9.1974
-9.2596
-9.3023
-9.3557
-9.4269
-9.5332
-9.6449
-9.7555
-9.8657
-9.9879
-10.1194
-10.2371
-10.3294
-10.3895
-10.4319
-10.4812
-10.5216
-10.5521
-10.5862
-10.6394
-10.7196
-10.8212
-10.9407
-11.0499
-11.1604
-11.3045
-11.4561
-11.5991
-11.7188
-11.8209
-11.9160
-12.0057
-12.0845
-12.1713
-12.2423
-12.3198
-12.3917
-12.4695
-12.5106
-12.5161
-12.5112
-12.5028
-12.5049
-12.5324
-12.5889
-12.6699
-12.7930
-12.9361
-13.0961
-13.2954
-13.5214
-13.7812
-14.0468
-14.3116
-14.5116
-14.7172
-14.8768
-15.0174
-15.1002
-15.1126
-15.1093
-15.1060
-15.1162
-15.1298
-15.1434
-15.1638
-15.1941
-15.2111
-15.2178
-15.2178
-15.2245
-15.2468
-15.2782
-15.2995
-15.3301
-15.4055
-15.5725
-15.8062
-16.0916
-16.3739
-16.6138
-16.8081
-16.9792
-17.1265
-17.2247
-17.2781
-17.3144
-17.3660
-17.4440
-17.5689
-17.7432
-17.9878
-18.2778
-18.5342
-18.7959
-19.0236
-19.1939
-19.2697
-19.2881
-19.2913
-19.3010
-19.3107
-19.3205
-19.3526
-19.3883
-19.4145
-19.4505
-19.4927
-19.5090
-19.5188
-19.5281
-19.5406
-19.5537
-19.5885
-19.6264
-19.6586
-19.6944
-19.7237
-19.7530
-19.7823
-19.8335
-19.8883
-19.9272
-19.9660
-20.0113
-20.0533
-20.0824
-20.1304
-20.1915
-20.2397
-20.2753
-20.3299
-20.3912
-20.4431
-20.4977
-20.5586
-20.6011
-20.6301
-20.6493
-20.6685
-20.6634
-20.6485
-20.6244
-20.5658
-20.5183
-20.4678
-20.4287
-20.3985
-20.3991
-20.4059
-20.4252
-20.4315
-20.4247
-20.4038
-20.3893
-20.3779
-20.4093
-20.4549
-20.5056
-20.5335
-20.5332
-20.5302
-20.5272
-20.5307
-20.5608
-20.6035
-20.6685
-20.7474
-20.8551
-20.9614
-21.0596
-21.1449
-21.2236
-21.3157
-21.3861
-21.4643
-21.5923
-21.7407
-21.9127
-22.1025
-22.2962
-22.4641
-22.6037
-22.6697
-22.7155
-22.7620
-22.8147
-22.8669
-22.9034
-22.9405
-22.9895
-23.0351
-23.0637
-23.1072
-23.1804
-23.2645
-23.3575
-23.4539
-23.5654
-23.6823
-23.8026
-23.8855
-23.9455
-24.0078
-24.0716
-24.1288
-24.1743
-24.2138
-24.2414
-24.2720
-24.3087
-24.3611
-24.4284
-24.5156
-24.6079
-24.7031
-24.7741
-24.8154
-24.8241
-24.8386
-24.9058
-25.0282
-25.1391
-25.2360
-25.3208
-25.3559
-25.3972
-25.4507
-25.5256
-25.6235
-25.7295
-25.8151
-25.8976
-25.9620
-25.9943
-26.0011
-25.9987
-25.9933
-25.9878
-25.9739
-25.9608
-25.9364
-25.8853
-25.8224
-25.7510
-25.7065
-25.6422
-25.6392
-25.6554
-25.6824
-25.6769
-25.6481
-25.6366
-25.6310
-25.6085
-25.5951
-25.5783
-25.5585
-25.5527
-25.5758
-25.5930
-25.6248
-25.6459
-25.6584
-25.6674
-25.6535
-25.6433
-25.6500
-25.6249
-25.5796
-25.5493
-25.5737
-25.6323
-25.6890
-25.7222
-25.7259
-25.7144
-25.6941
-25.6706
-25.6820
-25.6882
-25.6969
-25.6710
-25.6570
-25.6632
-25.6862
-25.6772
-25.6593
-25.6444
-25.6244
-25.6107
-25.6117
-25.6300
-25.6669
-25.6372
-25.5227
-25.3658
-25.2233
-25.1635
-25.1607
-25.1581
-25.1555
-25.1587
-25.1559
-25.1049
-25.0450
-24.9738
-24.8945
-24.8344
-24.8029
-24.7998
-24.8000
-24.8031
-24.7890
-24.7295
-24.6473
-24.5426
-24.4324
-24.3365
-24.2634
-24.2325
-24.2357
-24.2389
-24.2135
-24.1398
-24.0157
-23.8750
-23.7625
-23.6982
-23.6820
-23.6940
-23.6862
-23.6415
-23.5826
-23.5068
-23.4113
-23.3076
-23.2633
-23.2499
-23.2535
-23.2287
-23.1277
-22.9455
-22.7356
-22.5342
-22.3719
-22.2378
-22.1484
-22.0813
-22.0367
-21.9922
-21.9167
-21.8135
-21.6823
-21.5763
-21.5036
-21.4475
-21.3970
-21.3264
-21.2167
-21.0741
-20.9010
-20.6945
-20.4739
-20.3036
-20.1725
-20.1000
-20.0861
-20.0861
-20.0803
-20.0549
-20.0016
-19.9316
-19.8228
-19.7092
-19.6124
-19.5257
-19.4696
-19.4358
-19.4048
-19.3405
-19.2566
-19.1445
-19.0031
-18.8455
-18.6930
-18.5392
-18.4092
-18.3009
-18.1772
-18.0504
-17.9336
-17.8449
-17.7927
-17.7425
-17.7055
-17.6822
-17.6547
-17.6068
-17.5506
-17.4865
-17.4369
-17.3842
-17.3399
-17.2592
-17.1671
-17.0559
-16.9339
-16.7876
-16.6528
-16.5113
-16.3547
-16.1996
-16.0438
-15.8912
-15.7264
-15.5935
-15.4848
-15.3952
-15.3208
-15.2205
-15.1053
-14.9725
-14.8130
-14.6503
-14.5427
-14.4623
-14.4219
-14.3797
-14.3322
-14.2701
-14.2005
-14.1433
-14.0963
-14.0598
-14.0190
-13.9625
-13.8717
-13.7893
-13.6954
-13.5996
-13.5434
-13.5008
-13.4426
-13.3414
-13.2308
-13.0961
-12.9770
-12.8454
-12.7408
-12.6676
-12.5982
-12.5416
-12.5069
-12.4596
-12.4081
-12.3577
-12.2843
-12.2045
-12.1027
-11.9945
-11.8588
-11.6915
-11.5189
-11.3537
-11.1780
-10.9997
-10.8349
-10.6977
-10.5869
-10.5205
-10.4922
-10.4740
-10.4740
-10.4656
-10.4540
-10.4424
-10.4295
-10.4232
-10.4104
-10.3912
-10.3557
-10.3204
-10.2546
-10.1623
-10.0322
-9.8888
-9.7604
-9.6781
-9.6419
-9.6486
-9.6809
-9.6649
-9.6553
-9.6425
-9.6133
-9.5659
-9.4649
-9.3664
-9.2383
-9.0863
-8.8798
-8.6679
-8.4644
-8.3209
-8.2226
-8.1678
-8.1179
-8.0714
-8.0230
-7.9579
-7.8941
-7.8287
-7.7717
-7.7048
-7.6528
-7.6159
-7.5724
-7.5086
-7.4246
-7.3068
-7.1923
-7.0760
-6.9883
-6.9312
-6.9060
-6.8689
-6.8267
-6.7777
-6.7171
-6.6565
-6.5774
-6.4695
-6.3736
-6.2890
-6.1906
-6.1045
-6.0185
-5.9437
-5.8759
-5.8148
-5.7432
-5.6888
-5.6331
-5.5806
-5.5228
-5.4889
-5.4855
-5.4959
-5.4911
-5.4744
-5.4663
-5.4732
-5.4610
-5.4319
-5.3942
-5.3497
-5.2879
-5.2228
-5.1804
-5.1630
-5.1249
-5.0783
-4.9698
-4.8525
-4.7314
-4.6100
-4.5243
-4.4235
-4.3540
-4.3348
-4.3596
-4.4141
-4.4500
-4.4531
-4.4461
-4.4392
-4.4356
-4.4450
-4.4510
-4.4400
-4.4329
-4.4381
-4.4617
-4.4905
-4.4796
-4.4232
-4.3391
-4.2620
-4.1918
-4.1468
-4.1078
-4.0920
-4.0986
-4.1188
-4.1300
-4.1414
-4.1305
-4.1331
-4.1161
-4.0806
-4.0209
-3.9503
-3.8984
-3.8849
-3.8428
-3.7913
-3.7291
-3.6869
-3.7053
-3.7723
-3.8619
-3.9396
-4.0054
-4.0177
-4.0126
-4.0060
-4.0096
-4.0131
-4.0462
-4.0757
-4.0754
-4.0609
-4.0608
-4.0572
-4.0282
-3.9819
-3.8261
-3.5787
-3.3155
-3.1177
-2.9050
-2.6697
