2.4562
2.4222
2.4026
2.3883
2.3868
2.3929
2.3794
2.3582
2.3163
2.2654
2.2067
2.1480
2.0971
2.0463
1.9955
1.9577
1.9200
1.8861
1.8653
1.8548
1.8652
1.8807
1.8923
1.9038
1.9129
1.9285
1.9273
1.9133
1.9147
1.9072
1.8857
1.8577
1.8056
1.7484
1.6810
1.6468
1.6329
1.6380
1.6444
1.6585
1.6494
1.6235
1.5887
1.5436
1.4831
1.4393
1.4020
1.3877
1.3748
1.3708
1.3744
1.3743
1.3818
1.3893
1.4121
1.4388
1.4643
1.4909
1.5214
1.5430
1.5645
1.5860
1.5986
1.6175
1.6365
1.6454
1.6505
1.6379
1.6176
1.5733
1.5239
1.4757
1.4274
1.3905
1.3576
1.3386
1.3399
1.3412
1.3297
1.3195
1.3156
1.3105
1.3028
1.2839
1.2562
1.2323
1.2008
1.1567
1.1076
1.0673
1.0271
0.9982
0.9743
0.9606
0.9456
0.9420
0.9648
1.0001
1.0240
1.0555
1.0907
1.1258
1.1622
1.1884
1.2056
1.2012
1.1895
1.1555
1.1254
1.1142
1.1105
1.1068
1.1030
1.0993
1.0993
1.0993
1.0818
1.0742
1.0616
1.0503
1.0313
0.9998
0.9545
0.9230
0.8877
0.8486
0.7883
0.7291
0.6524
0.5821
0.5344
0.5005
0.4705
0.4517
0.4256
0.3919
0.3359
0.2539
0.1645
0.0753
0.0050
-0.0441
-0.0817
-0.1021
-0.1116
-0.1125
-0.0987
-0.0775
-0.0625
-0.0327
-0.0202
0.0009
0.0183
0.0344
0.0543
0.0791
0.1113
0.1348
0.1632
0.2199
0.2925
0.3651
0.4241
0.4634
0.4880
0.4978
0.5027
0.5027
0.5027
0.5100
0.5099
0.5136
0.5136
0.5246
0.5392
0.5574
0.5757
0.5976
0.6074
0.6147
0.6134
0.6073
0.6219
0.6365
0.6401
0.6436
0.6507
0.6540
0.6574
0.6523
0.6484
0.6431
0.6415
0.6448
0.6467
0.6377
0.5906
0.5386
0.4890
0.4296
0.3788
0.3318
0.2983
0.2661
0.2474
0.2323
0.2233
0.2130
0.2078
0.1853
0.1603
0.1428
0.1202
0.1038
0.0911
0.0721
0.0469
0.0266
-0.0072
-0.0385
-0.0696
-0.0923
-0.0987
-0.0965
-0.0966
-0.0966
-0.1004
-0.1041
-0.1153
-0.1119
-0.1123
-0.1177
-0.1244
-0.1274
-0.1328
-0.1331
-0.1310
-0.1326
-0.1344
-0.1487
-0.1703
-0.1944
-0.2209
-0.2510
-0.2934
-0.3332
-0.3682
-0.3821
-0.3998
-0.4186
-0.4188
-0.4165
-0.4131
-0.4134
-0.4222
-0.4360
-0.4412
-0.4513
-0.4688
-0.4950
-0.5176
-0.5389
-0.5418
-0.5435
-0.5414
-0.5466
-0.5691
-0.5866
-0.6300
-0.6957
-0.7540
-0.8197
-0.8707
-0.9304
-0.9914
-1.0364
-1.0705
-1.0812
-1.0894
-1.1086
-1.1240
-1.1394
-1.1484
-1.1771
-1.2045
-1.2380
-1.2764
-1.2988
-1.3421
-1.3890
-1.4397
-1.4952
-1.5434
-1.5855
-1.5972
-1.6040
-1.5985
-1.5844
-1.5595
-1.5505
-1.5466
-1.5807
-1.6222
-1.6600
-1.6929
-1.7112
-1.7036
-1.6714
-1.6428
-1.6176
-1.6204
-1.6305
-1.6566
-1.6913
-1.7261
-1.7661
-1.7901
-1.8228
-1.8505
-1.8918
-1.9405
-1.9978
-2.0725
-2.1485
-2.2162
-2.2888
-2.3550
-2.4153
-2.4662
-2.5162
-2.5424
-2.5525
-2.5663
-2.5764
-2.5952
-2.6214
-2.6526
-2.6925
-2.7325
-2.7812
-2.8335
-2.8960
-2.9658
-3.0509
-3.1470
-3.2321
-3.3158
-3.3770
-3.4258
-3.4622
-3.4796
-3.4884
-3.4884
-3.4884
-3.4971
-3.4971
-3.5022
-3.5197
-3.5496
-3.5861
-3.6400
-3.6869
-3.7235
-3.7529
-3.7612
-3.7541
-3.7470
-3.7363
-3.7257
-3.7185
-3.7237
-3.7201
-3.7318
-3.7262
-3.7367
-3.7609
-3.7831
-3.7980
-3.8063
-3.8253
-3.8582
-3.8949
-3.9419
-3.9976
-4.0548
-4.1085
-4.1415
-4.1570
-4.1570
-4.1606
-4.1607
-4.1849
-4.2201
-4.2603
-4.3197
-4.3827
-4.4544
-4.5174
-4.5929
-4.6471
-4.6926
-4.7205
-4.7278
-4.7329
-4.7381
-4.7505
-4.7733
-4.7872
-4.8100
-4.8363
-4.8591
-4.8819
-4.9082
-4.9398
-4.9801
-5.0345
-5.0940
-5.1608
-5.2292
-5.2960
-5.3556
-5.4188
-5.4872
-5.5469
-5.6137
-5.6734
-5.7155
-5.7347
-5.7488
-5.7644
-5.7873
-5.8153
-5.8682
-5.9421
-6.0178
-6.0988
-6.1675
-6.2345
-6.2908
-6.3137
-6.3366
-6.3490
-6.3631
-6.3948
-6.4442
-6.5041
-6.5870
-6.6682
-6.7352
-6.7970
-6.8694
-6.9382
-6.9824
-7.0231
-7.0602
-7.1097
-7.1627
-7.2192
-7.2847
-7.3466
-7.4103
-7.4811
-7.5467
-7.6282
-7.6991
-7.7701
-7.8463
-7.9244
-7.9883
-8.0487
-8.1002
-8.1412
-8.1715
-8.2088
-8.2497
-8.2960
-8.3528
-8.4240
-8.5182
-8.6357
-8.7638
-8.8848
-8.9952
-9.0807
-9.1415
-9.1736
-9.2058
-9.2291
-9.2523
-9.2790
-9.3235
-9.3805
-9.4622
-9.5599
-9.6963
-9.8465
-10.0007
-10.1370
-10.2589
-10.3442
-10.3903
-10.4171
-10.4295
-10.4349
-10.4349
-10.4438
-10.4581
-10.4923
-10.5333
-10.5852
-10.6406
-10.7034
-10.7732
-10.8622
-10.9726
-11.1098
-11.2703
-11.4329
-11.5777
-11.6945
-11.7734
-11.8022
-11.8112
-11.8167
-11.8167
-11.8201
-11.8359
-11.8605
-11.9096
-11.9925
-12.0932
-12.2296
-12.3882
-12.5614
-12.7290
-12.8753
-12.9859
-13.0415
-13.0660
-13.0727
-13.0827
-13.1017
-13.1331
-13.1902
-13.2821
-13.4008
-13.5674
-13.7542
-13.9399
-14.1246
-14.2914
-14.4156
-14.5105
-14.5906
-14.6605
-14.7261
-14.7896
-14.8686
-14.9419
-15.0265
-15.1100
-15.2108
-15.3115
-15.4145
-15.5097
-15.6201
-15.7279
-15.8225
-15.9049
-15.9620
-15.9916
-16.0112
-16.0341
-16.0634
-16.1057
-16.1319
-16.1616
-16.2012
-16.2408
-16.2803
-16.3197
-16.3593
-16.4021
-16.4472
-16.4954
-16.5591
-16.6170
-16.6904
-16.7694
-16.8659
-16.9527
-17.0474
-17.1420
-17.2213
-17.2836
-17.3346
-17.3701
-17.4057
-17.4347
-17.4573
-17.4799
-17.4960
-17.5122
-17.5372
-17.5502
-17.5824
-17.6163
-17.6710
-17.7363
-17.8168
-17.8828
-17.9495
-18.0081
-18.0850
-18.1688
-18.2629
-18.3634
-18.4895
-18.6299
-18.7492
-18.8647
-18.9522
-18.9939
-18.9996
-19.0053
-19.0053
-19.0053
-19.0053
-19.0053
-19.0053
-19.0053
-19.0113
-19.0144
-19.0235
-19.0383
-19.0592
-19.1090
-19.1674
-19.2373
-19.2996
-19.3701
-19.4261
-19.4665
-19.4987
-19.5132
-19.5459
-19.6014
-19.6631
-19.7514
-19.8336
-19.9366
-20.0397
-20.1312
-20.2135
-20.2926
-20.3628
-20.4070
-20.4424
-20.4715
-20.4918
-20.5007
-20.5095
-20.5153
-20.5329
-20.5564
-20.5714
-20.5980
-20.6338
-20.6898
-20.7492
-20.8120
-20.8812
-20.9323
-20.9690
-21.0057
-21.0216
-21.0407
-21.0654
-21.0840
-21.1084
-21.1565
-21.2079
-21.2742
-21.3474
-21.4440
-21.5523
-21.6547
-21.7396
-21.8068
-21.8593
-21.9084
-21.9450
-21.9724
-21.9846
-21.9877
-21.9849
-21.9734
-21.9707
-21.9711
-21.9663
-21.9644
-21.9542
-21.9413
-21.9319
-21.9197
-21.9074
-21.9071
-21.9094
-21.9117
-21.9200
-21.9369
-21.9713
-22.0197
-22.0677
-22.1096
-22.1368
-22.1435
-22.1470
-22.1391
-22.1253
-22.1291
-22.1239
-22.1333
-22.1486
-22.1638
-22.1880
-22.2179
-22.2509
-22.2870
-22.3176
-22.3399
-22.3711
-22.4171
-22.4598
-22.5197
-22.5793
-22.6503
-22.7009
-22.7223
-22.7290
-22.7267
-22.7185
-22.7129
-22.6928
-22.6788
-22.6706
-22.6740
-22.6776
-22.6843
-22.7029
-22.7361
-22.7608
-22.7799
-22.7790
-22.7779
-22.7707
-22.7459
-22.6865
-22.6411
-22.5983
-22.5755
-22.5555
-22.5442
-22.5130
-22.4788
-22.4361
-22.3793
-22.3113
-22.2463
-22.1731
-22.0972
-22.0390
-21.9895
-21.9572
-21.9278
-21.9041
-21.8832
-21.8792
-21.8521
-21.8276
-21.7945
-21.7553
-21.7188
-21.6906
-21.6652
-21.6258
-21.5778
-21.5214
-21.4596
-21.3893
-21.3023
-21.2100
-21.1176
-21.0140
-20.9300
-20.8544
-20.7844
-20.7197
-20.6636
-20.6074
-20.5624
-20.5370
-20.5090
-20.4841
-20.4563
-20.4370
-20.4008
-20.3675
-20.3397
-20.3005
-20.2586
-20.2222
-20.1858
-20.1523
-20.1130
-20.0824
-20.0545
-20.0267
-20.0076
-19.9855
-19.9577
-19.9243
-19.8911
-19.8379
-19.7766
-19.6958
-19.6065
-19.5058
-19.4276
-19.3579
-19.3249
-19.3173
-19.3207
-19.3330
-19.3389
-19.3364
-19.3143
-19.2696
-19.2053
-19.1326
-19.0600
-18.9933
-18.9237
-18.8656
-18.8214
-18.7776
-18.7478
-18.7070
-18.6632
-18.6274
-18.6000
-18.5751
-18.5583
-18.5195
-18.4665
-18.4025
-18.3246
-18.2355
-18.1269
-18.0130
-17.8824
-17.7464
-17.6159
-17.5215
-17.4668
-17.4565
-17.4511
-17.4487
-17.4270
-17.4024
-17.3688
-17.3189
-17.2493
-17.1684
-17.0850
-16.9932
-16.9123
-16.8260
-16.7427
-16.6618
-16.6061
-16.5588
-16.5145
-16.4869
-16.4426
-16.4091
-16.3618
-16.3061
-16.2313
-16.1367
-16.0139
-15.8751
-15.7334
-15.6000
-15.4835
-15.4005
-15.3480
-15.3206
-15.2962
-15.2719
-15.2392
-15.1875
-15.1046
-14.9997
-14.8751
-14.7421
-14.5986
-14.4565
-14.3060
-14.1618
-14.0343
-13.9142
-13.8077
-13.7242
-13.6667
-13.6281
-13.6030
-13.5696
-13.5279
-13.4725
-13.3974
-13.3118
-13.2085
-13.1219
-13.0281
-12.9395
-12.8509
-12.7509
-12.6655
-12.5833
-12.5135
-12.4489
-12.3768
-12.3110
-12.2358
-12.1553
-12.0718
-11.9893
-11.9195
-11.8653
-11.8308
-11.7984
-11.7660
-11.7439
-11.7155
-11.6735
-11.6252
-11.5622
-11.4877
-11.3964
-11.3103
-11.2117
-11.1164
-11.0106
-10.9223
-10.8454
-10.7685
-10.6902
-10.6299
-10.5625
-10.4951
-10.4392
-10.3949
-10.3550
-10.3318
-10.3053
-10.2755
-10.2374
-10.1928
-10.1328
-10.0546
-9.9668
-9.8653
-9.7574
-9.6625
-9.5662
-9.4797
-9.3965
-9.3217
-9.2451
-9.1866
-9.1521
-9.1259
-9.1161
-9.0932
-9.0702
-9.0440
-8.9963
-8.9453
-8.8841
-8.8010
-8.7059
-8.6008
-8.4841
-8.3724
-8.2641
-8.1706
-8.1039
-8.0421
-8.0020
-7.9668
-7.9233
-7.8681
-7.8011
-7.7054
-7.6098
-7.5259
-7.4570
-7.4084
-7.3731
-7.3396
-7.3128
-7.2877
-7.2491
-7.1921
-7.1249
-7.0476
-6.9721
-6.8932
-6.8059
-6.7186
-6.6330
-6.5558
-6.4768
-6.3861
-6.3071
-6.2365
-6.1557
-6.0884
-6.0143
-5.9520
-5.9046
-5.8522
-5.7780
-5.7037
-5.6312
-5.5620
-5.4911
-5.4319
-5.3742
-5.3100
-5.2423
-5.1730
-5.1071
-5.0479
-5.0056
-4.9752
-4.9415
-4.9129
-4.8961
-4.8774
-4.8538
-4.8267
-4.7779
-4.7187
-4.6344
-4.5580
-4.4717
-4.3829
-4.3043
-4.2375
-4.1776
-4.1141
-4.0610
-3.9944
-3.9244
-3.8481
-3.7837
-3.7159
-3.6441
-3.5688
-3.4865
-3.3992
-3.3020
-3.2182
-3.1175
-3.0133
-2.9189
-2.8110
-2.6684
-2.5039
-2.3378
-2.1680
-2.0269
-1.9167
-1.8305
-1.7924
-1.7769
-1.7664
-1.7628
-1.7523
-1.7403
-1.7262
-1.7086
-1.6839
-1.6486
-1.6013
-1.5493
-1.4803
-1.4092
-1.3416
-1.2873
-1.2364
-1.2012
-1.1718
-1.1389
-1.0938
-1.0259
-0.9460
-0.8661
-0.7695
-0.6669
-0.5850
-0.5007
-0.4261
-0.3610
-0.3043
-0.2404
-0.1509
-0.0649
0.0055
0.0530
0.0704
0.0698
0.0695
0.0766
0.0766
0.0765
0.0692
0.0726
0.0939
0.1153
0.1546
0.2034
0.2812
0.3734
0.4813
0.5794
0.6955
0.8018
0.8913
0.9493
0.9968
1.0422
1.0833
1.0879
1.0634
1.0267
0.9789
0.9115
0.8307
0.7426
0.6618
0.6080
0.5972
0.6321
0.7307
0.9133
1.1908
1.5771
2.0414
2.5545
3.0265
3.4438
3.7446
3.9137
3.9597
