-2.414000
-2.414110
-2.414440
-2.414989
-2.415759
-2.416748
-2.417958
-2.419387
-2.421035
-2.422904
-2.424992
-2.427300
-2.429827
-2.432573
-2.435539
-2.438725
-2.442129
-2.445753
-2.449595
-2.453657
-2.457937
-2.462436
-2.467153
-2.472089
-2.477243
-2.482615
-2.488205
-2.494013
-2.500039
-2.506282
-2.512742
-2.519420
-2.526314
-2.533425
-2.540753
-2.548297
-2.556057
-2.564033
-2.572225
-2.580632
-2.589254
-2.598091
-2.607143
-2.616410
-2.625891
-2.635585
-2.645493
-2.655615
-2.665950
-2.676498
-2.687258
-2.698230
-2.709414
-2.720810
-2.732417
-2.744235
-2.756264
-2.768503
-2.780952
-2.793610
-2.806478
-2.819554
-2.832839
-2.846332
-2.860033
-2.873942
-2.888057
-2.902379
-2.916907
-2.931640
-2.946579
-2.961723
-2.977072
-2.992624
-3.008381
-3.024340
-3.040502
-3.056867
-3.073433
-3.090201
-3.107169
-3.124338
-3.141707
-3.159275
-3.177043
-3.195008
-3.213172
-3.231533
-3.250091
-3.268846
-3.287796
-3.306942
-3.326282
-3.345817
-3.365546
-3.385467
-3.405582
-3.425888
-3.446386
-3.467074
-3.487953
-3.509022
-3.530280
-3.551726
-3.573360
-3.595182
-3.617190
-3.639384
-3.661764
-3.684329
-3.707078
-3.730010
-3.753126
-3.776423
-3.799903
-3.823563
-3.847403
-3.871424
-3.895623
-3.920000
-3.944555
-3.969287
-3.994195
-4.019279
-4.044537
-4.069969
-4.095575
-4.121354
-4.147304
-4.173426
-4.199718
-4.226180
-4.252810
-4.279609
-4.306576
-4.333709
-4.361008
-4.388473
-4.416102
-4.443894
-4.471849
-4.499967
-4.528246
-4.556685
-4.585284
-4.614042
-4.642958
-4.672031
-4.701260
-4.730646
-4.760186
-4.789880
-4.819727
-4.849727
-4.879878
-4.910179
-4.940631
-4.971231
-5.001980
-5.032875
-5.063917
-5.095105
-5.126436
-5.157912
-5.189531
-5.221291
-5.253192
-5.285234
-5.317415
-5.349734
-5.382190
-5.414784
-5.447512
-5.480376
-5.513373
-5.546503
-5.579764
-5.613157
-5.646680
-5.680332
-5.714112
-5.748019
-5.782053
-5.816211
-5.850494
-5.884901
-5.919430
-5.954080
-5.988851
-6.023741
-6.058749
-6.093875
-6.129118
-6.164476
-6.199949
-6.235535
-6.271234
-6.307045
-6.342966
-6.378996
-6.415135
-6.451381
-6.487734
-6.524193
-6.560755
-6.597422
-6.634190
-6.671060
-6.708030
-6.745100
-6.782268
-6.819533
-6.856894
-6.894350
-6.931900
-6.969543
-7.007278
-7.045104
-7.083020
-7.121025
-7.159117
-7.197296
-7.235560
-7.273909
-7.312341
-7.350855
-7.389451
-7.428127
-7.466882
-7.505714
-7.544624
-7.583609
-7.622669
-7.661803
-7.701009
-7.740287
-7.779635
-7.819051
-7.858537
-7.898088
-7.937706
-7.977389
-8.017135
-8.056944
-8.096814
-8.136744
-8.176733
-8.216781
-8.256885
-8.297045
-8.337260
-8.377528
-8.417849
-8.458221
-8.498643
-8.539114
-8.579632
-8.620198
-8.660809
-8.701464
-8.742163
-8.782904
-8.823686
-8.864507
-8.905368
-8.946266
-8.987200
-9.028170
-9.069173
-9.110210
-9.151278
-9.192377
-9.233506
-9.274663
-9.315847
-9.357057
-9.398292
-9.439550
-9.480832
-9.522134
-9.563457
-9.604799
-9.646158
-9.687535
-9.728927
-9.770333
-9.811753
-9.853185
-9.894627
-9.936080
-9.977541
-10.019010
-10.060484
-10.101964
-10.143448
-10.184934
-10.226423
-10.267911
-10.309399
-10.350885
-10.392368
-10.433847
-10.475320
-10.516787
-10.558246
-10.599696
-10.641136
-10.682565
-10.723982
-10.765385
-10.806773
-10.848145
-10.889501
-10.930838
-10.972156
-11.013453
-11.054729
-11.095982
-11.137211
-11.178415
-11.219592
-11.260742
-11.301863
-11.342955
-11.384016
-11.425044
-11.466040
-11.507000
-11.547926
-11.588815
-11.629666
-11.670478
-11.711249
-11.751980
-11.792668
-11.833313
-11.873913
-11.914467
-11.954974
-11.995433
-12.035842
-12.076202
-12.116510
-12.156765
-12.196966
-12.237113
-12.277203
-12.317236
-12.357211
-12.397127
-12.436982
-12.476775
-12.516506
-12.556172
-12.595774
-12.635309
-12.674778
-12.714178
-12.753508
-12.792768
-12.831957
-12.871072
-12.910114
-12.949081
-12.987972
-13.026785
-13.065521
-13.104177
-13.142753
-13.181247
-13.219659
-13.257987
-13.296230
-13.334387
-13.372458
-13.410441
-13.448334
-13.486138
-13.523851
-13.561471
-13.598998
-13.636431
-13.673768
-13.711009
-13.748153
-13.785198
-13.822144
-13.858989
-13.895732
-13.932373
-13.968910
-14.005343
-14.041669
-14.077889
-14.114002
-14.150005
-14.185899
-14.221682
-14.257353
-14.292912
-14.328356
-14.363686
-14.398900
-14.433997
-14.468977
-14.503837
-14.538579
-14.573199
-14.607698
-14.642074
-14.676326
-14.710454
-14.744457
-14.778332
-14.812081
-14.845701
-14.879192
-14.912553
-14.945782
-14.978879
-15.011843
-15.044674
-15.077369
-15.109928
-15.142351
-15.174636
-15.206783
-15.238790
-15.270656
-15.302382
-15.333965
-15.365406
-15.396702
-15.427853
-15.458859
-15.489719
-15.520431
-15.550994
-15.581409
-15.611674
-15.641787
-15.671749
-15.701559
-15.731215
-15.760717
-15.790064
-15.819255
-15.848290
-15.877167
-15.905885
-15.934445
-15.962845
-15.991084
-16.019161
-16.047077
-16.074829
-16.102417
-16.129841
-16.157099
-16.184191
-16.211117
-16.237874
-16.264463
-16.290883
-16.317134
-16.343213
-16.369121
-16.394857
-16.420420
-16.445810
-16.471025
-16.496065
-16.520930
-16.545618
-16.570130
-16.594463
-16.618618
-16.642594
-16.666390
-16.690006
-16.713440
-16.736693
-16.759763
-16.782651
-16.805354
-16.827873
-16.850207
-16.872356
-16.894318
-16.916094
-16.937682
-16.959082
-16.980293
-17.001315
-17.022147
-17.042788
-17.063239
-17.083498
-17.103565
-17.123439
-17.143120
-17.162606
-17.181899
-17.200996
-17.219899
-17.238605
-17.257114
-17.275427
-17.293542
-17.311458
-17.329177
-17.346696
-17.364016
-17.381135
-17.398054
-17.414772
-17.431289
-17.447603
-17.463715
-17.479625
-17.495331
-17.510833
-17.526131
-17.541225
-17.556113
-17.570796
-17.585273
-17.599544
-17.613608
-17.627466
-17.641115
-17.654557
-17.667791
-17.680816
-17.693632
-17.706239
-17.718636
-17.730823
-17.742800
-17.754566
-17.766121
-17.777464
-17.788596
-17.799516
-17.810224
-17.820719
-17.831001
-17.841070
-17.850926
-17.860568
-17.869996
-17.879209
-17.888208
-17.896993
-17.905562
-17.913916
-17.922055
-17.929977
-17.937684
-17.945175
-17.952449
-17.959507
-17.966348
-17.972972
-17.979378
-17.985568
-17.991540
-17.997294
-18.002830
-18.008149
-18.013249
-18.018131
-18.022794
-18.027239
-18.031466
-18.035473
-18.039262
-18.042831
-18.046181
-18.049313
-18.052225
-18.054917
-18.057390
-18.059644
-18.061677
-18.063492
-18.065086
-18.066461
-18.067616
-18.068551
-18.069267
-18.069762
-18.070038
-18.070093
-18.069929
-18.069545
-18.068941
-18.068117
-18.067074
-18.065810
-18.064327
-18.062624
-18.060701
-18.058559
-18.056197
-18.053616
-18.050815
-18.047795
-18.044556
-18.041097
-18.037420
-18.033523
-18.029408
-18.025074
-18.020521
-18.015750
-18.010760
-18.005552
-18.000126
-17.994482
-17.988621
-17.982541
-17.976245
-17.969731
-17.963000
-17.956052
-17.948887
-17.941506
-17.933909
-17.926096
-17.918066
-17.909822
-17.901361
-17.892686
-17.883796
-17.874691
-17.865371
-17.855838
-17.846091
-17.836130
-17.825955
-17.815568
-17.804968
-17.794156
-17.783131
-17.771894
-17.760446
-17.748787
-17.736917
-17.724837
-17.712546
-17.700045
-17.687335
-17.674416
-17.661288
-17.647952
-17.634407
-17.620655
-17.606696
-17.592530
-17.578157
-17.563578
-17.548794
-17.533804
-17.518610
-17.503211
-17.487608
-17.471802
-17.455792
-17.439580
-17.423166
-17.406550
-17.389732
-17.372714
-17.355496
-17.338078
-17.320460
-17.302644
-17.284630
-17.266417
-17.248007
-17.229401
-17.210598
-17.191599
-17.172406
-17.153017
-17.133434
-17.113658
-17.093689
-17.073527
-17.053174
-17.032629
-17.011893
-16.990968
-16.969852
-16.948548
-16.927055
-16.905375
-16.883507
-16.861453
-16.839212
-16.816787
-16.794177
-16.771382
-16.748405
-16.725244
-16.701902
-16.678378
-16.654673
-16.630788
-16.606724
-16.582481
-16.558059
-16.533461
-16.508685
-16.483734
-16.458607
-16.433306
-16.407831
-16.382182
-16.356361
-16.330368
-16.304205
-16.277871
-16.251367
-16.224695
-16.197854
-16.170847
-16.143672
-16.116332
-16.088827
-16.061158
-16.033325
-16.005330
-15.977173
-15.948854
-15.920375
-15.891737
-15.862940
-15.833986
-15.804874
-15.775606
-15.746182
-15.716604
-15.686872
-15.656987
-15.626950
-15.596762
-15.566423
-15.535935
-15.505298
-15.474513
-15.443581
-15.412503
-15.381280
-15.349913
-15.318402
-15.286748
-15.254953
-15.223017
-15.190941
-15.158726
-15.126373
-15.093883
-15.061256
-15.028494
-14.995598
-14.962568
-14.929405
-14.896111
-14.862686
-14.829131
-14.795448
-14.761636
-14.727698
-14.693633
-14.659444
-14.625130
-14.590693
-14.556135
-14.521454
-14.486654
-14.451735
-14.416697
-14.381542
-14.346271
-14.310884
-14.275383
-14.239769
-14.204043
-14.168205
-14.132257
-14.096200
-14.060034
-14.023761
-13.987382
-13.950898
-13.914310
-13.877618
-13.840824
-13.803930
-13.766935
-13.729841
-13.692649
-13.655360
-13.617976
-13.580496
-13.542923
-13.505257
-13.467499
-13.429651
-13.391713
-13.353687
-13.315574
-13.277374
-13.239088
-13.200719
-13.162266
-13.123732
-13.085116
-13.046421
-13.007647
-12.968795
-12.929867
-12.890863
-12.851784
-12.812633
-12.773409
-12.734114
-12.694749
-12.655315
-12.615813
-12.576245
-12.536611
-12.496913
-12.457151
-12.417327
-12.377442
-12.337497
-12.297493
