6.429600
6.429406
6.428822
6.427850
6.426490
6.424740
6.422602
6.420075
6.417160
6.413857
6.410165
6.406085
6.401617
6.396761
6.391518
6.385887
6.379869
6.373464
6.366672
6.359493
6.351928
6.343977
6.335640
6.326917
6.317809
6.308316
6.298439
6.288177
6.277532
6.266503
6.255091
6.243296
6.231119
6.218560
6.205619
6.192298
6.178596
6.164513
6.150052
6.135211
6.119991
6.104394
6.088419
6.072067
6.055339
6.038235
6.020756
6.002902
5.984674
5.966073
5.947099
5.927754
5.908037
5.887949
5.867491
5.846664
5.825469
5.803905
5.781975
5.759679
5.737017
5.713990
5.690599
5.666845
5.642729
5.618252
5.593414
5.568216
5.542660
5.516745
5.490474
5.463846
5.436864
5.409527
5.381836
5.353793
5.325399
5.296655
5.267561
5.238119
5.208330
5.178194
5.147713
5.116888
5.085719
5.054209
5.022358
4.990166
4.957637
4.924769
4.891565
4.858026
4.824153
4.789947
4.755409
4.720541
4.685343
4.649817
4.613964
4.577786
4.541283
4.504458
4.467310
4.429842
4.392055
4.353950
4.315528
4.276791
4.237741
4.198377
4.158703
4.118719
4.078426
4.037827
3.996922
3.955713
3.914201
3.872388
3.830275
3.787863
3.745155
3.702152
3.658855
3.615265
3.571384
3.527214
3.482757
3.438013
3.392984
3.347673
3.302080
3.256206
3.210055
3.163627
3.116923
3.069947
3.022698
2.975179
2.927392
2.879337
2.831018
2.782434
2.733589
2.684484
2.635121
2.585500
2.535625
2.485497
2.435116
2.384487
2.333609
2.282485
2.231116
2.179505
2.127653
2.075562
2.023233
1.970670
1.917872
1.864843
1.811584
1.758097
1.704384
1.650446
1.596286
1.541905
1.487306
1.432490
1.377459
1.322215
1.266760
1.211096
1.155225
1.099148
1.042869
0.986388
0.929707
0.872830
0.815757
0.758490
0.701033
0.643385
0.585551
0.527531
0.469327
0.410943
0.352379
0.293638
0.234721
0.175631
0.116371
0.056941
-0.002656
-0.062418
-0.122342
-0.182427
-0.242671
-0.303072
-0.363626
-0.424334
-0.485191
-0.546197
-0.607348
-0.668644
-0.730081
-0.791657
-0.853372
-0.915221
-0.977204
-1.039317
-1.101559
-1.163929
-1.226422
-1.289038
-1.351774
-1.414628
-1.477597
-1.540680
-1.603875
-1.667179
-1.730589
-1.794105
-1.857723
-1.921441
-1.985258
-2.049170
-2.113176
-2.177273
-2.241460
-2.305734
-2.370092
-2.434533
-2.499054
-2.563653
-2.628328
-2.693076
-2.757896
-2.822784
-2.887740
-2.952759
-3.017841
-3.082983
-3.148183
-3.213438
-3.278746
-3.344105
-3.409513
-3.474967
-3.540465
-3.606005
-3.671584
-3.737200
-3.802852
-3.868536
-3.934250
-3.999992
-4.065760
-4.131552
-4.197365
-4.263196
-4.329044
-4.394907
-4.460781
-4.526666
-4.592557
-4.658454
-4.724354
-4.790254
-4.856152
-4.922047
-4.987935
-5.053814
-5.119683
-5.185538
-5.251378
-5.317199
-5.383001
-5.448781
-5.514536
-5.580263
-5.645962
-5.711629
-5.777262
-5.842859
-5.908418
-5.973936
-6.039411
-6.104841
-6.170223
-6.235556
-6.300836
-6.366063
-6.431232
-6.496343
-6.561392
-6.626378
-6.691299
-6.756152
-6.820934
-6.885644
-6.950279
-7.014837
-7.079316
-7.143714
-7.208028
-7.272256
-7.336396
-7.400446
-7.464403
-7.528265
-7.592030
-7.655695
-7.719260
-7.782720
-7.846075
-7.909321
-7.972458
-8.035481
-8.098390
-8.161182
-8.223855
-8.286407
-8.348835
-8.411138
-8.473312
-8.535357
-8.597270
-8.659048
-8.720690
-8.782194
-8.843557
-8.904776
-8.965851
-9.026779
-9.087558
-9.148185
-9.208659
-9.268977
-9.329138
-9.389139
-9.448978
-9.508653
-9.568162
-9.627503
-9.686674
-9.745672
-9.804497
-9.863145
-9.921615
-9.979904
-10.038011
-10.095934
-10.153670
-10.211218
-10.268575
-10.325740
-10.382710
-10.439484
-10.496060
-10.552435
-10.608608
-10.664576
-10.720338
-10.775893
-10.831237
-10.886369
-10.941287
-10.995989
-11.050473
-11.104738
-11.158781
-11.212601
-11.266195
-11.319562
-11.372701
-11.425608
-11.478283
-11.530723
-11.582926
-11.634892
-11.686617
-11.738101
-11.789341
-11.840335
-11.891083
-11.941581
-11.991829
-12.041825
-12.091566
-12.141051
-12.190279
-12.239247
-12.287954
-12.336399
-12.384579
-12.432493
-12.480139
-12.527516
-12.574622
-12.621455
-12.668013
-12.714296
-12.760301
-12.806027
-12.851472
-12.896635
-12.941514
-12.986107
-13.030413
-13.074431
-13.118159
-13.161594
-13.204737
-13.247585
-13.290137
-13.332392
-13.374347
-13.416001
-13.457354
-13.498403
-13.539147
-13.579585
-13.619716
-13.659537
-13.699048
-13.738247
-13.777132
-13.815703
-13.853958
-13.891896
-13.929515
-13.966815
-14.003793
-14.040449
-14.076781
-14.112788
-14.148468
-14.183821
-14.218846
-14.253540
-14.287904
-14.321935
-14.355632
-14.388995
-14.422021
-14.454711
-14.487063
-14.519075
-14.550747
-14.582077
-14.613065
-14.643709
-14.674008
-14.703962
-14.733569
-14.762828
-14.791737
-14.820297
-14.848507
-14.876364
-14.903868
-14.931019
-14.957815
-14.984255
-15.010338
-15.036064
-15.061432
-15.086440
-15.111089
-15.135376
-15.159301
-15.182864
-15.206063
-15.228897
-15.251367
-15.273471
-15.295208
-15.316578
-15.337579
-15.358212
-15.378475
-15.398367
-15.417889
-15.437039
-15.455816
-15.474221
-15.492252
-15.509908
-15.527190
-15.544096
-15.560626
-15.576780
-15.592556
-15.607954
-15.622974
-15.637615
-15.651877
-15.665759
-15.679261
-15.692382
-15.705122
-15.717480
-15.729456
-15.741049
-15.752259
-15.763086
-15.773530
-15.783589
-15.793264
-15.802554
-15.811459
-15.819978
-15.828112
-15.835860
-15.843222
-15.850197
-15.856785
-15.862987
-15.868801
-15.874228
-15.879267
-15.883919
-15.888182
-15.892058
-15.895545
-15.898644
-15.901355
-15.903677
-15.905610
-15.907155
-15.908311
-15.909078
-15.909456
-15.909446
-15.909047
-15.908259
-15.907082
-15.905517
-15.903563
-15.901220
-15.898489
-15.895369
-15.891861
-15.887965
-15.883680
-15.879008
-15.873948
-15.868501
-15.862666
-15.856444
-15.849835
-15.842839
-15.835457
-15.827688
-15.819534
-15.810994
-15.802068
-15.792758
-15.783062
-15.772982
-15.762519
-15.751671
-15.740440
-15.728827
-15.716830
-15.704452
-15.691692
-15.678551
-15.665029
-15.651126
-15.636844
-15.622183
-15.607142
-15.591724
-15.575927
-15.559754
-15.543204
-15.526278
-15.508976
-15.491299
-15.473248
-15.454824
-15.436027
-15.416857
-15.397315
-15.377403
-15.357120
-15.336468
-15.315447
-15.294058
-15.272301
-15.250178
-15.227689
-15.204834
-15.181616
-15.158034
-15.134089
-15.109783
-15.085116
-15.060088
-15.034701
-15.008956
-14.982854
-14.956394
-14.929580
-14.902410
-14.874887
-14.847011
-14.818783
-14.790204
-14.761276
-14.731998
-14.702373
-14.672401
-14.642083
-14.611421
-14.580415
-14.549066
-14.517376
-14.485346
-14.452976
-14.420268
-14.387224
-14.353843
-14.320128
-14.286079
-14.251698
-14.216986
-14.181944
-14.146573
-14.110875
-14.074851
-14.038502
-14.001829
-13.964833
-13.927517
-13.889881
-13.851926
-13.813654
-13.775066
-13.736164
-13.696948
-13.657421
-13.617583
-13.577436
-13.536982
-13.496221
-13.455156
-13.413787
-13.372116
-13.330145
-13.287875
-13.245307
-13.202443
-13.159285
-13.115834
-13.072090
-13.028057
-12.983736
-12.939127
-12.894233
-12.849055
-12.803595
-12.757854
-12.711834
-12.665537
-12.618964
-12.572116
-12.524996
-12.477605
-12.429944
-12.382016
-12.333822
-12.285363
-12.236642
-12.187660
-12.138418
-12.088919
-12.039164
-11.989155
-11.938894
-11.888382
-11.837622
-11.786614
-11.735361
-11.683864
-11.632126
-11.580148
-11.527931
-11.475479
-11.422792
-11.369872
-11.316722
-11.263342
-11.209736
-11.155904
-11.101849
-11.047573
-10.993077
-10.938363
-10.883433
-10.828290
-10.772935
-10.717369
-10.661596
-10.605617
-10.549433
-10.493047
-10.436461
-10.379676
-10.322696
-10.265520
-10.208153
-10.150595
-10.092849
-10.034916
-9.976800
-9.918501
-9.860021
-9.801364
-9.742530
-9.683522
-9.624342
-9.564992
-9.505474
-9.445790
-9.385942
-9.325933
-9.265764
-9.205437
-9.144955
-9.084320
-9.023533
-8.962597
-8.901515
-8.840287
-8.778917
-8.717406
-8.655757
-8.593971
-8.532051
-8.469999
-8.407818
-8.345508
-8.283073
-8.220515
-8.157836
-8.095038
-8.032123
-7.969093
-7.905951
-7.842698
-7.779338
-7.715872
-7.652302
-7.588631
-7.524861
-7.460994
-7.397032
-7.332977
-7.268833
-7.204600
-7.140281
-7.075879
-7.011396
-6.946833
-6.882194
-6.817480
-6.752694
-6.687838
-6.622914
-6.557924
-6.492871
-6.427758
-6.362585
-6.297356
-6.232073
-6.166737
-6.101352
-6.035920
-5.970443
-5.904922
-5.839362
-5.773762
-5.708127
-5.642459
-5.576758
-5.511029
-5.445273
-5.379492
-5.313689
-5.247866
-5.182026
-5.116170
-5.050300
-4.984421
-4.918532
-4.852637
-4.786739
-4.720839
-4.654939
-4.589043
-4.523151
-4.457267
-4.391394
-4.325532
-4.259684
-4.193854
-4.128042
-4.062252
-3.996485
-3.930744
-3.865031
-3.799349
-3.733700
-3.668085
-3.602508
-3.536970
-3.471475
-3.406023
-3.340618
-3.275262
-3.209956
-3.144704
-3.079507
-3.014369
-2.949290
-2.884273
-2.819322
-2.754437
-2.689621
-2.624876
-2.560205
-2.495610
-2.431094
-2.366657
-2.302303
-2.238034
-2.173852
-2.109760
-2.045759
-1.981851
-1.918040
-1.854327
-1.790714
-1.727205
-1.663800
-1.600502
-1.537313
-1.474236
-1.411272
-1.348425
-1.285695
