-4.412704085
-4.419356906
-4.380622955
-4.321451298
-4.238978117
-4.133886082
-4.030586605
-3.946473024
-3.87453148
-3.785164356
-3.726362627
-3.706618604
-3.706850959
-3.740339362
-3.791973018
-3.860458903
-3.922591837
-3.975106557
-4.025108065
-4.044650756
-4.064125107
-4.083426655
-4.095229289
-4.099565362
-4.103872121
-4.097522284
-4.087098363
-4.084569547
-4.100038434
-4.111299123
-4.118041298
-4.113232239
-4.105535624
-4.099761375
-4.093585174
-4.096692695
-4.110158001
-4.136189107
-4.147920659
-4.189922225
-4.241948733
-4.30397732
-4.353531541
-4.398902665
-4.460689825
-4.531996064
-4.608990228
-4.696565378
-4.769745848
-4.83784359
-4.894033624
-4.942396351
-4.983265187
-5.042403227
-5.105223635
-5.145754822
-5.199938219
-5.287951265
-5.363152928
-5.477494632
-5.611394903
-5.758337536
-5.900092736
-6.007402454
-6.067244942
-6.103199534
-6.117317645
-6.133498473
-6.158744077
-6.192014596
-6.266364332
-6.353580034
-6.444780536
-6.533755316
-6.614648065
-6.682535607
-6.710496208
-6.740446043
-6.766405101
-6.804354787
-6.842308633
-6.910211907
-6.990051644
-7.087878626
-7.211652351
-7.327356475
-7.439005853
-7.540535209
-7.622930836
-7.677363271
-7.715062297
-7.761075542
-7.832916023
-7.941455979
-8.116444837
-8.332257604
-8.532159154
-8.712259416
-8.837012549
-8.899864503
-8.930071656
-8.964077542
-8.998089262
-9.022835449
-9.078448931
-9.159926569
-9.256819891
-9.380179658
-9.533374153
-9.697035797
-9.879329211
-10.09189471
-10.30955
-10.51133789
-10.69463278
-10.83765734
-10.94028956
-11.00948644
-11.03784752
-11.04755941
-11.04616488
-11.04714471
-11.05783149
-11.07703428
-11.11369983
-11.16404913
-11.23302404
-11.30454778
-11.37504593
-11.42808652
-11.46764984
-11.49593413
-11.50938538
-11.5190815
-11.52620993
-11.54322254
-11.57268472
-11.62684123
-11.70190676
-11.7966515
-11.90473646
-12.00780181
-12.10228999
-12.18820942
-12.24941898
-12.28721007
-12.32246758
-12.34554808
-12.40677062
-12.481456
-12.56586369
-12.64029479
-12.7195579
-12.80125329
-12.87551228
-12.93868001
-13.00310388
-13.06629382
-13.12458007
-13.18402596
-13.23491714
-13.27973636
-13.32214951
-13.37909401
-13.43108596
-13.4434842
-13.48051075
-13.54096831
-13.60257444
-13.66288271
-13.73644363
-13.81476705
-13.89659782
-13.96715485
-14.06067963
-14.15906051
-14.25830871
-14.37559928
-14.48296308
-14.58325271
-14.65670277
-14.72240419
-14.75861847
-14.75971933
-14.73368411
-14.70200627
-14.67446562
-14.64217139
-14.61609109
-14.59001005
-14.54937848
-14.48535435
-14.41512464
-14.33869481
-14.24483098
-14.17279395
-14.12313572
-14.09462955
-14.06548062
-14.02223946
-13.95428699
-13.85727257
-13.76515199
-13.68080803
-13.5924052
-13.5264464
-13.49360471
-13.48004934
-13.49552229
-13.55127818
-13.62396611
-13.71927971
-13.80508957
-13.89568769
-13.96962193
-14.02329164
-14.03754632
-14.02244409
-13.98779082
-13.92698548
-13.85157338
-13.76255801
-13.69311106
-13.62077718
-13.54661208
-13.46224835
-13.37538581
-13.28788669
-13.1993398
-13.12263896
-13.03727712
-12.95910653
-12.87231044
-12.79881081
-12.71646938
-12.62089294
-12.5218297
-12.43243132
-12.33448735
-12.20962543
-12.06759232
-11.90641266
-11.75951931
-11.62186543
-11.48165792
-11.36433655
-11.23398642
-11.116785
-10.98798685
-10.87186967
-10.74181059
-10.60074523
-10.42969155
-10.26386569
-10.09408044
-9.909660737
-9.728245624
-9.541959565
-9.350807377
-9.157128447
-8.958632723
-8.787243751
-8.617957744
-8.463098269
-8.329460262
-8.205323832
-8.088474385
-7.967528383
-7.880700503
-7.82428603
-7.772067262
-7.727887019
-7.68371702
-7.644591478
-7.576476223
-7.506263956
-7.431888504
-7.331915164
-7.206353193
-7.051912919
-6.872406355
-6.638854827
-6.384927037
-6.125999381
-5.859453772
-5.56854431
-5.261633501
-4.931673568
-4.613666672
-4.317011712
-4.035973962
-3.783373012
-3.554973845
-3.355390662
-3.190221511
-3.028178528
-2.875032767
-2.722354772
-2.597693704
-2.478767876
-2.354499453
-2.215310671
-2.074969066
-1.907991478
-1.738453413
-1.538978796
-1.335657263
-1.105880694
-0.875814275
-0.624009471
-0.350452475
-0.036742813
0.301779529
0.663642844
1.055293874
1.442369077
1.812131462
2.163369096
2.480038986
2.758667322
3.007092062
3.215860625
3.396795177
3.551766355
3.686458853
3.800515825
3.908934638
4.004087307
4.081200089
4.149118273
4.244596729
4.350778669
4.487370892
4.625892437
4.767450111
4.895154122
4.997503099
5.054350226
5.107387599
5.158322008
5.210026897
5.257089848
5.307609279
5.377019886
5.471058594
5.547130347
5.623987357
5.705928096
5.792620084
5.879882218
5.968755157
6.084770245
6.19654118
6.305409762
6.392681871
6.484451533
6.557390288
6.638307331
6.740889124
6.879803466
7.028382494
7.171404473
7.298778401
7.424981795
7.547681246
7.641182761
7.716086367
7.790077431
7.894086624
8.006128624
8.123141858
8.248969347
8.381618552
8.469742514
8.531730466
8.603313602
8.687349824
8.772555807
8.877371843
8.981800852
9.072180024
9.146604324
9.201408498
9.219231607
9.223754732
9.228280815
9.2331874
9.238475272
9.243767134
9.252727442
9.251671702
9.269850374
9.301657219
9.338215153
9.365103458
9.425223147
9.499763815
9.587981214
9.654057253
9.701292896
9.719341074
9.707069827
9.694461969
9.671115635
9.677000082
9.690990206
9.729349555
9.77361497
9.817804249
9.866783426
9.949423724
10.03986881
10.12040673
10.17394741
10.21342792
10.25217986
10.29129463
10.32560411
10.3739949
10.40352171
10.43234919
10.44265284
10.43372624
10.41589824
10.36889115
10.3219053
10.25236451
10.17663591
10.10909509
10.06744913
10.06831933
10.11285808
10.17152905
10.25755928
10.3314788
10.38242304
10.3941348
10.35467989
10.28667586
10.19314152
10.11181824
10.08087506
10.0881124
10.11207396
10.13905639
10.16015533
10.14418347
10.09026195
10.01731223
9.927939349
9.819491923
9.719910565
9.599733461
9.481790482
9.373808042
9.278311152
9.161162366
9.05144959
8.950434326
8.832720557
8.705951924
8.568510749
8.446851621
8.322872032
8.199231408
8.065248176
7.927301135
7.785277862
7.647064926
7.534905748
7.422964645
7.304284204
7.181794638
7.096284737
7.028842413
6.958837357
6.889899749
6.800309138
6.688504872
6.57711168
6.455228943
6.332195989
6.202468513
6.077240542
5.926941583
5.772298704
5.602814536
5.420024096
5.265424327
5.125279254
4.969155893
4.835800396
4.72005961
4.59373164
4.433553741
4.262220631
4.077155363
3.862382937
3.594715509
3.295304768
2.974041543
2.625771821
2.306536194
2.013540721
1.737052441
1.521794669
1.38783847
1.303338419
1.260600092
1.260600092
1.260600092
1.260600092
1.247712733
1.236220147
1.206149013
1.157030723
1.08732223
1.001927119
0.905748679
0.786745114
0.654273719
0.527376795
0.369929608
0.234382838
0.103635818
-0.031021314
-0.171439302
-0.320495633
-0.515038986
-0.751571426
-1.045634113
-1.401205534
-1.787634103
-2.224257046
-2.667441371
-3.103418378
-3.55890652
-4.021285168
-4.437977241
-4.805508133
-5.105405456
-5.310490606
-5.454542113
-5.551910706
-5.611620997
-5.650867377
-5.659209778
-5.616582996
-5.562015368
-5.508482104
-5.453928608
-5.412334459
-5.365649647
-5.329871284
-5.31387494
-5.314891575
-5.31082024
-5.314885791
-5.316909674
-5.325035581
-5.326021535
-5.328032478
-5.328146348
-5.318497205
-5.309856111
-5.274120901
-5.257302279
-5.256374014
-5.261416135
-5.267465269
-5.271497169
-5.274520643
-5.27464556
-5.276660635
-5.276660635
-5.281754615
-5.29093421
-5.292949792
-5.296980439
-5.308119631
-5.32636762
-5.336498648
-5.339519898
-5.339519898
-5.340526895
-5.347574656
-5.355626632
-5.344216682
-5.299070756
-5.258051803
-5.243521303
-5.226760973
-5.195761431
-5.148234044
-5.101605676
-5.048646275
-4.974178775
-4.907868897
-4.845603706
-4.797466479
-4.747027547
-4.691054569
-4.612721942
-4.501765325
-4.353346887
-4.16175539
-3.942436254
-3.714308369
-3.492597106
-3.281509309
-3.108079632
-2.967515492
-2.871953814
