-3.332256
-3.467491
-3.602701
-3.737862
-3.872949
-4.007938
-4.142803
-4.277521
-4.412067
-4.546415
-4.680543
-4.814424
-4.948036
-5.081353
-5.214351
-5.347007
-5.479295
-5.611192
-5.742673
-5.873715
-6.004294
-6.134387
-6.263968
-6.393015
-6.521504
-6.649412
-6.776716
-6.903392
-7.029417
-7.154768
-7.279422
-7.403357
-7.526550
-7.648979
-7.770621
-7.891455
-8.011457
-8.130606
-8.248881
-8.366260
-8.482722
-8.598245
-8.712808
-8.826391
-8.938972
-9.050531
-9.161049
-9.270504
-9.378877
-9.486148
-9.592297
-9.697305
-9.801154
-9.903823
-10.005295
-10.105551
-10.204572
-10.302341
-10.398840
-10.494050
-10.587956
-10.680539
-10.771783
-10.861671
-10.950187
-11.037315
-11.123038
-11.207341
-11.290210
-11.371628
-11.451580
-11.530053
-11.607033
-11.682504
-11.756453
-11.828867
-11.899732
-11.969036
-12.036766
-12.102910
-12.167455
-12.230390
-12.291703
-12.351384
-12.409420
-12.465803
-12.520521
-12.573564
-12.624924
-12.674589
-12.722552
-12.768804
-12.813336
-12.856140
-12.897208
-12.936533
-12.974108
-13.009925
-13.043979
-13.076263
-13.106771
-13.135498
-13.162438
-13.187586
-13.210939
-13.232491
-13.252239
-13.270179
-13.286307
-13.300622
-13.313120
-13.323799
-13.332657
-13.339692
-13.344904
-13.348291
-13.349852
-13.349588
-13.347498
-13.343583
-13.337843
-13.330280
-13.320895
-13.309690
-13.296666
-13.281826
-13.265172
-13.246709
-13.226438
-13.204365
-13.180492
-13.154825
-13.127367
-13.098124
-13.067101
-13.034305
-12.999740
-12.963413
-12.925331
-12.885500
-12.843929
-12.800624
-12.755594
-12.708846
-12.660389
-12.610232
-12.558385
-12.504855
-12.449655
-12.392792
-12.334279
-12.274124
-12.212341
-12.148938
-12.083929
-12.017325
-11.949138
-11.879381
-11.808066
-11.735207
-11.660816
-11.584907
-11.507494
-11.428591
-11.348213
-11.266373
-11.183088
-11.098372
-11.012241
-10.924710
-10.835795
-10.745513
-10.653879
-10.560912
-10.466627
-10.371042
-10.274173
-10.176040
-10.076660
-9.976050
-9.874230
-9.771217
-9.667031
-9.561690
-9.455214
-9.347623
-9.238934
-9.129170
-9.018349
-8.906491
-8.793618
-8.679750
-8.564906
-8.449110
-8.332380
-8.214740
-8.096210
-7.976811
-7.856566
-7.735496
-7.613624
-7.490972
-7.367562
-7.243416
-7.118558
-6.993009
-6.866793
-6.739934
-6.612453
-6.484374
-6.355721
-6.226517
-6.096785
-5.966550
-5.835834
-5.704662
-5.573058
-5.441045
-5.308649
-5.175892
-5.042798
-4.909394
-4.775701
-4.641746
-4.507552
-4.373144
-4.238546
-4.103783
-3.968879
-3.833860
-3.698749
-3.563571
-3.428351
-3.293113
-3.157883
-3.022684
-2.887542
-2.752481
-2.617525
-2.482700
-2.348030
-2.213539
-2.079252
-1.945193
-1.811387
-1.677858
-1.544631
-1.411729
-1.279178
-1.147000
-1.015221
-0.883864
-0.752954
-0.622513
-0.492566
-0.363137
-0.234249
-0.105926
0.021810
0.148934
0.275424
0.401256
0.526408
0.650856
0.774579
0.897553
1.019757
1.141167
1.261762
1.381520
1.500418
1.618436
1.735552
1.851744
1.966991
2.081273
2.194568
2.306855
2.418115
2.528327
2.637471
2.745527
2.852475
2.958296
3.062971
3.166480
3.268805
3.369927
3.469827
3.568488
3.665891
3.762018
3.856853
3.950378
4.042575
4.133428
4.222921
4.311036
4.397759
4.483073
4.566963
4.649413
4.730408
4.809934
4.887976
4.964520
5.039552
5.113058
5.185026
5.255440
5.324290
5.391562
5.457244
5.521325
5.583792
5.644633
5.703839
5.761398
5.817300
5.871534
5.924091
5.974961
6.024135
6.071604
6.117358
6.161391
6.203693
6.244258
6.283077
6.320144
6.355452
6.388994
6.420764
6.450757
6.478967
6.505389
6.530019
6.552850
6.573881
6.593105
6.610521
6.626125
6.639914
6.651886
6.662038
6.670369
6.676877
6.681560
6.684419
6.685452
6.684659
6.682041
6.677598
6.671330
6.663240
6.653327
6.641595
6.628045
6.612680
6.595503
6.576516
6.555723
6.533128
6.508736
6.482550
6.454575
6.424816
6.393279
6.359970
6.324895
6.288059
6.249470
6.209135
6.167061
6.123256
6.077728
6.030484
5.981535
5.930888
5.878552
5.824538
5.768856
5.711514
5.652525
5.591898
5.529644
5.465776
5.400304
5.333240
5.264598
5.194388
5.122625
5.049321
4.974489
4.898143
4.820298
4.740966
4.660163
4.577904
4.494203
4.409076
4.322538
4.234605
4.145292
4.054617
3.962596
3.869246
3.774582
3.678624
3.581388
3.482892
3.383154
3.282192
3.180025
3.076670
2.972148
2.866477
2.759676
2.651765
2.542763
2.432691
2.321567
2.209414
2.096251
1.982098
1.866977
1.750908
1.633912
1.516012
1.397228
1.277582
1.157096
1.035792
0.913692
0.790818
0.667193
