-3.382025097
-3.580358347
-3.786732856
-3.999232189
-4.194299513
-4.351539166
-4.45736892
-4.506712051
-4.509539512
-4.484913954
-4.46249832
-4.44531562
-4.432168176
-4.419014058
-4.405853289
-4.391672744
-4.378498239
-4.360305498
-4.348135985
-4.342049141
-4.325950816
-4.324145594
-4.328359267
-4.332572515
-4.332572515
-4.339191344
-4.365470503
-4.421040719
-4.503922816
-4.60547253
-4.734497674
-4.845474838
-4.93743398
-5.034729684
-5.103767296
-5.130605598
-5.159737192
-5.214648108
-5.288415636
-5.3983378
-5.533537034
-5.669120646
-5.784843267
-5.882795958
-5.961962724
-6.042858926
-6.107584602
-6.158286047
-6.220403824
-6.272377727
-6.307083311
-6.335735616
-6.398702487
-6.496001689
-6.624712875
-6.780802609
-6.99931934
-7.247408391
-7.520877463
-7.806233238
-8.115881351
-8.394807676
-8.653149597
-8.875272741
-9.013674698
-9.093277147
-9.160675563
-9.215848843
-9.26133829
-9.308196064
-9.359185425
-9.424374659
-9.495673439
-9.584712759
-9.70935811
-9.857539183
-10.0118618
-10.18257913
-10.34998991
-10.51801526
-10.67477992
-10.84497776
-11.01721736
-11.19328325
-11.40197167
-11.61080534
-11.85264443
-12.11651154
-12.35838172
-12.58803817
-12.79902213
-12.97980186
-13.11758277
-13.20857049
-13.26272178
-13.27535056
-13.27925676
-13.28211288
-13.26513439
-13.27706192
-13.29641635
-13.31824455
-13.34632543
-13.39078164
-13.45291191
-13.51747111
-13.57822194
-13.62375932
-13.65540563
-13.69820523
-13.71956224
-13.72967231
-13.74743964
-13.7815089
-13.82452189
-13.8964255
-13.96835219
-14.05285006
-14.12839608
-14.22403879
-14.33718477
-14.45531533
-14.54212242
-14.62999147
-14.70779696
-14.77421324
-14.83400838
-14.90159722
-14.95681579
-15.00808849
-15.06695643
-15.13576595
-15.21084392
-15.28354299
-15.34256965
-15.38795823
-15.44297999
-15.50791265
-15.58273469
-15.65253619
-15.73188215
-15.80355569
-15.87054293
-15.92264531
-15.97075531
-16.00533714
-16.04254545
-16.08509456
-16.14973342
-16.19947706
-16.24911882
-16.29909629
-16.3819074
-16.4600038
-16.54389306
-16.64015146
-16.73008363
-16.81013376
-16.88165224
-16.95047145
-17.00947189
-17.06039971
-17.12652049
-17.21484774
-17.32137747
-17.43040485
-17.54545546
-17.65550705
-17.76761205
-17.86417693
-17.94037807
-18.02210485
-18.12757568
-18.20749458
-18.27394275
-18.32301614
-18.34752294
-18.36240705
-18.38868241
-18.42957935
-18.45930177
-18.48769497
-18.5147616
-18.54310402
-18.54633215
-18.52745225
-18.49015671
-18.46102564
-18.45152093
-18.51370808
-18.59329371
-18.67837394
-18.77924252
-18.88589615
-19.01451624
-19.15813637
-19.29122226
-19.42148454
-19.55318791
-19.67103761
-19.75478668
-19.76301302
-19.72121842
-19.67416503
-19.61153301
-19.55016811
-19.4875474
-19.43256537
-19.36769851
-19.30095753
-19.2089434
-19.11536332
-18.98746514
-18.85213586
-18.68451096
-18.51884535
-18.3621956
-18.22624811
-18.12698897
-18.08104945
-18.059148
-18.09307025
-18.18270824
-18.27400427
-18.38564471
-18.49338793
-18.60921087
-18.70120021
-18.76867212
-18.8187831
-18.84755086
-18.85209431
-18.81758497
-18.77976197
-18.74194929
-18.68991533
-18.64535276
-18.60195497
-18.54083076
-18.45454154
-18.35338295
-18.21723931
-18.02739581
-17.8091826
-17.58319647
-17.34625466
-17.09812145
-16.84225061
-16.62918022
-16.46990486
-16.36079115
-16.29400492
-16.28915226
-16.30843399
-16.33136804
-16.35297832
-16.32770353
-16.25171191
-16.12388963
-15.92507531
-15.66515291
-15.37688449
-15.09529652
-14.81443743
-14.56806388
-14.37864584
-14.2352051
-14.12105749
-14.04833912
-14.00756137
-13.9921361
-13.96054621
-13.91479463
-13.83960638
-13.72992438
-13.58672238
-13.376936
-13.14581479
-12.89244891
-12.61045096
-12.30231611
-12.01517936
-11.76285553
-11.57055855
-11.40539859
-11.24911412
-11.11626614
-11.01098201
-10.87375722
-10.74020824
-10.58742818
-10.40845099
-10.19915972
-9.961470345
-9.709049616
-9.464134236
-9.228456521
-9.001916833
-8.793458394
-8.566754383
-8.310836161
-8.04181879
-7.737862432
-7.41879374
-7.073887581
-6.708286002
-6.327598197
-5.930935118
-5.530873568
-5.142994634
-4.782759797
-4.451524697
-4.176058918
-3.967712745
-3.80926961
-3.698602825
-3.614661252
-3.557415514
-3.505871289
-3.442623605
-3.392184294
-3.333246201
-3.264022994
-3.173148395
-3.079436542
-2.975747257
-2.857487435
-2.73359397
-2.578553884
-2.40306174
-2.20318553
-1.990085785
-1.7509211
-1.514206024
-1.259677024
-1.016419204
-0.78527126
-0.548618874
-0.302880471
-0.083498652
0.13030686
0.316377703
0.517607629
0.732206127
0.968651679
1.224623634
1.524637941
1.819902133
2.111559193
2.393312952
2.664374992
2.909902001
3.123304603
3.301469163
3.456336806
3.590592594
3.678940423
3.762084967
3.812455146
3.857861552
3.902775683
3.962581032
4.02903252
4.118358066
4.257287739
4.416054862
4.583499999
4.774489327
4.97621204
5.186844334
5.401920128
5.608554344
5.790136438
5.957876373
6.116263616
6.275955745
6.446309366
6.611847587
6.774099499
6.923062932
7.050857389
7.174852691
7.269541427
7.350560018
7.419048029
7.503857815
7.60217069
7.725002575
7.872877528
8.016723645
8.173869814
8.330878212
8.488745372
8.631996483
8.779168773
8.941164913
9.111340895
9.268906057
9.429442336
9.600707889
9.781901934
9.962456454
10.13333884
10.30527205
10.446151
10.58264962
10.67593632
10.74973324
10.84322896
10.92634787
11.01814204
11.11580295
11.22791909
11.36279793
11.48747796
11.62195032
11.74800234
11.86866664
11.96596269
12.03984878
12.09460973
12.14473363
12.18975963
12.23858118
12.2871509
12.34539222
12.39956661
12.4494081
12.51324346
12.58650048
12.65951969
12.72389369
12.7826533
12.82714435
12.85784018
12.88757312
12.92697615
12.97534265
13.01545031
13.04673701
13.0821128
13.14126927
13.20917519
13.30108992
13.39834966
13.47689602
13.55521736
13.62363873
13.66785516
13.68366914
13.69001488
13.69152097
13.69807983
13.71935905
13.74939635
13.79964365
13.86876736
13.96649182
14.06904828
14.17121514
14.27299176
14.36588718
14.43495426
14.48987267
14.52578242
14.55125104
14.57150237
14.57650533
14.57687304
14.58208404
14.59288099
14.59359001
14.62310607
14.69613677
14.80191082
14.92689851
15.05695857
15.16839531
15.26599086
15.33970425
15.39469277
15.40549228
15.39744137
15.37490789
15.34740208
15.32425283
15.29579186
15.27316929
15.25538878
15.25259215
15.25445011
15.25630899
15.24423827
15.2272061
15.19939625
15.15700551
15.10982631
15.06266515
15.01997115
14.9924228
14.97467502
14.96598911
14.96671965
14.967633
14.95877247
14.93073696
14.88391243
14.82715695
14.77042786
14.72349662
14.67082419
14.6183557
14.55153809
14.49314742
14.45251864
14.4258494
14.41872588
14.42222408
14.41668889
14.39218445
14.33824205
14.24962087
14.1364716
14.03896755
13.95652722
13.88761689
13.84666162
13.83344439
13.86013157
13.87612786
13.86872712
13.82229733
13.71857427
13.58168418
13.44448551
13.31787347
13.20086124
13.09986398
13.00347383
12.94115079
12.91416051
12.89122469
12.86318982
12.83028006
12.80164461
12.77671312
12.74607222
12.70191069
12.66063656
12.61963848
12.5508649
12.44294686
12.29901692
12.14281127
11.99155072
11.84043066
11.68430146
11.51218692
11.33562312
11.14324612
10.92454075
10.70060267
10.47705373
10.22246805
9.935427719
9.632316608
9.350997703
9.08013103
8.843402346
8.630582543
8.434280682
8.278203277
8.120937317
7.989293577
7.895120959
7.813555188
7.756812021
7.701470997
7.669681642
7.637882351
7.584513075
7.510059961
7.40960845
7.290513254
7.140885391
6.972881228
6.814533206
6.681159642
6.550606252
6.426541712
6.303993426
6.179053115
6.028760956
5.858552319
5.672672627
5.496103167
5.304600376
5.131037117
4.963706666
4.786014968
4.595031085
4.402194209
4.159505345
3.85830295
3.553847154
3.302911579
3.062841738
2.817197562
2.568538862
2.330740147
2.099382212
1.881365722
1.665260888
1.484653326
1.314916786
1.15806845
1.003151841
0.864278715
0.738007698
0.623782965
0.513035375
0.422212086
0.349273579
0.286285746
0.21191469
0.110467885
-0.01373903
-0.197841838
-0.415700814
-0.639866803
-0.847653883
-1.035219573
-1.220215534
-1.38658671
-1.583265651
-1.819682111
-2.109910944
-2.409647868
-2.70971851
-3.004688395
-3.313707442
-3.608768837
-3.904156658
-4.201810817
-4.462364273
-4.718152469
-4.955030342
-5.142597455
-5.257796869
-5.324746412
-5.363776246
-5.397933401
-5.413604159
-5.427609148
-5.444626446
-5.447257598
-5.451562101
-5.459093514
-5.470924838
-5.483012723
-5.514267542
-5.566887382
-5.629820753
-5.714215784
-5.784142992
-5.849956821
-5.920178582
-6.01093818
-6.066084445
-6.098312912
-6.109786448
-6.130751012
-6.168010425
-6.207145298
-6.246265952
-6.285130825
-6.301711705
-6.295694652
-6.289678475
-6.284758239
-6.280933383
-6.261080377
-6.207734387
-6.1318228
-6.051705836
-6.0052922
-5.981639888
-5.975869046
-5.976734291
-5.962088615
-5.949095226
-5.926644205
-5.899662262
-5.886686705
-5.871472604
-5.846878289
-5.824764867
-5.815713908
-5.79629322
-5.753896079
-5.697160147
-5.656604744
-5.606511314
-5.539419028
-5.434032135
-5.288737462
-5.079264094
-4.813162186
-4.500302714
-4.156448252
-3.806538914
-3.48319945
-3.196647939
-2.980744349
-2.803391831
-2.625706329
-2.529748173
-2.538427244
-2.590006762
-2.694210174
-2.85237341
-3.047897835
-3.252902729
-3.358318806
-3.430653662
-3.483800056
-3.543239971
-3.589972613
-3.648611738
-3.747982574
-3.883337765
-4.049954662
-4.186969646
-4.286498223
-4.349718761
-4.376785711
-4.381295261
-4.381295261
-4.36231511
-4.354173081
-4.328874438
-4.290937099
-4.260274834
-4.262184715
-4.245110529
-4.213520175
-4.186450344
-4.169424161
-4.136133976
-4.113653119
-4.104680505
-4.129898368
-4.126289293
-4.113688674
-4.118163834
-4.117252582
-4.118140052
-4.112739612
-4.116309889
-4.152170708
-4.179046683
-4.174498064
-4.170811696
-4.174251199
-4.173204951
-4.162203333
-4.14322455
-4.115288401
-4.075824113
-4.041780635
-4.006821691
-3.9924709
-3.98974803
-3.986956695
-3.971479461
-3.954216216
-3.943202249
-3.958751495
-3.975950954
-3.97621764
-4.002197343
-4.045909422
-4.104564254
-4.161718669
-4.18807205
-4.217523768
-4.260073293
-4.301392264
-4.350461113
-4.383056577
-4.412704085
-4.419356906
-4.380622955
-4.321451298
-4.238978117
-4.133886082
-4.030586605
-3.946473024
-3.87453148
-3.785164356
-3.726362627
-3.706618604
-3.706850959
-3.740339362
-3.791973018
-3.860458903
-3.922591837
-3.975106557
-4.025108065
-4.044650756
-4.064125107
-4.083426655
-4.095229289
-4.099565362
-4.103872121
-4.097522284
-4.087098363
-4.084569547
-4.100038434
-4.111299123
-4.118041298
-4.113232239
-4.105535624
-4.099761375
-4.093585174
-4.096692695
-4.110158001
-4.136189107
-4.147920659
-4.189922225
-4.241948733
-4.30397732
-4.353531541
-4.398902665
-4.460689825
-4.531996064
-4.608990228
-4.696565378
-4.769745848
-4.83784359
-4.894033624
-4.942396351
-4.983265187
-5.042403227
-5.105223635
-5.145754822
-5.199938219
-5.287951265
-5.363152928
-5.477494632
-5.611394903
-5.758337536
-5.900092736
-6.007402454
-6.067244942
-6.103199534
-6.117317645
-6.133498473
-6.158744077
-6.192014596
-6.266364332
-6.353580034
-6.444780536
-6.533755316
-6.614648065
-6.682535607
-6.710496208
-6.740446043
-6.766405101
-6.804354787
-6.842308633
-6.910211907
-6.990051644
-7.087878626
-7.211652351
-7.327356475
-7.439005853
-7.540535209
-7.622930836
-7.677363271
-7.715062297
-7.761075542
-7.832916023
-7.941455979
-8.116444837
-8.332257604
-8.532159154
-8.712259416
-8.837012549
-8.899864503
-8.930071656
-8.964077542
-8.998089262
-9.022835449
-9.078448931
-9.159926569
-9.256819891
-9.380179658
-9.533374153
-9.697035797
-9.879329211
-10.09189471
-10.30955
-10.51133789
-10.69463278
-10.83765734
-10.94028956
-11.00948644
-11.03784752
-11.04755941
-11.04616488
-11.04714471
-11.05783149
-11.07703428
-11.11369983
-11.16404913
-11.23302404
-11.30454778
-11.37504593
-11.42808652
-11.46764984
-11.49593413
-11.50938538
-11.5190815
-11.52620993
-11.54322254
-11.57268472
-11.62684123
-11.70190676
-11.7966515
-11.90473646
-12.00780181
-12.10228999
-12.18820942
-12.24941898
-12.28721007
-12.32246758
-12.34554808
-12.40677062
-12.481456
-12.56586369
-12.64029479
-12.7195579
-12.80125329
-12.87551228
-12.93868001
-13.00310388
-13.06629382
-13.12458007
-13.18402596
-13.23491714
-13.27973636
-13.32214951
-13.37909401
-13.43108596
-13.4434842
-13.48051075
-13.54096831
-13.60257444
-13.66288271
-13.73644363
-13.81476705
-13.89659782
-13.96715485
-14.06067963
-14.15906051
-14.25830871
-14.37559928
-14.48296308
-14.58325271
-14.65670277
-14.72240419
-14.75861847
-14.75971933
-14.73368411
-14.70200627
-14.67446562
-14.64217139
-14.61609109
-14.59001005
-14.54937848
-14.48535435
-14.41512464
-14.33869481
-14.24483098
-14.17279395
-14.12313572
-14.09462955
-14.06548062
-14.02223946
-13.95428699
-13.85727257
-13.76515199
-13.68080803
-13.5924052
-13.5264464
-13.49360471
-13.48004934
-13.49552229
-13.55127818
-13.62396611
-13.71927971
-13.80508957
-13.89568769
-13.96962193
-14.02329164
-14.03754632
-14.02244409
-13.98779082
-13.92698548
-13.85157338
-13.76255801
-13.69311106
-13.62077718
-13.54661208
-13.46224835
-13.37538581
-13.28788669
-13.1993398
-13.12263896
-13.03727712
-12.95910653
-12.87231044
-12.79881081
-12.71646938
-12.62089294
-12.5218297
-12.43243132
-12.33448735
-12.20962543
-12.06759232
-11.90641266
-11.75951931
-11.62186543
-11.48165792
-11.36433655
-11.23398642
-11.116785
-10.98798685
-10.87186967
-10.74181059
-10.60074523
-10.42969155
-10.26386569
-10.09408044
-9.909660737
-9.728245624
-9.541959565
-9.350807377
-9.157128447
-8.958632723
-8.787243751
-8.617957744
-8.463098269
-8.329460262
-8.205323832
-8.088474385
-7.967528383
-7.880700503
-7.82428603
-7.772067262
-7.727887019
-7.68371702
-7.644591478
-7.576476223
-7.506263956
-7.431888504
-7.331915164
-7.206353193
-7.051912919
-6.872406355
-6.638854827
-6.384927037
-6.125999381
-5.859453772
-5.56854431
-5.261633501
-4.931673568
-4.613666672
-4.317011712
-4.035973962
-3.783373012
-3.554973845
-3.355390662
-3.190221511
-3.028178528
-2.875032767
-2.722354772
-2.597693704
-2.478767876
-2.354499453
-2.215310671
-2.074969066
-1.907991478
-1.738453413
-1.538978796
-1.335657263
-1.105880694
-0.875814275
-0.624009471
-0.350452475
-0.036742813
0.301779529
0.663642844
1.055293874
1.442369077
1.812131462
2.163369096
2.480038986
2.758667322
3.007092062
3.215860625
3.396795177
3.551766355
3.686458853
3.800515825
3.908934638
4.004087307
4.081200089
4.149118273
4.244596729
4.350778669
4.487370892
4.625892437
4.767450111
4.895154122
4.997503099
5.054350226
5.107387599
5.158322008
5.210026897
5.257089848
5.307609279
5.377019886
5.471058594
5.547130347
5.623987357
5.705928096
5.792620084
5.879882218
5.968755157
6.084770245
6.19654118
6.305409762
6.392681871
6.484451533
6.557390288
6.638307331
6.740889124
6.879803466
7.028382494
7.171404473
7.298778401
7.424981795
7.547681246
7.641182761
7.716086367
7.790077431
7.894086624
8.006128624
8.123141858
8.248969347
8.381618552
8.469742514
8.531730466
8.603313602
8.687349824
8.772555807
8.877371843
8.981800852
9.072180024
9.146604324
9.201408498
9.219231607
9.223754732
9.228280815
9.2331874
9.238475272
9.243767134
9.252727442
9.251671702
9.269850374
9.301657219
9.338215153
9.365103458
9.425223147
9.499763815
9.587981214
9.654057253
9.701292896
9.719341074
9.707069827
9.694461969
9.671115635
9.677000082
9.690990206
9.729349555
9.77361497
9.817804249
9.866783426
9.949423724
10.03986881
10.12040673
10.17394741
10.21342792
10.25217986
10.29129463
10.32560411
10.3739949
10.40352171
10.43234919
10.44265284
10.43372624
10.41589824
10.36889115
10.3219053
10.25236451
10.17663591
10.10909509
10.06744913
10.06831933
10.11285808
10.17152905
10.25755928
10.3314788
10.38242304
10.3941348
10.35467989
10.28667586
10.19314152
10.11181824
10.08087506
10.0881124
10.11207396
10.13905639
10.16015533
10.14418347
10.09026195
10.01731223
9.927939349
9.819491923
9.719910565
9.599733461
9.481790482
9.373808042
9.278311152
9.161162366
9.05144959
8.950434326
8.832720557
8.705951924
8.568510749
8.446851621
8.322872032
8.199231408
8.065248176
7.927301135
7.785277862
7.647064926
7.534905748
7.422964645
7.304284204
7.181794638
7.096284737
7.028842413
6.958837357
6.889899749
6.800309138
6.688504872
6.57711168
6.455228943
6.332195989
6.202468513
6.077240542
5.926941583
5.772298704
5.602814536
5.420024096
5.265424327
5.125279254
4.969155893
4.835800396
4.72005961
4.59373164
4.433553741
4.262220631
4.077155363
3.862382937
3.594715509
3.295304768
2.974041543
2.625771821
2.306536194
2.013540721
1.737052441
1.521794669
1.38783847
1.303338419
1.260600092
1.260600092
1.260600092
1.260600092
1.247712733
1.236220147
1.206149013
1.157030723
1.08732223
1.001927119
0.905748679
0.786745114
0.654273719
0.527376795
0.369929608
0.234382838
0.103635818
-0.031021314
-0.171439302
-0.320495633
-0.515038986
-0.751571426
-1.045634113
-1.401205534
-1.787634103
-2.224257046
-2.667441371
-3.103418378
-3.55890652
-4.021285168
-4.437977241
-4.805508133
-5.105405456
-5.310490606
-5.454542113
-5.551910706
-5.611620997
-5.650867377
-5.659209778
-5.616582996
-5.562015368
-5.508482104
-5.453928608
-5.412334459
-5.365649647
-5.329871284
-5.31387494
-5.314891575
-5.31082024
-5.314885791
-5.316909674
-5.325035581
-5.326021535
-5.328032478
-5.328146348
-5.318497205
-5.309856111
-5.274120901
-5.257302279
-5.256374014
-5.261416135
-5.267465269
-5.271497169
-5.274520643
-5.27464556
-5.276660635
-5.276660635
-5.281754615
-5.29093421
-5.292949792
-5.296980439
-5.308119631
-5.32636762
-5.336498648
-5.339519898
-5.339519898
-5.340526895
-5.347574656
-5.355626632
-5.344216682
-5.299070756
-5.258051803
-5.243521303
-5.226760973
-5.195761431
-5.148234044
-5.101605676
-5.048646275
-4.974178775
-4.907868897
-4.845603706
-4.797466479
-4.747027547
-4.691054569
-4.612721942
-4.501765325
-4.353346887
-4.16175539
-3.942436254
-3.714308369
-3.492597106
-3.281509309
-3.108079632
-2.967515492
-2.871953814
-2.839438095
-2.866949128
-2.931689312
-2.987690321
-3.027152036
-3.100054623
-3.180901401
-3.254644411
-3.319619863
-3.37216351
-3.456365
-3.521883487
-3.580270983
-3.608725747
-3.601833016
-3.579978981
-3.551147841
-3.533823631
-3.533185893
-3.546596335
-3.557317017
-3.568923464
-3.581413779
-3.593003605
-3.604585391
-3.616159112
-3.629503386
-3.642836787
-3.655271543
-3.666809617
-3.679226069
-3.692518861
-3.703145128
-3.708455636
-3.714672939
-3.715557906
-3.721775218
-3.710202324
-3.710190874
-3.70573169
-3.68082651
-3.639955413
-3.576960746
-3.516734264
-3.421228418
-3.302141971
-3.186062604
-3.070405754
-2.997199052
-2.94087045
-2.923180565
-2.964849368
-3.054393255
-3.185347547
-3.33225585
-3.495915758
-3.676283457
-3.823259612
-3.936912153
-4.019186763
-4.072028702
-4.101628151
-4.112613582
-4.110217437
-4.092376552
-4.051257238
-4.027686664
-4.028004104
-4.049162593
-4.067232786
-4.078300411
-4.079991434
-4.042596436
-3.974643233
-3.904698254
-3.838191916
-3.756294627
-3.690706361
-3.629438105
-3.617061938
-3.626596679
-3.654994167
-3.697215744
-3.721696023
-3.718684794
-3.707963248
-3.693103325
-3.67321877
-3.66337445
-3.656211594
-3.65262911
-3.663535534
-3.669967281
-3.659199217
-3.644831918
-3.626857171
-3.609765016
-3.595359549
-3.588152681
-3.593667838
-3.616508349
-3.648439065
-3.674827951
-3.680313217
-3.696705876
-3.74711153
-3.796605767
-3.841566297
-3.911862615
-3.999236788
-4.110002328
-4.235869801
-4.375047911
-4.53863801
-4.693751477
-4.831844484
-4.919515254
-4.96477845
-4.97869653
-4.997580355
-5.029432845
-5.106988442
-5.244586512
-5.419414901
-5.596258563
-5.756190767
-5.873685375
-5.938803961
-5.95355488
-5.957452034
-5.946507269
-5.948453574
-5.967222429
-6.022529334
-6.103415313
-6.192085672
-6.267906005
-6.353642085
-6.421711623
-6.480965599
-6.492831686
-6.492831686
-6.496763837
-6.522427341
-6.573753648
-6.648828977
-6.745547499
-6.823566515
-6.884753073
-6.93998989
-6.993181005
-7.024610054
-7.059930144
-7.115967784
-7.198625218
-7.307118291
-7.419496815
-7.529786415
-7.622169031
-7.709859671
-7.746341404
-7.747369978
-7.758229075
-7.781754395
-7.834757599
-7.92699968
-8.03208743
-8.145822685
-8.269527415
-8.407520056
-8.522667954
-8.628196508
-8.715787504
-8.78822117
-8.835594873
-8.869807305
-8.926797864
-8.983783273
-9.062486353
-9.191223002
-9.374330506
-9.58194024
-9.728585098
-9.864355638
-9.96357966
-10.05210201
-10.13330851
-10.18904111
-10.1988177
-10.18730274
-10.17028452
-10.18174938
-10.20407565
-10.22154387
-10.22086151
-10.20587724
-10.22006978
-10.2356874
-10.24754784
-10.25612603
-10.25802343
-10.23192554
-10.19813119
-10.17019789
-10.15255449
-10.11450819
-10.08008601
-10.06438174
-10.07468217
-10.11553144
-10.16333301
-10.20841295
-10.21546621
-10.21765986
-10.20393587
-10.16357845
-10.1167157
-10.06481383
-10.02103421
-9.992513679
-9.970485084
-9.967848449
-9.940959785
-9.923627259
-9.906747847
-9.889584443
-9.863044395
-9.832510061
-9.786066455
-9.735615887
-9.657961803
-9.560379451
-9.44763158
-9.336910464
-9.231213563
-9.132543011
-9.051948564
-8.97734884
-8.90050811
-8.814203916
-8.706426205
-8.583029181
-8.439272953
-8.30044628
-8.183564926
-8.085857789
-8.001565312
-7.93463299
-7.917113307
-7.924025299
-7.941282584
-7.954689117
-7.977650042
-7.982564101
-7.996089298
-8.008398309
-8.021129922
-8.009282268
-7.988663589
-7.970306932
-7.944279668
-7.900350143
-7.855378886
-7.797137443
-7.716883178
-7.623334925
-7.497393793
-7.322674134
-7.091809679
-6.806905242
-6.500051673
-6.158719406
-5.808966945
-5.496082172
-5.240700717
-5.058664506
-4.945645453
-4.904781156
-4.908717687
-4.912653788
-4.912653788
-4.89514617
-4.858098635
-4.813175546
-4.740980865
-4.676682955
-4.587027447
-4.486496219
-4.370684812
-4.229652064
-4.068879855
-3.931905672
-3.82265868
-3.75546666
-3.728403954
-3.712143403
-3.700279262
-3.686609639
-3.660759696
-3.579044148
-3.462132364
-3.322657538
-3.141144555
-2.927215176
-2.679088908
-2.385377756
-2.057617663
-1.690858144
-1.316759452
-0.953006083
-0.623053793
-0.318350944
-0.04605928
0.178523762
0.366294248
0.545455086
0.701288043
0.814346726
0.899197271
0.962887952
1.013586662
1.075654749
1.141399129
1.226204843
1.364876722
1.522103533
1.667833327
1.778936141
1.890634306
1.993467224
2.093672354
2.212284124
2.329554356
2.45336102
2.555171428
2.620812514
2.66428568
2.730091166
2.819468821
2.953637009
3.152116169
3.356311777
3.536713588
3.671127005
3.780372082
3.83099028
3.866914684
3.906604105
3.949485084
3.983374048
4.000948724
4.014745654
4.036953367
4.078527676
4.143188259
4.246243855
4.378539631
4.527824574
4.689487657
4.866976175
5.02336894
5.166890836
5.274667068
5.334720461
5.376828832
5.417806583
5.486973402
5.589231995
5.708348971
5.85896258
6.019993449
6.179112063
6.33046341
6.460580145
6.577632151
6.665845904
6.685455796
6.639844953
6.57851902
6.510761631
6.459711297
6.421002297
6.384650172
6.348801978
6.303653323
6.253090821
6.171030218
6.06004625
5.906658333
5.724378069
5.529346768
5.362569212
5.219171491
5.0838116
4.978917494
4.922688447
4.892695079
4.871354734
4.840759729
4.824893776
4.80037855
4.744078971
4.646720407
4.53952246
4.434889598
4.311149574
4.178289382
4.047743567
3.885824412
3.70352699
3.504427651
3.298933201
3.099800154
2.913442499
2.761962745
2.637520381
2.536589981
2.449799824
2.356665735
2.261193395
2.169208229
2.077807799
1.996239836
1.902014611
1.795610992
1.677069768
1.535892375
1.394642456
1.256161374
1.120404433
0.995849043
0.864151885
0.733831034
0.609142537
0.492858851
0.394868133
0.301028963
0.222737136
0.127535505
0.025378963
-0.072941602
-0.172793546
-0.259758922
-0.352497422
-0.474743435
-0.61198121
-0.784897825
-0.982623034
-1.192139878
-1.391305747
-1.585705756
-1.757117533
-1.90638029
-2.025951841
-2.113281889
-2.193068455
-2.251223362
-2.311133097
-2.358782683
-2.40728696
-2.448196765
-2.479952412
-2.513248549
-2.578963409
-2.665470342
-2.747000605
-2.831799357
-2.938214525
-3.060380355
-3.190094529
-3.326538033
-3.474730995
-3.642002844
-3.826480138
-3.997476851
-4.175767428
-4.35688194
-4.52907568
-4.701680235
-4.870250112
-5.017998302
-5.144919017
-5.263825369
-5.358114992
-5.400784306
-5.406562012
-5.410412885
-5.411375487
-5.407358074
-3.723970279
