-1.862703414
-1.962235451
-2.06228206
-2.140400024
-2.212978378
-2.288258383
-2.337692407
-2.367994343
-2.400904351
-2.40683953
-2.40683953
-2.424988935
-2.456119336
-2.481727945
-2.507330123
-2.553929074
-2.574576614
-2.597615887
-2.644847787
-2.696410041
-2.74346457
-2.777137809
-2.824380896
-2.886161096
-2.948704638
-3.011021045
-3.096642422
-3.206041243
-3.344151112
-3.551029222
-3.791548371
-4.008333388
-4.193540151
-4.320598929
-4.325980832
-4.234097838
-4.173674049
-4.155290664
-4.150093461
-4.16581895
-4.165005843
-4.155634985
-4.141051038
-4.126458425
-4.110814006
-4.085773229
-4.057610629
-4.033611805
-4.012744115
-3.99168488
-3.951905998
-3.926937302
-3.885593791
-3.859630223
-3.820179328
-3.791344092
-3.727269967
-3.616425119
-3.50495538
-3.37171642
-3.212000852
-3.092683984
-3.04786059
-3.027494024
-3.043831355
-3.097505124
-3.176021081
-3.25864337
-3.353823195
-3.461727236
-3.543553123
-3.612338111
-3.668143844
-3.727118162
-3.783674571
-3.886479564
-4.011296057
-4.132516235
-4.220445794
-4.322615094
-4.421853033
-4.508829354
-4.581986088
-4.579766912
-4.51365571
-4.404847799
-4.269191522
-4.109802366
-3.990145677
-3.903094487
-3.837363891
-3.819820731
-3.787715889
-3.743986594
-3.688815152
-3.638828632
-3.597155746
-3.548177494
-3.521869889
-3.503107615
-3.466604389
-3.43086962
-3.378697953
-3.297224412
-3.217745817
-3.181944815
-3.153748418
-3.119149844
-3.118558731
-3.118558731
-3.100730797
-3.064029135
-3.088810884
-3.130405962
-3.191634504
-3.251607561
-3.318093671
-3.358906174
-3.381913102
-3.382965978
-3.381937489
-3.397595
-3.4350859
-3.526503599
-3.660189735
-3.799678593
-3.976590147
-4.152074591
-4.295185757
-4.361426128
-4.373632113
-4.363896677
-4.367429002
-4.378274452
-4.388303623
-4.433279848
-4.511497525
-4.597540846
-4.706568864
-4.848229056
-5.01908778
-5.216758441
-5.44027282
-5.675776478
-5.927581157
-6.188537946
-6.404600487
-6.582042437
-6.755599287
-6.882560083
-7.001891093
-7.140802773
-7.253116478
-7.353986766
-7.496873729
-7.648898672
-7.785060802
-7.944785617
-8.11517982
-8.222704161
-8.303200686
-8.37064477
-8.417352001
-8.444259689
-8.483358442
-8.537311109
-8.569511848
-8.624427002
-8.691978976
-8.7753491
-8.861216128
-8.961486519
-9.055543264
-9.143948902
-9.229679773
-9.339136135
-9.463571696
-9.596063834
-9.749175122
-9.891548971
-10.01585451
-10.11643087
-10.17464543
-10.19349403
-10.22890195
-10.28904514
-10.32307586
-10.32921826
-10.36607926
-10.420486
-10.47633682
-10.55820587
-10.64029911
-10.7013378
-10.75548979
-10.84318451
-10.93083029
-10.99208046
-11.03599289
-11.09837507
-11.16428206
-11.2041525
-11.24514417
-11.30132966
-11.36744318
-11.40379995
-11.42539128
-11.47472215
-11.55396753
-11.63445054
-11.72108993
-11.8360464
-11.95281586
-12.05226514
-12.15777619
-12.22087141
-12.26644981
-12.2934122
-12.3191635
-12.34489368
-12.37659889
-12.42427882
-12.4720853
-12.54240041
-12.57915224
-12.60241049
-12.62358601
-12.63840509
-12.69365593
-12.77266274
-12.82088483
-12.86912266
-12.91991904
-12.97483374
-13.03661593
-13.12411965
-13.20961667
-13.29705274
-13.35836567
-13.38380861
-13.40577417
-13.42909651
-13.45177453
-13.44891644
-13.45302644
-13.46884326
-13.48603036
-13.49698457
-13.51553891
-13.52375038
-13.56298324
-13.59976971
-13.64339985
-13.6889695
-13.75181583
-13.82498296
-13.87007476
-13.91557019
-13.94831104
-13.96563843
-13.98159235
-14.0215792
-14.06565675
-14.09465537
-14.15590755
-14.20820793
-14.21998958
-14.19784532
-14.19263545
-14.20122942
-14.20484273
-14.20845561
-14.21977965
-14.23383538
-14.216496
-14.2327927
-14.24772147
-14.26176895
-14.28664204
-14.30027125
-14.3066829
-14.31028926
-14.31172704
-14.31466932
-14.34728255
-14.40737458
-14.45756565
-14.47807088
-14.50608915
-14.51562709
-14.522438
-14.54724721
-14.57482636
-14.5857551
-14.59663809
-14.62365434
-14.63626247
-14.63898354
-14.65067908
-14.67635128
-14.68944728
-14.69761181
-14.71750964
-14.73518595
-14.75285128
-14.77139655
-14.79354212
-14.81614538
-14.8423459
-14.87935971
-14.90915021
-14.92900543
-14.94614747
-14.96463692
-14.97183297
-14.98804751
-14.9875423
-14.96533701
-14.96345806
-14.97827314
-14.97407433
-14.95718339
-14.99086805
-15.01685547
-15.00752814
-15.0181952
-15.03157706
-15.04361486
-15.05330496
-15.08505542
-15.07089954
-15.04445532
-15.0664844
-15.07813336
-15.08452703
-15.08030379
-15.07395451
-15.07033692
-15.04494216
-15.02986623
-15.02139437
-14.99212025
-14.97544822
-14.97696496
-14.97489455
-14.97132018
-14.96149181
-14.9962335
-15.07910441
-15.15431655
-15.22667645
-15.32837886
-15.42713083
-15.49526237
-15.53097434
-15.51945219
-15.4814665
-15.45112326
-15.41524813
-15.36053936
-15.30135806
-15.24392834
-15.17969793
-15.10274589
-15.0569399
-15.03699403
-15.02968127
-15.07853494
-15.11826418
-15.14756795
-15.18604285
-15.2174826
-15.24191105
-15.26410729
-15.29894201
-15.33720932
-15.38017217
-15.4464194
-15.49816119
-15.52241357
-15.57444249
-15.61708817
-15.63062449
-15.63762294
-15.67159939
-15.70575185
-15.76240547
-15.79277521
-15.81785972
-15.84124319
-15.83040114
-15.79692489
-15.76853256
-15.72235798
-15.65415132
-15.56481411
-15.46437769
-15.38384947
-15.3111
-15.24615782
-15.17107716
-15.05582674
-14.98798238
-14.92111672
-14.84099598
-14.79369123
-14.7954514
-14.80241829
-14.78500858
-14.77402667
-14.74852824
-14.68935243
-14.63017855
-14.55603977
-14.48959682
-14.46500176
-14.43426457
-14.40353476
-14.39589036
-14.3774577
-14.33445849
-14.26691756
-14.2066486
-14.1390497
-14.08000066
-14.00510182
-13.93156144
-13.86282992
-13.77338173
-13.69650834
-13.62469567
-13.52344847
-13.41270206
-13.30851431
-13.23308986
-13.1901431
-13.17509122
-13.16872725
-13.16002692
-13.16119304
-13.15742485
-13.14639125
-13.08774019
-12.99631998
-12.8761865
-12.7543334
-12.65166116
-12.59156827
-12.55586196
-12.54712673
-12.542188
-12.52044423
-12.48996317
-12.43631
-12.36348775
-12.27613699
-12.19695364
-12.12046846
-12.02369632
-11.9583725
-11.90140892
-11.87121948
-11.85304319
-11.83104315
-11.79421687
-11.75355902
-11.67768388
-11.54133668
-11.37959646
-11.22176581
-11.0583391
-10.91622551
-10.79587853
-10.7117081
-10.65162292
-10.63117249
-10.59871959
-10.57363776
-10.54128968
-10.48864064
-10.42021166
-10.3543747
-10.24947183
-10.10894532
-9.94195777
-9.758580357
-9.583823215
-9.452342974
-9.372253001
-9.334977091
-9.336577759
-9.352309016
-9.36910053
-9.394113006
-9.416767059
-9.441736532
-9.451314617
-9.441955379
-9.394751902
-9.309863399
-9.180258085
-9.041077859
-8.894152109
-8.737972428
-8.591127186
-8.45287343
-8.314774557
-8.19523595
-8.090169133
-7.996859885
-7.92332611
-7.839833434
-7.763206213
-7.688409887
-7.591089965
-7.484884944
-7.372292466
-7.244791039
-7.071792758
-6.854087793
-6.580092726
-6.311159464
-6.073070489
-5.866859356
-5.685761997
-5.543555837
-5.423060532
-5.343521684
-5.273787092
-5.18556889
-5.111351652
-5.050437052
-4.980402341
-4.908421979
-4.820576798
-4.714986564
-4.603439935
-4.469206635
-4.293506953
-4.103223095
-3.875687179
-3.654365469
-3.440194172
-3.245131556
-3.084796288
-2.963707052
-2.8836497
-2.850921676
-2.838674267
-2.825027328
-2.801231454
-2.747402689
-2.662972532
-2.534880105
-2.406128959
-2.259460506
-2.096175016
-1.938525503
-1.815335109
-1.693087724
-1.570511408
-1.485561862
-1.435229245
-1.397534768
-1.372455862
-1.360586668
-1.318462554
-1.259081394
-1.191143066
-1.095414929
-0.968562254
-0.832239686
-0.692653162
-0.56033061
-0.441128555
-0.334494533
-0.25817412
-0.203558958
-0.153626617
-0.107612475
-0.067798576
-0.029498826
0.028814793
0.097214085
0.167221511
0.229510652
0.279410485
0.319338022
0.364709391
0.425682924
0.503849798
0.576663047
0.661914219
0.761109294
0.88811032
1.040532085
1.219339817
1.415786253
1.633735031
1.86372306
2.0827501
2.303066715
2.484570323
2.606673757
2.704988119
2.769785716
2.791148698
2.796488631
2.792533565
2.792533565
2.797361283
2.826103944
2.895444502
2.954074396
3.017989445
3.092497867
3.156311541
3.224039082
3.299647684
3.375219526
3.452087666
3.532875938
3.631473052
3.732020235
3.826474281
3.920854769
3.992135677
4.050773011
4.100121838
4.143596176
4.184358648
4.227211277
4.266700993
4.318813971
4.395341386
4.489158698
4.583004004
4.699434669
4.806364948
4.927933434
5.04396606
5.151208692
5.257957051
5.349172191
5.413700065
5.456685823
5.515409477
5.539859392
5.553232447
5.561368729
5.586954741
5.602090072
5.602678299
5.602678299
5.634097249
5.656209096
5.656795381
5.667847769
5.689946233
5.717265624
5.7590862
5.807270945
5.856000832
5.927283363
5.985727142
6.047580487
6.109359988
6.163162825
6.199522182
6.241622089
6.28369767
6.352418177
6.404803108
6.452547087
6.507535554
6.587313774
6.645076845
6.686225062
6.738832699
6.781124392
6.820967834
6.879342769
6.953560486
7.054688853
7.167073298
7.251198804
7.323008349
7.389613992
7.432493743
7.491787771
7.539219917
7.557289884
7.580500493
7.590847764
7.605319966
7.61671326
7.644086912
7.654431733
7.67355332
7.691632275
7.714885467
7.724707916
7.734009888
7.738140843
7.756666825
7.78759358
7.852451472
7.954386994
8.096341696
8.240497969
8.41060105
8.54928246
8.618475549
8.655669193
8.665957325
8.665957325
8.666442081
8.670616504
8.671101123
8.685078715
8.725002998
8.776068187
8.841519545
8.94272274
9.015668357
9.086280747
9.13695532
9.175121794
9.217021918
9.249214767
9.273847247
9.310165114
9.360824341
9.411491853
9.47612868
9.531113997
9.582753918
9.620514498
9.694206015
9.813619364
9.953408778
10.08691418
10.21581327
10.33196747
10.4193717
10.49406581
10.52724625
10.55064966
10.57832023
10.61879831
10.66516431
10.67659108
10.64682235
10.59799276
10.54019362
10.49090962
10.43148692
10.37831598
10.35598723
10.34043579
10.30928902
10.2621087
10.19929912
10.13516128
10.02995261
9.890765122
9.700913855
9.449489723
9.17964234
8.899501175
8.575389035
8.254552678
7.976102557
7.714288754
7.500224633
7.38648505
7.376631046
7.409816955
7.456646832
7.48479979
7.515109255
7.543270715
7.552658191
7.552658191
7.576632804
7.614184493
7.655931021
7.71226981
7.76342063
7.778005633
7.778005633
7.809159308
7.881803375
7.983507225
8.086079063
8.206836697
8.256140357
8.258226413
8.259324574
8.241811523
8.219665995
8.221762817
8.225957307
8.243272312
8.283296367
8.349214347
8.46879119
8.669820237
8.838933454
9.03281616
9.20962751
9.358135975
9.491921412
9.57086725
9.611193656
9.612060523
9.591982421
9.557718055
9.583419175
9.617708288
9.647730911
9.682913631
9.725861624
9.743051308
9.747349665
9.762775119
9.762775119
9.762775119
9.767916252
9.793149276
9.809405242
9.800808015
9.805945796
9.811083235
9.811083235
9.806785084
9.826959558
9.84985147
9.86124122
9.879834665
9.874152863
9.861171733
9.83969669
9.857183122
9.89437863
9.938433003
10.02130334
10.10445173
10.17920585
10.25499919
10.3293832
10.42050682
10.5131873
10.60685888
10.69348797
10.72789772
10.71601474
10.68189787
10.6535707
10.63863331
10.62970134
10.60997123
10.58555266
10.54853063
10.48443242
10.4196859
10.36329741
10.28387083
10.18692456
10.10161999
10.04074757
9.967527944
9.896769613
9.831170622
9.733397919
9.634946783
9.548931135
9.464862694
9.377328171
9.303094582
9.259002116
9.1949748
9.138245675
9.061011253
8.943200102
8.780733825
8.622661543
8.478106272
8.3174574
8.167352665
8.030922206
7.847274125
7.676218801
7.509273167
7.338710686
7.223865605
7.19074974
7.194097909
7.221834739
7.2501703
7.269615277
7.288469701
7.307168392
7.321636979
7.345162054
7.354116085
7.34951637
7.342721952
7.345144749
7.354581312
7.344214099
7.279201449
7.197088891
7.119628114
7.070074988
7.001672908
6.938481721
6.893517638
6.837998175
6.776119747
6.721176779
6.632013635
6.535789067
6.473166737
6.444595446
6.435921888
6.420681528
6.410094744
6.3925667
6.326931818
6.251772119
6.218165367
6.20866682
6.203364823
6.189669968
6.113422659
6.00238691
5.896394922
5.790610574
5.690157788
5.589783188
5.508197379
5.418289381
5.294126779
5.183140851
5.100836544
4.991711662
4.841335011
4.723080196
4.619166712
4.525030693
4.45230275
4.425328867
4.402247863
4.345374236
4.311578416
4.300854619
4.28476642
4.242735675
4.187123345
4.097734859
3.969210519
3.874495617
3.806923252
3.726032318
3.626742663
3.554567941
3.489491804
3.442555312
3.406206068
3.33805555
3.228345565
3.092663386
2.97472272
2.83861506
2.727857735
2.665547109
2.655496356
2.66523203
2.678206169
2.683074616
2.690408657
2.697222279
2.736705893
2.761048859
2.814617459
2.877907619
2.856733959
2.820630906
2.797076164
2.765153397
2.711934333
2.666880778
2.648479048
2.612835239
2.567088809
2.497550003
2.389583951
2.232345614
2.043541944
1.861710268
1.67784822
1.477334143
1.281810097
1.060096342
0.859979648
0.712426158
0.613924759
0.548198612
0.5381646
0.542123833
0.520202743
0.509240241
0.503758501
0.486384068
0.437889659
0.381191138
0.269547041
0.067301016
-0.188713296
-0.440443116
-0.75532428
-1.064928678
-1.361748058
-1.640859006
-1.877006354
-2.075422752
-2.271361282
-2.445943335
-2.59260695
-2.71687701
-2.822937737
-2.867561295
-2.85131259
-2.851691271
-2.874013269
-2.879680407
-2.902351923
-2.942040239
-3.01011372
-3.07996744
-3.136763655
-3.210646723
-3.296333345
-3.361020021
-3.423666869
-3.477141941
-3.502137337
-3.558092066
-3.627110772
-3.684922613
-3.767721265
-3.885909093
-4.039039829
-4.160797991
-4.272017782
-4.380281542
-4.462891814
-4.532936466
-4.601939254
-4.670019032
-4.700114224
-4.740673642
-4.783989349
-4.81109621
-4.82774208
-4.84393047
-4.869007688
-4.898648182
-4.953006234
-5.010004165
-5.057349055
-5.126061274
-5.21887219
-5.313750351
-5.414150444
-5.550394229
-5.703979265
-5.851548672
-5.958820589
-6.058429442
-6.183457446
-6.275333789
-6.314818403
-6.321888667
-6.31803982
-6.326296738
-6.384418732
-6.408068442
-6.415480034
-6.421423029
-6.424422323
-6.405782315
-6.340187775
-6.238288014
-6.124619737
-5.97687326
-5.742366773
-5.448669621
-5.130400936
-4.781649413
-4.408920981
-4.060654619
-3.759434162
-3.502512245
-3.280092997
-3.127942172
-3.006681774
-2.933108636
-2.858763796
-2.746046789
-2.615390594
-2.482841198
-2.34654492
-2.205972627
-2.004657653
-1.760592183
-1.551759253
-1.368809082
