-6.033513
-6.170066
-6.306611
-6.443144
-6.579656
-6.716141
-6.852593
-6.989005
-7.125370
-7.261682
-7.397933
-7.534117
-7.670228
-7.806259
-7.942203
-8.078053
-8.213804
-8.349447
-8.484977
-8.620387
-8.755670
-8.890819
-9.025829
-9.160692
-9.295402
-9.429952
-9.564335
-9.698546
-9.832577
-9.966421
-10.100073
-10.233526
-10.366773
-10.499808
-10.632624
-10.765214
-10.897573
-11.029693
-11.161568
-11.293193
-11.424559
-11.555661
-11.686493
-11.817048
-11.947319
-12.077301
-12.206986
-12.336369
-12.465443
-12.594202
-12.722639
-12.850749
-12.978525
-13.105960
-13.233049
-13.359785
-13.486162
-13.612174
-13.737814
-13.863077
-13.987956
-14.112446
-14.236540
-14.360231
-14.483515
-14.606385
-14.728834
-14.850858
-14.972449
-15.093603
-15.214313
-15.334572
-15.454376
-15.573718
-15.692593
-15.810995
-15.928917
-16.046355
-16.163302
-16.279753
-16.395701
-16.511142
-16.626069
-16.740478
-16.854361
-16.967715
-17.080533
-17.192809
-17.304539
-17.415716
-17.526336
-17.636392
-17.745880
-17.854794
-17.963129
-18.070879
-18.178040
-18.284605
-18.390570
-18.495930
-18.600678
-18.704812
-18.808324
-18.911210
-19.013465
-19.115084
-19.216063
-19.316395
-19.416076
-19.515102
-19.613467
-19.711167
-19.808196
-19.904551
-20.000226
-20.095216
-20.189518
-20.283125
-20.376035
-20.468242
-20.559741
-20.650529
-20.740601
-20.829951
-20.918577
-21.006474
-21.093637
-21.180061
-21.265744
-21.350680
-21.434866
-21.518297
-21.600970
-21.682879
-21.764022
-21.844394
-21.923991
-22.002809
-22.080846
-22.158095
-22.234555
-22.310221
-22.385089
-22.459156
-22.532418
-22.604872
-22.676514
-22.747340
-22.817347
-22.886532
-22.954891
-23.022421
-23.089119
-23.154980
-23.220003
-23.284184
-23.347519
-23.410006
-23.471642
-23.532423
-23.592346
-23.651410
-23.709610
-23.766944
-23.823409
-23.879002
-23.933721
-23.987562
-24.040524
-24.092604
-24.143799
-24.194106
-24.243523
-24.292049
-24.339679
-24.386413
-24.432247
-24.477180
-24.521208
-24.564332
-24.606547
-24.647852
-24.688244
-24.727723
-24.766286
-24.803931
-24.840656
-24.876460
-24.911340
-24.945295
-24.978324
-25.010424
-25.041595
-25.071834
-25.101140
-25.129512
-25.156948
-25.183447
-25.209008
-25.233629
-25.257309
-25.280048
-25.301843
-25.322694
-25.342601
-25.361560
-25.379573
-25.396638
-25.412754
-25.427921
-25.442137
-25.455402
-25.467716
-25.479077
-25.489485
-25.498940
-25.507442
-25.514989
-25.521581
-25.527219
-25.531901
-25.535628
-25.538399
-25.540215
-25.541075
-25.540979
-25.539927
-25.537919
-25.534955
-25.531036
-25.526162
-25.520332
-25.513548
-25.505809
-25.497116
-25.487469
-25.476869
-25.465316
-25.452812
-25.439355
-25.424948
-25.409590
-25.393283
-25.376028
-25.357825
-25.338674
-25.318578
-25.297537
-25.275552
-25.252624
-25.228755
-25.203944
-25.178195
-25.151507
-25.123883
-25.095323
-25.065829
-25.035403
-25.004045
-24.971758
-24.938543
-24.904402
-24.869335
-24.833346
-24.796436
-24.758607
-24.719860
-24.680197
-24.639620
-24.598132
-24.555735
-24.512429
-24.468218
-24.423104
-24.377089
-24.330175
-24.282364
-24.233660
-24.184063
-24.133577
-24.082204
-24.029947
-23.976808
-23.922790
-23.867895
-23.812126
-23.755486
-23.697978
-23.639604
-23.580368
-23.520272
-23.459318
-23.397511
-23.334854
-23.271348
-23.206998
-23.141806
-23.075776
-23.008911
-22.941214
-22.872689
-22.803338
-22.733166
-22.662176
-22.590370
-22.517754
-22.444329
-22.370101
-22.295072
-22.219246
-22.142628
-22.065219
-21.987026
-21.908050
-21.828297
-21.747770
-21.666473
-21.584409
-21.501584
-21.418001
-21.333664
-21.248577
-21.162745
-21.076172
-20.988861
-20.900818
-20.812046
-20.722550
-20.632334
-20.541402
-20.449760
-20.357412
-20.264362
-20.170614
-20.076174
-19.981045
-19.885233
-19.788743
-19.691578
-19.593744
-19.495246
-19.396088
-19.296275
-19.195813
-19.094705
-18.992958
-18.890575
-18.787563
-18.683925
-18.579668
-18.474796
-18.369314
-18.263228
-18.156543
-18.049263
-17.941395
-17.832943
-17.723914
-17.614311
-17.504141
-17.393409
-17.282120
-17.170280
-17.057894
-16.944968
-16.831508
-16.717518
-16.603005
-16.487974
-16.372430
-16.256380
-16.139829
-16.022783
-15.905248
-15.787229
-15.668731
-15.549762
-15.430327
-15.310430
-15.190080
-15.069281
-14.948039
-14.826360
-14.704250
-14.581715
-14.458762
-14.335396
-14.211623
-14.087449
-13.962881
-13.837924
-13.712584
-13.586869
-13.460783
-13.334333
-13.207526
-13.080367
-12.952863
-12.825019
-12.696843
-12.568341
-12.439518
-12.310381
-12.180937
-12.051192
-11.921151
-11.790822
-11.660211
-11.529325
-11.398169
-11.266750
-11.135075
-11.003150
-10.870981
-10.738575
-10.605939
-10.473079
-10.340001
-10.206712
-10.073219
-9.939527
-9.805644
-9.671577
-9.537331
-9.402914
-9.268331
-9.133590
-8.998697
-8.863659
-8.728482
-8.593173
-8.457738
-8.322185
-8.186520
-8.050749
-7.914879
-7.778917
-7.642870
-7.506743
-7.370545
-7.234281
-7.097958
-6.961583
-6.825163
-6.688703
-6.552212
-6.415695
-6.279160
-6.142612
-6.006059
-5.869508
-5.732964
-5.596435
-5.459928
-5.323449
-5.187004
-5.050601
-4.914247
-4.777947
-4.641708
-4.505538
-4.369442
-4.233429
-4.097503
-3.961672
-3.825943
-3.690322
-3.554816
-3.419431
-3.284174
-3.149052
-3.014071
-2.879239
-2.744560
-2.610043
-2.475694
-2.341519
-2.207525
-2.073719
-1.940106
-1.806694
-1.673489
-1.540498
-1.407727
-1.275183
-1.142872
-1.010800
-0.878975
-0.747402
-0.616088
-0.485039
-0.354263
-0.223765
-0.093551
0.036371
0.165997
0.295318
0.424329
0.553024
0.681396
0.809439
0.937147
1.064513
1.191531
1.318195
1.444499
1.570437
1.696002
1.821189
1.945990
2.070400
2.194414
2.318024
2.441225
2.564011
2.686375
2.808312
2.929816
3.050881
3.171501
3.291669
3.411381
3.530630
3.649410
3.767715
3.885541
4.002880
4.119728
4.236078
4.351925
4.467263
4.582086
4.696390
4.810167
4.923414
5.036123
5.148290
5.259909
5.370975
5.481481
5.591424
5.700797
5.809595
5.917813
6.025445
6.132486
6.238931
6.344775
6.450012
6.554638
6.658646
6.762033
6.864793
6.966921
7.068411
7.169260
7.269462
7.369012
7.467905
7.566137
7.663702
7.760596
7.856815
7.952352
8.047205
8.141367
8.234835
8.327603
8.419668
8.511025
8.601669
8.691596
8.780802
8.869281
8.957030
9.044045
9.130321
9.215854
9.300640
9.384674
9.467953
9.550472
9.632228
9.713216
9.793433
9.872874
9.951535
10.029413
10.106505
10.182805
10.258311
10.333018
10.406924
10.480024
10.552314
10.623793
10.694454
10.764297
10.833316
10.901508
10.968871
11.035401
11.101094
11.165948
11.229959
11.293124
11.355440
11.416904
11.477513
11.537264
11.596154
11.654180
11.711339
11.767629
11.823047
11.877590
11.931255
11.984039
12.035941
12.086958
12.137086
12.186325
12.234670
12.282121
12.328673
12.374327
12.419078
12.462925
12.505865
12.547898
12.589019
12.629229
12.668523
12.706902
12.744362
12.780902
12.816520
12.851215
12.884984
12.917826
12.949739
12.980723
13.010774
13.039893
13.068077
13.095324
13.121635
13.147007
13.171439
13.194930
13.217479
13.239085
13.259746
13.279462
13.298232
13.316054
13.332928
13.348853
13.363829
13.377854
13.390928
13.403050
13.414220
13.424436
13.433700
13.442009
13.449364
13.455765
13.461210
13.465701
13.469235
13.471815
13.473438
13.474106
13.473817
13.472573
13.470373
13.467218
13.463107
13.458040
13.452019
13.445042
13.437111
13.428227
13.418388
13.407597
13.395852
13.383156
13.369508
13.354910
13.339362
13.322864
13.305418
13.287024
13.267684
13.247397
13.226166
13.203992
13.180874
13.156816
13.131816
13.105878
13.079002
13.051189
13.022442
12.992760
12.962146
12.930602
12.898128
12.864727
12.830399
12.795148
12.758973
12.721878
12.683864
12.644932
12.605086
12.564326
12.522655
12.480074
12.436587
12.392194
12.346899
12.300703
12.253608
12.205618
12.156733
12.106958
12.056293
12.004743
11.952308
11.898992
11.844797
11.789726
11.733782
11.676968
11.619285
11.560738
11.501328
11.441059
11.379934
11.317956
11.255127
11.191452
11.126932
11.061572
10.995373
10.928341
10.860477
10.791786
10.722270
10.651933
10.580778
10.508809
10.436030
10.362444
10.288054
10.212865
10.136879
10.060102
9.982535
9.904184
9.825052
9.745143
9.664460
9.583009
9.500792
9.417814
9.334079
9.249591
9.164354
9.078373
8.991650
8.904192
8.816002
8.727084
8.637443
8.547083
8.456008
8.364224
8.271734
8.178543
8.084656
7.990077
7.894811
7.798862
7.702235
7.604936
7.506968
7.408337
7.309047
7.209103
7.108510
7.007274
6.905398
6.802889
6.699750
6.595988
6.491606
6.386611
6.281008
6.174801
6.067995
5.960597
5.852611
5.744043
5.634897
5.525180
5.414897
5.304052
5.192652
5.080702
4.968207
4.855173
4.741606
4.627510
4.512893
4.397758
4.282113
4.165961
4.049311
3.932166
3.814532
3.696417
3.577824
3.458760
3.339232
3.219244
3.098803
2.977914
2.856584
2.734818
2.612622
2.490003
2.366966
2.243517
2.119663
1.995410
1.870763
1.745728
1.620313
1.494522
1.368363
1.241841
1.114962
0.987733
0.860160
0.732250
0.604007
0.475440
0.346554
0.217355
0.087849
-0.041956
-0.172055
-0.302441
-0.433108
-0.564049
-0.695258
-0.826729
-0.958455
-1.090430
-1.222647
-1.355099
-1.487781
-1.620686
-1.753807
-1.887137
-2.020671
-2.154401
-2.288322
-2.422425
-2.556706
-2.691158
-2.825773
-2.960545
-3.095467
-3.230534
-3.365738
-3.501073
-3.636532
-3.772108
-3.907795
-4.043587
-4.179475
-4.315455
-4.451519
