43.41155736
43.40238063
43.40872485
43.40174686
43.39221202
43.39093204
43.38482169
43.38042381
43.3728206
43.35220046
43.35547426
43.34729578
43.33986722
43.33566279
43.3275279
43.33252779
43.33252779
43.33252779
43.32843552
43.32435994
43.32275047
43.32050803
43.30715418
43.29904401
43.29678431
43.28474712
43.27691203
43.25678894
43.24100297
43.23840484
43.2401589
43.23265825
43.23244226
43.22273803
43.22553759
43.22884124
43.24744152
43.26768435
43.26254176
43.26741982
43.27389416
43.28005543
43.28743427
43.29340619
43.2966256
43.30301657
43.30256015
43.28380398
43.29774915
43.31314825
43.3259501
43.32343591
43.32683115
43.3404396
43.35405187
43.36500591
43.40580539
43.44975785
43.45986338
43.45158417
43.46274683
43.48661906
43.52071689
43.51938338
43.50526305
43.51451612
43.53204108
43.52566681
43.5263106
43.52639275
43.52989448
43.51421366
43.49379226
43.47841333
43.45961948
43.45657399
43.44382498
43.42120472
43.39974009
43.40651979
43.39462057
43.39243892
43.38032111
43.37933062
43.39167994
43.41296565
43.41644627
43.42003875
43.4261657
43.42447982
43.42449178
43.43686501
43.46364634
43.46062607
43.45561676
43.48293857
43.51830094
43.49799766
43.47709604
43.48850216
43.51810402
43.54680809
43.52589644
43.51809127
43.52751197
43.55459796
43.56634378
43.56638632
43.59360997
43.60665129
43.61283571
43.62388687
43.62695506
43.64258089
43.64699209
43.64620906
43.65078136
43.65078136
43.65078136
43.6690723
43.70108803
43.69584745
43.69140096
43.68649528
43.68693878
43.68066672
43.67960416
43.68101402
43.65937434
43.64183909
43.6374736
43.64033711
43.63317912
43.61016326
43.59295817
43.59442716
43.58140036
43.55994258
43.55504714
43.56077413
43.53266907
43.53518296
43.53040843
43.52571365
43.52571365
43.51240419
43.5057213
43.50504134
43.49904584
43.49698344
43.48365105
43.46513442
43.43610912
43.42908632
43.41890569
43.42759159
43.42047475
43.40996539
43.41066743
43.41782045
43.41558954
43.4144815
43.4293722
43.42609662
43.41708018
43.4181022
43.42154089
43.41475491
43.40849266
43.40173208
43.39872325
43.3938506
43.37642292
43.34959752
43.36336773
43.40770263
43.41916304
43.40638687
43.40480934
43.4139962
43.44454506
43.45082674
43.44810792
43.46460589
43.48703631
43.48869883
43.49179757
43.49862536
43.499677
43.50886617
43.50988335
43.5170557
43.52392473
43.50865453
43.50687689
43.53179352
43.5448855
43.51821268
43.51202839
43.51556552
43.55166702
43.58330553
43.58693026
43.56885391
43.59590833
43.62621605
43.6319135
43.63124781
43.63449419
43.64296384
43.67426854
43.67975288
43.66444009
43.65691726
43.6571753
43.65610403
43.64734824
43.64360595
43.64629048
43.65652574
43.65907364
43.65380209
43.64367428
43.64849716
43.64349822
43.64344201
43.64344201
43.65467347
43.64957135
43.64928596
43.63903394
43.61937727
43.61065157
43.5906774
43.58069366
43.56079465
43.55582212
43.55084973
43.5409054
43.53096165
43.52598999
43.51106601
43.47126197
43.45135852
43.43643246
43.41518427
43.41521025
43.41024987
43.41026287
43.41026287
43.41026287
43.40529212
43.40529212
43.39535106
43.3854106
43.37547072
43.35559274
43.35064527
43.35565958
43.34078483
43.32823025
43.31837108
43.31844537
43.34989061
43.3830422
43.37425274
43.3743801
43.37739186
43.36445166
43.36835094
43.39673439
43.40712793
43.41952331
43.42292725
43.44135519
43.47427219
43.50096175
43.53439399
43.59366183
43.67378172
43.72278793
43.78251477
43.87804004
43.97182225
44.06395283
44.13189971
44.21565063
44.30015898
44.34009876
44.35977783
44.38647193
44.39898364
44.41760203
44.46749532
44.51468884
44.53118515
44.52336155
44.53168173
44.53024814
44.51722631
44.51404687
44.51346767
44.50649046
44.49833851
44.48007035
44.47315645
44.46438513
44.46438513
44.45965483
44.4549247
44.43127639
44.39344733
44.3618091
44.33060862
44.31402425
44.29162061
44.27827402
44.25471903
44.25000851
44.24058796
44.21233015
44.16063328
44.12768142
44.10414923
44.09600612
44.07291733
44.04000452
44.00555806
43.96641882
43.92413349
43.88655765
43.84911834
43.80391389
43.7861365
43.7626641
43.73919582
43.70634717
43.67460602
43.64548286
43.61895773
43.59188702
43.54463494
43.50109186
43.47009335
43.4360646
43.38648748
43.34619604
43.316819
43.27974381
43.25411557
43.2432289
43.22916455
43.19214915
43.15666614
43.11106286
43.001664
42.87828659
42.77984234
42.68177161
42.59138409
42.51454818
42.46211293
42.43135321
42.42145981
42.3956898
42.36153002
42.34803069
42.34869057
42.35294809
42.33708886
42.33588135
42.32967508
42.2865701
42.25103085
42.22708216
42.20244865
42.19994811
42.20966906
42.25707559
42.26035426
42.28156787
42.30659122
42.36674995
42.40769676
42.43611067
42.45112551
42.47740684
42.4842595
42.48834861
42.48628222
42.4906835
42.47572567
42.46836059
42.44162252
42.39955712
42.38892651
42.37023174
42.32688932
42.26887036
42.24560285
42.2240607
42.18729571
42.15517973
42.1405818
42.12825666
42.11186428
42.11627917
42.11619563
42.12098048
42.10740716
42.08394153
42.0642172
42.08084909
42.09810422
42.14192163
42.17241936
42.20274595
42.21815105
42.22118665
42.2256646
42.22762155
42.2378511
42.24216719
42.25045121
42.25210939
42.25708665
42.26206802
42.25980935
42.25477464
42.25699992
42.25545164
42.23396396
42.23033493
42.23631348
42.2328509
42.21990333
42.21415333
42.2227224
42.2227224
42.21829274
42.209434
42.18286246
42.1597332
42.12776663
42.09343359
42.06567629
42.05563166
42.04894882
42.02795685
42.02583058
42.01759292
42.0208719
42.03406816
42.04632319
42.02888019
42.02543696
42.02659564
42.00645928
41.998656
41.97952937
41.9759295
41.96516196
41.940755
41.93347959
41.92329598
41.91892784
41.91748753
41.91544561
41.90671495
41.90234992
41.88723084
41.8677697
41.83385677
41.80063
41.76550118
41.72735208
41.67455444
41.63130433
41.58928132
41.54841737
41.53509648
41.5462094
41.56040585
41.56552539
41.54555557
41.53061847
41.52001567
41.51374129
41.52338983
41.56019873
41.60100077
41.6474277
41.71365849
41.79444935
41.83474284
41.85563503
41.86735642
41.8839741
41.91185154
41.93699517
41.95911527
41.98220291
41.97220655
41.94330814
41.90764154
41.90040198
41.92286442
41.92866781
41.92866781
41.93987825
41.94568431
41.94114891
41.93274151
41.92853814
41.93208961
41.91916276
41.90010117
41.89333207
41.89302241
41.8927153
41.89046395
41.89046395
41.89046395
41.88206942
41.87509197
41.87650937
41.87650937
41.87650937
41.865345
41.86227708
41.85974113
41.85526021
41.85668678
41.85863841
41.85863841
41.86815987
41.87377692
41.89258064
41.91724235
41.94947782
41.97414624
41.98432406
41.98941593
42.00117547
42.01295042
42.0122186
42.01342177
42.01318605
42.01909434
42.02864956
42.03987835
42.03965026
42.04929183
42.05302575
42.05478999
42.04604247
42.03711286
42.03307409
42.03165806
42.01988248
41.99351339
41.96680523
41.95584281
41.95756766
41.9544204
41.96047727
41.9650754
41.97173194
41.9743099
41.97279792
41.96861737
41.96447819
41.9629351
41.9572352
41.93916917
41.9453297
41.94648404
41.94352739
41.94205304
41.93998502
41.94267171
41.93422947
41.92256931
41.91983307
41.91760475
41.92182499
41.92080775
41.91438804
41.89756049
41.8865104
41.86816561
41.85407186
41.83775797
41.81895546
41.80899452
41.80293845
41.79472426
41.78240467
41.77030465
41.77268779
41.77701516
41.77701516
41.79358109
41.87914344
42.02242922
42.18940574
42.3553227
42.52412696
42.6740159
42.76952967
42.8422534
42.87547036
42.8926901
42.89348348
42.90703452
42.92306434
42.96367721
43.01636575
43.06605674
43.12221039
43.20881671
43.25472469
43.27652511
43.28023343
43.26610476
43.24110241
43.22877844
43.2300008
43.2164522
43.21653871
43.22222174
43.22902105
43.23479996
43.24496123
43.24287794
43.25362889
43.27137755
43.28336109
43.29709626
43.30889648
43.33897532
43.36513928
43.41731514
43.47855413
43.53379866
43.59178622
43.62130266
43.63474536
43.64990695
43.67211589
43.68799669
43.6935055
43.6935055
43.69587952
43.70537933
43.71726251
43.72448811
43.72482637
43.73713504
43.75734846
43.7596405
43.75818869
43.77565462
43.80493302
43.82007495
43.82306983
43.82431178
43.83648623
43.84866989
43.85148255
43.86652353
43.88844258
43.93211236
43.98873625
44.0917458
44.22748504
44.33117944
44.41120298
44.47146012
44.50670458
44.51678718
44.51678718
44.51678718
44.51930871
44.52435284
44.52151434
44.52012454
44.52012454
44.52264828
44.52517236
44.52738687
44.52424727
44.52647227
44.5258752
44.52471145
44.52866495
44.53098035
44.53338761
44.54032839
44.539641
44.53875991
44.53771549
44.54225594
44.54187488
44.54150391
44.53955412
44.54129262
44.54037152
44.54086409
44.5556287
44.62158478
44.70110602
44.7797903
44.85878587
44.93142082
45.0044309
45.09343619
45.16129905
45.20152989
45.21764324
45.21764324
45.21764324
45.22152442
45.22540583
45.23705139
45.26034856
45.29397351
45.33019
45.36903334
45.39495234
45.4222412
45.45484327
45.48361992
45.51785778
45.5563261
45.59111674
45.62766202
45.67537142
45.72234983
45.78644472
45.85087292
45.90634858
45.96518932
46.0110841
46.05323757
46.0903601
46.12024539
46.1593641
46.17782526
46.18509923
46.18622402
46.18623624
46.183502
46.1876169
46.19136116
46.21005258
46.23475292
46.26488821
46.28769104
46.31563436
46.31467915
46.32691452
46.33596797
46.34575864
46.34834884
46.36308312
46.36096925
46.35700634
46.35302821
46.34255318
46.3368921
46.3368921
46.3368921
46.3368921
46.3368921
46.3368921
46.3368921
46.3368921
46.33108059
46.31946436
46.27766869
46.21732893
46.16228272
46.11830684
46.09663263
46.10172334
46.10394092
46.11177621
46.11269788
46.11375521
46.10697744
46.11398903
46.11802071
46.11310365
46.09631768
46.10058418
46.12231091
46.14152731
46.14693809
46.14727303
46.14958171
46.143124
46.14360772
46.14583119
46.15576722
46.17102071
46.17489839
46.18385868
46.170581
46.17390158
46.17760811
46.16949292
46.16207712
46.15707429
46.16393751
46.16893805
46.1704143
46.17101441
46.16566451
46.16982574
46.16021065
46.12498858
46.09863326
46.10400223
46.10520277
46.10803312
46.11713586
46.12838054
46.12930067
46.1121493
46.07748586
46.03364646
45.98160763
45.94716241
45.92252266
45.92318428
45.93417906
45.92517603
45.90745414
45.90515128
45.91210258
45.91249777
45.89875982
45.89198346
45.89926138
45.92529784
45.94613181
45.96971935
46.0029785
46.01392419
46.02389259
46.04020917
46.05430424
46.07728033
46.09582535
46.10490975
46.11011664
46.12273505
46.11795737
46.12689317
46.12854741
46.12738409
46.13633184
46.13660904
46.13831956
46.1396997
46.15712996
46.17284762
46.1916911
46.18685742
46.19256024
46.19172628
46.18905709
46.1982198
46.21194546
46.22857446
46.26697683
46.29563994
46.30828436
46.3145587
46.32511976
46.34843905
46.35462745
46.36620175
46.39611896
46.42915978
46.4694168
46.52920806
46.57531058
46.60746683
46.64916448
46.69292312
46.73986426
46.80924496
46.87862666
46.92765115
46.98097724
47.03530033
47.06283047
47.06791669
47.07412453
47.07927302
47.08988724
47.09860868
47.1185054
47.13054063
47.16162959
47.18363929
47.20554377
47.22670919
47.23087665
47.23958146
47.24393412
47.24828697
47.26134655
47.27507012
47.29771791
47.32497114
47.34907675
47.37347347
47.39287942
47.42049599
47.43503445
47.44959618
47.45124057
47.44781975
47.4573438
47.46248921
47.46790404
47.47800288
47.49281371
47.50383547
47.51877594
47.53257724
47.54702402
47.54474358
47.55452184
47.56431659
47.56084732
47.56148987
47.56278775
47.56421715
47.57545967
47.59903985
47.61040346
47.61515242
47.60379597
47.60201986
47.59649928
47.59308835
47.58305809
47.57266999
47.58129011
47.58703148
47.60220929
47.60727305
47.60327642
47.60780765
47.6168706
47.62326001
47.63848314
47.65161428
47.67443226
47.6927802
47.70607154
47.71292805
47.71543675
47.71736918
47.71533467
47.72620931
47.73248396
47.74826098
47.77139211
47.80297768
47.82100943
47.85624653
47.8897601
47.91985783
47.94323116
47.96319549
47.97056805
47.97270801
47.97270801
47.99185582
48.00904772
48.03382743
48.05254812
48.06693741
48.07202694
48.07420757
48.07493656
48.07493656
48.07956794
48.09031467
48.09789919
48.10846262
48.12055762
48.14737865
48.17263087
48.19406422
48.21404455
48.23103072
48.24502937
48.25520536
48.28094275
48.29970936
48.32553108
48.34433557
48.36164341
48.37735246
48.38521551
48.38529917
48.39786348
48.41193284
48.42461597
48.44054203
48.46738572
48.48649239
48.48375493
48.49318482
48.49793034
48.50433028
48.5130955
48.52907175
48.52506044
48.52189615
48.52748751
48.51630503
48.5093285
48.51885011
48.53294331
48.52432945
48.51061263
48.50025443
48.50025443
48.50025443
48.49821812
48.50296816
48.50944911
48.51985941
48.53155075
48.53594005
48.54474002
48.55657909
48.56504013
48.54948862
48.52642732
48.51487539
48.52928191
48.55547903
48.57621101
48.57902322
48.54875939
48.51501761
48.50149227
48.53526749
48.57254399
48.58312253
48.57880793
48.57968371
48.59173083
48.6075227
48.62337032
48.64114392
48.66717378
48.68921678
48.70913149
48.70365454
48.69267494
48.65698919
48.63815658
48.65974382
48.67200015
48.67445134
48.68951625
48.69430208
48.69676678
48.67802007
48.65603253
48.65519616
48.65239073
48.6546882
48.64860492
48.66037115
48.66598709
48.66458787
48.67116819
48.6749475
48.6867188
48.69206166
48.71418084
48.72630171
48.73072207
48.72729817
48.74982399
48.76386686
48.75857841
48.74975425
48.74605589
48.75376388
48.76941358
48.74847428
48.73604184
48.72758257
48.72194449
48.72138108
48.72589431
48.71633685
48.70734751
48.69328888
48.66800164
48.63712698
48.60908966
48.59287734
48.56554558
48.52176055
48.46605979
48.42158405
48.39105086
48.3716393
48.36609581
48.3652379
48.36715767
48.37227163
48.37931392
48.38360034
48.4085833
48.42590623
48.43850048
48.45866041
48.4791959
48.48477295
48.50960005
48.5267155
48.54366445
48.558492
48.5730808
48.58664505
48.59867161
48.61000722
48.62294711
48.63954622
48.65327608
48.66708347
48.67916893
48.6912653
48.70893634
48.72881795
48.73339786
48.7505359
48.75914455
48.75562306
48.75562306
48.75290018
48.76339362
48.76300335
48.7729362
48.78001114
48.77121329
48.76773758
48.77216006
48.77925249
48.78108719
48.76990656
48.77819132
48.77517786
48.77492394
48.78536492
48.78529662
48.76936793
48.76143839
48.77833877
48.79184235
48.78426917
48.77853399
48.78779814
48.77583266
48.76832325
48.76097636
48.7646372
48.77745976
48.79065591
48.76866596
48.7301689
48.70627338
48.70034327
48.70751772
48.71477096
48.72869871
48.73407651
48.73155093
48.73692908
48.7429691
48.74902126
48.76116205
48.77909973
48.79369197
48.80544115
48.80681958
48.81918831
48.83451145
48.83539473
48.83595617
48.82334183
48.81970468
48.81431448
48.82985547
48.84805509
48.84898246
48.84826595
48.86332936
48.87296852
48.88262734
48.88261775
48.89114568
48.90342242
48.90184226
48.90155222
48.89683565
48.88874673
48.88750533
48.9064108
48.91801923
48.92655658
48.92651539
48.94099503
48.95279315
48.95680861
48.95854536
48.96538321
48.97893532
48.98703261
48.99485092
49.01806251
49.03672241
49.05547112
49.06649049
49.08312683
49.09986345
49.10791934
49.10953672
49.11120008
49.12952396
49.13456393
49.12529214
49.12385897
49.12679882
49.1331135
49.14506999
49.14267842
49.1403502
49.14364994
49.15593389
49.14588306
49.14020318
49.13810181
49.13179489
49.13554721
49.14714797
49.15540807
49.15689599
49.16059104
49.16919807
49.17465806
49.18061566
49.20034717
49.20057838
49.17159099
49.13162071
49.09760772
49.09402981
49.09697563
49.09723555
49.0855207
49.09483195
49.09709081
49.10080417
49.11017313
49.11596143
49.12466931
49.13073265
49.12507384
49.13689757
49.1402243
49.14629828
49.14527596
49.15128594
49.15670663
49.1637109
49.15954237
49.1697147
49.17495857
49.1829299
49.19692616
49.19611765
49.19725116
49.20814799
49.21340766
49.21265252
49.22064222
49.22632378
49.23374999
49.23816284
49.22766145
49.23221103
49.23481181
49.23375485
49.23656414
49.241225
49.23119103
49.21902414
49.20409774
49.18769794
49.17675729
49.17257018
49.1699924
49.17638332
49.1720492
49.15343817
49.11886797
49.07548868
49.03765952
49.00543609
49.00292
49.01129677
49.02005934
49.01999567
49.01999567
49.01999567
49.01999567
49.01999567
49.02720322
49.02714272
49.0321515
49.04770583
49.07548955
49.10288286
49.12659318
49.13411053
49.14259784
49.1388217
49.14259045
49.15920894
49.18287622
49.17697762
49.18391353
49.18009721
49.17305003
49.17013567
49.16954594
49.16170446
49.15921
49.15831408
49.1554972
49.14553876
49.13018829
49.11707693
49.10011588
49.08349525
49.07409025
49.0629681
49.05306131
49.0431816
49.04448596
49.04978558
49.03627711
49.0304854
49.02280081
49.02453302
49.01756745
49.00128231
48.98339654
48.98216677
48.99430912
48.99534445
48.97940236
48.95651244
48.93370001
48.91583047
48.89315686
48.87217252
48.85125555
48.83360921
48.8197651
48.80119526
48.78270767
48.76490289
48.74974163
48.74530833
48.74433489
48.7336017
48.74273396
48.73675522
48.73582225
48.72925015
48.72557988
48.7203665
48.71365855
48.70173341
48.69066029
48.6543415
48.62986938
48.6235328
48.61393688
48.59958848
48.59344676
48.58544902
48.57521877
48.56628323
48.57074052
48.56747599
48.56570297
48.56840123
48.56847327
48.57570097
48.57500392
48.56737203
48.55364908
48.5300061
48.53263794
48.51477516
48.48786626
48.4745844
48.46036773
48.45778275
48.45766378
48.46589612
48.46797569
48.47612089
48.49460376
48.51848146
48.54634681
48.56428924
48.55891389
48.55288814
48.53595709
48.5271116
48.528806
48.52119429
48.51193834
48.50942907
48.50274847
48.48518347
48.4704569
48.4563048
48.43331744
48.41533937
48.37100095
48.31750477
48.28204878
48.24888308
48.22462243
48.21716585
48.2103719
48.2103719
48.2103719
48.2103719
48.2103719
48.20777982
48.20408913
48.20290103
48.20131939
48.20380695
48.20629629
48.20464122
48.20706305
48.21081179
48.21706852
48.22400663
48.22389503
48.23203105
48.24434621
48.26193511
48.26165885
48.26025104
48.20452778
48.12036724
47.97057409
47.78819459
47.66925777
47.56749792
47.46201069
47.37144152
47.29400373
47.25457792
47.20159206
47.11410208
47.03587094
46.92775873
46.7976571
46.67492344
46.61074264
46.57586175
46.50090819
46.42179812
46.37468313
46.3498892
46.28215118
46.17392818
46.06389198
45.94524329
45.82240031
45.68410277
45.59328521
45.59232417
45.57579128
45.53809021
45.50041912
45.46446522
45.3922503
45.33996422
45.31174366
45.28955415
45.20400458
45.0588545
44.8938092
44.74039895
44.60355952
44.47629641
44.41429731
44.40623962
44.41021074
44.3926872
44.38292179
44.40386398
44.41027769
44.37938317
44.35973805
44.36673983
44.37853247
44.37528716
44.3746884
44.39182419
44.41496581
44.43295819
44.44414812
44.4424028
44.46369456
44.50728137
44.55563743
44.59220328
44.66723368
44.7706074
44.85694077
44.92059267
45.00495371
45.07751623
45.09561738
45.10944473
45.15559681
45.18286683
45.24715015
45.34694581
45.4474151
45.54717534
45.60548224
45.62571819
45.63746004
45.65754353
45.67354474
45.68845938
45.74119548
45.78911621
45.79780681
45.8314024
45.87037199
45.87939625
45.88842559
45.90119667
45.89991439
45.90646158
45.92898003
45.92670287
45.91478965
45.90744492
45.89813851
45.88827002
45.87818443
45.85521312
45.83530051
45.81191709
45.79246383
45.78743573
45.77856892
45.76812154
45.75840813
45.73931153
45.71802337
45.69819155
45.65637851
45.6277531
45.60010187
45.57615816
45.55892855
45.54962685
45.56474198
45.55289749
45.54876967
45.54687971
45.56701968
45.5963493
45.65617415
45.68021692
45.66268443
45.63447009
45.6406703
45.67295444
45.74023204
45.85640735
45.90084481
45.88827746
45.88799573
45.94507349
45.9746474
45.98444939
46.01318036
46.0937022
46.11339066
46.12373319
46.1720818
46.2289396
46.2347327
46.19265005
46.17094839
46.21317222
46.24686887
46.25468097
46.26399078
46.28710144
46.29940665
46.30406198
46.33199708
46.36968079
46.40488658
46.42553702
46.43633379
46.44818224
46.46316515
46.48285647
46.50509404
46.51685226
46.54918987
46.55840564
46.55840564
46.56312497
46.54808956
46.54208388
46.53570903
46.51993313
46.51405525
46.51386881
46.51860705
46.52808396
46.54685852
46.57169796
46.5705029
46.58079333
46.59888627
46.60263932
46.58267885
46.59121683
46.59008664
46.56957211
46.56360198
46.58179526
46.59548798
46.60137876
46.59649242
46.61120834
46.65158521
46.66440545
46.6548385
46.65017301
46.64537065
46.65132837
46.64806726
46.63873938
46.65201117
46.66816923
46.65893711
46.64539712
46.65284233
46.67154297
46.66902109
46.65150285
46.64624933
46.63802023
46.64237216
46.65148189
46.65434563
46.6450231
46.65027608
46.66683415
46.67748097
46.68487962
46.67604931
46.66970299
46.67753773
46.67732572
46.64289298
46.64132216
46.64132216
46.64132216
46.6334899
46.62565925
46.61315059
46.59595731
46.59296
46.6185489
46.64092401
46.6445547
46.64814857
46.67399919
46.70177007
46.69764021
46.69518537
46.70236114
46.72109744
46.73863986
46.75309329
46.75415189
46.75984136
46.76688202
46.74694118
46.73322674
46.73385589
46.72259557
46.69406049
46.67737576
46.66512739
46.650953
46.62849554
46.59140103
46.58736573
46.58518953
46.57546414
46.53984138
46.52546414
46.50726659
46.49288596
46.48314126
46.46076206
46.45004628
46.42996806
46.41815358
46.39643691
46.38126918
46.35119562
46.32362209
46.3056361
46.2949574
46.26900604
46.2324054
46.19350526
46.16032188
46.12197345
46.08735843
46.0480889
45.99722754
45.92760589
45.85384824
45.7833921
45.69999827
45.64473916
45.62549648
45.60579036
45.55170581
45.48797903
45.45495158
45.40907933
45.354525
45.29494904
45.2427936
45.19242309
45.13980365
45.06764359
45.02240783
44.99037887
44.95171961
44.87157083
44.84026705
44.83110456
44.80717381
44.77459133
44.73794937
44.68705745
44.64884808
44.62436927
44.6192624
44.59636298
44.54599917
44.50023174
44.4340919
44.34844057
44.27301996
44.21130702
44.16443294
44.11658686
44.06171816
43.9885989
43.92922243
43.89175519
43.84612014
43.77585521
43.69646278
43.62738354
43.56713206
43.4889243
43.42191333
43.39847813
43.38936051
43.37112743
43.36384458
43.36478818
43.36390127
43.35142149
43.33894221
43.33350621
43.3253592
43.30909031
43.29114824
43.27347542
43.2452711
43.19742497
43.16749191
43.15581277
43.13643178
43.09667837
43.06028515
43.05434881
43.05937324
43.03848748
43.02598925
43.01232782
43.00189966
42.98761792
42.95606879
42.93048366
42.91848652
42.9019054
42.8663767
42.81901381
42.78011645
42.77768513
42.77281466
42.75929609
42.75802754
42.75802754
42.76001216
42.76001216
42.7515261
42.7515261
42.75351195
42.74399649
42.73271396
42.72220111
42.70549352
42.6899178
42.6537916
42.60678404
42.56885943
42.52738475
42.49569978
42.47861999
42.46482902
42.46240172
42.45347115
42.44454137
42.46033124
42.49191473
42.48825889
42.49878985
42.50813057
42.50049744
42.49179202
42.48899043
42.46785015
42.44000837
42.40725043
42.37723831
42.33600906
42.29210608
42.24625664
42.19770137
42.14009873
42.06362819
41.97610717
41.9169589
41.88425148
41.830411
41.76004461
41.73436066
41.73878533
41.73361338
41.72530621
41.72017416
41.7235132
41.72469608
41.72177104
41.72755545
41.75270721
41.76147256
41.76033255
41.77017026
41.79259497
41.80937409
41.84650287
41.86588845
41.88160224
41.88083257
41.87556974
41.8778174
41.88241774
41.86956701
41.85900827
41.85426296
41.84802886
41.84078728
41.84078728
41.81136586
41.83076132
41.94234731
42.05044779
42.11905467
42.21619581
42.31064196
42.35232096
42.36205164
42.36955412
42.38151569
42.39043849
42.40505264
42.46444639
42.55912422
42.65611949
42.70128948
42.72073634
42.73459593
42.72973318
42.71611838
42.6993043
42.69057282
42.70229856
42.74149061
42.78922104
42.82727747
42.86319922
42.90220819
42.95363168
42.99519481
43.03133751
43.06868123
43.11002766
43.15291415
43.18396442
43.20832079
43.23354673
43.23833669
43.24552447
43.25991025
43.27430966
43.29112617
43.31277461
43.34168671
43.38273832
43.43117335
43.48705878
43.53765528
43.5838774
43.61048981
43.63157908
43.64883055
43.66363192
43.6789153
43.69570881
43.72637016
43.76596739
43.82056683
43.89031278
43.96285049
44.0675571
44.17012483
44.26379797
44.36521842
44.44898673
44.49732677
44.51850667
44.5226745
44.5226745
44.5226745
44.52684253
44.53425574
44.55510414
44.58686163
44.62023984
44.66130719
44.68895492
44.73098065
44.76143111
44.77179971
44.76957268
44.7759244
44.78332308
44.79323913
44.80803722
44.82447966
44.85607708
44.885221
44.90760147
44.90589471
44.9160529
44.9302378
44.96724046
45.02885181
45.09436936
45.16265292
45.23577644
45.31321351
45.35493152
45.37431798
45.40110987
45.41282789
45.42990432
45.43367045
45.45303034
45.48155943
45.50858537
45.53487515
45.56844606
45.59643716
45.63519281
45.68350715
45.74812842
45.8386424
45.95818954
46.07642088
46.14950498
46.20330203
46.24661629
46.28018508
46.30215736
46.31001649
46.33953859
46.38814781
46.44455183
46.51086852
46.56945285
46.61496302
46.65349086
46.69179095
46.70551355
46.71728349
46.72674785
46.75298272
46.75329573
46.77580779
46.80104692
46.82528503
46.84617735
46.86450464
46.88275426
46.89847762
46.91026537
46.92775743
46.94242419
46.93648469
46.91832367
46.89872829
46.88753709
46.88195129
46.87505706
46.87245229
46.87857358
46.8925398
46.91199944
46.93794506
46.91798504
46.87143735
46.79553407
46.74160363
46.67070548
46.60968115
46.58127512
46.58537472
46.58971086
46.60705725
46.61481527
46.63150627
46.65278386
46.66062081
46.66807737
46.69813883
46.71081014
46.71459301
46.70967348
46.71403137
46.71403137
46.71232766
46.71232766
46.71232766
46.7151677
46.72048102
46.71634999
46.73067125
46.72710847
46.73204175
46.74402727
46.75540277
46.76291224
46.77624492
46.79490995
46.81236466
46.82759377
46.86693453
46.915252
46.9457319
46.9674091
46.99810888
47.03333737
47.05972127
47.07277835
47.09478859
47.12563292
47.15935142
47.19460833
47.22391063
47.24857358
47.2834723
47.31216515
47.34091334
47.37962753
47.4272671
47.47938197
47.52582026
47.58123496
47.64108533
47.68204513
47.72147874
47.74076349
47.74716094
47.77260456
47.78910846
47.79375685
47.80419122
47.81485837
47.8196486
47.82457428
47.83555895
47.84957612
47.86363828
47.87789697
47.89526372
47.91411647
47.93610151
47.95407642
47.96738346
47.98036316
47.98753448
47.99339708
47.99804298
48.02074762
48.03719081
48.0710208
48.09779119
48.11978892
48.140396
48.15301364
48.1604423
48.16081539
48.17285955
48.1771656
48.18767095
48.19820271
48.21367835
48.22882087
48.22995632
48.24476245
48.25581399
48.26730214
48.27843653
48.29458826
48.31867741
48.32865897
48.33780026
48.34694215
48.34694215
48.36979949
48.40637902
48.45712926
48.51248754
48.57200764
48.63613409
48.70945669
48.77412063
48.82916782
48.87867127
48.91948483
48.95669976
48.97706293
49.00636661
49.02189287
49.05866428
49.0837157
49.12950272
49.17431125
49.21594294
49.23757966
49.26955543
49.31185453
49.34956868
49.37062298
49.39734354
49.43896701
49.46267705
49.47374131
49.4940648
49.53168553
49.56493
49.5811151
49.60049639
49.59890192
49.59890192
49.59890192
49.59487335
49.58804062
49.58523655
49.57437526
49.5381254
49.47455762
49.39976824
49.34977009
49.33860577
49.33458186
49.31568064
49.2704894
49.21458606
49.15234435
49.0500118
48.94327711
48.855183
48.79312203
48.74287769
48.70951432
48.69448251
48.66062883
48.67616983
48.69530344
48.71772196
48.7195405
48.70830465
48.68865318
48.69363524
48.70424026
48.7084148
48.71934846
48.74857226
48.79419622
48.82411132
48.84945637
48.8872503
48.91510441
48.92937822
48.93755516
48.95602894
48.96149077
48.95943578
48.98480739
49.00376534
49.01605223
49.02941733
49.0337562
49.04960898
49.06087595
49.07698654
49.08103067
49.08522333
49.08250363
49.08423194
49.0942643
49.10215801
49.1246317
49.14057969
49.15568541
49.15449076
49.16600122
49.17660172
49.18298885
49.18725156
49.19307884
49.21346842
49.23547247
49.25147303
49.25971498
49.2742082
49.25877404
49.24996497
49.24117765
49.21195417
49.17498015
49.13904867
49.12662843
49.12492869
49.13980917
49.15165003
49.15977008
49.16182461
49.16491448
49.17615615
49.17644726
49.18271749
49.17850968
49.14749746
49.13685116
49.1478122
49.15289641
49.15690379
49.16092316
49.16719854
49.17728359
49.18426788
49.18819098
49.21127694
49.23438854
49.25986046
49.2862198
49.30359531
49.32641949
49.35465376
49.37039434
49.37947328
49.38153305
49.37890012
49.38388149
49.38858114
49.37275543
49.34527506
49.31088157
49.26085929
49.21938311
49.18161624
49.15041392
49.10848437
49.05815277
49.02729052
49.02450069
49.0140616
48.99730652
48.98964479
48.97951824
48.96180884
48.94411484
48.92644432
48.91642261
48.90902136
48.88395916
48.86417838
48.83818511
48.79721672
48.7675085
48.77310514
48.77598826
48.76729193
48.76634395
48.76031406
48.76049165
48.7618043
48.74776148
48.73870926
48.73871263
48.7390231
48.71410423
48.69583453
48.68927079
48.68123811
48.69228046
48.69505197
48.69282717
48.69060684
48.71428804
48.72137474
48.72216431
48.74105646
48.7527818
48.77467982
48.77861054
48.77728703
48.77281414
48.77344516
48.77796375
48.78138093
48.77960546
48.79104071
48.78792473
48.78525857
48.77961222
48.78294772
48.78752679
48.76838706
48.74207924
48.72174499
48.71117947
48.70036418
48.70524655
48.70837557
48.7104648
48.71570074
48.71570074
48.71570074
48.70641952
48.70006926
48.69732527
48.68538407
48.66584699
48.64946778
48.61274826
48.57925405
48.5460022
48.52281389
48.49984481
48.46869319
48.43995474
48.41537434
48.3888193
48.37354344
48.35874004
48.33991297
48.33209512
48.32990205
48.32007548
48.3118735
48.30245177
48.30221228
48.29324494
48.27677461
48.2440999
48.22017798
48.2119397
48.20532729
48.19451093
48.19079418
48.1968987
48.18400965
48.17113338
48.15353267
48.13339358
48.11973045
48.08491622
48.05353599
48.05348657
48.07114903
48.08332947
48.09191402
48.09561969
48.08448477
48.0700334
48.06178349
48.04608785
48.02834091
48.01599844
47.99956228
47.97495194
47.94630656
47.91365711
47.88313379
47.86825305
47.83386488
47.80562558
47.78549917
47.77745902
47.77934728
47.77934728
47.78714262
47.79493873
47.80360246
47.8020882
47.80008049
47.79985667
47.79753524
47.79896278
47.80813529
47.81933857
47.82486205
47.82082421
47.81883744
47.82228412
47.82228412
47.82423973
47.81443381
47.82481978
47.8298409
47.83391683
47.84198856
47.8305084
47.83379243
47.83704846
47.82171223
47.80267564
47.77606866
47.76525213
47.75456172
47.74416921
47.73601539
47.72596022
47.6981045
47.66081343
47.63586126
47.62276425
47.61904061
47.59335636
47.59646012
47.59527478
47.58543461
47.57271347
47.56182495
47.55932294
47.54597677
47.54290373
47.54936065
47.53930205
47.52678808
47.51084774
47.50251793
47.49000105
47.48750601
47.47212389
47.46454503
47.45879104
47.45381743
47.45215434
47.45227974
47.44779524
47.44605498
47.45035492
47.46454001
47.46955616
47.45247573
47.45011806
47.43328864
47.42293811
47.4112329
47.40972782
47.41545276
47.40631896
47.40638956
47.40197845
47.4017139
47.39441585
47.3915976
47.3801393
47.36473629
47.353633
47.34429319
47.32173123
47.30210281
47.28579129
47.26452647
47.24635996
47.23943757
47.22586602
47.21299966
47.20497173
47.1909744
47.16228501
47.12915224
47.10435662
47.08238889
47.04127326
47.01127077
46.99469018
46.97958311
46.9516388
46.90059963
46.83803158
46.76048989
46.69294134
46.62992609
46.58231599
46.53888167
46.49670177
46.44322115
46.38966763
46.33698294
46.28138226
46.22198967
46.17258465
46.10592955
46.01826107
45.89001262
45.75661938
45.65873055
45.57626941
45.47699694
45.39577689
45.32882978
45.29509629
45.24541827
45.1701158
45.06872572
44.95978216
44.84538777
44.75061206
44.66742188
44.59052647
44.52421745
44.46895673
44.41383379
44.38514928
44.37365336
44.34054332
44.29827136
44.23151351
44.17166909
44.12598457
44.10989442
44.09680398
44.0732004
44.02066982
43.90312774
43.73574345
43.549598
43.37346065
43.17198704
42.99143878
42.82085999
42.65192973
42.47734072
42.31493126
42.16929735
42.06210291
41.99301953
41.9648811
41.92816025
41.86851439
41.80980219
41.80029426
41.77676305
41.73325051
41.68216652
41.65603738
41.61880446
41.5880043
41.4900512
41.35838228
41.23975555
41.13520344
41.03535258
40.92920175
40.87662815
40.85902514
40.82303715
40.80667639
40.80667639
40.84160504
40.91702482
41.00018164
41.05395278
41.13342751
41.20469563
41.23856549
41.26554285
41.31637727
41.41969164
41.55608307
41.71082885
41.85645822
41.96903976
42.04409775
42.09896379
42.15211384
42.17869402
42.19723449
42.25014876
42.32163588
42.39403713
42.46201521
42.53527875
42.61151605
42.66710619
42.72788441
42.81181962
42.89078187
42.97033511
43.05452807
43.15269148
43.27683348
43.39798413
43.50770861
43.63966471
43.79727709
43.96880243
44.12650598
44.27232347
44.41508322
44.53701074
44.62419204
44.67653681
44.69891715
44.70851258
44.71813705
44.72108069
44.72201187
44.72264492
44.72701802
44.72701802
44.72539466
44.7152776
44.70957464
44.69750251
44.69187441
44.68906266
44.6830064
44.67977206
44.6689993
44.64742322
44.6214067
44.59780371
44.57739676
44.52911272
44.48399963
44.47721489
44.47203976
44.44331149
44.3950478
44.35396903
44.28507737
44.15439545
44.04344742
43.95071203
43.85924203
43.80990931
43.78688593
43.78169506
43.78169506
43.78416129
43.78216855
43.793557
43.79432807
43.78225913
43.77939718
43.77233847
43.76998505
43.7716031
43.77411474
43.77411474
43.77662732
43.78024112
43.78051166
43.77749842
43.78356129
43.79484124
43.78236864
43.78168569
43.78241382
43.77411354
43.76132026
43.74402018
43.7376312
43.70537314
43.6944164
43.7034882
43.71069038
43.7063685
43.68411655
43.65511549
43.63512398
43.60069678
43.55800456
43.52583898
43.50511793
43.47723653
43.46657474
43.46657474
43.46657474
43.47072184
43.45866529
43.45080664
43.47690033
43.48706879
43.45207441
43.41809859
43.39982169
43.38545329
43.37031061
43.36526335
43.35516926
43.35589763
43.34461302
43.32800365
43.30028084
43.27996963
43.27013035
43.25840378
43.25174346
43.25484297
43.24825595
43.23483014
43.23530835
43.24050361
43.2303773
43.20219393
43.17795377
43.15189919
43.13400208
43.11499338
43.07510617
43.04519723
43.01226268
42.98432057
42.9444696
42.90462857
42.87067423
42.84473286
42.81466831
42.77383005
42.74772879
42.7179045
42.70196327
42.68003706
42.63826973
42.58942229
42.54178788
42.52971388
42.51071824
42.47801313
42.45323833
42.4403649
42.43132777
42.42148677
42.40657503
42.38847839
42.37178028
42.3593048
42.3487191
42.33883076
42.32415909
42.32643953
42.3238125
42.34251572
42.33461695
42.30924888
42.26182036
42.24385538
42.21906434
42.19426822
42.15489101
42.1204758
42.10002336
42.08240786
42.07254662
42.02862188
41.98968332
41.95083152
41.94118539
41.93635281
41.93148861
41.92176073
41.91689704
41.90436351
41.88697093
41.86266295
41.83835929
41.81538487
41.78003431
41.72520605
41.68013195
41.65379698
41.63519635
41.60961989
41.59859148
41.59450661
41.57801782
41.55125264
41.5100625
41.4487678
41.40893748
41.38809766
41.35314349
41.30940973
41.26833421
41.23716534
41.22275768
41.22275768
41.22275768
41.247633
41.2828273
41.30348808
41.33727971
41.40145578
41.49338999
41.54191056
41.57084903
41.61170122
41.74942215
41.90429231
42.06320069
42.26709394
42.47886199
42.6950999
42.88106455
43.02666367
43.13070944
43.21359326
43.30958518
43.38287263
43.45273627
43.5079484
43.58066296
43.65411341
43.68871857
43.69333116
43.70464387
43.70382224
43.71426834
43.71759542
43.71682873
43.71534374
43.71779372
43.73709797
43.76367286
43.78361555
43.78230618
43.79203119
43.80706491
43.81576471
43.81735131
43.82381502
43.83808061
43.85489577
43.87563612
43.87700855
43.87408131
43.87574892
43.89092152
43.90130791
43.8936627
43.88366446
43.88741855
43.90252849
43.91329076
43.90143501
43.91584777
43.92017446
43.91721464
43.90590023
43.88417122
43.86760935
43.82716175
43.81807723
43.8202912
43.83293807
43.84604288
43.85349439
43.86632555
43.88150789
43.90982719
43.92871118
43.95361123
43.97177491
43.95640692
43.94724527
43.93353105
43.91401124
43.88734565
43.86925105
43.88048425
43.89849818
43.90976947
43.91653689
43.92556554
43.94590261
43.97533359
43.99357986
44.00057679
44.00982227
44.02578393
44.03271396
44.03457318
44.04143004
44.05057787
44.05474073
44.05662053
44.05891154
44.06120294
44.06578688
44.06578688
44.06578688
44.06578688
44.07226513
44.07836261
44.06773595
44.0685281
44.07398828
44.07523524
44.07720045
44.07453887
44.07666706
44.07101699
44.06139541
44.0677151
44.06349867
44.0578096
44.05692792
44.06365677
44.05861446
44.06329908
44.058336
44.05806013
44.05255451
44.05906693
44.06039554
44.07144226
44.08089121
44.07196351
44.07199559
44.07134463
44.06908928
44.05791696
44.05124779
44.05080556
44.06445011
44.07100661
44.08030563
44.07762968
44.07723245
44.08913064
44.0938253
44.09623324
44.10105022
44.11309915
44.1251574
44.13210335
44.14143165
44.13364747
44.12838235
44.13218148
44.15280341
44.16411181
44.16406024
44.17499727
44.20065512
44.21782893
44.23260538
44.24826488
44.30206544
44.33614581
44.35599812
44.38084431
44.42850754
44.45694161
44.4777613
44.49185982
44.50635147
44.50903315
44.50938646
44.53840763
44.56996275
44.60001924
44.61143445
44.65348496
44.70973599
44.76616847
44.83147326
44.89155006
44.94097284
44.98387294
45.01998616
45.05476565
45.08439038
45.13331015
45.1874573
45.23460145
45.26576951
45.27333982
45.29150141
45.310571
45.32614564
45.35110552
45.3856445
45.39717048
45.41497416
45.42097505
45.43261181
45.4369459
45.44128245
45.45880024
45.48056098
45.49762343
45.51952112
45.52784071
45.54417649
45.56098657
45.58245142
45.61058941
45.6355124
45.65661332
45.67717163
45.67780456
45.68577799
45.68075409
45.68970756
45.69584333
45.71518909
45.74128815
45.77339672
45.81172266
45.83601194
45.85555934
45.87443359
45.86927952
45.86927952
45.86927952
45.86927952
45.86927952
45.86927952
45.87401181
45.87901963
45.89756799
45.91166508
45.9211689
45.93129857
45.95038167
45.95532383
45.9556579
45.9698454
45.97978081
45.98956109
46.00435907
46.02885766
46.049672
46.08391475
46.10484029
46.12152711
46.14610657
46.16061456
46.16635708
46.16718116
46.17678659
46.17678659
46.18201169
46.19219612
46.19715084
46.20648787
46.21202955
46.21291263
46.20445856
46.193318
46.1982949
46.20419127
46.20074955
46.21541917
46.22041742
46.21804599
46.21836464
46.23338458
46.23970882
46.26048194
46.25559031
46.23611277
46.21401717
46.2158686
46.1951705
46.1727169
46.15781326
46.16567004
46.16029043
46.15760111
46.15968857
46.15968857
46.16864373
46.17703007
46.18753197
46.19056421
46.19898081
46.21755511
46.22177526
46.20839567
46.2035619
46.21470567
46.2290783
46.2482439
46.25194734
46.26738265
46.28390724
46.30207396
46.3117804
46.33381276
46.36336625
46.38335833
46.40980644
46.43735431
46.45793795
46.49388214
46.52077671
46.54930083
46.57783992
46.60901247
46.62792031
46.64059679
46.65430465
46.66764717
46.6955377
46.7286792
46.76023483
46.77666013
46.79050494
46.80662453
46.83279719
46.85575042
46.88136554
46.90188643
46.92450175
46.95467366
46.99331232
47.02881612
47.06420724
47.10061821
47.11758643
47.12195035
47.12920092
47.12083592
47.1320419
47.14001288
47.15437554
47.17509738
47.19135871
47.21337006
47.23562544
47.24486821
47.25517653
47.26657503
47.26069318
47.23581581
47.21819589
47.21536041
47.2114689
47.19849178
47.19231515
47.19305329
47.17088555
47.15631623
47.13350063
47.11974526
47.11997872
47.112713
47.11787663
47.13377817
47.13484103
47.15077501
47.15940152
47.17243439
47.19897234
47.23264748
47.25668416
47.26850406
47.29184666
47.33083892
47.36492886
47.37489169
47.37128414
47.37535821
47.39077024
47.41359444
47.43057233
47.44644786
47.46112086
47.48062175
47.50622535
47.52434171
47.54257132
47.56186913
47.57068325
47.58169884
47.5950918
47.61736753
47.63665695
47.66011993
47.67627513
47.69482926
47.70786735
47.73012436
47.73604087
47.75118192
47.75332862
47.73945647
47.73533869
47.73411409
47.74439918
47.74508064
47.73783131
47.71071666
47.68095193
47.66090428
47.66531891
47.66348159
47.63955882
47.62491421
47.61213943
47.61051315
47.6060929
47.59147873
47.55191922
47.51764918
47.49793165
47.48053165
47.46432209
47.44952483
47.45677864
47.45911726
47.46253071
47.46403202
47.46790529
47.46963535
47.47525742
47.47233479
47.47354913
47.47481254
47.46793058
47.46518802
47.47055671
47.47401298
47.47342441
47.46868374
47.46611993
47.4717845
47.47970152
47.46916042
47.45249104
47.44412869
47.44605625
47.43663339
47.41387913
47.39946154
47.3975347
47.40817424
47.41067184
47.41110715
47.4115339
47.40999327
47.40546887
47.39965585
47.38769154
47.380059
47.38296692
47.37973749
47.38156292
47.37227543
47.36970592
47.36040357
47.35401201
47.35881588
47.35462348
47.35572841
47.35663738
47.36119649
47.35346265
47.34578928
47.3362586
47.32905996
47.31987995
47.31911306
47.31966827
47.31458146
47.3133172
47.30319443
47.29602846
47.29221208
47.29139125
47.2863591
47.27939201
47.28138071
47.27823553
47.2714849
47.27144193
47.25720188
47.2551767
47.25595709
47.25028035
47.24119073
47.23587627
47.23572565
47.24176906
47.23570846
47.22805014
47.21364063
47.20067309
47.18587674
47.16926109
47.1526775
47.11867155
47.07422905
47.03996257
47.01290409
46.99218694
46.95517879
46.91581666
46.8739368
46.82771787
46.7865257
46.74437696
46.71103325
46.67589549
46.64774955
46.62502063
46.59712124
46.57725127
46.54958204
46.5288899
46.5081996
46.47175528
46.43084795
46.38200882
46.35136084
46.31218745
46.25606892
46.18520812
46.13167939
46.04081066
45.89976749
45.76844486
45.65659558
45.52569616
45.36248373
45.202633
45.07588275
44.97877146
44.89478618
44.82617913
44.8014969
44.77951102
44.73469814
44.67231616
44.58977827
44.47298132
43.47960912
