46.52044913
46.53512359
46.55060594
46.56508321
46.57082411
46.574673
46.57799297
46.60134118
46.63886566
46.72261331
46.83961097
46.96010987
47.01805621
47.02466162
47.04380159
47.04957777
47.04945322
47.04156395
47.03696207
47.04072193
47.05739892
47.08353483
47.10184877
47.10029093
47.10849336
47.10651269
47.11363768
47.11734348
47.11683656
47.11972537
47.11981694
47.12299721
47.13045948
47.1431056
47.16775629
47.17768643
47.18836426
47.19771658
47.20503338
47.20680347
47.20936433
47.20851994
47.2111657
47.21154578
47.20106491
47.20592321
47.21522224
47.21508149
47.22389466
47.25212247
47.27189972
47.28764081
47.2954592
47.29575343
47.30044592
47.29229328
47.32816149
47.35000221
47.38738436
47.43320709
47.48453135
47.55576126
47.60293392
47.64505239
47.66543883
47.6885818
47.72544557
47.75669577
47.79200636
47.8110556
47.83726513
47.89259713
47.93852563
47.95824475
47.95996609
47.9600786
47.95734023
47.9546036
47.96158977
47.96872222
47.96796224
47.96206766
47.96073998
47.95886396
47.94518848
47.93626977
47.93161756
47.92796801
47.91305036
47.90590688
47.89725209
47.88862964
47.88242035
47.87771802
47.87661111
47.86777024
47.86498651
47.85171004
47.84409479
47.83893006
47.82065647
47.80721911
47.79849591
47.77899439
47.75827584
47.74215682
47.73381657
47.72306582
47.71915735
47.7211513
47.7147567
47.71716101
47.71659096
47.70238734
47.69101615
47.67726353
47.65905468
47.63668355
47.62271038
47.60025394
47.58938272
47.58878492
47.57867409
47.56901728
47.56462609
47.5602781
47.55454799
47.54089648
47.52675097
47.51282362
47.50388262
47.4991186
47.48310176
47.47175146
47.45993397
47.44545859
47.43965285
47.42826974
47.40733336
47.3951634
47.38774042
47.37238197
47.35667513
47.3401873
47.31976475
47.30715746
47.30222802
47.29852311
47.29369544
47.28216546
47.27292781
47.26422145
47.24474739
47.22472309
47.20026475
47.17688848
47.15409601
47.14541708
47.1206772
47.09930571
47.09544415
47.07936436
47.05819657
47.04097998
47.03086798
47.00647005
46.99471612
46.97475562
46.96085158
46.94229022
46.92608878
46.90645245
46.89056036
46.86537037
46.86247617
46.85969564
46.85968928
46.85469857
46.83614055
46.82339894
46.80340242
46.76057547
46.70021566
46.64340091
46.60229794
46.55072987
46.52201554
46.51408898
46.53996056
46.57176318
46.59738348
46.64505336
46.71249474
46.77964588
46.82240972
46.85762213
46.91085163
46.93362279
46.95046885
46.99506587
47.04528837
47.05470111
47.07401125
47.08850999
47.08928859
47.10462838
47.12987697
47.12660796
47.12744935
47.12297509
47.12476975
47.11634969
47.09534224
47.08004093
47.06395743
47.06179738
47.04432212
47.01829818
46.99740051
46.96940173
46.94990367
46.93836023
46.92565274
46.91103316
46.89266776
46.87129916
46.84254605
46.8086434
46.77209446
46.73278674
46.69015279
46.65003711
46.61749795
46.58651319
46.56396759
46.53781293
46.51597063
46.49694163
46.47225286
46.4616024
46.47077308
46.5089015
46.52131422
46.51860308
46.51704331
46.55289659
46.59179026
46.61999897
46.64815604
46.66848482
46.69812986
46.73199244
46.76136137
46.79252015
46.82485847
46.84935175
46.88602281
46.94228355
47.00169457
47.08022292
47.1570131
47.22684321
47.28570355
47.3571119
47.42325187
47.44618901
47.46654975
47.46984502
47.46984502
47.46984502
47.46287781
47.45052637
47.43299157
47.4212047
47.40465641
47.40289527
47.41894191
47.42551263
47.44357101
47.45235973
47.45364935
47.45018549
47.45030555
47.4581161
47.46333098
47.47455209
47.48772509
47.50196084
47.51624225
47.53240473
47.56354671
47.61122959
47.66203314
47.71150368
47.75226535
47.79665492
47.83736005
47.87823221
47.90948471
47.93494839
47.9545791
47.96637556
47.97628842
47.98416412
47.99401717
47.99979563
47.99962394
48.00887498
48.02628527
48.07059367
48.11932209
48.1729915
48.23640358
48.29780271
48.32717299
48.33291762
48.3610899
48.35699567
48.36759931
48.3781528
48.37803964
48.38767471
48.40697989
48.43776353
48.48122611
48.52053547
48.57769043
48.61981934
48.67498046
48.73433258
48.78544454
48.8286228
48.86068156
48.86743402
48.88820057
48.89408518
48.89667798
48.89538052
48.904483
48.90484505
48.91135039
48.912659
48.91139112
48.9077882
48.90738317
48.91375648
48.91559694
48.90746724
48.88228275
48.85394662
48.82410009
48.80120117
48.78072551
48.76810596
48.74029483
48.72478372
48.71071307
48.708021
48.70823513
48.70709366
48.70307514
48.7030127
48.68940928
48.66437027
48.64205258
48.63189755
48.62332269
48.61999387
48.63311986
48.6568645
48.67700697
48.6920482
48.70817402
48.7261867
48.73944938
48.75938275
48.78457987
48.8209032
48.87187839
48.91782582
48.96148108
48.97160892
48.95620219
48.95650067
48.95211671
48.95688359
48.95320644
48.96893362
48.96569076
48.95611551
48.95425937
48.94869473
48.9418688
48.94406017
48.94635391
48.96153948
48.96045372
48.96475298
48.95033874
48.93366087
48.92261226
48.91303168
48.91366222
48.91074448
48.91428144
48.9089454
48.91592693
48.92428081
48.93277126
48.94750564
48.95119547
48.95185252
48.95187715
48.95066375
48.93147599
48.92426735
48.91755243
48.90473756
48.89455511
48.89684504
48.8956233
48.90814024
48.93864912
48.97538347
49.01640299
49.06556221
49.08740117
49.10655373
49.12977704
49.16716521
49.21114433
49.25023518
49.28391802
49.30935727
49.31848592
49.30494715
49.29324151
49.28565865
49.27637245
49.26058713
49.24800642
49.2470612
49.23951576
49.23788757
49.22775329
49.22346898
49.22112886
49.21515237
49.21546368
49.20522289
49.21781981
49.22068726
49.23551752
49.26086847
49.27051143
49.2799981
49.27264459
49.26603683
49.26722825
49.27442286
49.29107927
49.3153018
49.3343634
49.35411104
49.3723204
49.39279293
49.38957033
49.38230487
49.36276892
49.36122354
49.35016801
49.32362919
49.31982192
49.30420924
49.30318749
49.30586463
49.32038877
49.32843211
49.33565177
49.33565177
49.33565177
49.3293995
49.32847236
49.32845839
49.33711312
49.33939241
49.33370289
49.33380633
49.33252718
49.34425086
49.35176052
49.36699011
49.37762404
49.39861221
49.40963505
49.42766982
49.43771977
49.44154244
49.44126259
49.42620815
49.41014527
49.41398198
49.41248287
49.42342037
49.4292042
49.47115048
49.5125289
49.53759483
49.56320853
49.5934421
49.6187821
49.63050198
49.63681642
49.63937178
49.63333711
49.63333711
49.64194988
49.63388067
49.65487143
49.6646585
49.67942518
49.70106764
49.72024705
49.74097067
49.77118624
49.80575905
49.82891517
49.85701014
49.88071094
49.91592432
49.94090961
49.97622805
49.99371257
50.04877402
50.11809212
50.1940478
50.28851193
50.42046118
50.56280066
50.71934604
50.91374806
51.1285878
51.35783326
51.58927718
51.83806781
52.05226291
52.23171865
52.34284464
52.40667758
52.45686411
52.48819736
52.51542074
52.54214858
52.5754798
52.61575104
52.63806991
52.67112584
52.70064635
52.73666437
52.77212032
52.79884317
52.82449652
52.8435461
52.87184978
52.88738552
52.8955157
52.90975179
52.93344226
52.95743035
52.99891549
53.03650254
53.08320131
53.13409837
53.18548705
53.22531783
53.24453719
53.23697878
53.242886
53.25025768
53.25092979
53.26281555
53.28159942
53.29549212
53.33142687
53.3664326
53.40791356
53.45639519
53.48751437
53.5213701
53.54962466
53.56118685
53.55890707
53.55790837
53.55505238
53.56495817
53.57409628
53.58762672
53.61672211
53.63993396
53.66098323
53.67844324
53.67082697
53.6586481
53.64189387
53.60830068
53.56829657
53.54885358
53.5311592
53.53047368
53.54990468
53.55469216
53.52790647
53.50149556
53.46798611
53.42565658
53.407376
53.39883888
53.39934982
53.38912052
53.38931416
53.42058369
53.42051605
53.40395522
53.39580146
53.40455868
53.40923037
53.40529375
53.39928172
53.38420216
53.37066031
53.35427522
53.33125854
53.29776341
53.24055069
53.19322152
53.12896377
53.08399654
53.07204824
53.03968872
53.03183187
52.98943111
52.96272364
52.9576165
52.96362078
52.97579081
52.97731564
52.97384052
52.9760198
52.98039631
52.97814016
52.96649078
52.94192784
52.91249806
52.90115452
52.91048492
52.93288286
52.93846268
52.93748567
52.93748567
52.93906017
52.94221223
52.94347807
52.94976332
52.95854338
52.96896758
52.96815921
52.94600841
52.9366638
52.93088399
52.91684983
52.89038031
52.84991381
52.77263771
52.72083932
52.66235179
52.57254468
52.52554322
52.47750351
52.42931017
52.4311297
52.44370799
52.42298685
52.40708342
52.37988222
52.35414717
52.32846869
52.30208223
52.26552677
52.22034546
52.16384275
52.12710705
52.09898429
52.07446653
52.06804115
52.03952882
52.02756674
51.99632464
51.96382591
51.94527788
51.92994425
51.93174966
51.92498124
51.92114081
51.91637428
51.90446318
51.90437341
51.92092501
51.92512222
51.91763358
51.89687872
51.88340349
51.86787208
51.86033143
51.86200718
51.86777118
51.86166156
51.85863274
51.85712484
51.84683793
51.84304136
51.85084393
51.84869409
51.8274603
51.79034418
51.77677213
51.75898018
51.7216819
51.68574207
51.64259258
51.59121368
51.55556814
51.52688961
51.5072283
51.4821733
51.48119352
51.47797584
51.47910999
51.48459069
51.48138524
51.48264738
51.48625179
51.49129603
51.50630987
51.51262164
51.51232369
51.52277107
51.5222446
51.52854571
51.53574468
51.53447341
51.54770073
51.55680525
51.5610542
51.5641469
51.55287458
51.5417173
51.51404929
51.47201025
51.40610072
51.32010918
51.21648126
51.08967643
50.95035988
50.83374083
50.71316685
50.59402184
50.51396436
50.50539877
50.51106007
50.51681362
50.52064515
50.52064515
50.50167394
50.491898
50.47865753
50.45222878
50.42023046
50.37710264
50.3060515
50.23009512
50.13828809
50.04548143
49.94835677
49.85771088
49.78028429
49.72442922
49.7019951
49.6760762
49.66859154
49.66859154
49.67213546
49.66992717
49.65764244
49.65658719
49.65452206
49.6461403
49.62174245
49.58140636
49.56135789
49.50643377
49.40548016
49.31680961
49.25681484
49.19805614
49.16503714
49.13970354
49.09304764
49.06332827
49.06814842
49.06240335
49.06713438
49.06964709
49.07168746
49.06132334
49.05117569
49.03196079
48.98530784
48.92883667
48.89751149
48.87338964
48.8697075
48.87655761
48.87312459
48.86501147
48.84453752
48.80292914
48.74249293
48.64981886
48.51761979
48.39573014
48.29642624
48.23262947
48.17975253
48.15698605
48.12772913
48.1008597
48.08931263
48.0644828
48.04356336
48.03983117
48.02649643
48.01650385
48.00089086
48.01310251
48.00870946
47.97045244
47.89197485
47.68600757
47.27797132
46.69198537
45.9979681
45.17318586
44.35457497
43.57514433
42.81715134
42.03583844
41.29106903
40.61919792
40.04419711
39.53015106
39.0944651
38.73320371
38.42235636
38.13517783
37.85513245
37.57512428
37.26347065
36.94961063
36.64198372
36.33317442
36.13629919
36.00843154
36.00476817
36.02137065
36.08036339
36.14134158
36.17856363
36.28918136
36.46197252
36.6546219
36.86066901
37.07214673
37.30176167
37.50340777
37.66845651
37.82235893
37.98059042
38.15638058
38.34661111
38.55527036
38.77526734
38.96186663
39.13951642
39.3059708
39.44916074
39.59649409
39.72110992
39.85382372
40.0000879
40.16896021
40.35134625
40.51537322
40.65716496
40.81692609
40.96622682
41.11525369
41.28543556
41.47386059
41.66502981
41.87306507
42.05573583
42.2048038
42.32857226
42.46922572
42.60648803
42.75531433
42.90181589
43.05236583
43.17858678
43.29647342
43.43449223
43.56768774
43.68788741
43.81799441
43.94380315
44.06961034
44.1782486
44.30678611
44.43664814
44.54815571
44.69373679
44.87348903
45.05860023
45.25432824
45.44608468
45.5980136
45.72871828
45.83741839
45.90592401
45.97689382
46.07248338
46.17299548
46.3157875
46.45623678
46.60199717
46.73925428
46.85232327
46.95028444
47.01251409
47.07068786
47.12061487
47.17471848
47.26538083
47.37368788
47.47830864
47.55604899
47.62660722
47.65154246
47.64244983
47.63917968
47.63372375
47.6322858
47.64547193
47.64027711
47.64999728
47.65170335
47.65166274
47.65121675
47.66192234
47.66533182
47.66957821
47.67394989
47.68248504
47.68072056
47.6903938
47.70116953
47.6994952
47.70301319
47.70355766
47.70108949
47.69989397
47.70441604
47.70389784
47.7059261
47.70828414
47.71004265
47.71142495
47.71539752
47.71446345
47.71245211
47.71952058
47.71561227
47.71620015
47.70800223
47.69923341
47.69430363
47.69354735
47.69310189
47.69288056
47.70050599
47.69770587
47.6923835
47.69656114
47.69452031
47.6878137
47.69097726
47.68311612
47.68070154
47.67876056
47.68373008
47.67919798
47.6744724
47.67259373
47.66969167
47.66684892
47.66781931
47.66043344
47.65002412
47.65248686
47.6450029
47.63900238
47.62097628
47.61922676
47.60392416
47.59985899
47.58967302
47.59149707
47.59070371
47.58538144
47.58391475
47.58351185
47.57707598
47.57016551
47.55897891
47.56092796
47.55665513
47.54015633
47.54323563
47.53138275
47.52636988
47.52167177
47.51701609
47.50780038
47.49571731
47.47954634
47.46724254
47.45301129
47.44459898
47.43474873
47.43320727
47.42226941
47.41053673
47.39789413
47.37820261
47.36898828
47.35215482
47.33261624
47.32191291
47.32935977
47.32220476
47.32063896
47.3145557
47.31300947
47.30386164
47.3013409
47.29934571
47.29184593
47.28293704
47.26359994
47.24393728
47.23400882
47.21508431
47.21128427
47.197594
47.18402165
47.17018665
47.14581454
47.12167209
47.10349705
47.09596575
47.08381923
47.07205479
47.06685702
47.05241333
47.04759493
47.03603269
47.0239918
47.00686783
46.98160825
46.96410495
46.94523443
46.92811902
46.91175713
46.89396149
46.87330197
46.85543937
46.83420925
46.80499557
46.78088196
46.74581311
46.71111409
46.67216036
46.63853745
46.6085641
46.57420604
46.55116901
46.52308697
46.52182723
46.52026577
46.52026577
46.52186663
46.51739637
46.50353078
46.49301775
46.47793073
46.45831175
46.43939394
46.40812275
46.37079187
46.34800993
46.31873146
46.30020958
46.28633577
46.28161767
46.2607677
46.25259312
46.23838224
46.22889309
46.2225107
46.21458418
46.18974023
46.17686438
46.15709107
46.1222685
46.08249654
46.04355013
46.01226878
45.98181141
45.95871271
45.9374008
45.92909012
45.92559976
45.92500001
45.92556375
45.92269722
45.91913561
45.90369508
45.88762931
45.86798921
45.83883469
45.79712409
45.75787368
45.71782157
45.67227603
45.62583048
45.59692932
45.58436322
45.57660144
45.57660144
45.57660144
45.58014998
45.57459702
45.55737579
45.53722097
45.50732226
45.49835642
45.47744732
45.45689174
45.43746253
45.4127705
45.39236395
45.37610497
45.36390513
45.36505707
45.37066067
45.37439846
45.36479976
45.34749112
45.32320186
45.31024769
45.28793736
45.25057767
45.22119966
45.19584684
45.17398901
45.13944557
45.10789505
45.0826792
45.05854171
45.04568039
45.04013541
45.02423718
45.0129705
44.99647951
44.98036873
44.95487851
44.93835287
44.9204018
44.90261766
44.87926569
44.86095527
44.83863907
44.82734302
44.81924714
44.8157859
44.8120408
44.80511256
44.80834217
44.81160697
44.80395799
44.77473712
44.72626843
44.70223035
44.67830972
44.64682978
44.61423107
44.57008544
44.53253467
44.49841061
44.47206156
44.43113246
44.41054877
44.40279415
44.40047891
44.3876532
44.36647267
44.34538608
44.34133118
44.32361005
44.3197203
44.31483892
44.31333851
44.30479088
44.31263051
44.3282246
44.31969346
44.32039602
44.32491463
44.34241974
44.36984673
44.42618608
44.46662914
44.4799516
44.49667338
44.52627128
44.53657953
44.5446981
44.55739429
44.57837584
44.62389076
44.67280526
44.7367814
44.7894499
44.83209452
44.86554286
44.91967066
45.01503882
45.10457323
45.21282622
45.30393757
45.37861321
45.43755907
45.50246057
45.54872589
45.57858945
45.60547714
45.6323686
45.6753684
45.74707418
45.80018029
45.84306572
45.90113735
45.93424078
45.96536258
45.98639735
46.00424998
46.03549492
46.0656179
46.09812616
46.14570027
46.19753184
46.26825811
46.34352853
46.43812625
46.54760966
46.66264157
46.79326828
46.92863537
47.06655703
47.17741175
47.27160496
47.34286974
47.38737604
47.4224762
47.46514978
47.509359
47.54301489
47.58823996
47.63736799
47.67646034
47.69758439
47.72343971
47.76871733
47.83040991
47.93328453
48.03126019
48.09606186
48.13860251
48.17806539
48.21328004
48.2413699
48.26736109
48.2785564
48.28343468
48.28606776
48.28258369
48.29784733
48.32281956
48.34879451
48.39324582
48.46282315
48.51434687
48.55661315
48.58843782
48.62491616
48.65627354
48.67249194
48.67806441
48.68327107
48.68681376
48.68089348
48.68021453
48.67582932
48.67625333
48.67149952
48.66680129
48.67214623
48.68266501
48.68080498
48.68004741
48.67998148
48.67129589
48.66165558
48.65317833
48.6409721
48.62183294
48.6050555
48.58785498
48.57942531
48.5685021
48.55793084
48.55495617
48.54845848
48.56561524
48.56475289
48.56474017
48.55782228
48.55053259
48.54530841
48.53571425
48.52635458
48.52535705
48.51819137
48.49752631
48.48166627
48.46319774
48.44494333
48.43162418
48.42231275
48.42310581
48.41185994
48.40865797
48.40836269
48.41686114
48.41968291
48.42759178
48.43733406
48.46821652
48.49208192
48.50793733
48.51244748
48.51276411
48.52120222
48.52371008
48.53484818
48.55333431
48.59058705
48.63257619
48.69068278
48.74898211
48.80480155
48.85965225
48.92663491
48.98388272
49.03547451
49.09140205
49.1486418
49.20404706
49.25070257
49.29886021
49.35437059
49.40436284
49.44456624
49.49802509
49.54233794
49.58884349
49.62766226
49.67709508
49.7072705
49.75690585
49.81314472
49.85381439
49.87810886
49.90212025
49.92903931
49.95497337
49.98878466
50.01613377
50.06492621
50.11571911
50.17229968
50.20931384
50.24029922
50.27246351
50.30809323
50.34887678
50.38659618
50.4405692
50.48481666
50.52293521
50.54822427
50.56928128
50.59436453
50.61563214
50.6503811
50.68914377
50.73435829
50.79725949
50.85315408
50.89596563
50.94087325
50.97397257
51.0008996
51.02645382
51.04289534
51.07080478
51.11486595
51.14919573
51.20250345
51.26352776
51.31876015
51.367572
51.40024048
51.42594865
51.44110211
51.44406912
51.44605236
51.46041389
51.47577251
51.50450339
51.53256839
51.55889654
51.59314472
51.63815813
51.67048634
51.72181101
51.75143162
51.77271519
51.78828785
51.80334144
51.81700515
51.84082084
51.85602015
51.87121893
51.88872469
51.9130666
51.93946889
51.97292031
51.99918542
52.03064823
52.06660278
52.09952301
52.10589264
52.11252108
52.129011
52.15046062
52.15939925
52.18047699
52.21633548
52.2327735
52.24943686
52.2661921
52.28791024
52.30975963
52.33166977
52.36123426
52.38604755
52.40859493
52.42883557
52.44904741
52.47171233
52.47448926
52.47964999
52.49244905
52.50029682
52.51328907
52.52903843
52.54489003
52.56084383
52.57931305
52.588047
52.60451516
52.60914881
52.59313535
52.57834597
52.55665666
52.52513248
52.4995945
52.48452484
52.48736527
52.48330329
52.48647636
52.47242631
52.45412756
52.43053491
52.41177225
52.37054318
52.32666979
52.30286795
52.30584597
52.30830296
52.31524032
52.32305224
52.33549793
52.34229033
52.35221377
52.36302337
52.37385836
52.36349877
52.35260611
52.35005354
52.34123311
52.32102799
52.29719205
52.28880785
52.25475608
52.21603427
52.15485371
52.10770593
52.05043243
52.01267181
51.99015122
51.96745411
51.94366693
51.94057863
51.95412032
51.96085973
51.96994844
51.9725039
51.96252026
51.961811
51.94586437
51.91403557
51.88309253
51.83114491
51.79142033
51.78803436
51.76701767
51.71615318
51.65311795
51.58856735
51.53225726
51.49278262
51.45586568
51.43021498
51.42460908
51.42274443
51.4246228
51.4286313
51.41984611
51.413563
51.41464942
51.4122372
51.39339396
51.38486024
51.35971451
51.33071275
51.3016788
51.21508122
51.12353527
51.06926575
51.00479392
50.90988703
50.79789783
50.72162658
50.68682641
50.62328102
50.56749187
50.54311245
50.53230804
50.52150391
50.50914827
50.4913954
50.46935092
50.44484686
50.42625337
50.39295899
50.33793364
50.28344407
50.23286722
50.1639099
50.06361575
49.9559482
49.85701509
49.78830193
49.74248085
49.70612086
49.67602839
49.64859268
49.64002683
49.64060693
49.63699327
49.63222744
49.60464924
49.558406
49.46197847
49.35808591
49.25240993
49.18416522
49.14101156
49.12948988
49.1208825
49.07660688
49.00320797
48.84012796
48.5283573
48.07714987
47.45035584
46.72787069
45.96185917
45.19819738
44.44366522
43.69808415
42.94786614
42.22638527
41.51834625
40.88297025
40.32921365
39.8920882
39.47829707
39.1280077
38.8497415
38.58144118
38.30084889
38.03034915
37.78602388
37.57235875
37.41514927
37.32496566
37.29694693
37.2819156
37.25782619
37.24041436
37.1763718
37.09870562
37.09203494
37.09748741
37.10351088
37.09544422
37.10432829
37.10432829
37.09825815
37.06457726
37.06397523
37.10565649
37.15679754
37.22417873
37.28492702
37.38785862
37.50256625
37.59693548
37.69539797
37.84457364
38.02169516
38.22983375
38.44736372
38.69529168
38.93342095
39.18576212
39.44714973
39.70129239
39.97960034
40.26792413
40.55215872
40.81818409
41.04678342
41.25864627
41.42359825
41.57767621
41.66444874
41.72461858
41.79477691
41.89857381
41.99800387
42.06714317
42.13735462
42.1967816
42.27243873
42.36434225
42.50167072
42.66162165
42.84457249
43.00486508
43.13810567
43.2699317
43.43467032
43.65172363
43.87281553
44.10517969
44.32488392
44.51053433
44.67929038
44.85064037
44.96352878
45.04698382
45.13466409
45.21989793
45.3033472
45.38160912
45.49693825
45.62693832
45.77872067
45.9565727
46.15529105
46.3590372
46.56170852
46.7130131
46.82075113
46.88786787
46.9612327
47.01364904
47.02957426
47.02674226
47.02091141
47.01014345
46.96825558
46.92249152
46.83580726
46.74508333
46.58356063
46.35749205
46.070244
45.71511872
45.3599973
45.08859402
44.95638158
44.9150666
44.91587454
44.91593875
44.91082875
44.90727483
44.90864271
44.91279088
44.91279088
44.91279088
44.92690352
44.93194872
44.94831933
44.9361886
44.92715408
44.90624426
44.89680988
44.88130848
44.87394599
44.86167926
44.84124429
44.8485725
44.8485725
44.86987582
44.8783101
44.91627403
44.98084216
45.03678635
45.0705313
45.12214331
45.18325515
45.23073917
45.24978097
45.30162022
45.3704047
45.44970688
45.56771635
45.68342348
45.77383785
45.86031222
45.95754748
46.08652276
46.21983281
46.36173336
46.47402292
46.55993556
46.62992568
46.7064999
46.79165018
46.86834616
46.9362224
46.98937099
47.03204735
47.07474122
47.10977228
47.13176483
47.16380862
47.2006352
47.21848879
47.24437994
47.26814837
47.29706579
47.30189946
47.30310371
47.33655054
47.35587513
47.39367065
47.4513119
47.51320866
47.58159948
47.65008822
47.6758894
47.67627384
47.68931659
47.70807131
47.70940285
47.7184065
47.77626771
47.84083128
47.91778882
48.02009628
48.09789755
48.16149983
48.20022792
48.24639162
48.25849744
48.26598691
48.30486329
48.35826831
48.39164196
48.40513627
48.40869114
48.42092611
48.4171136
48.40749015
48.38842124
48.36045247
48.32643948
48.27621089
48.21267427
48.1697371
48.16703108
48.16784787
48.15927302
48.15585527
48.15758798
48.15764949
48.15178692
48.14183981
48.13375827
48.12477965
48.12171977
48.11371866
48.09991555
48.09155753
48.07936384
48.07107723
48.06314846
48.05658222
48.04094486
48.03316108
48.02540057
48.02775447
48.02441327
48.01567329
48.00726615
47.99574801
48.00607197
48.016998
48.02165402
48.05825066
48.09401812
48.11018645
48.11467376
48.11467376
48.11467376
48.11467376
48.1232111
48.11784977
48.11249086
48.11119516
48.11355432
48.1079124
48.11033937
48.11239735
48.12136133
48.1274972
48.10997007
48.08372247
48.06506177
48.05305659
48.04786978
48.04786978
48.04786978
48.04963708
48.04653638
48.03193195
48.02675083
48.01259289
47.99048743
47.97042255
47.96833613
47.95659732
47.93420699
47.92512283
47.88822797
47.86497391
47.83290619
47.80317244
47.76353039
47.7388802
47.71968705
47.70049603
47.66706741
47.62089144
47.55855957
47.49145837
47.43444117
47.38575554
47.36788585
47.34538995
47.33086952
47.32844537
47.32018928
47.30579438
47.28876555
47.26813737
47.2588974
47.23377324
47.20879878
47.20285386
47.19227365
47.1824196
47.17806959
47.16061959
47.1385548
47.11772355
47.09916462
47.08077313
47.06248371
47.05064673
47.03694981
47.02790344
47.02082484
47.01085051
46.99220335
46.99156434
46.97139956
46.96262738
46.96897636
46.95291603
46.93236796
46.92815089
46.91637152
46.90487059
46.89874047
46.89349331
46.89100439
46.88282597
46.87084669
46.86689453
46.85563549
46.8425084
46.83077077
46.81565525
46.79606045
46.76909021
46.75703333
46.75922012
46.74657514
46.73018167
46.70541596
46.6762099
46.65092277
46.63512706
46.63167532
46.62852346
46.62338237
46.63079703
46.62198026
46.60092652
46.59047246
46.58376132
46.58769074
46.56691607
46.54825095
46.53219037
46.5273237
46.52253245
46.51781663
46.49710651
46.47857081
46.45977592
46.43870417
46.41330922
46.37941908
46.35051093
46.33044537
46.31052926
46.28839424
46.2756316
46.27795693
46.27587162
46.28381169
46.28341119
46.28027033
46.27828148
46.27964105
46.27707174
46.27457111
46.27030324
46.28803165
46.3130806
46.34558627
46.39671684
46.43968852
46.47355775
46.49143509
46.49326208
46.49787436
46.49343514
46.49343513
46.49343513
46.4979639
46.50485444
46.50515264
46.4878495
46.47288302
46.45598325
46.43903904
46.42872275
46.4382562
46.458953
46.47712913
46.50019783
46.51800674
46.5380214
46.55565823
46.56644516
46.58467189
46.60298731
46.63587067
46.65295642
46.67417077
46.69541369
46.69631607
46.69690877
46.69355642
46.70174166
46.72106059
46.73835112
46.75855448
46.77856236
46.81723071
46.8609854
46.88579137
46.90109829
46.91390737
46.91196879
46.90752867
46.90675107
46.92055842
46.92812959
46.92206383
46.92104621
46.9206031
46.93533605
46.95530715
47.00935074
47.07002415
47.14083372
47.23737073
47.36842853
47.48584988
47.58594547
47.70765954
47.83867502
47.92847629
48.01675709
48.10372254
48.20312512
48.29894917
48.38332295
48.45155453
48.54212532
48.61121116
48.67133146
48.71789006
48.75151954
48.79452037
48.86030714
48.93093286
49.00625434
49.06844179
49.1396394
49.20644098
49.28213439
49.37569796
49.4852717
49.5659018
49.58894426
49.58505292
49.58333921
49.58408587
49.58408587
49.57544553
49.5846093
49.58516013
49.59109764
49.60157621
49.60625086
49.61120213
49.62947935
49.64002185
49.64890993
49.65953462
49.66147829
49.67067631
49.66617971
49.66312389
49.65782938
49.6469001
49.6388184
49.64790121
49.66614848
49.67306297
49.68492686
49.70146552
49.70410046
49.72458865
49.73295486
49.73825431
49.74239438
49.73554663
49.7358811
49.72905902
49.73736897
49.76180662
49.77748267
49.77144469
49.78765697
49.79394517
49.81320665
49.81862245
49.83105706
49.84429614
49.86363325
49.87867447
49.88818303
49.9048961
49.91519754
49.91898055
49.93437743
49.94133714
49.94830938
49.95156763
49.97324614
49.99712042
50.01723335
50.04735833
50.06475307
50.0796989
50.08991503
50.11447624
50.13048287
50.15821433
50.18815688
50.21756017
50.23588776
50.23193857
50.24057952
50.25591946
50.27183584
50.29464964
50.30519137
50.33408856
50.36881765
50.39409289
50.4051925
50.42515385
50.4490757
50.46458008
50.48595336
50.50255378
50.51431329
50.53101014
50.55024179
50.55983857
50.57988087
50.59027771
50.60737545
50.61966958
50.62866448
50.64418893
50.65491343
50.67703846
50.68313173
50.70557638
50.72082326
50.73852183
50.74160609
50.74473905
50.75518392
50.77075515
50.78055417
50.79713904
50.82108097
50.83954087
50.85784094
50.86663117
50.86988789
50.89719008
50.91510092
50.93318696
50.94812666
50.95524397
50.95940402
50.94610458
50.946885
50.946885
50.95183252
50.95450325
50.95757186
50.96145465
50.96805139
50.98459988
50.99216049
50.99755638
51.0052997
51.01088945
50.99721769
50.96299267
50.90779434
50.8478493
50.77049728
50.69259806
50.63380858
50.60666649
50.59522092
50.5926417
50.60868495
50.60732467
50.60732467
50.60732467
50.60732467
50.60305943
50.59879553
50.59666409
50.58998609
50.59497507
50.60876598
50.61839353
50.63796803
50.64869041
50.65955866
50.6682926
50.64376892
50.60308509
50.5473799
50.48987653
50.43060502
50.36351318
50.29277016
50.23047054
50.1824709
50.15463816
50.16081547
50.16086381
50.16086381
50.16890281
50.17073877
50.17973025
50.1754454
50.17340614
50.14832157
50.12468906
50.09729632
50.06207269
50.01905258
49.96843477
49.91999361
49.87562744
49.82953703
49.78771778
49.76292464
49.73882306
49.71993032
49.69018391
49.67422173
49.66391848
49.642805
49.62684438
49.59869543
49.55459108
49.51957563
49.49935796
49.47797755
49.44679771
49.42480584
49.40431825
49.36958549
49.32013806
49.26750459
49.23157196
49.20711504
49.17134639
49.11781282
49.0749819
49.03507109
49.00610077
48.97754615
48.91319223
48.84683832
48.79053596
48.74769003
48.73851236
48.72912657
48.71024435
48.67817538
48.66772234
48.65626368
48.63509484
48.63338069
48.63750505
48.63142005
48.62202635
48.61160815
48.59540702
48.57403562
48.54330832
48.52124587
48.49491902
44.7905514
