-2.78262121
-2.582544889
-2.367028204
-2.113288621
-1.864477345
-1.694048478
-1.590281737
-1.495599555
-1.449275994
-1.440447336
-1.453873264
-1.48662613
-1.553187061
-1.642074555
-1.768791944
-1.93015387
-2.098986735
-2.228179177
-2.305070879
-2.319896942
-2.316006258
-2.327375659
-2.363435741
-2.395599332
-2.441389867
-2.516073551
-2.618874969
-2.712709701
-2.797024217
-2.965794223
-3.233548404
-3.57691417
-3.940900096
-4.265206158
-4.533718953
-4.6863554
-4.706912668
-4.698314333
-4.731803752
-4.816512023
-4.94487744
-5.100125841
-5.256172263
-5.37869375
-5.460019464
-5.514453565
-5.608366169
-5.729111758
-5.870730929
-6.070403152
-6.319072699
-6.564181774
-6.751564588
-6.866125952
-6.963808385
-7.157522273
-7.347357426
-7.475530155
-7.610715234
-7.770832446
-7.921771268
-8.034644905
-8.079993599
-8.085290249
-8.121041237
-8.249666786
-8.398219449
-8.589633268
-8.787815057
-8.941414154
-9.038950048
-9.104444185
-9.194422782
-9.318357098
-9.433668061
-9.542681468
-9.698940267
-9.842644433
-9.931304632
-9.965214583
-10.09363147
-10.2592858
-10.4417225
-10.52393115
-10.56841162
-10.6774999
-10.79690732
-10.8496223
-10.88173879
-10.93531853
-10.94633511
-10.88518909
-10.81644935
-10.79351169
-10.79476458
-10.74513788
-10.65876024
-10.58861462
-10.54843863
-10.53380595
-10.59296481
-10.68481787
-10.72613564
-10.71826923
-10.7965578
-10.85841742
-10.8704245
-10.89909987
-10.93148723
-10.94334188
-10.95519251
-10.95643174
-10.93101382
-10.86509242
-10.83634934
-10.84537403
-10.84952798
-10.85477733
-10.88315263
-10.90893055
-10.9608887
-11.02314286
-11.06447094
-11.11361376
-11.13809593
-11.12707121
-11.10422329
-11.08019871
-11.08021754
-11.10705576
-11.13417347
-11.15714743
-11.20063886
-11.26095266
-11.26563222
-11.24835407
-11.23860249
-11.17281398
-11.06346726
-10.97554053
-10.93485027
-10.87944886
-10.84633582
-10.84630161
-10.80567578
-10.73861163
-10.66371345
-10.567161
-10.44936139
-10.29076763
-10.16245194
-10.0827731
-10.04513017
-10.05124446
-10.03696905
-9.961505654
-9.860022057
-9.758445186
-9.619678208
-9.457176143
-9.333564043
-9.211195637
-9.137633992
-9.171382298
-9.213659919
-9.225827366
-9.253265894
-9.255852613
-9.187547297
-9.041578744
-8.830605994
-8.646324805
-8.541214767
-8.456637551
-8.425848684
-8.451158005
-8.476460728
-8.436269328
-8.323506314
-8.236025771
-8.133997813
-8.031014207
-7.928877367
-7.807190508
-7.706645639
-7.652344381
-7.58976774
-7.496663376
-7.412632438
-7.33575248
-7.219645856
-7.087266434
-6.959397265
-6.801793788
-6.597316181
-6.428785778
-6.321472059
-6.235733005
-6.170582581
-6.142058078
-6.142058078
-6.113537402
-6.052456193
-5.964939538
-5.828608698
-5.649599161
-5.521537496
-5.409829874
-5.253482048
-5.091042348
-4.99161351
-4.900542241
-4.752853919
-4.586973838
-4.380632746
-4.125887928
-3.885322088
-3.727667223
-3.559463317
-3.393665414
-3.276823255
-3.222802101
-3.194649477
-3.188650052
-3.166500903
-3.110215913
-2.975065959
-2.766790583
-2.513363829
-2.216150859
-1.90006385
-1.617444373
-1.358002811
-1.175747894
-1.061967856
-0.932218988
-0.754449551
-0.550557525
-0.359283587
-0.168059687
-0.008108081
0.074919785
0.139988368
0.249801429
0.374046934
0.472231532
0.548610082
0.589138885
0.5918714
0.603963811
0.632823776
0.666004148
0.736275779
0.798030045
0.815135842
0.778398671
0.765393919
0.7986528
0.846622261
0.845068394
0.843106068
0.828674382
0.833788385
0.866675066
0.870563535
0.85887308
0.858094861
0.89289158
0.910425404
0.910425404
0.958436316
1.041246377
1.134991719
1.224485575
1.274875557
1.304935685
1.404659722
1.631572148
1.817780513
1.929111171
2.041257232
2.149031267
2.214618965
2.250356774
2.320801109
2.402891784
2.503025204
2.586472624
2.645298526
2.658400717
2.67005906
2.708658784
2.778249822
2.831225746
2.926390768
3.114567253
3.283098454
3.398733716
3.498451223
3.580476672
3.66919756
3.75991388
3.866511497
3.982027075
4.102120975
4.219118753
4.275027605
4.318755261
4.377101685
4.417047353
4.440706634
4.453992823
4.455106824
4.487184721
4.530650372
4.567254471
4.556365688
4.513614789
4.446703008
4.362504196
4.291514705
4.212302832
4.125033528
4.020771303
3.890503922
3.685285864
3.419160711
3.136242622
2.851822208
2.644453902
2.566539872
2.553854124
2.578363342
2.57984842
2.527790705
2.394602851
2.209351636
2.035576367
1.890187443
1.77251947
1.679593624
1.605958316
1.534045928
1.407267413
1.232156085
1.087596834
0.955938109
0.826824883
0.711887029
0.639664059
0.612249152
0.598723138
0.61510002
0.653911159
0.679782612
0.685145481
0.679490245
0.708829606
0.730391226
0.701555137
0.635703214
0.562252966
0.422600694
0.195594605
-0.017949586
-0.174585709
-0.280725716
-0.395858002
-0.556050693
-0.722306039
-0.949522725
-1.181445457
-1.330649389
-1.491943175
-1.668457062
-1.822189978
-1.929115691
-2.064995279
-2.213592319
-2.337812576
-2.43675319
-2.603141223
-2.828805623
-3.050388641
-3.260657795
-3.531270018
-3.870401496
-4.259150696
-4.677765218
-5.115547191
-5.52502176
-5.907794043
-6.294428291
-6.574300293
-6.689693662
-6.65787013
-6.604007535
-6.597805131
-6.597805131
-6.604007535
-6.664168707
-6.722403119
-6.800909424
-6.947466636
-7.141119908
-7.313168747
-7.473716709
-7.628516561
-7.741375557
-7.843750775
-7.914878493
-7.940574564
-7.929240318
-7.918880252
-7.914781538
-7.893308542
-7.706654643
-7.315535295
-6.86484161
-3.858616231
