1.557142
1.556676
1.555277
1.552946
1.549683
1.545488
1.540361
1.534303
1.527313
1.519393
1.510542
1.500762
1.490052
1.478414
1.465847
1.452353
1.437932
1.422586
1.406314
1.389118
1.370999
1.351958
1.331996
1.311113
1.289312
1.266593
1.242957
1.218406
1.192941
1.166564
1.139276
1.111078
1.081973
1.051961
1.021044
0.989224
0.956503
0.922882
0.888363
0.852949
0.816641
0.779441
0.741352
0.702374
0.662511
0.621765
0.580137
0.537630
0.494247
0.449990
0.404861
0.358862
0.311997
0.264267
0.215676
0.166226
0.115920
0.064760
0.012750
-0.040109
-0.093812
-0.148357
-0.203741
-0.259962
-0.317015
-0.374898
-0.433607
-0.493140
-0.553493
-0.614663
-0.676646
-0.739440
-0.803040
-0.867443
-0.932646
-0.998645
-1.065437
-1.133017
-1.201382
-1.270529
-1.340453
-1.411151
-1.482619
-1.554853
-1.627849
-1.701603
-1.776111
-1.851368
-1.927372
-2.004117
-2.081599
-2.159815
-2.238759
-2.318428
-2.398817
-2.479922
-2.561739
-2.644262
-2.727487
-2.811411
-2.896027
-2.981332
-3.067321
-3.153989
-3.241332
-3.329344
-3.418021
-3.507358
-3.597350
-3.687992
-3.779280
-3.871207
-3.963770
-4.056963
-4.150780
-4.245218
-4.340270
-4.435932
-4.532198
-4.629063
-4.726522
-4.824569
-4.923199
-5.022406
-5.122186
-5.222532
-5.323439
-5.424902
-5.526915
-5.629473
-5.732569
-5.836199
-5.940356
-6.045035
-6.150230
-6.255936
-6.362146
-6.468855
-6.576057
-6.683746
-6.791915
-6.900561
-7.009675
-7.119253
-7.229288
-7.339774
-7.450706
-7.562076
-7.673880
-7.786110
-7.898762
-8.011828
-8.125302
-8.239179
-8.353451
-8.468114
-8.583159
-8.698582
-8.814376
-8.930534
-9.047050
-9.163918
-9.281131
-9.398684
-9.516568
-9.634779
-9.753309
-9.872152
-9.991302
-10.110752
-10.230495
-10.350525
-10.470836
-10.591420
-10.712272
-10.833384
-10.954750
-11.076363
-11.198217
-11.320305
-11.442620
-11.565155
-11.687904
-11.810861
-11.934018
-12.057368
-12.180906
-12.304623
-12.428514
-12.552571
-12.676788
-12.801159
-12.925675
-13.050330
-13.175119
-13.300032
-13.425065
-13.550210
-13.675459
-13.800807
-13.926247
-14.051771
-14.177372
-14.303045
-14.428781
-14.554575
-14.680418
-14.806305
-14.932228
-15.058180
-15.184156
-15.310146
-15.436146
-15.562147
-15.688144
-15.814128
-15.940094
-16.066033
-16.191941
-16.317808
-16.443630
-16.569398
-16.695105
-16.820746
-16.946313
-17.071799
-17.197197
-17.322501
-17.447703
-17.572797
-17.697775
-17.822632
-17.947360
-18.071952
-18.196402
-18.320703
-18.444847
-18.568829
-18.692641
-18.816276
-18.939728
-19.062990
-19.186056
-19.308918
-19.431569
-19.554004
-19.676215
-19.798196
-19.919940
-20.041440
-20.162690
-20.283683
-20.404412
-20.524871
-20.645054
-20.764953
-20.884562
-21.003874
-21.122884
-21.241583
-21.359967
-21.478029
-21.595761
-21.713158
-21.830213
-21.946920
-22.063272
-22.179263
-22.294887
-22.410137
-22.525007
-22.639490
-22.753581
-22.867273
-22.980560
-23.093436
-23.205895
-23.317930
-23.429535
-23.540704
-23.651431
-23.761710
-23.871535
-23.980901
-24.089800
-24.198227
-24.306176
-24.413641
-24.520617
-24.627097
-24.733075
-24.838546
-24.943505
-25.047944
-25.151859
-25.255244
-25.358093
-25.460400
-25.562161
-25.663369
-25.764018
-25.864104
-25.963621
-26.062563
-26.160926
-26.258702
-26.355888
-26.452478
-26.548467
-26.643848
-26.738618
-26.832771
-26.926302
-27.019205
-27.111476
-27.203109
-27.294100
-27.384444
-27.474135
-27.563169
-27.651540
-27.739244
-27.826277
-27.912633
-27.998308
-28.083296
-28.167594
-28.251197
-28.334099
-28.416298
-28.497787
-28.578563
-28.658621
-28.737957
-28.816566
-28.894445
-28.971588
-29.047992
-29.123653
-29.198566
-29.272727
-29.346132
-29.418778
-29.490659
-29.561773
-29.632115
-29.701682
-29.770470
-29.838474
-29.905691
-29.972118
-30.037751
-30.102587
-30.166620
-30.229850
-30.292270
-30.353880
-30.414674
-30.474650
-30.533804
-30.592133
-30.649635
-30.706305
-30.762140
-30.817139
-30.871297
-30.924611
-30.977079
-31.028698
-31.079466
-31.129378
-31.178433
-31.226627
-31.273959
-31.320426
-31.366024
-31.410752
-31.454607
-31.497587
-31.539689
-31.580912
-31.621252
-31.660707
-31.699276
-31.736956
-31.773746
-31.809643
-31.844645
-31.878750
-31.911957
-31.944263
-31.975667
-32.006168
-32.035763
-32.064451
-32.092230
-32.119099
-32.145056
-32.170100
-32.194230
-32.217443
-32.239740
-32.261118
-32.281577
-32.301116
-32.319732
-32.337427
-32.354197
-32.370043
-32.384963
-32.398957
-32.412024
-32.424164
-32.435375
-32.445657
-32.455009
-32.463431
-32.470923
-32.477484
-32.483113
-32.487811
-32.491577
-32.494411
-32.496313
-32.497282
-32.497319
-32.496423
-32.494595
-32.491835
-32.488143
-32.483519
-32.477963
-32.471476
-32.464058
-32.455709
-32.446430
-32.436222
-32.425084
-32.413018
-32.400024
-32.386104
-32.371257
-32.355484
-32.338787
-32.321166
-32.302622
-32.283156
-32.262770
-32.241464
-32.219240
-32.196099
-32.172042
-32.147070
-32.121185
-32.094388
-32.066681
-32.038065
-32.008542
-31.978113
-31.946780
-31.914545
-31.881409
-31.847375
-31.812444
-31.776618
-31.739899
-31.702289
-31.663790
-31.624405
-31.584135
-31.542982
-31.500949
-31.458039
-31.414253
-31.369594
-31.324064
-31.277666
-31.230403
-31.182276
-31.133289
-31.083445
-31.032745
-30.981193
-30.928792
-30.875544
-30.821453
-30.766521
-30.710751
-30.654147
-30.596712
-30.538448
-30.479359
-30.419448
-30.358718
-30.297173
-30.234816
-30.171651
-30.107681
-30.042909
-29.977339
-29.910974
-29.843819
-29.775877
-29.707151
-29.637646
-29.567365
-29.496312
-29.424491
-29.351906
-29.278561
-29.204459
-29.129605
-29.054004
-28.977658
-28.900573
-28.822753
-28.744201
-28.664922
-28.584921
-28.504202
-28.422769
-28.340627
-28.257779
-28.174232
-28.089989
-28.005055
-27.919434
-27.833132
-27.746153
-27.658501
-27.570183
-27.481201
-27.391562
-27.301270
-27.210330
-27.118747
-27.026526
-26.933673
-26.840192
-26.746088
-26.651367
-26.556033
-26.460092
-26.363550
-26.266411
-26.168681
-26.070365
-25.971468
-25.871997
-25.771955
-25.671350
-25.570186
-25.468469
-25.366205
-25.263398
-25.160056
-25.056182
-24.951784
-24.846867
-24.741436
-24.635497
-24.529057
-24.422120
-24.314694
-24.206783
-24.098393
-23.989531
-23.880203
-23.770414
-23.660170
-23.549478
-23.438343
-23.326773
-23.214772
-23.102347
-22.989504
-22.876249
-22.762588
-22.648529
-22.534076
-22.419236
-22.304016
-22.188422
-22.072460
-21.956136
-21.839457
-21.722429
-21.605059
-21.487353
-21.369317
-21.250959
-21.132284
-21.013298
-20.894010
-20.774424
-20.654548
-20.534387
-20.413950
-20.293242
-20.172270
-20.051040
-19.929559
-19.807834
-19.685872
-19.563679
-19.441261
-19.318627
-19.195781
-19.072731
-18.949485
-18.826047
-18.702426
-18.578628
-18.454660
-18.330528
-18.206239
-18.081801
-17.957220
-17.832502
-17.707656
-17.582686
-17.457601
-17.332407
-17.207111
-17.081720
-16.956241
-16.830681
-16.705046
-16.579343
-16.453579
-16.327762
-16.201898
-16.075993
-15.950056
-15.824092
-15.698109
-15.572113
-15.446112
-15.320112
-15.194120
-15.068144
-14.942189
-14.816263
-14.690374
-14.564526
-14.438729
-14.312988
-14.187310
-14.061703
-13.936172
-13.810726
-13.685370
-13.560113
-13.434959
-13.309918
-13.184994
-13.060196
-12.935530
-12.811002
-12.686620
-12.562391
-12.438320
-12.314416
-12.190685
-12.067133
-11.943767
-11.820595
-11.697622
-11.574856
-11.452304
-11.329971
-11.207865
-11.085992
-10.964360
-10.842974
-10.721842
-10.600970
-10.480364
-10.360031
-10.239979
-10.120212
-10.000739
-9.881565
-9.762698
-9.644143
-9.525906
-9.407996
-9.290417
-9.173177
-9.056281
-8.939737
-8.823550
-8.707728
-8.592275
-8.477199
-8.362507
-8.248203
-8.134295
-8.020788
-7.907690
-7.795005
-7.682741
-7.570904
-7.459499
-7.348532
-7.238010
-7.127939
-7.018325
-6.909174
-6.800492
-6.692284
-6.584557
-6.477316
-6.370568
-6.264318
-6.158573
-6.053337
-5.948617
-5.844418
-5.740747
-5.637608
-5.535007
-5.432951
-5.331444
-5.230493
-5.130102
-5.030277
-4.931025
-4.832349
-4.734256
-4.636750
-4.539838
-4.443524
-4.347815
-4.252714
-4.158228
-4.064361
-3.971118
-3.878505
-3.786527
-3.695189
-3.604496
-3.514452
-3.425063
-3.336334
-3.248269
-3.160873
-3.074152
-2.988109
-2.902749
-2.818078
-2.734100
-2.650819
-2.568240
-2.486368
-2.405206
-2.324760
-2.245034
-2.166032
-2.087759
-2.010218
-1.933415
-1.857353
-1.782036
-1.707469
-1.633655
-1.560599
-1.488305
-1.416776
-1.346017
-1.276032
-1.206823
-1.138396
-1.070753
-1.003899
-0.937838
-0.872572
-0.808105
-0.744441
-0.681584
-0.619536
-0.558302
-0.497884
-0.438286
-0.379511
-0.321563
-0.264444
-0.208158
-0.152707
-0.098095
-0.044325
0.008600
0.060677
0.111905
0.162278
0.211796
0.260455
0.308253
0.355187
0.401254
0.446452
0.490778
0.534231
0.576807
0.618504
0.659320
0.699253
0.738301
0.776461
0.813731
0.850110
0.885595
0.920184
0.953876
0.986668
1.018560
1.049548
1.079632
1.108809
1.137079
1.164439
1.190888
1.216425
1.241048
1.264757
1.287548
1.309422
1.330377
1.350413
1.369527
1.387719
1.404988
1.421332
1.436752
1.451246
1.464813
1.477453
1.489165
1.499949
1.509803
1.518727
1.526721
1.533784
1.539916
1.545116
1.549385
1.552722
1.555127
1.556599
1.557139
1.556746
1.555422
1.553164
1.549975
1.545854
1.540801
1.534816
