-6.804728524
-6.850533917
-6.895986759
-6.966155102
-7.053616052
-7.152804552
-7.234555997
-7.314233033
-7.378666357
-7.424112524
-7.432728698
-7.406304073
-7.337508421
-7.218935984
-7.067729717
-6.939709011
-6.873538192
-6.848024082
-6.847606368
-6.889104027
-6.980015729
-7.084137077
-7.212697602
-7.310758212
-7.374533066
-7.468441984
-7.567697916
-7.683604159
-7.782105512
-7.832885289
-7.897018694
-7.921361771
-7.93401953
-7.961563157
-7.989246139
-8.017137072
-8.048769245
-8.111947424
-8.158325258
-8.227232702
-8.292359999
-8.355702242
-8.42075933
-8.472733455
-8.556155962
-8.641163979
-8.713164621
-8.748144057
-8.756845683
-8.756376502
-8.772664431
-8.85161457
-8.963539098
-9.077333452
-9.178335652
-9.225544973
-9.274982264
-9.331869951
-9.41612281
-9.479982534
-9.525511141
-9.520146133
-9.478727184
-9.458782819
-9.491722994
-9.553770669
-9.606994621
-9.667304618
-9.724044437
-9.773664216
-9.826819251
-9.901234251
-9.950730009
-10.02059187
-10.07465819
-10.13737707
-10.18915411
-10.21075964
-10.22332292
-10.24842677
-10.29004841
-10.34822233
-10.41041229
-10.49023258
-10.54285089
-10.62625848
-10.70826376
-10.81396349
-10.90758761
-10.94476675
-10.95978229
-10.93848275
-10.91113687
-10.88932034
-10.84978804
-10.78845712
-10.73410499
-10.69999897
-10.67506617
-10.63599738
-10.60187931
-10.56267372
-10.49862577
-10.43797497
-10.41277712
-10.39491187
-10.39488016
-10.40042461
-10.42616805
-10.45390716
-10.47963459
-10.50131788
-10.52136554
-10.5818268
-10.68113421
-10.82799405
-10.98778722
-11.12600122
-11.24602016
-11.31280694
-11.34879123
-11.36240977
-11.39787486
-11.41115586
-11.43922845
-11.51154162
-11.59653228
-11.67659633
-11.739647
-11.81259847
-11.89627677
-12.00751163
-12.14272534
-12.25284377
-12.31303935
-12.34050922
-12.34719852
-12.35691433
-12.39644109
-12.46219318
-12.5923714
-12.7538669
-12.91974914
-13.09465927
-13.29989653
-13.50533633
-13.68219704
-13.82466541
-13.93041251
-14.0167639
-14.10439796
-14.23581911
-14.3809083
-14.56254207
-14.77284382
-15.0016711
-15.25118938
-15.5538192
-15.8130493
-15.96148896
-15.99436923
-15.96027964
-15.94850657
-15.95185654
-15.93438672
-15.90527976
-15.90034223
-15.92714116
-15.95551866
-15.99727269
-16.04816614
-16.09235274
-16.17711423
-16.35403882
-16.64395342
-16.99658449
-17.25165214
-17.41188466
-17.4826242
-17.50888278
-17.49526563
-17.49526563
-17.49854683
-17.53651487
-17.61912953
-17.65970993
-17.68703391
-17.73587691
-17.86338103
-18.02102322
-18.21655704
-18.45567536
-18.67844773
-18.85667673
-18.96609046
-19.02325198
-19.05325572
-19.09172852
-19.17647751
-19.27355006
-19.43027999
-19.6312526
-19.81943781
-19.98050793
-20.12570084
-20.22396846
-20.30149964
-20.4014177
-20.54948656
-20.74910876
-20.96601985
-21.1327461
-21.29016504
-21.43156349
-21.63379388
-21.8083539
-21.94375623
-22.0608846
-22.15143079
-22.23740064
-22.31003239
-22.36317085
-22.39776804
-22.41701891
-22.43302319
-22.45244897
-22.49450837
-22.54298761
-22.59463895
-22.66233747
-22.74442302
-22.8060586
-22.89348156
-22.98372999
-23.04319781
-23.0862724
-23.12854792
-23.15434844
-23.14703415
-23.16435121
-23.20685036
-23.22924061
-23.22358017
-23.18829451
-23.17896822
-23.23748584
-23.28491466
-23.33330727
-23.33040427
-23.36964458
-23.45387062
-23.56455949
-23.65715769
-23.67803191
-23.63053647
-23.57052853
-23.56365036
-23.57731228
-23.6076218
-23.63022098
-23.63647689
-23.6335376
-23.62546854
-23.60361577
-23.54485114
-23.47532286
-23.4211803
-23.37899232
-23.32161983
-23.24039315
-23.15232522
-23.07433401
-22.99247691
-22.9492435
-22.9448355
-22.95227025
-22.94820826
-22.88590729
-22.7444583
-22.54093047
-22.28104485
-21.96456606
-21.64536207
-21.3618123
-21.1455555
-21.01412031
-20.94332364
-20.91339124
-20.86558114
-20.70405038
-20.49948821
-20.27854285
-20.01502186
-19.78996367
-19.64422334
-19.63447184
-19.64090003
-19.64037087
-19.58643584
-19.49847885
-19.39887012
-19.21466422
-18.963842
-18.66161811
-18.30140643
-17.89409037
-17.55209077
-17.27323876
-17.07658676
-16.99305858
-16.93564451
-16.88146304
-16.79461553
-16.63356955
-16.40626506
-16.11525458
-15.76206253
-15.41360387
-15.09641359
-14.84494518
-14.73259113
-14.65296872
-14.55025663
-14.45381653
-14.31671291
-14.07645327
-13.76045674
-13.37516397
-13.05532652
-12.81172477
-12.67189191
-12.59497448
-12.53430085
-12.45023981
-12.31614927
-12.16134971
-12.02930332
-11.95671238
-11.88945213
-11.79646956
-11.66145699
-11.50391893
-11.31033857
-11.10318333
-10.87974863
-10.66213305
-10.50879748
-10.40948178
-10.36044243
-10.30551718
-10.25402368
-10.18875054
-10.10426268
-10.01812589
-9.91110335
-9.783131886
-9.656830994
-9.533754744
-9.424639633
-9.342156259
-9.3035496
-9.235993535
-9.137872129
-9.062590896
-9.047435298
-9.089380603
-9.134869288
-9.183671794
-9.216310582
-9.265423002
-9.313204865
-9.368100225
-9.399998117
-9.453616869
-9.53690227
-9.615230785
-9.634409428
-9.586088226
-9.497198095
-9.408210342
-9.344075653
-9.329784143
-9.333336652
-9.34048243
-9.329658367
-9.301014674
-9.250980552
-9.202828415
-4.643863138
