-5.554985
-5.614182
-5.673378
-5.732573
-5.791766
-5.850956
-5.910142
-5.969325
-6.028502
-6.087675
-6.146841
-6.206000
-6.265151
-6.324295
-6.383429
-6.442554
-6.501669
-6.560773
-6.619865
-6.678945
-6.738012
-6.797065
-6.856104
-6.915128
-6.974136
-7.033127
-7.092102
-7.151059
-7.209997
-7.268916
-7.327816
-7.386695
-7.445552
-7.504388
-7.563202
-7.621992
-7.680758
-7.739500
-7.798216
-7.856906
-7.915570
-7.974207
-8.032815
-8.091395
-8.149946
-8.208467
-8.266957
-8.325415
-8.383842
-8.442236
-8.500596
-8.558923
-8.617215
-8.675471
-8.733691
-8.791875
-8.850021
-8.908129
-8.966198
-9.024228
-9.082218
-9.140167
-9.198074
-9.255939
-9.313762
-9.371541
-9.429276
-9.486966
-9.544611
-9.602210
-9.659762
-9.717266
-9.774722
-9.832130
-9.889488
-9.946796
-10.004053
-10.061259
-10.118413
-10.175514
-10.232561
-10.289555
-10.346493
-10.403377
-10.460204
-10.516975
-10.573688
-10.630343
-10.686940
-10.743477
-10.799954
-10.856371
-10.912726
-10.969019
-11.025250
-11.081418
-11.137521
-11.193560
-11.249534
-11.305442
-11.361284
-11.417059
-11.472765
-11.528404
-11.583973
-11.639473
-11.694902
-11.750260
-11.805547
-11.860761
-11.915903
-11.970971
-12.025965
-12.080884
-12.135727
-12.190495
-12.245186
-12.299799
-12.354334
-12.408791
-12.463169
-12.517467
-12.571684
-12.625820
-12.679875
-12.733847
-12.787736
-12.841541
-12.895263
-12.948899
-13.002450
-13.055915
-13.109293
-13.162584
-13.215787
-13.268901
-13.321926
-13.374862
-13.427707
-13.480460
-13.533123
-13.585693
-13.638170
-13.690554
-13.742844
-13.795039
-13.847139
-13.899143
-13.951050
-14.002861
-14.054574
-14.106188
-14.157704
-14.209120
-14.260436
-14.311652
-14.362766
-14.413779
-14.464689
-14.515496
-14.566200
-14.616799
-14.667294
-14.717683
-14.767967
-14.818143
-14.868213
-14.918175
-14.968029
-15.017774
-15.067410
-15.116936
-15.166351
-15.215655
-15.264848
-15.313928
-15.362895
-15.411749
-15.460489
-15.509115
-15.557625
-15.606020
-15.654299
-15.702460
-15.750505
-15.798432
-15.846240
-15.893929
-15.941499
-15.988949
-16.036278
-16.083486
-16.130572
-16.177536
-16.224378
-16.271095
-16.317689
-16.364159
-16.410504
-16.456723
-16.502816
-16.548783
-16.594622
-16.640334
-16.685918
-16.731373
-16.776698
-16.821895
-16.866960
-16.911896
-16.956699
-17.001371
-17.045911
-17.090318
-17.134591
-17.178731
-17.222736
-17.266607
-17.310342
-17.353941
-17.397404
-17.440729
-17.483918
-17.526968
-17.569880
-17.612654
-17.655288
-17.697782
-17.740135
-17.782348
-17.824419
-17.866349
-17.908136
-17.949781
-17.991282
-18.032639
-18.073852
-18.114921
-18.155844
-18.196621
-18.237253
-18.277738
-18.318076
-18.358266
-18.398308
-18.438202
-18.477946
-18.517542
-18.556987
-18.596283
-18.635427
-18.674421
-18.713262
-18.751952
-18.790489
-18.828873
-18.867103
-18.905180
-18.943102
-18.980870
-19.018482
-19.055939
-19.093239
-19.130384
-19.167371
-19.204201
-19.240873
-19.277387
-19.313742
-19.349938
-19.385975
-19.421851
-19.457568
-19.493124
-19.528518
-19.563752
-19.598823
-19.633732
-19.668478
-19.703061
-19.737480
-19.771735
-19.805827
-19.839753
-19.873514
-19.907110
-19.940540
-19.973803
-20.006900
-20.039830
-20.072592
-20.105187
-20.137613
-20.169871
-20.201959
-20.233879
-20.265629
-20.297208
-20.328617
-20.359856
-20.390923
-20.421819
-20.452543
-20.483095
-20.513474
-20.543680
-20.573713
-20.603573
-20.633258
-20.662769
-20.692106
-20.721267
-20.750254
-20.779064
-20.807699
-20.836157
-20.864438
-20.892543
-20.920470
-20.948220
-20.975792
-21.003185
-21.030400
-21.057436
-21.084293
-21.110970
-21.137467
-21.163785
-21.189922
-21.215878
-21.241653
-21.267247
-21.292659
-21.317889
-21.342937
-21.367802
-21.392485
-21.416984
-21.441301
-21.465433
-21.489382
-21.513146
-21.536726
-21.560121
-21.583332
-21.606356
-21.629196
-21.651849
-21.674317
-21.696598
-21.718692
-21.740600
-21.762321
-21.783854
-21.805199
-21.826357
-21.847327
-21.868108
-21.888701
-21.909105
-21.929320
-21.949345
-21.969181
-21.988827
-22.008284
-22.027550
-22.046626
-22.065511
-22.084205
-22.102708
-22.121020
-22.139140
-22.157069
-22.174805
-22.192350
-22.209702
-22.226862
-22.243829
-22.260603
-22.277184
-22.293572
-22.309766
-22.325766
-22.341573
-22.357185
-22.372604
-22.387828
-22.402857
-22.417691
-22.432331
-22.446775
-22.461025
-22.475078
-22.488937
-22.502599
-22.516066
-22.529336
-22.542410
-22.555288
-22.567970
-22.580454
-22.592742
-22.604833
-22.616727
-22.628423
-22.639923
-22.651224
-22.662328
-22.673235
-22.683943
-22.694454
-22.704766
-22.714880
-22.724795
-22.734513
-22.744031
-22.753351
-22.762472
-22.771394
-22.780117
-22.788641
-22.796966
-22.805092
-22.813018
-22.820744
-22.828271
-22.835599
-22.842726
-22.849654
-22.856381
-22.862909
-22.869237
-22.875364
-22.881292
-22.887019
-22.892545
-22.897871
-22.902997
-22.907922
-22.912647
-22.917171
-22.921494
-22.925617
-22.929538
-22.933259
-22.936779
-22.940098
-22.943216
-22.946133
-22.948849
-22.951364
-22.953678
-22.955790
-22.957702
-22.959412
-22.960921
-22.962229
-22.963336
-22.964241
-22.964946
-22.965449
-22.965750
-22.965851
-22.965750
-22.965448
-22.964944
-22.964240
-22.963334
-22.962227
-22.960918
-22.959409
-22.957698
-22.955786
-22.953673
-22.951359
-22.948843
-22.946127
-22.943210
-22.940091
-22.936772
-22.933251
-22.929530
-22.925608
-22.921485
-22.917161
-22.912637
-22.907912
-22.902986
-22.897860
-22.892534
-22.887006
-22.881279
-22.875351
-22.869223
-22.862895
-22.856367
-22.849639
-22.842711
-22.835583
-22.828255
-22.820728
-22.813001
-22.805074
-22.796948
-22.788623
-22.780099
-22.771375
-22.762453
-22.753331
-22.744011
-22.734492
-22.724774
-22.714858
-22.704744
-22.694431
-22.683920
-22.673211
-22.662305
-22.651200
-22.639898
-22.628398
-22.616701
-22.604807
-22.592716
-22.580427
-22.567942
-22.555261
-22.542382
-22.529308
-22.516037
-22.502570
-22.488907
-22.475048
-22.460994
-22.446744
-22.432300
-22.417660
-22.402825
-22.387795
-22.372571
-22.357152
-22.341539
-22.325732
-22.309731
-22.293536
-22.277148
-22.260567
-22.243793
-22.226825
-22.209665
-22.192312
-22.174767
-22.157030
-22.139101
-22.120980
-22.102668
-22.084165
-22.065470
-22.046585
-22.027509
-22.008242
-21.988785
-21.969139
-21.949302
-21.929276
-21.909061
-21.888657
-21.868063
-21.847282
-21.826312
-21.805153
-21.783807
-21.762274
-21.740553
-21.718645
-21.696550
-21.674268
-21.651801
-21.629147
-21.606307
-21.583282
-21.560071
-21.536675
-21.513095
-21.489330
-21.465381
-21.441248
-21.416932
-21.392432
-21.367749
-21.342883
-21.317834
-21.292604
-21.267191
-21.241597
-21.215822
-21.189865
-21.163728
-21.137410
-21.110913
-21.084235
-21.057378
-21.030341
-21.003126
-20.975732
-20.948160
-20.920410
-20.892483
-20.864378
-20.836096
-20.807637
-20.779002
-20.750191
-20.721205
-20.692043
-20.662706
-20.633194
-20.603509
-20.573649
-20.543615
-20.513409
-20.483029
-20.452477
-20.421753
-20.390856
-20.359789
-20.328550
-20.297140
-20.265560
-20.233810
-20.201890
-20.169801
-20.137543
-20.105116
-20.072521
-20.039759
-20.006829
-19.973731
-19.940468
-19.907037
-19.873441
-19.839680
-19.805753
-19.771662
-19.737406
-19.702986
-19.668403
-19.633656
-19.598747
-19.563676
-19.528442
-19.493047
-19.457491
-19.421774
-19.385897
-19.349860
-19.313663
-19.277308
-19.240794
-19.204121
-19.167291
-19.130303
-19.093159
-19.055858
-19.018401
-18.980788
-18.943020
-18.905098
-18.867021
-18.828790
-18.790406
-18.751868
-18.713178
-18.674336
-18.635343
-18.596198
-18.556902
-18.517457
-18.477861
-18.438116
-18.398222
-18.358179
-18.317989
-18.277650
-18.237165
-18.196534
-18.155756
-18.114832
-18.073763
-18.032550
-17.991192
-17.949691
-17.908046
-17.866258
-17.824329
-17.782257
-17.740044
-17.697690
-17.655196
-17.612561
-17.569788
-17.526875
-17.483825
-17.440636
-17.397310
-17.353847
-17.310247
-17.266512
-17.222641
-17.178636
-17.134496
-17.090222
-17.045815
-17.001275
-16.956603
-16.911799
-16.866863
-16.821797
-16.776601
-16.731275
-16.685819
-16.640235
-16.594523
-16.548683
-16.502717
-16.456623
-16.410404
-16.364059
-16.317589
-16.270995
-16.224277
-16.177435
-16.130471
-16.083384
-16.036176
-15.988847
-15.941397
-15.893826
-15.846137
-15.798328
-15.750401
-15.702357
-15.654194
-15.605915
-15.557520
-15.509010
-15.460384
-15.411644
-15.362789
-15.313822
-15.264741
-15.215549
-15.166244
-15.116829
-15.067303
-15.017667
-14.967922
-14.918068
-14.868105
-14.818035
-14.767858
-14.717574
-14.667185
-14.616690
-14.566090
-14.515387
-14.464579
-14.413669
-14.362656
-14.311541
-14.260326
-14.209009
-14.157593
-14.106077
-14.054462
-14.002749
-13.950938
-13.899030
-13.847026
-13.794926
-13.742731
-13.690441
-13.638057
-13.585579
-13.533009
-13.480347
-13.427592
-13.374747
-13.321812
-13.268786
-13.215672
-13.162469
-13.109178
-13.055800
-13.002334
-12.948783
-12.895147
-12.841425
-12.787620
-12.733730
-12.679758
-12.625703
-12.571567
-12.517350
-12.463052
-12.408674
-12.354217
-12.299681
-12.245067
-12.190376
-12.135609
-12.080765
-12.025846
-11.970852
-11.915784
-11.860642
-11.805427
-11.750141
-11.694782
-11.639353
-11.583853
-11.528284
-11.472645
-11.416938
-11.361164
-11.305322
-11.249413
-11.193439
-11.137400
-11.081296
-11.025129
-10.968898
-10.912604
-10.856249
-10.799832
-10.743355
-10.686817
-10.630221
-10.573565
-10.516852
-10.460081
-10.403254
-10.346370
-10.289432
-10.232438
-10.175390
-10.118289
-10.061136
-10.003930
-9.946672
-9.889364
-9.832006
-9.774598
-9.717142
-9.659637
-9.602085
-9.544487
-9.486842
-9.429151
-9.371416
-9.313637
-9.255814
-9.197949
-9.140041
-9.082092
-9.024103
-8.966073
-8.908003
-8.849895
-8.791749
-8.733565
-8.675345
-8.617089
-8.558797
-8.500470
-8.442110
-8.383716
-8.325289
-8.266830
-8.208340
-8.149820
-8.091269
-8.032689
-7.974080
-7.915444
-7.856780
-7.798089
-7.739373
-7.680631
-7.621865
-7.563074
-7.504261
-7.445425
-7.386567
-7.327688
-7.268789
-7.209870
-7.150931
-7.091975
-7.033000
-6.974008
-6.915000
-6.855976
-6.796937
-6.737884
-6.678817
-6.619737
-6.560645
-6.501541
-6.442427
-6.383302
-6.324167
-6.265024
-6.205872
-6.146713
-6.087547
-6.028375
-5.969197
-5.910014
-5.850828
-5.791638
-5.732445
-5.673250
-5.614054
-5.554857
-5.495660
-5.436464
-5.377270
-5.318077
-5.258887
-5.199700
-5.140518
-5.081340
-5.022168
-4.963002
-4.903843
-4.844691
-4.785548
-4.726413
-4.667288
-4.608174
-4.549070
-4.489978
-4.430898
-4.371831
-4.312778
-4.253739
-4.194715
-4.135707
-4.076716
-4.017741
-3.958784
-3.899846
-3.840927
-3.782028
-3.723149
-3.664291
-3.605455
-3.546642
-3.487852
-3.429086
-3.370344
-3.311628
-3.252937
-3.194273
-3.135637
-3.077028
-3.018448
-2.959898
-2.901377
-2.842887
-2.784429
-2.726002
-2.667608
-2.609248
-2.550922
-2.492630
-2.434374
-2.376154
-2.317970
-2.259824
-2.201716
-2.143647
-2.085617
-2.027628
-1.969679
-1.911771
-1.853906
-1.796084
-1.738304
-1.680570
-1.622879
-1.565235
-1.507636
-1.450084
-1.392580
-1.335124
-1.277716
-1.220358
-1.163051
-1.105793
-1.048588
-0.991434
-0.934333
-0.877286
-0.820293
-0.763354
-0.706471
-0.649644
-0.592873
-0.536160
-0.479505
-0.422909
-0.366372
-0.309894
-0.253478
-0.197123
-0.140830
-0.084599
-0.028432
0.027672
0.083711
0.139685
0.195593
0.251434
0.307209
0.362915
0.418553
0.474123
0.529622
0.585051
0.640409
0.695696
0.750910
0.806051
0.861119
0.916113
0.971032
1.025875
1.080643
1.135333
1.189946
1.244482
1.298938
1.353316
1.407614
1.461831
1.515967
1.570021
1.623993
1.677882
1.731687
1.785408
1.839045
1.892595
1.946060
1.999438
2.052729
2.105931
2.159045
2.212070
2.265005
2.317850
2.370604
2.423266
2.475836
2.528313
2.580697
2.632986
2.685181
2.737281
2.789285
2.841192
2.893002
2.944715
2.996329
3.047845
3.099261
3.150577
3.201792
3.252906
3.303919
3.354829
3.405635
3.456339
3.506938
3.557432
3.607822
3.658105
3.708281
3.758351
3.808313
3.858166
3.907911
3.957547
4.007072
4.056487
4.105791
4.154983
4.204063
4.253030
4.301884
4.350624
4.399249
4.447759
4.496154
4.544432
4.592594
4.640638
4.688565
4.736373
4.784062
4.831631
4.879081
4.926410
4.973618
5.020704
5.067667
5.114508
5.161226
5.207820
5.254289
5.300633
5.346852
5.392945
5.438911
5.484750
5.530462
5.576045
5.621500
5.666826
5.712022
5.757087
5.802022
5.846826
5.891497
5.936037
5.980443
6.024716
6.068856
6.112861
6.156731
6.200466
6.244064
6.287527
6.330852
6.374041
6.417091
6.460003
6.502776
6.545409
6.587903
6.630256
6.672469
6.714540
6.756469
6.798256
6.839900
6.881401
6.922758
6.963971
7.005039
7.045962
7.086739
7.127370
7.167855
7.208192
7.248382
7.288424
7.328317
7.368062
7.407657
7.447102
7.486397
7.525541
7.564534
7.603376
7.642065
7.680601
7.718985
7.757215
7.795292
7.833214
7.870981
7.908593
7.946049
7.983349
8.020493
8.057480
8.094310
8.130981
8.167495
8.203850
8.240045
8.276082
8.311958
8.347674
8.383230
8.418624
8.453857
8.488928
8.523836
8.558582
8.593165
8.627584
8.661839
8.695930
8.729856
8.763616
8.797212
8.830641
8.863904
8.897001
8.929930
8.962692
8.995286
9.027712
9.059970
9.092058
9.123977
9.155726
9.187306
9.218715
9.249953
9.281020
9.311915
9.342639
9.373190
9.403569
9.433775
9.463808
9.493667
9.523352
9.552863
9.582199
9.611360
9.640346
9.669156
9.697790
9.726248
9.754529
9.782633
9.810560
9.838309
9.865881
9.893274
9.920488
9.947524
9.974380
10.001057
10.027554
10.053871
10.080007
10.105963
10.131738
10.157331
10.182743
10.207973
10.233020
10.257885
10.282568
10.307067
10.331383
10.355515
10.379463
10.403227
10.426806
10.450201
10.473411
10.496436
10.519275
10.541928
10.564395
10.586675
10.608770
10.630677
10.652397
10.673930
10.695275
10.716432
10.737401
10.758182
10.778775
10.799178
10.819393
10.839418
10.859253
10.878899
10.898355
10.917621
10.936696
10.955581
10.974275
10.992777
11.011089
11.029209
11.047137
11.064873
11.082417
11.099769
11.116928
11.133895
11.150669
11.167249
11.183636
11.199830
11.215830
11.231636
11.247248
11.262666
11.277890
11.292919
11.307753
11.322392
11.336836
11.351085
11.365138
11.378996
11.392658
11.406124
11.419394
11.432468
11.445345
11.458026
11.470511
11.482798
11.494888
11.506782
11.518478
11.529977
11.541278
11.552382
11.563288
11.573996
11.584506
11.594817
11.604931
11.614846
11.624563
11.634081
11.643401
11.652521
11.661443
11.670166
11.678689
11.687014
11.695139
11.703064
11.710790
11.718317
11.725644
11.732771
11.739698
11.746425
11.752953
11.759280
11.765407
11.771334
11.777060
11.782587
11.787912
11.793038
11.797962
11.802687
11.807210
11.811533
11.815655
11.819576
11.823296
11.826816
11.830135
11.833252
11.836169
11.838884
11.841399
11.843712
11.845824
11.847735
11.849445
11.850954
11.852261
11.853368
11.854273
11.854977
11.855479
11.855780
11.855880
11.855779
11.855476
11.854973
11.854268
11.853361
11.852254
11.850945
11.849435
11.847724
11.845811
11.843698
11.841383
11.838867
11.836150
11.833233
11.830114
11.826794
11.823273
11.819551
11.815629
11.811505
11.807181
11.802657
11.797931
11.793005
11.787878
11.782551
11.777024
11.771296
11.765368
11.759240
11.752911
11.746382
11.739654
11.732725
11.725597
11.718269
11.710741
11.703013
11.695087
11.686960
11.678635
11.670110
11.661386
11.652463
11.643341
11.634020
11.624501
11.614783
11.604866
11.594751
11.584438
11.573927
11.563218
11.552310
11.541205
11.529903
11.518403
11.506705
11.494811
11.482719
11.470430
11.457945
11.445263
11.432384
11.419309
11.406037
11.392570
11.378907
11.365048
11.350993
11.336743
11.322298
11.307657
11.292822
11.277792
11.262567
11.247148
11.231534
11.215727
11.199726
11.183531
11.167142
11.150561
11.133786
11.116818
11.099657
11.082304
11.064759
11.047021
11.029092
11.010971
10.992658
10.974154
10.955459
10.936573
10.917497
10.898230
10.878773
10.859125
10.839289
10.819262
10.799047
10.778642
10.758048
10.737266
10.716296
10.695137
10.673791
10.652257
10.630535
10.608627
10.586532
10.564250
10.541781
10.519127
10.496287
10.473261
10.450050
10.426654
10.403073
10.379308
10.355359
10.331225
10.306908
10.282408
10.257725
10.232858
10.207810
10.182579
10.157166
10.131571
10.105796
10.079839
10.053701
10.027383
10.000885
9.974207
9.947349
9.920312
9.893097
9.865703
9.838130
9.810380
9.782452
9.754346
9.726064
9.697605
9.668970
9.640158
9.611171
9.582009
9.552672
9.523160
9.493474
9.463614
9.433580
9.403373
9.372993
9.342440
9.311716
9.280819
9.249751
9.218512
9.187102
9.155521
9.123771
9.091851
9.059761
9.027503
8.995076
8.962480
8.929717
8.896787
8.863689
8.830425
8.796995
8.763398
8.729636
8.695709
8.661617
8.627361
8.592941
8.558357
8.523611
8.488701
8.453629
8.418395
8.383000
8.347443
8.311726
8.275849
8.239811
8.203615
8.167259
8.130744
8.094071
8.057241
8.020253
7.983108
7.945807
7.908349
7.870736
7.832968
7.795045
7.756968
7.718737
7.680352
7.641814
7.603124
7.564282
7.525288
7.486143
7.446847
7.407401
7.367805
7.328059
7.288165
7.248122
7.207931
7.167593
7.127107
7.086475
7.045697
7.004773
6.963704
6.922490
6.881132
6.839630
6.797985
6.756198
6.714267
6.672195
6.629982
6.587628
6.545133
6.502499
6.459725
6.416812
6.373761
6.330572
6.287246
6.243782
6.200183
6.156447
6.112576
6.068570
6.024430
5.980156
5.935748
5.891208
5.846536
5.801731
5.756796
5.711729
5.666532
5.621206
5.575750
5.530166
5.484454
5.438614
5.392647
5.346553
5.300333
5.253988
5.207518
5.160923
5.114205
5.067363
5.020399
4.973312
4.926103
4.878774
4.831323
4.783753
4.736063
4.688254
4.640327
4.592282
4.544120
4.495841
4.447445
4.398934
4.350308
4.301568
4.252713
4.203745
4.154665
4.105472
4.056167
4.006752
3.957225
3.907589
3.857844
3.807989
3.758027
3.707956
3.657779
3.607495
3.557105
3.506610
3.456011
3.405306
3.354499
3.303588
3.252575
3.201460
3.150244
3.098928
3.047511
2.995995
2.944380
2.892667
2.840856
2.788948
2.736943
2.684843
2.632648
2.580357
2.527973
2.475495
2.422925
2.370262
2.317508
2.264663
2.211727
2.158701
2.105587
2.052383
1.999092
1.945714
1.892248
1.838697
1.785060
1.731339
1.677533
1.623643
1.569671
1.515616
1.461480
1.407262
1.352964
1.298586
1.244129
1.189593
1.134979
1.080288
1.025520
0.970676
0.915757
0.860763
0.805694
0.750552
0.695338
0.640051
0.584692
0.529263
0.473763
0.418193
0.362554
0.306847
0.251073
0.195231
0.139322
0.083348
0.027309
-0.028795
-0.084963
-0.141194
-0.197488
-0.253844
-0.310260
-0.366738
-0.423275
-0.479872
-0.536528
-0.593241
-0.650012
-0.706839
-0.763723
-0.820662
-0.877656
-0.934703
-0.991805
-1.048958
-1.106164
-1.163422
-1.220730
-1.278088
-1.335496
-1.392953
-1.450457
-1.508009
-1.565608
-1.623253
-1.680944
-1.738679
-1.796458
-1.854281
-1.912147
-1.970054
-2.028003
-2.085993
-2.144023
-2.202093
-2.260201
-2.318347
-2.376531
-2.434751
-2.493008
-2.551300
-2.609626
-2.667987
-2.726381
-2.784808
-2.843266
-2.901757
-2.960277
-3.018828
-3.077408
-3.136017
-3.194654
-3.253318
-3.312008
-3.370725
-3.429466
-3.488233
-3.547023
-3.605836
-3.664672
-3.723530
-3.782409
-3.841309
-3.900228
-3.959166
-4.018123
-4.077098
-4.136090
-4.195098
-4.254122
-4.313161
-4.372214
-4.431281
-4.490361
-4.549453
-4.608557
-4.667671
-4.726796
-4.785931
-4.845075
-4.904226
-4.963386
-5.022552
-5.081724
-5.140901
-5.200084
-5.259271
-5.318461
-5.377653
-5.436848
-5.496044
-5.555241
-5.614438
-5.673634
-5.732829
-5.792021
-5.851211
-5.910398
-5.969580
-6.028758
-6.087930
-6.147096
-6.206255
-6.265407
-6.324550
-6.383685
-6.442810
-6.501925
-6.561028
-6.620120
-6.679200
-6.738267
-6.797320
-6.856359
-6.915383
-6.974391
-7.033382
-7.092357
-7.151313
-7.210252
-7.269171
-7.328070
-7.386949
-7.445807
-7.504642
-7.563456
-7.622246
-7.681012
-7.739753
-7.798470
-7.857160
-7.915824
-7.974460
-8.033069
-8.091649
-8.150199
-8.208720
-8.267209
-8.325668
-8.384094
-8.442488
-8.500848
-8.559175
-8.617466
-8.675723
-8.733943
-8.792126
-8.850272
-8.908380
-8.966449
-9.024479
-9.082468
-9.140417
-9.198324
-9.256189
-9.314012
-9.371791
-9.429526
-9.487216
-9.544860
-9.602459
-9.660010
-9.717515
-9.774971
-9.832378
-9.889736
-9.947044
-10.004301
-10.061506
-10.118660
-10.175760
-10.232808
-10.289801
-10.346739
-10.403622
-10.460449
-10.517220
-10.573933
-10.630588
-10.687184
-10.743721
-10.800198
-10.856614
-10.912969
-10.969262
-11.025493
-11.081660
-11.137764
-11.193802
-11.249776
-11.305684
-11.361525
-11.417300
-11.473006
-11.528644
-11.584213
-11.639712
-11.695141
