1.5880
1.5258
1.4478
1.3435
1.2039
1.0280
0.8278
0.6297
0.3797
0.1263
-0.1492
-0.3695
-0.5399
-0.6263
-0.6692
-0.7120
-0.8013
-0.9208
-1.0560
-1.2091
-1.3446
-1.4564
-1.5061
-1.4669
-1.3505
-1.1763
-0.9577
-0.6881
-0.4135
-0.1623
0.0495
0.2069
0.3093
0.3393
0.3150
0.1992
0.0336
-0.1182
-0.1985
-0.2111
-0.2111
-0.1746
-0.1696
-0.1721
-0.1594
-0.1657
-0.1970
-0.2459
-0.2841
-0.3413
-0.4133
-0.4961
-0.5888
-0.6837
-0.7685
-0.8209
-0.8844
-0.9515
-1.0386
-1.1479
-1.2929
-1.4821
-1.7165
-1.9318
-2.1011
-2.2036
-2.2313
-2.2089
-2.1893
-2.1749
-2.1533
-2.1101
-2.0596
-2.0055
-1.9478
-1.8974
-1.8554
-1.8160
-1.7790
-1.7428
-1.7174
-1.6884
-1.6558
-1.6232
-1.6014
-1.5687
-1.5359
-1.5141
-1.4995
-1.4555
-1.4264
-1.3873
-1.3176
-1.2295
-1.1526
-1.0816
-1.0205
-0.9717
-0.9462
-0.9339
-0.9006
-0.8574
-0.7895
-0.7118
-0.6271
-0.5696
-0.5133
-0.4437
-0.3670
-0.2605
-0.1355
-0.0068
0.1072
0.2316
0.3625
0.4590
0.5183
0.5331
0.5330
0.5044
0.4610
0.4274
0.3700
0.3300
0.2811
0.1946
0.0655
-0.0688
-0.2170
-0.3682
-0.5284
-0.6624
-0.7854
-0.8476
-0.8471
-0.8302
-0.7933
-0.7833
-0.8274
-0.9244
-1.0567
-1.1914
-1.3424
-1.4795
-1.6056
-1.7168
-1.8414
-2.0007
-2.1603
-2.3458
-2.5535
-2.7473
-2.9234
-3.0786
-3.1978
-3.3179
-3.4350
-3.5425
-3.6197
-3.6847
-3.7279
-3.7877
-3.8831
-4.0219
-4.1897
-4.3871
-4.5804
-4.7563
-4.9029
-5.0057
-5.0506
-5.0374
-5.0187
-5.0075
-4.9884
-4.9673
-4.9146
-4.8655
-4.8400
-4.8266
-4.8336
-4.8871
-4.9681
-5.0827
-5.2322
-5.3819
-5.5206
-5.6264
-5.7251
-5.8110
-5.9156
-6.0073
-6.0658
-6.1466
-6.2513
-6.3782
-6.5383
-6.7556
-6.9806
-7.1744
-7.3423
-7.4586
-7.5064
-7.5355
-7.5551
-7.6062
-7.6754
-7.7592
-7.8083
-7.8297
-7.8252
-7.7605
-7.6685
-7.5914
-7.5493
-7.5566
-7.5983
-7.6580
-7.7595
-7.8680
-7.9510
-7.9978
-8.0122
-8.0140
-8.0432
-8.1053
-8.1638
-8.1858
-8.2057
-8.2091
-8.2307
-8.2940
-8.4210
-8.5775
-8.7232
-8.8326
-8.9054
-8.9395
-9.0005
-9.0816
-9.1900
-9.3237
-9.4996
-9.6958
-9.9265
-10.1485
-10.3819
-10.6020
-10.8111
-10.9725
-11.1098
-11.2052
-11.2367
-11.2640
-11.2744
-11.2815
-11.2998
-11.3635
-11.4708
-11.6244
-11.8013
-11.9761
-12.1617
-12.3233
-12.4586
-12.5997
-12.7432
-12.8854
-13.0360
-13.1787
-13.3339
-13.4730
-13.6030
-13.7270
-13.8199
-13.8908
-13.9423
-13.9780
-14.0059
-14.0534
-14.1208
-14.2276
-14.3426
-14.4892
-14.6644
-14.8602
-15.0783
-15.2894
-15.4617
-15.5980
-15.6867
-15.7250
-15.7250
-15.7348
-15.7701
-15.8343
-15.9557
-16.0963
-16.2906
-16.4931
-16.6834
-16.8685
-17.0504
-17.1730
-17.2812
-17.3813
-17.4450
-17.5053
-17.5745
-17.6673
-17.7944
-17.9386
-18.0913
-18.2427
-18.3752
-18.5069
-18.6326
-18.7592
-18.8794
-18.9806
-19.0660
-19.1667
-19.2728
-19.3821
-19.5025
-19.6563
-19.8469
-20.0687
-20.3269
-20.6008
-20.8571
-21.0794
-21.2435
-21.3626
-21.4282
-21.4591
-21.4743
-21.4836
-21.5174
-21.5786
-21.6854
-21.8604
-22.0763
-22.2929
-22.5132
-22.7251
-22.9164
-23.0806
-23.1978
-23.2460
-23.2500
-23.2191
-23.2102
-23.2489
-23.3395
-23.4212
-23.5142
-23.6515
-23.8140
-23.9799
-24.1707
-24.3927
-24.5901
-24.7710
-24.9777
-25.1623
-25.3217
-25.4676
-25.5511
-25.6128
-25.6587
-25.6804
-25.7050
-25.7350
-25.7878
-25.8264
-25.8841
-25.9670
-26.0598
-26.1793
-26.3304
-26.4858
-26.6044
-26.5557
-26.4348
-26.2575
-26.0397
-25.8217
-25.6399
-25.4467
-25.2664
-25.1226
-25.0414
-25.0107
-24.9440
-24.7581
-24.3835
-23.9215
-23.3993
-22.9272
-22.5510
-22.3329
-22.2295
-22.2243
-22.2670
-22.2849
-22.2849
-22.2612
-22.2376
-22.2062
-22.0884
-21.8241
-21.4388
-20.9485
-20.4331
-19.9391
-19.5508
-19.3204
-19.2503
-19.3328
-19.5174
-19.6557
-19.8141
-20.0858
-20.4669
-20.9619
-21.5746
-22.2439
-22.9579
-23.6418
-24.2166
-24.6629
-24.9617
-25.1344
-25.2609
-25.3763
-25.4954
-25.5813
-25.6396
-25.6583
-25.6583
-25.6703
-25.6883
-25.7547
-25.8485
-25.9694
-26.1441
-26.3433
-26.5402
-26.7259
-26.9088
-27.0739
-27.2182
-27.3288
-27.4035
-27.4299
-27.4256
-27.4098
-27.3905
-27.3865
-27.4068
-27.4603
-27.5443
-27.6461
-27.7756
-27.9329
-28.1066
-28.2851
-28.4669
-28.6298
-28.7870
-28.9222
-29.0225
-29.0999
-29.1485
-29.1685
-29.1729
-29.1780
-29.1889
-29.2212
-29.2565
-29.2894
-29.3298
-29.3781
-29.4458
-29.5335
-29.6452
-29.7634
-29.8950
-30.0196
-30.1347
-30.2172
-30.2930
-30.3506
-30.4142
-30.4927
-30.5759
-30.6282
-30.6796
-30.7374
-30.8053
-30.8789
-30.9499
-31.0280
-31.0955
-31.1454
-31.1742
-31.1881
-31.2065
-31.2311
-31.2506
-31.2660
-31.2820
-31.2884
-31.2375
-31.1698
-31.0864
-31.0090
-30.9326
-30.8843
-30.8406
-30.7868
-30.7353
-30.6974
-30.6926
-30.7163
-30.7574
-30.7930
-30.8382
-30.8807
-30.9316
-30.9850
-31.0467
-31.0874
-31.1295
-31.1770
-31.2416
-31.3067
-31.3714
-31.4410
-31.5191
-31.6028
-31.6834
-31.7438
-31.7893
-31.8113
-31.7760
-31.7012
-31.5811
-31.4113
-31.1684
-30.8984
-30.5546
-30.1951
-29.8284
-29.5081
-29.2366
-29.0497
-28.9264
-28.8576
-28.8456
-28.8456
-28.8578
-28.8673
-28.8414
-28.8179
-28.8092
-28.7920
-28.7653
-28.6991
-28.5664
-28.3672
-28.1305
-27.9276
-27.7524
-27.5936
-27.4985
-27.4631
-27.4809
-27.5076
-27.5137
-27.5198
-27.5377
-27.5679
-27.6171
-27.6726
-27.7197
-27.7615
-27.8064
-27.8625
-27.9095
-27.9553
-27.9941
-28.0286
-28.0401
-28.0220
-28.0194
-28.0225
-28.0379
-28.0563
-28.0806
-28.1217
-28.1603
-28.2197
-28.3174
-28.3983
-28.4709
-28.5433
-28.6201
-28.7137
-28.8105
-28.9397
-29.0542
-29.1477
-29.1933
-29.2238
-29.2313
-29.2585
-29.2856
-29.3277
-29.3999
-29.4991
-29.6197
-29.7553
-29.8996
-30.0263
-30.1476
-30.2653
-30.3963
-30.5181
-30.6123
-30.6980
-30.7800
-30.8386
-30.8934
-30.9368
-31.0222
-31.1080
-31.2003
-31.2954
-31.3825
-31.4635
-31.5170
-31.5644
-31.5957
-31.6234
-31.6491
-31.6750
-31.7053
-31.7398
-31.7737
-31.8001
-31.8259
-31.8594
-31.8874
-31.8938
-31.9165
-31.9365
-31.9405
-31.9456
-31.9515
-31.9551
-31.9583
-31.9621
-31.9718
-31.9846
-31.9948
-32.0046
-32.0225
-32.0545
-32.0942
-32.1476
-32.1991
-32.2592
-32.3228
-32.3767
-32.4278
-32.4754
-32.5319
-32.5828
-32.6234
-32.6519
-32.6866
-32.7099
-32.7279
-32.7548
-32.7626
-32.7688
-32.7725
-32.7779
-32.8072
-32.8368
-32.8712
-32.9022
-32.9209
-32.9271
-32.9411
-32.9503
-32.9507
-32.9349
-32.9147
-32.9022
-32.9039
-32.9065
-32.9206
-32.9240
-32.9161
-32.9103
-32.9036
-32.8807
-32.8629
-32.8675
-32.8775
-32.9074
-32.9543
-33.0116
-33.0756
-33.1486
-33.2129
-33.2275
-33.2026
-33.1517
-33.0850
-33.0235
-32.9823
-32.9737
-32.9663
-32.9781
-32.9850
-32.9850
-32.9850
-32.9850
-33.0007
-33.0155
-33.0180
-33.0189
-33.0202
-33.0295
-33.0317
-33.0016
-32.9785
-32.9587
-32.9308
-32.8983
-32.8812
-32.8797
-32.8787
-32.8582
-32.8142
-32.7566
-32.7111
-32.6752
-32.6666
-32.6513
-32.5966
-32.5166
-32.4253
-32.3341
-32.2551
-32.1920
-32.1497
-32.1135
-32.0986
-32.0872
-32.0880
-32.0893
-32.0888
-32.0901
-32.0941
-32.0945
-32.0880
-32.0836
-32.0734
-32.0545
-32.0503
-32.0509
-32.0487
-32.0355
-32.0305
-32.0307
-32.0247
-32.0005
-31.9643
-31.9220
-31.9020
-31.9080
-31.9113
-31.9149
-31.9260
-31.9435
-31.9549
-31.9590
-31.9782
-32.0140
-32.0299
-32.0504
-32.0634
-32.0611
-32.0611
-32.0611
-32.0637
-32.0637
-32.0637
-32.0385
-32.0038
-31.9657
-31.8984
-31.8106
-31.6734
-31.5241
-31.3628
-31.2136
-31.0575
-30.9077
-30.7303
-30.5567
-30.3909
-30.2252
-30.0311
-29.8240
-29.6224
-29.4325
-29.2842
-29.2262
-29.2041
-29.1998
-29.2049
-29.2043
-29.2030
-29.1994
-29.1935
-29.1903
-29.1821
-29.1813
-29.1801
-29.1735
-29.1695
-29.1703
-29.1632
-29.1450
-29.1453
-29.1395
-29.1100
-29.0745
-29.0130
-28.9456
-28.8403
-28.7099
-28.5393
-28.3351
-28.1306
-27.9594
-27.8143
-27.7017
-27.6228
-27.5999
-27.5892
-27.5844
-27.5772
-27.5704
-27.5557
-27.5540
-27.5467
-27.5367
-27.5110
-27.4878
-27.4700
-27.4416
-27.4210
-27.4161
-27.4058
-27.3850
-27.3471
-27.3236
-27.2915
-27.2837
-27.2784
-27.2758
-27.2621
-27.2568
-27.2537
-27.2537
-27.2400
-27.2342
-27.2083
-27.1363
-27.0385
-26.9136
-26.7773
-26.6339
-26.4843
-26.3238
-26.1418
-26.0002
-25.8928
-25.8252
-25.7829
-25.7636
-25.7476
-25.7286
-25.6842
-25.6084
-25.5014
-25.3608
-25.1975
-25.0339
-24.8753
-24.7453
-24.6325
-24.5316
-24.4621
-24.4264
-24.3936
-24.3581
-24.3033
-24.2373
-24.1538
-24.0615
-23.9717
-23.8875
-23.8313
-23.7947
-23.7663
-23.7521
-23.7464
-23.7464
-23.7323
-23.7323
-23.7238
-23.6819
-23.5667
-23.4288
-23.2737
-23.1015
-22.9120
-22.6912
-22.4586
-22.2373
-22.0555
-21.8907
-21.7401
-21.6321
-21.5356
-21.4419
-21.3372
-21.2355
-21.1279
-21.0035
-20.8682
-20.7272
-20.5949
-20.4828
-20.4384
-20.4614
-20.5460
-20.6417
-20.7341
-20.8409
-20.9251
-20.9788
-20.9929
-20.9928
-20.9561
-20.9169
-20.8776
-20.8101
-20.7026
-20.5894
-20.5043
-20.4846
-20.4817
-20.4817
-20.4759
-20.4337
-20.3607
-20.2457
-20.1001
-19.9410
-19.7877
-19.6457
-19.4922
-19.3502
-19.2419
-19.1670
-19.1197
-19.0977
-19.0757
-19.0482
-19.0123
-18.9482
-18.8651
-18.7240
-18.5557
-18.3457
-18.1252
-17.9219
-17.7676
-17.6716
-17.6362
-17.6308
-17.6327
-17.6233
-17.6084
-17.6054
-17.6054
-17.6024
-17.5940
-17.5689
-17.5168
-17.4754
-17.4390
-17.4216
-17.4186
-17.3995
-17.3312
-17.2331
-17.0711
-16.8491
-16.5977
-16.3401
-16.1209
-15.9541
-15.8496
-15.8246
-15.8246
-15.8300
-15.8300
-15.8300
-15.8300
-15.8186
-15.7588
-15.6741
-15.5417
-15.3580
-15.1144
-14.8070
-14.4498
-14.0086
-13.5392
-13.1094
-12.7486
-12.4912
-12.3431
-12.3132
-12.3575
-12.3989
-12.3817
-12.3122
-12.2198
-12.1314
-12.0617
-11.9991
-11.9065
-11.7938
-11.7057
-11.6419
-11.5917
-11.5446
-11.4735
-11.3512
-11.1802
-11.0051
-10.8344
-10.7162
-10.6702
-10.6436
-10.6054
-10.5536
-10.4952
-10.4323
-10.4011
-10.3816
-10.3131
-10.2281
-10.1790
-10.1200
-10.0268
-9.9086
-9.7967
-9.6848
-9.5859
-9.4306
-9.2083
-8.9373
-8.6672
-8.4114
-8.1748
-7.9746
-7.7719
-7.5653
-7.3994
-7.3122
-7.2986
-7.3123
-7.3123
-7.3037
-7.2935
-7.2628
-7.2116
-7.1536
-7.0819
-7.0101
-6.9417
-6.8783
-6.8132
-6.7758
-6.7211
-6.6665
-6.5910
-6.4842
-6.3632
-6.2664
-6.1485
-6.0408
-5.9609
-5.9052
-5.8458
-5.7828
-5.7267
-5.6846
-5.6495
-5.6215
-5.5724
-5.4844
-5.3893
-5.2817
-5.1387
-4.9815
-4.8545
-4.7660
-4.6489
-4.5284
-4.4330
-4.3280
-4.2124
-4.1010
-4.0146
-3.9138
-3.7995
-3.6837
-3.5340
-3.3576
-3.1348
-2.8712
-2.6469
-2.4350
-2.3060
-2.1790
-2.0735
-1.9678
-1.8877
-1.8258
-1.7858
-1.7678
-1.7643
-1.7607
-1.7497
-1.7293
-1.6964
-1.6664
-1.6298
-1.5712
-1.4922
-1.3859
-1.2648
-1.1288
-0.9740
-0.8263
-0.7207
-0.6273
-0.5508
-0.4951
-0.4668
-0.4723
-0.4891
-0.4693
-0.4358
-0.4037
-0.3479
-0.2897
-0.2365
-0.1912
-0.1421
-0.0729
0.0165
0.1275
0.2549
0.3902
0.5371
0.6917
0.8542
1.0132
1.1610
1.3130
1.4183
1.4741
1.4890
1.4632
1.4465
1.4413
1.4311
1.3926
1.3477
1.2834
1.1921
1.0211
0.7587
0.4022
0.0100
-0.4047
-0.7615
-0.9985
-1.0588
-1.0042
-0.8267
-0.5995
-0.3893
-0.1901
0.0022
0.1720
0.3160
0.4107
0.4485
0.4709
0.4379
0.3786
0.2969
0.2025
0.1260
0.1019
0.1402
0.2004
0.2879
0.3987
0.4829
0.4888
0.4342
0.3084
0.1639
0.0111
-0.1157
-0.2289
-0.3887
-0.5678
-0.7947
-1.0398
-1.3006
-1.5366
-1.7683
-1.9470
-2.0976
-2.2139
-2.3139
-2.3596
-2.3272
-2.2252
-2.1147
-2.0347
-1.9657
-1.9130
-1.8877
-1.8624
-1.8223
-1.7265
-1.5884
-1.4042
-1.1818
-0.9666
-0.7468
-0.5248
-0.2724
-0.0524
0.1238
0.2332
0.2759
0.2583
0.1243
-0.0488
-0.2007
-0.3510
-0.5009
-0.6506
-0.7749
-0.8831
-0.9576
-0.9733
-0.9920
-0.9755
-0.9416
-0.8730
-0.7978
-0.7315
-0.6258
-0.5133
-0.3299
-0.1023
0.1366
0.3193
0.4674
0.5812
0.6368
0.6797
0.7290
0.7594
0.7468
0.6798
0.6089
0.5204
0.4599
0.4472
0.4472
0.4472
0.4662
0.4776
0.4666
0.4162
0.3620
0.2953
0.1973
0.0654
-0.0788
-0.2113
-0.3548
-0.4771
-0.5565
-0.5911
-0.5502
-0.4598
-0.3581
-0.2892
-0.2716
-0.2678
-0.2864
-0.2864
-0.2915
-0.2802
-0.2689
-0.2614
-0.2539
-0.2502
-0.2464
-0.2164
-0.1075
0.0282
0.1819
0.2975
0.3754
0.4243
0.4491
0.4802
0.5305
0.5743
0.5966
0.6100
0.6208
0.6200
0.6155
0.6035
0.5764
0.5305
0.4836
0.4202
0.3594
0.3189
0.3088
0.3151
0.3264
0.3302
0.3340
0.3340
0.3340
0.3340
0.3340
0.3175
0.3250
0.3249
0.3249
0.3097
0.3107
0.2813
0.2721
0.2982
0.3168
0.3317
0.3616
0.3991
0.4367
0.4629
0.4741
0.4767
0.4614
0.4513
0.4462
0.4462
0.4462
0.4424
0.4235
0.4044
0.4044
0.4044
0.4083
0.4083
0.3879
0.3409
0.2824
0.2392
0.2316
0.2316
0.2316
0.2278
0.2278
0.2278
0.2189
0.2189
0.2189
0.2189
0.2138
0.2138
0.2138
0.2138
0.1998
0.1693
0.1566
0.1566
0.1464
0.1095
0.0866
0.0815
0.0763
0.0763
0.0763
0.0763
0.0635
0.0709
0.0668
0.0400
0.0285
0.0397
0.0472
0.0798
0.1059
0.1434
0.1668
0.2004
0.2379
0.2529
0.2677
0.2825
0.3075
0.3450
0.3966
0.4204
0.4204
0.3699
0.2954
0.2220
0.1664
0.1435
0.1548
0.1968
0.2094
0.2056
0.2018
0.1980
0.1942
0.1942
0.1993
0.2210
0.2412
0.2319
0.2237
0.2788
0.4664
0.7825
1.1739
1.6262
2.1193
2.6174
3.0637
3.3816
3.5795
3.6488
3.6086
3.4499
3.1170
2.7013
2.1747
1.6506
1.0945
0.4244
-0.2734
-0.9053
-1.3669
-1.6386
-1.7296
-1.6589
-1.6033
-1.5606
-1.5837
-1.7296
-2.0627
-2.5585
-3.1862
-3.8897
-4.5405
-5.0693
-5.4971
-5.8214
-6.0165
-6.0774
-5.9661
-5.7006
-5.3212
-4.9850
-4.7518
-4.6733
-4.7761
-4.9937
-5.2919
-5.5795
-5.8181
-6.0024
-6.1275
-6.2065
-6.2707
-6.3238
-6.3694
-6.3857
-6.4037
-6.4072
-6.4034
-6.3614
-6.2996
-6.2398
-6.1694
-6.1085
-6.0244
-5.9027
-5.7564
-5.6351
-5.5783
-5.6217
-5.7063
-5.7728
-5.8108
-5.7933
-5.7598
-5.7246
-5.7128
-5.7017
-5.7140
-5.7259
-5.7409
-5.7897
-5.8687
-5.9744
-6.1121
-6.2761
-6.4308
-6.5587
-6.6778
-6.7809
-6.8748
-6.9704
-7.0642
-7.1297
-7.1633
-7.1827
-7.1933
-7.1933
-7.2022
-7.1952
-7.1846
-7.1936
-7.2380
-7.2806
-7.3531
-7.4222
-7.4948
-7.5498
-7.5711
-7.5889
-7.5961
-7.6369
-7.7203
-7.8358
-7.9618
-8.1022
-8.2249
-8.3138
-8.3353
-8.3194
-8.2538
-8.1987
-8.0655
-7.8493
-7.5832
-7.3508
-7.1273
-6.9463
-6.8150
-6.7192
-6.6643
-6.6306
-6.5932
-6.5595
-6.5098
-6.4496
-6.4443
-6.5455
-6.6483
-6.7120
-6.6674
-6.5320
-6.3790
-6.2545
-6.1872
-6.1694
-6.1300
-6.0782
-5.9694
-5.8033
-5.6392
-5.5200
-5.4258
-5.3566
-5.2925
-5.2214
-5.1451
-5.0434
-4.9542
-4.8472
-4.7171
-4.5492
-4.3121
-4.0582
-3.8182
-3.5928
-3.4095
-3.3233
-3.3152
-3.4156
-3.5555
-3.6138
-3.6155
-3.6207
-3.6347
-3.6592
-3.7220
-3.8116
-3.9199
-4.0398
-4.1372
-4.2307
-4.3062
-4.3506
-4.4033
-4.4539
-4.4930
-4.4984
-4.5119
-4.5162
-4.4993
-4.4810
-4.4774
-4.4664
-4.4664
-4.4948
-4.5391
-4.6192
-4.7425
-4.9571
-5.2376
-5.5761
-5.9456
-6.3119
-6.6358
-6.9080
-7.0993
-7.1878
-7.1896
-7.1517
-7.1354
-7.1354
-7.1282
-7.1228
-7.1228
-7.1173
-7.0235
-6.8792
-6.7169
-6.5674
-6.4738
-6.4199
-6.4002
-6.3732
-6.3534
-6.3264
-6.3193
-6.3301
-6.3337
-6.3229
-6.2816
-6.2116
-6.1037
-5.9906
-5.8938
-5.8251
-5.7635
-5.7417
-5.7381
-5.6981
-5.6513
-5.5848
-5.5055
-5.4100
-5.2496
-5.0534
-4.8283
-4.6568
-4.5590
-4.5172
-4.5504
-4.6143
-4.6833
-4.7600
-4.8063
-4.8589
-4.9455
-5.0517
-5.1850
-5.3420
-5.4860
-5.6015
-5.6755
-5.7675
-5.8466
-5.9150
-5.9635
-5.9811
-5.9845
-6.0352
-6.1311
-6.2631
-6.4386
-6.6322
-6.7860
-6.8946
-6.9670
-6.9833
-6.9797
-6.9760
-7.0031
-7.0266
-7.0120
-6.9901
-6.9901
-6.9866
-7.0120
-7.0483
-7.1174
-7.2010
-7.2919
-7.4048
-7.5614
-7.7638
-7.9610
-8.1224
-8.2255
-8.2644
-8.2850
-8.2781
-8.2546
-8.2565
-8.2842
-8.3213
-8.3546
-8.3935
-8.4399
-8.4738
-8.4764
-8.4589
-8.3940
-8.2994
-8.2009
-8.0624
-7.8760
-7.6907
-7.5271
-7.4390
-7.3799
-7.3982
-7.4486
-7.5419
-7.6594
-7.7881
-7.8943
-8.0005
-8.0883
-8.1849
-8.2835
-8.3337
-8.3373
-8.3421
-8.3305
-8.3099
-8.3278
-8.3640
-8.3898
-8.3777
-8.3366
-8.1478
-7.7799
-7.1674
-6.3385
-5.4532
-4.7184
-4.2196
-4.0655
-4.2044
-4.6017
-5.1554
-5.6606
-6.0059
-6.1437
-6.1110
-6.0178
-5.8890
-5.7114
-5.5109
-5.3272
-5.2097
-5.2352
-5.3950
-5.6809
-6.0321
-6.4339
-6.8010
-7.0955
-7.2826
-7.3665
-7.3597
-7.3351
-7.3742
-7.4807
-7.5268
-7.5319
-7.4764
-7.3856
-7.2915
-7.2134
-7.1744
-7.1461
-7.1355
-7.1266
-7.1213
-7.0912
-7.0080
-6.9037
-6.7535
-6.6192
-6.5377
-6.4735
-6.4303
-6.3679
-6.3107
-6.2321
-6.1573
-6.0988
-6.0047
-5.8341
-5.6487
-5.6641
-5.9865
-6.5253
-7.1261
-7.6119
-7.9158
-8.0359
-8.0464
-7.9704
-7.8767
-7.7918
-7.6027
-7.2465
-6.8098
-6.4264
-6.1621
-6.0523
-6.0238
-6.0163
-5.9624
-5.8510
-5.6767
-5.4163
-5.1899
-5.0155
-4.9468
-4.9783
-5.0239
-5.0517
-5.0076
-4.9311
-4.8800
-4.8854
-5.0296
-5.2828
-5.5656
-5.8125
-6.0035
-6.1284
-6.1764
-6.1814
-6.1471
-6.0911
-6.0298
-5.9395
-5.8236
-5.7113
-5.5805
-5.4349
-5.2964
-5.1757
-5.0780
-4.9926
-4.9491
-4.9896
-5.0808
-5.2033
-5.3866
-5.5969
-5.8074
-6.0218
-6.2458
-6.4555
-6.5997
-6.6765
-6.6948
-6.6947
-6.6910
-6.6946
-6.7001
-6.7111
-6.7221
-6.7623
-6.7971
-6.8300
-6.8630
-6.9052
-6.9712
-7.0540
-7.1699
-7.2972
-7.4101
-7.4808
-7.4998
-7.4579
-7.4028
-7.3624
-7.3184
-7.2653
-7.2618
-7.3285
-7.4532
-7.5930
-7.7735
-7.9546
-8.1141
-8.2366
-8.3420
-8.4140
-8.4285
-8.4124
-8.3500
-8.2782
-8.1740
-8.0906
-8.0129
-7.9206
-7.8281
-7.7354
-7.6908
-7.6537
-7.6317
-7.6317
-7.6503
-7.6934
-7.7197
-7.7741
-7.8720
-8.0146
-8.1825
-8.3456
-8.4479
-8.5151
-8.5829
-8.6919
-8.8459
-8.9570
-8.9982
-8.9339
-8.7688
-8.5883
-8.4333
-8.3286
-8.2776
-8.2482
-8.2238
-8.1768
-8.1171
-8.1060
-8.1187
-8.1430
-8.1696
-8.1021
-7.9101
-7.5979
-7.2122
-6.8280
-6.4335
-6.0575
-5.7114
-5.3526
-5.0022
-4.6313
-4.2504
-3.9333
-3.7167
-3.6520
-3.7340
-4.0040
-4.3953
-4.8492
-5.3500
-5.8572
-6.3505
-6.8368
-7.2468
-7.5617
-7.7227
-7.7517
-7.6267
-7.4962
-7.4354
-7.4497
-7.4714
-7.4894
-7.5200
-7.5469
-7.5901
-7.6261
-7.6493
-7.6565
-7.6274
-7.6086
-7.6153
-7.6257
-7.6341
-7.5846
-7.4970
-7.3731
-7.2255
-7.0980
-7.0052
-6.9780
-7.0197
-7.0924
-7.1506
-7.1688
-7.1762
-7.1636
-7.1764
-7.1983
-7.2350
-7.2753
-7.3047
-7.3178
-7.2565
-7.1476
-7.0784
-7.0183
-6.9344
-6.8230
-6.7242
-6.6382
-6.5943
-6.5887
-6.5759
-6.5450
-6.5014
-6.4451
-6.4016
-6.3908
-6.3908
-6.3981
-6.4035
-6.4090
-6.4253
-6.4435
-6.4545
-6.4617
-6.4690
-6.4763
-6.4873
-6.5129
-6.5386
-6.5535
-6.5592
-6.5216
-6.4731
-6.4570
-6.4554
-6.4628
-6.4520
-6.4612
-6.4649
-6.4649
-6.4612
-6.4881
-6.5383
-6.5541
-6.5901
-6.6369
-6.7090
-6.8210
-6.9221
-7.0124
-7.0920
-7.1446
-7.1863
-7.2189
-7.2407
-7.2679
-7.2861
-7.3260
-7.3896
-7.4352
-7.5367
-7.7072
-7.9326
-8.1876
-8.4737
-8.7752
-9.0336
-9.2136
-9.3215
-9.3277
-9.2197
-9.0463
-8.9233
-8.8724
-8.8931
-8.9885
-9.0821
-9.1668
-9.2419
-9.3008
-9.3379
-9.3602
-9.4166
-9.5095
-9.6366
-9.7623
-9.8845
-10.0253
-10.1703
-10.2845
-10.3804
-10.4793
-10.6016
-10.6998
-10.8101
-10.8993
-10.9531
-10.9947
-11.0622
-11.1305
-11.1970
-11.2601
-11.3346
-11.3827
-11.4217
-11.4663
-11.5259
-11.6245
-11.7631
-11.9362
-12.1558
-12.3987
-12.6627
-12.9331
-13.1820
-13.4278
-13.6509
-13.8175
-13.9482
-14.0130
-13.9964
-13.9675
-13.9361
-13.9062
-13.8358
-13.7097
-13.4500
-13.1702
-12.9844
-12.9258
-13.0080
-13.1044
-13.1441
-13.1549
-13.1490
-13.1490
-13.1490
-13.1490
-13.1490
-13.1480
-13.1272
-13.1171
-13.1208
-13.1325
-13.1325
-13.1325
-13.1325
-13.1325
-13.1290
-13.1080
-13.0978
-13.0669
-12.9660
-12.7753
-12.5105
-12.0749
-11.4926
-10.7405
-9.8969
-9.0219
-8.2356
-7.5539
-7.0533
-6.7374
-6.4805
-6.2040
-5.8579
-5.4596
-5.1477
-4.9800
-5.0497
-5.2928
-5.6365
-6.0497
-6.4779
-6.8731
-7.2297
-7.5275
-7.7519
-7.9441
-8.0663
-8.1045
-8.0857
-7.9607
-7.7725
-7.5764
-7.4070
-7.2809
-7.1443
-7.0116
-6.9139
-6.8935
-6.9535
-7.1247
-7.4135
-7.7960
-8.1480
-8.4395
-8.6865
-8.9166
-9.1725
-9.4095
-9.5878
-9.6875
-9.6788
-9.5654
-9.4224
-9.3013
-9.2051
-9.1831
-9.1831
-9.1795
-9.1359
-9.0616
-8.9353
-8.7964
-8.6716
-8.5511
-8.4362
-8.3159
-8.2473
-8.2311
-8.2332
-8.2713
-8.3395
-8.4026
-8.4408
-8.4660
-8.5085
-8.5190
-8.4940
-8.4412
-8.4385
-8.4347
-8.4956
-8.5457
-8.5705
-8.5773
-8.6177
-8.7236
-8.8580
-8.9905
-9.1278
-9.2331
-9.3206
-9.3940
-9.4735
-9.5417
-9.6475
-9.7906
-9.9634
-10.1210
-10.2799
-10.4240
-10.5371
-10.6474
-10.7416
-10.7966
-10.8011
-10.8079
-10.8272
-10.8693
-10.9361
-11.0231
-11.1128
-11.2033
-11.2848
-11.4039
-11.4933
-11.5500
-11.5884
-11.6158
-11.6351
-11.6865
-11.7758
-11.8947
-12.0180
-12.1449
-12.2459
-12.3382
-12.4031
-12.4497
-12.4943
-12.5299
-12.5978
-12.6772
-12.7659
-12.8795
-13.0161
-13.1727
-13.3275
-13.4676
-13.6056
-13.7103
-13.8081
-13.8945
-13.9684
-14.0297
-14.0874
-14.1556
-14.2368
-14.3249
-14.4270
-14.5629
-14.6944
-14.8258
-14.9538
-15.0682
-15.1651
-15.2335
-15.2869
-15.3250
-15.3584
-15.3702
-15.3944
-15.4112
-15.4446
-15.5232
-15.6378
-15.7599
-15.8865
-16.0268
-16.1888
-16.3686
-16.5514
-16.7285
-16.8788
-16.9779
-17.0603
-17.0969
-17.1034
-17.1067
-17.1102
-17.1613
-17.2072
-17.2840
-17.3733
-17.4695
-17.5523
-17.6159
-17.6710
-17.7142
-17.7666
-17.8391
-17.8982
-17.9409
-17.9712
-17.9620
-17.9575
-17.9149
-17.8681
-17.8119
-17.7639
-17.6804
-17.6276
-17.5936
-17.5388
-17.4467
-17.3629
-17.2798
-17.2092
-17.1545
-17.1512
-17.1810
-17.2445
-17.3436
-17.4010
-17.3734
-17.2563
-17.0883
-16.9213
-16.7834
-16.6919
-16.6334
-16.6012
-16.6012
-16.6417
-16.7661
-16.9573
-17.1917
-17.4861
-17.8004
-18.1261
-18.4254
-18.6754
-18.8675
-19.0052
-19.0558
-19.0617
-19.0585
-19.0554
-19.0554
-19.0672
-19.0607
-19.0607
-19.0753
-19.1196
-19.1907
-19.2917
-19.4040
-19.5467
-19.7227
-19.9142
-20.1031
-20.3074
-20.5125
-20.6973
-20.8427
-20.9580
-21.0491
-21.1260
-21.1573
-21.1946
-21.2568
-21.3256
-21.4341
-21.5549
-21.7018
-21.8558
-21.9957
-22.0985
-22.1577
-22.2046
-22.2321
-22.2558
-22.2728
-22.2873
-22.3210
-22.3541
-22.3840
-22.4351
-22.4949
-22.5638
-22.6418
-22.7162
-22.7810
-22.8211
-22.8365
-22.8494
-22.8973
-22.9828
-23.1244
-23.3290
-23.5522
-23.7718
-23.9726
-24.1555
-24.3233
-24.4792
-24.5754
-24.6141
-24.6141
-24.5697
-24.5257
-24.5068
-24.4876
-24.4813
-24.4813
-24.4750
-24.4247
-24.2567
-23.9643
-23.5426
-23.0059
-22.3399
-21.5331
-20.5608
-19.4938
-18.4303
-17.4848
-16.6562
-15.9536
-15.2930
-14.6605
-14.1237
-13.6694
-13.3397
-13.1733
-13.1004
-13.1147
-13.1952
-13.3573
-13.5547
-13.7527
-13.9052
-14.0005
-14.0147
-13.9709
-13.8188
-13.6206
-13.3879
-13.1680
-12.9911
-12.8937
-12.8483
-12.8511
-12.8453
-12.8356
-12.8831
-12.9662
-13.0972
-13.2611
-13.4227
-13.5898
-13.7688
-13.9767
-14.1803
-14.3903
-14.5578
-14.6721
-14.7863
-14.8706
-14.9303
-14.9196
-14.9001
-14.8981
-14.8958
-14.9062
-14.9119
-14.9461
-14.9861
-15.0267
-15.1174
-15.2493
-15.4137
-15.5858
-15.7664
-15.9426
-16.1342
-16.3029
-16.4428
-16.5545
-16.6457
-16.7133
-16.7760
-16.8250
-16.8994
-17.0018
-17.1168
-17.2332
-17.3692
-17.5276
-17.7193
-17.9106
-18.1174
-18.3273
-18.5267
-18.6788
-18.7753
-18.8261
-18.8812
-18.9240
-18.9800
-19.0353
-19.1036
-19.1877
-19.2790
-19.3546
-19.4339
-19.5591
-19.7077
-19.8709
-20.0800
-20.3311
-20.5903
-20.8253
-21.0368
-21.2243
-21.3835
-21.4800
-21.5160
-21.5280
-21.5280
-21.5311
-21.5463
-21.6194
-21.7350
-21.8466
-21.9463
-22.0710
-22.2329
-22.3922
-22.5494
-22.7382
-22.9551
-23.1473
-23.3207
-23.4531
-23.5327
-23.5604
-23.5701
-23.5873
-23.6112
-23.6378
-23.6547
-23.6721
-23.7298
-23.7746
-23.7976
-23.8080
-23.8243
-23.8491
-23.8613
-23.8738
-23.8895
-23.9122
-23.9564
-24.0187
-24.1153
-24.2433
-24.3780
-24.5153
-24.6555
-24.7898
-24.9025
-24.9690
-25.0081
-25.0538
-25.1146
-25.2060
-25.3252
-25.4816
-25.6597
-25.8502
-26.0812
-26.3037
-26.5074
-26.7070
-26.9112
-27.0907
-27.2171
-27.2808
-27.3295
-27.3539
-27.3659
-27.3854
-27.4087
-27.4209
-27.4453
-27.4789
-27.5154
-27.5339
-27.5403
-27.5433
-27.5433
-27.5433
-27.5555
-27.5767
-27.5859
-27.5889
-27.5825
-27.6010
-27.6167
-27.6475
-27.6871
-27.7542
-27.8214
-27.8803
-27.9365
-27.9837
-28.0176
-28.0722
-28.1184
-28.1289
-28.1317
-28.1578
-28.1804
-28.1973
-28.2057
-28.2221
-28.2387
-28.2493
-28.2563
-28.2813
-28.2914
-28.2810
-28.2528
-28.2528
-28.2552
-28.2461
-28.2057
-28.1579
-28.0805
-27.9972
-27.8993
-27.8164
-27.7336
-27.6814
-27.6448
-27.6176
-27.6176
-27.6116
-27.5996
-27.5722
-27.5631
-27.5631
-27.5631
-27.5631
-27.5631
-27.5845
-27.5848
-27.5882
-27.5941
-27.6063
-27.6184
-27.6338
-27.6465
-27.6624
-27.6839
-27.6871
-27.6901
-27.6965
-27.6967
-27.6999
-27.7002
-27.7062
-27.7039
-27.6987
-27.7016
-27.6989
-27.6962
-27.6962
-27.6934
-27.6934
-27.6937
-27.6939
-27.6939
-27.6912
-27.6914
-27.6917
-27.6917
-27.6917
-27.6976
-27.7013
-27.7045
-27.7080
-27.7206
-27.7330
-27.7397
-27.7491
-27.7645
-27.7774
-27.7991
-27.8355
-27.8689
-27.8876
-27.9059
-27.9326
-27.9543
-27.9765
-27.9984
-28.0289
-28.0659
-28.0937
-28.1090
-28.1124
-28.1370
-28.1744
-28.2121
-28.2258
-28.2418
-28.2477
-28.2477
-28.2536
-28.2597
-28.2688
-28.2784
-28.3035
-28.3350
-28.3576
-28.3678
-28.3780
-28.3885
-28.4324
-28.4523
-28.4652
-28.4690
-28.4722
-28.4695
-28.4761
-28.4860
-28.4959
-28.5002
-28.5099
-28.5138
-28.5201
-28.5235
-28.5241
-28.5363
-28.5401
-28.5469
-28.5532
-28.5498
-28.5620
-28.5689
-28.5898
-28.6139
-28.6392
-28.6739
-28.7171
-28.7693
-28.8336
-28.8985
-28.9518
-29.0127
-29.0811
-29.1426
-29.1862
-29.2025
-29.1987
-29.1952
-29.1890
-29.1890
-29.1733
-29.1485
-29.1194
-29.0691
-29.0123
-28.9460
-28.8626
-28.8173
-28.7997
-28.8101
-28.8230
-28.8434
-28.8440
-28.8491
-28.9036
-28.9685
-29.0400
-29.0784
-29.1044
-29.1072
-29.1011
-29.0716
-29.0208
-28.9644
-28.8991
-28.8215
-28.7456
-28.6565
-28.5293
-28.3896
-28.2505
-28.1253
-28.0292
-27.9595
-27.9119
-27.9204
-27.9737
-28.0446
-28.1140
-28.1830
-28.2403
-28.2488
-28.2406
-28.2246
-28.2238
-28.2287
-28.2195
-28.2135
-28.1982
-28.2036
-28.1976
-28.2081
-28.2100
-28.1922
-28.1743
-28.1531
-28.1228
-28.1012
-28.0675
-28.0161
-27.9314
-27.8206
-27.6728
-27.5165
-27.3836
-27.2477
-27.1294
-27.0199
-26.9481
-26.9462
-26.9759
-27.0227
-27.0674
-27.0822
-27.0827
-27.0737
-27.0610
-27.0485
-27.0045
-26.9292
-26.8254
-26.7247
-26.6269
-26.5352
-26.4439
-26.3613
-26.2929
-26.2100
-26.0846
-25.9335
-25.7625
-25.5769
-25.3801
-25.1720
-24.9839
-24.8102
-24.6513
-24.5096
-24.3765
-24.2858
-24.1981
-24.1307
-24.1055
-24.1058
-24.1142
-24.1143
-24.1143
-24.1143
-24.1144
-24.1172
-24.1199
-24.1250
-24.1272
-24.0960
-24.0224
-23.9319
-23.8246
-23.6668
-23.4980
-23.2905
-23.0697
-22.8524
-22.6746
-22.5360
-22.4503
-22.4200
-22.4174
-22.4203
-22.4203
-22.4203
-22.4120
-22.4038
-22.3903
-22.3796
-22.3772
-22.3805
-22.3697
-22.3618
-22.3817
-22.3846
-22.3791
-22.3735
-22.3652
-22.3375
-22.2987
-22.2877
-22.2824
-22.2659
-22.2576
-22.2522
-22.2384
-22.2274
-22.2248
-22.2165
-22.2026
-22.1972
-22.1946
-22.1781
-22.1586
-22.1504
-22.1477
-22.1337
-22.1281
-22.1281
-22.1281
-22.1281
-22.1309
-22.1199
-22.0894
-22.0449
-21.9504
-21.8229
-21.6679
-21.4909
-21.3118
-21.1250
-20.9496
-20.7849
-20.6449
-20.5409
-20.4777
-20.4529
-20.4501
-20.4501
-20.4501
-20.4501
-20.4363
-20.3928
-20.3382
-20.2727
-20.2097
-20.1574
-20.0972
-20.0151
-19.9114
-19.8024
-19.7099
-19.6146
-19.5331
-19.4602
-19.3896
-19.3215
-19.2728
-19.1993
-19.0912
-18.9557
-18.8212
-18.6623
-18.4925
-18.2862
-18.0396
-17.7610
-17.4588
-17.1788
-16.9191
-16.6733
-16.4473
-16.2633
-16.1336
-16.0411
-15.9834
-15.9730
-15.9730
-15.9671
-15.9641
-15.9500
-15.9449
-15.9234
-15.8834
-15.8457
-15.7865
-15.7325
-15.6733
-15.6090
-15.5447
-15.4855
-15.4448
-15.4152
-15.3968
-15.3686
-15.3463
-15.3108
-15.2834
-15.2427
-15.2003
-15.1387
-15.0770
-15.0183
-14.9617
-14.9103
-14.8382
-14.7661
-14.6602
-14.5113
-14.3299
-14.0937
-13.8711
-13.6650
-13.4815
-13.3256
-13.1647
-13.0141
-12.8558
-12.6878
-12.5098
-12.3260
-12.1423
-11.9781
-11.8339
-11.7330
-11.6639
-11.6269
-11.5961
-11.5492
-11.5183
-11.5011
-11.4980
-11.4949
-11.4857
-11.4469
-11.3766
-11.3008
-11.2393
-11.1811
-11.1133
-11.0235
-10.9241
-10.8370
-10.7530
-10.6840
-10.6267
-10.5900
-10.5644
-10.5644
-10.5644
-10.5595
-10.5595
-10.5532
-10.5439
-10.5363
-10.5418
-10.5367
-10.4992
-10.4553
-10.4052
-10.3489
-10.3289
-10.3215
-10.3064
-10.2918
-10.2706
-10.2189
-10.1531
-10.0967
-10.0402
-9.9803
-9.9171
-9.8380
-9.7362
-9.6165
-9.5161
-9.4579
-9.3884
-9.3123
-9.2424
-9.1757
-9.0766
-8.9851
-8.9112
-8.8470
-8.7858
-8.7407
-8.7020
-8.6533
-8.5933
-8.5252
-8.4555
-8.3744
-8.2752
-8.1824
-8.0977
-8.0227
-7.9361
-7.8379
-7.7509
-7.6968
-7.6574
-7.6309
-7.6175
-7.6142
-7.6142
-7.6108
-7.6008
-7.5875
-7.5808
-7.5674
-7.5510
-7.5477
-7.5245
-7.4684
-7.4041
-7.3217
-7.1993
-7.0536
-6.8762
-6.6553
-6.3983
-6.1092
-5.8231
-5.5498
-5.3487
-5.2101
-5.1492
-5.1245
-5.1195
-5.1081
-5.1081
-5.1081
-5.0933
-5.0786
-5.0635
-5.0552
-5.0286
-5.0049
-4.9759
-4.9438
-4.9005
-4.8517
-4.7824
-4.6955
-4.6057
-4.5242
-4.4608
-4.4002
-4.3550
-4.2993
-4.2485
-4.2012
-4.1409
-4.0625
-3.9833
-3.9105
-3.8696
-3.8285
-3.7978
-3.7705
-3.7570
-3.7685
-3.7688
-3.7463
-3.7257
-3.6843
-3.6326
-3.5915
-3.5524
-3.4821
-3.3899
-3.3153
-3.2496
-3.1542
-3.0398
-2.9140
-2.7943
-2.6636
-2.5369
-2.4397
-2.3923
-2.3942
-2.4457
-2.5179
-2.5986
-2.6907
-2.8160
-2.9310
-3.0233
-3.1163
-3.2429
-3.3537
-3.4568
-3.5779
-3.6955
-3.8049
-3.9244
-4.0527
-4.1696
-4.2894
-4.3930
-4.4777
-4.5332
-4.5701
-4.5597
-4.5284
-4.5073
-4.4967
-4.5067
-4.5043
-4.3785
-4.1157
-3.7874
-3.4303
-3.0806
-2.7528
-2.4178
-2.0349
-1.6441
-1.3823
-1.2961
-1.3870
-1.6111
-1.9216
-2.2573
-2.5905
-2.9221
-3.3036
-3.7845
-4.2740
-4.7536
-5.1708
-5.3967
-5.4491
-5.3635
-5.2600
-5.2616
-5.4372
-5.7536
-6.1605
-6.5143
-6.7973
-7.0191
-7.2182
-7.4315
-7.6789
-7.8915
-8.0964
-8.2918
-8.4969
-8.7454
-9.0015
-9.2330
-9.3954
-9.4468
-9.3995
-9.2857
-9.2002
-9.1471
-9.1334
-9.1979
-9.2661
-9.3589
-9.4830
-9.6073
-9.7073
-9.8276
-9.9580
-10.1018
-10.2726
-10.4564
-10.6430
-10.8000
-10.9558
-11.1206
-11.2164
-11.2397
-11.1764
-11.0368
-10.8737
-10.7146
-10.5945
-10.4798
-10.3766
-10.3184
-10.2937
-10.2870
-10.2904
-10.2919
-10.2890
-10.2949
-10.3196
-10.3227
-10.3228
-10.2993
-10.2719
-10.2492
-10.2332
-10.1873
-10.1381
-10.0614
-9.9737
-9.8710
-9.7910
-9.7168
-9.6323
-9.5340
-9.4287
-9.3232
-9.2501
-9.1974
-9.1808
-9.1726
-9.1745
-9.1939
-9.2238
-9.2659
-9.3115
-9.3801
-9.4310
-9.4819
-9.5294
-9.6172
-9.7245
-9.8407
-9.9500
-10.0663
-10.1880
-10.3098
-10.4161
-10.5084
-10.5650
-10.5987
-10.6027
-10.6081
-10.6188
-10.6458
-10.6781
-10.7071
-10.7664
-10.8170
-10.8487
-10.8676
-10.8654
-10.8368
-10.7960
-10.7483
-10.6903
-10.6377
-10.5933
-10.5719
-10.5737
-10.5794
-10.6207
-10.6838
-10.7347
-10.8034
-10.9082
-11.0753
-11.3072
-11.5599
-11.8034
-12.0047
-12.1097
-12.1255
-12.0606
-11.9510
-11.8546
-11.7926
-11.7722
-11.7347
-11.7055
-11.6823
-11.6828
-11.6880
-11.7057
-11.7264
-11.7638
-11.8060
-11.8529
-11.9045
-11.9191
-11.8967
-11.8520
-11.8394
-11.8668
-11.8995
-11.9193
-11.9329
-11.9328
-11.9483
-11.9551
-11.9924
-12.0582
-12.1309
-12.1901
-12.2742
-12.3492
-12.4096
-12.4850
-12.5787
-12.6543
-12.7141
-12.7650
-12.7933
-12.8329
-12.8635
-12.8771
-12.8998
-12.8984
-12.8909
-12.9209
-12.9454
-13.0017
-13.0616
-13.1712
-13.2502
-13.3277
-13.4051
-13.4688
-13.5201
-13.5804
-13.6343
-13.6950
-13.7761
-13.8728
-13.9763
-14.0660
-14.1129
-14.1349
-14.1386
-14.1960
-14.3001
-14.4328
-14.6114
-14.8023
-14.9861
-15.1565
-15.3200
-15.4800
-15.6143
-15.7157
-15.8072
-15.8596
-15.8729
-15.8761
-15.8729
-15.8696
-15.8864
-15.9032
-15.9160
-15.9351
-15.9599
-16.0104
-16.0801
-16.1466
-16.2229
-16.2889
-16.3299
-16.3870
-16.4685
-16.5752
-16.6790
-16.8177
-16.9891
-17.1545
-17.3031
-17.4590
-17.5979
-17.6910
-17.7408
-17.7523
-17.7557
-17.7559
-17.7617
-17.7674
-17.7740
-17.7772
-17.7928
-17.8031
-17.8198
-17.8382
-17.8843
-17.9502
-18.0391
-18.1575
-18.3083
-18.4921
-18.7054
-18.9370
-19.1891
-19.4255
-19.5967
-19.6906
-19.7137
-19.7075
-19.7044
-19.7072
-19.7248
-19.7307
-19.7366
-19.7457
-19.7850
-19.8155
-19.8441
-19.8731
-19.8508
-19.7690
-19.6530
-19.5690
-19.5504
-19.5601
-19.5574
-19.5278
-19.4647
-19.3546
-19.2504
-19.1853
-19.1434
-19.0994
-19.0808
-19.0863
-19.0835
-19.0751
-19.0897
-19.1007
-19.1312
-19.1939
-19.3015
-19.4675
-19.6686
-19.8811
-20.0845
-20.2618
-20.3767
-20.4323
-20.4577
-20.4643
-20.4643
-20.4643
-20.4645
-20.4494
-20.4374
-20.4517
-20.4687
-20.4916
-20.5294
-20.5990
-20.6539
-20.7500
-20.8523
-20.9547
-21.0394
-21.1308
-21.2111
-21.2714
-21.3345
-21.3926
-21.4800
-21.5769
-21.7301
-21.9129
-22.1040
-22.3153
-22.4826
-22.6321
-22.7787
-22.8991
-22.9725
-23.0254
-23.0780
-23.1214
-23.1793
-23.2309
-23.2528
-23.2599
-23.2816
-23.3300
-23.4083
-23.4776
-23.5176
-23.5780
-23.6441
-23.7160
-23.7878
-23.8626
-23.9461
-24.0351
-24.1151
-24.2036
-24.2626
-24.3068
-24.3304
-24.3335
-24.3306
-24.3189
-24.3131
-24.3160
-24.3043
-24.2868
-24.2576
-24.2226
-24.1760
-24.1178
-24.0714
-24.0512
-24.0545
-24.0782
-24.1222
-24.1863
-24.2675
-24.3513
-24.4174
-24.4802
-24.4910
-24.4901
-24.4720
-24.4170
-24.3198
-24.1858
-24.0351
-23.8649
-23.6922
-23.5337
-23.4008
-23.3072
-23.1862
-23.0432
-22.8702
-22.7004
-22.5392
-22.4118
-22.3208
-22.2771
-22.2720
-22.2611
-22.2446
-22.2446
-22.2391
-22.2226
-22.1895
-22.1592
-22.0905
-21.9752
-21.8492
-21.7011
-21.5668
-21.4603
-21.3481
-21.2551
-21.1790
-21.1083
-21.0429
-20.9994
-20.9804
-20.9804
-20.9804
-20.9749
-20.9695
-20.9587
-20.9479
-20.9342
-20.9205
-20.9206
-20.9265
-20.9324
-20.9353
-20.9327
-20.9443
-20.9473
-20.9478
-20.9483
-20.9490
-20.9064
-20.8038
-20.6877
-20.5852
-20.5213
-20.4923
-20.4899
-20.4928
-20.4713
-20.4583
-20.4230
-20.4074
-20.3919
-20.3708
-20.3611
-20.3349
-20.2626
-20.1712
-20.0808
-19.9816
-19.8903
-19.8290
-19.8080
-19.8116
-19.8516
-19.9029
-19.9712
-20.0564
-20.1471
-20.2264
-20.3055
-20.3959
-20.4805
-20.5397
-20.5906
-20.6137
-20.6065
-20.5986
-20.5986
-20.5959
-20.5931
-20.5931
-20.5931
-20.5931
-20.5931
-20.5931
-20.5903
-20.5797
-20.5500
-20.5045
-20.4592
-20.4114
-20.3472
-20.2615
-20.1603
-20.0399
-19.9199
-19.8134
-19.7175
-19.6164
-19.5388
-19.4831
-19.4540
-19.4459
-19.4378
-19.4326
-19.4326
-19.3958
-19.3328
-19.2514
-19.1643
-19.0883
-19.0204
-18.9359
-18.8487
-18.7753
-18.6883
-18.5932
-18.4850
-18.3774
-18.2653
-18.1385
-18.0135
-17.8846
-17.7483
-17.6042
-17.4356
-17.2825
-17.1730
-17.0608
-16.9458
-16.8171
-16.6892
-16.5578
-16.4301
-16.3287
-16.2477
-16.2036
-16.1855
-16.1746
-16.1717
-16.1536
-16.1297
-16.0639
-15.9473
-15.7982
-15.6292
-15.4496
-15.3040
-15.1815
-15.0849
-14.9905
-14.9169
-14.8674
-14.8021
-14.7439
-14.6815
-14.6259
-14.5715
-14.5219
-14.4524
-14.3382
-14.1504
-13.9088
-13.6365
-13.3317
-13.0187
-12.6861
-12.3815
-12.1389
-11.9363
-11.7947
-11.7062
-11.6856
-11.6856
-11.6698
-11.6154
-11.5761
-11.5278
-11.4643
-11.3977
-11.3231
-11.2605
-11.2272
-11.1999
-11.1816
-11.1542
-11.1299
-11.1086
-11.1032
-11.0821
-11.0608
-11.0493
-11.0964
-11.1702
-11.2630
-11.3609
-11.4117
-11.4271
-11.3873
-11.3170
-11.2265
-11.1236
-11.0100
-10.9120
-10.8473
-10.7851
-10.7069
-10.6106
-10.5301
-10.4682
-10.4296
-10.4146
-10.4376
-10.5064
-10.6058
-10.7297
-10.8777
-11.0291
-11.1712
-11.3215
-11.4576
-11.5625
-11.6137
-11.6237
-11.6287
-11.6287
-11.6256
-11.6225
-11.6194
-11.6194
-11.6132
-11.6069
-11.5976
-11.5883
-11.5726
-11.5507
-11.5196
-11.4916
-11.4511
-11.3949
-11.3356
-11.2793
-11.2104
-11.1559
-11.0951
-11.0071
-10.9511
-10.9133
-10.8594
-10.8123
-10.8025
-10.8021
-10.8026
-10.7860
-10.7766
-10.7734
-10.7734
-10.7784
-10.7784
-10.7784
-10.7835
-10.7885
-10.7853
-10.7726
-10.7567
-10.7440
-10.7282
-10.7028
-10.6678
-10.6361
-10.5980
-10.5439
-10.4737
-10.4018
-10.3348
-10.2467
-10.1292
-10.0500
-9.9773
-9.9291
-9.8937
-9.8776
-9.8615
-9.8487
-9.8372
-9.8372
-9.8179
-9.7803
-9.7506
-9.7344
-9.7021
-9.6763
-9.6440
-9.5890
-9.5110
-9.4183
-9.3222
-9.2346
-9.1436
-9.0525
-8.9579
-8.8566
-8.7618
-8.6864
-8.6339
-8.6011
-8.5847
-8.5864
-8.5881
-8.5881
-8.5881
-8.5949
-8.6150
-8.6503
-8.6704
-8.6906
-8.6956
-8.7074
-8.6894
-8.6598
-8.6203
-8.5775
-8.5382
-8.4957
-8.4567
-8.4311
-8.3959
-8.3539
-8.3423
-8.3085
-8.2880
-8.2874
-8.3202
-8.3696
-8.4275
-8.4802
-8.5245
-8.5585
-8.5977
-8.6641
-8.7459
-8.8637
-8.9851
-9.1070
-9.2517
-9.3814
-9.4876
-9.5614
-9.5568
-9.3952
-9.0886
-8.5682
-7.8031
-6.8394
-5.7856
-4.7895
-3.9628
-3.4241
-3.0722
-2.8766
-2.7721
-2.7219
-2.7012
-2.7703
-2.8820
-3.0286
-3.2113
-3.4178
-3.6128
-3.7877
-3.9412
-4.0167
-4.0997
-4.1505
0.9073
