0.6945
0.6290
0.5292
0.4179
0.3295
0.2716
0.2520
0.2709
0.3218
0.3726
0.4373
0.4688
0.4724
0.4721
0.4744
0.4718
0.4728
0.4789
0.4799
0.4668
0.4575
0.4431
0.4543
0.4490
0.4743
0.4996
0.5144
0.5230
0.5111
0.4940
0.4819
0.4647
0.4256
0.3662
0.3119
0.2577
0.2076
0.1357
0.0676
-0.0005
-0.0622
-0.1099
-0.1716
-0.2347
-0.2849
-0.3392
-0.3924
-0.4635
-0.5579
-0.6448
-0.7213
-0.7708
-0.8062
-0.8247
-0.8380
-0.8499
-0.8731
-0.9116
-0.9539
-0.9808
-0.9805
-0.9777
-0.9777
-0.9777
-0.9877
-1.0052
-1.0111
-0.9673
-0.8939
-0.8051
-0.7164
-0.6162
-0.5056
-0.3782
-0.2610
-0.1951
-0.1434
-0.0955
-0.0426
0.0191
0.0511
0.0613
0.0471
-0.0057
-0.1188
-0.2997
-0.5658
-0.8328
-1.0270
-1.1546
-1.2273
-1.2538
-1.2982
-1.3489
-1.4061
-1.4533
-1.4984
-1.5276
-1.5356
-1.5427
-1.5828
-1.6411
-1.7315
-1.8169
-1.8986
-1.9762
-2.0447
-2.1257
-2.1978
-2.2364
-2.2458
-2.2165
-2.1716
-2.1228
-2.0664
-2.0431
-2.0368
-2.0559
-2.0931
-2.1548
-2.1987
-2.2503
-2.3275
-2.4267
-2.5387
-2.6864
-2.8048
-2.9103
-3.0031
-3.0702
-3.1523
-3.2187
-3.2980
-3.3993
-3.5150
-3.6541
-3.8297
-4.0289
-4.2410
-4.4367
-4.5962
-4.6979
-4.7799
-4.8618
-4.9599
-5.0746
-5.2478
-5.4624
-5.7008
-5.9543
-6.1640
-6.3467
-6.5237
-6.6883
-6.8507
-6.9968
-7.1358
-7.2896
-7.4470
-7.5879
-7.7345
-7.8885
-8.0443
-8.2039
-8.3783
-8.5363
-8.6649
-8.7697
-8.8378
-8.8856
-8.9443
-9.0161
-9.0787
-9.1505
-9.2223
-9.3109
-9.4362
-9.6245
-9.8575
-10.1365
-10.4345
-10.7054
-10.9300
-11.1043
-11.1936
-11.2192
-11.2263
-11.2226
-11.2297
-11.2609
-11.2907
-11.3262
-11.3837
-11.4433
-11.5065
-11.5811
-11.6628
-11.7395
-11.8365
-11.9354
-12.0471
-12.1645
-12.3155
-12.4459
-12.5855
-12.7054
-12.7676
-12.7999
-12.8185
-12.8654
-12.9388
-13.0600
-13.2393
-13.4743
-13.7457
-14.0181
-14.2308
-14.3736
-14.4270
-14.4329
-14.4401
-14.4721
-14.5754
-14.7503
-15.0115
-15.2834
-15.5371
-15.7305
-15.8669
-15.9369
-15.9951
-16.0630
-16.1579
-16.2974
-16.4904
-16.7388
-17.0099
-17.2621
-17.4814
-17.6786
-17.8364
-17.9523
-18.0365
-18.1168
-18.2032
-18.3072
-18.4521
-18.6785
-18.9826
-19.2721
-19.5348
-19.7431
-19.8688
-19.9312
-19.9379
-19.9465
-19.9942
-20.0595
-20.1541
-20.2603
-20.3829
-20.5760
-20.7676
-20.9516
-21.1200
-21.2858
-21.4600
-21.6453
-21.8531
-22.0526
-22.2641
-22.4851
-22.7092
-22.9291
-23.1534
-23.3520
-23.5184
-23.6459
-23.7485
-23.8475
-23.9430
-24.0386
-24.0935
-24.1449
-24.2051
-24.3027
-24.4039
-24.5149
-24.6012
-24.7052
-24.8122
-24.9318
-25.0607
-25.1861
-25.3083
-25.4146
-25.5165
-25.6087
-25.7033
-25.7729
-25.8425
-25.9148
-25.9964
-26.0593
-26.1069
-26.1478
-26.1919
-26.2357
-26.2795
-26.3292
-26.3760
-26.4412
-26.5301
-26.6253
-26.7328
-26.8285
-26.9239
-27.0133
-27.0999
-27.1743
-27.2452
-27.3517
-27.4643
-27.5743
-27.6925
-27.8137
-27.9654
-28.1312
-28.3055
-28.4976
-28.6546
-28.7721
-28.8556
-28.9274
-28.9719
-29.0283
-29.0845
-29.1348
-29.1790
-29.2203
-29.2796
-29.3359
-29.4092
-29.5185
-29.6396
-29.7718
-29.9155
-30.0735
-30.2194
-30.3447
-30.4398
-30.5172
-30.5918
-30.6431
-30.7176
-30.7871
-30.8188
-30.8290
-30.8381
-30.8570
-30.8762
-30.8924
-30.9193
-30.9275
-30.9150
-30.8812
-30.8346
-30.7937
-30.7809
-30.8163
-30.8351
-30.8246
-30.7834
-30.7150
-30.6654
-30.6246
-30.5752
-30.5429
-30.5426
-30.5294
-30.4661
-30.3552
-30.2385
-30.1513
-30.0855
-30.0550
-30.0501
-30.0459
-30.0439
-30.0412
-30.0584
-30.1041
-30.1727
-30.2327
-30.2857
-30.3459
-30.3702
-30.3734
-30.3593
-30.3216
-30.2703
-30.2024
-30.1382
-30.1002
-30.0916
-30.0840
-30.0710
-30.0384
-29.9942
-29.9376
-29.8773
-29.8172
-29.7768
-29.7482
-29.7327
-29.7315
-29.7549
-29.7700
-29.7742
-29.7272
-29.6326
-29.5037
-29.3529
-29.2201
-29.1107
-29.0417
-28.9841
-28.9465
-28.9033
-28.8428
-28.7683
-28.6737
-28.5540
-28.4239
-28.2745
-28.1013
-27.9003
-27.7289
-27.6086
-27.5164
-27.4492
-27.4106
-27.3998
-27.3998
-27.3998
-27.3776
-27.3556
-27.3279
-27.2812
-27.2176
-27.1180
-26.9821
-26.8271
-26.6361
-26.4087
-26.1793
-25.9366
-25.6636
-25.3962
-25.1404
-24.9065
-24.7305
-24.6153
-24.5496
-24.5361
-24.5362
-24.5391
-24.5117
-24.4570
-24.3804
-24.2682
-24.1149
-23.9344
-23.7102
-23.4398
-23.1177
-22.7851
-22.4776
-22.2139
-22.0236
-21.9120
-21.8821
-21.8739
-21.8739
-21.8223
-21.7081
-21.5426
-21.3312
-21.0738
-20.8089
-20.5329
-20.2601
-20.0230
-19.8015
-19.5636
-19.3175
-19.0229
-18.7068
-18.3585
-18.0250
-17.7302
-17.4838
-17.3165
-17.2067
-17.1448
-17.1139
-17.0698
-17.0234
-16.9520
-16.8666
-16.7724
-16.6650
-16.5569
-16.4599
-16.3637
-16.2763
-16.1810
-16.0623
-15.9356
-15.8019
-15.6632
-15.5318
-15.4098
-15.2739
-15.1320
-14.9863
-14.8236
-14.6639
-14.4941
-14.3144
-14.1336
-13.9328
-13.7482
-13.5907
-13.4574
-13.3210
-13.1886
-13.0469
-12.8973
-12.7187
-12.5401
-12.3645
-12.2272
-12.1170
-12.0246
-11.9482
-11.8639
-11.7839
-11.6959
-11.5920
-11.4725
-11.3487
-11.1946
-11.0098
-10.8073
-10.5889
-10.3770
-10.1909
-10.0336
-9.8937
-9.7632
-9.6389
-9.5273
-9.4396
-9.3711
-9.3106
-9.2454
-9.1467
-9.0049
-8.8362
-8.6706
-8.5034
-8.3522
-8.2041
-8.0592
-7.9063
-7.7631
-7.6198
-7.4971
-7.3827
-7.2884
-7.2198
-7.1371
-7.0560
-6.9746
-6.8935
-6.8059
-6.7057
-6.5673
-6.3789
-6.1479
-5.8560
-5.5390
-5.2096
-4.8756
-4.5417
-4.2354
-3.9598
-3.7410
-3.5686
-3.4302
-3.3122
-3.1861
-3.0587
-2.9165
-2.7787
-2.6376
-2.5303
-2.4229
-2.3191
-2.2108
-2.0934
-1.9487
-1.7782
-1.6034
-1.4297
-1.2752
-1.1180
-0.9531
-0.7671
-0.5835
-0.4178
-0.2509
-0.0991
0.0286
0.1308
0.2207
0.3135
0.3933
0.4751
0.5518
0.6203
0.7062
0.7953
0.8911
1.0117
1.1601
1.3125
1.4581
1.5899
1.7223
1.8303
1.9191
2.0020
2.0610
2.1059
2.1207
2.1402
2.1410
2.1472
2.1674
2.2206
2.2997
2.3884
2.4448
2.4816
2.4923
2.4850
2.4979
2.5245
2.5614
2.6037
2.6165
2.6049
2.5742
2.5245
2.4648
2.3968
2.3077
2.2094
2.1062
1.9898
1.8461
1.6914
1.5128
1.3262
1.1240
0.9292
0.7425
0.6073
0.5200
0.4666
0.4595
0.4687
0.4932
0.5131
0.5262
0.5488
0.5818
0.6321
0.7017
0.8011
0.9216
1.0484
1.1479
1.2021
1.2206
1.2265
1.2308
1.2581
1.3229
1.4574
1.6796
1.9890
2.3664
2.7079
2.9751
3.1813
3.3070
3.3855
3.4116
3.3990
3.3555
3.3122
3.2649
3.2267
3.1938
3.1671
3.1220
3.0705
3.0342
3.0535
3.0877
3.0941
3.0583
3.0218
2.9570
2.8750
2.7580
2.6880
2.6155
2.4968
2.3741
2.2370
2.0904
1.9737
