-6.5639
-6.7781
-7.0559
-7.3692
-7.6666
-7.9464
-8.2034
-8.3638
-8.4021
-8.3664
-8.3020
-8.2436
-8.1944
-8.1905
-8.2156
-8.2371
-8.2405
-8.2256
-8.1730
-8.1168
-8.0608
-8.0425
-8.0764
-8.1193
-8.1926
-8.2943
-8.4119
-8.5363
-8.6423
-8.7106
-8.7909
-8.8727
-8.9491
-9.0342
-9.1106
-9.2115
-9.3230
-9.4484
-9.5526
-9.6197
-9.6287
-9.5977
-9.5597
-9.5429
-9.5367
-9.5517
-9.5564
-9.5330
-9.4746
-9.3707
-9.2618
-9.1775
-9.1108
-9.0635
-9.0178
-8.9393
-8.8503
-8.7632
-8.7006
-8.6484
-8.6016
-8.5843
-8.6000
-8.6295
-8.6747
-8.7042
-8.7389
-8.7839
-8.8048
-8.8326
-8.8725
-8.9193
-8.9799
-9.0423
-9.1012
-9.1688
-9.2192
-9.2696
-9.3200
-9.3790
-9.4174
-9.4436
-9.4663
-9.4926
-9.5224
-9.5919
-9.6527
-9.6981
-9.7228
-9.7475
-9.7672
-9.8072
-9.8456
-9.9047
-9.9449
-9.9506
-9.9407
-9.9137
-9.8956
-9.9071
-9.9310
-9.9619
-10.0028
-10.0490
-10.1123
-10.1822
-10.2606
-10.3235
-10.3912
-10.4677
-10.5533
-10.6439
-10.7345
-10.8116
-10.9026
-11.0115
-11.1175
-11.2145
-11.2850
-11.3416
-11.4001
-11.4533
-11.5031
-11.5336
-11.5743
-11.6233
-11.6815
-11.7504
-11.8383
-11.9155
-11.9820
-12.0330
-12.0948
-12.1882
-12.3051
-12.4512
-12.5980
-12.7456
-12.9143
-13.1020
-13.3467
-13.6006
-13.8505
-14.0897
-14.2994
-14.4487
-14.5454
-14.5916
-14.6126
-14.6315
-14.6559
-14.6935
-14.7684
-14.8820
-15.0408
-15.2349
-15.4535
-15.7074
-15.9617
-16.1814
-16.3708
-16.5203
-16.6804
-16.8535
-17.0377
-17.2326
-17.4164
-17.5992
-17.7289
-17.8374
-17.9312
-17.9959
-18.0569
-18.0956
-18.1277
-18.1438
-18.1567
-18.1825
-18.2235
-18.2965
-18.3934
-18.5112
-18.6376
-18.7640
-18.8871
-18.9887
-19.0950
-19.2067
-19.3157
-19.4403
-19.6010
-19.7873
-19.9482
-20.0851
-20.1794
-20.2645
-20.3731
-20.4918
-20.6184
-20.7642
-20.8982
-21.0206
-21.1082
-21.1545
-21.1887
-21.2136
-21.2387
-21.2678
-21.3356
-21.4188
-21.4876
-21.5567
-21.6342
-21.7291
-21.8296
-21.9271
-22.0155
-22.1127
-22.2005
-22.2969
-22.3842
-22.4593
-22.5287
-22.5690
-22.5684
-22.5279
-22.4872
-22.4605
-22.4452
-22.4445
-22.4296
-22.3864
-22.3034
-22.1951
-22.0893
-21.9863
-21.9035
-21.8211
-21.7384
-21.6425
-21.5382
-21.4230
-21.3080
-21.1795
-21.0483
-20.9258
-20.8141
-20.7365
-20.6779
-20.6388
-20.6017
-20.5428
-20.4782
-20.3889
-20.3023
-20.2192
-20.1448
-20.0645
-19.9793
-19.8882
-19.7943
-19.7029
-19.6338
-19.5840
-19.5312
-19.4485
-19.3193
-19.1789
-19.0441
-18.9250
-18.8471
-18.7853
-18.7205
-18.6422
-18.5692
-18.4969
-18.4081
-18.3004
-18.1663
-18.0211
-17.8851
-17.7711
-17.6535
-17.5497
-17.4647
-17.3767
-17.2777
-17.1787
-17.0664
-16.9490
-16.7830
-16.5905
-16.3459
-16.1078
-15.8886
-15.6792
-15.5204
-15.3721
-15.2668
-15.1606
-15.0411
-14.9186
-14.7859
-14.6225
-14.4070
-14.1303
-13.8230
-13.4853
-13.1674
-12.8893
-12.6904
-12.5581
-12.4848
-12.4164
-12.3542
-12.2770
-12.2060
-12.1399
-12.0723
-12.0015
-11.9414
-11.8656
-11.7506
-11.6211
-11.4682
-11.2878
-11.1123
-10.9549
-10.7960
-10.6661
-10.5538
-10.4393
-10.3195
-10.1925
-10.0525
-9.9207
-9.7953
-9.6815
-9.5642
-9.4534
-9.3556
-9.2693
-9.1814
-9.1033
-9.0466
-8.9781
-8.9062
-8.8376
-8.7888
-8.7234
-8.6546
-8.5860
-8.5172
-8.4449
-8.3726
-8.3099
-8.2373
-8.1848
-8.1517
-8.1270
-8.1076
-8.1130
-8.1215
-8.1435
-8.1570
-8.1503
-8.1387
-8.1304
-8.1288
-8.1474
-8.1945
-8.2703
-8.3528
-8.4404
-8.5415
-8.6445
-8.7374
-8.8238
-8.9320
-9.0469
-9.1517
-9.2415
-9.3465
-9.4587
-9.5541
-9.6006
-9.6082
-9.6105
-9.6113
-9.6426
-3.7687
