6.2101
6.1989
6.1826
6.1467
6.1000
6.0286
5.9728
5.9209
6.0130
6.1139
6.2859
6.4268
6.5239
6.5112
6.4692
6.3742
6.3191
6.2882
6.2532
6.2051
6.1392
6.0181
5.8737
5.7466
5.6820
5.6784
5.6982
5.7187
5.7267
5.7269
5.7347
5.7424
5.7424
5.7424
5.7501
5.7654
5.7846
5.7998
5.8030
5.8175
5.8396
5.8498
5.8357
5.7764
5.6882
5.6272
5.5818
5.6032
5.6723
5.7606
5.8353
5.8522
5.8195
5.7498
5.6866
5.6519
5.6765
5.7291
5.7957
5.8557
5.8614
5.7937
5.6705
5.5318
5.3825
5.2488
5.1612
5.1237
5.1040
5.0647
5.0156
4.9625
4.8837
4.7874
4.6561
4.5198
4.3825
4.2625
4.1510
4.0607
3.9875
3.9207
3.8637
3.7863
3.6817
3.5703
3.4611
3.3723
3.3253
3.3151
3.3090
3.3172
3.3122
3.2592
3.1308
2.9303
2.6455
2.2866
1.9383
1.6562
1.4814
1.4019
1.3670
1.3465
1.3364
1.2908
1.2487
1.2029
1.1521
1.1001
1.0504
0.9712
0.8653
0.7094
0.5089
0.2767
0.0700
-0.1037
-0.2378
-0.3542
-0.4513
-0.5446
-0.6814
-0.8261
-0.9694
-1.1279
-1.2863
-1.4298
-1.5770
-1.6950
-1.8003
-1.9071
-2.0224
-2.1659
-2.3020
-2.4045
-2.5033
-2.5910
-2.6696
-2.7370
-2.8163
-2.9226
-3.0283
-3.1393
-3.2497
-3.3661
-3.4923
-3.6026
-3.7060
-3.8307
-3.9675
-4.1112
-4.2481
-4.3601
-4.4339
-4.4970
-4.5565
-4.6112
-4.6637
-4.7252
-4.8270
-4.9518
-5.0622
-5.1545
-5.2125
-5.2630
-5.3101
-5.3683
-5.4731
-5.5943
-5.7533
-5.9449
-6.1491
-6.3246
-6.4931
-6.6689
-6.8429
-7.0006
-7.1150
-7.1896
-7.2771
-7.3738
-7.4995
-7.6487
-7.8359
-8.0195
-8.1844
-8.3544
-8.4831
-8.5832
-8.6524
-8.7197
-8.7708
-8.8201
-8.8911
-8.9348
-8.9734
-9.0302
-9.1249
-9.2905
-9.4709
-9.6475
-9.8200
-9.9947
-10.1368
-10.2471
-10.3649
-10.5061
-10.6790
-10.8901
-11.1652
-11.4739
-11.7738
-12.0290
-12.2255
-12.2901
-12.2722
-12.1780
-12.0750
-11.9282
-11.7699
-11.6178
-11.5708
-11.5815
-11.6371
-11.6444
-11.6165
-11.6073
-11.6283
-11.7071
-11.7930
-11.9028
-12.0166
-12.1547
-12.2853
-12.3622
-12.3744
-12.3844
-12.4125
-12.4602
-12.5017
-12.5741
-12.6507
-12.7251
-12.7838
-12.8244
-12.8503
-12.8650
-12.8966
-12.9791
-13.1232
-13.2745
-13.4034
-13.4683
-13.5024
-13.5390
-13.6009
-13.7094
-13.8476
-13.9629
-14.0564
-14.1019
-14.1369
-14.1933
-14.2825
-14.4576
-14.6854
-14.9889
-15.2825
-15.5210
-15.6981
-15.8220
-15.8961
-15.9429
-16.0127
-16.1042
-16.1979
-16.2831
-16.3627
-16.4810
-16.6134
-16.7454
-16.8519
-16.9415
-17.0472
-17.1443
-17.2410
-17.3275
-17.4283
-17.5081
-17.5518
-17.5813
-17.5871
-17.6203
-17.6837
-17.7728
-17.8729
-18.0039
-18.1792
-18.3842
-18.5840
-18.7713
-18.9259
-19.0287
-19.0673
-19.0673
-19.0963
-19.1315
-19.1792
-19.2357
-19.3014
-19.3895
-19.4701
-19.5436
-19.6218
-19.7193
-19.8392
-19.9717
-20.1033
-20.2151
-20.3184
-20.3915
-20.4599
-20.5448
-20.6331
-20.7257
-20.8017
-20.8767
-20.9468
-21.0327
-21.1183
-21.1940
-21.2657
-21.3333
-21.3856
-21.4284
-21.4599
-21.4883
-21.5162
-21.5346
-21.5439
-21.5470
-21.5972
-21.6922
-21.8107
-21.9393
-22.0450
-22.1694
-22.2860
-22.4124
-22.5211
-22.5936
-22.6316
-22.6619
-22.6795
-22.7000
-22.7090
-22.7183
-22.7399
-22.7764
-22.8187
-22.8674
-22.9196
-22.9663
-23.0338
-23.1132
-23.2101
-23.2919
-23.3616
-23.4072
-23.4587
-23.5216
-23.5931
-23.6615
-23.7421
-23.8290
-23.9099
-23.9821
-24.0630
-24.1323
-24.2106
-24.2653
-24.3463
-24.4422
-24.5502
-24.6694
-24.7972
-24.9130
-25.0138
-25.0738
-25.0931
-25.0737
-25.0447
-25.0097
-24.9718
-24.9309
-24.8931
-24.8560
-24.8375
-24.8368
-24.8423
-24.8327
-24.7992
-24.7650
-24.7162
-24.6920
-24.7004
-24.7167
-24.7415
-24.7812
-24.8294
-24.8682
-24.8892
-24.8898
-24.9027
-24.9242
-24.9514
-24.9761
-25.0213
-25.0754
-25.1182
-25.1373
-25.1068
-25.0647
-25.0810
-25.1499
-25.2443
-25.3132
-25.3063
-25.2406
-25.1023
-24.9610
-24.8602
-24.8373
-24.8459
-24.8634
-24.8694
-24.8640
-24.8645
-24.8682
-24.8602
-24.8119
-24.7665
-24.7155
-24.6678
-24.6291
-24.6138
-24.5982
-24.5997
-24.5838
-24.5248
-24.4224
-24.2593
-24.1107
-24.0081
-23.9514
-23.9407
-23.9523
-23.9552
-23.9580
-23.9580
-23.9666
-23.9756
-23.9795
-24.0033
-24.0387
-24.0420
-24.0052
-23.9051
-23.7881
-23.6799
-23.6122
-23.5875
-23.6056
-23.6263
-23.6410
-23.6095
-23.5379
-23.4549
-23.3837
-23.3617
-23.3769
-23.4008
-23.3961
-23.3108
-23.1455
-22.9230
-22.6976
-22.5352
-22.4587
-22.4566
-22.4772
-22.4463
-22.3096
-22.1013
-21.8532
-21.6368
-21.4950
-21.4446
-21.4141
-21.3290
-21.1866
-20.9988
-20.8336
-20.7252
-20.6710
-20.6568
-20.6511
-20.6454
-20.6285
-20.5886
-20.5116
-20.4261
-20.3038
-20.1217
-19.9110
-19.6943
-19.4836
-19.2841
-19.0732
-18.8735
-18.6715
-18.4755
-18.3129
-18.2184
-18.1784
-18.1353
-18.0523
-17.9228
-17.7329
-17.5402
-17.3954
-17.3063
-17.2491
-17.1984
-17.1377
-17.0314
-16.9191
-16.8027
-16.6826
-16.5631
-16.3901
-16.2218
-16.0355
-15.8596
-15.6860
-15.5403
-15.4241
-15.3326
-15.2249
-15.0707
-14.8685
-14.6408
-14.4449
-14.2831
-14.1236
-14.0097
-13.9291
-13.8717
-13.8291
-13.7727
-13.7217
-13.6385
-13.5267
-13.4172
-13.3077
-13.2099
-13.1313
-13.0718
-13.0017
-12.9285
-12.8436
-12.7566
-12.6686
-12.5775
-12.4822
-12.4134
-12.3657
-12.3149
-12.2748
-12.2220
-12.1448
-12.0561
-11.9662
-11.8647
-11.7560
-11.6344
-11.5193
-11.3906
-11.2789
-11.2399
-11.2399
-11.2496
-11.2348
-11.1958
-11.1600
-11.1075
-11.0075
-10.8907
-10.7708
-10.6509
-10.5180
-10.3799
-10.2737
-10.1947
-10.1391
-10.0685
-9.9726
-9.8534
-9.7071
-9.5287
-9.3356
-9.1594
-9.0150
-8.9326
-8.9191
-8.9158
-8.8874
-8.8085
-8.7129
-8.6140
-8.5152
-8.4015
-8.2622
-8.1097
-7.9605
-7.8516
-7.7493
-7.6220
-7.4796
-7.3020
-7.0893
-6.8665
-6.6771
-6.5196
-6.3653
-6.2047
-6.0160
-5.8092
-5.6357
-5.5391
-5.5259
-5.5259
-5.5259
-5.5009
-5.4509
-5.3760
-5.3128
-5.2561
-5.2129
-5.1713
-5.1263
-5.0647
-4.9948
-4.8985
-4.8053
-4.6924
-4.5777
-4.4664
-4.3966
-4.3751
-4.3751
-4.3717
-4.3614
-4.3344
-4.3178
-4.3012
-4.2929
-4.2813
-4.2466
-4.2101
-4.1571
-4.0708
-3.9845
-3.9149
-3.8618
-3.8004
-3.7391
-3.6592
-3.5831
-3.4707
-3.2962
-3.0494
-2.7359
-2.3765
-2.0055
-1.6813
-1.3901
-1.1488
-0.9790
-0.9176
-0.9139
-0.9206
-0.8955
-0.8204
-0.7406
-0.6535
-0.5569
-0.4544
-0.3303
-0.2074
-0.1311
-0.1096
-0.0895
-0.0613
0.0038
0.1020
0.2180
0.3339
0.4332
0.5219
0.6142
0.7278
0.8497
0.9895
1.1663
1.3456
1.5178
1.6676
1.7937
1.9438
2.0687
2.1580
2.2245
2.2483
2.2519
2.2555
2.2708
2.3135
2.3810
2.4512
2.5085
2.5419
2.6080
2.7274
2.9322
3.1644
3.4105
3.6781
3.9518
4.2334
4.4907
4.7153
4.9358
5.1379
5.2929
5.3879
5.4339
5.4524
5.4487
5.4413
5.4413
5.4413
5.4449
5.4447
5.4484
5.4713
5.4919
5.4948
5.5021
5.5357
5.6208
5.7354
5.8620
5.9853
6.1177
6.2615
6.3721
6.4333
6.4523
6.4558
6.4520
6.4789
6.5366
6.6212
6.7470
6.9049
7.1036
7.3430
7.6012
7.8482
8.0461
8.1800
8.2814
8.3614
8.4115
8.4153
8.3910
8.3750
8.3750
8.3750
8.3623
8.3359
8.3007
8.2954
8.2993
8.2805
8.2399
8.1557
8.0721
7.9814
7.9054
7.8673
7.8669
7.9132
7.9473
7.8899
7.7001
7.4179
7.1543
6.9415
6.7672
6.6130
6.4694
6.3173
6.1635
5.9837
5.7960
5.5913
5.3800
5.1518
4.8905
4.6154
4.4005
4.2469
4.1910
4.1815
4.1814
