43.55190034
43.6981357
43.86043151
43.95377278
44.03331118
44.1410651
44.25987239
44.3649427
44.46995535
44.5671982
44.63792999
44.66177646
44.67094647
44.68307442
44.68606099
44.6766459
44.65638034
44.65862325
44.64609713
44.6421888
44.64023521
44.63437675
44.62852174
44.60903004
44.57210184
44.56502043
44.54708236
44.50275541
44.47854904
44.47586849
44.46985986
44.42961439
44.38203459
44.35427923
44.32047464
44.2813694
44.24984077
44.22950105
44.21473877
44.20109221
44.20246213
44.19223402
44.17466012
44.18077422
44.18553168
44.14994237
44.13899202
44.11483624
44.08157778
44.08384676
44.10902343
44.10211023
44.10805157
44.14031434
44.11772308
44.09519457
44.11762619
44.13390498
44.1323031
44.16311727
44.21031977
44.20371945
44.1878362
44.22406537
44.26774712
44.27134154
44.26767372
44.26767372
44.27669552
44.28643585
44.2889101
44.30412934
44.32755987
44.32211556
44.31353699
44.31943057
44.30773256
44.30427224
44.31174453
44.31215644
44.29922001
44.28357936
44.27226951
44.2291775
44.159252
44.11362559
44.08642842
44.04320238
44.02931081
44.01914733
44.01082468
43.99833459
44.00998426
44.00663926
43.99416805
43.9766267
43.97564993
43.97637744
43.96686876
43.9221632
43.88912949
43.90181795
43.89629056
43.88783687
43.89253783
43.91134313
43.90632594
43.91169384
43.91652446
43.88633589
43.84979369
43.84636714
43.83454734
43.80805132
43.78623778
43.75829632
43.74414547
43.72596455
43.7402572
43.74981304
43.76903401
43.80080491
43.83091705
43.8450346
43.86061553
43.88414558
43.89958943
43.91326675
43.92033745
43.94200584
44.19080313
44.57224931
45.00165568
45.38354242
45.66944684
45.80450611
45.82414588
45.7870642
45.74528253
45.73573517
45.67748563
45.62240749
45.59117699
45.61527613
45.6232329
45.61841299
45.61202443
45.59948895
45.57655385
45.55899327
45.54947746
45.51814316
45.48194327
45.47811613
45.49012092
45.4698125
45.45502163
45.47191019
45.46805273
45.45847528
45.46306386
45.45695761
45.41806306
45.36121197
45.34372612
45.31524233
45.23943818
45.15087761
45.08305171
45.00543942
44.91552644
44.84153401
44.80154572
44.79699327
44.8079608
44.83199061
44.85660261
44.86077864
44.85916161
44.85464242
44.84835246
44.82998637
44.8342519
44.83647129
44.79201967
44.77053767
44.78392886
44.75829358
44.71107348
44.69663754
44.67358158
44.64104166
44.63810424
44.6633253
44.6590347
44.62539172
44.61576157
44.61214128
44.58637522
44.55046397
44.53969346
44.5513646
44.54732434
44.5512963
44.56966549
44.60242325
44.64843066
44.71361484
44.74550297
44.74274885
44.75698275
44.80615482
44.83303189
44.82133895
44.83129462
44.85751224
44.87620006
44.9192282
44.94964247
44.95998863
44.97180034
44.97696092
44.96329487
44.95764019
44.95309819
44.96824801
44.95958756
44.93489733
44.93883726
44.9540502
44.92486946
44.86853043
44.84368987
44.87806352
44.87859751
44.84777899
44.86659684
44.90296746
44.90065844
44.90958707
44.93696816
44.94167855
44.93575955
44.93690955
44.92526318
44.8957347
44.88066391
44.90673823
44.9373252
44.92419367
44.92688308
44.9305374
44.96730827
44.99091048
44.98467037
44.97064921
44.96371203
44.96636514
44.97071601
44.97452362
44.97278989
44.99062567
45.00707789
45.00709557
45.01304989
45.02023065
45.04079993
45.04591749
45.05569685
45.07237903
45.11692695
45.15027619
45.1738786
45.19772343
45.1963066
45.20684611
45.23887889
45.25338627
45.26691591
45.2763619
45.28463777
45.30000801
45.30660546
45.3041449
45.32539905
45.36088563
45.35499752
45.3716969
45.4260509
45.4883986
45.49645342
45.48683103
45.49878585
45.50251289
45.48886009
45.48912663
45.52155731
45.57269992
45.60157348
45.59722074
45.60842358
45.64804707
45.68845247
45.69748227
45.69294815
45.72625895
45.75690297
45.75606636
45.76204629
45.77606044
45.79291989
45.81239564
45.82151221
45.85333718
45.91004131
45.97148694
46.03475597
46.09382154
46.15314102
46.21234822
46.25720636
46.30910791
46.35965396
46.40343779
46.44149505
46.46177086
46.48014793
46.49767265
46.50789907
46.51814517
46.5494567
46.57362537
46.606191
46.64430414
46.66837509
46.68238246
46.69796131
46.72008199
46.76842273
46.80480372
46.85654019
46.91071316
46.95928095
47.03584708
47.111113
47.17627802
47.22695145
47.2756955
47.32035598
47.34664359
47.35589872
47.35589872
47.35803694
47.35661386
47.35733353
47.3601997
47.35951977
47.3681924
47.37201349
47.38163414
47.40504756
47.41753205
47.43224186
47.44351753
47.47057608
47.52090742
47.57801211
47.63189651
47.68704661
47.76047668
47.82973298
47.88595659
47.94710558
47.99717433
48.01371327
48.02336911
48.02822057
48.03539155
48.04388277
48.03698062
48.01833419
48.02941393
48.05921817
48.10191395
48.15801557
48.23070136
48.26728396
48.27336831
48.26532285
48.26449865
48.26449865
48.2660446
48.26752742
48.26588994
48.27545285
48.27485358
48.295793
48.33982798
48.38070479
48.42649315
48.46203816
48.4976787
48.52483302
48.57042065
48.59722673
48.62174567
48.64338779
48.67259793
48.70450112
48.72919562
48.75930696
48.79689245
48.82846147
48.86179105
48.91419048
48.98826336
49.07240492
49.1330416
49.17845
49.19425106
49.20956018
49.21731114
49.22691906
49.22691906
49.22691906
49.23012214
49.23332545
49.25254989
49.26838897
49.2816241
49.28559382
49.28370844
49.2865638
49.28155667
49.28781591
49.30211508
49.32817281
49.36480333
49.37332415
49.38407906
49.42687679
49.47581339
49.52277407
49.56762967
49.58943859
49.61795185
49.69478551
49.76699409
49.800918
49.83123362
49.89674081
49.97044088
50.02911972
50.07160557
50.12008678
50.15868433
50.16780776
50.18005488
50.22081937
50.25966872
50.29451969
50.34346934
50.40577243
50.43885824
50.43991917
50.46971696
50.5156446
50.55314508
50.60391552
50.64747332
50.67906385
50.72416222
50.74924186
50.77842406
50.79508185
50.8144858
50.82147347
50.80962063
50.81739348
50.81936718
50.83152262
50.86671815
50.91691067
50.94430047
50.96630989
51.00012104
50.97012373
50.9870381
50.97936098
50.99511636
51.01109356
51.02231217
51.02368396
51.01807006
51.01512739
51.01492242
50.99755409
51.0024417
51.00655671
51.03536948
51.07052464
51.10212249
51.13130553
51.15360198
51.18210033
51.20666707
51.20381175
51.21279829
51.20955844
51.2048457
51.20064699
51.19924927
51.19924927
51.19645661
51.18909694
51.18949121
51.19584922
51.19584922
51.19445995
51.19029772
51.18673775
51.18062406
51.20418894
51.22525788
51.25227373
51.26714894
51.27532659
51.28091013
51.28125095
51.29533539
51.31859319
51.32600173
51.34358867
51.36490203
51.37836859
51.38255255
51.37686609
51.38244297
51.37965511
51.37430169
51.37441698
51.37191254
51.40353589
51.43156542
51.46984171
51.51735963
51.55858863
51.58604205
51.58631911
51.57639276
51.55795129
51.56718006
51.5916533
51.64078619
51.69853474
51.74020539
51.77185459
51.7787655
51.76865492
51.75593271
51.75726462
51.75531904
51.77261345
51.79030846
51.81949769
51.85348351
51.88611023
51.91745556
51.94759893
51.98432303
52.03634062
52.05662067
52.05175401
52.03945725
52.03545174
52.04415929
52.03866555
52.03384611
52.04102816
52.04821797
52.06560733
52.08302985
52.08464071
52.0799614
52.09075919
52.09114904
52.09308491
52.11242151
52.12618902
52.12317096
52.13023573
52.15658174
52.17214309
52.18632106
52.20133964
52.2380159
52.26109097
52.26961178
52.26027301
52.24727246
52.23144617
52.20589051
52.203697
52.20205095
52.21258867
52.21542893
52.19858593
52.20067533
52.21095042
52.21835072
52.21794252
52.22123664
52.22083083
52.21768161
52.22098176
52.21156888
52.2088006
52.19340101
52.19221993
52.21091925
52.23097977
52.22791504
52.21635363
52.22037032
52.23669173
52.2455963
52.25196169
52.24621147
52.23323991
52.23645786
52.23159822
52.23052271
52.21682762
52.21074596
52.20400538
52.21612522
52.24387137
52.25859174
52.2559219
52.25616365
52.25764121
52.25112831
52.24146879
52.23373052
52.23509018
52.24054405
52.23986856
52.22851731
52.20295318
52.19135198
52.18449663
52.18890227
52.18569911
52.17724928
52.17135305
52.15057037
52.1362898
52.11054331
52.08766934
52.09285457
52.1120246
52.11082636
52.089822
52.07155288
52.05250545
52.04446435
52.02378435
52.0131433
52.01966908
52.02185065
52.01781367
52.01596989
52.00151147
51.98878134
52.0013748
52.01652286
52.01091944
51.99819432
51.97923282
51.95543298
51.94463906
51.94289761
51.93914569
51.93182534
51.93243212
51.94190021
51.9490645
51.94261603
51.94037376
51.94648782
51.92404435
51.91646696
51.90674029
51.90603449
51.90758304
51.90000951
51.89508793
51.90424296
51.89435527
51.84781357
51.84576651
51.86980886
51.88031692
51.85769201
51.81039022
51.79518412
51.78220501
51.76414946
51.76638375
51.77442188
51.78397383
51.7878144
51.78226248
51.76609351
51.75295164
51.7187362
51.71023956
51.70192436
51.70266478
51.69627055
51.70153093
51.67966505
51.65310422
51.63702134
51.64944939
51.6712138
51.66954072
51.65206936
51.66155059
51.66466286
51.63812923
51.62956265
51.62675896
51.63027896
51.63336954
51.61678304
51.59657704
51.60461327
51.61644915
51.61557195
51.61672437
51.61266154
51.58663151
51.57598043
51.58448525
51.5668865
51.54219184
51.53304834
51.52220152
51.49242754
51.4782958
51.47682274
51.44650024
51.38998359
51.34275624
51.2956632
51.24067959
51.20597468
51.15922667
51.11258
51.07099346
51.03715178
51.02162075
50.99320576
50.97122755
50.95383415
50.91714815
50.89097566
50.87127471
50.83471412
50.80204307
50.77066907
50.74984517
50.7327624
50.70812542
50.69612344
50.69653233
50.69234396
50.70106562
50.70647031
50.71109754
50.70594355
50.70877524
50.71060126
50.69851361
50.68564785
50.68669374
50.6826186
50.68833743
50.69920117
50.69181879
50.69133524
50.68877297
50.68829237
50.68781394
50.68525351
50.68349223
50.6774147
50.67391837
50.66693434
50.66977014
50.67053809
50.67599215
50.66619972
50.66062983
50.6538196
50.65209672
50.6592252
50.67315719
50.68415012
50.67643935
50.67212509
50.68867447
50.70230615
50.69213832
50.69603501
50.70417019
50.70298443
50.70944532
50.72750445
50.74952348
50.768751
50.77582955
50.79351081
50.80656755
50.80020267
50.77876534
50.75356922
50.74951863
50.75470383
50.76791074
50.76858132
50.759861
50.71731109
50.69816515
50.66617187
50.63727396
50.60484654
50.58406678
50.54096315
50.48011497
50.41281993
50.35532582
50.3170892
50.30038409
50.30956663
50.31631943
50.30917766
50.30203851
50.28539071
50.28215918
50.26369619
50.24063989
50.22714399
50.18591342
50.15553859
50.10714826
50.03783049
49.97568063
49.90558978
49.83965857
49.77607658
49.7279094
49.7122328
49.6850529
49.63514086
49.58598029
49.53697077
49.4925482
49.44825131
49.42293237
49.39818591
49.36417186
49.33735456
49.31279302
49.2861056
49.25061884
49.22448392
49.19405153
49.16151529
49.12040676
49.07295311
49.03625599
48.98129414
48.910996
48.83894156
48.76702832
48.6853198
48.59789383
48.51312094
48.4472415
48.38372385
48.32362169
48.290053
48.24669464
48.18945702
48.17058548
48.15070373
48.12670485
48.10765482
48.11078247
48.11092382
48.10027862
48.08012613
48.03577601
47.97921099
47.88932245
47.81047529
47.74262692
47.65138162
47.53285206
47.4240258
47.32939435
47.25400043
47.19406688
47.11306687
47.02687656
46.95333424
46.83449174
46.73775472
46.68682644
46.65661699
46.62988495
46.61904356
46.61904356
46.62331101
46.62510254
46.62689446
46.63047943
46.63809988
46.6396935
46.641976
46.62903939
46.62529751
46.59018568
46.52563577
46.4013994
46.17308109
45.83094317
45.36685502
44.83081189
44.18341561
43.49739568
42.6909039
41.82714183
40.98958486
40.15554754
39.27559534
38.40854935
37.62487851
36.85862133
36.07419199
35.29661149
34.69686244
34.26355111
33.88933479
33.70479464
33.71013002
33.71515051
33.69736142
33.70178606
33.67676461
33.60389726
33.51531295
33.45687041
33.42141555
33.35709945
33.32106989
33.30786539
33.29491107
33.29888009
33.34503158
33.35104297
33.36871333
33.43908736
33.63429341
33.92009181
34.21649488
34.54434361
34.9286253
35.25639796
35.51351577
35.78311785
36.02270962
36.17306739
36.28882476
36.40052525
36.49437044
36.58302461
36.68607764
36.83078792
36.99281202
37.14091939
37.30089203
37.46687592
37.60125804
37.71528452
37.80214571
37.87146014
37.91134728
37.93353719
37.98326995
38.10170098
38.24007739
38.40977268
38.58632248
38.7618882
38.91877427
39.07106972
39.1930451
39.29933662
39.39878762
39.50456427
39.63547669
39.7821415
39.97643666
40.17874489
40.38622854
40.58068528
40.75837781
40.9253361
41.06681237
41.16958161
41.20727483
41.21163495
41.21621319
41.22537021
41.22121617
41.24027621
41.26215633
41.28941136
41.3658378
41.45613192
41.53115389
41.60824228
41.68992132
41.76409811
41.87151549
41.98401386
42.11050711
42.26601855
42.44379294
42.60850344
42.74484744
42.86420686
43.00695591
43.15528241
43.32506688
43.51368021
43.6890353
43.83835614
43.95377928
44.0404243
44.11746452
44.16262958
44.17618224
44.22782862
44.26639396
44.32416697
44.36883759
44.40395964
44.40865697
44.40990542
44.40583685
44.40864146
44.41619896
44.42373639
44.42973222
44.42922319
44.44031439
44.4445893
44.45769275
44.4729762
44.4740226
44.481713
44.53933226
44.63973912
44.71582122
44.83317264
44.94510194
44.98142812
45.00005679
45.01313926
45.01300956
45.02126754
45.05452473
45.05402936
45.05355251
45.07650591
45.07903209
45.07903209
45.11117548
45.11623501
45.11765046
45.1257402
45.15224039
45.14413735
45.15031341
45.16883681
45.15515256
45.15778769
45.151926
45.14816022
45.15194155
45.16440695
45.17165212
45.1768822
45.18271911
45.20509656
45.2188492
45.21935285
45.21922612
45.21913119
45.20974652
45.21637933
45.21707234
45.21979453
45.2151886
45.21059042
45.19599374
45.18072179
45.16620279
45.15588805
45.14837621
45.12816243
45.11116657
45.09038556
45.06583061
45.03351249
44.99562593
44.98865092
44.95637435
44.9126558
44.89259343
44.8792591
44.86119746
44.8519123
44.83334372
44.81013629
44.81047495
44.81569925
44.77774307
44.75602752
44.74242942
44.72405686
44.69499305
44.65128563
44.62265776
44.58802924
44.54082235
44.52147604
44.52062248
44.48961607
44.47418605
44.45969683
44.43317101
44.39900897
44.39099793
44.38786094
44.35278802
44.30586575
44.26930095
44.25935574
44.24500583
44.21787051
44.19726406
44.18236218
44.15646739
44.15386939
44.14069474
44.14181542
44.13680441
44.12997411
44.12318598
44.12653808
44.14950309
44.15917201
44.13704381
44.12458562
44.12918743
44.15219846
44.16103995
44.16457742
44.17161092
44.17392707
44.20102279
44.21109786
44.2255072
44.23549375
44.23981593
44.23835452
44.24133895
44.2294442
44.25250819
44.28759664
44.29674839
44.30087457
44.31450051
44.32636517
44.32232566
44.31644809
44.33565438
44.36287434
44.33891656
44.32706669
44.3578465
44.37493129
44.37479037
44.3572445
44.33240772
44.30779742
44.29413925
44.29936777
44.30134766
44.30927906
44.31640868
44.31038845
44.30263185
44.29110179
44.26591983
44.24285127
44.22406346
44.21855564
44.2130594
44.22445551
44.2296726
44.21266335
44.21885041
44.20904122
44.22807317
44.26462426
44.2750684
44.2750684
44.29162936
44.2667007
44.22716555
44.19751405
44.15941582
44.15417754
44.15969779
44.15436186
44.13471664
44.12532038
44.11039429
44.09188725
44.05431634
44.00661469
43.97359715
43.9434229
43.88546017
43.84986782
43.82687339
43.81993128
43.80408792
43.79242804
43.80703355
43.83825439
43.80703547
43.78549338
43.80599063
43.83496828
43.82060793
43.81589682
43.82917921
43.82444938
43.81350201
43.83344087
43.83856163
43.83796913
43.85685122
43.86309821
43.85193834
43.84849776
43.87196998
43.87523723
43.86134621
43.86988123
43.91051529
43.92654016
43.91105106
43.93297909
43.95576386
43.93206977
43.88409036
43.86902261
43.86022931
43.87029167
43.90200317
43.92808892
43.91794156
43.917568
43.92503162
43.9282628
43.93338174
43.95344842
43.9562429
43.95413397
43.95603007
43.97112232
43.98836113
44.02984383
44.07149133
44.07746049
44.07226353
44.05117481
44.03301466
43.99608038
43.95871495
43.94951525
43.90979973
43.86816121
43.85722997
43.85027286
43.81440354
43.80934508
43.81028487
43.79613407
43.80657661
43.81471279
43.82236697
43.81858827
43.82062356
43.83284325
43.8552814
43.87063279
43.89577497
43.9266144
43.95341036
43.98233839
44.04265379
44.09959833
44.13925802
44.18741174
44.23018285
44.21793726
44.20172117
44.19466004
44.19762948
44.16453169
44.1444271
44.13486403
44.1046352
44.04969665
44.0155255
44.03955075
44.0632842
44.05974303
44.07512379
44.08539952
44.08627703
44.0704209
44.03547429
43.9981976
43.93968525
43.90676236
43.87731339
43.86132472
43.86594829
43.87289567
43.86501387
43.84770849
43.84754966
43.86342241
43.87686712
43.89343135
43.90365479
43.90819487
43.85232567
43.75598947
43.66666585
43.56203007
43.35454335
43.02959954
42.65307977
42.33289357
42.11994522
42.01641338
41.98722538
42.03003982
42.17209926
42.36762069
42.54320786
42.68496676
42.81109519
42.96582295
43.13400785
43.2833654
43.4007034
43.46701286
43.47842384
43.48032704
43.52026355
43.55069937
43.55831304
43.55656663
43.54559598
43.48945687
43.42013148
43.34881348
43.31720766
43.27602684
43.2026492
43.13508754
43.07933736
43.06522748
43.11368242
43.17575792
43.16983296
43.08889694
43.03135921
42.97524117
42.91344619
42.94558894
43.01167057
43.04851756
43.0328635
43.04658363
43.04854522
43.05409887
43.11519513
43.19199005
43.28282594
43.34906609
43.43292284
43.52452045
43.64970706
43.78173285
43.89708813
43.96807655
44.0241562
44.066268
44.10087671
44.10087671
44.11979336
44.18968685
44.25020046
44.30522211
44.35474887
44.43280624
44.50036189
44.54057337
44.59637819
44.66821853
44.71663676
44.75189313
44.80369854
44.84742818
44.88029022
44.90293761
44.9135456
44.9245974
44.93524863
44.9376343
44.93381007
44.94831527
44.96699119
44.98212401
45.01278276
45.06825453
45.1331514
45.18037205
45.224923
45.30902821
45.39545903
45.42668664
45.44237361
45.48851816
45.52289722
45.51893191
45.52918625
45.55928837
45.58004088
45.57711061
45.60152766
45.61706331
45.61822726
45.64722991
45.66638485
45.69735603
45.72467633
45.73175937
45.75383128
45.78880456
45.81470168
45.8498122
45.89340151
45.91730197
45.90852325
45.92424898
45.96241821
45.97613022
45.97293909
45.98531733
46.03635753
46.06495049
46.05257407
46.04009787
46.05501046
46.05694139
46.04974773
46.04448939
46.06136353
46.06194867
46.06320327
46.0839161
46.09276764
46.08225661
46.07079761
46.07804036
46.10460107
46.1251863
46.15168049
46.16660406
46.2041028
46.2443382
46.27122226
46.29366252
46.3048952
46.30378785
46.31503348
46.30955574
46.30413808
46.31010337
46.32299939
46.33392278
46.35899864
46.38176228
46.42466051
46.45731215
46.48315495
46.50791296
46.52368783
46.54304286
46.57294786
46.61605039
46.65874235
46.69280709
46.71159423
46.73451747
46.74869443
46.77420306
46.80236344
46.82804821
46.83162879
46.81034726
46.82820741
46.86088725
46.86530491
46.89137289
46.92555451
46.97756934
47.03514709
47.08377882
47.1249775
47.15768477
47.16326884
47.16977086
47.16151349
47.16593954
47.16177924
47.15780311
47.14946946
47.12286344
47.11177745
47.10846153
47.11042095
47.10437803
47.10263149
47.09760469
47.09265378
47.09595144
47.10206453
47.10466704
47.09110258
47.10143907
47.11571108
47.13109392
47.14565362
47.14866119
47.15213604
47.17215709
47.19696469
47.22142116
47.25660355
47.28836891
47.31487217
47.32649626
47.32147326
47.32237729
47.31798647
47.3145419
47.33086985
47.3556708
47.3668312
47.36088591
47.39583938
47.45776374
47.50418587
47.57164132
47.63712563
47.66905336
47.67244489
47.69800699
47.70759616
47.70354951
47.70902698
47.70939051
47.71286624
47.71635492
47.72222156
47.72611897
47.72687739
47.73366519
47.74308121
47.75372973
47.7717733
47.81014362
47.84826452
47.8848817
47.9219844
47.95239384
47.97095799
47.98756448
48.01046634
48.04314967
48.06200201
48.06685854
48.07958104
48.08448544
48.08801788
48.10584386
48.12794098
48.14503038
48.18960567
48.21234338
48.2575955
48.29902702
48.35467233
48.39829357
48.41866788
48.46091565
48.50996168
48.54461835
48.5518451
48.5623355
48.56423184
48.55402326
48.55359801
48.57698318
48.6085675
48.60200449
48.59936421
48.61871162
48.66428596
48.72606109
48.78591096
48.83508133
48.83768496
48.841204
48.88273823
48.95521331
49.00376689
49.02572028
49.0544419
49.06776383
49.06927308
49.0661807
49.0774701
49.0918412
49.124223
49.15559984
49.17522057
49.21445266
49.24036899
49.26536108
49.27655567
49.30310268
49.31839657
49.34003208
49.36417347
49.39441874
49.42431537
49.45734511
49.47835624
49.49889067
49.52185337
49.53821757
49.56964067
49.60091226
49.62983694
49.65535689
49.69894905
49.73378458
49.76487264
49.77117751
49.78077737
49.78904641
49.7951479
49.8086204
49.81091945
49.80576403
49.80878323
49.81482833
49.81060107
49.79989476
49.79915531
49.83061171
49.85655189
49.8651602
49.86517543
49.87251275
49.89968688
49.94513868
49.99057269
49.99820829
49.97431821
49.9438804
49.9303111
49.94177445
49.94020546
49.93430253
49.9355524
49.94883038
49.96114489
49.96968507
49.97828135
49.97876773
49.99871533
50.01087178
50.02015508
50.03333928
50.04314909
50.06544987
50.0757459
50.07875393
50.08176817
50.09724187
50.12432732
50.15262184
50.17688355
50.18882043
50.20941652
50.24252997
50.26684937
50.28704665
50.30347833
50.32851912
50.35758367
50.38645988
50.41330846
50.4379802
50.44706881
50.47450947
50.49221333
50.49792749
50.50580435
50.51682338
50.53325867
50.52647786
50.51977192
50.52943862
50.52800232
50.52760796
50.52956389
50.51597784
50.51645791
50.52013372
50.54981221
50.56662126
50.56543354
50.55844174
50.55146128
50.54655027
50.54674045
50.56105478
50.57136671
50.57291084
50.58805285
50.606154
50.62206797
50.64816081
50.68065076
50.70086269
50.71628968
50.73309821
50.74191207
50.74511828
50.70805862
50.67811626
50.67755858
50.67533311
50.66616015
50.66698561
50.62992498
50.57232151
50.5332386
50.53372415
50.51950453
50.51599818
50.51193144
50.4969634
50.47653938
50.48524592
50.48167939
50.47006183
50.45444138
50.43108307
50.39594254
50.40831126
50.45634664
50.47957481
50.47430933
50.46505393
50.48827993
50.50737658
50.52889626
50.54134499
50.5574006
50.54810948
50.55974268
50.56434982
50.55427796
50.54739993
50.56290402
50.56158787
50.56871536
50.56257397
50.54271906
50.539862
50.5384672
50.5400039
50.53758127
50.53353656
50.53931791
50.55568029
50.55647737
50.55008081
50.54656541
50.53254238
50.51037477
50.51594955
50.52388972
50.51590963
50.49510053
50.48199964
50.45723223
50.42022411
50.3936047
50.39923101
50.40517373
50.39768877
50.39496738
50.39055878
50.3733352
50.34288559
50.31203154
50.2899967
50.28584011
50.29345638
50.30547891
50.30804208
50.33194309
50.35417866
50.3884988
50.39070767
50.39588459
50.39683404
50.40630594
50.40640563
50.4038207
50.40400742
50.4090653
50.41893713
50.42102985
50.40941583
50.38568334
50.36848248
50.36266201
50.34814039
50.32634519
50.31459231
50.30328678
50.27550754
50.23189477
50.20978688
50.201645
50.17161754
50.11853928
50.0741533
50.0385829
50.01344245
49.99286465
49.96692361
49.94321593
49.93823895
49.93765329
49.92940431
49.92528004
49.90373233
49.90030046
49.8924039
49.87591734
49.85978724
49.8622955
49.85299576
49.840822
49.85072347
49.85056201
49.8466055
49.83172754
49.79714667
49.76988461
49.77763821
49.7660911
49.75208595
49.75296814
49.7521417
49.74734527
49.75369671
49.72801205
49.69748654
49.67534878
49.65129986
49.6075429
49.55443848
49.49825433
49.45408658
49.42131795
49.38199594
49.34763845
49.32279001
49.31464148
49.31266837
49.3050471
49.30638421
49.30466718
49.29642229
49.28973399
49.27589498
49.27608918
49.28080843
49.27503178
49.29220667
49.30943572
49.30924072
49.29688172
49.28459848
49.27357439
49.24414005
49.21591815
49.17601249
49.11568116
49.05267804
49.00618405
48.94826646
48.88593417
48.83897909
48.80414119
48.76979966
48.73324696
48.70132978
48.67402165
48.64221999
48.62530729
48.63167664
48.6092345
48.57896327
48.54894904
48.53211983
48.51687705
48.49387363
48.47408525
48.43981316
48.38844479
48.30360382
48.22708391
48.17178612
48.11181245
47.971186
47.86247142
47.80495333
47.73049841
47.64062416
47.59830459
47.59864312
47.58974697
47.56616378
47.54729943
47.52879528
47.50681607
47.47649374
47.43994813
47.3664298
47.28218224
47.22826059
47.14966582
47.03791499
46.89201349
46.75207552
46.63524782
46.53997281
46.46259152
46.38967381
46.33027915
46.30625413
46.23213587
46.16500079
46.13330115
46.10201195
46.08961054
46.08961054
46.08961054
46.07945641
46.06033815
46.04369617
46.02480617
46.00119665
45.95861256
45.88372678
45.77161118
45.51921542
45.05378359
44.38656622
43.60209351
42.74501884
41.85097329
40.92279589
40.01328992
39.10285187
38.15321229
37.20700998
36.26414597
35.38718245
34.56584939
33.83761381
33.25070887
32.81843426
32.54196943
32.40381285
32.51885897
32.74383447
33.10071463
33.59303421
34.08879575
34.58622251
35.07034931
35.45705515
35.76407759
35.98406514
36.08073271
36.07642518
36.07336112
36.06591373
36.06124732
36.06860457
36.06623565
36.05176672
36.05931526
36.09932842
36.13198362
36.159924
36.22402658
36.29331451
36.36896496
36.49203064
36.66257156
36.85244426
37.05421913
37.22455302
37.41926819
37.6088934
37.79314256
37.96061841
38.12782379
38.27324345
38.41173534
38.52906292
38.64420239
38.74265497
38.78108875
38.81711514
38.89153006
38.97552016
39.05226071
39.13852197
39.22722151
39.29209982
39.38342622
39.50115884
39.63080005
39.71747151
39.78013767
39.8425237
39.89479763
39.94453973
40.01566176
40.10580678
40.18399597
40.264697
40.36687956
40.5023439
40.61638631
40.66161741
40.68539709
40.75417411
40.78960659
40.81311578
40.8201922
40.8957575
40.9615863
41.03422253
41.13042182
41.22438563
41.29499577
41.38938482
41.50971009
41.63946114
41.74317852
41.84658711
41.95215604
42.01309009
42.07173872
42.17486758
42.29666551
42.40433096
42.53991155
42.6893792
42.8201345
42.99303888
43.14746491
43.24828863
43.32344637
43.4007488
43.48500083
43.56208442
43.61833417
43.71602862
43.81363517
43.87386648
43.95026881
44.06544957
44.16418321
44.27219076
44.37809425
44.474632
44.58247846
44.68800453
44.76588668
44.8185536
44.86422841
44.90296732
44.93702064
44.9871907
45.05784851
45.10318947
45.16237509
45.23544254
45.28804552
45.3270838
45.39162104
45.45434024
45.47577706
45.50626153
45.5388946
45.54824604
45.54824604
45.55760255
45.59940803
45.66881237
45.73603824
45.75960595
45.78050344
45.77855644
45.78336217
45.7794726
45.78507887
45.78886805
45.79812654
45.79213169
45.77713942
45.76693618
45.76566055
45.73919986
45.71434515
45.69374488
45.66653146
45.66441434
45.6572838
45.64232551
45.6248247
45.60780843
45.60475973
45.6259057
45.61295964
45.60072933
45.63272831
45.64506316
45.60478971
45.59124606
45.62231446
45.61709118
45.59793607
45.60156689
45.59717474
45.57462612
45.57026212
45.58771909
45.58556936
45.58341998
45.5791223
45.57966933
45.59094053
45.58610897
45.57867961
45.57457783
45.5775234
45.5777964
45.58509584
45.58633234
45.59049843
45.58500045
45.58894362
45.61037898
45.61520706
45.61384378
45.6208667
45.62646981
45.61829278
45.61447289
45.62913593
45.66335402
45.67150655
45.66178857
45.66025034
45.66756144
45.6333706
45.62168216
45.64791929
45.67138422
45.65543242
45.63519702
45.64635525
45.64334377
45.62680491
45.61456908
45.63500578
45.65181887
45.65351576
45.62537342
45.60309239
45.58033156
45.59269741
45.59206497
45.56425131
45.53373096
45.52582672
45.55171626
45.57681708
45.56715111
45.5629286
45.5629286
45.57297375
45.57377543
45.57879872
45.5867666
45.58636123
45.62241416
45.65760135
45.66086615
45.66455027
45.65663693
45.65593073
45.66735267
45.69097078
45.69114743
45.70179136
45.72375837
45.724321
45.71265856
45.72960618
45.73920414
45.73981609
45.73564284
45.73358146
45.74260249
45.76472542
45.79785577
45.79407412
45.81480668
45.84669648
45.85381668
45.86813611
45.89497597
45.91182116
45.91874685
45.91363005
45.91886457
45.93428556
45.93633903
45.94044705
45.94558211
45.94972905
45.98568334
46.03193937
46.05668724
46.05997216
46.07752575
46.10238175
46.14082035
46.15174167
46.16910275
46.18795158
46.19579724
46.19981598
46.22400344
46.28617701
46.32245139
46.32048609
46.34940931
46.36817809
46.35018663
46.37984613
46.41626763
46.40591215
46.37383176
46.34511559
46.3349999
46.31559285
46.31415995
46.32399402
46.32399402
46.33399084
46.35215111
46.34274362
46.31656929
46.28864892
46.255971
46.23900276
46.23713847
46.24745706
46.25158699
46.23217002
46.23518909
46.23206717
46.24001825
46.22672683
46.20583063
46.19960239
46.19943043
46.16610522
46.14393382
46.15653581
46.15147175
46.13583162
46.13412278
46.14702938
46.16176449
46.18284461
46.20818727
46.24205628
46.26217041
46.28880946
46.32530318
46.36011182
46.39802786
46.47232876
46.54353998
46.58087472
46.62253708
46.64821339
46.63433334
46.62665601
46.62434463
46.62582659
46.62121474
46.60375993
46.60587955
46.61487927
46.60428042
46.60197273
46.60264868
46.61155692
46.61446715
46.61598056
46.63382202
46.6561542
46.67251256
46.69411473
46.72324278
46.74644984
46.75103261
46.74986545
46.72795491
46.71307969
46.71700351
46.73133926
46.70696857
46.68777341
46.69106911
46.70096509
46.7186679
46.71905615
46.72267774
46.75506057
46.79678996
46.8406707
46.88459085
46.95386702
47.02431022
47.07644842
47.12493209
47.1656772
47.1881233
47.20519729
47.22683366
47.23645801
47.23645801
47.2327865
47.23519355
47.24000858
47.25888301
47.27740737
47.28519165
47.30233328
47.33504841
47.40178764
47.49733908
47.59840025
47.65104296
47.67885848
47.72630886
47.78564476
47.81936613
47.82937017
47.86296555
47.89779255
47.9132581
47.92424564
47.93017482
47.92992641
47.93584739
47.94262987
47.95972329
47.94796608
47.95502463
47.97877059
47.97481158
47.94862118
47.9528359
47.95480512
47.95328667
47.94192987
47.92560193
47.89556744
47.82814159
47.76859073
47.74937967
47.7341034
47.71146437
47.68869648
47.67532307
47.65311858
47.63272149
47.60598634
47.6140105
47.6189721
47.62672966
47.6212517
47.61976407
47.62665937
47.64720179
47.66921306
47.68285872
47.69746659
47.72659148
47.74180922
47.75831077
47.78260178
47.83596106
47.88992043
47.93435239
47.99554802
48.06786932
48.12730594
48.20704618
48.26307702
48.30503469
48.37109559
48.43594112
48.46180361
48.47606291
48.48595056
48.48678781
48.49055848
48.49810037
48.51318641
48.5140361
48.53290711
48.54510934
48.57330077
48.59586699
48.62400956
48.63997105
48.67496083
48.7122509
48.75665731
48.79553547
48.84111228
48.86489275
48.86919921
48.88469814
48.91008747
48.9448972
48.99856714
49.05041711
49.10278982
49.11988065
49.13477115
49.15942881
49.19519673
49.22078286
49.22988622
49.21718699
49.22493777
49.24044382
49.2659284
49.28599788
49.28363955
49.28753178
49.30038168
49.314474
49.31977822
49.32880321
49.34473024
49.36806
49.40266272
49.42777828
49.45433973
49.47208044
49.48294041
49.47358003
49.47281734
49.48391545
49.50319386
49.53039018
49.55666953
49.58253006
49.59169103
49.60179641
49.61368207
49.6143584
49.60339667
49.62136081
49.63722937
49.66267705
49.6870822
49.70757282
49.71900199
49.72799241
49.74959354
49.75086495
49.76224956
49.77560734
49.79602082
49.81534596
49.83663271
49.8664177
49.88395991
49.90245826
49.91897785
49.92059974
49.93743497
49.94802325
49.93771062
49.94705279
49.95632564
49.94905047
49.96510764
49.96832398
49.9648041
49.96571391
49.99015035
49.98982748
49.9976609
50.0274504
50.03143601
50.04264264
50.04442131
50.05749704
50.04713366
50.03163186
50.01055337
49.98260566
49.96160435
49.95689442
49.94537585
49.91872609
49.89489794
49.87945737
49.86013661
49.83966078
49.82753408
49.81410602
49.79934941
49.77651256
49.77134958
49.76206062
49.75855746
49.75911342
49.75159725
49.73782601
49.73721045
49.73236892
49.72192899
49.7060568
49.69200591
49.66149778
49.6322326
49.60848415
49.58377253
49.58498402
49.57954718
49.56894213
49.54039851
49.51225775
49.4925175
49.48649657
49.48085469
49.46591509
49.4306939
49.39723347
49.36912702
49.33775899
49.33137312
49.31823999
49.30605259
49.26625553
49.23764634
49.26244628
49.26058048
49.23895745
49.21645485
49.20866035
49.19827164
49.17060322
49.14467468
49.11618615
49.0799779
49.03350677
48.98888082
48.97452854
48.94726614
48.92185077
48.88962676
48.8378457
48.76591236
48.71280989
48.66993606
48.603311
48.53153187
48.50192355
48.49488765
48.48772067
48.48662475
48.47921843
48.4855625
48.47688024
48.47150039
48.47381752
48.47042874
48.46605155
48.45165169
48.44986056
48.41780103
48.37275853
48.30134783
48.24772009
48.20725535
48.14944192
48.09878056
48.05574911
48.01758414
47.98636285
47.96368869
47.93431268
47.88924378
47.83512035
47.77414034
47.71789135
47.66174344
47.58072425
47.50457903
47.42878891
47.34879554
47.26904943
47.22561432
47.18263894
47.15785702
47.13298181
47.13073279
47.13073279
47.12848417
47.12859162
47.1422837
47.1492765
47.14748618
47.18016053
47.20158109
47.1983545
47.18797326
47.18032555
47.15745296
47.13646963
47.11600246
47.10534834
47.07725453
47.02274878
46.97228166
46.92615705
46.89764253
46.87984817
46.87294396
46.84807434
46.81030395
46.77712505
46.77310321
46.75769509
46.71124079
46.66616808
46.64596177
46.62434506
46.61556486
46.6210758
46.62366176
46.62366176
46.62312924
46.59680286
46.58149233
46.58149233
46.58149233
46.5640332
46.5552597
46.55267095
46.5548211
46.55267095
46.55267095
46.56144493
46.56144493
46.56144493
46.56144493
46.56144493
46.55929549
46.55929549
46.55929549
46.55929549
46.55455792
46.55894575
46.56522565
46.56092917
46.55878146
46.55234042
46.5501941
46.5501941
46.54545691
46.52177287
46.46967931
46.36553912
46.16978037
45.99457303
45.78602295
45.48614524
45.08381182
44.62117278
44.11554721
43.51999429
42.86648208
42.16367013
41.44759081
40.70747188
39.91536229
39.13188262
38.33537892
37.5607489
36.78823072
36.0095815
35.24166259
34.46719733
33.68898421
32.95888336
32.27456738
31.54417078
30.8334845
30.26189669
29.75855738
29.24351886
28.66360235
28.10274401
27.61077911
27.09945059
26.51093334
41.66992156
