43.00354388
42.99561631
42.98410554
42.98239744
42.98132313
43.00738716
43.03640186
43.07820579
43.13967475
43.18699915
43.22699959
43.24466112
43.24872753
43.24872753
43.259701
43.2647687
43.25939776
43.25985436
43.27504067
43.27478079
43.24995513
43.24979228
43.23989987
43.2359002
43.22949966
43.22721017
43.21597472
43.22436485
43.21463559
43.21746943
43.22519689
43.2364125
43.26040819
43.29415691
43.33277834
43.39797336
43.45338578
43.45897967
43.44113361
43.44107321
43.43567967
43.44553675
43.45216381
43.45721943
43.44651128
43.43331423
43.40394044
43.39218866
43.36566975
43.36353218
43.36556232
43.37931536
43.37770306
43.36882854
43.37559713
43.36555518
43.35825695
43.34239446
43.32802297
43.32501668
43.34202753
43.32950597
43.31991677
43.31040637
43.29421088
43.29397663
43.28079037
43.27642134
43.26832687
43.264699
43.25466383
43.22999139
43.22327857
43.24959695
43.2661714
43.24974175
43.24623151
43.24928013
43.23647956
43.22559872
43.23050776
43.21638995
43.21178045
43.20886092
43.19097821
43.17212815
43.16441584
43.14261589
43.12994229
43.09578566
43.08537601
43.07923221
43.07539263
43.05749108
43.06017703
43.05616687
43.02578789
42.99735043
42.96701304
42.95131682
42.94033799
42.94306802
42.94215766
42.94873944
42.94327392
42.93690183
42.91331305
42.89000923
42.86698102
42.8488624
42.83295547
42.82585584
42.82042451
42.82419378
42.81167887
42.80674434
42.7893935
42.76975726
42.74489081
42.71177898
42.67262932
42.60456889
42.54166131
42.5037223
42.47978187
42.45309431
42.45131346
42.45579923
42.43589423
42.42650849
42.42556425
42.42556425
42.42556425
42.42556425
42.42806368
42.42139004
42.41255927
42.40456382
42.3873599
42.38472878
42.3651468
42.33598195
42.31102286
42.26342608
42.20323997
42.16571363
42.1300639
42.09516847
42.07785842
42.09217325
42.09217325
42.09333289
42.08039104
42.08097786
42.07126995
42.0624241
42.04059148
42.01967163
41.98554479
41.94999731
41.92738057
41.89500811
41.86289802
41.84645498
41.84963294
41.86120782
41.84265317
41.82774191
41.83186286
41.83468336
41.82986149
41.82001659
41.80517547
41.7789748
41.76821676
41.77794584
41.77847361
41.80657793
41.90448938
42.01889486
42.07832783
42.14129489
42.22042089
42.29095813
42.33384416
42.3683238
42.39476264
42.4233536
42.44938719
42.45538412
42.46650483
42.49096947
42.49988008
42.47910189
42.4383483
42.40929619
42.38441546
42.37840949
42.39362578
42.41075305
42.40607709
42.39454745
42.39636366
42.39559779
42.38119422
42.38119422
42.39205273
42.39131771
42.40468182
42.42900278
42.45805122
42.45067747
42.44784666
42.46905875
42.49670604
42.51341285
42.53180945
42.56256508
42.58770076
42.58953853
42.58899221
42.61055273
42.6013714
42.59276657
42.59857796
42.62330811
42.63946387
42.6386979
42.65459699
42.69234438
42.7026233
42.72136858
42.75338021
42.77608802
42.76814623
42.75159728
42.7649945
42.80258005
42.79980461
42.77553659
42.7948499
42.81506105
42.8329106
42.84221269
42.82596476
42.84204229
42.86281991
42.86301727
42.8636211
42.87594243
42.85729903
42.83883632
42.84861424
42.84979003
42.85160491
42.86118135
42.8576285
42.86584463
42.87227494
42.89311746
42.93734301
42.9605229
42.96971774
43.00018705
43.02039072
43.02837173
43.04400171
43.06361309
43.07597273
43.07548344
43.07710375
43.07844602
43.01680348
42.97931944
43.0017632
43.02208512
43.04341358
43.08151381
43.14054283
43.15698036
43.14158135
43.10969571
43.06212148
43.03125244
42.99169451
42.95305757
42.94248655
42.94339868
42.97159091
43.02418921
43.08690949
43.14558277
43.17554961
43.17424075
43.15753287
43.1620796
43.18808592
43.18946798
43.19083739
43.20787674
43.22668335
43.23423862
43.24173661
43.26883104
43.2919243
43.31900533
43.36399085
43.41510906
43.46254377
43.49810309
43.52268829
43.54147322
43.55139567
43.55179245
43.55879907
43.57147626
43.56796926
43.57105741
43.57066757
43.59225251
43.61867207
43.634257
43.65135495
43.69056809
43.738777
43.79300566
43.8291812
43.87071792
43.90575005
43.92711196
43.93720068
43.9438977
43.949654
43.95765229
43.95793989
43.99197983
44.0214569
44.0287059
44.05317123
44.09248105
44.11475234
44.12303321
44.12947979
44.12809861
44.11552044
44.11488867
44.1284441
44.14120658
44.16262398
44.18634396
44.22419082
44.25198151
44.30765327
44.35139185
44.37610119
44.36042289
44.35437331
44.35042705
44.33234179
44.31834068
44.34727432
44.38729421
44.438459
44.47377194
44.49035258
44.50403877
44.51471642
44.54657527
44.56361658
44.56399881
44.587846
44.62271558
44.65391485
44.70562912
44.73268714
44.76270715
44.79580375
44.82552461
44.87379341
44.90005386
44.92938304
44.94986329
44.96401479
44.97839339
45.00978654
45.04515059
45.0611889
45.0890027
45.11152046
45.12233463
45.16146098
45.1990722
45.2287725
45.27170734
45.34496532
45.40244574
45.43407657
45.44686392
45.49211831
45.55176289
45.63639819
45.72568673
45.82176996
45.87123352
45.90115168
45.93602836
46.02624156
46.0984836
46.18101539
46.25613469
46.31663543
46.36030107
46.37628363
46.3930744
46.40897431
46.40904839
46.40904839
46.40976828
46.41844739
46.43295479
46.45803204
46.4820224
46.50596022
46.55928035
46.60501805
46.62358288
46.62749233
46.63140198
46.65095347
46.68224693
46.70566343
46.73698129
46.75855327
46.77032333
46.75952781
46.74871391
46.75463397
46.77930765
46.82477006
46.86182279
46.87545754
46.86726796
46.86159872
46.85963184
46.8517113
46.82744646
46.78421074
46.74018143
46.73273187
46.7230461
46.72443308
46.74403338
46.75911788
46.76603415
46.76620086
46.75587929
46.74773754
46.73462271
46.73547864
46.74465705
46.75450381
46.76286982
46.78290891
46.82165265
46.82769495
46.81479776
46.81430863
46.7947056
46.75771894
46.75229586
46.82112711
46.8671308
46.90615858
46.93475035
46.94115726
46.93523156
46.95237008
46.9941492
47.05335109
47.09140287
47.10877537
47.10256835
47.08527371
47.03654723
47.01747393
47.04834881
47.08976817
47.10573147
47.11116471
47.11093915
47.09070702
47.06553791
47.07346876
47.12362596
47.20321157
47.3076079
47.38791902
47.41141231
47.36612171
47.34219572
47.343369
47.3602515
47.3832329
47.43173949
47.4696755
47.47788337
47.48631272
47.4862946
47.4905538
47.51609948
47.5330961
47.55690129
47.60172019
47.67537234
47.75000193
47.81151076
47.90386889
48.02595097
48.15140413
48.25005539
48.34806848
48.36713264
48.37698345
48.37248231
48.37248231
48.37295564
48.3774573
48.38556205
48.41983526
48.44441967
48.47490706
48.51209512
48.55865547
48.58716782
48.60068437
48.62291315
48.65133571
48.68392276
48.71160942
48.74776036
48.78168887
48.79892926
48.84983686
48.89599737
48.93006026
48.95987673
48.98374683
48.99024925
48.99991428
49.01630611
49.06657976
49.13725863
49.20987793
49.27967062
49.34413685
49.39142855
49.41906025
49.412195
49.40175619
49.39100098
49.41505357
49.42467141
49.4335255
49.4321183
49.43865261
49.44812073
49.44812073
49.42896596
49.40394612
49.40651716
49.41187231
49.39709768
49.39408913
49.38848569
49.3791227
49.37937851
49.36914467
49.36196005
49.35589387
49.35029125
49.33409884
49.32486634
49.32762756
49.3821752
49.42083002
49.45744096
49.5030314
49.5328526
49.54420748
49.56823247
49.60432954
49.59075876
49.5938536
49.60752121
49.62749304
49.6660451
49.70679528
49.73780228
49.76903804
49.77459477
49.77902452
49.82540796
49.87627499
49.91728158
49.96232828
49.97816663
49.99680222
50.01179931
50.01988055
50.01935115
50.01512886
50.01347428
50.01019663
49.98002173
49.95819553
49.94024919
49.90690381
49.85319417
49.80628616
49.76129717
49.72308313
49.69346485
49.70442617
49.68645773
49.64922895
49.63345977
49.61498006
49.60666913
49.60680505
49.60837034
49.61732517
49.62721881
49.6269213
49.61877321
49.62419295
49.61258737
49.61371089
49.63339566
49.62443403
49.59734861
49.58677707
49.5779193
49.55869765
49.57800233
49.60212893
49.61037418
49.58608223
49.55616249
49.50152236
49.4433929
49.4342739
49.43471381
49.44168272
49.45334755
49.4468675
49.42803595
49.43567412
49.42386699
49.40633828
49.39132579
49.37882392
49.35520557
49.33300792
49.31275495
49.34267823
49.33324447
49.27508051
49.20752314
49.18123804
49.13663903
49.08685336
49.06203707
49.02295168
48.96755439
48.94534583
48.95777153
48.98890703
48.98630722
48.97217148
49.00038554
49.02177109
49.0538131
49.07761198
49.0968394
49.08572555
49.08997797
49.09055315
49.0999931
49.09378584
49.10626368
49.11430906
49.11591966
49.12191033
49.13017678
49.11653907
49.11114311
49.10333031
49.11815158
49.13428963
49.13375428
49.10244572
49.11216566
49.12977935
49.12320669
49.10089734
49.11544107
49.13868792
49.12042373
49.13627056
49.13303662
49.10490029
49.08533559
49.07687237
49.07408446
49.06305007
49.05643082
49.04241077
49.02547161
49.01855123
49.01951488
49.00163354
48.99494188
49.0018532
49.0055798
48.97945097
48.95355795
48.94532416
48.95407338
48.94507154
48.95771189
48.97446822
48.9556837
48.93718893
48.90896392
48.87881831
48.84511981
48.79687826
48.73487491
48.66973462
48.61696776
48.58482422
48.53722215
48.50824283
48.50693336
48.49311003
48.46184214
48.44986452
48.43048328
48.39764083
48.36574727
48.32702132
48.27981814
48.23861112
48.19183027
48.16207482
48.12150188
48.08479587
48.05924976
48.03384252
48.01031068
47.97603528
47.93473081
47.89184926
47.85828539
47.8136828
47.76710714
47.70468371
47.6531488
47.6388952
47.61929433
47.59583287
47.56846412
47.54341156
47.50355194
47.44270868
47.3936681
47.39125575
47.38439496
47.37904372
47.35515738
47.32294387
47.32094206
47.32147004
47.31999057
47.28920748
47.26110662
47.23001289
47.21390675
47.19910007
47.15121944
47.08425594
47.00503471
46.94281691
46.92243732
46.90803221
46.84776078
46.80269659
46.78398651
46.75700387
46.71039183
46.68357931
46.62914471
46.57899574
46.50352604
46.41895408
46.38325717
46.37084052
46.34729442
46.31634147
46.32393917
46.33068396
46.306554
46.29431344
46.27393023
46.25128069
46.23499156
46.21536989
46.20394249
46.19686319
46.18475166
46.18528633
46.16115588
46.15697129
46.12918389
46.12231535
46.11228418
46.09378975
46.08520988
46.07427833
46.06014858
46.04613829
45.9892441
45.92311641
45.87560899
45.78451069
45.66414347
45.53527629
45.39032515
45.28955173
45.26089956
45.28941109
45.30384431
45.33496443
45.36598358
45.36619683
45.30538211
45.22993742
45.14378471
45.04588234
44.94580014
44.88427652
44.84492108
44.77195504
44.65361469
44.5338375
44.47097818
44.40005219
44.34971872
44.27956926
44.20435857
44.15322039
44.11554919
44.05408997
43.95193511
43.85222587
43.79950583
43.73783752
43.61581485
43.43265947
43.22325505
43.04675626
42.92122462
42.7725369
42.62814922
42.48608452
42.35325796
42.16780843
41.89081644
41.65808349
41.46765608
41.21732174
41.00777591
40.71574819
40.41564152
40.08264382
39.72399242
39.2766268
38.77020231
38.25010305
37.70924427
37.09730001
36.41303917
35.79800084
35.25242594
34.77299247
34.37473706
34.15068754
33.88786548
33.62481427
33.3120169
32.98758554
32.67557834
32.44026762
32.28114313
32.13683386
32.09972418
32.13476369
32.11006545
32.21303413
32.4767005
32.74279697
32.98246147
33.30125428
33.73047714
34.1097758
34.44056555
34.75219917
35.04153211
35.30129594
35.53994873
35.80062627
36.07860908
36.35472967
36.63961568
36.93601129
37.19549378
37.4373654
37.64389335
37.80222091
37.92546796
38.08810905
38.24082233
38.43127539
38.67216634
38.91599104
39.19642945
39.5079086
39.80720149
40.10086755
40.43923591
40.80380552
41.14473712
41.44887637
41.7540892
42.01401298
42.1844226
42.29882847
42.33871553
42.36800139
42.45170439
42.52486338
42.59211433
42.6763165
42.80319424
42.94375245
43.06235509
43.19319776
43.26538524
43.29261371
43.30975083
43.33232794
43.38018257
43.40502708
43.4623672
43.53020462
43.53488138
43.5675713
43.56209442
43.55731582
43.56707072
43.57824231
43.57743247
43.58502555
43.59594033
43.57817736
43.56168681
43.53350818
43.49591297
43.47881678
43.46928048
43.44020806
43.4376415
43.4298199
43.43986833
43.42937427
43.4507963
43.48666004
43.5170333
43.54104966
43.57663192
43.5840179
43.58072942
43.57908585
43.5836835
43.58505271
43.57945656
43.57833329
43.56494081
43.56576341
43.56482402
43.54699238
43.55520616
43.54797601
43.53954301
43.52829248
43.52782843
43.51025611
43.50106554
43.46421357
43.43338452
43.39446945
43.36762439
43.35114561
43.34648999
43.34801809
43.33356059
43.31461908
43.30263373
43.30648027
43.30574773
43.30043421
43.29534487
43.27144639
43.25130815
43.23430714
43.21310857
43.18988621
43.16092656
43.14362535
43.12612411
43.11647788
43.08061283
43.03303115
42.98487519
42.95860457
43.00527035
43.04601533
43.07392007
43.08417593
43.10841231
43.10841231
43.12752316
43.17854595
43.21509941
43.23239187
43.24504787
43.28185486
43.31578596
43.27785078
43.27295751
43.27845299
43.26955259
43.27479892
43.291695
43.29445016
43.24662729
43.23214672
43.24599705
43.23410588
43.22777693
43.24651317
43.23929461
43.26260118
43.25320454
43.22565721
43.21014956
43.18502676
43.15852512
43.13541427
43.11188612
43.08307846
43.04014792
43.00478059
42.97680057
42.92934176
42.88715852
42.89818584
42.96241564
43.01398458
43.03921894
43.06562162
43.08206891
43.0789932
43.05960479
43.06462069
43.06836899
43.06524155
43.05827662
43.08677871
43.11489863
43.07438779
43.02815274
43.02319323
43.01515466
43.04564247
43.05749509
43.08457781
43.11724262
43.14049989
43.17080764
43.18975321
43.16095018
43.13545948
43.12544127
43.10459554
43.08236671
43.07104337
43.06897982
43.1082982
43.14912645
43.174903
43.18075568
43.18954034
43.17131764
43.14127107
43.13546684
43.14278359
43.15189359
43.14037033
43.12676723
43.1456402
43.15252059
43.15553311
43.19170702
43.23325126
43.28878071
43.32233854
43.35933481
43.4006388
43.39439294
43.38383652
43.41016268
43.42142227
43.40920583
43.43461998
43.47962609
43.53345186
43.59081111
43.60735553
43.56875766
43.53647747
43.52284213
43.49564928
43.50830289
43.53211926
43.56009202
43.60006318
43.63522528
43.68199884
43.69046792
43.65283864
43.63371222
43.59616574
43.5715511
43.55613218
43.55177655
43.58027419
43.61459662
43.64173501
43.68550878
43.72907364
43.73562346
43.71520723
43.70321939
43.69027482
43.66365615
43.6606563
43.6914959
43.74176256
43.79893304
43.84562359
43.89519694
43.90929081
43.92153727
43.92339161
43.92948688
43.93228524
43.93095194
43.93730818
43.95256647
43.96547884
43.9587547
43.97660913
44.01548586
44.06778284
44.09643932
44.1588603
44.19936575
44.22558677
44.23400592
44.22979478
44.23136183
44.23927023
44.26263002
44.25502907
44.26763916
44.30473926
44.33802642
44.3727443
44.38686362
44.36745831
44.37086235
44.37804258
44.37804258
44.36932687
44.3689956
44.37249534
44.36491704
44.35481694
44.37419382
44.37065957
44.37235627
44.40033228
44.4463367
44.51584284
44.57611627
44.63462899
44.68114011
44.68976128
44.70553555
44.71595215
44.71852429
44.718663
44.72940111
44.73551972
44.74933715
44.78849846
44.80379503
44.82468646
44.84892635
44.85404664
44.86195739
44.89376186
44.93737426
44.98588043
45.03325225
45.08135934
45.08400069
45.08083904
45.07138299
45.07239442
45.06846738
45.08178954
45.14241003
45.1923709
45.2237595
45.27113782
45.333737
45.39152701
45.4404033
45.47291866
45.48380631
45.51018236
45.55849275
45.58528228
45.61047036
45.63961795
45.6755613
45.73666667
45.786063
45.81550712
45.86615472
45.90139464
45.96381744
46.04893265
46.10490809
46.13542774
46.17284941
46.21066586
46.19196179
46.18319435
46.17439123
46.17113258
46.16133868
46.13663832
46.10920685
46.10124233
46.11728112
46.12462903
46.12009969
46.11818072
46.14727819
46.16584405
46.18465988
46.19220522
46.18375807
46.17377663
46.16936776
46.17821612
46.19156889
46.19187445
46.20560016
46.20051054
46.20040053
46.19015511
46.18626577
46.19155193
46.18215768
46.17009764
46.17880824
46.19765994
46.21943522
46.19916363
46.18544104
46.18930992
46.21545468
46.22775584
46.26664945
46.30476942
46.34769297
46.40081172
46.44889274
46.49923856
46.55458345
46.6314579
46.69209819
46.74275089
46.80516583
46.8675416
46.93367321
46.96759816
46.98580351
46.98580351
46.96891082
46.96416637
46.96867055
46.9838867
46.9972729
47.00846439
47.02584943
47.06136248
47.11364115
47.14964128
47.18920259
47.25320186
47.31446215
47.37262767
47.39533103
47.39437366
47.39032869
47.39032869
47.39110455
47.4006066
47.43105201
47.44190153
47.46094767
47.47611071
47.49525222
47.5173328
47.55107171
47.56708115
47.58265672
47.60424659
47.61252831
47.6224728
47.6248206
47.65438992
47.67327732
47.70360507
47.72367406
47.73779009
47.75215244
47.78832062
47.80060304
47.846283
47.89481443
47.91003073
47.9196502
47.91186751
47.89305207
47.87828725
47.86445363
47.88144941
47.89112161
47.88167879
47.90566348
47.98061894
48.01657026
48.04836251
48.07437949
48.09439619
48.11991827
48.14847696
48.13660228
48.06823978
47.96964801
47.90391335
47.86488488
47.8155586
47.81434985
47.83724985
47.84527492
47.83190106
47.81752999
47.79373514
47.75810624
47.68404392
47.64134257
47.62117066
47.62226952
47.63183665
47.65299834
47.65924515
47.66063688
47.64436148
47.61165474
47.56653577
47.53110952
47.49291434
47.43339483
47.38055651
47.36287914
47.34999891
47.32535016
47.26044412
47.1737883
47.06771122
46.95721765
46.89473936
46.86423287
46.86012033
46.85618827
46.84832475
46.82572755
46.81655828
46.80181952
46.76707241
46.74198597
46.7096972
46.65743408
46.57790416
46.51787703
46.50519177
46.49831277
46.46542698
46.45924706
46.43168598
46.39664969
46.36160812
46.34682141
46.32242978
46.23959332
46.17605402
46.13437644
46.10568047
46.04777646
45.9770564
45.90138887
45.81573619
45.76041037
45.74547675
45.69547988
45.60786477
45.53242935
45.42785895
45.24831486
45.06895583
44.93888548
44.86836719
44.81267899
44.74307544
44.71447107
44.7042337
44.69788814
44.64313579
44.51764341
44.38205844
44.30319358
44.23991431
44.20866341
44.18661027
44.21630789
44.19460066
44.16354778
44.12227048
44.11915235
44.17013196
44.19375447
44.20775822
44.20193882
44.19985687
44.15215482
44.01626447
43.76992625
43.4320801
43.10623476
42.84928007
42.7519091
42.74587233
42.75048602
42.76104478
42.74936267
42.65469094
42.54970517
42.48433734
42.45323468
42.44342709
42.42522862
42.42725812
42.42002549
42.41847496
42.42055022
42.40717216
42.37528851
42.31292313
42.26646295
42.14334415
42.00233106
41.85411372
41.74934111
41.68838698
41.68524678
41.64954549
41.56228967
41.40031096
41.13570874
40.78109665
40.37374526
39.92115756
39.56035352
39.11791363
38.69966965
38.26606517
37.85146987
37.4308561
37.00195089
36.44608334
35.77692005
35.05993635
34.32015847
33.6637079
33.10388066
32.47898161
31.80591178
31.16609268
30.57785513
30.0618468
29.79045594
29.68201882
29.73833287
29.9651288
30.23006403
30.53089339
30.90748608
31.29904296
31.74709751
32.22409869
32.59706282
32.95271259
33.34114683
33.70308693
34.07442771
34.42076278
34.7033833
34.95398957
35.2003792
35.42250924
35.66797558
35.92700893
36.19811272
36.44187953
36.67040477
36.90405798
37.143276
37.34348324
37.52891839
37.70424024
37.86194794
38.06835539
38.30164692
38.53459485
38.75778429
38.99841911
39.16509472
39.29027511
39.42858276
39.59725478
39.76377618
39.96631351
40.25186946
40.55580412
40.85973811
41.16026229
41.43040603
41.64787595
41.78982181
41.83725564
41.83938198
41.84639877
41.86982575
41.94313756
42.04875215
42.20618978
42.42335728
42.65106149
42.85680371
43.02494543
43.11653828
43.1540362
43.15865914
43.20520025
43.28170801
43.3813355
43.45535931
43.49373251
43.52541569
43.52216515
43.53609919
43.54998085
43.54686724
43.55262455
43.54202156
43.54088598
43.51637941
43.49157142
43.4384542
43.3813298
43.32956898
43.25309897
43.22467489
43.21919989
43.22534246
43.25289197
43.26369986
43.26014078
43.2376899
43.22696873
43.20887182
43.21243431
43.21177594
43.23981258
43.24782713
43.26054771
43.28755662
43.35652043
43.41228102
43.38768317
43.33830485
43.33775315
43.36174303
43.35615725
43.35293931
43.41602389
43.51883996
43.57746272
43.56005851
43.50344256
43.50170045
43.49494537
43.47631691
43.47739131
43.48708182
43.49798862
43.49297428
43.49519645
43.48070843
43.46127066
43.44830733
43.45317113
43.45990334
43.47031325
43.47279598
43.46553698
43.47921788
43.49294521
43.48833992
43.46921304
43.45204216
43.4364285
43.43189133
43.41959068
43.40565859
43.36659359
43.3322031
43.36029641
43.37370525
43.40587175
43.45512617
43.48302464
43.49221476
43.49208513
43.46126582
43.4271178
43.39904508
43.38436533
43.37534934
43.38412685
43.38348148
43.37200923
43.35565362
43.3385878
43.31308483
43.32854284
43.34406925
43.31712147
43.30503155
43.33605077
43.34299484
43.35200861
43.38904467
43.38867308
43.36922228
43.37897894
43.3835539
43.36891723
43.37456605
43.43226008
43.5019677
43.53174366
43.56383868
43.57000706
43.57657562
43.61242888
43.59684862
43.58703758
43.60967626
43.65924088
43.71366993
43.75019923
43.78952376
43.82466587
43.83566185
43.82313
43.82219346
43.80710781
43.80710781
43.80926384
43.82652641
43.84011706
43.85294717
43.8740087
43.86989744
43.87021511
43.86999684
43.8642379
43.87791773
43.88722366
43.88589505
43.87289761
43.86222073
43.86342999
43.86806259
43.86597698
43.85889515
43.8664664
43.86070372
43.85054228
43.83091781
43.83625403
43.85381964
43.8356459
43.8005842
43.8110247
43.82080296
43.81536614
43.82538454
43.86059402
43.89414728
43.93258358
43.95569982
43.94992731
43.94714707
43.96055225
43.95960682
43.93281055
43.93483116
43.94800662
43.99404375
44.02478484
44.0364703
44.01221426
43.99447799
44.00363621
44.02054161
44.03984313
44.08373272
44.11218524
44.14370341
44.18202798
44.20605846
44.20838086
44.24224802
44.27152772
44.29340819
44.31997197
44.36851582
44.40174473
44.43269618
44.46459841
44.4920503
44.4939793
44.49360361
44.54363514
44.57092656
44.58490126
44.61223146
44.62909559
44.63512261
44.66383654
44.71568217
44.75937109
44.8020106
44.79300654
44.78969697
44.78201855
44.78076357
44.83847939
44.89478591
44.92578682
44.94820669
44.97468033
44.97678792
44.97678793
44.98258341
44.98839263
44.99421577
44.99051934
44.97927586
44.98473345
44.98963934
45.00912205
44.99415928
44.99545466
44.98574365
44.99040241
45.00637635
45.01981383
45.01837793
45.02823114
45.0284021
45.03409944
45.027041
45.02933158
45.05390277
45.0941908
45.10725147
45.10172448
45.08882344
45.0910363
45.12413829
45.16039318
45.21438419
45.28065688
45.37613304
45.46426618
45.55360471
45.55836208
45.55945504
45.55222407
45.56491231
45.58192677
45.60794392
45.65730448
45.70439925
45.73866704
45.79212828
45.83774733
45.89380933
45.93498658
45.97511907
45.97227445
45.97243518
45.96477698
45.95237515
45.93808907
45.96847353
45.98437297
45.96936016
45.91882937
45.8532571
45.79239826
45.72439147
45.65683622
45.57510193
45.52037344
45.51934043
45.50540998
45.49350049
45.48613371
45.49052928
45.48806984
45.46444207
45.42534062
45.42194419
45.38486644
45.32589157
45.24803415
45.14781442
45.0438572
44.99708453
44.98028047
44.97556037
44.95944227
44.93761655
44.92393838
44.92193017
44.92193017
44.90015461
44.86577932
44.86004001
44.82726477
44.75382797
44.68614557
44.64892102
44.60886468
44.567107
44.53373832
44.45297358
44.41862548
44.38072608
44.3372092
44.3235447
44.2967429
44.23518514
44.20418004
44.16232297
44.03461354
43.9494776
43.92406783
43.86849667
43.86207317
43.85505028
43.85907087
43.8530815
43.85987575
43.85756303
43.8374947
43.83203286
43.75945345
43.62578475
43.43967466
43.30956427
43.22921542
43.18918876
43.11555329
43.02922349
42.92571515
42.77519525
42.60020616
42.42312009
42.26663031
42.13685441
42.01595668
41.91589314
41.78724877
41.67057186
41.57258041
41.45689823
41.28166242
41.05942835
40.84917751
40.63551092
40.31208801
39.90141316
0.500500765
