45.3188166
45.32466423
45.31401676
45.31546017
45.31917231
45.32142666
45.32896061
45.3275347
45.32280502
45.31316589
45.30427587
45.3076897
45.30646131
45.30450581
45.31815469
45.30931051
45.29062783
45.31165168
45.31355729
45.29376349
45.28049127
45.28388846
45.26433871
45.23039403
45.1911645
45.1499624
45.11119278
45.08885008
45.06086633
45.0366353
44.99910222
44.96146405
44.94674595
44.92364736
44.91137213
44.89655563
44.83594329
44.7694596
44.70617754
44.67911999
44.66255001
44.66468882
44.64889763
44.64774324
44.65576116
44.65085925
44.63213416
44.60457677
44.57401195
44.56411366
44.56221546
44.55472887
44.55399758
44.55551364
44.55757177
44.5817842
44.60918049
44.66404529
44.71488914
44.73492692
44.79561841
44.87890291
44.94537009
44.99354293
45.02064459
45.01921602
45.02550676
45.03048385
45.0203813
45.02401072
45.03319901
45.02883275
45.01928458
45.01588097
45.01729339
44.99964279
44.99614463
44.99591041
44.9835353
44.96025553
44.91743628
44.9038057
44.89966109
44.89486219
44.88577315
44.88101018
44.88253362
44.86098239
44.86119897
44.85612965
44.86977186
44.87134523
44.89071667
44.89980931
44.89739359
44.89192566
44.88803044
44.88325911
44.87843358
44.87853051
44.90212336
44.89085285
44.88400268
44.91323073
44.8947002
44.88407518
44.88061079
44.88337259
44.87908473
44.87033416
44.8689177
44.87244199
44.84916095
44.83806648
44.84012248
44.82283401
44.81643571
44.7913521
44.78231392
44.78669595
44.78198304
44.78324278
44.77929099
44.77143484
44.77280216
44.76833257
44.76267357
44.75313154
44.74049311
44.75635746
44.78923487
44.81227507
44.81491133
44.81702166
44.81122456
44.79579144
44.80270872
44.79716858
44.79122166
44.78839059
44.77538482
44.76169733
44.75652218
44.7451171
44.73025713
44.73937611
44.7547394
44.75201464
44.74827461
44.73338368
44.7236153
44.71985809
44.71404288
44.69789583
44.69140158
44.68450306
44.67496878
44.65927104
44.63585931
44.61924717
44.60681783
44.59026718
44.57660838
44.56997387
44.5399385
44.52613125
44.52720898
44.5215647
44.51049924
44.49417718
44.46823375
44.45727488
44.4417482
44.43640526
44.42636766
44.42634064
44.42768797
44.41914361
44.40921333
44.39445747
44.37496277
44.36063821
44.35440505
44.35090051
44.34665466
44.3235651
44.3171403
44.31239146
44.31739961
44.31523705
44.31944471
44.34805157
44.34187505
44.33284551
44.33260775
44.34852463
44.35998702
44.3417053
44.32593522
44.32037708
44.32721764
44.32517796
44.31181788
44.29914975
44.28962027
44.26551513
44.25750825
44.26046393
44.25774016
44.25509517
44.24225492
44.23855949
44.22517742
44.21735546
44.21231477
44.19686668
44.17623146
44.15088589
44.12662532
44.09836825
44.07502553
44.0423926
44.02395546
43.99992969
43.96404345
43.93849156
43.93436046
43.92501425
43.92176536
43.91487709
43.90115213
43.88858506
43.88370226
43.87605865
43.8594914
43.83714307
43.83084242
43.81551786
43.79468352
43.75868945
43.71808871
43.67631415
43.65253335
43.62087855
43.58998755
43.57265462
43.55708863
43.53699282
43.51224839
43.50343617
43.5084137
43.52375383
43.52268844
43.53788108
43.55228368
43.56566839
43.59681362
43.67905514
43.73569855
43.77247516
43.79803479
43.82226135
43.84384083
43.86706032
43.91276297
43.97343638
44.05223943
44.11344501
44.1899873
44.32550478
44.48995679
44.70563343
44.90413263
45.04276794
45.09247169
45.11550416
45.17685269
45.25394871
45.30200837
45.34386288
45.38992569
45.40337494
45.38314728
45.36557916
45.38190156
45.38133738
45.378896
45.39488162
45.43805686
45.50007561
45.57499203
45.67497704
45.7941263
45.89853784
46.00063121
46.08810804
46.18200621
46.22033598
46.2178236
46.18570614
46.1573464
46.13973209
46.1240407
46.12054231
46.11881848
46.11445428
46.11614903
46.09692214
46.06736081
46.03977699
46.00546348
45.98598953
45.98731492
45.97354724
45.97354724
45.97528367
45.96230715
45.96101901
45.94326386
45.92416963
45.92175418
45.90987065
45.90596722
45.91445893
45.89988758
45.88322993
45.88031725
45.88031725
45.88553783
45.88477756
45.85682649
45.82690745
45.80642895
45.78180926
45.75553705
45.73417741
45.72915082
45.70506859
45.70824345
45.73586081
45.74223634
45.73896941
45.74185309
45.71568046
45.72142168
45.73177661
45.73643744
45.71952529
45.70695976
45.69424673
45.6790329
45.67375249
45.67980093
45.7137425
45.76583467
45.82188858
45.88343297
45.93956623
46.00255294
46.03465783
46.04230555
46.03072031
46.02745584
46.02996948
46.02315614
46.01498727
46.01634727
46.01634727
46.01602123
46.00449544
45.99221271
45.96543403
45.96758757
45.96992677
45.98117657
46.00184833
46.03019286
46.05313091
46.06653785
46.07642803
46.08634689
46.08134332
46.08589929
46.09632851
46.10333863
46.11240317
46.12365257
46.14697432
46.19027814
46.22980911
46.25550346
46.28735082
46.32529826
46.3573709
46.38299099
46.41413413
46.4428186
46.45317324
46.45739495
46.4506249
46.45274563
46.4489327
46.45330062
46.45626779
46.46255367
46.48795505
46.521219
46.55996725
46.60302539
46.64239352
46.70371544
46.78242192
46.84216628
46.89145814
46.93016998
46.9668401
46.9992838
47.02095851
47.03180952
47.04266962
47.04600776
47.05688531
47.07212919
47.0895725
47.11578092
47.14546086
47.1937767
47.23197408
47.28853919
47.34838609
47.42837236
47.50965458
47.58001211
47.65390767
47.70446369
47.72768779
47.74379868
47.74840489
47.75070852
47.75070852
47.75143683
47.75216739
47.76600668
47.79603434
47.84234417
47.87009162
47.89511587
47.93084932
47.96731582
48.00681428
48.04694675
48.08243861
48.10803483
48.10567473
48.10814185
48.11006573
48.10632602
48.10216112
48.11084412
48.11716316
48.13111091
48.13426379
48.14748386
48.16039144
48.1730312
48.17441949
48.19257779
48.22356089
48.26198177
48.2825918
48.31615712
48.33979443
48.35326271
48.35202709
48.34343287
48.34536612
48.3437081
48.3445512
48.34140933
48.34608356
48.33536225
48.32940844
48.32867797
48.32803344
48.31983304
48.31438636
48.32430233
48.32781493
48.31987246
48.31595979
48.33393372
48.3316908
48.34227963
48.34406579
48.35478142
48.35526268
48.35323972
48.3612103
48.37414731
48.38215432
48.37747669
48.39072431
48.38870198
48.38426491
48.38231056
48.39308821
48.39499583
48.40642172
48.42341547
48.44129524
48.45881818
48.4756202
48.51856577
48.590022
48.62815015
48.6251172
48.6198674
48.61927275
48.61334049
48.6130679
48.6024323
48.60174057
48.59339452
48.58839634
48.59000425
48.59548434
48.59339685
48.59311302
48.58819328
48.58269195
48.56782046
48.56072679
48.56228231
48.56642445
48.55868461
48.56280936
48.56538484
48.56902125
48.56773708
48.56723316
48.56062362
48.55282982
48.55243582
48.56076627
48.56933139
48.58475276
48.59382704
48.59737306
48.60786267
48.61272683
48.61673237
48.60538638
48.60757552
48.61174459
48.61316752
48.60885722
48.60674985
48.59516888
48.59378167
48.59411181
48.6053446
48.60746796
48.61901832
48.63278128
48.63582692
48.64091918
48.64371857
48.64552826
48.65652695
48.66473796
48.67084956
48.67714424
48.68176699
48.67707093
48.66926609
48.66910274
48.66321894
48.66477449
48.68203425
48.70363199
48.72655714
48.74109736
48.74604728
48.74238648
48.73009191
48.72423528
48.71670783
48.7292227
48.75102481
48.79610199
48.84205122
48.87544096
48.90548513
48.9222644
48.93980759
48.93990196
48.92637117
48.93464049
48.92024973
48.91520359
48.90686544
48.90059983
48.8991747
48.8931544
48.88436036
48.8737197
48.8693929
48.86605113
48.85673543
48.85836613
48.86409383
48.87213485
48.86835902
48.87263489
48.87924241
48.88366586
48.89583879
48.93297821
48.97660634
49.00781021
49.0411063
49.0721719
49.08309741
49.08490722
49.10368238
49.11912905
49.14410075
49.15240058
49.1692368
49.19042041
49.20351506
49.22113356
49.23291468
49.24902191
49.25497951
49.25464654
49.26154779
49.25444142
49.26317388
49.28168517
49.30511723
49.34569619
49.39469705
49.4479993
49.52097109
49.57748908
49.6254877
49.67350705
49.73583803
49.82502179
49.93803934
50.0477617
50.16351705
50.28139146
50.36925836
50.44964135
50.53326384
50.60721189
50.66718409
50.73571843
50.80925511
50.87642966
50.96058567
51.04928283
51.11827334
51.17156278
51.20100517
51.22374435
51.23418371
51.24818172
51.26468802
51.28679013
51.30857971
51.33037287
51.36960957
51.43066738
51.51357601
51.5824186
51.59188672
51.60657139
51.61205976
51.62853115
51.63767431
51.65771531
51.66776293
51.68366098
51.69401833
51.70698847
51.70304765
51.71126058
51.72842913
51.7380331
51.76089138
51.77757769
51.79314602
51.81701999
51.82609746
51.83985064
51.85507942
51.86334383
51.88062761
51.91811754
51.92584746
51.95633426
51.97524971
51.99817403
52.0241038
52.05596265
52.08262037
52.10489077
52.13639357
52.16959437
52.19533029
52.21814064
52.24862838
52.26557431
52.28875842
52.31575564
52.34822454
52.37939139
52.41229714
52.43226202
52.46037885
52.48398893
52.51550138
52.53657604
52.56236255
52.5882562
52.62013713
52.65166304
52.6815412
52.69582337
52.72114181
52.76145862
52.7917263
52.81707684
52.85958845
52.88197388
52.9035848
52.91786648
52.94082934
52.95297327
52.97527344
52.99701123
53.01963079
53.02791489
53.03416927
53.03088158
53.03958806
53.04767546
53.04783719
53.05642173
53.06861694
53.07350021
53.08724054
53.0835191
53.09087268
53.07035516
53.06054334
53.04635164
53.05172712
53.05924356
53.06888929
53.0728645
53.07388063
53.07238969
53.06658544
53.05959293
53.01884255
52.90811678
52.84217162
52.79916203
52.76243975
52.71019544
52.65045184
52.59001869
52.56618972
52.55597987
52.54806167
52.51736455
52.48287327
52.46339859
52.43238439
52.3951612
52.36330531
52.30956799
52.22740276
52.15241398
52.0617367
51.97217027
51.89869402
51.83527926
51.78045216
51.74830659
51.74373413
51.74525845
51.72614591
51.72683769
51.73709417
51.73020036
51.7267843
51.71135439
51.68740674
51.66449568
51.64618265
51.62735418
51.60442129
51.57551662
51.53706615
51.49310069
51.46394111
51.44582404
51.41544363
51.38689493
51.3584435
51.35395687
51.3592607
51.35608592
51.35608592
51.35271722
51.33924455
51.33607365
51.33118217
51.31846086
51.30136217
51.27719123
51.24349667
51.21134581
51.13314365
51.05098653
51.03214249
51.03616801
51.04057634
51.03224023
51.02887475
51.02887475
51.01965903
50.98792513
50.94362025
50.86084158
50.75409336
50.66710888
50.56157372
50.45149618
50.33582801
50.23109105
50.13653696
50.05466807
50.00560601
49.97941219
49.94574674
49.92203366
49.90171671
49.89730409
49.89289328
49.88274132
49.85505531
49.8101568
49.75953781
49.68204931
49.61508657
49.5704281
49.50603567
49.41358033
49.34877758
49.31935409
49.2576137
49.17005392
49.10865489
49.0654913
48.9919786
48.92534971
48.89731453
48.90655806
48.89752721
48.89752721
48.89752721
48.89752721
48.8952844
48.8952844
48.89304192
48.88855798
48.8795941
48.86615835
48.85049858
48.82369155
48.78239687
48.69295932
48.58506342
48.46808406
48.34185532
48.20975946
48.06587608
47.93517814
47.84378395
47.78133774
47.74716444
47.74296848
47.74296848
47.73953435
47.72341706
47.70205473
47.68155876
47.65525657
47.62105177
47.58476977
47.52642194
47.46187051
47.41389002
47.39841074
47.37887694
47.32598992
47.26689423
47.2050096
47.1699711
47.14119554
47.07564246
46.99428535
46.89507075
46.8508269
46.84846215
46.84472606
46.83172098
46.81978748
46.82388985
46.82157624
46.81816383
46.82533862
46.83861497
46.83189462
46.83132637
46.8237036
46.81495737
46.81056849
46.8061913
46.78987967
46.7733255
46.74084336
46.70016276
46.63624218
46.562678
46.47933035
46.40831812
46.34202986
46.26415677
46.21110615
46.20334331
46.19620196
46.18673693
46.18441346
46.17262521
46.14904945
46.13620195
46.10569521
46.05237521
45.99221516
45.95636813
45.92850649
45.87635242
45.8009555
45.74106987
45.67251556
45.60352358
45.56658068
45.54181805
45.52870269
45.52273801
45.52222178
45.51654989
45.51865962
45.50710473
45.48211619
45.45926847
45.444223
45.40186582
45.35355993
45.32222017
45.2813701
45.22656209
45.1858117
45.14109626
45.10317802
45.08281733
45.02657977
44.98385188
44.95842226
44.94444859
44.9326522
44.92675411
44.91495814
44.883633
44.82299883
44.71125086
44.60875059
44.50627339
44.38583549
44.24261236
44.09202816
43.94697295
43.85268522
43.78038753
43.7411788
43.74160291
43.74715828
43.74045469
43.73117899
43.72100217
43.70831457
43.70767669
43.70867819
43.70015847
43.67445235
43.61859555
43.46582076
43.30588977
43.09246528
42.84179922
42.51647468
42.18960485
41.89976068
41.68533664
41.51309062
41.41866148
41.37490197
41.33873357
41.27740159
41.17676902
41.02490942
40.84894693
40.64112918
40.37789317
40.09128079
39.81672536
39.5501209
39.28128104
39.01436023
38.76978318
38.51909713
38.23676311
37.97224255
37.77691843
37.61133257
37.46222749
37.31503534
37.20258518
37.07759142
36.94257381
36.81833795
36.74642439
36.77655197
36.83286257
36.931422
37.02530539
37.1404069
37.26349332
37.3570683
37.454485
37.58059428
37.72264756
37.89019864
38.10482242
38.27618164
38.41744053
38.54333345
38.65489127
38.73396978
38.78745428
38.86403561
38.93223791
38.97695666
39.02089521
39.12953478
39.23181538
39.35900138
39.52863594
39.6947644
39.84480026
39.9833657
40.11663041
40.23202431
40.31671867
40.37452814
40.44529752
40.53442222
40.62573438
40.75963611
40.92656802
41.10892869
41.25059431
41.35382122
41.46104366
41.58110719
41.714679
41.87069011
42.01102138
42.14485953
42.26547817
42.40534883
42.59554517
42.78274279
42.99275478
43.20502861
43.38869389
43.53188856
43.65938433
43.77584357
43.87180967
43.97003066
44.06966512
44.22495678
44.3982319
44.55838807
44.68001114
44.76706397
44.79629344
44.82213358
44.83623932
44.85543504
44.91978973
44.99458843
45.07024082
45.14585997
45.25226871
45.34515684
45.40325429
45.39365194
45.39689074
45.39546216
45.38773292
45.38387071
45.36873183
45.34974768
45.3384153
45.31751859
45.27565945
45.25139357
45.23531284
45.19291536
45.17458411
45.17678394
45.17631736
45.16088661
45.1631726
45.16159409
45.15824704
45.15078746
45.14745552
45.15132662
45.15431468
45.15821133
45.16324186
45.14435648
45.11857975
45.08349339
45.02217658
45.02623297
45.02226434
45.02440417
45.02705828
45.01455067
45.0211646
45.0198702
45.01066731
45.00483097
44.99759839
44.96845409
44.94958776
44.93274967
44.93138671
44.93770989
44.93042117
44.92047737
44.9212424
44.91216604
44.9092936
44.90664657
44.90263696
44.896565
44.8939174
44.88747158
44.88475365
44.88481628
44.87685289
44.86587966
44.84302641
44.82368725
44.80408889
44.80497604
44.80077281
44.79415072
44.7878954
44.75103188
44.71526644
44.69364527
44.66548228
44.64784312
44.64951239
44.63978776
44.61050072
44.59704235
44.59588608
44.58322504
44.55732107
44.55552681
44.52958799
44.50274121
44.48882565
44.47073636
44.45004655
44.4433048
44.4433048
44.4433048
44.44780119
44.4442528
44.43826518
44.43529781
44.43611937
44.43408286
44.44358433
44.43178653
44.43510645
44.45486254
44.47865967
44.48668751
44.47275513
44.47076396
44.47775555
44.47775555
44.47775555
44.47775555
44.47943162
44.48117716
44.47641882
44.46971886
44.46224253
44.45873807
44.46915523
44.47317873
44.49857136
44.51550725
44.50367746
44.50035057
44.49586889
44.48770904
44.47457933
44.47093238
44.46973922
44.45920205
44.4446324
44.42592727
44.42387726
44.42234152
44.41903065
44.41374542
44.41043637
44.40157541
44.39470352
44.39214161
44.37778415
44.36619465
44.35057368
44.35161944
44.34992396
44.32803517
44.31107656
44.28909499
44.26560494
44.25386317
44.24292384
44.22775851
44.2244524
44.23411054
44.22409017
44.21866752
44.20845652
44.19515696
44.18686134
44.18048347
44.17578139
44.16313962
44.15509222
44.12592662
44.10823851
44.06484885
44.04662836
44.03353352
44.03338094
44.05165531
44.04565951
44.02506325
43.99267342
43.9794345
43.96584063
43.96152292
43.95713188
43.94498233
43.94711546
43.93546839
43.91041515
43.89426247
43.89044901
43.8814559
43.86868349
43.8737517
43.9084176
43.96801218
44.02406097
44.07873104
44.1383914
44.20327398
44.22529204
44.23029919
44.21161835
44.17349896
44.15941702
44.15330741
44.13071329
44.12209646
44.10304378
44.0783263
44.05517314
44.04113087
44.02360739
44.00758394
43.9926924
43.98758769
43.99254511
44.01246786
44.01717409
44.01660361
44.01218693
44.00745033
44.00928488
44.01111987
43.99722179
43.99016852
43.98081036
43.98262392
43.96610406
43.94141005
43.91672131
43.90587271
43.89998241
43.89174466
43.88351741
43.8660968
43.85567531
43.83388155
43.81214861
43.78559769
43.75679322
43.71895124
43.67302583
43.62120611
43.58135773
43.54962378
43.53537413
43.5391657
43.54106212
43.55244954
43.57146242
43.58981054
43.60439668
43.62286404
43.64132905
43.64761952
43.66759285
43.69475429
43.71553826
43.73504534
43.74617345
43.74892687
43.72528535
43.70691506
43.70442381
43.69407191
43.6655967
43.66465224
43.70362759
43.75665486
43.83914169
43.94906562
44.04763373
44.12104375
44.16257979
44.22261818
44.32265655
44.42862542
44.58237452
44.76458308
44.89496412
44.9634933
44.98626977
45.00048472
45.01826708
45.04143196
45.06204123
45.08265253
45.0948916
45.09682467
45.10197769
45.11743752
45.19476354
45.33765569
45.50561474
45.6386795
45.74649213
45.7926118
45.82453275
45.83651098
45.82951489
45.82382978
45.823229
45.82766944
45.8270134
45.82003049
45.79655489
45.7743829
45.73139559
45.70779502
45.66722519
45.65834459
45.67073182
45.69636227
45.72071725
45.74314838
45.7761442
45.83484062
45.88232272
45.90986683
45.90484637
45.89184979
45.89803795
45.90397947
45.90380899
45.90661942
45.91344321
45.91802182
45.92229346
45.94318037
45.97540753
46.01009661
46.04515764
46.09157638
46.1481988
46.19886468
46.21542958
46.21321806
46.20346577
46.19423566
46.18527418
46.17845309
46.15771083
46.12546416
46.12568439
46.15460789
46.17741718
46.20338316
46.23045412
46.26581003
46.27732782
46.27038967
46.2732105
46.27093339
46.27070901
46.29459631
46.30079543
46.30911208
46.30919193
46.33138866
46.36107592
46.3920265
46.40741839
46.42691555
46.44633864
46.46782285
46.48288397
46.48518326
46.49595879
46.50690127
46.49292373
46.48350567
46.47437299
46.48041031
46.50610877
46.54918727
46.60088273
46.63916957
46.6605901
46.67396554
46.69230148
46.71028703
46.72379136
46.74472551
46.77309207
46.80761588
46.85744447
46.92567149
47.00109136
47.06998986
47.13226998
47.18320619
47.22268207
47.242708
47.2436882
47.24324301
47.2455773
47.24280025
47.24980694
47.25404407
47.26105874
47.26807655
47.28212154
47.30175955
47.31084791
47.33086882
47.34553218
47.35320255
47.36644882
47.39367825
47.42946007
47.44532102
47.46687317
47.4901093
47.50690893
47.53334198
47.55933632
47.60497626
47.64572901
47.713831
47.77960693
47.85461797
47.91606182
47.96679969
47.99730486
48.02064149
48.02516583
48.04222923
48.05874535
48.06874698
48.07778616
48.10235927
48.12201478
48.14029097
48.17296647
48.244663
48.34590184
48.46328323
48.5903167
48.73401784
48.78005723
48.75559937
48.77768523
48.79435578
48.82308661
48.8421798
48.8541333
48.86374695
48.86748896
48.87747711
48.89401233
48.916922
48.94572619
48.97582632
49.01207952
49.04191731
49.0795533
49.10987434
49.13260441
49.14830155
49.15855547
49.16581751
49.16567355
49.17996538
49.19325946
49.21389357
49.23075136
49.2341277
49.24451426
49.23774352
49.23398543
49.23416371
49.219779
49.20653397
49.20819931
49.20398301
49.20754566
49.20294086
49.19918013
49.20084474
49.19737414
49.20415259
49.20095871
49.20477335
49.20167442
49.20313197
49.2141858
49.20740086
49.20027651
49.1914186
49.19175465
49.18660215
49.18327056
49.18073218
49.17783026
49.16965838
49.17027118
49.16745848
49.16194212
49.1561598
49.15527716
49.15198149
49.14250119
49.12686937
49.12872122
49.12717953
49.12264531
49.11999555
49.11458253
49.10261015
49.09067381
49.06842419
49.05157889
49.03283645
49.03208054
49.04278246
49.05907087
49.07524174
49.07828833
49.08978005
49.0996811
49.11257528
49.12021463
49.11804751
49.10640256
49.09243155
49.06765039
49.05612943
49.05342818
49.05478614
49.05868031
49.07267591
49.07932539
49.08864201
49.10092251
49.10043502
49.10322457
49.12192815
49.12958618
49.14273397
49.17020571
49.21093784
49.26040709
49.32239454
49.39119396
49.4603243
49.54842822
49.64978271
49.78498863
49.90711738
50.0001386
50.06981654
50.14531992
50.2196081
50.30360133
50.39147057
50.49810137
50.60307816
50.7183802
50.83121153
50.91303924
50.95733385
50.991021
51.03022494
51.07954329
51.15645018
51.21869339
51.27598388
51.33095004
51.37181656
51.40724091
51.42113939
51.43581056
51.45089934
51.4824142
51.52084942
51.56624996
51.60141865
51.62381608
51.62903775
51.63805332
51.64691619
51.65716676
51.67637882
51.6902592
51.70687461
51.72574516
51.73715781
51.75023773
51.76303289
51.77044065
51.776257
51.78309649
51.78936101
51.79757956
51.79997466
51.81525568
51.83530738
51.85689722
51.8791844
51.90878334
51.9440689
51.96528815
51.98265898
51.99513588
52.00341477
52.02433917
52.03215135
52.04553844
52.06470461
52.08845962
52.10217038
52.10681149
52.11588386
52.11990851
52.13725858
52.1361642
52.11259945
52.06248814
52.01226955
51.97763246
51.93791891
51.88364983
51.84468059
51.81926804
51.79741941
51.77483402
51.76871174
51.76485237
51.75713416
51.75713416
51.75410059
51.75492691
51.76898091
51.77615694
51.78014664
51.78390683
51.78862244
51.79171118
51.79695104
51.80900403
51.80469239
51.80603136
51.81815674
51.84267184
51.85652302
51.87993131
51.89918236
51.90868109
51.90925245
51.89041347
51.87145643
51.85956148
51.85626607
51.8525971
51.83355126
51.79987589
51.77441682
51.73839664
51.69335795
51.67394225
51.65921672
51.63998628
51.61654855
51.59047251
51.56954547
51.55058739
51.51830246
51.48152398
51.44143067
51.38962852
51.3461458
51.30266015
51.2596382
51.20534887
51.16336456
51.13932726
51.11809306
51.10567642
51.09558397
51.08274747
51.06175367
51.04317322
51.00687682
50.94905704
50.90856673
50.86060563
50.84948099
50.85008614
50.83370157
50.80883722
50.77547483
50.73720103
50.7090857
50.67218073
50.62408069
50.58493935
50.54952889
50.51667958
50.47493273
50.45183282
50.42211543
50.41006906
50.39461511
50.38824685
50.38848744
50.38734325
50.35235799
50.31733826
50.29381386
50.27769271
50.24785024
50.21043969
50.18090686
50.16524606
50.14352006
50.10157527
50.06451885
50.02166399
49.96931744
49.90496808
49.85076092
49.8014251
49.75812491
49.70823721
49.65643477
49.63471763
49.60501534
49.57498683
49.54973518
49.54052307
49.52601614
49.5078847
49.48010537
49.4456077
49.40280153
49.3452395
49.29779714
49.2714464
49.276117
49.26883664
49.26883664
49.26519676
49.25063933
49.21591259
49.17522945
49.11197852
49.01191101
48.9046836
48.84599587
48.81235823
48.69974814
48.56111957
48.43016766
48.35732901
48.3032503
48.25889622
48.23408353
48.22732364
48.22185826
48.2145237
48.19619101
48.18435121
48.15944494
48.13919314
48.10801782
48.07362833
48.02380818
47.94512981
47.86735384
47.79619112
47.70885155
47.62394516
47.5505709
47.48481179
47.4012525
47.34409867
47.30766182
47.28200467
47.26919568
47.26492892
47.25511319
47.23974736
47.21585643
47.21107486
47.20106221
47.18401425
47.15963675
47.12466007
47.088083
47.0377106
46.97190239
46.87131415
46.84203011
46.84772671
46.84614543
46.80686989
46.78464134
46.76797082
46.7557955
46.73707121
46.70800466
46.66548046
46.60222726
46.53644985
46.46511217
46.41038966
46.31915516
46.23162864
46.1637772
46.10856814
46.04716871
45.98842244
45.98141056
45.98051649
45.96458813
45.96628228
45.96482415
45.96185522
45.95351279
45.94311595
45.942368
45.91889565
45.88681286
45.83752778
45.77254805
45.77018845
45.7681945
45.76108057
45.74278917
45.75449471
45.72242122
45.67803965
45.64537143
45.6445525
45.63461825
45.6363716
45.62868906
45.61500643
45.5835705
45.57409167
45.57110375
45.52698175
45.49906614
45.49204476
45.49204476
45.49204476
45.49204476
45.49204476
45.49204476
45.48743119
45.48930821
45.50107574
45.50263998
45.50301169
45.49613396
45.48301881
45.49073582
45.51675814
45.5656329
45.64141923
45.73525107
45.78281284
45.81119095
45.87050668
45.99021537
46.10352014
46.21205237
46.27952899
46.29319728
46.2654538
46.20531958
46.09060259
45.87002177
45.49525165
45.05207055
44.63480644
44.26017337
43.95207959
43.69593692
43.38631398
43.05816443
42.71874701
42.3386443
41.9179182
41.49450056
41.08906063
40.73229655
40.40698618
40.09725595
39.83171995
39.60399833
39.39073962
39.23218602
39.09992236
38.96066344
38.78729826
38.60792663
38.42756751
38.31039052
38.22768633
38.15341351
38.04885562
37.9474559
37.82592794
37.69044174
37.5737658
37.47851844
37.44801096
37.45512864
37.43403082
37.41468729
37.42593653
37.48894096
37.54680387
37.58927732
37.63944666
37.76546215
37.92767079
38.1246754
38.34319197
38.58858457
38.80916955
39.03511558
39.24949316
39.46083563
39.63077783
39.75505806
39.8549663
39.94204656
39.99318453
40.05980692
40.15838297
40.29831298
40.43187392
40.5363484
40.61665564
40.67726837
40.71440283
40.76285736
40.84857731
40.93552318
41.03658671
41.14630933
41.23860923
41.32216252
41.40247437
41.52281726
41.64305491
41.82602785
42.01966378
42.18697743
42.29139972
42.39649634
42.4629318
42.52729813
42.58330766
42.64381393
42.71388549
42.78153518
42.85317842
42.93402035
43.01879975
43.10977894
43.22540599
43.36267528
43.48941524
43.6067002
43.71003362
43.79327698
43.86915235
43.93444092
44.01262286
44.11857514
44.25227936
44.40578685
44.54923093
44.66255069
44.73250319
44.80655303
44.87649688
44.94971872
45.02577877
45.10988742
45.18735444
45.26553727
45.36460829
45.45850544
45.51895146
45.53036114
45.55766141
45.56190887
45.56843191
45.60955047
45.67968397
45.73708728
45.78406427
45.82060852
45.82376836
45.85339561
45.88009467
45.90054221
45.91557315
45.94695431
46.00425767
46.07524459
46.1621437
46.22002458
46.25535356
46.25487412
46.26664995
46.26818035
46.26442362
46.26963936
46.26860622
46.26660028
46.26660028
46.27087399
46.27140401
46.27221694
46.27904731
46.27119647
46.26158793
46.26803938
46.26738266
46.26132953
46.25850266
46.26294064
46.25818974
46.25914868
46.25367106
46.24919315
46.24126875
46.22834063
46.22424786
46.21785944
46.22583509
46.22784256
46.21678474
46.22601007
46.24428252
46.26552708
46.27216001
46.27840736
46.29103075
46.30923607
46.32487559
46.35000874
46.35481528
46.3691359
46.39099602
46.38892886
46.38566795
46.38022328
46.37441508
46.37008208
46.3645932
46.36355021
46.35764339
46.35416947
46.35678424
46.35348719
46.35174179
46.33380775
46.33542965
46.32759475
46.32027266
46.31705534
46.33699444
46.35074777
46.36425413
46.39201475
46.41542731
46.43447071
46.48219183
46.50651472
46.51758026
46.52384572
46.55780007
46.60575401
46.63008924
46.63621183
46.64277027
46.64045933
46.64376438
46.66145453
46.67641282
46.68696044
46.67855825
46.66683314
46.6839939
46.69114481
46.68918668
46.68020282
46.67088906
46.67451121
46.67720589
46.68705841
46.67555745
46.68422465
46.66444186
46.63590433
46.6231308
46.59936133
46.59371021
46.5946502
46.60032876
46.60601089
46.60602434
46.61551415
46.61555321
46.59386754
46.5845326
46.57250916
46.56248728
46.56757054
46.57723949
46.58687072
46.59070309
46.59093683
46.58962764
46.59816099
46.59490426
46.61662565
46.64752737
46.65008721
46.64562885
46.64095999
46.64095999
46.64095999
46.63824824
46.63368931
46.63131665
46.62551026
46.60968419
46.59491329
46.58319021
46.57526379
46.55483475
46.55308015
46.55101179
46.54167568
46.53700638
46.53603529
46.52138915
46.52869151
46.53290439
46.5137743
46.49831024
46.48536336
46.48834235
46.47705793
46.46133289
46.45572977
46.44953672
46.45966464
46.46371851
46.4631935
46.43977376
46.41764791
46.4121718
46.39017717
46.37941866
46.36210295
46.35250728
46.34471724
46.32962302
46.31799002
46.30016082
46.31099926
46.34077675
46.36298178
46.3954021
46.42031616
46.4353275
46.43799134
46.45775935
46.45738503
46.45052556
46.45052556
46.45541288
46.44683738
46.44356136
46.4602856
46.46405038
46.44849296
46.45256525
46.44223729
46.4215436
46.41635137
46.42472947
46.43543309
46.44248767
46.44294983
46.45983193
46.50096025
46.51794869
46.54177981
46.58961176
46.63644391
46.67728586
46.73305976
46.78849612
46.83225408
46.87410972
46.91391538
46.94271858
46.96269521
46.96720489
46.95414151
46.94108524
46.95007169
46.95863732
46.97565016
46.99007447
47.02109609
47.05935518
47.09997782
47.14525004
47.19892865
47.24564286
47.31443585
47.39070659
47.45781701
47.47988219
47.50067556
47.50534067
47.51017778
47.51017778
47.51917305
47.5375067
47.55386081
47.58896247
47.6356376
47.68224642
47.73348451
47.8072219
47.88989804
47.95560533
48.02151825
48.08600159
48.12610672
48.1456552
48.15276537
48.1491839
48.16317381
48.17442855
48.19634109
48.21401044
48.22999316
48.23309424
48.24452681
48.27087489
48.2862109
48.30348792
48.31800384
48.33526221
48.35976869
48.38098284
48.40138225
48.43084141
48.44767238
48.44073339
48.46180341
48.47652322
48.50259017
48.51263546
48.51726929
48.53169536
48.54923719
48.57797545
48.62388886
48.67459629
48.73781499
48.78463841
48.81980517
48.82978341
48.83709222
48.84369162
48.84794369
48.85553819
48.85469486
48.86025363
48.8675327
48.87864355
48.89382851
48.9107498
48.93153289
48.94871277
48.96362807
48.96704733
48.9653633
48.9629594
48.95653286
48.94887934
48.94428344
48.96205691
48.96220044
48.96225049
48.96670852
48.96670852
48.96670852
48.96230163
48.96496729
48.96507507
48.9589363
48.96618982
48.97090764
48.97201298
48.96596187
48.96882528
48.96550497
48.95358124
48.96230227
48.9624734
48.97277808
48.97113185
48.98122845
48.97731749
48.96740016
48.95867468
48.95285704
48.95367836
48.9434225
48.95061203
48.95061203
48.95164104
48.94242667
48.94041846
48.93969847
48.93227281
48.93049338
48.93088362
48.93028285
48.93147861
48.93191011
48.929653
48.94412187
48.94004408
48.93750367
48.92683828
48.91955818
48.90429495
48.90464012
48.90715718
48.91267493
48.92389536
48.93055342
48.94226945
48.96368493
48.96761736
48.96837816
48.98316031
48.99812481
49.00498691
49.01619634
49.03480733
49.04096713
49.04060511
49.04332444
49.0469136
49.05985118
49.06048344
49.07189187
49.08196328
49.07979669
49.07770918
49.07844853
49.09013697
49.08828897
49.09321205
49.11519534
49.1250961
49.12500407
49.11753452
49.10945069
49.09671885
49.07417111
49.06749681
49.06262751
49.06342251
49.0564085
49.06360111
49.06816364
49.08821378
49.10545441
49.13725566
49.15695744
49.17013305
49.17893504
49.18739987
49.18961004
49.20215182
49.20435049
49.21025906
49.23506941
49.25515125
49.26901384
49.26994942
49.25281073
49.25826809
49.26377896
49.27337524
49.27818383
49.28705689
49.29112392
49.29759799
49.30214649
49.30040194
49.30723483
49.32175189
49.34006115
49.35525155
49.36820684
49.38206938
49.39367946
49.40934876
49.41533105
49.42650058
49.44496585
49.4692999
49.50898192
49.55584113
49.59723011
49.6068921
49.6068921
49.61178647
49.61270622
49.60806677
49.61666659
49.61817395
49.61912035
49.62161434
49.62718711
49.62629483
49.59675594
49.56270833
49.52482351
49.48471547
49.43694879
49.38553724
49.34429236
49.30537667
49.27406579
49.2392495
49.21095712
49.19114699
49.18632349
49.17995015
49.18273341
49.18552284
49.17849495
49.16375636
49.14529065
49.11382005
49.06487431
49.01322072
48.97759933
48.92944039
48.87774094
48.83238088
48.80419812
48.76860481
48.71615747
48.67238605
48.62412297
48.59018501
48.54952611
48.49928273
48.47709023
48.43046589
48.36555926
48.3057679
48.25295193
48.18780867
48.12585688
48.08138098
48.04866517
48.00441728
47.97685176
47.96091189
47.94099135
47.92681039
47.89622084
47.8696172
47.83983496
47.80867494
47.7620646
47.71340211
47.66051176
47.60782664
47.56153435
47.51053861
47.47111848
47.4321562
47.40379459
47.36719988
47.35966666
47.35323365
47.34797598
47.33005913
47.33350594
47.33079207
47.32808709
47.31677742
47.30242322
47.28093504
47.24588935
47.21779022
47.20101336
47.18099155
47.12289401
47.07898678
47.05671722
47.02105906
46.9920573
46.95797468
46.94481859
46.93718497
46.9267334
46.92464421
46.92255539
46.91204407
46.90972101
46.90624504
46.90047473
46.88712291
46.88688316
46.88478569
46.85496671
46.83479924
46.82225036
46.81194358
46.79755117
46.78937866
46.79154251
46.78948908
46.80089136
46.79462317
46.79875468
46.79263471
46.79408434
45.78852956
