-9.593000
-9.593595
-9.595381
-9.598358
-9.602524
-9.607879
-9.614423
-9.622153
-9.631069
-9.641169
-9.652451
-9.664914
-9.678554
-9.693370
-9.709360
-9.726519
-9.744845
-9.764336
-9.784987
-9.806794
-9.829755
-9.853864
-9.879118
-9.905513
-9.933042
-9.961703
-9.991489
-10.022395
-10.054416
-10.087546
-10.121779
-10.157110
-10.193531
-10.231038
-10.269622
-10.309277
-10.349996
-10.391772
-10.434597
-10.478465
-10.523366
-10.569294
-10.616240
-10.664195
-10.713152
-10.763102
-10.814035
-10.865943
-10.918817
-10.972646
-11.027423
-11.083137
-11.139777
-11.197335
-11.255800
-11.315162
-11.375409
-11.436532
-11.498520
-11.561362
-11.625046
-11.689561
-11.754897
-11.821040
-11.887981
-11.955706
-12.024204
-12.093462
-12.163469
-12.234213
-12.305679
-12.377857
-12.450733
-12.524294
-12.598527
-12.673420
-12.748958
-12.825129
-12.901919
-12.979314
-13.057302
-13.135867
-13.214996
-13.294675
-13.374890
-13.455627
-13.536872
-13.618610
-13.700826
-13.783506
-13.866636
-13.950201
-14.034186
-14.118576
-14.203356
-14.288512
-14.374028
-14.459888
-14.546079
-14.632584
-14.719389
-14.806477
-14.893834
-14.981445
-15.069293
-15.157362
-15.245639
-15.334106
-15.422749
-15.511551
-15.600497
-15.689571
-15.778757
-15.868040
-15.957404
-16.046832
-16.136310
-16.225822
-16.315350
-16.404881
-16.494397
-16.583883
-16.673323
-16.762702
-16.852003
-16.941211
-17.030310
-17.119284
-17.208118
-17.296795
-17.385301
-17.473618
-17.561733
-17.649629
-17.737290
-17.824702
-17.911848
-17.998713
-18.085283
-18.171541
-18.257472
-18.343061
-18.428294
-18.513154
-18.597627
-18.681698
-18.765353
-18.848575
-18.931351
-19.013666
-19.095506
-19.176855
-19.257700
-19.338026
-19.417819
-19.497065
-19.575749
-19.653859
-19.731380
-19.808298
-19.884600
-19.960272
-20.035301
-20.109674
-20.183378
-20.256398
-20.328724
-20.400341
-20.471237
-20.541400
-20.610817
-20.679475
-20.747364
-20.814470
-20.880782
-20.946288
-21.010976
-21.074836
-21.137855
-21.200023
-21.261329
-21.321761
-21.381310
-21.439964
-21.497713
-21.554547
-21.610456
-21.665430
-21.719460
-21.772535
-21.824646
-21.875785
-21.925942
-21.975108
-22.023274
-22.070433
-22.116575
-22.161693
-22.205778
-22.248823
-22.290820
-22.331761
-22.371640
-22.410450
-22.448183
-22.484833
-22.520393
-22.554857
-22.588220
-22.620474
-22.651615
-22.681636
-22.710533
-22.738301
-22.764934
-22.790428
-22.814778
-22.837980
-22.860030
-22.880924
-22.900659
-22.919230
-22.936634
-22.952869
-22.967932
-22.981820
-22.994530
-23.006060
-23.016408
-23.025573
-23.033553
-23.040345
-23.045950
-23.050366
-23.053592
-23.055628
-23.056474
-23.056128
-23.054592
-23.051866
-23.047949
-23.042844
-23.036550
-23.029069
-23.020401
-23.010550
-22.999516
-22.987301
-22.973907
-22.959338
-22.943595
-22.926681
-22.908599
-22.889353
-22.868946
-22.847380
-22.824662
-22.800793
-22.775779
-22.749624
-22.722332
-22.693909
-22.664359
-22.633687
-22.601900
-22.569002
-22.535000
-22.499899
-22.463706
-22.426427
-22.388069
-22.348638
-22.308142
-22.266587
-22.223981
-22.180332
-22.135647
-22.089934
-22.043202
-21.995457
-21.946710
-21.896968
-21.846241
-21.794537
-21.741865
-21.688235
-21.633657
-21.578139
-21.521692
-21.464326
-21.406051
-21.346877
-21.286814
-21.225874
-21.164067
-21.101404
-21.037895
-20.973554
-20.908390
-20.842415
-20.775641
-20.708079
-20.639743
-20.570643
-20.500792
-20.430202
-20.358886
-20.286857
-20.214126
-20.140708
-20.066615
-19.991860
-19.916456
-19.840417
-19.763756
