-5.0557
-5.2370
-5.5250
-5.8201
-6.0830
-6.3182
-6.4944
-6.6026
-6.6512
-6.7336
-6.8147
-6.8776
-6.9422
-7.0963
-7.2426
-7.3426
-7.3385
-7.3508
-7.4157
-7.5750
-7.7951
-8.0126
-8.2171
-8.4476
-8.6368
-8.7594
-8.8585
-8.9613
-9.0009
-8.9035
-8.8048
-8.7697
-8.7494
-8.6904
-8.6160
-8.5084
-8.3886
-8.3182
-8.3455
-8.4065
-8.4557
-8.4595
-8.4421
-8.3850
-8.2946
-8.2258
-8.2344
-8.2415
-8.2576
-8.2386
-8.2039
-8.1761
-8.1661
-8.1951
-8.2665
-8.3376
-8.3715
-8.3769
-8.3629
-8.3455
-8.3671
-8.4563
-8.5918
-8.7420
-8.8303
-8.8811
-8.9049
-8.9412
-9.0524
-9.2014
-9.3074
-9.3298
-9.3487
-9.3959
-9.5022
-9.6176
-9.7043
-9.7478
-9.7874
-9.8275
-9.9073
-10.0603
-10.2810
-10.6025
-11.0395
-11.4505
-11.7659
-11.9837
-12.0425
-12.0459
-12.0561
-12.1123
-12.2107
-12.3586
-12.5925
-12.8331
-13.0379
-13.1371
-13.1623
-13.1755
-13.1912
-13.2773
-13.4319
-13.6864
-14.0088
-14.3292
-14.6096
-14.8675
-15.1430
-15.4209
-15.6587
-15.8744
-16.1227
-16.3868
-16.6484
-16.9005
-17.1217
-17.3066
-17.4315
-17.5667
-17.7362
-17.8917
-17.9966
-18.0611
-18.1563
-18.2765
-18.4408
-18.6654
-18.9313
-19.1233
-19.1981
-19.2201
-19.2298
-19.2420
-19.2575
-19.2905
-19.3711
-19.4852
-19.6573
-19.9063
-20.1354
-20.3038
-20.4722
-20.6516
-20.8137
-20.9971
-21.2045
-21.3534
-21.3919
-21.4074
-21.4487
-21.5235
-21.5985
-21.6701
-21.7092
-21.7157
-21.6600
-21.5905
-21.5300
-21.5250
-21.5600
-21.5792
-21.5556
-21.4595
-21.3493
-21.3063
-21.3475
-21.3965
-21.4333
-21.4233
-21.3696
-21.3223
-21.3190
-21.3509
-21.3767
-21.3939
-21.4058
-21.4412
-21.5032
-21.5122
-21.5092
-21.5145
-21.5222
-21.5067
-21.4472
-21.4077
-21.4091
-21.4348
-21.4637
-21.5021
-21.5142
-21.4045
-21.1826
-20.9476
-20.8253
-20.8292
-20.8789
-20.9159
-20.8637
-20.7733
-20.6940
-20.6665
-20.6949
-20.7356
-20.7620
-20.7340
-20.6679
-20.6035
-20.5991
-20.6122
-20.6282
-20.6273
-20.5695
-20.5119
-20.4475
-20.3690
-20.2672
-20.1654
-20.0871
-19.9638
-19.7779
-19.5896
-19.4241
-19.2412
-19.0553
-18.9315
-18.8673
-18.8253
-18.7185
-18.5638
-18.4013
-18.1964
-17.9837
-17.7822
-17.6031
-17.4625
-17.3693
-17.2421
-17.0767
-16.8840
-16.6859
-16.4824
-16.2172
-15.9134
-15.5819
-15.2958
-15.0705
-14.8680
-14.6566
-14.4361
-14.2451
-14.0171
-13.7473
-13.4656
-13.2229
-13.0056
-12.7827
-12.5541
-12.3328
-12.1251
-11.9523
-11.7677
-11.6030
-11.4725
-11.3385
-11.1630
-10.9646
-10.7827
-10.6335
-10.4703
-10.2445
-9.9085
-9.5322
-9.1341
-8.7439
-8.4429
-8.2713
-8.1438
-8.0449
-7.9935
-7.9798
-7.9798
-7.9850
-7.9816
-7.9714
-7.9614
-7.9500
-7.9422
-7.9069
-7.8420
-7.7339
-7.6205
-7.5710
-7.5735
-7.6004
-7.5889
-7.5563
-7.5863
-7.6759
-7.8284
-7.9986
-8.1552
-8.2456
-8.2662
-8.2432
-8.2170
-8.2295
-8.3051
-8.3861
-8.4305
-8.3901
-8.2907
-8.1359
-8.0745
-8.0836
-8.0889
-8.0323
-7.8409
-7.5027
-7.0519
-6.5383
-5.9676
-5.4052
-4.9930
-4.7285
-4.5322
-4.3645
-4.2988
-4.3459
-4.4911
-4.6409
-4.7478
-4.8442
-4.9906
-5.1844
-5.3982
-5.6155
