5.9498
5.9614
6.0083
6.0283
6.0434
6.0603
6.0717
6.0831
6.0870
6.1211
6.1392
6.1687
6.1918
6.1923
6.1746
6.1586
6.1586
6.1586
6.1738
6.1811
6.2002
6.2116
6.2185
6.2313
6.2473
6.2925
6.3455
6.4054
6.4667
6.5012
6.5201
6.5082
6.5040
6.5114
6.5075
6.4957
6.4485
6.3898
6.3175
6.2397
6.1534
6.0878
6.0293
5.9862
5.9627
5.9510
5.9471
5.9392
5.9079
5.8749
5.8465
5.8073
5.7643
5.7360
5.7204
5.7037
5.6805
5.6573
5.6523
5.6501
5.6916
5.7694
5.8730
5.9907
6.0756
6.0704
5.9927
5.8985
5.8433
5.8242
5.8252
5.8252
5.8252
5.8252
5.8176
5.8175
5.8311
5.8133
5.7690
5.7070
5.6785
5.6619
5.6616
5.6610
5.6369
5.5570
5.4669
5.3831
5.3216
5.2660
5.2605
5.2969
5.3178
5.3376
5.3195
5.2731
5.2102
5.1823
5.2158
5.3033
5.3868
5.4277
5.4265
5.3441
5.2375
5.1319
5.0802
5.0832
5.1169
5.1312
5.1022
4.9951
4.8540
4.7069
4.5764
4.5307
4.5457
4.5797
4.5835
4.5684
4.5532
4.5484
4.5479
4.5278
4.4839
4.4615
4.4615
4.4771
4.4773
4.4773
4.5036
4.5259
4.5583
4.5686
4.5673
4.5493
4.5327
4.4953
4.4689
4.4493
4.4569
4.4766
4.5032
4.5192
4.5236
4.4984
4.4659
4.4380
4.4281
4.4261
4.4242
4.4242
4.4432
4.4509
4.4880
4.5399
4.5924
4.6228
4.6131
4.5628
4.4955
4.4322
4.3495
4.2639
4.1981
4.1559
4.1443
4.1578
4.1415
4.0799
3.9484
3.7819
3.6183
3.4939
3.4334
3.4181
3.3867
3.3477
3.2735
3.1766
3.0851
3.0447
3.0684
3.1190
3.1664
3.1890
3.1903
3.1493
3.0838
3.0030
2.9600
2.9371
2.9293
2.9291
2.9024
2.8671
2.8119
2.7389
2.6206
2.4853
2.3625
2.2587
2.1840
2.1154
2.0401
1.9460
1.8190
1.6444
1.4852
1.3652
1.3082
1.3069
1.3019
1.2981
1.2855
1.2855
1.2855
1.2767
1.2363
1.1731
1.1100
1.0478
0.9793
0.9072
0.8402
0.7542
0.6771
0.5885
0.5203
0.4747
0.4710
0.4609
0.4457
0.4242
0.4051
0.3758
0.3084
0.2208
0.1100
-0.0071
-0.0975
-0.1260
-0.1038
-0.0625
-0.0174
-0.0190
-0.0560
-0.1221
-0.2063
-0.3148
-0.4119
-0.5077
-0.5933
-0.6726
-0.7302
-0.7528
-0.7711
-0.7955
-0.8608
-0.9554
-1.0562
-1.1458
-1.2167
-1.3130
-1.4168
-1.5145
-1.6108
-1.7081
-1.7842
-1.8538
-1.9182
-2.0172
-2.1332
-2.2868
-2.4720
-2.6555
-2.8270
-2.9844
-3.1252
-3.1964
-3.2039
-3.2114
-3.2136
-3.2359
-3.2546
-3.2695
-3.2882
-3.3360
-3.4436
-3.6263
-3.8286
-3.9812
-4.0926
-4.1496
-4.1886
-4.2261
-4.2673
-4.3281
-4.3946
-4.5045
-4.5996
-4.7005
-4.7998
-4.8864
-4.9730
-5.0801
-5.1810
-5.2460
-5.2803
-5.3089
-5.3588
-5.4303
-5.5380
-5.6330
-5.7446
-5.8507
-5.9821
-6.0846
-6.1801
-6.2647
-6.3532
-6.4380
-6.5031
-6.5846
-6.6715
-6.7510
-6.8323
-6.9064
-6.9895
-7.0944
-7.2425
-7.4012
-7.5671
-7.7241
-7.8828
-8.0327
-8.1811
-8.3061
-8.4093
-8.5119
-8.6235
-8.7474
-8.8656
-8.9805
-9.0670
-9.1679
-9.2725
-9.3642
-9.4882
-9.6161
-9.7784
-9.9315
-10.1027
-10.2700
-10.4412
-10.6306
-10.8154
-11.0039
-11.1832
-11.3286
-11.4406
-11.5401
-11.6127
-11.6823
-11.7656
-11.8599
-11.9448
-12.0082
-12.0609
-12.1227
-12.1900
-12.2811
-12.4100
-12.5404
-12.6855
-12.8177
-12.9186
-12.9870
-13.0493
-13.0890
-13.1251
-13.2017
-13.3313
-13.5142
-13.7405
-13.9727
-14.1799
-14.3648
-14.4945
-14.6165
-14.7318
-14.8244
-14.9122
-15.0112
-15.1322
-15.2474
-15.3733
-15.4835
-15.5862
-15.6936
-15.7726
-15.8401
-15.8710
-15.9107
-15.9549
-16.0253
-16.1048
-16.1949
-16.2972
-16.4008
-16.4976
-16.6018
-16.7073
-16.8309
-16.9851
-17.1572
-17.3610
-17.5606
-17.7321
-17.8843
-17.9795
-18.0433
-18.0727
-18.0853
-18.1059
-18.1445
-18.1948
-18.2334
-18.2810
-18.3464
-18.4489
-18.5493
-18.6414
-18.7159
-18.7736
-18.8270
-18.8721
-18.9072
-18.9690
-19.0385
-19.1117
-19.1780
-19.2408
-19.2961
-19.3597
-19.4407
-19.5136
-19.5920
-19.6685
-19.7398
-19.8179
-19.9086
-20.0288
-20.1693
-20.3115
-20.4503
-20.5747
-20.7060
-20.7766
-20.8594
-20.9050
-20.9505
-21.0286
-21.0994
-21.2095
-21.3475
-21.5253
-21.7106
-21.8875
-22.0258
-22.1458
-22.2348
-22.3159
-22.3648
-22.4034
-22.4772
-22.5451
-22.6488
-22.7349
-22.8153
-22.8572
-22.9129
-22.9627
-23.0037
-23.0509
-23.1008
-23.1385
-23.1789
-23.1948
-23.2017
-23.2238
-23.2495
-23.2992
-23.3518
-23.4104
-23.4694
-23.4922
-23.5239
-23.5644
-23.5986
-23.6351
-23.6657
-23.7089
-23.7642
-23.8322
-23.9061
-24.0014
-24.1201
-24.2416
-24.3384
-24.4233
-24.4718
-24.4902
-24.5087
-24.5303
-24.5484
-24.5634
-24.5848
-24.6000
-24.6152
-24.6337
-24.6494
-24.6620
-24.6863
-24.7087
-24.7253
-24.7358
-24.7498
-24.7871
-24.8329
-24.8703
-24.8994
-24.9460
-25.0126
-25.1145
-25.1956
-25.2496
-25.2979
-25.3460
-25.3967
-25.4504
-25.5016
-25.5413
-25.5750
-25.6027
-25.6359
-25.6863
-25.7307
-25.7960
-25.8466
-25.8860
-25.9141
-25.9514
-26.0024
-26.0855
-26.1726
-26.2388
-26.2979
-26.3447
-26.4000
-26.4470
-26.4824
-26.5122
-26.5280
-26.5486
-26.5604
-26.5777
-26.5922
-26.5980
-26.6095
-26.6155
-26.6307
-26.6513
-26.6924
-26.7399
-26.7903
-26.8151
-26.8042
-26.7927
-26.7928
-26.7989
-26.8109
-26.8180
-26.8373
-26.8479
-26.8508
-26.8616
-26.8782
-26.9082
-26.9316
-26.9312
-26.9160
-26.9163
-26.9204
-26.9046
-26.8805
-26.8328
-26.7732
-26.7198
-26.7040
-26.7118
-26.7338
-26.7444
-26.7340
-26.7036
-26.6498
-26.6012
-26.5616
-26.5565
-26.5863
-26.6189
-26.6206
-26.5730
-26.4960
-26.4207
-26.3686
-26.3712
-26.4050
-26.4509
-26.4734
-26.4556
-26.4304
-26.4158
-26.3937
-26.3886
-26.3602
-26.2825
-26.1901
-26.0803
-25.9742
-25.9032
-25.8757
-25.9032
-25.9336
-25.9409
-25.9189
-25.8302
-25.7359
-25.6666
-25.6177
-25.6155
-25.6298
-25.6388
-25.6367
-25.6201
-25.6121
-25.6076
-25.6088
-25.5871
-25.5338
-25.4481
-25.3598
-25.2748
-25.2188
-25.1798
-25.1722
-25.1642
-25.1465
-25.1257
-25.0847
-25.0379
-25.0060
-24.9713
-24.9277
-24.8813
-24.8350
-24.7743
-24.6964
-24.6158
-24.5353
-24.4516
-24.3677
-24.2875
-24.1987
-24.1156
-24.0295
-23.9547
-23.8918
-23.8463
-23.8037
-23.7636
-23.7151
-23.6407
-23.5549
-23.4545
-23.3603
-23.2807
-23.2093
-23.0979
-22.9720
-22.8375
-22.7204
-22.5977
-22.4892
-22.3921
-22.3293
-22.2779
-22.2380
-22.2295
-22.2382
-22.2326
-22.2300
-22.2274
-22.2277
-22.2194
-22.2226
-22.2028
-22.1544
-22.0774
-21.9632
-21.8491
-21.7265
-21.6469
-21.5729
-21.5048
-21.4137
-21.3140
-21.1971
-21.0717
-20.9378
-20.8267
-20.7442
-20.6760
-20.6221
-20.5282
-20.4429
-20.3379
-20.2323
-20.1267
-20.0471
-19.9702
-19.9048
-19.8338
-19.7656
-19.6950
-19.6268
-19.5557
-19.4988
-19.4192
-19.3196
-19.2029
-19.0894
-18.9872
-18.8680
-18.7316
-18.5987
-18.4736
-18.3681
-18.2746
-18.1866
-18.0902
-17.9827
-17.8812
-17.7733
-17.6739
-17.5660
-17.4416
-17.3257
-17.1948
-17.0925
-17.0083
-16.9407
-16.8896
-16.8500
-16.8140
-16.7751
-16.7209
-16.6819
-16.6290
-16.5585
-16.4685
-16.3761
-16.2801
-16.2018
-16.1321
-16.0671
-15.9773
-15.8730
-15.7455
-15.6065
-15.4597
-15.3099
-15.1963
-15.1284
-15.1006
-15.0844
-15.0513
-15.0150
-14.9541
-14.8831
-14.7875
-14.6834
-14.5615
-14.4428
-14.3156
-14.1768
-14.0327
-13.8717
-13.7022
-13.5497
-13.4259
-13.3380
-13.2841
-13.2227
-13.1391
-13.0026
-12.8155
-12.6233
-12.4313
-12.2910
-12.2045
-12.1813
-12.1537
-12.1273
-12.0850
-12.0122
-11.9310
-11.8149
-11.6988
-11.5574
-11.3991
-11.2409
-11.1081
-11.0219
-10.9714
-10.9345
-10.8820
-10.7771
-10.6302
-10.4498
-10.2883
-10.1636
-10.0881
-10.0442
-10.0326
-10.0261
-10.0145
-9.9777
-9.9059
-9.7857
-9.6161
-9.4281
-9.2712
-9.1454
-9.0584
-9.0168
-8.9879
-8.9510
-8.9040
-8.8452
-8.7748
-8.7011
-8.6089
-8.4918
-8.3696
-8.2158
-8.0504
-7.8782
-7.7041
-7.5097
-7.2916
-7.0633
-6.8351
-6.6304
-6.4594
-6.3201
-6.2009
-6.1101
-6.0579
-6.0223
-5.9867
-5.9378
-5.8857
-5.8402
-5.8067
-5.7647
-5.7277
-5.6837
-5.6348
-5.5673
-5.5031
-5.4340
-5.3683
-5.3126
-5.2348
-5.1454
-5.0211
-4.8648
-4.6609
-4.4452
-4.2308
-4.0207
-3.8311
-3.6806
-3.5530
-3.4495
-3.3886
-3.3459
-3.3158
-3.2684
-3.2127
-3.1269
-3.0168
-2.8948
-2.7665
-2.6682
-2.5761
-2.5265
-2.4788
-2.4194
-2.3385
-2.2492
-2.1249
-2.0020
-1.8729
-1.7380
-1.6210
-1.5024
-1.3655
-1.2475
-1.1267
-1.0382
-0.9559
-0.8939
-0.8344
-0.7820
-0.7036
-0.5641
-0.3921
-0.1948
-0.0034
0.1617
0.2765
0.3660
0.4566
0.5280
0.6388
0.7437
0.8473
0.9535
1.0536
1.1431
1.2456
1.3586
1.4598
1.5563
1.6445
1.7135
1.7956
1.9004
1.9922
2.1078
2.2415
2.3962
2.5307
2.6483
2.7530
2.8656
2.9809
3.1097
3.2371
3.3297
3.4085
3.4742
3.5336
3.6180
3.7172
3.8164
3.9406
4.0556
4.1522
4.2258
4.2847
4.3493
4.3861
4.4156
4.4581
4.5006
4.5384
4.5763
4.6141
4.6510
4.7028
4.7842
4.8805
4.9880
5.0916
5.1767
5.2567
5.3349
5.3718
5.3789
5.3771
5.3808
5.3920
5.4181
5.4553
5.5262
5.5934
5.6420
5.6888
5.7204
5.7612
5.8096
5.8599
5.9102
5.9440
5.9702
6.0037
6.0426
6.1050
6.2094
6.3051
6.4141
6.5355
6.6305
6.7049
6.7773
6.8654
6.9557
7.0299
7.0339
6.9859
6.9318
6.9147
6.9068
6.9174
6.9056
6.8730
6.8007
6.7055
6.5953
6.4810
6.3783
6.2724
6.1874
6.1572
6.1944
6.2744
6.3752
6.4438
6.4934
6.5371
6.5648
6.5953
6.6372
6.6955
6.7345
6.7485
6.6983
6.5969
6.4730
6.3590
6.2576
6.1891
6.1589
6.1462
6.1576
6.1536
6.1189
6.0889
6.0715
6.0827
6.1088
6.1386
6.1412
6.0930
5.9978
5.8765
5.7631
5.7062
5.6989
5.7256
5.7881
5.8324
5.8546
5.8001
5.7177
5.6237
5.5781
5.5960
5.6380
5.6895
5.7193
5.7299
5.7191
5.7081
5.6729
5.6203
5.5938
5.5729
5.5612
5.5660
5.5611
5.5557
5.5761
5.6009
5.6524
5.6937
5.7534
5.8338
5.9260
5.9736
5.9923
5.9636
5.8896
5.8106
5.6985
5.5553
5.3721
5.2066
5.0435
4.9029
4.7775
4.6146
4.4188
4.1521
3.8633
3.5370
3.2479
2.9958
2.8317
2.7509
2.6869
2.5980
2.4117
2.1681
1.9342
1.7198
1.5841
1.5155
1.5078
1.4780
1.3985
1.2455
1.0897
0.9557
0.8554
0.8262
0.8423
0.8742
0.8973
0.9093
0.9372
0.9460
0.9359
0.9217
0.9146
0.9004
0.8609
0.8032
0.7327
0.6747
0.6677
0.7315
0.7659
0.8152
0.8431
0.8802
0.9295
0.9910
1.0976
1.2653
1.4544
1.6603
1.8223
1.9445
2.0008
1.9916
1.9471
1.8779
1.7984
1.6893
1.5986
1.5196
1.4501
1.4221
1.4009
1.3890
1.3975
1.3766
1.3491
1.3114
1.2482
1.2028
1.2107
1.2502
1.3225
1.3830
1.3900
1.3476
1.2536
1.1345
0.9977
0.8676
0.7631
0.7075
0.6822
0.6810
0.6773
0.6765
0.6546
0.6527
0.6654
0.6854
0.6954
0.7142
0.7317
0.7518
0.7781
0.8031
0.8280
0.8480
0.8629
0.8829
0.8978
0.9078
0.9102
0.9225
0.9474
0.9772
0.9921
0.9921
0.9884
0.9995
1.0032
1.0032
1.0045
1.0094
1.0182
1.0269
1.0654
1.0940
1.1080
1.0648
1.0107
0.9445
0.8868
0.8575
0.8456
0.8536
0.8526
0.8527
0.8414
0.8316
0.8194
0.8249
0.8427
0.8492
0.8247
0.7841
0.7680
0.7368
0.6894
0.6640
0.6413
0.6501
0.6703
0.6846
0.6846
0.6797
0.6533
0.6219
0.6028
0.5958
0.6258
0.6719
0.7390
0.7765
0.7855
0.7929
0.8127
0.8241
0.8658
0.8998
0.9053
0.8723
0.8034
0.7119
0.6177
0.5461
0.5193
0.5252
0.5361
0.5394
0.5114
0.4294
0.2962
0.1441
-0.0019
-0.1156
-0.1857
-0.2145
-0.2368
-0.2648
-0.3190
-0.3943
-0.4886
-0.5871
-0.6703
-0.7248
-0.7506
-0.7816
-0.8401
-0.9556
-1.1124
-1.2941
-1.4334
-1.5205
-1.5371
-1.5057
-1.4469
-1.4064
-1.3843
-1.3900
-1.4157
-1.4276
-1.4182
-1.4052
-1.4255
-1.4775
-1.5826
-1.7128
-1.8379
-1.9439
-1.9929
-2.0426
-2.0902
-2.1515
-2.2011
-2.2670
-2.3521
-2.4424
-2.5388
-2.6707
-2.8315
-3.0530
-3.2976
-3.5452
-3.7493
-3.8614
-3.8720
-3.8594
-3.8468
-3.8505
-3.8950
-3.9342
-3.9788
-4.0463
-4.1284
-4.2300
-4.3386
-4.4593
-4.5947
-4.7532
-4.8940
-5.0673
-5.2475
-5.4170
-5.5385
-5.6279
-5.7050
-5.7785
-5.8645
-5.9845
-6.1257
-6.2634
-6.3744
-6.4585
-6.5104
-6.5623
-6.6160
-6.6752
-6.7593
-6.8577
-6.9705
-7.1011
-7.2300
-7.3537
-7.4541
-7.5401
-7.6207
-7.7050
-7.8090
-7.9238
-8.0332
-8.1191
-8.2121
-8.3210
-8.4748
-8.6197
-8.7558
-8.8810
-8.9939
-9.1029
-9.2157
-9.3126
-9.3736
-9.4237
-9.4504
-9.4716
-9.4893
-9.5264
-9.5636
-9.5972
-9.6611
-9.7330
-9.7884
-9.8387
-9.8961
-9.9643
-10.0303
-10.1109
-10.1965
-10.2921
-10.3982
-10.4633
-10.5231
-10.5657
-10.6311
-10.7032
-10.8043
-10.9267
-11.0547
-11.1739
-11.2676
-11.3249
-11.3658
-11.4207
-11.5060
-11.5955
-11.7009
-11.8000
-11.9169
-12.0448
-12.1962
-12.3193
-12.4312
-12.5029
-12.5264
-12.5333
-12.5436
-12.5470
-12.5760
-12.5961
-12.6321
-12.6623
-12.6790
-12.7169
-12.7662
-12.8535
-12.9756
-13.1707
-13.4174
-13.6635
-13.9218
-14.1341
-14.3050
-14.3857
-14.4290
-14.4279
-14.4324
-14.4358
-14.4563
-14.4902
-14.5399
-14.6166
-14.7335
-14.8428
-14.9603
-15.0617
-15.1498
-15.2077
-15.2752
-15.3361
-15.3897
-15.4578
-15.5127
-15.5455
-15.5702
-15.6226
-15.6767
-15.7532
-15.8723
-15.9916
-16.0873
-16.1342
-16.1707
-16.2109
-16.2728
-16.3600
-16.4605
-16.5496
-16.6296
-16.6835
-16.7101
-16.7334
-16.7434
-16.7691
-16.8140
-16.8754
-16.9450
-16.9990
-17.0570
-17.1057
-17.1527
-17.2144
-17.3022
-17.3958
-17.4959
-17.5746
-17.6499
-17.6910
-17.7362
-17.7805
-17.8191
-17.8674
-17.9287
-18.0148
-18.1276
-18.2446
-18.3739
-18.5025
-18.6256
-18.7301
-18.7882
-18.8210
-18.8631
-18.9207
-18.9638
-19.0335
-19.1253
-19.2302
-19.3260
-19.4126
-19.5132
-19.6033
-19.6771
-19.7256
-19.7761
-19.8474
-19.9505
-20.0612
-20.1808
-20.2476
-20.2878
-20.3223
-20.3753
-20.4411
-20.5315
-20.6485
-20.7823
-20.9244
-21.0655
-21.1669
-21.2213
-21.2458
-21.2400
-21.2342
-21.2433
-21.2864
-21.3330
-21.3834
-21.4370
-21.4748
-21.5029
-21.5193
-21.5721
-21.6377
-21.6921
-21.7495
-21.8153
-21.8742
-21.9234
-21.9387
-21.9387
-21.9329
-21.9301
-21.9243
-21.9304
-21.9402
-21.9271
-21.8969
-21.8518
-21.7943
-21.7773
-21.7661
-21.7668
-21.7735
-21.7812
-21.7841
-21.7963
-21.8201
-21.8490
-21.8917
-21.9313
-21.9556
-21.9769
-22.0072
-22.0441
-22.0727
-22.0956
-22.1399
-22.2194
-22.3073
-22.3922
-22.4419
-22.4071
-22.3258
-22.2300
-22.1712
-22.1498
-22.1539
-22.1691
-22.1840
-22.1906
-22.1918
-22.1495
-22.1019
-22.0427
-21.9775
-21.9240
-21.8794
-21.8407
-21.8193
-21.7831
-21.7094
-21.6299
-21.5620
-21.5171
-21.4811
-21.4510
-21.4269
-21.4140
-21.3864
-21.3266
-21.2698
-21.2561
-21.2802
-21.3253
-21.3738
-21.3988
-21.4097
-21.3772
-21.3446
-21.3174
-21.3016
-21.3031
-21.3276
-21.3668
-21.4119
-21.4079
-21.3491
-21.2185
-21.0853
-20.9688
-20.9154
-20.8936
-20.8889
-20.8807
-20.8498
-20.7817
-20.6763
-20.5709
-20.4974
-20.4297
-20.3932
-20.3422
-20.2825
-20.1803
-20.0635
-19.9465
-19.8444
-19.7595
-19.6713
-19.5629
-19.4488
-19.3065
-19.1868
-19.1007
-19.0634
-19.0669
-19.0669
-19.0641
-19.0329
-19.0073
-18.9821
-18.9341
-18.8544
-18.7720
-18.6609
-18.5413
-18.4021
-18.2518
-18.0789
-17.8799
-17.6583
-17.4160
-17.2002
-17.0437
-16.9472
-16.8849
-16.8397
-16.7981
-16.7840
-16.7840
-16.7840
-16.7810
-16.7749
-16.7688
-16.7688
-16.7689
-16.7660
-16.7489
-16.7202
-16.6585
-16.5656
-16.4378
-16.3173
-16.2006
-16.1103
-16.0394
-15.9802
-15.9382
-15.8869
-15.8021
-15.7002
-15.5836
-15.4461
-15.3124
-15.1656
-15.0103
-14.8209
-14.6253
-14.4546
-14.3032
-14.1868
-14.0948
-14.0319
-14.0063
-13.9978
-13.9700
-13.9282
-13.8632
-13.8035
-13.7492
-13.7024
-13.6652
-13.6171
-13.5455
-13.4433
-13.3464
-13.2633
-13.1845
-13.0961
-12.9949
-12.8768
-12.7386
-12.6046
-12.4686
-12.3528
-12.2443
-12.1453
-12.0655
-11.9795
-11.9084
-11.8542
-11.7884
-11.6992
-11.5631
-11.4112
-11.2626
-11.1701
-11.1486
-11.1387
-11.1009
-11.0487
-10.9710
-10.8777
-10.7863
-10.6930
-10.6129
-10.5614
-10.5431
-10.5366
-10.5202
-10.4659
-10.3999
-10.3326
-10.2353
-10.1137
-9.9661
-9.7916
-9.5898
-9.3813
-9.1754
-8.9919
-8.8111
-8.6417
-8.4438
-8.2118
-8.0072
-7.8183
-7.6803
-7.5825
-7.4489
-7.2964
-7.1250
-6.9824
-6.8787
-6.8245
-6.8059
-6.7991
-6.7787
-6.7481
-6.7041
-6.6567
-6.6026
-6.5399
-6.4670
-6.4348
-6.4485
-6.4485
-6.4520
-6.4367
-6.4214
-6.4214
-6.4248
-6.4709
-6.5101
-6.5339
-6.5492
-6.5526
-6.5340
-6.4933
-6.4458
-6.3949
-6.3370
-6.2297
-6.0694
-5.9209
-5.7483
-5.5580
-5.3542
-5.1671
-4.9745
-4.8301
-4.7459
-4.6921
-4.6386
-4.5907
-4.5181
-4.4023
-4.2485
-4.0829
-3.9407
-3.8414
-3.7677
-3.7456
-3.7421
-3.7350
-3.6986
-3.6280
-3.5323
-3.4610
-3.4264
-3.4339
-3.4486
-3.4458
-3.4077
-3.3379
-3.2421
-3.1175
-2.9994
-2.8919
-2.7913
-2.6792
-2.5438
-2.4248
-2.2916
-2.1660
-2.0411
-1.9518
-1.8501
-1.7454
-1.6419
-1.5562
-1.4704
-1.4061
-1.3562
-1.2919
-1.2165
-1.1527
-1.1061
-1.0596
-1.0169
-0.9886
-0.9456
-0.8809
-0.8270
-0.7833
-0.7351
-0.6966
-0.6452
-0.5943
-0.5520
-0.5183
-0.4871
-0.4623
-0.4279
-0.4203
-0.3836
-0.3153
-0.2324
-0.1260
-0.0136
0.0841
0.1525
0.2098
0.2711
0.3219
0.3658
0.4001
0.4001
0.4001
0.4001
0.4347
0.4730
0.5114
0.5421
0.5754
0.5949
0.6019
0.6017
0.6178
0.6264
0.6558
0.6974
0.7537
0.8147
0.8819
0.9588
1.0491
1.1323
1.2095
1.3162
1.4007
1.4816
1.5775
1.6735
1.7511
1.8210
1.8598
1.8568
1.8456
1.8073
1.7828
1.7730
1.7718
1.7544
1.7119
1.6536
1.5890
1.5580
1.5480
1.5680
1.6015
1.6201
1.6583
1.7288
1.8206
1.9062
1.9683
1.9907
2.0019
2.0019
2.0019
1.9871
1.9373
1.8840
1.8585
1.8128
1.7398
1.6696
1.6220
1.5968
1.5894
1.6059
1.6491
1.6976
1.7376
1.8010
1.8759
1.9700
2.0632
2.1622
2.2565
2.3142
2.3073
2.2331
2.0982
1.8909
1.6517
1.4283
1.2715
1.1334
0.9725
0.6824
0.3189
-0.1028
-0.4585
-0.7010
-0.8610
-0.9543
-1.1005
-1.3074
-1.6383
-2.0713
-2.5860
-3.0835
-3.5396
-3.9255
-4.2430
-4.4868
-4.6290
-4.7254
-4.7933
-4.8497
-4.9250
-4.9361
-4.8739
-4.7611
-4.6222
-4.4927
-4.3934
-4.2795
-4.1285
-3.9460
-3.7248
-3.4919
-3.2766
-3.0673
-2.8827
-2.7377
-2.6287
-2.5595
-2.5122
-2.4828
-2.4459
-2.3754
-2.2709
-2.1505
-2.0256
-1.9023
-1.8561
-1.8764
-1.9622
-2.0911
-2.2606
-2.4185
-2.5723
-2.7294
-2.8547
-2.9037
-2.9179
-2.9150
-2.9084
-2.9367
-2.9718
-2.9963
-2.9861
-2.9529
-2.9016
-2.8779
-2.8985
-2.9517
-3.0566
-3.1779
-3.2984
-3.4076
-3.4760
-3.5194
-3.5646
-3.6252
-3.7142
-3.8299
-3.9165
-3.9515
-3.9281
-3.8763
-3.8032
-3.7552
-3.7227
-3.7254
-3.7349
-3.7461
-3.7321
-3.7146
-3.7005
-3.6974
-3.6976
-3.6977
-3.7013
-3.6947
-3.6898
-3.6794
-3.7078
-3.7802
-3.8842
-3.9996
-4.0778
-4.0959
-4.0890
-4.0894
-4.1264
-4.2177
-4.2987
-4.3532
-4.3532
-4.3211
-4.3033
-4.2854
-4.2747
-4.2799
-4.2636
-4.2187
-4.1790
-4.1337
-4.1018
-4.1005
-4.1242
-4.1304
-4.1172
-4.1029
-4.1154
-4.1434
-4.1787
-4.2140
-4.2478
-4.2706
-4.3005
-4.3447
-4.3853
-4.4523
-4.5370
-4.6466
-4.7577
-4.8621
-4.9434
-5.0035
-5.0475
-5.0879
-5.1210
-5.1404
-5.1579
-5.1838
-5.2187
-5.2896
-5.3707
-5.4607
-5.5582
-5.6629
-5.7907
-5.9255
-6.0621
-6.1970
-6.3553
-6.5261
-6.7041
-6.8394
-6.9444
-7.0121
-7.0638
-7.1350
-7.2419
-7.4377
-7.7139
-8.0689
-8.4595
-8.8268
-9.1306
-9.3077
-9.3683
-9.3663
-9.3124
-9.3225
-9.3540
-9.3979
-9.4084
-9.4049
-9.4084
-9.4362
-9.4641
-9.5030
-9.5413
-9.5960
-9.6442
-9.6908
-9.7176
-9.7464
-9.7696
-9.8093
-9.8724
-9.9335
-10.0066
-10.0971
-10.1935
-10.3000
-10.3846
-10.4335
-10.4563
-10.4936
-10.5419
-10.6205
-10.7170
-10.7983
-10.8858
-10.9519
-11.0146
-11.0841
-11.1773
-11.3291
-11.4713
-11.6616
-11.8646
-12.0718
-12.2372
-12.3530
-12.4079
-12.4224
-12.4369
-12.4425
-12.4626
-12.4737
-12.4972
-12.5341
-12.6082
-12.7551
-12.9291
-13.1278
-13.3107
-13.4980
-13.6427
-13.7336
-13.7694
-13.7863
-13.7874
-13.7941
-13.8321
-13.8701
-13.9260
-13.9909
-14.0882
-14.1963
-14.3088
-14.4413
-14.5771
-14.7326
-14.8994
-15.0510
-15.1626
-15.2192
-15.2504
-15.2569
-15.2811
-15.3176
-15.3821
-15.4434
-15.5064
-15.6080
-15.7300
-15.8469
-15.9399
-16.0003
-16.0516
-16.1231
-16.2210
-16.3334
-16.4448
-16.5983
-16.7551
-16.9220
-17.1011
-17.2565
-17.3689
-17.4454
-17.5000
-17.5354
-17.5668
-17.5892
-17.6212
-17.6377
-17.6610
-17.7010
-17.7660
-17.8316
-17.9008
-17.9548
-17.9911
-18.0096
-18.0307
-18.0532
-18.0772
-18.0949
-18.0342
-17.9393
-17.8295
-17.7224
-17.6183
-17.5200
-17.4448
-17.3987
-17.3852
-17.3955
-17.3846
-17.3366
-17.2302
-17.1120
-16.9996
-16.9344
-16.9227
-16.9486
-16.9838
-17.0097
-16.9598
-16.8685
-16.7476
-16.6524
-16.6050
-16.5918
-16.6079
-16.6177
-16.5860
-16.5328
-16.4645
-16.4172
-16.3732
-16.3754
-16.3791
-16.3715
-16.3243
-16.1883
-16.0077
-15.8667
-15.7987
-15.8091
-15.8829
-15.9226
-15.9242
-15.8854
-15.8521
-15.8482
-15.8768
-15.9055
-15.8949
-15.8242
-15.7082
-15.5393
-15.3689
-15.2248
-15.1612
-15.1751
-15.2063
-15.2120
-15.1348
-15.0442
-14.9583
-14.8827
-14.8569
-14.8516
-14.8124
-14.7385
-14.6253
-14.4985
-14.3709
-14.2693
-14.2042
-14.1414
-14.0644
-13.9496
-13.8034
-13.6216
-13.4270
-13.2420
-13.0667
-12.9088
-12.7769
-12.6731
-12.6072
-12.5737
-12.5478
-12.5359
-12.5240
-12.5034
-12.4689
-12.4105
-12.3370
-12.2560
-12.2020
-12.1675
-12.1458
-12.1199
-12.0519
-11.9700
-11.9129
-11.8891
-11.8891
-11.8751
-11.8298
-11.7542
-11.6605
-11.5623
-11.4576
-11.3344
-11.2145
-11.0966
-10.9568
-10.7998
-10.6818
-10.5790
-10.5286
-10.4961
-10.4702
-10.4391
-10.3960
-10.3356
-10.2752
-10.2062
-10.1186
-10.0012
-9.8804
-9.7426
-9.6013
-9.4482
-9.2560
-9.0365
-8.8138
-8.5866
-8.2919
-7.9694
-7.6386
-7.3402
-7.1086
-6.9216
-6.8015
-6.6864
-6.6296
-6.6124
-6.6124
-6.6056
-6.5919
-6.5887
-6.5854
-6.5805
-6.5740
-6.5262
-6.4507
-6.3510
-6.2202
-6.0703
-5.9135
-5.7702
-5.6072
-5.4439
-5.2875
-5.1724
-5.0919
-5.0500
-5.0292
-5.0204
-4.9958
-4.9747
-4.9534
-4.9428
-4.9254
-4.8976
-4.8401
-4.7568
-4.6700
-4.5846
-4.5075
-4.4391
-4.3827
-4.2980
-4.1817
-4.0735
-3.9873
-3.8918
-3.8103
-3.7787
-3.7932
-3.8140
-3.8111
-3.7686
-3.7187
-3.6795
-3.6471
-3.6224
-3.6134
-3.5973
-3.5866
-3.5514
-3.4873
-3.4031
-3.3244
-3.2456
-3.1594
-3.0768
-3.0160
-2.9806
-2.9669
-3.0159
-3.0860
-3.1951
-3.3269
-3.4537
-3.5594
-3.6564
-3.7426
-3.8673
-4.0307
-4.2133
-4.3891
-4.5594
-4.7316
5.3784
