12.0836
12.0331
11.9682
11.8574
11.7424
11.6605
11.6559
11.6559
11.6345
11.5866
11.5431
11.5211
11.4997
11.4941
11.5090
11.5288
11.5445
11.5397
11.5226
11.4828
11.4665
11.4626
11.4789
11.5259
11.5852
11.6657
11.7349
11.7717
11.7745
11.7212
11.6550
11.5744
11.4744
11.3375
11.1793
10.9863
10.7764
10.5554
10.3536
10.2397
10.2133
10.2343
10.2776
10.2904
10.2694
10.2045
10.1490
10.0853
9.9978
9.8366
9.6501
9.4437
9.2265
9.0067
8.7571
8.5059
8.2716
8.0832
7.9739
7.9033
7.8573
7.8021
7.7129
7.5658
7.3647
7.1286
6.8873
6.6591
6.4942
6.3802
6.2759
6.1152
5.9088
5.6218
5.2930
4.9639
4.6571
4.3977
4.2375
4.1879
4.1817
4.1899
4.1838
4.1151
3.9465
3.7215
3.4121
3.0652
2.7031
2.3341
1.9989
1.7390
1.5565
1.4230
1.3103
1.2132
1.0850
0.9219
0.6940
0.4064
0.0433
-0.3333
-0.7258
-1.0905
-1.4437
-1.7615
-2.0711
-2.3642
-2.6769
-2.9728
-3.2509
-3.4878
-3.7208
-3.9649
-4.2374
-4.5285
-4.8286
-5.1306
-5.4094
-5.6365
-5.8196
-5.9707
-6.0716
-6.1611
-6.2739
-6.4283
-6.6563
-6.9504
-7.3202
-7.7087
-8.1083
-8.5078
-8.8960
-9.2779
-9.6087
-9.8514
-10.0138
-10.1123
-10.1966
-10.3018
-10.4789
-10.7223
-11.0433
-11.4197
-11.8214
-12.2572
-12.6884
-13.1197
-13.5111
-13.8377
-14.1108
-14.3180
-14.4706
-14.5640
-14.6281
-14.6770
-14.7705
-14.9160
-15.1362
-15.4439
-15.7714
-16.0967
-16.4080
-16.7033
-16.9811
-17.2317
-17.4478
-17.6503
-17.8314
-17.9853
-18.1085
-18.2167
-18.3013
-18.4193
-18.5564
-18.7383
-18.9442
-19.1214
-19.3011
-19.4346
-19.5110
-19.5442
-19.5680
-19.6157
-19.6646
-19.7262
-19.7618
-19.7683
-19.7656
-19.7694
-19.7824
-19.7992
-19.8388
-19.8971
-19.9689
-20.0604
-20.1686
-20.2898
-20.3905
-20.5010
-20.6566
-20.8180
-20.9568
-21.0731
-21.1698
-21.2325
-21.2693
-21.3106
-21.3515
-21.3924
-21.4184
-21.4446
-21.4714
-21.4753
-21.4709
-21.4616
-21.4351
-21.4088
-21.4513
-21.5205
-21.6185
-21.6534
-21.6489
-21.5898
-21.4590
-21.3006
-21.2010
-21.1923
-21.2278
-21.2786
-21.2883
-21.2189
-21.0935
-20.9006
-20.6698
-20.3951
-20.1119
-19.8410
-19.6119
-19.4562
-19.3777
-19.3403
-19.2712
-19.1499
-18.9832
-18.8008
-18.6467
-18.5581
-18.5568
-18.5558
-18.4792
-18.2894
-17.9800
-17.6015
-17.2449
-16.9803
-16.8064
-16.7509
-16.7179
-16.7011
-16.6812
-16.6588
-16.6333
-16.5730
-16.4711
-16.3375
-16.1217
-15.8308
-15.4709
-15.0953
-14.7484
-14.4356
-14.1476
-13.8825
-13.6524
-13.5046
-13.4057
-13.3200
-13.2462
-13.1855
-13.1031
-13.0177
-12.8943
-12.7535
-12.5653
-12.3478
-12.0969
-11.7964
-11.4646
-11.0940
-10.7408
-10.4189
-10.1627
-9.9372
-9.7767
-9.6455
-9.5129
-9.3943
-9.2565
-9.0758
-8.8726
-8.6510
-8.4294
-8.2215
-8.0443
-7.8844
-7.7418
-7.6216
-7.5255
-7.4193
-7.2876
-7.1287
-6.9526
-6.7768
-6.6045
-6.4664
-6.3283
-6.1832
-6.0178
-5.8134
-5.5567
-5.2425
-4.9133
-4.6076
-4.3866
-4.2483
-4.1603
-4.0466
-3.8978
-3.6661
-3.3968
-3.1125
-2.8703
-2.6421
-2.4253
-2.1642
-1.8995
-1.6381
-1.4151
-1.2122
-1.0329
-0.8572
-0.6549
-0.4213
-0.1832
0.0665
0.2860
0.4973
0.6944
0.8616
1.0265
1.1723
1.3016
1.4359
1.5956
1.7673
1.9735
2.1915
2.4386
2.7041
2.9882
3.2346
3.4461
3.6634
3.8763
4.1100
4.3560
4.6281
4.8804
5.1422
5.4236
5.7528
6.0855
6.4076
6.6663
6.8850
7.0759
7.2406
7.4107
7.5482
7.6829
7.7932
7.8807
7.9166
7.9373
7.9690
8.0220
8.1386
8.2833
8.4486
8.5975
8.7246
8.8593
9.0250
9.2199
9.4304
9.6384
9.8562
10.0652
10.2865
10.5141
10.7404
10.9425
11.0851
11.1957
11.3108
11.4021
11.4609
11.4804
11.5032
11.5692
11.6668
11.7924
11.9172
11.9900
12.0353
12.0767
12.1651
12.3015
12.4510
12.6162
12.7694
12.9067
12.9844
13.0371
13.0657
13.0740
13.0832
13.0914
13.0855
13.0462
13.0018
12.9546
12.9287
12.9055
12.8800
12.8169
12.7031
12.5860
12.5087
12.4881
12.5208
12.5445
12.5426
12.5146
12.4744
12.4638
12.5026
12.5727
12.6588
12.7360
12.7672
12.7672
12.7329
12.7065
12.7147
12.7272
12.6803
12.5686
12.3944
12.1959
11.9866
11.7958
11.6166
11.4863
11.3997
11.3978
11.4782
11.6370
11.8602
12.1063
12.2984
12.3742
12.3404
12.2180
12.0478
11.8713
11.7345
11.6637
11.6129
11.5482
11.3940
11.1488
10.8149
10.4000
9.9743
9.6203
9.3573
9.2227
9.2017
9.2570
9.3342
9.3608
9.2846
9.0730
8.8205
8.5493
8.3299
8.1733
8.0704
7.9741
7.8896
7.8118
7.7457
7.6882
7.6771
7.7138
7.7453
7.7953
7.8152
7.7863
7.6746
7.5114
7.3078
7.1368
7.0231
6.9438
6.9206
6.9132
6.9710
7.0785
7.2310
7.3638
7.5142
7.6404
7.7518
7.8201
7.8673
7.8802
7.8543
7.7824
7.6539
7.5272
7.4471
7.4610
7.5144
7.5329
7.4970
7.3928
7.2681
7.1964
7.1812
7.2133
7.2947
7.3516
7.3615
7.2900
7.1575
7.0072
6.8961
6.8271
6.8029
6.7502
6.6574
6.5041
6.2988
6.0598
5.7956
5.5583
5.3727
5.2850
5.2622
5.2869
5.3005
5.2640
5.1758
5.0329
4.8376
4.5699
4.2543
3.9413
3.6094
3.2836
2.9885
2.7295
2.5373
2.4304
2.3841
2.3871
2.3665
2.3369
2.2959
2.2405
2.1593
2.0377
1.8484
1.6031
1.3018
0.9427
0.5830
0.1784
-0.2460
-0.6757
-1.1172
-1.5406
-1.9120
-2.1749
-2.3354
-2.4263
-2.4658
-2.5474
-2.6961
-2.9522
-3.3139
-3.7432
-4.2254
-4.7349
-5.2346
-5.6672
-6.0167
-6.2466
-6.3550
-6.4139
-6.4543
-6.4911
-6.5829
-6.7040
-6.8910
-7.1274
-7.4316
-7.7943
-8.1956
-8.6293
-9.0460
-9.4271
-9.7861
-10.0920
-10.2875
-10.4240
-10.5236
-10.6363
-10.7675
-10.9646
-11.1955
-11.4961
-11.8760
-12.2625
-12.6421
-13.0017
-13.3303
-13.5403
-13.7212
-13.8593
-14.0086
-14.1483
-14.2603
-14.3463
-14.4012
-14.4677
-14.5467
-14.6532
-14.7880
-14.9674
-15.1569
-15.3632
-15.5702
-15.7484
-15.8863
-16.0040
-16.1047
-16.1618
-16.2052
-16.2383
-16.2756
-16.3377
-16.4370
-16.5676
-16.7068
-16.8293
-16.9157
-16.9610
-16.9622
-16.8992
-16.8084
-16.7107
-16.6002
-16.5101
-16.4027
-16.2552
-16.0701
-15.8926
-15.7252
-15.6178
-15.5953
-15.6241
-15.6537
-15.5969
-15.4603
-15.2399
-14.9424
-14.6193
-14.3470
-14.1664
-14.0930
-14.1032
-14.1245
-14.0588
-13.9005
-13.6595
-13.3854
-13.1528
-13.0170
-12.9690
-12.9857
-13.0001
-12.9478
-12.7912
-12.5537
-12.2897
-12.0813
-11.9596
-11.9034
-11.8427
-11.7322
-11.5774
-11.4116
-11.2778
-11.1528
-11.0202
-10.8169
-10.5119
-10.1274
-9.6604
-9.1735
-8.6754
-8.2217
-7.8229
-7.5104
-7.2752
-7.1103
-6.9998
-6.9474
-6.9174
-6.8789
-6.7720
-6.5916
-6.3202
-6.0139
-5.6606
-5.2582
-4.8119
-4.3835
-3.9910
-3.6470
-3.3889
-3.2025
-3.0511
-2.8756
-2.6396
-2.3525
-1.9957
-1.5852
-1.1560
-0.7528
-0.4043
-0.1162
0.0869
0.2012
0.2798
0.3266
0.3947
0.4762
0.6360
0.8577
1.0928
1.3401
1.5676
1.8085
2.0602
2.2993
2.5666
2.8450
3.1274
3.4211
3.7315
4.0599
4.3945
4.7181
5.0037
5.2362
5.4444
5.6280
5.8126
6.0011
6.1827
6.3616
6.5397
6.6776
6.7668
6.8388
6.8963
6.9255
6.9469
6.9610
6.9801
7.0141
7.0646
7.1248
7.1589
7.1768
7.2138
7.2702
7.3536
7.4391
7.5263
7.5972
7.6525
7.7209
7.8136
7.8979
7.9587
7.9865
8.0158
8.0729
8.1464
8.2116
8.2426
8.1901
8.0453
7.8404
7.6140
7.3782
7.1794
7.0744
7.0470
7.0616
7.1673
7.3689
7.6634
7.9828
8.4562
9.1219
10.0049
10.9585
11.8859
12.5970
13.0222
13.0096
12.6084
11.9241
11.0195
10.0757
9.1852
8.4465
7.9053
7.5610
7.3230
7.1903
7.0611
6.9553
6.8226
6.6750
6.4578
6.2047
5.8968
5.5538
5.2147
4.9134
4.6304
4.4154
4.2203
4.0520
3.8523
3.6502
3.4408
3.1929
2.9626
2.7292
2.5469
2.4025
2.2394
2.1105
1.9938
1.8906
1.7970
1.7025
1.6409
1.6538
1.7413
1.8763
2.0162
2.1043
2.1775
2.2103
2.2812
2.3981
2.6023
2.8750
3.1896
3.4861
3.7933
4.0376
4.1647
4.0421
3.7064
3.2400
2.7975
2.5023
2.4224
2.4173
2.4520
2.4597
2.4129
2.3293
2.2169
2.1156
2.0746
2.1110
2.1716
2.2473
2.2442
2.1331
1.9672
1.7515
1.5811
1.4824
1.4799
1.5286
1.5706
1.5471
1.4400
1.2692
1.0828
0.8682
0.6407
0.3811
0.1034
-0.1833
-0.4843
-0.7908
-1.1282
-1.4556
-1.7630
-2.0730
-2.3621
-2.6018
-2.7741
-2.9162
-3.0621
-3.2516
-3.4849
-3.7602
-4.1243
-4.5828
-5.1034
-5.6370
-6.1565
-6.5636
-6.8690
-7.0615
-7.1559
-7.2681
-7.3944
-7.5079
-7.6413
-7.7984
-7.9537
-8.1107
-8.2637
-8.4310
-8.6178
-8.8218
-9.0397
-9.2545
-9.4811
-9.7052
-9.9469
-10.1909
-10.4269
-10.6187
-10.7430
-10.8386
-10.9306
-11.0260
-11.1187
-11.2238
-11.3356
-11.4824
-11.6741
-11.8521
-12.0259
-12.1791
-12.3150
-12.4203
-12.4670
-12.4710
-12.4224
-12.3915
-12.3582
-12.3385
-12.3144
-12.2414
-12.1663
-12.0611
-11.9528
-11.8860
-11.8414
-11.7977
-11.7574
-11.6781
-11.5050
-11.2374
-10.9423
-10.6972
-10.5362
-10.4598
-10.4113
-10.3226
-10.1241
-9.8118
-9.4465
-9.0628
-8.6562
-8.2743
-7.9788
-7.8002
-7.7223
-7.7081
-7.6958
-7.6626
-7.5871
-7.4639
-7.2666
-7.0036
-6.6841
-6.3595
-6.0280
-5.7106
-5.4165
-5.1509
-4.9205
-4.7765
-4.6677
-4.6060
-4.5359
-4.4341
-4.2922
-4.0942
-3.8503
-3.5453
-3.2166
-2.8672
-2.4768
-2.0662
-1.7038
-1.3887
-1.1746
-1.0423
-0.9929
-0.9623
-0.9091
-0.8400
-0.7067
-0.4978
-0.2079
0.0928
0.3550
0.5878
0.7749
0.9172
1.0485
1.1873
1.3522
1.5421
1.7035
1.7948
1.8460
1.8860
1.9299
2.0003
2.1347
2.3008
2.4698
2.5972
2.7195
2.8229
2.9115
2.9994
3.0331
2.9922
2.9468
2.9281
2.9169
2.8977
2.8204
2.7003
2.5397
2.4134
2.3351
2.2907
2.2561
2.2410
2.2640
2.2947
4.1029
