13.2173
13.2428
13.2388
13.2267
13.2227
13.2227
13.2227
13.2112
13.1793
13.1351
13.0669
12.9709
12.8590
12.7629
12.6789
12.6190
12.5920
12.6125
12.6542
12.6799
12.6767
12.6605
12.6202
12.5797
12.5670
12.5899
12.6334
12.6654
12.6779
12.6742
12.6788
12.6962
12.7140
12.7265
12.7263
12.7217
12.7211
12.7164
12.7042
12.6729
12.6446
12.6249
12.6139
12.6233
12.6406
12.6579
12.6553
12.6316
12.6040
12.5525
12.4968
12.4530
12.4374
12.4460
12.4628
12.4839
12.4845
12.4768
12.4530
12.4492
12.4572
12.5031
12.5566
12.5909
12.5966
12.5625
12.5414
12.5334
12.5493
12.5688
12.5718
12.5509
12.5345
12.5185
12.5047
12.4496
12.3436
12.2206
12.1165
12.0276
12.0367
12.1092
12.2098
12.2898
12.3212
12.3319
12.3988
12.4960
12.5400
12.5009
12.3908
12.2806
12.2409
12.2645
12.3237
12.3589
12.3707
12.3898
12.4317
12.5079
12.6109
12.7521
12.8897
12.9890
13.0039
12.9607
12.8793
12.8453
12.8453
12.8750
12.8900
12.8858
12.8733
12.8691
12.8691
12.8691
12.8649
12.8607
12.8523
12.8352
12.8059
12.7808
12.7762
12.7762
12.7800
12.7756
12.7746
12.7701
12.7567
12.7395
12.7342
12.7327
12.7440
12.7480
12.7434
12.7378
12.7401
12.7305
12.6966
12.6618
12.6449
12.6449
12.6683
12.6836
12.7066
12.7335
12.7681
12.7908
12.8213
12.8671
12.9556
13.0786
13.1827
13.2268
13.1731
13.0401
12.8608
12.7132
12.6256
12.6143
12.6790
12.7637
12.8093
12.8174
12.8058
12.7787
12.7463
12.7210
12.7822
12.8547
12.8684
12.7958
12.7108
12.6270
12.5242
12.4167
12.3620
12.3888
12.4503
12.4760
12.4520
12.4083
12.3690
12.3170
12.2570
12.2360
12.2044
12.1204
11.9736
11.8223
11.7385
11.7385
11.7741
11.7936
11.7771
11.7209
11.6635
11.6284
11.6251
11.6411
11.6764
11.7168
11.7413
11.6804
11.5361
11.3355
11.1806
11.1191
11.0979
11.1150
11.1397
11.1641
11.1581
11.1133
11.0164
10.8759
10.6798
10.4776
10.3376
10.3169
10.4230
10.5755
10.7292
10.8088
10.7692
10.6542
10.5068
10.3667
10.2727
10.2360
10.2620
10.3154
10.3574
10.3523
10.3260
10.2543
10.1670
10.0880
10.0401
9.9908
9.9243
9.8188
9.6379
9.4004
9.1845
9.0563
9.0312
9.0761
9.1180
9.1132
9.0472
8.9148
8.7362
8.5018
8.2691
8.0416
7.8554
7.7286
7.6815
7.6430
7.5732
7.4446
7.2688
7.0875
6.9273
6.8009
6.6957
6.5650
6.4112
6.2201
6.0137
5.7722
5.5575
5.4030
5.3061
5.2210
5.1179
5.0000
4.8832
4.7560
4.6318
4.4887
4.3197
4.1046
3.8439
3.5436
3.2237
2.9014
2.5854
2.2721
2.0052
1.8217
1.7419
1.7048
1.6888
1.6359
1.5533
1.4275
1.2435
0.9767
0.6558
0.2829
-0.1161
-0.5327
-0.9339
-1.2835
-1.5735
-1.8165
-1.9691
-2.0676
-2.1695
-2.2967
-2.4382
-2.5840
-2.7574
-2.9577
-3.1662
-3.3755
-3.5894
-3.8679
-4.1876
-4.5410
-4.8976
-5.2411
-5.4888
-5.7205
-5.9457
-6.1277
-6.3179
-6.5116
-6.7093
-6.8518
-6.9460
-7.0804
-7.3091
-7.6560
-8.0531
-8.4938
-8.9293
-9.2379
-9.4005
-9.4599
-9.4966
-9.5228
-9.5401
-9.6130
-9.8008
-10.0825
-10.4645
-10.8952
-11.2831
-11.5615
-11.7523
-11.8329
-11.8703
-11.9008
-11.9211
-11.9570
-12.0123
-12.0919
-12.1743
-12.2478
-12.3025
-12.3416
-12.3755
-12.4059
-12.4363
-12.4769
-12.5275
-12.5646
-12.5804
-12.6029
-12.6365
-12.6668
-12.7072
-12.7575
-12.8045
-12.8782
-12.9905
-13.1001
-13.1857
-13.2543
-13.2841
-13.3080
-13.3167
-13.3307
-13.3774
-13.4548
-13.5537
-13.6550
-13.7749
-13.8754
-13.9530
-14.0252
-14.1222
-14.2841
-14.5024
-14.7012
-14.8782
-15.0798
-15.2887
-15.4172
-15.5036
-15.5620
-15.6378
-15.7144
-15.8052
-15.8718
-15.9456
-16.0322
-16.1410
-16.2813
-16.4405
-16.5898
-16.7071
-16.7738
-16.7778
-16.7967
-16.8225
-16.8437
-16.8599
-16.9075
-16.9803
-17.0872
-17.1878
-17.2874
-17.3733
-17.4677
-17.5464
-17.5681
-17.5651
-17.5806
-17.6025
-17.6423
-17.6984
-17.7609
-17.8500
-17.9586
-18.0681
-18.1355
-18.1542
-18.1813
-18.2169
-18.2387
-18.2834
-18.3391
-18.4119
-18.5053
-18.5974
-18.6822
-18.7529
-18.8242
-18.9110
-19.0157
-19.1910
-19.3775
-19.5493
-19.6990
-19.8324
-19.9689
-20.1076
-20.2251
-20.2936
-20.3466
-20.3673
-20.3568
-20.3074
-20.2355
-20.1390
-20.0594
-19.9995
-19.9841
-19.9830
-19.9426
-19.8552
-19.7234
-19.5773
-19.4512
-19.3830
-19.3644
-19.3619
-19.3590
-19.3489
-19.3392
-19.3381
-19.3536
-19.3863
-19.4162
-19.4430
-19.4638
-19.4735
-19.4859
-19.4617
-19.4128
-19.3470
-19.2833
-19.2313
-19.1547
-19.0562
-18.9608
-18.9016
-18.8782
-18.8442
-18.7911
-18.6801
-18.5007
-18.3021
-18.1579
-18.1098
-18.1162
-18.1252
-18.0801
-17.9040
-17.6400
-17.3848
-17.2048
-17.1493
-17.1864
-17.2448
-17.2006
-17.0685
-16.8707
-16.6688
-16.5659
-16.5582
-16.5888
-16.5940
-16.5383
-16.4161
-16.2603
-16.1007
-15.9488
-15.7998
-15.6488
-15.4867
-15.3134
-15.1731
-15.1080
-15.0997
-15.0996
-15.0520
-14.9500
-14.7919
-14.6689
-14.5471
-14.4364
-14.3275
-14.2226
-14.1057
-13.9323
-13.7026
-13.4792
-13.2784
-13.0286
-12.7586
-12.5022
-12.2218
-11.9723
-11.7932
-11.6892
-11.6710
-11.6536
-11.6071
-11.5100
-11.3662
-11.2174
-11.1060
-11.0247
-10.9251
-10.7962
-10.6612
-10.4900
-10.3127
-10.1549
-10.0381
-9.9524
-9.8631
-9.7636
-9.6044
-9.3678
-9.0697
-8.6861
-8.2951
-7.9242
-7.6166
-7.4736
-7.4771
-7.4709
-7.3778
-7.2188
-7.0600
-6.9495
-6.8712
-6.8072
-6.7353
-6.6507
-6.5308
-6.3947
-6.2843
-6.2187
-6.1801
-6.0886
-5.9557
-5.7909
-5.5939
-5.3908
-5.2311
-5.1068
-4.9807
-4.8406
-4.6906
-4.5403
-4.3882
-4.2685
-4.2208
-4.1997
-4.1746
-4.0744
-3.9326
-3.8135
-3.7005
-3.5287
-3.3270
-3.1275
-2.9874
-2.8062
-2.5910
-2.3633
-2.1316
-1.9079
-1.7180
-1.5817
-1.4611
-1.3030
-1.0850
-0.8828
-0.7291
-0.6433
-0.5870
-0.5228
-0.3911
-0.2052
0.0260
0.2868
0.5480
0.8325
1.1524
1.4490
1.7690
2.0610
2.2656
2.4334
2.5821
2.7190
2.8731
3.0395
3.2296
3.3925
3.5039
3.6012
3.7422
3.9091
4.1193
4.3819
4.6655
4.9126
5.1742
5.3799
5.4824
5.5251
5.5793
5.6719
5.7910
5.9079
6.0462
6.2129
6.3628
6.4958
6.6445
6.8205
7.0162
7.1881
7.3372
7.4610
7.5694
7.6985
7.8842
8.1163
8.3596
8.5975
8.8197
9.0174
9.1979
9.3593
9.4969
9.6408
9.7775
9.9100
10.0353
10.1788
10.3367
10.4976
10.6425
10.7871
10.9631
11.1100
11.2256
11.3406
11.4523
11.5424
11.6167
11.7172
11.8515
12.0212
12.1823
12.3318
12.4693
12.5996
12.7035
12.8147
12.9373
13.0412
13.1024
13.1327
13.1592
13.2023
13.2370
13.2865
13.3205
13.3109
13.3004
13.3331
13.3986
13.4647
13.4801
13.4281
13.3402
13.2837
13.3024
13.3917
13.4930
13.5220
13.4511
13.3165
13.1858
13.0716
13.0013
13.0113
13.0735
13.1251
13.1055
12.9689
12.7644
12.5450
12.3822
12.2953
12.2967
12.3420
12.3579
12.3338
12.2334
12.1702
12.2177
12.2908
12.3154
12.3552
12.4349
12.5150
12.5628
12.5852
12.5910
12.6126
12.6410
12.7136
12.8084
12.8884
12.9756
13.1334
13.3319
13.5283
13.7004
13.8553
14.0301
14.2245
14.4297
14.5764
14.6558
14.6619
14.6101
14.4969
14.3974
14.3233
14.2811
14.1825
14.0408
13.9316
13.7977
13.6122
13.4482
13.3218
13.1437
12.8730
12.5044
12.1100
11.7628
11.4222
11.0698
10.7846
10.5666
10.3282
10.0420
9.7053
9.4006
9.1461
8.9227
8.7818
8.7352
8.6915
8.5685
8.4262
8.3326
8.2307
8.0979
7.9691
7.8515
7.7224
7.5931
7.4472
7.3330
7.2909
7.2884
7.3165
7.3452
7.4070
7.4816
7.5134
7.5016
7.4887
7.4928
7.4986
7.4849
7.4572
7.4217
7.3855
7.3638
7.3842
7.4253
7.4923
7.5417
7.5747
7.5484
7.4948
7.4336
7.4101
7.3795
7.3179
7.2640
7.2329
7.2058
7.1755
7.1646
7.2112
7.2267
7.2183
7.1956
7.2219
7.2186
7.1637
7.1018
7.0716
7.0727
7.0460
7.0146
6.9885
6.9597
6.8876
6.7963
6.7483
6.6957
6.6444
6.6295
6.6435
6.6529
6.6458
6.6736
6.7375
6.7562
6.7553
6.8149
6.9048
6.9456
6.9302
6.9031
6.8629
6.8055
6.7529
6.7365
6.7465
6.7196
6.6361
6.5172
6.3621
6.2071
6.1054
6.0849
6.1485
6.2449
6.3637
6.3965
6.3548
6.2490
6.1251
6.0299
6.0222
6.0904
6.1832
6.2827
6.3513
6.3757
6.3915
6.4305
6.5002
6.5981
6.6832
6.7023
6.6485
6.5444
6.4562
6.4208
6.4213
6.4097
6.3394
6.2202
6.0692
5.9148
5.7995
5.7504
5.7379
5.7491
5.7408
5.6751
5.5368
5.3964
5.3057
5.2317
5.1794
5.1141
5.0619
5.0289
5.0027
4.9479
4.8713
4.7732
4.6849
4.6239
4.5321
4.4350
4.3254
4.2241
4.1596
4.1281
4.1096
4.1019
4.0772
3.9913
3.8651
3.7308
3.6402
3.5432
3.4376
3.2919
3.0712
2.7895
2.4528
2.1098
1.8310
1.6747
1.6242
1.6091
1.5619
1.4236
1.1786
0.8538
0.5043
0.2074
-0.0064
-0.1528
-0.2386
-0.2849
-0.3532
-0.4830
-0.6767
-0.8747
-1.0510
-1.2364
-1.4269
-1.5889
-1.7552
-1.9171
-2.1111
-2.3271
-2.5670
-2.7940
-2.9955
-3.1401
-3.2419
-3.3168
-3.3800
-3.4592
-3.5429
-3.6312
-3.7769
-3.9886
-4.2580
-4.5509
-4.8533
-5.1711
-5.5282
-5.9435
-6.3289
-6.6542
-6.8461
-6.9281
-6.9561
-6.9666
-6.9822
-7.0117
-7.0604
-7.1093
-7.1773
-7.2696
-7.3758
-7.4872
-7.6089
-7.7081
-7.8074
-7.9121
-8.0080
-8.1232
-8.2454
-8.3466
-8.4286
-8.5174
-8.5800
-8.6355
-8.7203
-8.8610
-8.9620
-9.0489
-9.1880
-9.3833
-9.6138
-9.7918
-9.9623
-10.1259
-10.2629
-10.3213
-10.3486
-10.3656
-10.3928
-10.4235
-10.4386
-10.4688
-10.5199
-10.5893
-10.6620
-10.7205
-10.7828
-10.8369
-10.8774
-10.8909
-10.8943
-10.8943
-10.9044
-10.9246
-10.9550
-10.9921
-11.0358
-11.0964
-11.1602
-11.2139
-11.2742
-11.3317
-11.3899
-11.4374
-11.4861
-11.5403
-11.6150
-11.7024
-11.8128
-11.9598
-12.1577
-12.3425
-12.4698
-12.5554
-12.6771
-12.7895
-12.9117
-12.9940
-13.0276
-13.0635
-13.1179
-13.1903
-13.2628
-13.3265
-13.4128
-13.4327
-13.4201
-13.3906
-13.3906
-13.4633
-13.5543
-13.6343
-13.6731
-13.7215
-13.7917
-13.9214
-14.0900
-14.2941
-14.4561
-14.5350
-14.5427
-14.5155
-14.5273
-14.5813
-14.6364
-14.6817
-14.7094
-14.7485
-14.8296
-14.9152
-14.9721
-15.0091
-15.0439
-15.0664
-15.0652
-15.0380
-15.0367
-15.0559
-15.0719
-15.1038
-15.1023
-15.0976
-15.0970
-15.0878
-15.1053
-15.1431
-15.2043
-15.2866
-15.3877
-15.4533
-15.4930
-15.4828
-15.4810
-15.4829
-15.4838
-15.4684
-15.3858
-15.2771
-15.1716
-15.1205
-15.1236
-15.1747
-15.2497
-15.2910
-15.2519
-15.1153
-14.9797
-14.8924
-14.8870
-14.9115
-14.9356
-14.9419
-14.9575
-14.9668
-14.9896
-15.0154
-15.0283
-15.0456
-15.0468
-15.0281
-14.9902
-14.9354
-14.8736
-14.8216
-14.7772
-14.7421
-14.7031
-14.6365
-14.5389
-14.4108
-14.3155
-14.2646
-14.2766
-14.3045
-14.2922
-14.2065
-14.0673
-13.9494
-13.8756
-13.8828
-13.8952
-13.8960
-13.8598
-13.7522
-13.6058
-13.4397
-13.2939
-13.1899
-13.1623
-13.1849
-13.2193
-13.1973
-13.1021
-12.9986
-12.9234
-12.8690
-12.8071
-12.7389
-12.6687
-12.5765
-12.4780
-12.3768
-12.2636
-12.1264
-11.9861
-11.8655
-11.8062
-11.7896
-11.7794
-11.7154
-11.5995
-11.4576
-11.3274
-11.2119
-11.1181
-11.0178
-10.9042
-10.7798
-10.6267
-10.4451
-10.2904
-10.1920
-10.1209
-10.1025
-10.0791
-10.0506
-9.9919
-9.8614
-9.6645
-9.4465
-9.2235
-9.0435
-8.9247
-8.8605
-8.7780
-8.6661
-8.5461
-8.4362
-8.3557
-8.2735
-8.1996
-8.0993
-7.9679
-7.8235
-7.6988
-7.5743
-7.4369
-7.2798
-7.0330
-6.7491
-6.4460
-6.1642
-5.9537
-5.8315
-5.7973
-5.7729
-5.7306
-5.5991
-5.4014
-5.1610
-4.8972
-4.6233
-4.3489
-4.1214
-3.9227
-3.7567
-3.6037
-3.3687
-3.0573
-2.7506
-2.4837
-2.2905
-2.1105
-1.9428
-1.7432
-1.5378
-1.3616
-1.1700
-0.9334
-0.6855
-0.4506
-0.2719
-0.1594
-0.0748
0.0367
0.1770
0.3597
0.5895
0.8612
1.1269
1.3187
1.4626
1.5659
1.6781
1.7919
1.9205
2.0870
2.3264
2.6359
2.9982
3.3813
3.7342
3.9642
4.0374
4.0516
4.0551
4.1270
4.2420
4.3897
4.5615
4.7541
4.9683
5.1684
5.3847
5.6173
5.8357
6.0065
6.1104
6.1799
6.2117
6.2438
6.2833
6.3262
6.3689
6.4225
6.4740
6.5550
6.6550
6.7505
6.8393
6.9397
7.0720
7.2289
7.3641
7.4659
7.5485
7.6016
7.6316
7.6926
7.7884
7.8619
7.9050
7.9216
7.9289
7.9127
7.9112
7.9625
8.0684
8.2042
8.3344
8.4398
8.4918
8.4773
8.4776
8.5234
8.5774
8.6177
8.6256
8.5774
8.4862
8.3984
8.3606
8.3625
8.3756
8.3603
8.2981
8.1503
7.9860
7.8303
7.7027
7.6437
7.6369
7.6601
7.6535
7.6407
7.6597
7.7303
7.8440
7.9834
8.1266
8.2304
8.2529
8.2158
8.1641
8.1376
8.2013
8.4405
8.8333
9.3266
9.7306
10.0379
10.1675
10.1596
10.0461
9.8481
9.6608
9.5078
9.3978
9.2786
9.1732
9.1120
9.1081
9.1041
9.0952
9.0493
8.9378
8.8211
8.5742
8.2090
7.7673
7.2041
6.6744
6.2829
6.0024
5.9107
6.0208
6.3324
6.7896
7.3399
8.0010
8.6259
9.1426
9.5802
9.9225
10.1214
10.2549
10.3828
10.5043
10.6425
10.8254
11.0188
11.1804
11.3469
11.4811
11.5921
11.6534
11.6798
11.6917
11.6845
11.6896
11.7425
11.7956
11.8347
11.8367
11.7895
11.7561
11.7831
11.9698
12.3727
13.0355
13.9407
15.0639
16.1993
17.2105
17.9555
18.3771
18.3950
18.0467
17.5342
