5.1957
5.1621
5.2030
5.2736
5.3562
5.4135
5.4403
5.4148
5.4103
5.3688
5.2974
5.1973
5.1200
5.0735
5.0323
5.0039
5.0080
5.0182
5.0275
4.9818
4.8997
4.8147
4.7008
4.5756
4.4399
4.2834
4.1390
4.0058
3.9143
3.8031
3.6311
3.4213
3.1601
2.9474
2.7952
2.7292
2.7051
2.7331
2.7971
2.8560
2.9065
2.9374
2.9644
2.9808
2.9673
2.9259
2.8478
2.7678
2.7031
2.6499
2.6195
2.5892
2.5321
2.4629
2.4032
2.3316
2.2343
2.1409
2.0636
2.0144
1.9925
2.0136
2.0617
2.1430
2.1928
2.1789
2.1564
2.1187
2.0945
2.0808
2.0266
1.9477
1.8568
1.7810
1.7064
1.6129
1.5129
1.4480
1.4447
1.4832
1.5422
1.5856
1.5940
1.6051
1.6379
1.6915
1.7409
1.7750
1.8031
1.9087
2.0348
2.1025
2.0834
1.9831
1.8748
1.7938
1.7515
1.7355
1.7054
1.6269
1.4877
1.3390
1.2036
1.1066
1.0593
1.0496
1.0654
1.0655
0.9982
0.8706
0.6522
0.3665
0.0210
-0.3748
-0.7429
-1.0866
-1.3869
-1.6182
-1.8437
-2.0694
-2.2136
-2.3205
-2.3697
-2.3608
-2.3222
-2.2624
-2.2210
-2.1756
-2.1560
-2.1347
-2.1418
-2.1793
-2.1861
-2.1435
-2.1364
-2.1740
-2.2436
-2.2799
-2.2920
-2.3167
-2.3721
-2.4590
-2.5971
-2.7778
-2.9639
-3.1523
-3.3264
-3.4956
-3.6392
-3.7316
-3.7475
-3.7691
-3.8530
-4.0363
-4.3058
-4.6164
-4.8957
-5.1112
-5.2307
-5.2778
-5.3058
-5.3525
-5.4390
-5.5616
-5.7356
-5.9665
-6.2304
-6.5370
-6.8692
-7.1943
-7.4774
-7.6713
-7.7381
-7.7416
-7.7417
-7.7900
-7.8899
-8.0157
-8.1779
-8.3334
-8.4833
-8.6073
-8.7346
-8.8630
-9.0274
-9.2073
-9.3902
-9.5744
-9.7555
-9.8972
-9.9938
-10.0474
-10.0742
-10.0943
-10.1177
-10.1377
-10.1644
-10.2212
-10.2912
-10.3644
-10.4250
-10.5144
-10.5905
-10.6632
-10.7227
-10.7623
-10.7887
-10.8250
-10.8547
-10.8744
-10.9040
-10.9434
-10.9894
-11.0214
-11.0739
-11.1307
-11.1810
-11.2273
-11.2703
-11.3530
-11.4291
-11.4902
-11.5124
-11.5161
-11.5199
-11.5396
-11.5722
-11.5827
-11.5387
-11.4662
-11.4160
-11.3918
-11.3886
-11.3729
-11.3182
-11.2465
-11.1643
-11.0930
-11.0523
-11.0221
-11.0151
-11.0105
-11.0019
-10.9524
-10.8660
-10.7823
-10.7229
-10.6949
-10.6858
-10.6883
-10.6887
-10.6902
-10.6730
-10.5985
-10.4367
-10.2382
-10.0942
-10.0574
-10.0735
-10.1114
-10.1080
-10.0828
-9.9835
-9.8313
-9.6771
-9.5899
-9.5697
-9.5882
-9.5832
-9.4950
-9.3337
-9.1275
-8.9748
-8.9127
-8.9028
-8.9093
-8.8941
-8.8103
-8.6280
-8.3956
-8.1633
-8.0076
-7.9632
-7.9487
-7.8431
-7.6581
-7.4007
-7.1516
-6.9604
-6.8823
-6.8774
-6.8542
-6.7632
-6.6257
-6.4817
-6.3773
-6.3061
-6.2403
-6.1662
-6.0888
-5.9999
-5.8631
-5.6370
-5.3878
-5.1813
-4.9929
-4.7989
-4.6015
-4.4178
-4.2643
-4.0728
-3.8284
-3.5896
-3.3749
-3.2096
-3.0743
-2.9989
-2.9634
-2.9101
-2.7626
-2.5656
-2.3269
-2.0437
-1.7209
-1.3763
-1.1252
-0.9921
-0.9573
-0.9573
-0.9538
-0.9202
-0.8354
-0.7532
-0.6470
-0.5268
-0.3632
-0.1598
0.0751
0.3393
0.5758
0.7964
0.9986
1.1399
1.2210
1.2929
1.3504
1.4113
1.4559
1.5334
1.6166
1.7296
1.8380
1.9395
2.0680
2.1961
2.3050
2.4012
2.4936
2.5789
2.6320
2.6852
2.7382
2.7813
2.8046
2.8413
2.9148
2.9739
3.0049
3.0339
3.0971
3.1800
3.2489
3.3204
3.3823
3.4201
3.3985
3.3071
3.2182
3.1723
3.1724
3.1885
3.1371
3.0473
2.8889
2.6870
2.4678
2.3247
2.2806
2.3052
2.3155
2.3060
2.2835
2.2891
2.3169
2.3600
2.4080
11.8059
