-3.005353567
-3.030859521
-3.052103206
-3.069090775
-3.073336642
-3.073336642
-3.073336642
-3.073336642
-3.079356054
-3.079356054
-3.085375806
-3.085375806
-3.085375806
-3.097416329
-3.109458212
-3.140687364
-3.17416731
-3.205421562
-3.235564562
-3.242716915
-3.25323888
-3.257730132
-3.275412135
-3.306298383
-3.345907405
-3.369873897
-3.418495528
-3.471403709
-3.509799817
-3.537459459
-3.570983601
-3.62091479
-3.644797481
-3.649344603
-3.655027805
-3.661846619
-3.668664333
-3.680024617
-3.697461016
-3.733763361
-3.758836369
-3.820454453
-3.887081242
-3.94918978
-3.986932118
-4.013632669
-4.043787844
-4.066701718
-4.078555526
-4.0915608
-4.124059479
-4.14470595
-4.183712728
-4.248380536
-4.310782912
-4.385485623
-4.454108822
-4.509335706
-4.558449352
-4.601441607
-4.63098855
-4.660541196
-4.678980067
-4.690099543
-4.696246916
-4.702394627
-4.701219244
-4.70736702
-4.71966359
-4.744260798
-4.775014935
-4.798444537
-4.828031337
-4.862596661
-4.898352101
-4.931483343
-4.948049764
-4.948049764
-4.95420908
-4.964616717
-4.981184201
-4.993505477
-5.011989929
-5.026644344
-5.030889843
-5.041297018
-5.068273426
-5.105656222
-5.138068143
-5.170480142
-5.22139497
-5.258045938
-5.283555426
-5.321401928
-5.363478897
-5.40326721
-5.448028901
-5.513600379
-5.614020286
-5.711278819
-5.822885349
-5.961983741
-6.083762656
-6.181526907
-6.258966243
-6.337346856
-6.417724755
-6.478861564
-6.515472922
-6.541561841
-6.56019633
-6.56890797
-6.574340712
-6.596851856
-6.622761318
-6.669921373
-6.743283475
-6.84322769
-6.968452221
-7.089051133
-7.196388314
-7.325825104
-7.441578239
-7.564449609
-7.679931582
-7.773674229
-7.83331601
-7.868512671
-7.900056614
-7.914111307
-7.929710672
-7.937744426
-7.941882882
-7.946020913
-7.958192582
-7.99447888
-8.032522792
-8.093817061
-8.178948673
-8.294384097
-8.432706863
-8.563619251
-8.666954522
-8.73001811
-8.784446152
-8.809618508
-8.82220665
-8.828501213
-8.828501213
-8.828501213
-8.828501213
-8.828501213
-8.832598095
-8.856033569
-8.883565817
-8.911097952
-8.95664878
-9.017562959
-9.076609384
-9.124749779
-9.172988447
-9.234317837
-9.299754877
-9.368402818
-9.442488784
-9.527437253
-9.614211722
-9.691939659
-9.780058182
-9.876738278
-9.971621962
-10.06376871
-10.15415264
-10.23682788
-10.30507782
-10.36019463
-10.40768361
-10.44916308
-10.48704198
-10.52629216
-10.57899489
-10.65350913
-10.75733268
-10.85713064
-10.94943932
-11.01046577
-11.05214384
-11.07332197
-11.08012073
-11.0986911
-11.12720858
-11.14838475
-11.18607741
-11.23815327
-11.31497962
-11.39461969
-11.50139545
-11.63033811
-11.77008837
-11.93343028
-12.11499118
-12.28772815
-12.4497276
-12.59097606
-12.69969009
-12.79948813
-12.8603281
-12.89608591
-12.92006088
-12.94257261
-12.95970213
-12.97286372
-12.98496725
-13.02454415
-13.07190483
-13.09697592
-13.11558128
-13.13926343
-13.17184781
-13.17507965
-13.16947355
-13.17406713
-13.19884144
-13.22934403
-13.27691652
-13.30041247
-13.3096139
-13.33560961
-13.36761256
-13.38894329
-13.406402
-13.40532436
-13.40532436
-13.41065551
-13.43305719
-13.45291347
-13.46503582
-13.47329253
-13.49197233
-13.5105086
-13.52503063
-13.54356637
-13.5666738
-13.59511099
-13.60538817
-13.60538817
-13.61604353
-13.66046232
-13.71662435
-13.78233679
-13.86878094
-13.95759838
-14.01042427
-14.055919
-14.1037589
-14.14391128
-14.19171758
-14.23802446
-14.27135093
-14.29405753
-14.29936355
-14.29936355
-14.31406617
-14.33781987
-14.36802017
-14.40240399
-14.45322434
-14.49611511
-14.523779
-14.53820491
-14.55674346
-14.57265201
-14.59996482
-14.64513196
-14.69675192
-14.78098126
-14.87468713
-14.98051183
-15.08436071
-15.20904957
-15.34051485
-15.4746552
-15.60608414
-15.72180383
-15.81442014
-15.88166637
-15.91452377
-15.93185886
-15.94391995
-15.95973458
-15.95557815
-15.97045925
-16.00386931
-16.03978573
-16.07321671
-16.09542402
-16.12961968
-16.17944147
-16.27168332
-16.38214013
-16.49342432
-16.59907914
-16.66579755
-16.70228984
-16.72897239
-16.74435051
-16.75452232
-16.74803545
-16.74154888
-16.74891775
-16.76148845
-16.77773714
-16.80438073
-16.82517949
-16.85053862
-16.88628691
-16.92784892
-16.97825283
-17.02710296
-17.07378345
-17.10336686
-17.13080468
-17.15366384
-17.17225201
-17.21762625
-17.25174186
-17.30044348
-17.34566944
-17.39371813
-17.44174279
-17.4847711
-17.52127429
-17.57666697
-17.62931679
-17.68264304
-17.73741158
-17.80148404
-17.82713699
-17.83446296
-17.81917462
-17.83540798
-17.85285938
-17.86076675
-17.87586494
-17.90255993
-17.92937747
-17.94761306
-17.94070477
-17.91874349
-17.90092059
-17.90559361
-17.91397032
-17.91874603
-17.93811464
-17.96836576
-17.99914569
-18.0263284
-18.06495714
-18.10357041
-18.12767459
-18.13868133
-18.15269889
-18.18128729
-18.19038295
-18.22453864
-18.27315736
-18.32832106
-18.37839327
-18.42489152
-18.46329692
-18.5072625
-18.54110353
-18.56280553
-18.58502007
-18.60166548
-18.61981732
-18.63947529
-18.65772098
-18.67449238
-18.68771589
-18.69941805
-18.70163188
-18.72192738
-18.73218518
-18.72643886
-18.7015515
-18.68011753
-18.66417303
-18.64874537
-18.65483601
-18.65944129
-18.67702613
-18.69459983
-18.70311259
-18.68863534
-18.67564501
-18.64764456
-18.59571289
-18.52082468
-18.42207391
-18.3204232
-18.19443675
-18.0485638
-17.92130982
-17.82055417
-17.71116415
-17.61414929
-17.54938179
-17.52612746
-17.54858381
-17.57754073
-17.60448675
-17.61856567
-17.62351496
-17.62703323
-17.63836077
-17.66249472
-17.70938138
-17.76056179
-17.81440508
-17.85542246
-17.91223091
-17.96266601
-17.98884522
-18.00938442
-18.04416168
-18.08728107
-18.13817495
-18.20381368
-18.28364016
-18.38113098
-18.45582205
-18.51287416
-18.56069824
-18.58745994
-18.60502478
-18.60645432
-18.60788379
-18.61135545
-18.61278492
-18.61421431
-18.61911508
-18.6234028
-18.63606138
-18.66280195
-18.69381918
-18.71269678
-18.74576884
-18.76995151
-18.80137816
-18.84226285
-18.88010675
-18.91731185
-18.95024545
-18.9719854
-18.98458495
-18.99025675
-18.99450975
-18.99510499
-18.999945
-18.99744762
-18.98584274
-18.9575504
-18.950327
-18.94514031
-18.923467
-18.89734306
-18.90110225
-18.90715127
-18.89046256
-18.86867675
-18.84828685
-18.80470705
-18.72495394
-18.61276332
-18.48181459
-18.33219053
-18.17214962
-18.01589823
-17.89305899
-17.80608681
-17.74848961
-17.73181772
-17.73722906
-17.74263912
-17.75021382
-17.76184364
-17.77674498
-17.76656266
-17.74184105
-17.69982429
-17.68497301
-17.67655449
-17.65954791
-17.64059434
-17.63968726
-17.64743211
-17.63795641
-17.64948869
-17.65968547
-17.65854552
-17.64312733
-17.65244755
-17.66987761
-17.68082232
-17.68499077
-17.65720452
-17.62776203
-17.59696058
-17.54994572
-17.49026679
-17.44089425
-17.40799553
-17.36022227
-17.31854391
-17.27722462
-17.21358249
-17.1489799
-17.0908248
-17.05688412
-17.03940411
-17.04227846
-17.04547383
-17.05417461
-17.06514827
-17.07256227
-17.07607985
-17.07245188
-17.0778406
-17.08286666
-17.06363282
-17.02049716
-16.97251377
-16.92844112
-16.88828813
-16.84813719
-16.80925408
-16.76250786
-16.69637621
-16.62898047
-16.55638539
-16.47733713
-16.39953689
-16.34502806
-16.30860628
-16.28084548
-16.28282658
-16.2900094
-16.30436947
-16.32589567
-16.34740518
-16.37372139
-16.39519528
-16.42022683
-16.44166461
-16.44880684
-16.44756247
-16.46583461
-16.49572341
-16.51522748
-16.50898306
-16.51130103
-16.51198565
-16.51516069
-16.53032781
-16.5583545
-16.56834309
-16.56834309
-16.58261881
-16.62402262
-16.68345334
-16.75321699
-16.80238978
-16.82062504
-16.81174578
-16.8092081
-16.81275142
-16.82919162
-16.84915751
-16.86203481
-16.87970873
-16.89447496
-16.91438127
-16.93426997
-16.94546748
-16.95925877
-16.96793933
-16.96732655
-16.95840062
-16.94691849
-16.93542969
-16.93128049
-16.93031602
-16.94047704
-16.95629463
-16.97716079
-16.99692332
-17.01626743
-17.04682124
-17.06688948
-17.08562812
-17.0982771
-17.11738863
-17.13987799
-17.16012953
-17.16523633
-17.15354845
-17.1388655
-17.13496714
-17.13496714
-17.13067703
-17.11604399
-17.10225076
-17.09880132
-17.09880132
-17.09880132
-17.09880132
-17.09880132
-17.09880132
-17.09880132
-17.08263337
-17.06010724
-17.04523637
-17.03511353
-17.00850847
-16.99202692
-16.98567056
-16.98567056
-16.98567056
-16.98567056
-16.99234051
-16.98315383
-16.9736527
-16.98063044
-17.00087564
-17.01982029
-17.04166411
-17.06955833
-17.08473372
-17.08849084
-17.08373793
-17.08028598
-17.07683357
-17.08610063
-17.08846253
-17.09482403
-17.09137025
-17.09137025
-17.09137025
-17.09773221
-17.09773221
-17.09773221
-17.09427815
-17.09082364
-17.08736867
-17.08476495
-17.08000779
-17.07870581
-17.07394828
-17.06788832
-17.05576703
-17.05446473
-17.05446473
-17.04810378
-17.02902266
-17.01124508
-16.99736901
-16.96947321
-16.92756655
-16.88825929
-16.87825608
-16.86447251
-16.83150382
-16.79218027
-16.75792385
-16.73477932
-16.71163479
-16.69265397
-16.65808887
-16.61114009
-16.57182576
-16.52872194
-16.48181969
-16.41333382
-16.32710418
-16.23965485
-16.17125201
-16.10637198
-16.02031658
-15.96968685
-15.94053684
-15.93133688
-15.92819435
-15.92437833
-15.92155393
-15.89626852
-15.86466842
-15.83307571
-15.79517394
-15.73958902
-15.64616263
-15.57295544
-15.50133514
-15.4231267
-15.35124968
-15.28569442
-15.24533048
-15.19499699
-15.13962082
-15.07445656
-15.03168866
-14.97514906
-14.89474158
-14.82339623
-14.75803823
-14.68137608
-14.60474265
-14.52693314
-14.45421472
-14.38032976
-14.30528537
-14.27402999
-14.25261785
-14.23625955
-14.21870725
-14.20592959
-14.18956996
-14.14822219
-14.11937338
-14.09914966
-14.06762195
-14.02360539
-13.98313968
-13.94030122
-13.89863958
-13.85308632
-13.80634529
-13.74946587
-13.67153378
-13.5864577
-13.52364708
-13.47570884
-13.40941531
-13.34819992
-13.29828566
-13.24837712
-13.21206176
-13.18081511
-13.16560018
-13.14531135
-13.11372913
-13.06577993
-13.03253692
-12.97328243
-12.90160213
-12.81524932
-12.72667261
-12.61738144
-12.52337046
-12.43197676
-12.35517577
-12.32138938
-12.30839355
-12.28746402
-12.26144011
-12.21240308
-12.16005101
-12.10042661
-12.03862244
-11.97684864
-11.89658853
-11.79423212
-11.68578626
-11.57126702
-11.47164062
-11.37921218
-11.29304932
-11.22287393
-11.15746818
-11.11449674
-11.08381211
-11.05926996
-11.02739135
-11.00638762
-10.98798848
-10.96224558
-10.91810912
-10.88378448
-10.85559327
-10.81270577
-10.72697623
-10.6168417
-10.48847826
-10.32974126
-10.15902889
-9.964226982
-9.757598692
-9.557392259
-9.354826129
-9.160847477
-9.015368467
-8.921981743
-8.88061506
-8.872850466
-8.876854853
-8.883860025
-8.89359812
-8.876189853
-8.865118325
-8.853048728
-8.840980385
-8.815403598
-8.797305368
-8.755926139
-8.696457705
-8.601650282
-8.497075007
-8.36466793
-8.200695075
-8.001398194
-7.802131127
-7.58111314
-7.350352176
-7.103858547
-6.877020852
-6.668151317
-6.475078316
-6.319517006
-6.193397559
-6.083058816
-6.006332661
-5.949234522
-5.901954152
-5.870435451
-5.854676566
-5.844859392
-5.82910062
-5.82315973
-5.819027564
-5.799135798
-5.771873563
-5.726780766
-5.666816823
-5.591973069
-5.493818606
-5.404920235
-5.307339074
-5.193114397
-5.074981148
-4.93317177
-4.783534726
-4.627990237
-4.471598024
-4.311277133
-4.166789487
-4.044831598
-3.917023751
-3.792237999
-3.683193835
-3.58003101
-3.465957143
-3.337218401
-3.191940819
-3.068030737
-2.934261907
-2.80370741
-2.664108868
-2.526332048
-2.412327321
-2.283628727
-2.128357278
-1.980694886
-1.825442831
-1.676024358
-1.531659928
-1.408042426
-1.299363597
-1.225404848
-1.157255007
-1.102539179
-1.053820411
-0.99352568
-0.91981629
-0.832494635
-0.724466157
-0.606552047
-0.472974161
-0.350941319
-0.238799469
-0.130247884
-0.051584062
0.021311855
0.069537867
0.095091418
0.126397242
0.140446427
0.156813698
0.173721142
0.220870809
0.285090481
0.364942479
0.461831004
0.586973027
0.736920845
0.896209196
1.061888111
1.230354055
1.391771996
1.536708897
1.67156494
1.785909783
1.884774055
1.972386839
2.033168798
2.070559833
2.101472363
2.144923288
2.188891706
2.21303993
2.245782036
2.264509553
2.296968696
2.349354433
2.421539474
2.502848586
2.615287714
2.738264362
2.892340409
3.050650519
3.218112993
3.381292567
3.583392495
3.776194859
3.95896539
4.132298576
4.291168689
4.410324118
4.510776942
4.574682773
4.618157379
4.640719288
4.657204402
4.672527967
4.684098474
4.691334722
4.710992601
4.728636678
4.754950285
4.783580873
4.821461208
4.860496766
4.914931397
4.973123342
5.051701561
5.136471627
5.22998175
5.342149913
5.480231448
5.628195533
5.789921062
5.935712189
6.091477535
6.246178064
6.385528131
6.514989468
6.614189053
6.689618541
6.73684083
6.754244006
6.771645305
6.789044713
6.809821543
6.826699477
6.851893198
6.87215301
6.909374022
6.950967
6.983158332
7.017441719
7.05664987
7.10425373
7.146910464
7.189624967
7.22583232
7.277919053
7.343820789
7.407289966
7.490530417
7.565824721
7.672259454
7.794919446
7.946136745
8.106599984
8.26009105
8.391181344
8.511791668
8.620102169
8.718010022
8.81094725
8.888127111
8.967545475
9.04556622
9.092157658
9.143662394
9.188891386
9.239054754
9.279797325
9.31560136
9.34198257
9.373285711
9.409073652
9.430521167
9.46094414
9.496296831
9.526719213
9.56207035
9.612632921
9.653337638
9.694039438
9.739665795
9.790217116
9.836691282
9.893010406
9.969026786
10.0441964
10.10499578
10.16946351
10.22899676
10.3033032
10.36323844
10.39814028
10.41988351
10.44534607
10.4708076
10.4826902
10.50813451
10.51880078
10.52866011
10.53399277
10.54425485
10.55904416
10.58037061
10.61155231
10.64725909
10.68455826
10.71652052
10.74354706
10.76484591
10.78988017
10.81944742
10.85473374
10.89573332
10.95033835
11.00040836
11.05956202
11.12969228
11.1997916
11.24945287
11.29908864
11.34796879
11.38281338
11.40782119
11.42792442
11.45333394
11.49772339
11.5424892
11.59675309
11.65666249
11.72150442
11.77650963
11.83572429
11.89563252
11.95521522
12.01551414
12.08426366
12.13997622
12.20520237
12.28029633
12.34620292
12.38260309
12.42385012
12.46504532
12.49602005
12.52137356
12.54672469
12.56815616
12.58924347
12.60969603
12.64489956
12.68570319
12.73042907
12.78468801
12.82547351
12.87085325
12.92115829
12.98099411
13.03068882
13.07577347
13.12509535
13.16890081
13.19977017
13.22013425
13.22113778
13.22208959
13.20745328
13.1934551
13.18593378
13.17482569
13.16405593
13.16432521
13.16331818
13.15745771
13.15646823
13.15484002
13.1425403
13.13542772
13.12643547
13.11712075
13.11239378
13.10793181
13.09835759
13.08459119
13.06140091
13.0519002
13.06185185
13.06224596
13.05707065
13.05189499
13.05222461
13.05680638
13.06171778
13.07612337
13.10592119
13.16977306
13.25760969
13.35012574
13.43322344
13.52983302
13.61555817
13.67306655
13.68215844
13.65312922
13.60325375
13.54352435
13.50419786
13.48926173
13.47924635
13.46048268
13.42686203
13.37903016
13.31086521
13.24467967
13.16787258
13.09110695
13.01921937
12.94668441
12.88280299
12.81892137
12.75539064
12.7025929
12.65052774
12.59258478
12.53912127
12.48976228
12.45597904
12.43704441
12.42822827
12.40866117
12.37934899
12.35078215
12.33196621
12.31807739
12.30354559
12.26498581
12.24581219
12.23638253
12.23225641
12.24306838
12.27270651
12.32080104
12.37457775
12.43746261
12.50146887
12.57003226
12.62984567
12.68472679
12.73011474
12.77344631
12.80262613
12.82231844
12.81821623
12.80858449
12.7937794
12.77487741
12.73600028
12.68232327
12.60965637
12.5311949
12.43792823
12.32908968
12.19098918
12.04687271
11.89227468
11.71672012
11.55627414
11.41055539
11.28963018
11.20532694
11.14503732
11.11488645
11.093901
11.08865375
11.08865375
11.0890953
11.08473156
11.07992639
11.06506888
11.05065467
11.04075022
11.03055019
11.03506172
11.03506564
11.04527318
11.03958601
11.03508398
11.04965391
11.06378056
11.07717284
11.10033135
11.13414396
11.17291948
11.20674282
11.24013362
11.26944628
11.29351799
11.3025834
11.2977952
11.30321138
11.29727108
11.2913308
11.28158664
11.27649609
11.27096775
11.26091479
11.25610749
11.24168645
11.23703537
11.21212254
11.18240219
11.15401301
11.13377714
11.0994136
11.04913237
11.00889959
10.98352423
10.96431002
10.93984053
10.91537211
10.89090477
10.85499895
10.80467621
10.76626544
10.70199953
10.62239356
10.54804984
10.46314924
10.36688193
10.27136295
10.18540379
10.10520132
10.04566237
10.01689567
10.00150926
9.996715296
9.986624498
9.981830736
9.966946024
9.946762591
9.907405669
9.863258587
9.828696915
9.778736294
9.718474882
9.684427999
9.661003107
9.615824015
9.565326548
9.516929814
9.467483268
9.412719377
9.347311248
9.27710646
9.205801919
9.129688211
9.055202954
8.981826016
8.903124588
8.829209178
8.774970596
8.732338713
8.705728704
8.690379812
8.691746396
8.679456951
8.679689209
8.689710862
8.693811473
8.691319639
8.688829799
8.683038106
8.673381877
8.653028073
8.627898325
8.583432355
8.514863557
8.434077067
8.359567772
8.285057637
8.220681049
8.170259855
8.126153614
8.086817782
8.046877767
8.01672333
7.99229286
7.936836094
7.882602939
7.828019633
7.757291523
7.670749194
7.580050031
7.505512874
7.445244537
7.372888644
7.301147538
7.235437536
7.170369984
7.093163488
7.016587386
6.950823407
6.889800441
6.829436726
6.768393057
6.718868549
6.678843186
6.642883823
6.617779541
6.598106004
6.572316565
6.552643056
6.51735654
6.481378097
6.446777244
6.395167823
6.348986809
6.303496006
6.240961973
6.162760122
6.073611575
5.968028248
5.852148925
5.736172663
5.61936528
5.496963981
5.392065415
5.30717181
5.226215567
5.161708961
5.118430985
5.081404345
5.055798665
5.040034176
5.034524532
5.023504209
5.012482504
5.006971135
5.001459419
5.001459419
4.995947359
4.984922203
4.948687971
4.89904323
4.824145514
4.737353503
4.648554905
4.573531877
4.519396168
4.477102391
4.429684102
4.392908812
4.3493554
4.299437612
4.238389081
4.167426661
4.096416523
4.046363436
3.997534502
3.955068797
3.893802433
3.835401468
3.776535692
3.704000571
3.638655982
3.589206938
3.562096034
3.548281884
3.537101558
3.531510879
3.525919855
3.514736776
3.509982467
3.504390337
3.487611882
3.459640911
3.426906197
3.399760822
3.371765027
3.355808765
3.339004874
3.322197887
3.312293489
3.297179089
3.2717664
3.236449446
3.181324826
3.110688983
3.044342315
2.969719678
2.902305806
2.822256027
2.704053296
2.553213523
2.389303311
2.210969688
2.016816144
1.854047821
1.733370682
1.626792587
1.54144583
1.47311303
1.42183112
1.381926045
1.330594908
1.296358768
1.262110325
1.239271194
1.222138257
1.199289557
1.165006256
1.136427442
1.096402752
1.06208255
1.01630315
0.959048157
0.908966839
0.857384224
0.794301246
0.732667138
0.655264954
0.570569128
0.495807466
0.408255274
0.304890376
0.23148052
0.173802076
0.121862344
0.061421222
0.031385383
-0.011747377
-0.063353628
-0.113410407
-0.140767184
-0.173912363
-0.223879413
-0.271201005
-0.323321553
-0.393938818
-0.477245577
-0.565811109
-0.658601667
-0.730322322
-0.817309576
-0.895324733
-0.982313323
-1.066724573
-1.133804713
-1.216319231
-1.312208804
-1.401876151
-1.49056341
-1.600116646
-1.715676738
-1.822271944
-1.926209966
-2.003651355
-2.053958011
-2.084455226
-2.099517218
-2.112382728
-2.131134909
-2.148789653
-2.178220976
-2.209364916
-2.250597711
-2.285953264
-2.319357492
-2.375266195
-2.440186642
-2.512174412
-2.616030507
-2.722547862
-2.805470164
-2.883664568
-2.96054555
-3.029282641
-3.080246459
-3.120497365
-3.160773288
-3.184365147
-3.204416854
-3.247054317
-3.288570837
-3.330115458
-3.385937124
-3.462051819
-3.52995631
-3.621881772
-3.746243114
-3.862464904
-3.989711045
-4.114787139
-4.218386616
-4.296768985
-4.357101733
-4.375208104
-4.376405156
-4.378799173
-4.387230593
-4.399255472
-4.407636078
-4.423255914
-4.460670574
-4.511411311
-4.56099243
-4.626344705
-4.697833618
-4.780340348
-4.86415969
-4.952948164
-5.034553241
-5.115040594
-5.179731561
-5.226148475
-5.253035542
-5.264054629
-5.275075773
-5.286098972
-5.293464135
-5.300828156
-5.311872044
-5.322913351
-5.340076838
-5.351115431
-5.364603534
-5.386673217
-5.424708338
-5.46645729
-5.534058125
-5.621430838
-5.712628324
-5.773343279
-5.77849532
-5.727997794
-5.64762834
-5.553620539
-5.457380282
-5.379422674
-5.281769358
-5.15508836
-4.997137223
-4.829909843
-4.659193401
-4.532171806
-4.441547905
-4.379709204
-4.368584463
-4.383983508
-4.422188132
-4.460227802
-4.491253629
-4.510353016
-4.537283614
-4.579588216
-4.614831818
-4.634246325
-4.629141446
-4.609997833
-4.564114799
-4.511930853
-4.457628911
-4.407616999
-4.378271827
-4.319639377
-4.245459154
-4.213234206
-4.224069777
-4.242429777
-4.258619434
-4.275877668
-4.294202346
-4.313591188
-4.330813778
-4.339420844
-4.346202004
-4.334265299
-4.334265299
-4.327759594
-4.314749252
-4.288732848
-4.266554067
-4.246071943
-4.23022811
-4.18859331
-4.131231648
-4.073893994
-4.010364837
-3.954670732
-3.922797791
-3.909987816
-3.934075936
-3.983111014
-4.047791394
-4.121601623
-4.190692002
-4.26213581
-4.331305966
-4.389026781
-4.447964358
-4.49197731
-4.506332622
-4.504269548
-4.50619295
-4.487492952
-4.439642282
-4.354459277
-4.280623021
-4.194887219
-4.092221372
-3.998724386
-3.906680442
-3.835305856
-3.787680651
-3.757097353
-3.745340256
-3.764554494
-3.794299531
-3.809154462
-3.814987741
-3.810747843
-3.805447038
-3.800145198
-3.793781626
-3.799038913
-3.800071567
-3.797134589
-3.800814839
-3.80077207
-3.791198581
-3.78055749
-3.770977024
-3.768238573
-3.765485781
-3.750080501
-3.740989934
-3.732397072
-3.735170467
-3.733754722
-3.717431001
-3.698025786
-3.665293576
-3.617143349
-3.557782002
-3.496451194
-3.441241275
-3.372016021
-3.28061492
-3.209657826
-3.161269274
-3.135850584
-3.142068242
-3.161541211
-3.166575781
-3.164933184
-3.15227281
-3.142774053
-3.150592423
-3.180528721
-3.235060945
-3.29820819
-3.36772022
-3.428452551
-3.493430058
-3.543197617
-3.581037118
-3.600497637
-3.618079546
-3.615787808
-3.591818514
-3.555123564
-3.514372133
-3.47885144
-3.458460683
-3.44675431
-3.441454073
-3.435865558
-3.429187924
-3.409308016
-3.379145499
-3.323826238
-3.264401126
-3.196897192
-3.14257824
-3.106380908
-3.100349209
-3.100349209
-3.100349209
-3.100349209
-3.100349209
-3.100349209
-3.100349209
-3.100349209
-3.106380908
-3.141441675
-3.171536069
-3.209457106
-3.263687738
-3.327115642
-3.381354541
-3.425328722
-3.438496328
-3.449956916
-3.45089434
-3.447843532
-3.44892599
-3.474206654
-3.504462091
-3.553975299
-3.597456677
-3.645927948
-3.698792097
-3.746721015
-3.776471386
-3.806236828
-3.832726127
-3.871379263
-3.907850429
-3.944333796
-3.988016762
-4.025633302
-4.032825371
-4.046106152
-4.085962732
-4.13304331
-4.167960437
-4.223420884
-4.282164928
-4.327249337
-4.345568921
-4.36389155
-4.407109243
-4.456439521
-4.501554269
-4.544353424
-4.601723687
-4.646871136
-4.710791124
-4.774709865
-4.838627332
-4.902543499
-4.963398587
-5.037648898
-5.109207786
-5.198394847
-5.281462136
-5.36258768
-5.461350949
-5.558961699
-5.648808125
-5.720784935
-5.799285291
-5.909131944
-6.032644634
-6.133839476
-6.215202153
-6.2900288
-6.329395595
-6.362505451
-6.372022864
-6.376780716
-6.392440946
-6.393630835
-6.393630835
-6.417506868
-6.44433857
-6.467028085
-6.495902705
-6.518596636
-6.554860325
-6.577012022
-6.605707072
-6.635302066
-6.685051983
-6.752196872
-6.813125439
-6.892964418
-6.968325828
-7.066409018
-7.177784882
-7.299167013
-7.393377074
-7.483501486
-7.548768126
-7.609387618
-7.65257321
-7.679213385
-7.716502266
-7.759107566
-7.801368575
-7.838298555
-7.896753968
-7.983296877
-8.063602415
-8.135498816
-8.207052494
-8.300462428
-8.399477471
-8.491610043
-8.602480761
-8.727381647
-8.82503908
-8.906109154
-8.996472045
-9.069280622
-9.138516043
-9.220821665
-9.329173875
-9.420586512
-9.511900049
-9.599250496
-9.679822576
-9.754655625
-9.806096115
-9.848359744
-9.891880882
-9.920826698
-9.971500197
-10.01984769
-10.06715631
-10.11048975
-10.16633119
-10.21427177
-10.24123325
-10.26528055
-10.29429569
-10.32098093
-10.34606509
-10.356273
-10.36778867
-10.39680758
-10.42714691
-10.46874562
-10.5344646
-10.61778939
-10.72269264
-10.81875439
-10.91119291
-10.97341891
-11.02856793
-11.07853923
-11.1213487
-11.13977112
-11.15560629
-11.1674425
-11.18452905
-11.20686411
-11.22394674
-11.25998033
-11.27572682
-11.29671894
-11.30721361
-11.33060901
-11.36449598
-11.40521936
-11.46397411
-11.52270812
-11.58543916
-11.6378051
-11.67578756
-11.71885921
-11.74125857
-11.76888738
-11.79906103
-11.83954739
-11.88016096
-11.91942244
-11.9546445
-11.99373057
-12.02780341
-12.05798645
-12.09718632
-12.1246034
-12.1497545
-12.18757781
-12.22538927
-12.26839639
-12.31004174
-12.35283162
-12.38134422
-12.40599555
-12.42544182
-12.43718635
-12.45777514
-12.48105363
-12.51336026
-12.54565126
-12.58062948
-12.62599848
-12.66095161
-12.69206019
-12.72166596
-12.75374773
-12.76528255
-12.76528255
-12.76528255
-12.77181959
-12.78353781
-12.81326874
-12.85852388
-12.911644
-12.9840703
-13.05644475
-13.12360291
-13.18311164
-13.23227233
-13.2683796
-13.29172597
-13.31614385
-13.32781315
-13.32917323
-13.32917323
-13.33296737
-13.3343275
-13.34735559
-13.36417566
-13.38099357
-13.39644887
-13.40947202
-13.4149081
-13.42262102
-13.44806281
-13.45971457
-13.46622041
-13.46649652
-13.47313762
-13.50021494
-13.5375683
-13.57622483
-13.6277164
-13.69203711
-13.76249118
-13.83735667
-13.90176649
-13.96344039
-14.01887921
-14.08468768
-14.13039445
-14.17459678
-14.176949
-14.16312721
-14.13140047
-14.08050935
-14.02600059
-13.98193668
-13.93389192
-13.90229466
-13.89238002
-13.89627776
-13.89144134
-13.91320008
-13.92987108
-13.94898791
-13.95538558
-13.98353314
-14.00294099
-14.02843147
-14.03618683
-14.03783292
-14.06230408
-14.09289082
-14.12849998
-14.17445719
-14.22669552
-14.28123367
-14.30790343
-14.32443571
-14.32080409
-14.30678033
-14.28267119
-14.25488201
-14.23479116
-14.23482958
-14.2475878
-14.26034485
-14.27311547
-14.26680612
-14.23505172
-14.19693736
-14.17523165
-14.15456008
-14.13255455
-14.09917156
-14.07506705
-14.05601031
-14.04198578
-14.01156741
-13.98618392
-13.96080532
-13.94943228
-13.94308878
-13.94308878
-13.94679313
-13.95420048
-13.96160605
-13.97007006
-13.98248538
-13.99884303
-14.00141425
-13.99868353
-14.01096106
-13.99281436
-13.97330497
-13.94612777
-13.90370486
-13.86157931
-13.8397398
-13.80422695
-13.7676501
-13.75743019
-13.77983961
-13.80850433
-13.84341627
-13.86564381
-13.89778782
-13.91106963
-13.91668763
-13.94100397
-13.9350819
-13.91681341
-13.89342455
-13.87989497
-13.86773607
-13.8672907
-13.87958821
-13.88428897
-13.86865329
-13.81145397
-13.72043433
-13.58798035
-13.4191357
-13.24671378
-13.05061832
-12.8735934
-12.72183021
-12.59514443
-12.49976354
-12.46441736
-12.46292728
-12.47277583
-12.47277558
-12.48013703
-12.49734409
-12.51332982
-12.53296916
-12.55752566
-12.57715821
-12.59678773
-12.61142062
-12.62120939
-12.64331059
-12.65923012
-12.65375708
-12.64073894
-12.62634903
-12.62310851
-12.62076452
-12.62463798
-12.6333751
-12.63845667
-12.6148902
-12.60143018
-12.58321287
-12.54754536
-12.48578643
-12.43655883
-12.40104079
-12.36043795
-12.2974977
-12.25098023
-12.22323782
-12.18806375
-12.13921419
-12.09897983
-12.06734602
-12.03805118
-12.00388871
-11.95975055
-11.91169861
-11.84607323
-11.75548546
-11.66214418
-11.56601996
-11.46841546
-11.39435269
-11.32646473
-11.2738121
-11.23131964
-11.18144193
-11.14062429
-11.11112689
-11.09295257
-11.06518233
-11.04650481
-11.04139934
-11.03629371
-11.02608193
-10.99432532
-10.95123508
-10.91325148
-10.83395148
-10.73602321
-10.63703176
-10.50925174
-10.38774827
-10.28196524
-10.18294968
-10.10168783
-10.02851871
-9.998671668
-9.986303926
-9.986303926
-9.967754413
-9.949208285
-9.924484178
-9.868873431
-9.807113754
-9.726873471
-9.634355002
-9.523426909
-9.408777794
-9.280422046
-9.162135351
-9.037801782
-8.913570304
-8.795045533
-8.695483634
-8.602101395
-8.521260292
-8.4613906
-8.419863285
-8.377310675
-8.332718404
-8.302173693
-8.2655306
-8.216691064
-8.157906461
-8.080851456
-8.01215794
-7.945708727
-7.874394143
-7.814264466
-7.743974661
-7.694826695
-7.649568296
-7.619165835
-7.58608233
-7.535765799
-7.489349419
-7.425920305
-7.372476422
-7.316881881
-7.242385899
-7.164022309
-7.05873302
-6.946075932
-6.823371525
-6.692944831
-6.550542856
-6.388356098
-6.226288315
-6.061317341
-5.883556622
-5.697101389
-5.496005404
-5.326102393
-5.161355984
-5.019840327
-4.884498517
-4.79398763
-4.723210959
-4.688990698
-4.673240947
-4.666532399
-4.65674012
-4.646040716
-4.617777294
-4.588758375
-4.551065565
-4.501244057
-4.442379049
-4.37418423
-4.296801612
-4.211401945
-4.127944365
-4.037662864
-3.937775722
-3.84209403
-3.765114899
-3.695334109
-3.603426646
-3.506636211
-3.388978209
-3.277580156
-3.166250164
-3.066775311
-2.954714389
-2.837699623
-2.711674958
-2.584034156
-2.452889651
-2.311332067
-2.16661579
-2.034329809
-1.917909648
-1.801677076
-1.696369779
-1.585475309
-1.488633705
-1.405147317
-1.317475929
-1.253117225
-1.19870932
-1.15423707
-1.109866236
-1.076215137
-1.039254847
-0.99149507
-0.932147526
-0.848867362
-0.7705934
-0.660215339
-0.525892544
-0.385018289
-0.235801626
-0.075055534
0.131876842
0.327264194
0.508533797
0.662680198
0.803498665
0.890884557
0.927143441
0.927143441
0.927143441
0.927143441
0.927143441
0.922946473
0.922946473
0.918749926
0.918749926
0.9145538
0.9145538
0.910358095
0.901967949
0.893579487
0.893579487
0.893579487
0.889385888
0.889385888
0.880999954
0.86842421
0.855852255
0.847473057
0.834166
0.821603729
0.79649055
0.763029877
0.717065412
0.68366867
0.661315229
0.648056433
0.647309047
0.647309047
0.647309047
0.6465617
0.6465617
0.642391668
0.642391668
0.637474473
0.637474473
0.637474473
0.629136234
0.629136234
0.629136234
0.624967745
0.616632029
0.612464801
0.612464801
0.612464801
0.608297993
0.608297993
0.608297993
0.608297993
0.608297993
0.604131606
0.603382954
0.603382954
0.603382954
0.599216849
0.598468098
0.590136871
0.577643183
0.560990816
0.544345172
0.526140732
0.520415245
0.520415245
0.515504868
0.51134625
0.504868898
0.496552845
0.488238473
0.475770065
0.47010912
0.469356357
0.468603634
0.468603634
0.467098309
0.472824535
0.472824535
0.472824535
0.472824535
0.472824535
0.472824535
0.476980758
0.4811374
0.4811374
0.4811374
0.4811374
0.4811374
0.4811374
0.4811374
0.4811374
0.4811374
0.4811374
0.4811374
0.4811374
0.4811374
0.4811374
0.4811374
0.4811374
0.4811374
0.4811374
0.485294463
0.485294463
0.489451946
0.489451946
0.489451946
0.489451946
0.493609849
0.497768172
0.514405669
0.522726938
0.526888204
0.526888204
0.526888204
0.526888204
0.526888204
0.526888204
0.526888204
0.526888204
0.526888204
0.526888204
0.526888204
0.532615391
0.532615391
0.532615391
0.548230732
0.552393138
0.552393138
0.563845534
0.579459798
0.585184907
0.596634107
0.622134266
0.663245222
0.696018511
0.723809344
0.753142593
0.804582402
0.862444178
0.93094446
1.010799563
1.10767711
1.210145883
1.32387075
1.435963222
1.560487001
1.683432001
1.758291431
1.80357051
1.820544536
1.831858848
1.831858848
1.831858848
1.831858848
1.831858848
1.831858848
1.831858848
1.831858848
1.831858848
1.831858848
1.831858848
1.831858848
1.831858848
1.831858848
1.831858848
1.831858848
1.838160718
1.849357284
1.850060701
1.850060728
1.854252299
1.858444286
1.86333972
1.873131102
1.882220553
1.890608806
1.89131114
1.892013511
1.897612551
1.903211592
1.90951284
1.934700426
1.957097357
1.988589635
2.027084943
2.065580959
2.09987711
2.143273678
2.188068497
2.237763922
2.290967924
2.339969064
2.389696624
2.444322826
2.502437608
2.554982253
2.633527489
2.72336262
2.815986548
2.893967901
2.975418078
3.065347914
3.149682433
3.224853735
3.309871816
3.387957152
3.469384953
3.544544021
3.6160905
3.677783966
3.744392665
3.810354873
3.876971397
3.94163317
3.987250005
4.018736281
4.053854482
4.064986088
4.071837389
4.080620328
4.088113194
4.104805934
4.134339442
4.155954025
4.181848445
4.213304159
4.259524433
4.293987627
4.331634168
4.377216619
4.440098986
4.505375431
4.587308702
4.676646285
4.77823854
4.866277892
4.958604348
5.057055694
5.15547498
5.245828738
5.329973517
5.415845223
5.505363065
5.569647686
5.624643825
5.674703314
5.735712384
5.785701049
5.830760586
5.873194939
5.932622111
6.009571782
6.091870921
6.166888141
6.214535461
6.239775597
6.249236239
6.253823719
6.26648746
6.273678752
6.284620305
6.294988394
6.304783744
6.315724315
6.336459867
6.36152188
6.396953094
6.437854348
6.487987266
6.547926638
6.61277604
6.681975444
6.742504365
6.802477978
6.865691037
6.915870935
6.955684508
6.990039105
7.0091189
7.023845347
7.03857263
7.05385333
7.064776929
7.07519731
7.095939033
7.116128895
7.130858475
7.130909688
7.132562236
7.13261397
7.142485859
7.13823178
7.148656032
7.163440588
7.193455241
7.209397666
7.2264411
7.237041665
7.258570814
7.271443646
7.268128376
7.285323302
7.325854027
7.357046037
7.386524753
7.405631101
7.41545894
7.416553911
7.417648971
7.422083572
7.423247528
7.41854192
7.425239982
7.435757057
7.452285664
7.493785285
7.547841474
7.58886869
7.615304547
7.651418436
7.697283815
7.736610263
7.757894831
7.773182443
7.772723751
7.774882058
7.777040699
7.781358962
7.778688166
7.766902398
7.774688615
7.791132632
7.797297905
7.809825177
7.807252349
7.812338674
7.816127605
7.81937604
7.816181603
7.818890732
7.825965598
7.822775217
7.808871111
7.784252313
7.785432867
7.787702714
7.784072362
7.765369467
7.763834187
7.771564768
7.780291681
7.798822342
7.820711872
7.846510928
7.857704436
7.859096155
7.835192433
7.811190705
7.786643107
7.773344047
7.758948186
7.749351565
7.740306883
7.725914362
7.70727926
7.67794731
7.65452446
7.617174029
7.584179737
7.551195359
7.518220138
7.484690078
7.445810895
7.412292509
7.388924386
7.375704972
7.372060504
7.361918472
7.346418571
7.348134641
7.333780674
7.314643865
7.294934359
7.281159446
7.282430163
7.291898989
7.297618503
7.317350807
7.342110391
7.36744763
7.379224079
7.374693508
7.350224317
7.335888968
7.322708918
7.308955276
7.279139026
7.266550354
7.263645204
7.253193707
7.240035664
7.225847237
7.207472947
7.193423197
7.184867049
7.172134573
7.144522277
7.128504804
7.11116209
7.08254585
7.064666684
7.075063262
7.091126558
7.090685131
7.077012145
7.060948577
7.056191915
7.046079959
7.047278089
7.047430356
7.02780773
6.998675087
6.960036038
6.927679116
6.874959927
6.81230626
6.735266423
6.658086513
6.580303637
6.518016827
6.449746056
6.397603652
6.340105046
6.275325163
6.211824816
6.157799501
6.120571942
6.086790437
6.040940143
5.990347012
5.95117875
5.918060288
5.87889873
5.85525092
5.841918343
5.851287973
5.866241678
5.885455799
5.906656017
5.934292872
5.947560325
5.950927112
5.943545294
5.941105303
5.946995718
5.941932008
5.927699528
5.921111921
5.917243347
5.922347482
5.938003461
5.968434063
5.998198827
6.008028001
6.027046375
6.064896864
6.094679121
6.094668226
6.083690147
6.073605043
6.048503716
6.013312954
5.979679573
5.939997652
5.895606283
5.847185033
5.792704118
5.733286628
5.6637701
5.605721706
5.53643322
5.466444221
5.403946011
5.345456899
5.280156239
5.201897578
5.123592092
5.060770798
5.008755838
4.95672184
4.916240027
4.902870982
4.892277178
4.876005379
4.860457877
4.855760114
4.844434432
4.819487901
4.795271282
4.744642908
4.679918374
4.618149477
4.544044105
4.446948613
4.341670373
4.252716678
4.150567221
4.041376934
3.936799679
3.849331161
3.772766979
3.7055543
3.637527587
3.567883519
3.52561558
3.482536731
3.461389919
3.439440295
3.432646699
3.421162726
3.399201128
3.37334714
3.336502384
3.283456795
3.214400762
3.146121351
3.078628691
3.002555234
2.920954019
2.82829887
2.712684451
2.585927425
2.442454373
2.319296165
2.194296885
2.080268529
1.989243625
1.948235163
1.927729259
1.923039769
1.923039769
1.923039769
1.927188303
1.928062495
1.928936709
1.9440048
1.963557461
1.961402516
1.951283711
1.93003991
1.887071689
1.831988775
1.769566671
1.707127516
1.655823859
1.612990697
1.583656877
1.550169792
1.523151322
1.489643615
1.444947866
1.411411951
1.366678594
1.333114475
1.293941326
1.254751196
1.221146792
1.193133892
1.164199695
1.141775322
1.129646558
1.124038762
1.107213363
1.101604225
1.089468461
1.072636245
1.038043969
0.987508754
0.914465725
0.80667852
0.642402565
0.455236379
0.229014997
-0.003418817
-0.220916296
-0.403660127
-0.510985565
-0.573746716
-0.613706691
-0.619416596
-0.615307131
-0.615307131
-0.611197276
-0.616907681
-0.63192167
-0.646941135
-0.66135848
-0.699647329
-0.742682328
-0.78513245
-0.836957414
-0.90751095
-0.980368468
-1.071542782
-1.165531283
-1.257973414
-1.356665548
-1.465289136
-1.552571019
-1.612708694
-1.648387926
-1.675586932
-1.682402922
-1.708968327
-1.733853127
-1.763873548
-1.825842562
-1.898336023
-1.969504994
-2.066897483
-2.170134706
-2.28095422
-2.389512717
-2.523171738
-2.661078373
-2.789805312
-2.912287223
-3.012645043
-3.08023011
-3.126678623
-3.150853319
-3.165537686
-3.183536196
-3.20884348
-3.255409322
-3.323267199
-3.402929998
-3.498075426
-3.592193752
-3.692020881
-3.810829421
-3.930277956
-4.061065706
-4.207596378
-4.362834605
-4.475734678
-4.572061254
-4.651776667
-4.708888883
-4.740467216
-4.748205732
-4.752311884
-4.771246445
-4.781883137
-4.790187489
-4.797325721
-4.805205874
-4.818318835
-4.827370808
-4.83278726
-4.868516536
-4.903095528
-4.921039619
-4.937267035
-4.942474758
-4.908200272
-4.837199235
-4.755674717
-4.675973255
-4.564632019
-4.420690885
-4.222660456
-3.981643124
-3.726953078
-3.443093332
-3.153385121
-2.871317075
-2.60127207
-2.377603531
-2.175064558
-2.006288369
-1.864226551
-1.735258437
-1.631614811
-1.553746391
-1.491181637
-1.436342216
-1.400944116
-1.400977082
-1.446653034
-1.503754745
-1.562252861
-1.626963701
-1.691938083
-1.744655713
-1.76210015
-1.779557873
-1.806885226
-1.826071838
-1.836389638
-1.834563411
-1.812721665
-1.803568719
-1.812329002
-1.793874341
-1.764666392
-1.746508453
-1.743089408
-1.732511444
-1.721231035
-1.721231035
-1.759599581
-1.797070947
-1.797070947
-1.75778789
-1.744696504
-1.742998825
-1.752692311
-1.755613088
-1.751988293
-1.749383864
-1.778698703
-1.840003276
-1.847906392
-1.839301243
-1.854187748
-1.905468957
-1.98030771
-2.056426046
-2.141098331
-2.221337848
-2.266358127
-2.304793697
-2.324170326
-2.333951811
-2.355930652
-2.378000853
-2.396284077
-2.397424455
-2.393591127
-2.388889288
-2.387948781
-2.403251157
-2.433737582
-2.471721135
-2.537809797
-2.615896566
-2.684400547
-2.764780852
-2.863505924
-2.959859017
-3.019734576
-3.060826997
-3.098126957
-3.134619314
-3.16837616
-3.199425691
-3.224822674
-3.254143112
-3.282440739
-3.30608186
-3.348714856
-3.393622255
-3.442779777
-3.457118735
-3.413843705
-3.372052475
-3.36065565
-3.36834115
-3.405934267
-3.458638721
-3.51825888
-3.56456331
-3.598587269
-3.625074215
-3.632574412
-3.651010095
-3.687129072
-3.718865243
-3.709932315
-3.654948027
-3.570554581
-3.456436946
-3.359995339
-3.260255948
-3.155407641
-3.074335186
-2.991557132
-2.937470973
-2.894953996
-2.860409894
-2.859327067
-2.900719741
-2.952294462
-3.020387717
-3.101455646
-3.189639773
-3.295042385
-3.402317777
-3.532960976
-3.66506092
-3.807304308
-3.945652733
-4.077997035
-4.16433707
-4.197480452
-4.162956456
-4.074450937
-3.935703055
-3.805570426
-3.694504612
-3.602516059
-3.512588071
-3.406392431
-3.279966317
-3.155563358
-3.011292335
-2.884520546
-2.777195936
-2.705416604
-2.650895609
-2.602751574
-2.552645214
-2.490257867
-2.435981768
-2.372713747
-2.328096775
-2.289335793
-2.244071891
-2.193115482
-2.125226465
-2.034467412
-1.91093382
-1.788722663
-1.663381306
-1.538191193
-1.441231903
-1.367198488
-1.369258672
-1.386801833
-1.42385063
-1.4542413
-1.484885095
-1.534268137
-1.575114565
-1.629549907
-1.696766298
-1.775887007
-1.844802028
-1.909473131
-1.962228366
-2.021136745
-2.075831791
-2.151723315
-2.255810693
-2.359978095
-2.467731413
-2.593582859
-2.727629437
-2.874914671
-3.041263171
-3.220251215
-3.372265462
-3.511348541
-3.590040097
-3.614264413
-3.617435065
-3.617716188
-3.620105451
-3.614316236
-3.621700643
-3.626181122
-3.637774416
-3.646202994
-3.653575984
-3.657788276
-3.661999952
-3.6693689
-3.689944411
-3.723743365
-3.753584991
-3.769155724
-3.803802246
-3.860747978
-3.935249174
-4.008767256
-4.075181877
-4.14165488
-4.245993265
-4.373918072
-4.500948683
-4.6035666
-4.703040283
-4.798634056
-4.852281716
-4.87514398
-4.882799994
-4.890453892
-4.90247737
-4.913403355
-4.923233101
-4.936206988
-4.950271836
-4.960094486
-4.972095287
-4.988335388
-5.007728431
-5.014269511
-5.016449494
-5.019719193
-5.024078188
-5.03463053
-5.051380274
-5.063258851
-5.084835474
-5.139726953
-5.200959135
-5.276689245
-5.351565152
-5.441807219
-5.52474375
-5.619245129
-5.721309378
-5.821396178
-5.928670836
-6.03066563
-6.138265968
-6.231168437
-6.296826871
-6.368016704
-6.439393517
-6.515148703
-6.587607556
-6.642001258
-6.690862192
-6.730010955
-6.735334003
-6.740656854
-6.759486991
-6.786683306
-6.836859878
-6.886995432
-6.943330623
-6.991298168
-7.02671541
-7.055847368
-7.094659308
-7.123470081
-7.16288198
-7.207586918
-7.256431602
-7.322301326
-7.407704224
-7.523791694
-7.649075307
-7.773492247
-7.891829064
-8.014105007
-8.130951973
-8.230718753
-8.321589762
-8.387303656
-8.43605064
-8.464457017
-8.451036155
-8.436815275
-8.416844247
-8.3864183
-8.35599751
-8.332872268
-8.308428704
-8.290925068
-8.256364568
-8.230416065
-8.20564717
-8.18713245
-8.159011733
-8.138316906
-8.109043445
-8.079781888
-8.050532252
-8.015064873
-7.967164721
-7.937963631
-7.907773785
-7.849236533
-7.795796521
-7.745728134
-7.692201427
-7.631360788
-7.574434921
-7.548460106
-7.523644934
-7.496148284
-7.447084461
-7.399211939
-7.352528816
-7.309904524
-7.272294381
-7.23660981
-7.198271799
-7.140543938
-7.0837767
-7.004517538
-6.922935196
-6.842279628
-6.759061255
-6.677774633
-6.591492231
-6.52693219
-6.485254189
-6.456901602
-6.434906731
-6.422185763
-6.406794756
-6.381191242
-6.328230636
-6.250858391
-6.138949631
-5.994596746
-5.85307492
-5.684803486
-5.535919176
-5.430697991
-5.35461396
-5.29041926
-5.238344953
-5.207092319
-5.201882923
-5.201882923
-5.201882923
-5.201882923
-5.201882923
-5.210158773
-5.249269959
-5.312846819
-5.413140546
-5.580031299
-5.753457966
-5.918920338
-6.051716621
-6.164991628
-6.260947933
-6.316386551
-6.343478423
-6.365578385
-6.399051586
-6.431378934
-6.47099617
-6.540942015
-6.639466471
-6.720251116
-6.786033198
-6.84734612
-6.896345088
-6.921793286
-6.940970372
-6.966539142
-6.983412731
-6.992741998
-6.997981979
-7.029009764
-7.068609781
-7.132060277
-7.214077686
-7.323894519
-7.464876016
-7.636899582
-7.812641403
-7.972460612
-8.111722853
-8.207160614
-8.257320564
-8.275058267
-8.276237266
-8.272236507
-8.272236507
-8.273415322
-8.283774681
-8.292954017
-8.296953569
-8.30495137
-8.320941759
-8.338105796
-8.353631895
-8.366343382
-8.398569262
-8.459010736
-8.545272575
-8.664075667
-8.79466867
-8.900528142
-8.984500713
-9.038725173
-9.065637049
-9.071972046
-9.07711532
-9.07711532
-9.082258358
-9.09649413
-9.119817126
-9.144692733
-9.178634099
-9.209806573
-9.23988035
-9.26371997
-9.304239046
-9.351369914
-9.39843779
-9.443149198
-9.477265308
-9.484399808
-9.489917996
-9.509447551
-9.517256329
-9.510358982
-9.523667647
-9.543167226
-9.570448389
-9.58602807
-9.589921904
-9.590027474
-9.57763062
-9.579044453
-9.585756762
-9.61533953
-9.689038809
-9.785256233
-9.892695188
-10.00126516
-10.09840799
-10.17044098
-10.21587814
-10.24363194
-10.24247676
-10.23003138
-10.2113657
-10.20042946
-10.17555122
-10.13589065
-10.09859696
-10.06131469
-10.04267784
-10.01663637
-9.982001293
-9.954782041
-9.939980821
-9.931386752
-9.904184161
-9.870789288
-9.840532572
-9.825754467
-9.807119684
-9.797400697
-9.775313561
-9.756799776
-9.743327099
-9.721016917
-9.667100522
-9.591696099
-9.533302451
-9.496071335
-9.488508876
-9.499037918
-9.520335921
-9.546619028
-9.584108578
-9.623930931
-9.668759938
-9.722431929
-9.77726782
-9.825572739
-9.882693719
-9.944798022
-9.992174295
-10.03365028
-10.05186328
-10.07093995
-10.09146991
-10.07585213
-10.06258288
-10.05519763
-10.03782503
-10.01077851
-9.972889803
-9.944117504
-9.89455049
-9.800515554
-9.662135556
-9.496445827
-9.324863114
-9.13632209
-8.971362074
-8.824925009
-8.715217549
-8.660402729
-8.642136759
-8.642136759
-8.642136759
-8.642136759
-8.643254622
-8.644372428
-8.639401497
-8.633313132
-8.627225086
-8.610078959
-8.592934857
-8.578021675
-8.569192879
-8.536020058
-8.502850265
-8.477985839
-8.443168187
-8.402260236
-8.355265038
-8.298309334
-8.222550914
-8.137382133
-8.070427241
-8.008442087
-7.946444949
-7.885515365
-7.825643723
-7.780723803
-7.73364748
-7.69548476
-7.664454369
-7.652672957
-7.616636525
-7.555293889
-7.472258523
-7.425438834
-7.371476839
-7.303281762
-7.243223176
-7.19920701
-7.159140918
-7.117050046
-7.07893076
-7.058955976
-7.046861819
-7.029759139
-7.005577445
-6.971448196
-6.925242203
-6.857020887
-6.789852607
-6.704608645
-6.608434421
-6.495257595
-6.376959629
-6.256694219
-6.136558453
-6.01055636
-5.862790119
-5.706340092
-5.583844171
-5.484269887
-5.38777903
-5.304308685
-5.252639913
-5.230794202
-5.218871405
-5.212910497
-5.200989662
-5.185109413
-5.147391745
-5.083879871
-4.998604255
-4.881598163
-4.726882411
-4.550420328
-4.342323653
-4.126487277
-3.908899585
-3.695514724
-3.500016639
-3.320527355
-3.167788268
-3.041853118
-2.921862171
-2.80649878
-2.701070846
-2.609679759
-2.535005673
-2.45536235
-2.396478862
-2.353369713
-2.310260906
-2.275295636
-2.247954798
-2.210665908
-2.141880514
-2.04160658
-1.908108839
-1.767329085
-1.590132106
-1.388854191
-1.175305896
-0.934463372
-0.72596168
-0.522474547
-0.3314184
-0.166831189
-0.038640279
0.07463988
0.165655099
0.254087597
0.315309446
0.361640024
0.395418748
0.417687966
0.439168105
0.459860212
0.472179343
0.48710805
0.49784983
0.503615032
0.514357121
0.520910554
0.536630003
0.553137981
0.584580602
0.627557868
0.676304798
0.733448921
0.787973585
0.8459201
0.899673468
0.947665467
0.999753567
1.046814656
1.08655573
1.127811529
1.179001721
1.2301909
1.289817855
1.341008575
1.396422805
1.473207663
1.543559504
1.625334985
1.715586506
1.81159482
1.908399483
1.996744695
2.059490352
2.105850854
2.137313121
2.168777739
2.210931238
2.246661932
2.278133739
2.304607705
2.329611901
2.36598436
2.411572913
2.459247963
2.497644004
2.523224515
2.543911208
2.564653744
2.591128918
2.6276148
2.664829389
2.712057988
2.758567327
2.815756755
2.857989647
2.888765414
2.928709023
2.980694782
3.019928202
3.047063409
3.083434661
3.108495383
3.13427232
3.155750376
3.176516286
3.197283169
3.238109117
3.290391227
3.347694399
3.415663979
3.482227308
3.553032424
3.595213756
3.620931006
3.636693397
3.651756049
3.65817693
3.673939662
3.693326051
3.723458298
3.759314984
3.805222919
3.859103205
3.913696187
3.966922693
4.031514443
4.090503824
4.162557031
4.242125287
4.352114126
4.488938269
4.624999159
4.720498868
4.796050457
4.837389391
4.848129114
4.853829065
4.863908404
4.870268019
4.875967444
4.881666709
4.882428432
4.878253847
4.898515681
4.918884474
4.930045982
4.93079307
4.927282001
4.939467692
4.95550565
4.977158017
5.023705146
5.095804019
5.152234808
5.193530973
5.199205911
5.168598533
5.120320825
5.056333998
4.997913739
4.955716343
4.907243453
4.854502278
4.80748084
4.749247178
4.667472579
4.596498945
4.524153201
4.460257014
4.400565804
4.352088278
4.311315973
4.264364173
4.213751681
4.146263647
4.070353735
3.988106663
3.888228323
3.788317595
3.708035694
3.605856123
3.521316261
3.45789397
3.42708357
3.406103056
3.417004584
3.426419456
3.426419456
3.431498787
3.43224187
3.431664011
3.421092375
3.407095404
3.391199282
3.402440698
3.405790073
3.430622155
3.459797678
3.495380662
3.519657972
3.529775102
3.528588542
3.513293352
3.49593488
3.48801025
3.491029524
3.509001715
3.519968723
3.537187412
3.54800933
3.536301712
3.487901398
3.422085775
3.359642739
3.327649799
3.310608273
3.310608273
3.310608273
3.310608273
3.304927066
3.29924551
3.287881351
3.253780498
3.196917825
3.134328584
3.031819038
2.906375524
2.76812244
2.624203174
2.464534606
2.28093331
2.088063541
1.891979274
1.704982268
1.504427821
1.336554665
1.203206455
1.092911161
1.023186061
0.988304933
0.982309131
0.987488763
0.970901933
0.95926743
0.942677432
0.901940229
0.832065528
0.751354916
0.670583201
0.591278416
0.519300577
0.476746722
0.47244001
0.47244001
0.461638649
0.444992129
0.417540745
0.383349644
0.340542762
0.260529433
0.18050106
0.082880779
-0.010485152
-0.105473342
-0.199404682
-0.299303086
-0.413753404
-0.544370843
-0.681010131
-0.832238266
-0.991160938
-1.156178782
-1.318793283
-1.460519504
-1.598176896
-1.740282257
-1.878582456
-1.991476008
-2.058414273
-2.116960735
-2.160580963
-2.192777471
-2.225453049
-2.25540248
-2.284103187
-2.334775858
-2.407962612
-2.491975391
-2.581084339
-2.673780616
-2.796926368
-2.955896032
-3.124364752
-3.283581411
-3.423251051
-3.59638025
-3.777011295
-3.959105217
-4.128337932
-4.275348976
-4.39373694
-4.468166809
-4.49595831
-4.480253645
-4.437022473
-4.398451385
-4.362783018
-4.294297965
-4.150659723
-3.938880703
-3.64803704
-3.283064499
-2.866878399
-2.413180559
-1.970406424
-1.602266406
-1.31581883
-1.092592254
-0.911061177
-0.735327673
-0.571315895
-0.363019481
-0.161833753
-0.01333649
0.084706018
0.215446023
0.402982079
0.64194568
0.878873358
1.165316266
1.500397193
1.868818456
2.240054409
2.587161357
2.882969146
3.20707881
3.596059665
4.10424918
-3.85546729
