7.3892
7.3775
7.3215
7.2787
7.2499
7.2242
7.2116
7.2098
7.2050
7.1843
7.1506
7.0910
7.0396
7.0014
6.9930
7.0005
7.0170
7.0524
7.0749
7.0613
7.0113
6.9596
6.9014
6.8311
6.7596
6.7070
6.6792
6.6682
6.6705
6.6785
6.6776
6.6532
6.6167
6.5736
6.5315
6.4961
6.4519
6.3959
6.3401
6.2922
6.2679
6.2399
6.2276
6.2390
6.2660
6.2771
6.2885
6.2999
6.3152
6.3384
6.3496
6.3532
6.3312
6.2983
6.2939
6.3120
6.3350
6.3533
6.3331
6.3060
6.2555
6.2002
6.1307
6.0602
6.0191
5.9879
5.9960
6.0271
6.0427
6.0581
6.0695
6.0850
6.1161
6.1599
6.2342
6.2621
6.2928
6.3274
6.3662
6.3973
6.3970
6.3881
6.3832
6.3832
6.3832
6.3910
6.3989
6.4025
6.4090
6.4096
6.4189
6.4093
6.3710
6.3374
6.3207
6.3230
6.3491
6.3686
6.3724
6.3585
6.3407
6.3228
6.3040
6.2812
6.2406
6.1851
6.1127
6.0124
5.9219
5.8444
5.7808
5.7579
5.7409
5.7329
5.7150
5.6732
5.6145
5.5148
5.3922
5.2666
5.1579
5.0690
4.9761
4.8793
4.7774
4.7014
4.6424
4.6064
4.5845
4.5795
4.5756
4.5638
4.5599
4.5419
4.5109
4.4749
4.4309
4.3910
4.3430
4.2861
4.2310
4.1941
4.1703
4.1505
4.1177
4.0905
4.0447
4.0008
3.9528
3.8969
3.8220
3.7409
3.6530
3.5488
3.4575
3.3724
3.2873
3.2601
3.2522
3.2521
3.2442
3.2558
3.2635
3.2790
3.2983
3.3214
3.3640
3.4302
3.5080
3.5819
3.6458
3.6863
3.6870
3.6542
3.6136
3.5769
3.5464
3.5260
3.5119
3.4966
3.4763
3.4520
3.4210
3.3966
3.3462
3.2572
3.1539
3.0687
2.9988
2.9147
2.8396
2.7668
2.7162
2.6798
2.6537
2.6173
2.5782
2.5026
2.4104
2.2921
2.1673
2.0619
1.9877
1.9409
1.9136
1.8862
1.8563
1.8277
1.7978
1.7613
1.6949
1.6102
1.5384
1.4510
1.3675
1.2682
1.1611
1.0305
0.8697
0.6878
0.5111
0.3368
0.1781
0.0560
-0.0333
-0.0923
-0.1000
-0.1039
-0.1077
-0.1208
-0.1338
-0.1545
-0.1883
-0.2357
-0.2975
-0.3671
-0.4513
-0.5422
-0.6264
-0.7145
-0.7926
-0.8715
-0.9428
-1.0049
-1.0593
-1.1107
-1.1814
-1.2605
-1.3749
-1.4886
-1.6209
-1.7449
-1.8658
-1.9645
-2.0464
-2.1175
-2.1746
-2.2264
-2.2720
-2.3216
-2.3695
-2.4136
-2.4485
-2.4894
-2.5397
-2.6031
-2.6959
-2.8112
-2.9588
-3.1151
-3.2639
-3.3755
-3.4876
-3.5922
-3.6743
-3.7514
-3.7912
-3.8268
-3.8602
-3.8902
-3.9198
-3.9346
-3.9736
-4.0236
-4.1070
-4.1663
-4.2164
-4.2720
-4.3314
-4.4188
-4.5097
-4.5932
-4.7162
-4.8580
-5.0128
-5.1360
-5.2336
-5.3015
-5.3749
-5.4540
-5.5632
-5.6852
-5.8185
-5.9535
-6.0812
-6.2183
-6.3273
-6.4212
-6.4738
-6.5094
-6.5318
-6.5505
-6.5879
-6.6424
-6.7154
-6.7885
-6.8653
-6.9328
-7.0022
-7.0867
-7.1675
-7.2502
-7.3253
-7.4024
-7.5093
-7.6388
-7.7966
-7.9446
-8.0963
-8.2370
-8.3809
-8.5302
-8.7229
-8.9322
-9.1964
-9.4476
-9.6516
-9.8021
-9.8665
-9.8957
-9.9213
-9.9688
-10.0092
-10.0570
-10.1158
-10.1926
-10.2841
-10.4032
-10.5164
-10.6112
-10.6984
-10.7818
-10.8383
-10.8635
-10.8776
-10.8953
-10.9174
-10.9267
-10.9374
-10.9573
-10.9981
-11.0695
-11.1792
-11.3285
-11.4954
-11.6529
-11.7875
-11.8754
-11.9296
-11.9664
-11.9952
-12.0168
-12.0550
-12.1040
-12.1731
-12.2645
-12.3689
-12.4732
-12.5694
-12.6597
-12.7286
-12.7749
-12.8176
-12.8623
-12.9091
-12.9466
-13.0005
-13.0582
-13.1239
-13.1932
-13.2763
-13.3732
-13.4935
-13.6112
-13.6908
-13.7597
-13.8365
-13.9088
-13.9555
-13.9939
-14.0390
-14.0631
-14.0771
-14.1012
-14.1320
-14.1421
-14.1560
-14.1975
-14.2423
-14.2802
-14.3111
-14.3562
-14.3979
-14.4361
-14.4777
-14.5298
-14.5852
-14.6475
-14.7062
-14.7718
-14.8374
-14.8856
-14.9200
-14.9486
-14.9726
-14.9829
-14.9805
-14.9769
-14.9941
-15.0079
-15.0263
-15.0493
-15.0882
-15.1270
-15.1681
-15.2043
-15.2488
-15.2672
-15.2821
-15.3138
-15.3446
-15.3722
-15.4170
-15.4548
-15.5026
-15.5469
-15.5979
-15.6420
-15.6675
-15.7000
-15.7316
-15.7657
-15.8031
-15.8373
-15.8880
-15.9453
-16.0027
-16.0534
-16.0825
-16.1272
-16.1677
-16.1956
-16.1960
-16.1660
-16.1217
-16.0511
-16.0105
-15.9805
-15.9862
-15.9964
-16.0065
-16.0100
-16.0078
-16.0089
-16.0041
-15.9935
-15.9856
-15.9811
-15.9717
-15.9636
-15.9562
-15.9314
-15.9053
-15.8917
-15.8765
-15.8744
-15.8806
-15.8825
-15.8684
-15.8600
-15.8292
-15.7958
-15.7821
-15.7864
-15.7899
-15.7999
-15.8067
-15.7978
-15.7930
-15.7736
-15.7575
-15.7448
-15.7175
-15.6696
-15.6160
-15.5614
-15.5247
-15.4929
-15.4603
-15.4401
-15.4264
-15.4300
-15.4468
-15.4513
-15.4477
-15.4418
-15.4204
-15.3795
-15.3246
-15.2337
-15.1094
-14.9875
-14.8639
-14.7597
-14.6800
-14.6297
-14.6176
-14.6309
-14.6276
-14.6309
-14.6277
-14.6311
-14.6345
-14.6380
-14.6549
-14.6784
-14.6989
-14.7230
-14.7564
-14.7875
-14.8070
-14.8295
-14.8492
-14.8786
-14.8946
-14.8844
-14.8642
-14.8471
-14.8211
-14.7651
-14.6822
-14.5562
-14.4076
-14.2419
-14.0707
-13.9085
-13.7619
-13.6558
-13.5844
-13.5374
-13.5139
-13.4872
-13.4538
-13.3858
-13.2609
-13.1159
-12.9620
-12.7837
-12.5988
-12.4150
-12.2546
-12.1065
-11.9951
-11.9083
-11.8303
-11.7880
-11.7758
-11.7490
-11.7101
-11.6511
-11.5709
-11.4763
-11.3661
-11.2572
-11.1648
-11.1114
-11.0737
-11.0293
-10.9827
-10.9327
-10.8696
-10.7942
-10.6811
-10.5736
-10.4628
-10.3753
-10.3022
-10.2434
-10.2092
-10.1750
-10.1340
-10.0630
-9.9565
-9.8343
-9.6964
-9.5674
-9.3940
-9.1885
-8.9832
-8.7955
-8.6488
-8.5375
-8.4562
-8.4189
-8.4065
-8.4011
-8.3834
-8.3392
-8.2841
-8.2010
-8.1106
-8.0078
-7.9212
-7.8258
-7.7042
-7.5842
-7.4499
-7.2891
-7.1105
-6.9373
-6.7554
-6.5895
-6.4167
-6.2652
-6.1331
-6.0150
-5.9409
-5.8845
-5.8457
-5.7981
-5.7224
-5.6008
-5.4422
-5.2659
-5.0666
-4.8442
-4.6127
-4.4042
-4.2610
-4.1456
-4.0764
-4.0444
-4.0320
-3.9967
-3.9454
-3.8537
-3.7316
-3.5990
-3.4596
-3.3145
-3.1644
-2.9983
-2.8394
-2.6939
-2.5733
-2.4382
-2.2824
-2.1478
-2.0025
-1.8681
-1.7602
-1.6625
-1.5698
-1.4830
-1.4042
-1.3100
-1.2106
-1.0877
-0.9598
-0.8605
-0.7823
-0.7157
-0.6615
-0.6058
-0.5538
-0.5092
-0.4631
-0.4208
-0.3784
-0.3462
-0.2817
-0.2099
-0.1454
-0.0697
-0.0002
0.0635
0.1284
0.1796
0.2220
0.2570
0.3084
0.4011
0.5077
0.6054
0.6943
0.7693
0.8194
0.8319
0.8481
0.8729
0.8953
0.9265
0.9476
0.9812
1.0309
1.1130
1.2099
1.3404
1.4657
1.5935
1.7065
1.8146
1.9178
2.0086
2.0981
2.1914
2.2847
2.3781
2.4767
2.5602
2.6349
2.6859
2.7107
2.7280
2.7367
2.7479
2.7742
2.8078
2.8439
2.8627
2.8788
2.8951
2.9362
3.0071
3.0842
3.1917
3.3030
3.3881
3.4773
3.5601
3.6180
3.6781
3.7269
3.7660
3.8212
3.8852
3.9693
4.0622
4.1463
4.2158
4.2865
4.3555
4.4148
4.4654
4.5111
4.5504
4.5993
4.6456
4.7005
4.7391
4.7630
4.7842
4.7929
4.8092
4.8294
4.8805
4.9451
5.0316
5.1383
5.2547
5.3681
5.4612
5.5515
5.6419
5.7237
5.7805
5.8046
5.8084
5.8133
5.8267
5.8441
5.8778
5.9288
5.9875
6.0616
6.1434
6.2156
6.2955
6.3707
6.4449
6.5269
6.6100
6.6987
6.7779
6.8746
6.9548
7.0138
7.0603
7.0952
7.1224
7.1534
7.1728
7.1883
7.1988
7.1968
7.2074
7.1988
7.2037
7.1937
7.1964
7.1971
7.1998
7.2249
7.2805
7.3740
7.4558
7.5209
7.5851
7.6504
7.7120
7.7736
7.8305
7.8970
7.9284
7.9137
7.8761
7.8313
7.7473
7.6407
7.5380
7.5018
7.5008
7.5125
7.5074
7.5133
7.5040
7.5003
7.5042
7.5206
7.5576
7.6381
7.7480
7.8541
7.9229
7.9640
7.9700
7.9239
7.8650
7.8275
7.8169
7.8251
7.8087
7.7666
7.6978
7.6120
7.5308
7.4617
7.3964
7.3883
7.4098
7.4562
7.5075
7.5520
7.6084
7.6539
7.6774
7.7002
7.7436
7.7741
7.7939
7.7980
7.8104
7.8271
7.8880
7.9887
8.0992
8.1707
8.1646
8.0772
