-4.366932
-4.554090
-4.741229
-4.928331
-5.115379
-5.302353
-5.489235
-5.676007
-5.862651
-6.049149
-6.235481
-6.421631
-6.607579
-6.793307
-6.978798
-7.164033
-7.348993
-7.533662
-7.718019
-7.902049
-8.085732
-8.269050
-8.451986
-8.634522
-8.816639
-8.998321
-9.179548
-9.360304
-9.540570
-9.720329
-9.899564
-10.078256
-10.256389
-10.433944
-10.610905
-10.787254
-10.962973
-11.138046
-11.312455
-11.486184
-11.659215
-11.831531
-12.003116
-12.173952
-12.344023
-12.513312
-12.681803
-12.849479
-13.016323
-13.182320
-13.347453
-13.511705
-13.675062
-13.837506
-13.999022
-14.159593
-14.319205
-14.477842
-14.635488
-14.792127
-14.947744
-15.102325
-15.255853
-15.408314
-15.559693
-15.709975
-15.859145
-16.007189
-16.154092
-16.299840
-16.444418
-16.587813
-16.730009
-16.870994
-17.010754
-17.149274
-17.286542
-17.422543
-17.557265
-17.690694
-17.822817
-17.953621
-18.083094
-18.211222
-18.337994
-18.463396
-18.587417
-18.710044
-18.831265
-18.951068
-19.069442
-19.186376
-19.301856
-19.415873
-19.528415
-19.639471
-19.749030
-19.857082
-19.963615
-20.068620
-20.172086
-20.274003
-20.374361
-20.473150
-20.570360
-20.665982
-20.760007
-20.852425
-20.943228
-21.032406
-21.119950
-21.205853
-21.290105
-21.372698
-21.453625
-21.532877
-21.610447
-21.686327
-21.760509
-21.832986
-21.903752
-21.972799
-22.040120
-22.105709
-22.169560
-22.231666
-22.292021
-22.350619
-22.407454
-22.462522
-22.515816
-22.567331
-22.617062
-22.665005
-22.711154
-22.755505
-22.798054
-22.838797
-22.877729
-22.914847
-22.950147
-22.983626
-23.015280
-23.045107
-23.073103
-23.099265
-23.123592
-23.146080
-23.166728
-23.185533
-23.202494
-23.217608
-23.230875
-23.242294
-23.251862
-23.259580
-23.265445
-23.269459
-23.271620
-23.271928
-23.270383
-23.266986
-23.261736
-23.254634
-23.245681
-23.234878
-23.222226
-23.207726
-23.191379
-23.173187
-23.153152
-23.131275
-23.107560
-23.082008
-23.054621
-23.025403
-22.994357
-22.961484
-22.926790
-22.890276
-22.851946
-22.811806
-22.769857
-22.726104
-22.680553
-22.633206
-22.584069
-22.533147
-22.480444
-22.425966
-22.369718
-22.311705
-22.251934
-22.190410
-22.127139
-22.062127
-21.995381
-21.926907
-21.856713
-21.784804
-21.711188
-21.635872
-21.558863
-21.480170
-21.399799
-21.317759
-21.234058
-21.148703
-21.061704
-20.973068
-20.882805
-20.790924
-20.697432
-20.602340
-20.505657
-20.407392
-20.307555
-20.206155
-20.103203
-19.998709
-19.892683
-19.785135
-19.676076
-19.565517
-19.453468
-19.339940
-19.224945
-19.108494
-18.990598
-18.871268
-18.750517
-18.628357
-18.504798
-18.379854
-18.253537
-18.125858
-17.996831
-17.866468
-17.734782
-17.601786
-17.467493
-17.331916
-17.195068
-17.056963
-16.917614
-16.777035
-16.635240
-16.492242
-16.348056
-16.202695
-16.056175
-15.908509
-15.759712
-15.609798
-15.458782
-15.306679
-15.153504
-14.999272
-14.843998
-14.687697
-14.530384
-14.372076
-14.212786
-14.052532
-13.891328
-13.729191
-13.566136
-13.402180
-13.237338
-13.071627
-12.905063
-12.737662
-12.569440
-12.400415
-12.230602
-12.060018
-11.888681
-11.716606
-11.543811
-11.370312
-11.196128
-11.021273
-10.845767
-10.669626
-10.492867
-10.315507
-10.137565
-9.959056
-9.780000
-9.600414
-9.420314
-9.239719
-9.058647
-8.877114
-8.695140
-8.512741
-8.329937
-8.146743
-7.963180
-7.779263
-7.595013
-7.410446
-7.225580
-7.040435
-6.855027
-6.669376
-6.483499
-6.297414
-6.111141
-5.924696
-5.738099
-5.551367
-5.364519
-5.177574
-4.990549
-4.803463
-4.616334
-4.429180
-4.242021
-4.054874
-3.867757
-3.680689
-3.493689
-3.306774
-3.119963
-2.933274
-2.746726
-2.560337
-2.374124
-2.188107
-2.002304
-1.816732
-1.631410
-1.446356
-1.261589
-1.077126
-0.892985
-0.709185
-0.525743
-0.342678
-0.160007
0.022251
0.204080
0.385460
0.566375
0.746806
0.926735
1.106146
1.285021
1.463342
1.641091
1.818251
1.994806
2.170736
2.346026
2.520658
2.694615
2.867880
3.040436
3.212266
3.383352
3.553680
3.723231
3.891989
4.059938
4.227061
4.393341
4.558763
4.723310
4.886966
5.049716
5.211542
5.372429
5.532362
5.691325
5.849302
6.006278
6.162237
6.317164
6.471044
6.623861
6.775602
6.926250
7.075792
7.224212
7.371496
7.517630
7.662598
7.806388
7.948985
8.090374
8.230543
8.369477
8.507163
8.643587
8.778735
8.912596
9.045155
9.176399
9.306316
9.434893
9.562117
9.687976
9.812458
9.935549
10.057239
10.177516
10.296367
10.413780
10.529745
10.644250
10.757284
10.868836
10.978894
11.087448
11.194488
11.300002
11.403981
11.506414
11.607291
11.706603
11.804340
11.900491
11.995048
12.088002
12.179343
12.269062
12.357150
12.443600
12.528402
12.611548
12.693030
12.772840
12.850970
12.927413
13.002160
13.075206
13.146541
13.216161
13.284057
13.350223
13.414652
13.477339
13.538277
13.597460
13.654882
13.710538
13.764423
13.816530
13.866855
13.915393
13.962139
14.007089
14.050238
14.091582
14.131117
14.168839
14.204744
14.238829
14.271090
14.301525
14.330130
14.356902
14.381840
14.404940
14.426200
14.445618
14.463192
14.478921
14.492803
14.504836
14.515020
14.523353
14.529835
14.534465
14.537242
14.538166
14.537238
14.534457
14.529823
14.523337
14.515000
14.504812
14.492774
14.478888
14.463155
14.445577
14.426155
14.404890
14.381786
14.356845
14.330068
14.301459
14.271020
14.238755
14.204666
14.168757
14.131031
14.091492
14.050144
14.006991
13.962037
13.915287
13.866745
13.816416
13.764305
13.710416
13.654756
13.597330
13.538143
13.477201
13.414511
13.350077
13.283907
13.216008
13.146384
13.075045
13.001996
12.927244
12.850798
12.772664
12.692850
12.611365
12.528215
12.443409
12.356956
12.268864
12.179141
12.087797
11.994840
11.900279
11.804124
11.706384
11.607069
11.506188
11.403751
11.299769
11.194251
11.087208
10.978650
10.868589
10.757034
10.643997
10.529489
10.413520
10.296104
10.177250
10.056970
9.935277
9.812182
9.687697
9.561835
9.434608
9.306028
9.176108
9.044861
8.912299
8.778436
8.643284
8.506858
8.369169
8.230232
8.090061
7.948669
7.806069
7.662277
7.517305
7.371169
7.223883
7.075460
6.925916
6.775265
6.623522
6.470702
6.316820
6.161891
6.005929
5.848951
5.690972
5.532007
5.372072
5.211183
5.049354
4.886603
4.722945
4.558396
4.392972
4.226689
4.059565
3.891614
3.722854
3.553302
3.382972
3.211884
3.040052
2.867495
2.694229
2.520270
2.345637
2.170345
1.994413
1.817858
1.640696
1.462945
1.284623
1.105748
0.926335
0.746404
0.565972
0.385057
0.203675
0.021846
-0.160413
-0.343085
-0.526151
-0.709594
-0.893395
-1.077536
-1.262000
-1.446768
-1.631822
-1.817145
-2.002717
-2.188521
-2.374539
-2.560751
-2.747141
-2.933690
-3.120379
-3.307190
-3.494105
-3.681106
-3.868174
-4.055290
-4.242437
-4.429597
-4.616750
-4.803879
-4.990965
-5.177990
-5.364935
-5.551783
-5.738514
-5.925111
-6.111556
-6.297829
-6.483913
-6.669789
-6.855440
-7.040847
-7.225992
-7.410857
-7.595423
-7.779673
-7.963589
-8.147152
-8.330344
-8.513148
-8.695546
-8.877519
