-1.2114
-1.2421
-1.2307
-1.2231
-1.2142
-1.2494
-1.3863
-1.5811
-1.8082
-2.0481
-2.2783
-2.4940
-2.6722
-2.8233
-2.9352
-3.0244
-3.0811
-3.0894
-3.0726
-3.0313
-2.9777
-2.9299
-2.8979
-2.8675
-2.8168
-2.7559
-2.6997
-2.6284
-2.5624
-2.5284
-2.5374
-2.5783
-2.6424
-2.7223
-2.7949
-2.8696
-2.9388
-2.9531
-2.9334
-2.9121
-2.8972
-2.8922
-2.8922
-2.9030
-2.9112
-2.9193
-2.9346
-2.9701
-3.0173
-3.0788
-3.1576
-3.2760
-3.4043
-3.5179
-3.5956
-3.6784
-3.7618
-3.8489
-3.9170
-3.9664
-3.9802
-3.9907
-3.9942
-3.9906
-3.9807
-3.9707
-3.9587
-3.9537
-3.9134
-3.8681
-3.8370
-3.8016
-3.7374
-3.6832
-3.6307
-3.6094
-3.6367
-3.6944
-3.7726
-3.8329
-3.8741
-3.8658
-3.8189
-3.7502
-3.6838
-3.6232
-3.5927
-3.5840
-3.6203
-3.6877
-3.7524
-3.8022
-3.8094
-3.7960
-3.7756
-3.7731
-3.8134
-3.9041
-4.0310
-4.1499
-4.1998
-4.2033
-4.1462
-4.1228
-4.1307
-4.1384
-4.1495
-4.1711
-4.2034
-4.2312
-4.2224
-4.2018
-4.1813
-4.1553
-4.1157
-4.0519
-3.9931
-3.9950
-4.0786
-4.2147
-4.3550
-4.4357
-4.4440
-4.4002
-4.3583
-4.3538
-4.3982
-4.4878
-4.5892
-4.6686
-4.6654
-4.6312
-4.5746
-4.5438
-4.5548
-4.6191
-4.7002
-4.7919
-4.8586
-4.8799
-4.8772
-4.8567
-4.8597
-4.8914
-4.9724
-5.0501
-5.0994
-5.1166
-5.1048
-5.0811
-5.0950
-5.1617
-5.2768
-5.3986
-5.4835
-5.5279
-5.5295
-5.5056
-5.4852
-5.5227
-5.6041
-5.7195
-5.8653
-5.9926
-6.0707
-6.0825
-6.0652
-6.0620
-6.1076
-6.2128
-6.3469
-6.4792
-6.5809
-6.6502
-6.7011
-6.7211
-6.7177
-6.7177
-6.7433
-6.7791
-6.8167
-6.8610
-6.9173
-6.9957
-7.0793
-7.1595
-7.2280
-7.2847
-7.3173
-7.3364
-7.3536
-7.4203
-7.5058
-7.6187
-7.7401
-7.8377
-7.9285
-8.0107
-8.1425
-8.2916
-8.4373
-8.5591
-8.6520
-8.7208
-8.7467
-8.7587
-8.7638
-8.7861
-8.8478
-8.9301
-9.0502
-9.1377
-9.1994
-9.2389
-9.2492
-9.2578
-9.2870
-9.3504
-9.4260
-9.4775
-9.5168
-9.5701
-9.6130
-9.6577
-9.7057
-9.7676
-9.8329
-9.9137
-9.9964
-10.1132
-10.2457
-10.3730
-10.5445
-10.7726
-11.0412
-11.2894
-11.4928
-11.6348
-11.7438
-11.8371
-11.8748
-11.9067
-11.9233
-11.9400
-11.9705
-12.0115
-12.0446
-12.0929
-12.1636
-12.2563
-12.3627
-12.4302
-12.4706
-12.5216
-12.5831
-12.6771
-12.8034
-12.9186
-13.0152
-13.0999
-13.1761
-13.2491
-13.3180
-13.4022
-13.5036
-13.5918
-13.6468
-13.6963
-13.7608
-13.8429
-13.9402
-14.0580
-14.1777
-14.2822
-14.3898
-14.4940
-14.5981
-14.6937
-14.8292
-14.9712
-15.0970
-15.2111
-15.2844
-15.3243
-15.3361
-15.3456
-15.3615
-15.3893
-15.4407
-15.4934
-15.5560
-15.6195
-15.6820
-15.7617
-15.8521
-15.9883
-16.1588
-16.3269
-16.4725
-16.6205
-16.7273
-16.8264
-16.9297
-17.0284
-17.1316
-17.2347
-17.3356
-17.4331
-17.5303
-17.6007
-17.6439
-17.6791
-17.7141
-17.7630
-17.8353
-17.9342
-18.0670
-18.2033
-18.3542
-18.5376
-18.7236
-18.8805
-19.0246
-19.1275
-19.1626
-19.1713
-19.2134
-19.2886
-19.3729
-19.4802
-19.5931
-19.7209
-19.8263
-19.9330
-20.0612
-20.2550
-20.4557
-20.6562
-20.7988
-20.8551
-20.8581
-20.8581
-20.8611
-20.8977
-20.9431
-20.9718
-21.0069
-21.0677
-21.0938
-21.1376
-21.2095
-21.3180
-21.4435
-21.5831
-21.7117
-21.8402
-21.9660
-22.0664
-22.1939
-22.3416
-22.4775
-22.5968
-22.6871
-22.7541
-22.8123
-22.8587
-22.8646
-22.8676
-22.8704
-22.8704
-22.8734
-22.8971
-22.9385
-22.9974
-23.0535
-23.1213
-23.1802
-23.2362
-23.2949
-23.3535
-23.4237
-23.5113
-23.6217
-23.7261
-23.8129
-23.8879
-23.9514
-24.0143
-24.0854
-24.1479
-24.1765
-24.1822
-24.1880
-24.1908
-24.1966
-24.2023
-24.2023
-24.1966
-24.1601
-24.1377
-24.1293
-24.1375
-24.1319
-24.1122
-24.1012
-24.1296
-24.1635
-24.1725
-24.1340
-24.0899
-24.0484
-24.0011
-23.9343
-23.8484
-23.7903
-23.7904
-23.7991
-23.8221
-23.8230
-23.8297
-23.8670
-23.8846
-23.8435
-23.7578
-23.6803
-23.6168
-23.6118
-23.6459
-23.7080
-23.7513
-23.7866
-23.7774
-23.7956
-23.8268
-23.8467
-23.8525
-23.8555
-23.8640
-23.8753
-23.8809
-23.8838
-23.8928
-23.9105
-23.9422
-23.9574
-23.9615
-23.9679
-23.9491
-23.9055
-23.8533
-23.8093
-23.7706
-23.7347
-23.6908
-23.6471
-23.6173
-23.5907
-23.5809
-23.5960
-23.6110
-23.6172
-23.5682
-23.4889
-23.4043
-23.3443
-23.3391
-23.3448
-23.3530
-23.3422
-23.3315
-23.3486
-23.3574
-23.3522
-23.2953
-23.2277
-23.1714
-23.1453
-23.1545
-23.1743
-23.1938
-23.1996
-23.2000
-23.1924
-23.1739
-23.1610
-23.1479
-23.1432
-23.1552
-23.1785
-23.2018
-23.2222
-23.2339
-23.2451
-23.2669
-23.2583
-23.2169
-23.1342
-23.0291
-22.9319
-22.9015
-22.9295
-23.0019
-23.0659
-23.0936
-23.1046
-23.0909
-23.0774
-23.0975
-23.1617
-23.2230
-23.2537
-23.2510
-23.2510
-23.2538
-23.2594
-23.2676
-23.2896
-23.3116
-23.3424
-23.3898
-23.4563
-23.4870
-23.4848
-23.4797
-23.5047
-23.5739
-23.6626
-23.7484
-23.8304
-23.8597
-23.8670
-23.8495
-23.8464
-23.8464
-23.8930
-23.9533
-23.9968
-23.9994
-23.9583
-23.9474
-23.9419
-23.9832
-24.0438
-24.0769
-24.0825
-24.0665
-24.0697
-24.1169
-24.1941
-24.3071
-24.4146
-24.4974
-24.5609
-24.5857
-24.5940
-24.5912
-24.5940
-24.6630
-24.7296
-24.7633
-24.7476
-24.7098
-24.7103
-24.7214
-24.7436
-24.7466
-24.7526
-24.7589
-24.7681
-24.7858
-24.8114
-24.8202
-24.8373
-24.8681
-24.8830
-24.8921
-24.9034
-24.9144
-24.9230
-24.9559
-25.0074
-25.0885
-25.1828
-25.2692
-25.3179
-25.3096
-25.2628
-25.1972
-25.1725
-25.1751
-25.2155
-25.2455
-25.2590
-25.2750
-25.2886
-25.2919
-25.2979
-25.3010
-25.3175
-25.3495
-25.3728
-25.3691
-25.3576
-25.3307
-25.3068
-25.2909
-25.2830
-25.2503
-25.2493
-25.2858
-25.3460
-25.3923
-25.3929
-25.3241
-25.2205
-25.1143
-25.0629
-25.0442
-25.0548
-25.0602
-25.0465
-25.0380
-25.0324
-25.0294
-25.0021
-24.9642
-24.8964
-24.8013
-24.7035
-24.6056
-24.5481
-24.5312
-24.5389
-24.5521
-24.5364
-24.4853
-24.4262
-24.3298
-24.2013
-24.0489
-23.9020
-23.7819
-23.7341
-23.7210
-23.7345
-23.7241
-23.7029
-23.6602
-23.6313
-23.6210
-23.6051
-23.5569
-23.4819
-23.3855
-23.2813
-23.2066
-23.1800
-23.1854
-23.1830
-23.1805
-23.1700
-23.1728
-23.1703
-23.1571
-23.1252
-23.0584
-22.9515
-22.8126
-22.6604
-22.5403
-22.4764
-22.4607
-22.4663
-22.4745
-22.4612
-22.4238
-22.3437
-22.2584
-22.2079
-22.2056
-22.2460
-22.2730
-22.2757
-22.2331
-22.1691
-22.0891
-22.0145
-21.9506
-21.9266
-21.9186
-21.9027
-21.8867
-21.8468
-21.8016
-21.7429
-21.6736
-21.6097
-21.5538
-21.5087
-21.4608
-21.3995
-21.3515
-21.3250
-21.3143
-21.2956
-21.2558
-21.1946
-21.0936
-20.9340
-20.7080
-20.4263
-20.1474
-19.9482
-19.8720
-19.8805
-19.8971
-19.8842
-19.8314
-19.7526
-19.6791
-19.6076
-19.5601
-19.5497
-19.5473
-19.5369
-19.5109
-19.4590
-19.3649
-19.2470
-19.1193
-18.9881
-18.8668
-18.8004
-18.7897
-18.7897
-18.7897
-18.7845
-18.7639
-18.7321
-18.6900
-18.6292
-18.5764
-18.5315
-18.4998
-18.4680
-18.4288
-18.3788
-18.3448
-18.3107
-18.2930
-18.2571
-18.2315
-18.2082
-18.1867
-18.1555
-18.1135
-18.0716
-18.0245
-17.9928
-17.9605
-17.9203
-17.8812
-17.8421
-17.7758
-17.6887
-17.5930
-17.5160
-17.4555
-17.4369
-17.4318
-17.4001
-17.3503
-17.2863
-17.2008
-17.1096
-17.0621
-17.0519
-17.0519
-17.0383
-16.9799
-16.8869
-16.7745
-16.6577
-16.5467
-16.4408
-16.3269
-16.2304
-16.1714
-16.1491
-16.1318
-16.1115
-16.0595
-16.0060
-15.9368
-15.8762
-15.8287
-15.7883
-15.7530
-15.7256
-15.7003
-15.6887
-15.6721
-15.6368
-15.5942
-15.5496
-15.5157
-15.4920
-15.4761
-15.4711
-15.4632
-15.4553
-15.4106
-15.3272
-15.2279
-15.1048
-14.9959
-14.8999
-14.8386
-14.7707
-14.5969
-14.3492
-14.0825
-13.8561
-13.6482
-13.4658
-13.3578
-13.3399
-13.3737
-13.3816
-13.3578
-13.3241
-13.3132
-13.3023
-13.2656
-13.2162
-13.1459
-13.0637
-12.9846
-12.9134
-12.8749
-12.8432
-12.8263
-12.7845
-12.7120
-12.6208
-12.5326
-12.4414
-12.3677
-12.3415
-12.3141
-12.3049
-12.2957
-12.2927
-12.2775
-12.2592
-12.2231
-12.1680
-12.1227
-12.0903
-12.0537
-11.9968
-11.9478
-11.8932
-11.8380
-11.7798
-11.7057
-11.6206
-11.5391
-11.4618
-11.4047
-11.3587
-11.3251
-11.2789
-11.2202
-11.1646
-11.1181
-11.0865
-11.0706
-11.0436
-10.9975
-10.9342
-10.8709
-10.8059
-10.7603
-10.7231
-10.6920
-10.6654
-10.6096
-10.5235
-10.3901
-10.2682
-10.1542
-10.0591
-9.9706
-9.8866
-9.7829
-9.7045
-9.6388
-9.6037
-9.5846
-9.5721
-9.5514
-9.5386
-9.5274
-9.5118
-9.4879
-9.4657
-9.4292
-9.3737
-9.3085
-9.2242
-9.1239
-8.9999
-8.8523
-8.6856
-8.5664
-8.4711
-8.3693
-8.2959
-8.2321
-8.1954
-8.1794
-8.1715
-8.1715
-8.1683
-8.1252
-8.0629
-8.0024
-7.9211
-7.8637
-7.8383
-7.8322
-7.8227
-7.8068
-7.7781
-7.7289
-7.6413
-7.5262
-7.4239
-7.3630
-7.3213
-7.3036
-7.3004
-7.2971
-7.2971
-7.2971
-7.2939
-7.2875
-7.2810
-7.2714
-7.2457
-7.2198
-7.1908
-7.1554
-7.1151
-7.0685
-6.9897
-6.8674
-6.6991
-6.5484
-6.4496
-6.3947
-6.3722
-6.3527
-6.3232
-6.3069
-6.3037
-6.3004
-6.2972
-6.2907
-6.2744
-6.2451
-6.1963
-6.1494
-6.1040
-6.0568
-5.9869
-5.8768
-5.7583
-5.6153
-5.4507
-5.2908
-5.1409
-4.9941
-4.8617
-4.7136
-4.5711
-4.4633
-4.3640
-4.2908
-4.2594
-4.2428
-4.2329
-4.2263
-4.2163
-4.1998
-4.1683
-4.1316
-4.0917
-4.0485
-3.9985
-3.9519
-3.9155
-3.8756
-3.8192
-3.7627
-3.7111
-3.6406
-3.5619
-3.4729
-3.3787
-3.2912
-3.2310
-3.1777
-3.1455
-3.0812
-3.0356
-3.0239
-3.0381
-3.0430
-3.0226
-2.9893
-2.9622
-2.9319
-2.8810
-2.8197
-2.7242
-2.6115
-2.5197
-2.4243
-2.3529
-2.2985
-2.2700
-2.2666
-2.2665
-2.2614
-2.2420
-2.2237
-2.2101
-2.2101
-2.2402
-2.2669
-2.2881
-2.3116
-2.2969
-2.2525
-2.1535
-2.0121
-1.8703
-1.7743
-1.7997
-1.8753
-1.9500
-1.9572
-1.9206
-1.8341
-1.7010
-1.5582
-1.4257
-1.3469
-1.3337
-1.3480
-1.3766
-1.3766
-1.3204
-1.2449
-1.1874
-1.1598
-1.1767
-1.2305
-1.2712
-1.2881
-1.2499
-1.1611
-1.0840
-1.0272
-1.0079
-1.0202
-1.0813
-1.1685
-1.2722
-1.3786
-1.4627
-1.4577
-1.4160
-1.4101
-1.5856
-2.0321
-2.7327
-3.6012
