-6.803787921
-6.502172975
-6.193148891
-5.852912492
-5.505610669
-5.145171677
-4.792333769
-4.438290632
-4.084732785
-3.745940933
-3.439300428
-3.17749513
-2.955753186
-2.748163291
-2.551041221
-2.34994554
-2.132150734
-1.875152955
-1.597345133
-1.256162805
-0.885033737
-0.482753828
-0.087431276
0.308625791
0.70765594
1.072971048
1.357261263
1.572414719
1.764289864
1.919323643
2.007011088
2.03834226
2.078440892
2.114529784
2.162802156
2.215247441
2.326398724
2.445745183
2.584270941
2.73982229
2.935976257
3.154277658
3.408912578
3.685145047
3.97021968
4.260249366
4.55343119
4.806644507
4.995784485
5.15369869
5.307584432
5.450686811
5.596981531
5.768229771
5.959842022
6.144721229
6.320705898
6.529615748
6.768177706
6.982734285
7.186940422
7.420394859
7.666633837
7.905203761
8.12059857
8.344550191
8.536340911
8.755237202
9.000454292
9.246553737
9.471001766
9.678977974
9.876816469
10.05042646
10.22381464
10.36861374
10.48150352
10.57084379
10.66294697
10.74160498
10.81656541
10.90068708
10.98791614
11.09134201
11.21850649
11.34384773
11.47850522
11.61746034
11.78392233
11.92327814
12.03482478
12.12599882
12.17859774
12.20102105
12.1897997
12.14318616
12.08756766
12.04769032
12.00185393
11.92792973
11.84381665
11.75935695
11.64941499
11.53614745
11.44735151
11.38212336
11.35355033
11.35307928
11.37692164
11.39312289
11.44896323
11.52275699
11.60016287
11.66386905
11.70005733
11.71675499
11.68774985
11.62803014
11.54511764
11.43769429
11.32463349
11.20717929
11.09562123
10.97937151
10.85783265
10.79308416
10.76489609
10.74423687
10.73702469
10.72117261
10.71639178
10.70157679
10.66531942
10.61422004
10.56046798
10.50152809
10.44332618
10.36049651
10.30410697
10.25374638
10.19158539
10.10325668
9.995098145
9.850310178
9.690066909
9.532884441
9.376229724
9.226943281
9.091807487
8.94935448
8.751448481
8.517390002
8.250586956
7.933751085
7.563204034
7.15237985
6.709903478
6.24262462
5.748605606
5.271047783
4.812164051
4.39181733
4.040093536
3.729214309
3.481699928
3.302183368
3.157146836
3.025491584
2.917098173
2.827513322
2.675087996
2.473258002
2.233873944
1.939287433
1.570903805
1.163111183
0.75024852
0.341184957
-0.083930569
-0.516654978
-0.898637056
-1.243601949
-1.583754859
-1.912680985
-2.19622054
-2.417873778
-2.573197129
-2.625368665
-2.581567428
-2.450605769
-2.282076381
-2.105871384
-1.963532763
-1.872930046
-1.838294439
-1.852336177
-1.884290677
-1.938102499
-1.979613654
-1.983836247
-1.961972615
-1.938426219
-1.964191737
-2.046461455
-2.156625886
-2.299894673
-2.449163393
-2.571241752
-2.688681705
-2.772256801
-2.823015248
-2.895117627
-3.040460579
-3.261781149
-3.516459819
-3.7904
-4.06055942
-4.289241338
-4.440353228
-4.493191984
-4.494202174
-4.455643042
-4.386805023
-4.310761123
-4.251293798
-4.184423657
-4.140255205
-4.131765252
-4.119731777
-4.109420523
-4.123109144
-4.159472509
-4.171740652
-4.181848123
-4.20860045
-4.256810877
-4.350831727
-4.442591171
-4.493172167
-4.511519125
-4.505935514
-4.507365116
-4.535051129
-4.589249759
-4.672495601
-4.771213727
-4.917332596
-5.115713359
-5.381854342
-5.68465467
-6.004777295
-6.310352879
-6.580131116
-6.805492899
-6.935954175
-7.028841712
-7.095856463
-7.131180822
-7.165946038
-7.234775651
-7.355941222
-7.51670194
-7.752847882
-8.027998991
-8.277602837
-8.525594412
-8.784350624
-9.01641803
-9.206021381
-9.364048436
-9.505750093
-9.604523326
-9.702403049
-9.798234601
-9.898313504
-10.00850023
-10.15953351
-10.32929844
-10.49224283
-10.68175184
-10.87054558
-11.03467175
-11.18116757
-11.2927938
-11.37934877
-11.404912
-11.36087481
-11.26948455
-11.16730704
-11.03167433
-10.86599437
-10.67655382
-10.46358671
-10.23463426
-9.989565352
-9.748692718
-9.51455022
-9.286103595
-9.06104995
-8.882977616
-8.733232047
-8.611033496
-8.482819256
-8.370201576
-8.251821127
-8.144549101
-8.044039651
-7.931427262
-7.816138659
-7.629162606
-7.360824613
-7.029641964
-6.652596162
-6.252927502
-5.86350233
-5.513245632
-5.197462577
-4.918604421
-4.707176996
-4.544082605
-4.376443585
-4.229810178
-4.085549975
-3.925158499
-3.716643354
-3.48100213
-3.22106163
-2.925981772
-2.612068565
-2.262126697
-1.905500801
-1.552127975
-1.205308038
-0.892664804
-0.609793603
-0.392491148
-0.229784906
-0.089646084
0.041857089
0.193571816
0.36604306
0.553629381
0.783290066
1.090520944
1.44404781
1.844577375
2.256095281
2.662075659
3.041877864
3.367257023
3.614404461
3.819174503
3.965572296
4.077437121
4.170840352
4.264242956
4.352367968
4.469040102
4.60899683
4.775983635
4.944762281
5.10246573
5.259055812
5.405522017
5.518711792
5.642007491
5.754827472
5.834933788
5.942644982
6.04357256
6.112209041
6.188257183
6.233142717
6.262231545
6.250961391
6.209028784
6.147492807
6.078984309
5.992922872
5.903134705
5.803306306
5.657888245
5.459318751
5.231228649
5.008753217
4.783734256
4.567370108
4.362013739
4.191082432
4.027833576
3.881192485
3.73914724
3.590871453
3.426711815
3.261302013
3.099895965
2.919352915
2.703524459
2.484547385
2.242677669
1.980443851
1.697821042
1.412589817
1.140581813
0.859039165
0.615199605
0.377973453
0.161577693
-0.027203356
-0.193828319
-0.351794756
-0.525998205
-0.715875051
-0.910186713
-1.117008952
-1.372021001
-1.603927144
-1.813355132
-1.970316573
-2.094061306
-2.184538132
-2.27024347
-2.35290981
-2.406158775
-2.411208262
-2.399948616
-2.375107849
-2.341267174
-2.288180556
-2.204196985
-2.107212272
-2.028664887
-1.973028974
-1.955552901
-2.015790364
-2.136311295
-2.313552387
-2.546313625
-2.764033849
-2.900995738
-2.956733116
-2.942401332
-2.848163838
-2.724329049
-2.59588303
-2.440575693
-2.271658977
-2.094354977
-16.20115795
