11.9478
12.0075
12.0512
12.0750
12.0599
12.0241
11.9925
12.0073
12.0806
12.1475
12.2188
12.2788
12.2949
12.2944
12.2474
12.1794
12.1065
12.0327
12.0085
12.0288
12.0729
12.1252
12.2008
12.2537
12.3122
12.3273
12.2819
12.1899
12.0161
11.7890
11.5117
11.2167
10.9461
10.7397
10.6109
10.5669
10.5675
10.5819
10.5826
10.5786
10.5586
10.5117
10.4927
10.4619
10.4162
10.3504
10.2792
10.2292
10.2050
10.2084
10.2520
10.2647
10.2309
10.1450
10.0169
9.8614
9.6883
9.4959
9.2765
9.0345
8.7967
8.5688
8.3367
8.0995
7.9104
7.7829
7.7384
7.7694
7.8287
7.8435
7.7768
7.6300
7.4167
7.1839
6.9606
6.7771
6.6317
6.4894
6.3542
6.1855
5.9948
5.7427
5.4377
5.0758
4.7080
4.3539
4.0540
3.8388
3.6977
3.5839
3.4779
3.3512
3.1812
2.9513
2.6711
2.3252
1.8918
1.3934
0.8638
0.3562
-0.0990
-0.4826
-0.7506
-0.8962
-0.9571
-0.9586
-0.9523
-0.9720
-1.0686
-1.2480
-1.5184
-1.9136
-2.3915
-2.9435
-3.5209
-4.0561
-4.4814
-4.8216
-5.0507
-5.2153
-5.3215
-5.3986
-5.4685
-5.5940
-5.7543
-6.0044
-6.3331
-6.7554
-7.3023
-7.9229
-8.5663
-9.1820
-9.7392
-10.2250
-10.6693
-11.0632
-11.4282
-11.7143
-11.9495
-12.1400
-12.2811
-12.4239
-12.5935
-12.7859
-13.0434
-13.3300
-13.6699
-14.0175
-14.3803
-14.6946
-15.0017
-15.2572
-15.4753
-15.6530
-15.8025
-15.8917
-15.9616
-16.0546
-16.1669
-16.3156
-16.4645
-16.6334
-16.8276
-17.0424
-17.3078
-17.6227
-17.9651
-18.3028
-18.5907
-18.8261
-19.0070
-19.1344
-19.2067
-19.2532
-19.2866
-19.3075
-19.3290
-19.3762
-19.4405
-19.5235
-19.6347
-19.7494
-19.8638
-19.9994
-20.1162
-20.2411
-20.3357
-20.4113
-20.4388
-20.4325
-20.4434
-20.4779
-20.5573
-20.6154
-20.6055
-20.5068
-20.3460
-20.1173
-19.8468
-19.5646
-19.2657
-18.9896
-18.7421
-18.5209
-18.3080
-18.1446
-18.0164
-17.9175
-17.8421
-17.7729
-17.7080
-17.6236
-17.4925
-17.2822
-17.0060
-16.6505
-16.2278
-15.7860
-15.3373
-14.8868
-14.4329
-13.9876
-13.5428
-13.1706
-12.9062
-12.7708
-12.7347
-12.7325
-12.7271
-12.7020
-12.6321
-12.5047
-12.3273
-12.1337
-11.9240
-11.7132
-11.5014
-11.2723
-10.9965
-10.6828
-10.3600
-10.0338
-9.7009
-9.3953
-9.1363
-8.9288
-8.7451
-8.5757
-8.3981
-8.1735
-7.8956
-7.5420
-7.1642
-6.7743
-6.4016
-6.0617
-5.8047
-5.5858
-5.3964
-5.2088
-5.0318
-4.8219
-4.5796
-4.2980
-3.9664
-3.6097
-3.2822
-2.9908
-2.7380
-2.4922
-2.2094
-1.8597
-1.4675
-1.0329
-0.5588
-0.1151
0.2729
0.6018
0.8912
1.1444
1.3683
1.5679
1.7613
1.9755
2.1961
2.4433
2.7223
3.0473
3.3683
3.6985
4.0003
4.2605
4.4793
4.6615
4.8175
4.9294
5.0555
5.1805
5.3281
5.4805
5.6328
5.8184
6.0507
6.3073
6.5611
6.8162
7.0301
7.2350
7.3915
7.5378
7.6612
7.7642
7.8337
7.8452
7.8643
7.8948
7.9429
8.0139
8.0803
8.1849
8.3017
8.4385
8.5745
8.7253
8.9036
9.1039
9.3608
9.6303
9.9451
10.2273
10.4709
10.6881
10.8789
11.0249
11.1218
11.1749
11.1850
11.2113
11.2498
11.2889
11.3363
11.3803
11.4114
11.4540
11.5163
11.5899
11.6827
11.8069
11.9471
12.1261
12.2885
12.4153
12.5180
12.5939
12.6850
12.7587
12.8038
12.8196
12.8141
12.7632
12.6788
12.5314
12.3930
12.2832
12.1942
12.1466
12.0973
12.0758
12.0518
12.0363
12.0395
12.1298
12.3364
12.6134
12.8950
13.1892
13.5007
13.8622
14.2600
14.6237
14.9339
