11.947800
11.945133
11.937133
11.923803
11.905147
11.881170
11.851882
11.817291
11.777410
11.732250
11.681827
11.626157
11.565258
11.499151
11.427858
11.351400
11.269805
11.183097
11.091306
10.994462
10.892596
10.785742
10.673935
10.557211
10.435609
10.309169
10.177931
10.041940
9.901239
9.755874
9.605894
9.451347
9.292284
9.128757
8.960820
8.788527
8.611936
8.431103
8.246089
8.056954
7.863759
7.666568
7.465446
7.260459
7.051673
6.839158
6.622982
6.403217
6.179934
5.953207
5.723110
5.489718
5.253108
5.013357
4.770544
4.524749
4.276052
4.024533
3.770277
3.513366
3.253884
2.991917
2.727549
2.460868
2.191961
1.920917
1.647823
1.372770
1.095847
0.817146
0.536757
0.254772
-0.028716
-0.313614
-0.599829
-0.887267
-1.175835
-1.465437
-1.755979
-2.047365
-2.339500
-2.632289
-2.925635
-3.219442
-3.513614
-3.808056
-4.102669
-4.397358
-4.692026
-4.986577
-5.280914
-5.574941
-5.868561
-6.161678
-6.454197
-6.746021
-7.037054
-7.327202
-7.616370
-7.904462
-8.191384
-8.477043
-8.761344
-9.044194
-9.325502
-9.605174
-9.883120
-10.159247
-10.433466
-10.705687
-10.975820
-11.243778
-11.509471
-11.772814
-12.033720
-12.292104
-12.547880
-12.800965
-13.051277
-13.298732
-13.543251
-13.784753
-14.023158
-14.258389
-14.490369
-14.719022
-14.944272
-15.166047
-15.384273
-15.598878
-15.809793
-16.016949
-16.220277
-16.419712
-16.615186
-16.806638
-16.994003
-17.177221
-17.356231
-17.530976
-17.701396
-17.867438
-18.029046
-18.186167
-18.338750
-18.486745
-18.630104
-18.768779
-18.902726
-19.031899
-19.156258
-19.275760
-19.390368
-19.500043
-19.604749
-19.704453
-19.799121
-19.888723
-19.973229
-20.052612
-20.126845
-20.195904
-20.259767
-20.318412
-20.371821
-20.419976
-20.462860
-20.500462
-20.532766
-20.559764
-20.581447
-20.597806
-20.608838
-20.614538
-20.614904
-20.609936
-20.599637
-20.584008
-20.563057
-20.536788
-20.505211
-20.468337
-20.426177
-20.378744
-20.326056
-20.268129
-20.204981
-20.136634
-20.063110
-19.984433
-19.900629
-19.811725
-19.717751
-19.618736
-19.514715
-19.405720
-19.291788
-19.172955
-19.049261
-18.920746
-18.787453
-18.649424
-18.506706
-18.359344
-18.207388
-18.050887
-17.889892
-17.724456
-17.554633
-17.380479
-17.202051
-17.019408
-16.832608
-16.641714
-16.446788
-16.247894
-16.045096
-15.838462
-15.628059
-15.413956
-15.196223
-14.974932
-14.750154
-14.521964
-14.290437
-14.055647
-13.817673
-13.576592
-13.332483
-13.085426
-12.835502
-12.582792
-12.327381
-12.069350
-11.808786
-11.545772
-11.280396
-11.012744
-10.742905
-10.470965
-10.197015
-9.921145
-9.643443
-9.364003
-9.082914
-8.800270
-8.516162
-8.230685
-7.943930
-7.655993
-7.366968
-7.076949
-6.786031
-6.494310
-6.201881
-5.908841
-5.615284
-5.321307
-5.027007
-4.732480
-4.437822
-4.143130
-3.848501
-3.554030
-3.259815
-2.965952
-2.672537
-2.379666
-2.087436
-1.795941
-1.505278
-1.215541
-0.926826
-0.639227
-0.352838
-0.067754
0.215933
0.498130
0.778743
1.057682
1.334854
1.610170
1.883538
2.154869
2.424075
2.691066
2.955757
3.218059
3.477887
3.735156
3.989782
4.241681
4.490770
4.736969
4.980196
5.220372
5.457418
5.691256
5.921810
6.149004
6.372764
6.593017
6.809690
7.022712
7.232014
7.437527
7.639184
7.836918
8.030665
8.220362
8.405946
8.587356
8.764533
8.937419
9.105958
9.270093
9.429772
9.584943
9.735553
9.881554
10.022898
10.159539
10.291432
10.418534
10.540802
10.658198
10.770682
10.878219
10.980771
11.078307
11.170794
11.258201
11.340500
11.417665
11.489669
11.556489
11.618104
11.674493
11.725637
11.771521
11.812128
11.847446
11.877463
11.902169
11.921556
11.935618
11.944350
11.947750
11.945815
11.938547
11.925949
11.908023
11.884777
11.856218
11.822355
11.783199
11.738763
11.689061
11.634111
11.573929
11.508536
11.437953
11.362204
11.281312
11.195304
11.104210
11.008058
10.906879
10.800708
10.689579
10.573528
10.452594
10.326815
10.196234
10.060893
9.920836
9.776109
9.626759
9.472836
9.314391
9.151473
