-5.409838
-5.505999
-5.602155
-5.698301
-5.794434
-5.890547
-5.986637
-6.082699
-6.178727
-6.274718
-6.370667
-6.466569
-6.562418
-6.658212
-6.753944
-6.849610
-6.945206
-7.040726
-7.136167
-7.231523
-7.326790
-7.421963
-7.517037
-7.612008
-7.706871
-7.801621
-7.896255
-7.990766
-8.085151
-8.179405
-8.273523
-8.367501
-8.461334
-8.555018
-8.648547
-8.741917
-8.835125
-8.928164
-9.021032
-9.113722
-9.206230
-9.298553
-9.390685
-9.482622
-9.574360
-9.665893
-9.757218
-9.848330
-9.939224
-10.029897
-10.120343
-10.210558
-10.300538
-10.390278
-10.479775
-10.569023
-10.658018
-10.746756
-10.835232
-10.923443
-11.011383
-11.099049
-11.186436
-11.273540
-11.360357
-11.446882
-11.533112
-11.619041
-11.704666
-11.789983
-11.874987
-11.959674
-12.044041
-12.128082
-12.211794
-12.295173
-12.378214
-12.460914
-12.543269
-12.625274
-12.706925
-12.788219
-12.869151
-12.949718
-13.029915
-13.109739
-13.189185
-13.268251
-13.346931
-13.425223
-13.503121
-13.580624
-13.657725
-13.734423
-13.810713
-13.886591
-13.962054
-14.037097
-14.111718
-14.185913
-14.259677
-14.333008
-14.405902
-14.478354
-14.550363
-14.621924
-14.693033
-14.763687
-14.833883
-14.903617
-14.972886
-15.041687
-15.110015
-15.177868
-15.245243
-15.312136
-15.378543
-15.444462
-15.509889
-15.574821
-15.639256
-15.703189
-15.766617
-15.829539
-15.891949
-15.953846
-16.015226
-16.076087
-16.136425
-16.196238
-16.255521
-16.314274
-16.372492
-16.430173
-16.487314
-16.543912
-16.599965
-16.655469
-16.710422
-16.764822
-16.818665
-16.871949
-16.924672
-16.976830
-17.028421
-17.079443
-17.129894
-17.179770
-17.229069
-17.277789
-17.325928
-17.373483
-17.420451
-17.466831
-17.512621
-17.557817
-17.602418
-17.646422
-17.689825
-17.732628
-17.774826
-17.816419
-17.857403
-17.897778
-17.937541
-17.976690
-18.015223
-18.053138
-18.090434
-18.127109
-18.163161
-18.198587
-18.233387
-18.267559
-18.301100
-18.334010
-18.366287
-18.397929
-18.428934
-18.459301
-18.489029
-18.518116
-18.546561
-18.574362
-18.601518
-18.628028
-18.653890
-18.679103
-18.703666
-18.727577
-18.750836
-18.773441
-18.795391
-18.816686
-18.837323
-18.857303
-18.876624
-18.895284
-18.913284
-18.930623
-18.947299
-18.963311
-18.978659
-18.993343
-19.007361
-19.020712
-19.033397
-19.045414
-19.056763
-19.067444
-19.077455
-19.086796
-19.095467
-19.103468
-19.110797
-19.117456
-19.123442
-19.128757
-19.133399
-19.137369
-19.140667
-19.143291
-19.145243
-19.146521
-19.147127
-19.147059
-19.146318
-19.144905
-19.142818
-19.140058
-19.136625
-19.132520
-19.127743
-19.122293
-19.116171
-19.109378
-19.101913
-19.093778
-19.084972
-19.075496
-19.065350
-19.054535
-19.043052
-19.030900
-19.018082
-19.004596
-18.990444
-18.975627
-18.960145
-18.943999
-18.927190
-18.909719
-18.891586
-18.872792
-18.853339
-18.833227
-18.812457
-18.791031
-18.768949
-18.746212
-18.722822
-18.698780
-18.674086
-18.648742
-18.622750
-18.596110
-18.568825
-18.540894
-18.512320
-18.483104
-18.453247
-18.422751
-18.391618
-18.359848
-18.327444
-18.294407
-18.260739
-18.226441
-18.191515
-18.155963
-18.119786
-18.082986
-18.045565
-18.007525
-17.968868
-17.929596
-17.889710
-17.849212
-17.808105
-17.766391
-17.724071
-17.681147
-17.637623
-17.593499
-17.548778
-17.503462
-17.457554
-17.411056
-17.363969
-17.316297
-17.268041
-17.219204
-17.169789
-17.119797
-17.069231
-17.018094
-16.966389
-16.914117
-16.861281
-16.807885
-16.753929
-16.699418
-16.644354
-16.588739
-16.532577
-16.475869
-16.418619
-16.360830
-16.302505
-16.243645
-16.184255
-16.124336
-16.063893
-16.002928
-15.941443
-15.879443
-15.816929
-15.753906
-15.690375
-15.626341
-15.561807
-15.496775
-15.431248
-15.365231
-15.298726
-15.231736
-15.164265
-15.096316
-15.027892
-14.958997
-14.889635
-14.819807
-14.749519
-14.678773
-14.607572
-14.535922
-14.463823
-14.391282
-14.318300
-14.244882
-14.171030
-14.096750
-14.022044
-13.946915
-13.871369
-13.795408
-13.719036
-13.642256
-13.565074
-13.487492
-13.409514
-13.331144
-13.252386
-13.173243
-13.093720
-13.013821
-12.933549
-12.852909
-12.771904
-12.690538
-12.608815
-12.526739
-12.444315
-12.361546
-12.278437
-12.194990
-12.111212
-12.027105
-11.942674
-11.857922
-11.772855
-11.687476
-11.601790
-11.515799
-11.429510
-11.342926
-11.256051
-11.168890
-11.081446
-10.993725
-10.905730
-10.817465
-10.728936
-10.640146
-10.551100
-10.461801
-10.372256
-10.282467
-10.192439
-10.102177
-10.011685
-9.920968
-9.830029
-9.738874
-9.647507
-9.555932
-9.464154
-9.372178
-9.280007
-9.187646
-9.095101
-9.002375
-8.909473
-8.816399
-8.723158
-8.629755
-8.536195
-8.442481
-8.348618
-8.254612
-8.160466
-8.066185
-7.971775
-7.877238
-7.782581
-7.687808
-7.592922
-7.497930
-7.402836
-7.307644
-7.212359
-7.116985
-7.021528
-6.925992
-6.830382
-6.734702
-6.638957
-6.543152
-6.447292
-6.351380
-6.255423
-6.159424
-6.063388
-5.967320
-5.871225
-5.775108
-5.678972
-5.582823
-5.486666
-5.390505
-5.294345
-5.198191
-5.102047
-5.005918
-4.909809
-4.813724
-4.717668
-4.621647
-4.525664
-4.429724
-4.333833
-4.237994
-4.142213
-4.046493
-3.950841
-3.855260
-3.759755
-3.664331
-3.568993
-3.473745
-3.378591
-3.283537
-3.188588
-3.093747
-2.999020
-2.904410
-2.809924
-2.715565
-2.621338
-2.527248
-2.433298
-2.339495
-2.245842
-2.152345
-2.059006
-1.965832
-1.872827
-1.779995
-1.687341
-1.594870
-1.502585
-1.410492
-1.318594
-1.226897
-1.135406
-1.044123
-0.953055
-0.862205
-0.771577
-0.681177
-0.591009
-0.501077
-0.411385
-0.321938
-0.232741
-0.143797
-0.055111
0.033312
0.121469
0.209354
0.296964
0.384295
0.471342
0.558100
0.644566
0.730736
0.816604
0.902168
0.987422
1.072363
1.156986
1.241287
1.325262
1.408908
1.492219
1.575192
1.657823
1.740107
1.822042
1.903621
1.984843
2.065702
2.146195
2.226317
2.306066
2.385436
2.464424
2.543027
2.621240
2.699059
2.776481
2.853502
2.930117
3.006325
3.082120
3.157498
3.232457
3.306993
3.381101
3.454779
3.528022
3.600827
3.673191
3.745110
3.816580
3.887598
3.958160
4.028264
4.097905
4.167080
4.235786
4.304019
4.371776
4.439054
4.505849
4.572159
4.637979
4.703307
4.768140
4.832473
4.896305
4.959632
5.022451
5.084758
5.146552
5.207828
5.268584
5.328816
5.388523
5.447700
5.506345
5.564456
5.622028
5.679060
5.735549
5.791492
5.846885
5.901727
5.956015
6.009746
6.062918
6.115527
6.167571
6.219049
6.269956
6.320291
6.370051
6.419235
6.467838
6.515859
6.563297
6.610147
6.656409
6.702079
6.747155
6.791637
6.835520
6.878803
6.921484
6.963561
7.005031
7.045893
7.086145
7.125785
7.164810
7.203219
7.241010
7.278181
7.314731
7.350657
7.385958
7.420631
7.454676
7.488091
7.520874
7.553023
7.584537
7.615414
7.645653
7.675252
7.704210
7.732526
7.760197
7.787224
7.813603
7.839335
7.864417
7.888849
7.912629
7.935757
7.958230
7.980049
8.001211
8.021717
8.041564
8.060752
8.079280
8.097147
8.114352
8.130895
8.146774
8.161989
8.176538
8.190422
8.203640
8.216190
8.228073
8.239288
8.249834
8.259710
8.268917
8.277453
8.285319
8.292514
8.299037
8.304888
8.310068
8.314575
8.318410
8.321572
8.324061
8.325878
8.327021
8.327491
8.327288
8.326412
8.324863
8.322640
8.319745
8.316178
8.311937
8.307024
8.301440
8.295183
8.288255
8.280655
8.272385
8.263444
8.253833
8.243553
8.232604
8.220986
8.208700
8.195747
8.182128
8.167842
8.152891
8.137276
8.120997
8.104054
8.086450
8.068184
8.049258
8.029672
8.009428
7.988526
7.966968
7.944754
7.921886
7.898364
7.874191
7.849366
7.823892
7.797770
7.771000
7.743584
7.715524
7.686821
7.657476
7.627491
7.596867
7.565605
7.533708
7.501177
7.468013
7.434218
7.399793
7.364741
7.329063
7.292761
7.255836
7.218291
7.180127
7.141346
7.101950
7.061940
7.021320
6.980091
6.938255
6.895813
6.852769
6.809123
6.764879
6.720039
6.674604
6.628577
6.581960
6.534755
6.486965
6.438592
6.389639
6.340107
6.290000
6.239320
6.188068
6.136249
6.083863
6.030915
5.977405
5.923338
5.868716
5.813540
5.757815
5.701543
5.644726
5.587368
5.529471
5.471037
5.412071
5.352574
5.292550
5.232001
5.170931
5.109343
5.047239
4.984623
4.921497
4.857865
4.793730
4.729096
4.663964
4.598338
4.532223
4.465620
4.398533
4.330966
4.262921
4.194402
4.125413
4.055957
3.986036
3.915656
3.844818
3.773527
3.701786
3.629598
3.556968
3.483898
3.410392
3.336454
3.262088
3.187296
3.112084
3.036454
2.960410
2.883955
2.807095
2.729832
2.652170
2.574112
2.495664
2.416828
2.337609
2.258010
2.178036
2.097690
2.016975
1.935897
1.854459
1.772665
1.690519
1.608026
1.525188
1.442010
1.358497
1.274652
1.190480
1.105984
1.021169
0.936038
0.850597
0.764849
0.678799
0.592450
0.505807
0.418874
0.331655
0.244156
0.156379
0.068329
-0.019989
-0.108571
-0.197413
-0.286510
-0.375858
-0.465453
-0.555291
-0.645366
-0.735674
-0.826212
-0.916974
-1.007957
-1.099155
-1.190564
-1.282180
-1.373998
-1.466014
-1.558224
-1.650622
-1.743204
-1.835966
-1.928903
-2.022010
-2.115284
-2.208719
-2.302311
-2.396055
-2.489947
-2.583981
-2.678155
-2.772462
-2.866898
-2.961459
-3.056140
-3.150937
-3.245844
-3.340857
-3.435971
-3.531182
-3.626485
-3.721876
-3.817349
-3.912901
-4.008525
-4.104219
-4.199976
-4.295793
-4.391664
-4.487585
-4.583551
-4.679558
-4.775600
