38.59068568
38.64136197
38.75190794
38.869306
38.99560089
39.14449079
39.22158033
39.25154328
39.28235818
39.37101433
39.40749718
39.45066854
39.53102763
39.60814271
39.7027367
39.79400449
39.89108937
39.99558214
40.04943546
40.07426392
40.12688591
40.18060359
40.18962004
40.2359363
40.25336848
40.21757705
40.18577068
40.19461215
40.21671273
40.22672307
40.20058486
40.18380719
40.21105094
40.27562777
40.3330702
40.33629283
40.33209756
40.33032985
40.31925317
40.29500185
40.29311049
40.32115792
40.38014949
40.46585513
40.53138288
40.53201206
40.54797831
40.62335503
40.66733002
40.6538609
40.63642104
40.69212057
40.71231076
40.74577197
40.75566115
40.75783028
40.72155121
40.65210451
40.62560873
40.63515998
40.61697149
40.61317597
40.62716665
40.63403382
40.66697307
40.6758496
40.68905415
40.72078581
40.74308818
40.74130093
40.74297721
40.72981956
40.72103563
40.69806453
40.67787567
40.64608249
40.62642099
40.63314302
40.62242685
40.61870206
40.62478982
40.68059133
40.74601746
40.7687017
40.78352332
40.79056541
40.77565055
40.75761526
40.71874525
40.67430472
40.66131148
40.6366767
40.57419882
40.50731626
40.48471299
40.47539014
40.40612762
40.35773511
40.36124269
40.37617811
40.36594682
40.36892936
40.37860589
40.36657196
40.33807666
40.28241048
40.23552431
40.21310939
40.21917136
40.23689419
40.25106545
40.2587583
40.26561012
40.29746099
40.33210758
40.33314755
40.33216396
40.33236541
40.32282909
40.33105437
40.36774545
40.37039158
40.37588278
40.36922244
40.37917294
40.3564474
40.32139279
40.27722521
40.23100691
40.1895487
40.15510216
40.13627741
40.13119266
40.1338704
40.12679794
40.13400077
40.12791818
40.07295629
40.03543189
40.03321196
40.00346745
39.93362261
39.86812876
39.82984855
39.76305729
39.68922729
39.63648075
39.61772253
39.57901165
39.52916283
39.52934643
39.54440342
39.51918895
39.50018242
39.49198529
39.49738042
39.47059591
39.47114453
39.4693607
39.45594833
39.44794578
39.46415498
39.46519234
39.47741982
39.498243
39.54403686
39.52044115
39.43464236
39.3669484
39.32910531
39.26389725
39.19931644
39.1760905
39.1768298
39.12909998
39.07474065
39.05617071
39.05169967
39.06011706
39.06886117
39.03689447
38.99706366
38.93926369
38.93910769
38.96745361
38.96964875
38.97795739
38.96466078
38.91765751
38.91058651
38.90666116
38.87049376
38.84471228
38.84459867
38.84415064
38.83792045
38.85809957
38.85859642
38.84170951
38.83605793
38.84663924
38.8163947
38.75556031
38.73197366
38.73844272
38.70830846
38.67274248
38.67405394
38.68058086
38.66193562
38.627404
38.59695922
38.58853821
38.57342464
38.59587828
38.62152049
38.61427665
38.57995126
38.59557793
38.57084733
38.55354306
38.54910614
38.53968844
38.4977691
38.45654972
38.45674399
38.45089484
38.45521654
38.47355032
38.47593483
38.48568529
38.48415935
38.50475972
38.51160423
38.49018498
38.46552429
38.47370173
38.47594769
38.47850045
38.50725468
38.54440691
38.58896788
38.66494833
38.75205388
38.80574332
38.81703506
38.81569228
38.8192208
38.82225063
38.83563228
38.86719126
38.9389172
39.01172594
39.03084507
39.05175937
39.0785574
39.10126633
39.09697873
39.09917193
39.09828357
39.09578465
39.10092587
39.11227051
39.13957353
39.16948489
39.19736622
39.22853536
39.23600888
39.22620957
39.2375225
39.23320024
39.23342349
39.2509136
39.25456503
39.29159791
39.31257141
39.33194622
39.37598911
39.36886614
39.36887358
39.41864271
39.48695248
39.5349573
39.58914914
39.62780778
39.62302251
39.63814347
39.67024288
39.72921994
39.72504217
39.71639904
39.69529415
39.69369617
39.69008251
39.6838155
39.69504639
39.68278903
39.68053346
39.67828872
39.67101366
39.64415611
39.61730608
39.5859906
39.56420922
39.55585448
39.57060569
39.60067551
39.60270319
39.58509017
39.56075217
39.56145162
39.57557532
39.58826416
39.6012702
39.61258519
39.62390069
39.62559165
39.62897499
39.62716728
39.62635185
39.6245853
39.60748379
39.57939789
39.58244624
39.60092841
39.60224069
39.60461659
39.59746818
39.59432568
39.58767598
39.58761457
39.58894493
39.57987125
39.57430223
39.54571032
39.52206432
39.54355694
39.56299369
39.56331468
39.5771982
39.59192854
39.60537134
39.59180229
39.6024583
39.64790045
39.68519006
39.69194118
39.67237808
39.70676022
39.74306752
39.76818808
39.77667146
39.79078036
39.82168145
39.83480359
39.83673808
39.84243349
39.83623325
39.82963682
39.82967398
39.81838779
39.81140218
39.81575881
39.81306092
39.81618875
39.82371509
39.85217868
39.87322207
39.86589949
39.86498048
39.86127947
39.8710964
39.89073356
39.92408766
39.95187017
39.96535251
39.96691663
39.96629311
39.97474002
39.97141662
40.0113556
40.06206196
40.05183132
40.03453156
40.04900362
40.09697112
40.10463491
40.10452823
40.11087862
40.11756126
40.11349624
40.11103891
40.10861639
40.10302093
40.0909597
40.07652539
40.06419896
40.06218375
40.05190828
40.03092023
40.02930864
40.01864006
40.02240309
40.01381925
40.00407627
40.00509172
40.00121866
40.00572698
39.98997547
39.98582682
40.0137528
40.02494488
40.01181222
40.01751477
40.03097445
40.00663032
40.00490558
40.02003871
40.03543476
40.02183455
40.03072473
40.04868483
40.05978736
40.07207314
40.08808589
40.10911243
40.14350484
40.18560655
40.19863666
40.21578781
40.22859605
40.22808371
40.24143084
40.26593963
40.28201968
40.28695092
40.29813672
40.31829737
40.32198543
40.33370945
40.37469146
40.4224484
40.46449546
40.5076093
40.53198409
40.55068205
40.55796263
40.58073948
40.58068873
40.58293837
40.58635193
40.58471494
40.56366358
40.56197645
40.56543915
40.57015865
40.56654421
40.59223204
40.62706354
40.65335221
40.66303214
40.68304109
40.71684843
40.75379365
40.77633402
40.78928704
40.81528183
40.8057419
40.79623765
40.81602837
40.84695503
40.85300777
40.87051258
40.88589242
40.90289516
40.90245942
40.89156705
40.88307082
40.87918793
40.87682925
40.87598887
40.87106206
40.86624903
40.85536475
40.85911169
40.8746782
40.87405264
40.86707824
40.85820723
40.8503547
40.84156453
40.85685226
40.87263341
40.86188564
40.85897023
40.84223422
40.81709433
40.80778704
40.82138655
40.84365641
40.86224025
40.89255548
40.9071487
40.91670101
40.92295709
40.93175906
40.93803247
40.95582164
40.98072205
41.01712782
41.01958987
41.02944491
41.05761195
41.08161892
41.1247905
41.16554753
41.16667381
41.1586807
41.17922573
41.19493048
41.20016837
41.21975072
41.25648652
41.29329526
41.32753997
41.36683845
41.38953483
41.39883568
41.4111498
41.40976633
41.40024733
41.39637254
41.40618965
41.4132686
41.42630181
41.45021476
41.47391934
41.47834936
41.50188471
41.51821021
41.53083215
41.55393966
41.62359142
41.6944519
41.81307043
41.96084007
42.10806403
42.18983425
42.20502525
42.27119498
42.30223604
42.29725397
42.23856174
42.24077849
42.25509096
42.25215173
42.23377424
42.24888591
42.25486329
42.25866586
42.26852189
42.27610315
42.25495453
42.17605743
42.1492645
42.19140218
42.18718638
42.14220574
42.12181334
42.10693004
42.08056589
42.06677359
42.05457353
42.04455845
42.03955711
42.046291
42.04915244
42.07519073
42.08081419
42.10966793
42.17099769
42.17052476
42.16912848
42.17332429
42.14132336
42.09788029
42.08784386
42.08663462
42.05535528
42.02844879
42.00630041
41.97609754
41.95173408
41.92839738
41.93411953
41.98579243
42.00474605
41.99040629
42.0129418
42.05762738
42.05162426
42.00912287
42.04450075
42.0805355
42.08024268
42.08526479
42.10326161
42.10106786
42.09997269
42.11139453
42.13137648
42.15451924
42.14311089
42.15097577
42.14361302
42.12556919
42.10536033
42.08619456
42.07307272
42.03808059
42.01294631
41.99923228
41.98539658
41.9804805
42.00055994
42.03541526
42.05245901
42.05487917
42.04424723
42.03609571
42.00532618
41.99275803
41.96583503
41.94723206
41.93532478
41.92597658
41.91762752
41.91012303
41.894736
41.89241024
41.89663411
41.89932559
41.91384322
41.96185802
42.00933031
42.03760615
42.06596176
42.09360322
42.10523191
42.09610654
42.11966076
42.14605356
42.15916708
42.1748294
42.19711573
42.21113578
42.23252937
42.27230531
42.3089798
42.32402523
42.31350726
42.31272393
42.30804583
42.30303065
42.29379467
42.2907213
42.29266276
42.27527038
42.28325573
42.29404528
42.30846366
42.31366413
42.3095071
42.35621736
42.39078209
42.39148183
42.37152032
42.38413012
42.3767462
42.36927454
42.3661219
42.37207444
42.36661904
42.35193929
42.35972316
42.38960082
42.43691146
42.47957092
42.51792375
42.55652035
42.59532829
42.60513296
42.60930896
42.62158713
42.62624074
42.61334074
42.62283168
42.62031848
42.59808323
42.57606768
42.56304918
42.54124198
42.52388794
42.50527816
42.49982809
42.50428312
42.49548282
42.49559689
42.51019802
42.52823629
42.56862519
42.58588398
42.58362083
42.59077732
42.57666478
42.56681455
42.56757512
42.55176418
42.54648324
42.51847271
42.52125624
42.51988276
42.52266166
42.50695561
42.48642647
42.4919055
42.49281566
42.48642438
42.47246501
42.47630986
42.46837034
42.46088547
42.45632944
42.44194072
42.43226822
42.42781897
42.42562735
42.42385786
42.41665536
42.40018348
42.39301237
42.37785649
42.36783487
42.33679454
42.25831131
42.17810275
42.11743519
42.06773285
42.03644159
41.99064166
41.97579815
41.97465167
41.98611724
41.9936223
41.97681867
41.96083524
41.95104444
41.98403173
41.99058021
41.99146327
42.00060247
42.01765285
42.02993074
42.04569455
42.07005372
42.09110124
42.12453384
42.17611462
42.21865303
42.24336943
42.26373078
42.26299375
42.28967857
42.31962237
42.3304288
42.35273656
42.35714082
42.36382357
42.35419162
42.33155046
42.30593527
42.26920863
42.23904468
42.17744785
42.11847153
42.04389792
41.97743395
41.94789318
41.93606363
41.93117193
41.90667823
41.89693303
41.90684725
41.89738475
41.90053194
41.9021921
41.90796208
41.90242129
41.88763977
41.90144712
41.8985446
41.87215965
41.86743029
41.89671792
41.90122372
41.90910296
41.95235914
42.01805853
42.05074199
42.07185514
42.11074147
42.12687347
42.11020178
42.06735948
42.08230884
42.10176611
42.09526205
42.09238989
42.13445981
42.15672023
42.14545834
42.14850271
42.13438658
42.12774996
42.11066165
42.11765425
42.13153174
42.13703712
42.16604814
42.2286897
42.2559999
42.2509069
42.27210264
42.26923065
42.26923065
42.26923065
42.27438367
42.29624185
42.30763995
42.30885915
42.34836209
42.41002049
42.44140283
42.46086156
42.49968233
42.55429843
42.56828753
42.58267123
42.60869045
42.63991834
42.64950113
42.66786763
42.69449657
42.69920699
42.71837229
42.75779843
42.76927462
42.76763353
42.77461556
42.81420323
42.85761918
42.88248116
42.90223672
42.94263447
42.95196203
42.95548142
42.97965686
43.00628003
42.99969415
43.00236683
42.99002955
42.99093961
42.965927
42.93085618
42.90079403
42.88674333
42.88545793
42.87704029
42.88472895
42.90617895
42.94908525
42.97847055
43.00226929
43.02888018
43.02460765
43.02675989
43.01693482
43.00952652
43.01658399
43.03957292
43.06249767
43.07638904
43.08082472
43.0655355
43.02830838
42.99366809
42.98093104
42.97584063
42.97881381
42.99540677
42.99242042
42.98969603
42.99902547
43.00235264
43.01401679
43.0257593
43.02927395
43.04078019
43.00933702
42.97646092
42.98565324
42.99753708
42.99228032
42.99641994
43.01164776
43.02146565
43.02326025
43.03358265
43.04368608
43.04506688
43.03027849
43.02364112
43.00645287
42.99568587
42.98283988
42.97687876
42.94882924
42.91353806
42.87957557
42.83785484
42.79282697
42.77580239
42.74282727
42.7250008
42.72547729
42.74521848
42.72689192
42.68615578
42.66546006
42.64564272
42.62273808
42.60298394
42.62157892
42.65031198
42.65501152
42.64558026
42.63613623
42.62980797
42.60348051
42.5700395
42.58456006
42.56738991
42.56937329
42.59140694
42.60366504
42.58489579
42.54960462
42.53226937
42.54232928
42.55226453
42.55748409
42.56209909
42.54976642
42.51887942
42.49149929
42.49697374
42.48036185
42.45657287
42.45708767
42.47143163
42.44890217
42.40896654
42.38698587
42.36359668
42.32543449
42.2676435
42.18920209
42.13170089
42.09930128
42.08298749
42.04712372
41.95428984
41.87327283
41.82782347
41.78205338
41.73690505
41.7047517
41.65959499
41.61270926
41.58523891
41.5582481
41.55133315
41.55438128
41.55981728
41.54950767
41.52740605
41.49342719
41.46745573
41.44133735
41.42522825
41.3977839
41.33135937
41.25882431
41.22361695
41.18847605
41.14366351
41.11444011
41.09502557
41.08401739
41.07114011
41.03481127
40.98495078
40.94467698
40.93001217
40.9014669
40.86927865
40.84146602
40.84148641
40.82766532
40.76409948
40.7291768
40.71459714
40.70062119
40.64660498
40.58585559
40.5587563
40.4997846
40.43549003
40.4191617
40.41970739
40.39455685
40.37289711
40.33641965
40.30158591
40.292848
40.2935697
40.30009808
40.29104431
40.27585294
40.27262159
40.26993406
40.22470718
40.11435642
39.99684107
39.8547472
39.66199518
39.4776576
39.33448252
39.17534976
38.89458592
38.54721642
38.18558377
37.75811414
37.28624054
36.79272783
36.30085278
35.68835863
35.07836349
34.45068377
33.81294571
33.15531301
32.46460213
31.76413433
31.30333262
31.10574458
31.12302341
31.21519023
31.38395848
31.64810202
31.88106015
32.08480575
32.30524284
32.50979131
32.72061194
33.02069941
33.44460113
33.90801589
34.27352827
34.54699777
34.72936158
34.77713714
34.75209815
34.73858392
34.75602294
34.82175154
34.96154619
35.18815936
35.42815415
35.65031621
35.87318188
36.09172065
36.34144658
36.58799359
36.83630375
37.01948455
37.1999723
37.40756823
37.58983366
37.79828915
38.075366
38.35873208
38.59774181
38.86526023
39.13929079
39.30450054
39.42206335
39.55290532
39.64183648
39.66342348
39.65381483
39.64382907
39.58606912
39.54854306
39.54470164
39.54470164
39.53911777
39.51317729
39.51184797
39.54084803
39.55619509
39.58367384
39.57793255
39.56007753
39.5105628
39.48152674
39.49764854
39.49096054
39.47030358
39.44554749
39.43481638
39.411808
39.37069423
39.34585457
39.33067043
39.31563895
39.30670295
39.28150002
39.21514243
39.1592446
39.10291073
39.02073261
38.91153208
38.82649241
38.74708346
38.70594223
38.68525067
38.6467923
38.60673409
38.59829526
38.60283037
38.59993715
38.5931628
38.59636258
38.58176081
38.55893722
38.5370116
38.53723432
38.50541194
38.47552759
38.46593711
38.45480046
38.3988587
38.36686525
38.37534007
38.35988671
38.33241335
38.32142506
38.33067836
38.34369629
38.35586222
38.38180917
38.43373301
38.46743746
38.45062714
38.45029876
38.47594836
38.46831313
38.4166338
38.38609313
38.39028911
38.37049535
38.35251414
38.34936038
38.32907117
38.31852182
38.34029498
38.36718244
38.38807949
38.4106057
38.42379375
38.41880392
38.38991738
38.37088638
38.3377078
38.35189161
38.39918419
38.45869218
38.54005221
38.66261639
38.78440265
38.90290622
39.01258515
39.13902455
39.2423605
39.31885908
39.40908884
39.45189688
39.46727518
39.5017719
39.53523799
39.54429124
39.54429124
39.52414062
39.4785387
39.41202086
39.33267244
39.29742539
39.25123405
39.17579153
39.1318338
39.12223045
39.07842377
39.00264121
39.03141186
39.09436925
39.06854133
38.99801039
38.91968234
38.73505949
38.49566749
38.25557092
37.96943198
37.6678439
37.3966944
37.17803679
37.0313997
36.945499
36.90814416
36.95193258
37.07196899
37.24001262
37.39977763
37.58311533
37.77803872
38.0027025
38.18993295
38.33029842
38.48630008
38.64282451
38.76527563
38.83037028
38.91714369
39.01952668
39.05977051
39.10205756
39.16630408
39.24057689
39.35733456
39.46952604
39.59081418
39.694954
39.77493779
39.81660177
39.83656776
39.84037765
39.82387838
39.82590397
39.84262632
39.83157279
39.77445921
39.74221776
39.6874451
39.57472541
39.46844825
39.44777368
39.44837845
39.42986851
39.41057627
39.39130677
39.38735574
39.41644902
39.42462623
39.42381176
39.42945568
39.44251673
39.41929775
39.40419208
39.41375309
39.43245875
39.43040361
39.38952828
39.35942504
39.35394758
39.33493828
39.28792496
39.2574012
39.270057
39.29594619
39.30522371
39.32518077
39.32607208
39.27393535
39.21201186
39.15975983
39.12529453
39.06577109
39.01283996
38.97613053
38.95776625
38.96018641
38.97878738
38.99450117
38.97937417
38.97212336
38.97682933
38.95951144
38.92612902
38.90108695
38.86483571
38.81858638
38.77293807
38.75478187
38.73810604
38.70581431
38.68672732
38.68656515
38.67560646
38.66712492
38.66488441
38.65253525
38.65775907
38.66694983
38.65056796
38.65261629
38.68422735
38.68508083
38.67901224
38.69686447
38.73198912
38.75532026
38.77588535
38.77673648
38.77879346
38.74773342
38.72121418
38.73591537
38.76009144
38.75355664
38.75262041
38.72126669
38.71159755
38.72824288
38.73540432
38.74269288
38.7498427
38.75764918
38.77394408
38.76671025
38.75675744
38.73769965
38.73423609
38.71845386
38.70742021
38.69640617
38.66987816
38.694822
38.74927756
38.79160164
38.83401148
38.86348579
38.88750359
38.87671876
38.83579053
38.81037353
38.79694396
38.76639425
38.72556585
38.71359927
38.70334792
38.68636967
38.67270132
38.66220827
38.64163579
38.64842488
38.66561075
38.66425776
38.67823606
38.64483886
38.64342583
38.65546331
38.64888665
38.62396865
38.61932938
38.63503894
38.66616279
38.6980465
38.69828772
38.70886426
38.73637718
38.77942538
38.79745901
38.81684306
38.84539473
38.88015286
38.8943979
38.9134199
38.91345671
38.88550629
38.84419789
38.80832065
38.77248466
38.7584465
38.76072079
38.76941686
38.76155276
38.76464815
38.75994431
38.76081264
38.74846848
38.73706203
38.721936
38.67146695
38.59576216
38.56245606
38.54708858
38.51955345
38.49168373
38.45785303
38.43073446
38.40852359
38.38528867
38.3628902
38.34015013
38.33651692
38.33289923
38.31119151
38.26255957
38.25987238
38.26697512
38.2906126
38.29095077
38.31962341
38.34267139
38.35572816
38.36531361
38.38109255
38.40238472
38.44277169
38.47454121
38.46835578
38.47191226
38.4770101
38.48341228
38.47688293
38.4723211
38.4635678
38.46026912
38.45806087
38.44720429
38.43353636
38.430034
38.43107693
38.42285911
38.41546154
38.41246227
38.42413659
38.42699407
38.40925195
38.39365174
38.39725439
38.39545823
38.38009245
38.37591039
38.37798787
38.36414856
38.36721991
38.37771197
38.38970692
38.38453846
38.41169677
38.4484586
38.47763993
38.52129737
38.57932815
38.62071183
38.63971058
38.65338316
38.67840045
38.69146063
38.68574571
38.68877738
38.69726971
38.69070119
38.69876527
38.69790541
38.6999533
38.70401938
38.70097472
38.70455653
38.69965496
38.69137811
38.68201559
38.67813778
38.67235776
38.68904337
38.6894413
38.6930688
38.6831818
38.67524204
38.70579704
38.74011132
38.74905712
38.76203875
38.76958685
38.76532739
38.77395648
38.82637872
38.89568975
38.96340029
39.03333923
39.0830624
39.11518739
39.13621016
39.14152166
39.15463135
39.1434915
39.14109732
39.14301437
39.14924861
39.13887515
39.13840005
39.14878977
39.17466648
39.20621194
39.23881909
39.25846888
39.28709046
39.33543692
39.41091034
39.4797066
39.51242037
39.55494874
39.56912877
39.57047001
39.58289283
39.60077165
39.6000457
39.60675432
39.61335035
39.6265539
39.6289908
39.64468938
39.66917263
39.68069947
39.68355338
39.6777103
39.70465798
39.73393621
39.72628758
39.72735286
39.71645294
39.71104396
39.69710736
39.69156479
39.68926661
39.69926049
39.73074192
39.73700245
39.74204899
39.78453489
39.82368989
39.85020933
39.86830828
39.88843063
39.89154792
39.89742116
39.90410617
39.91222002
39.92222947
39.9365025
39.94153389
39.94900115
39.97824721
39.98031533
39.97763628
40.00110524
40.02827169
40.0355405
40.05375128
40.08965008
40.11656198
40.15636047
40.19210786
40.24084329
40.28436075
40.34344993
40.40573155
40.47584963
40.56294239
40.63843886
40.68884881
40.71658056
40.73507356
40.73507356
40.73507356
40.73507356
40.74771495
40.74708492
40.74646553
40.74721274
40.7663335
40.78609656
40.7940301
40.83136813
40.87906274
40.91754205
40.92958176
40.9458955
40.95294821
40.94422326
40.9246255
40.9263536
40.93384589
40.94689531
40.94940974
40.94670277
40.94922452
40.94486825
40.9385365
40.93945055
40.94987888
40.94969848
40.96270272
40.99424543
41.06037847
41.07535189
41.09998633
41.11731336
41.13831733
41.1485214
41.17426131
41.18083398
41.18295367
41.21495204
41.25068708
41.27539012
41.30562278
41.35666709
41.3972665
41.4018632
41.40339601
41.4248249
41.44262912
41.43376379
41.42728886
41.41981416
41.42684697
41.4446294
41.46326922
41.48043847
41.49727874
41.51719364
41.54711872
41.56457977
41.5817289
41.60637373
41.59766985
41.59628797
41.5906626
41.57053284
41.54698076
41.54222935
41.5277911
41.50638324
41.4955868
41.48950697
41.47596977
41.47038733
41.46681646
41.471806
41.4705453
41.46602989
41.46641452
41.45774263
41.48242095
41.51187816
41.5336359
41.54775989
41.5424133
41.53787108
41.52495553
41.53492724
41.55294038
41.5700002
41.6189233
41.65568681
41.6996544
41.74708388
41.80028977
41.88682576
41.95023338
41.96449212
41.96436297
41.97735801
41.98337325
41.98706046
41.98218177
41.98646591
41.99316269
41.99139136
42.00477649
42.03996881
42.0659119
42.08827726
42.12666226
42.18164647
42.21318659
42.24617542
42.26462101
42.2770983
42.30038149
42.30125707
42.28016277
42.27908796
42.27582357
42.27734726
42.28766817
42.31324505
42.35365074
42.38983239
42.40094231
42.40475625
42.42667206
42.44078581
42.44080124
42.40461459
42.38944199
42.37223181
42.36821194
42.34947631
42.33341354
42.34296249
42.33294851
42.33977832
42.34357258
42.37861112
42.40999395
42.4135104
42.40769363
42.40287243
42.39666557
42.38593803
42.38479927
42.37491299
42.36829077
42.3617107
42.37477818
42.39245513
42.41015958
42.40674164
42.4244976
42.5008963
42.60444833
42.70220931
42.77887422
42.81340964
42.82545331
42.82545331
42.83908515
42.87540416
42.91173118
42.93140564
42.96775734
43.00417763
43.04961902
43.08155393
43.09993286
43.10468196
43.12310754
43.13716327
43.14679368
43.16541677
43.16020743
43.14373778
43.13207813
43.11162247
43.09566731
43.10358451
43.11625703
43.10986565
43.09926207
43.079588
43.06964178
43.07719495
43.08071162
43.07411421
43.06593013
43.06242054
43.06112172
43.07143404
43.07137497
43.07190225
43.06120694
43.05928386
43.06633431
43.07113893
43.07949194
43.10106316
43.10383758
43.10666796
43.10428948
43.10557838
43.0885382
43.07167643
43.08260359
43.10850743
43.11748215
43.12498222
43.13503372
43.15281367
43.18015792
43.21689498
43.2790524
43.32607622
43.37115834
43.42302485
43.45170394
43.48300532
43.50476265
43.52155886
43.51665827
43.51603713
43.5427023
43.56900976
43.62556658
43.70458814
43.78466251
43.84474934
43.88907688
43.92333139
43.93838145
43.94188834
43.97085142
44.01231186
44.05226614
44.05568524
44.04395825
44.03197931
44.00060697
43.95123183
43.92117216
43.9095259
43.89710039
43.89437113
43.89659548
43.89682523
43.88252819
43.84914126
43.84769049
43.8518489
43.87198492
43.89614862
43.90089616
43.90937916
43.90330215
43.91084474
43.88953454
43.8647716
43.86797487
43.89760254
43.90368185
43.89921069
43.91953498
43.95071106
43.9441336
43.9330183
43.93858883
43.95017034
43.93319762
43.93191636
43.94222247
43.95034494
43.950328
43.95032599
43.96622034
43.97959051
43.98930404
43.9870308
43.98944343
43.98776659
43.99957018
44.01357895
44.02089544
44.02819032
44.01957602
44.03195825
44.03804315
44.04283003
44.05703765
44.07131548
44.09608283
44.10377731
44.09149052
44.09548884
44.07624198
44.03393605
44.00238302
43.98678033
43.96340013
43.96094227
43.97680232
43.97720432
43.97790388
43.9996381
44.01326301
44.00316908
43.99053931
44.01434366
44.00785161
44.00848591
44.02001952
44.03831482
44.03813539
44.01232539
43.97791355
43.94367642
43.93015074
43.8931206
43.86801413
43.87854694
43.89095745
43.89000999
43.88710498
43.8911987
43.87815632
43.86426504
43.86342741
43.87040285
43.86521
43.86345649
43.89093092
43.88950092
43.86979682
43.82939581
43.79320861
43.76740768
43.73709291
43.70104797
43.69417095
43.6832694
43.67536319
43.66037391
43.63594292
43.64118909
43.64513595
43.64137579
43.64708922
43.64978528
43.64412245
43.641535
43.63664393
43.60625694
43.58846931
43.59154599
43.56032507
43.50128892
43.4444639
43.40307006
43.36189851
43.32764488
43.30963861
43.30514095
43.30064485
43.28716592
43.28414347
43.27517454
43.21784984
43.14589574
43.07930948
43.00735277
42.92255304
42.85322204
42.80250253
42.7303145
42.6675604
42.63303969
42.63179852
42.62520264
42.61872193
42.61446694
42.60596185
42.59942806
42.59490389
42.5946098
42.539639
42.47002275
42.44701812
42.4097709
42.33465003
42.24940675
42.21071404
42.18678618
42.12055232
42.06123513
42.05211714
42.03650165
42.02546209
41.99382763
41.97791088
41.92315476
41.8473109
41.74315726
41.70364065
41.67671267
41.6406372
41.60626975
41.61850119
41.63141896
41.62594019
41.57831995
41.56580455
41.53279942
41.48431411
41.46378029
41.42843615
41.36481474
41.2598793
41.15688685
41.05935519
40.87841987
40.65869145
40.36490432
39.89947294
39.40387729
38.94080629
38.37056318
37.89179836
37.52296901
37.23209522
36.95188737
36.55591246
36.0695646
35.38364697
34.72678206
34.2663102
34.08654108
34.09688436
34.28017181
34.58767416
34.86399439
35.18791121
35.45123577
35.6157091
35.68135741
35.67769958
35.72936777
35.75848944
35.77301047
35.78905828
35.80074334
35.79757006
35.7392939
35.68388714
35.62067815
35.63672044
35.70821483
35.83468746
35.99033926
36.18251685
36.33467171
36.42594553
36.52382513
36.6778833
36.81402781
37.00084836
37.19510586
37.41665967
37.64441257
37.87127944
38.12663568
38.36224916
38.56952022
38.72877508
38.84718586
38.94345209
39.01815376
39.05889179
39.09391671
39.12008548
39.13006956
39.14326521
39.19255922
39.23030887
39.2360993
39.24189235
39.25761813
39.29098757
39.27410049
39.21404174
39.15150347
39.04740664
38.96002469
38.88515106
38.82696356
38.76038931
38.70288865
38.63397042
38.61001692
38.59325384
38.60157514
38.60633392
38.64233211
38.71528801
38.80582167
38.88562771
38.94223958
38.9834015
39.04173859
39.07037564
39.1210606
39.19611643
39.27144437
39.30727971
39.28719779
39.27097744
39.26811506
39.32925531
39.34527657
39.32954081
39.27947499
39.23029946
39.14511222
39.08435992
39.08935329
39.14366955
39.18966134
39.2111718
39.19429241
39.09784881
38.942367
38.80718036
38.75121917
38.77667489
38.90648459
39.12019484
39.31841613
39.54671932
39.77595452
39.98489076
40.1086004
40.21588272
40.27228234
40.26865147
40.2287379
40.18792686
40.11396844
40.04108096
39.99323283
39.98183842
39.98183842
39.945412
39.89083914
39.847189
39.77802974
39.69389456
39.64321529
39.59592803
39.53269541
39.51983591
39.51838887
39.4858498
39.42040076
39.35286662
39.31853398
39.29055605
39.26694693
39.27996367
39.27201324
39.25934195
39.26186442
39.27440327
39.28663694
39.29309484
39.29494658
39.29031851
39.28391295
39.25760312
39.24975077
39.23176098
39.22926448
39.25348287
39.28318234
39.31678921
39.35941814
39.40702385
39.43564175
39.43015021
39.42610338
39.42575294
39.43921587
39.4780751
39.48652838
39.48056015
39.48475885
39.49186367
39.48430046
39.48196745
39.4868687
39.49233457
39.49133627
39.48613846
39.48510976
39.4748645
39.47467005
39.46034762
39.4499811
39.43855959
39.44461901
39.46198622
39.46043197
39.45399162
39.45074335
39.43570526
39.40078917
39.36394024
39.3490849
39.32927873
39.33944699
39.33463209
39.31480745
39.30000591
39.29237103
39.29396814
39.28467001
39.28041733
39.30168157
39.31117603
39.30598389
39.31806885
39.30466768
39.29996137
39.30196401
39.30338506
39.29248282
39.27294973
39.25313945
39.24926806
39.23566862
39.20860462
39.18822558
39.20715933
39.20199342
39.19892634
39.23193542
39.23496849
39.21958374
39.19742088
39.20498253
39.23695052
39.25955894
39.27771663
39.29849661
39.32360872
39.32401269
39.33218878
39.34037203
39.35144885
39.35220417
39.36244114
39.38500179
39.42411403
39.45374923
39.45389243
39.46424367
39.46154133
39.43806298
39.42890977
39.41936784
39.42245499
39.40553708
39.41155711
39.42355727
39.43041234
39.43772166
39.43557879
39.44252587
39.43778434
39.43986899
39.4303869
39.42609291
39.41661329
39.40713446
39.40792607
39.40056367
39.3942692
39.38657281
39.36605213
39.33725774
39.30899245
39.2896428
39.27974573
39.25627994
39.23339529
39.20738537
39.21072813
39.20721712
39.21723696
39.23194639
39.23472091
39.25392374
39.28212211
39.29835109
39.30649286
39.30356004
39.2897119
39.28073218
39.28426434
39.28996712
39.28385991
39.2659784
39.25250229
39.23509327
39.20934714
39.20004333
39.19539174
39.18548243
39.17986313
39.16655826
39.16911799
39.17048979
39.18422941
39.21444709
39.22922235
39.25221976
39.26825135
39.29203926
39.2903418
39.3035203
39.3350369
39.34075857
39.33932395
39.33700825
39.35274807
39.36707358
39.38747264
39.40725962
39.42245039
39.43787165
39.46108885
39.49256682
39.51418043
39.51012336
39.51230795
39.52589383
39.52581807
39.5098243
39.50979847
39.53256998
39.54856642
39.5692735
39.59774772
39.62340133
39.65588329
39.7017133
39.75533168
39.77881271
39.79651659
39.80342066
39.79241939
39.78810223
39.7928196
39.79989875
39.81235002
39.83909668
39.86836461
39.89273665
39.90052277
39.90629109
39.90700572
39.8995753
39.90612405
39.91688216
39.92588015
39.94610657
39.95540492
39.97749694
40.00732624
40.02063659
40.02436575
40.02698156
40.0282053
40.05077935
40.05580116
40.06928899
40.09672278
40.10383015
40.12383825
40.13886104
40.15640571
40.16596236
40.16507917
40.17163293
40.21946023
40.27481719
40.31325896
40.3644784
40.39026677
40.42909802
40.46024389
40.47854232
40.48388415
40.48656264
40.49185104
40.50496991
40.52584619
40.53901079
40.55614717
40.55911315
40.57087653
40.6014956
40.62843366
40.67249455
40.74503009
40.81586049
40.84117038
40.84045252
40.85625682
40.8769324
40.90172958
40.95853099
41.01337189
41.05111537
41.09584778
41.12711604
41.16140172
41.17857872
41.17615423
41.20899999
41.25543628
41.26698061
41.25830341
41.27560055
41.27275813
41.26874064
41.26974175
41.29749168
41.33191948
41.37986927
41.41253385
41.42626645
41.43662001
41.44696186
41.45957538
41.46766064
41.48695346
41.52183221
41.5397383
41.545588
41.54414431
41.53308674
41.53701361
41.52956617
41.52538166
41.51375965
41.50910511
41.51331265
41.53205131
41.54079667
41.54295901
41.53582363
41.53941003
41.53992777
41.54125927
41.5269939
41.52067523
41.51953702
41.54644609
41.56894573
41.60048157
41.62270229
41.64488466
41.65793068
41.6683835
41.69299085
41.72991191
41.75306076
41.78559125
41.82460917
41.86645899
41.89902936
41.93998826
41.97727062
41.99591644
42.01922804
42.06586568
42.08919171
42.0985546
42.09391978
42.08935333
42.07549176
42.07557053
42.07569749
42.08326999
42.08799273
42.07421771
42.05595098
42.04643361
42.04541147
42.06012108
42.05769617
42.05339803
42.0447342
42.05012471
42.05275449
42.03924601
42.02588518
42.01769638
42.03703804
42.04383276
42.04813564
42.06820184
42.08853984
42.09077547
42.0983532
42.12931408
42.16812475
42.19195888
42.21579758
42.25871877
42.27428201
42.2851168
42.2920197
42.29056172
42.27576797
42.2656614
42.25989288
42.24463376
42.25255053
42.24663397
42.26198134
42.27290219
42.2859088
42.30934326
42.34730366
42.39290892
42.43433718
42.47446007
42.51807891
42.53401219
42.5651927
42.60123732
42.63035239
42.6393899
42.6477707
42.66653738
42.6950316
42.74168403
42.82105519
42.88609468
42.92165348
42.95959921
43.01361078
43.04605427
43.06825145
43.09466909
43.12356463
43.12717545
43.13456961
43.15008631
43.1580678
43.16386667
43.18486643
43.18911235
43.18970642
43.19409811
43.2433609
43.30130048
43.31968823
43.32364266
43.34595245
43.36479054
43.36968922
43.37314552
43.40350094
43.43873308
43.44135145
43.44701727
43.43831322
43.41382236
43.40878829
43.41806585
43.39678218
43.37822227
43.38300534
43.38780116
43.39560623
43.38226387
43.38905674
43.37441564
43.36913399
43.38647425
43.41147521
43.40891457
43.39566706
43.39626731
43.40649594
43.41688478
43.41552787
43.41670512
43.41213778
43.41256713
43.4105713
43.40659273
43.39674402
43.37790667
43.36226914
43.33617194
43.29215621
43.2438125
43.21628288
43.18909708
43.15883674
43.12855316
43.1063837
43.09828916
43.07693071
43.06744803
43.07256181
43.07256181
43.07056908
43.05675137
43.05083805
43.04732603
43.04652569
43.0505516
43.05461101
43.04888673
43.04366159
43.05297582
43.05205363
43.03574466
43.01712911
43.01064842
42.9990371
42.97816123
42.972292
42.96957292
42.96769252
42.94870271
42.94184778
42.92126608
42.88523149
42.86015114
42.83966629
42.82829962
42.80559588
42.78043805
42.77541342
42.76547717
42.74522573
42.69306623
42.64685237
42.60519211
42.5672457
42.5384256
42.49883129
42.45435129
42.40556532
42.36633254
42.35776315
42.35125355
42.33824532
42.31876062
42.31099818
42.30667808
42.30697705
42.30156262
42.29170394
42.2680643
42.18768727
42.10568622
42.05940835
42.02533183
41.98877227
41.94279308
41.91286996
41.8718124
41.84045639
41.82266173
41.7856886
41.75605761
41.73619641
41.71006042
41.67870208
41.6525742
41.64734906
41.65153487
41.64665264
41.64665264
41.64665264
41.62398177
41.5574349
41.44664174
41.26675031
40.99630896
40.67016449
40.29650109
39.91509329
39.58282593
39.24558296
38.9247009
40.58097412
