42.03826283
42.14769769
42.24739336
42.34732771
42.44541077
42.52720853
42.57094715
42.62262171
42.69754365
42.78849234
42.87884844
42.96004652
43.04824836
43.097483
43.16316478
43.25089619
43.37114621
43.47283151
43.52497183
43.55460868
43.62957895
43.6656255
43.69909311
43.72491527
43.75292534
43.79696198
43.83481224
43.84863097
43.85443792
43.86024495
43.86443472
43.87740754
43.87818342
43.87896183
43.88052617
43.89011687
43.89731953
43.91175241
43.90699865
43.90147227
43.90455009
43.90204794
43.89940777
43.89822165
43.88781645
43.8827086
43.87936171
43.87936171
43.8786288
43.87597925
43.87508994
43.87737679
43.87300199
43.86690307
43.85331542
43.84937028
43.82020539
43.80622659
43.78635839
43.77906552
43.75702567
43.72480155
43.72982489
43.72982489
43.7313738
43.7313738
43.72827643
43.72672842
43.72363375
43.7220871
43.71744984
43.71075439
43.71745064
43.71855491
43.72738422
43.71290903
43.69901271
43.68072019
43.66744554
43.65014524
43.63652185
43.62103919
43.61653945
43.62071303
43.62071303
43.61916946
43.61454595
43.61982522
43.61497611
43.60696682
43.60005322
43.58994289
43.56840101
43.54415469
43.51176282
43.48560418
43.46412936
43.44992666
43.43582738
43.43442511
43.43442511
43.42309988
43.40899106
43.40771075
43.39238894
43.38141785
43.3720197
43.35157558
43.33126048
43.32085684
43.30069033
43.2893095
43.26380809
43.25348621
43.25418489
43.24332764
43.24260093
43.24058846
43.22917463
43.20991318
43.20973293
43.20648346
43.17898759
43.17140745
43.15623757
43.14151922
43.1088483
43.08494217
43.06218597
43.04982205
43.03991576
43.03220412
43.03448407
43.03785249
43.05458045
43.04689884
43.04706749
43.02304907
43.00044762
42.99351626
42.98429744
42.98168493
42.97564991
42.96659019
42.96225355
42.9682832
42.95885741
42.95381616
42.93796499
42.94267891
42.93217402
42.91357965
42.89317508
42.88051225
42.85387546
42.84064319
42.80875903
42.79221709
42.79468778
42.76958271
42.75489827
42.74138103
42.72026757
42.71343981
42.69994277
42.69059724
42.68591535
42.66121621
42.65738528
42.65282905
42.6228605
42.62174063
42.60988559
42.59008795
42.57904666
42.56934552
42.55300019
42.53734732
42.51703352
42.50623364
42.49485928
42.47486033
42.45693783
42.43243547
42.40572689
42.38197598
42.38618433
42.40226202
42.38882787
42.38184858
42.39055173
42.39925081
42.42332697
42.43839564
42.45529844
42.45664983
42.4308536
42.4042053
42.39354259
42.42931041
42.46983999
42.50569679
42.55231838
42.58154753
42.56490824
42.56374481
42.56239583
42.55719236
42.55084041
42.55008089
42.54932633
42.54820383
42.54746172
42.5567464
42.5805204
42.59357274
42.60113009
42.60390832
42.62677446
42.66422932
42.70082747
42.68177293
42.64833257
42.63022039
42.62379315
42.64281827
42.6572217
42.6567314
42.64977205
42.6657806
42.70514795
42.70978599
42.68268579
42.67532217
42.69797738
42.71031837
42.69844152
42.67233524
42.67354536
42.67354536
42.67354536
42.67354536
42.67354536
42.67354536
42.67354536
42.67354536
42.67354536
42.67354536
42.67489408
42.67759297
42.68434866
42.68604312
42.67489221
42.67624922
42.67624922
42.67489215
42.67489221
42.67489221
42.66746282
42.66199734
42.64098019
42.61993095
42.59897966
42.58326433
42.58284113
42.57274455
42.57763344
42.5673137
42.54673192
42.51741521
42.50322349
42.48782687
42.47269666
42.45419994
42.4321713
42.43505605
42.44789805
42.45566871
42.45977973
42.46526787
42.46577615
42.4563201
42.45048269
42.45462232
42.46153137
42.45216486
42.4538717
42.45355571
42.42543635
42.39207677
42.37946247
42.36703497
42.3560923
42.34819477
42.3465301
42.35298897
42.39034523
42.40276917
42.39030001
42.3797053
42.36897367
42.35543211
42.34658992
42.34098779
42.33324163
42.33693521
42.35230924
42.3545755
42.3597009
42.36482645
42.36389086
42.35808273
42.33967481
42.32784356
42.31914998
42.30589193
42.29755022
42.27437864
42.26156956
42.23427145
42.20254531
42.1819863
42.157901
42.10295936
42.08116979
42.07662353
42.07662353
42.07662353
42.07701813
42.06401006
42.06103061
42.05715548
42.04591775
42.02070761
41.99680921
41.94825791
41.9118536
41.89967755
41.9485245
41.99940583
42.02248286
42.03896759
42.06873871
42.08600059
42.07702454
42.07331452
42.07013442
42.06223063
42.06542011
42.08420382
42.08941027
42.09500532
42.04714205
42.02121403
42.02514808
42.0253536
42.01352665
42.02263743
42.05521577
42.05181711
42.04458252
42.03528086
42.0171973
41.98642035
41.92578912
41.88406403
41.86728221
41.88535502
41.90037311
41.91844029
41.96177127
41.97987984
41.97815792
42.00276639
42.06058757
42.09627046
42.08916646
42.06437394
42.05034417
42.06242311
42.06172105
42.03266942
42.01914392
42.02133433
42.00128217
41.99694663
42.00618853
42.04777353
42.08128058
42.1093097
42.13105765
42.15464525
42.1505174
42.14397824
42.15101377
42.1841327
42.2283061
42.23380991
42.22573459
42.22838325
42.2513104
42.24933906
42.2447219
42.24676225
42.24556235
42.239919
42.2403513
42.23916076
42.22745548
42.21901346
42.212088
42.19901764
42.19984373
42.19523098
42.18468624
42.1787154
42.17610297
42.18465451
42.16630893
42.1545139
42.15969603
42.17480002
42.16610059
42.15681605
42.15206951
42.14408152
42.13953597
42.11033853
42.0730828
42.04181817
42.0228086
42.01156961
42.01083508
42.01159271
42.02263404
42.05641958
42.09456358
42.12532121
42.12995312
42.12269743
42.12637901
42.13517334
42.14108381
42.12848132
42.10393058
42.08854917
42.07371461
42.06139917
42.04480405
42.03560566
42.02952906
42.03504844
42.02710401
42.03084426
42.0431565
42.06598598
42.07157296
42.07734836
42.06414142
42.0385961
42.02185017
42.01034416
41.99066703
41.97138763
41.97016957
41.98320776
41.99253389
41.99390324
42.00511779
42.0060162
42.00457708
41.99470899
41.98487112
41.97461512
41.96251807
41.93970975
41.9249838
41.91033967
41.90457288
41.90534645
41.9024512
41.89959384
41.89013585
41.89137508
41.88786163
41.88752573
41.89139091
41.89332414
41.89525781
41.90299681
41.91461826
41.93402186
41.95736306
41.98076621
42.00423121
42.01655463
42.036518
42.04339199
42.04638254
42.04546033
42.04979493
42.04738547
42.04100451
42.04498261
42.05692714
42.05814785
42.04705966
42.03818549
42.04804699
42.05777941
42.05362122
42.04689316
42.04436944
42.04176825
42.02896394
42.02044701
42.02425041
42.03217357
42.03599615
42.05018513
42.06860818
42.09124062
42.12434129
42.14931974
42.16404955
42.18506534
42.23462608
42.33228151
42.41194195
42.45461351
42.4769098
42.50478275
42.51593273
42.5077229
42.50919476
42.50919476
42.53707871
42.57054323
42.62919888
42.70335657
42.78898632
42.8829733
42.936887
42.96947972
42.96947972
42.97363728
42.96462437
42.93828156
42.91589403
42.90535993
42.87913923
42.83821531
42.81816787
42.80849865
42.81734318
42.83085473
42.85270153
42.87809606
42.89236961
42.89634439
42.9171918
42.93159042
42.92783273
42.9300637
42.94405897
42.98339127
43.00498775
43.02022809
43.04597444
43.07253849
43.08362363
43.09249884
43.09915938
43.10582347
43.10804563
43.11873868
43.12541054
43.14099199
43.1565927
43.17667898
43.19857899
43.21872378
43.23665685
43.24326651
43.26148151
43.27851859
43.29207294
43.30111695
43.32096968
43.3443972
43.36290341
43.3626893
43.36713365
43.37788572
43.39728501
43.42955866
43.45728157
43.46165955
43.46460299
43.46840316
43.47072455
43.47453457
43.47520002
43.49067119
43.48975774
43.49044016
43.48974295
43.48984144
43.49315755
43.48402531
43.48278395
43.47924351
43.48428155
43.48153837
43.4866636
43.48747441
43.4968716
43.49914825
43.51536143
43.53703574
43.55090262
43.56420892
43.57756255
43.59096345
43.59955244
43.61006159
43.63579817
43.67488609
43.70426397
43.70768298
43.72792763
43.74266734
43.75004215
43.7623408
43.76972443
43.77957436
43.78157522
43.79098029
43.79995451
43.80605032
43.8328679
43.87755624
43.900169
43.92398247
43.96651089
44.00161257
44.03427013
44.04053239
44.03838549
44.03917685
44.04795243
44.0519986
44.05355487
44.07371204
44.08814288
44.09991116
44.09381698
44.10529739
44.11835435
44.11956427
44.12213479
44.12470567
44.1363788
44.15973196
44.17518036
44.20113086
44.22041141
44.24502246
44.28531725
44.33872671
44.38688543
44.41554798
44.43903045
44.46262059
44.47706638
44.49552887
44.50081074
44.50081074
44.50475945
44.51920363
44.53759895
44.5520461
44.55599671
44.55994754
44.57439689
44.5861276
44.58725809
44.59238791
44.58959411
44.58676483
44.59184071
44.58901797
44.586275
44.58886789
44.58901354
44.58941474
44.5888709
44.60607521
44.61699051
44.62238299
44.6333341
44.63477971
44.64145451
44.65388101
44.66153288
44.65679867
44.66759065
44.68728224
44.71767467
44.75047581
44.78769871
44.81386098
44.83327055
44.83724919
44.84001185
44.82742642
44.83378751
44.8264696
44.83878278
44.84333549
44.86328809
44.87325159
44.89070576
44.91041411
44.9075694
44.9075694
44.9115625
44.92246487
44.92310794
44.92083395
44.92521559
44.92338753
44.922296
44.92662359
44.93940657
44.96067456
44.98579022
45.02404707
45.06211522
45.08164698
45.0873188
45.09206994
45.09206994
45.09206994
45.08897929
45.0937209
45.1099295
45.12277973
45.13735561
45.14606042
45.15962776
45.17784741
45.18534913
45.20395538
45.23393795
45.27316333
45.29675862
45.31014136
45.32540452
45.33688234
45.34934333
45.35797468
45.36939287
45.36778822
45.37281064
45.37274948
45.36392294
45.36817192
45.38283394
45.38806078
45.41064082
45.4255485
45.44718938
45.4546705
45.45403253
45.46216187
45.47804742
45.49735151
45.52818953
45.55526905
45.57036987
45.57929968
45.57247152
45.56575658
45.55614624
45.55963275
45.56413829
45.57454401
45.58781552
45.59752585
45.61635238
45.61978087
45.62190205
45.62898741
45.63641464
45.63612771
45.64221558
45.6466481
45.65109219
45.6635805
45.6650935
45.68130979
45.69543821
45.71381743
45.72090471
45.72486111
45.74394242
45.75550597
45.75778551
45.75317655
45.75509086
45.75791528
45.74899328
45.75630635
45.7646568
45.76545965
45.76189113
45.77094029
45.77276511
45.76397507
45.77782503
45.80921931
45.84778879
45.87559633
45.91609298
45.9353656
45.95271695
45.96327461
45.96218404
45.9694385
45.97798718
45.9776413
45.98585367
45.9897971
45.99674012
46.00112992
46.00630266
46.01278682
46.01838525
46.02956471
46.0594593
46.07220295
46.08507949
46.09795774
46.11942529
46.14089759
46.15343268
46.18237213
46.20260905
46.21939006
46.23084786
46.23505521
46.23255825
46.23321865
46.23503567
46.24346643
46.26483193
46.29483929
46.31610499
46.32761289
46.32694606
46.32507965
46.31970519
46.31554471
46.31927333
46.35254594
46.37395001
46.40726005
46.4274485
46.46374727
46.4556769
46.46832234
46.46716101
46.48600616
46.51255615
46.53505988
46.5487916
46.55808848
46.56742385
46.58217287
46.59724999
46.62894339
46.65599519
46.68220598
46.70845963
46.74461168
46.7765184
46.80029008
46.80194792
46.8118061
46.8118061
46.81941615
46.81941615
46.83274778
46.84238877
46.85701127
46.88058339
46.90030921
46.90616822
46.91148387
46.92069606
46.92544875
46.93079026
46.94984619
46.96955553
46.98996974
47.02011855
47.0463033
47.073044
47.10038702
47.1324963
47.15501001
47.17148573
47.17317775
47.18760814
47.18803755
47.1888996
47.19882393
47.21372753
47.22954353
47.24631353
47.26816841
47.28917502
47.30162999
47.31268034
47.31920117
47.32980255
47.34042045
47.35105486
47.35765383
47.37340586
47.38619351
47.40255481
47.40721653
47.41908759
47.43044428
47.4493266
47.4527941
47.44675668
47.45359171
47.45642714
47.4719186
47.47422526
47.48056285
47.49181351
47.49429334
47.51625053
47.52902012
47.52709744
47.52429147
47.52298279
47.52079931
47.52846738
47.52755595
47.53066998
47.54431899
47.56201921
47.576664
47.56509063
47.54950558
47.52602825
47.50759331
47.50468719
47.49630422
47.50071908
47.53231141
47.53608399
47.50718906
47.47991641
47.45500523
47.43398765
47.41685411
47.40131193
47.38187166
47.38204525
47.39089699
47.39671922
47.41037781
47.42188492
47.42950643
47.43970204
47.44466829
47.41237002
47.39492005
47.38808708
47.38807978
47.41096008
47.40722179
47.40016774
47.40812927
47.3933634
47.37956126
47.37788537
47.38200676
47.38160317
47.38928536
47.40548942
47.41621919
47.41784039
47.43255585
47.43481396
47.4249517
47.41116402
47.41388103
47.42665392
47.43724824
47.46049921
47.46907484
47.46656248
47.46283615
47.4647503
47.47352497
47.4831223
47.49698926
47.51211093
47.5242515
47.53944454
47.54706044
47.56087636
47.5660262
47.57188873
47.57867558
47.60836083
47.63012364
47.63798529
47.65586547
47.67553019
47.6989591
47.7209838
47.74899079
47.75208345
47.74838344
47.7454166
47.75040597
47.74649837
47.74961473
47.76180398
47.76811594
47.77062453
47.7891186
47.79755788
47.79390297
47.7768536
47.74462187
47.73129304
47.75267607
47.76111005
47.75870678
47.77935358
47.7992408
47.80483041
47.80618552
47.80754709
47.81822644
47.83611363
47.85834386
47.86766306
47.87416533
47.85107969
47.81232892
47.76795069
47.75263961
47.73794213
47.72530905
47.71416743
47.69301325
47.66764492
47.64108535
47.63458804
47.63003727
47.63575104
47.64435402
47.6388943
47.64458336
47.64034694
47.6189677
47.59057919
47.59452011
47.57024577
47.55347484
47.54168526
47.55244157
47.55365837
47.58718249
47.6023657
47.61676507
47.6199038
47.62585516
47.631863
47.63352039
47.63307807
47.65207475
47.63763842
47.62611551
47.59498412
47.57195457
47.56808357
47.55998495
47.55937667
47.55557464
47.53599808
47.54144665
47.54856723
47.55815832
47.54180154
47.52810915
47.53064198
47.54408559
47.5443271
47.53927695
47.52085578
47.52652816
47.51969388
47.51183761
47.51466984
47.52828356
47.53837009
47.54768446
47.55066935
47.55906595
47.55251849
47.53999697
47.52150775
47.51227818
47.50082896
47.49575963
47.48521533
47.48230296
47.47892284
47.47883071
47.48678989
47.48838411
47.48454978
47.49035016
47.49451629
47.50056718
47.49633069
47.48923906
47.4959912
47.49285466
47.49070616
47.48412665
47.47662642
47.47049197
47.46480249
47.4545163
47.46284407
47.45126706
47.44039383
47.42378772
47.40404967
47.386205
47.36915331
47.36037822
47.37536563
47.38060932
47.37939203
47.36992989
47.37588846
47.39550954
47.40368085
47.42098986
47.43246153
47.42613976
47.40758873
47.40511723
47.40347905
47.4029775
47.40898365
47.41722822
47.41995672
47.41303429
47.3972772
47.38177567
47.38475411
47.39295751
47.40695339
47.42282809
47.42185342
47.42562836
47.42944266
47.42764845
47.41573582
47.42429772
47.42392871
47.43591194
47.44924042
47.43531115
47.41675791
47.40274664
47.39095417
47.3699849
47.35596132
47.33407255
47.31118595
47.29303988
47.28412504
47.2842759
47.28550373
47.2809815
47.2662616
47.25857863
47.25093328
47.23531119
47.21968159
47.2018699
47.19309154
47.16973586
47.15785379
47.159663
47.15361742
47.13972334
47.11798676
47.09853465
47.07342342
47.07567514
47.07091846
47.07276519
47.07548363
47.07684656
47.06810661
47.05937237
47.05772283
47.05474247
47.06451372
47.07125099
47.07149545
47.0810473
47.08994042
47.10195721
47.11847257
47.12212146
47.12289186
47.12926974
47.13648333
47.13434262
47.13434262
47.13942189
47.14959964
47.16940031
47.18723184
47.20157863
47.1951029
47.21069832
47.21995831
47.22372594
47.20819316
47.18695459
47.16785502
47.16001529
47.14496344
47.13161332
47.12467816
47.12916334
47.13778003
47.14458663
47.14283155
47.13351662
47.12478929
47.12494189
47.13047726
47.14595019
47.13344573
47.12448295
47.13265185
47.13774125
47.13928571
47.14083105
47.13882998
47.14392435
47.15211984
47.16343442
47.16230017
47.165953
47.1706453
47.16709549
47.16237552
47.16086807
47.17011053
47.1822813
47.18094417
47.17973658
47.15720553
47.120183
47.09101709
47.0578321
47.04109038
47.0205792
47.00809573
46.99790512
46.96751986
46.95213257
46.93708625
46.92581782
46.91980024
46.91150376
46.90513807
46.89343325
46.88142782
46.86185267
46.86123052
46.86283165
46.85533892
46.85331834
46.83854731
46.80633324
46.79534743
46.7764151
46.7422056
46.72082727
46.72396871
46.71803244
46.7047469
46.68745771
46.68696821
46.68588231
46.6793685
46.67931132
46.67045825
46.67257564
46.68018278
46.68151169
46.68297704
46.67877606
46.67317147
46.67164635
46.67193482
46.66872422
46.66891032
46.66540615
46.66367898
46.65434397
46.65297579
46.65162117
46.64852712
46.63766923
46.61204081
46.59073876
46.58289118
46.58633874
46.56492705
46.53062779
46.49141453
46.45657758
46.43527961
46.41165789
46.36895704
46.33680352
46.31683073
46.31489175
46.31049998
46.31267511
46.30432062
46.29097498
46.27478963
46.26292691
46.24621495
46.2484217
46.23476025
46.22004202
46.19834149
46.1823833
46.17919165
46.16317268
46.12974576
46.11768976
46.10895121
46.07645902
46.04301332
46.00080841
45.9528248
45.91847648
45.89823663
45.87467997
45.85418669
45.80542034
45.7600969
45.72188773
45.69183996
45.65257626
45.63268972
45.61690219
45.61175739
45.61175739
45.61175739
45.61175739
45.61175739
45.61175739
45.61175739
45.60594012
45.60012292
45.59297793
45.59165514
45.57570709
45.55446902
45.54689921
45.53353803
45.52562921
45.50838617
45.47935949
45.4366584
45.35083475
45.26106927
45.22000021
45.176256
45.09331288
45.02934246
45.01003638
45.01399019
44.9907353
44.9384163
44.91542858
44.89430512
44.88849537
44.87871925
44.8631321
44.85732177
44.82674824
44.7729365
44.74388973
44.72248513
44.70505738
44.69343928
44.67323901
44.63590805
44.58694063
44.56949796
44.52083131
44.46418237
44.37227675
44.25212136
44.11439863
44.00462573
43.95659592
43.94840711
43.9499643
43.9339626
43.92225678
43.88503022
43.83226116
43.7739423
43.68348317
43.60730655
43.55870868
43.52955813
43.51189767
43.50443055
43.49090341
43.45507773
43.40336006
43.36046059
43.3295194
43.26325928
43.17681525
43.09330837
43.00287291
42.92586132
42.89399746
42.89930424
42.90921477
42.88028393
42.81085779
42.72108751
42.6193742
42.54545431
42.44634242
42.32469569
42.22387988
42.18359779
42.15413902
42.13057364
42.0952283
42.04221652
42.03094938
41.98012201
41.91539511
41.83303186
41.7369676
41.64638448
41.5198401
41.37770342
41.19200505
41.02349734
40.89021853
40.80026539
40.7559401
40.74377235
40.7329262
40.69994831
40.69248222
40.66904401
40.65655576
40.63443457
40.63999034
40.67433947
40.71702218
40.76639244
40.81289201
40.90194125
41.02020723
41.13886477
41.22847928
41.30007937
41.40053279
41.48069819
41.54719364
41.60485409
41.67528036
41.74214879
41.78823599
41.84058873
41.93560745
42.02816385
42.11519612
42.18547352
42.24033597
42.29233391
42.31060813
42.32182727
42.34287624
42.36392379
42.37514302
42.38636269
42.41583971
42.43548826
42.46917166
42.53513026
42.63239978
42.71013743
42.78611563
42.85083054
42.93425891
42.99144524
43.02771219
43.04287137
43.07845361
43.11354967
43.16271905
43.23476807
43.29644959
43.32413256
43.36847648
43.40718742
43.41083823
43.41083823
43.41876729
43.44335402
43.44335402
43.46421153
43.48720826
43.49549036
43.49119644
43.4899648
43.4899648
43.49837424
43.51157574
43.51275489
43.52416603
43.53605545
43.54410414
43.5554722
43.5662585
43.56863287
43.58257808
43.59375213
43.59406145
43.60967291
43.62546002
43.64615787
43.64558998
43.63658043
43.63716063
43.63401114
43.63632276
43.62607782
43.62465044
43.62330371
43.61875595
43.63152675
43.64429933
43.65582254
43.64656847
43.64407812
43.64461634
43.63416472
43.61408861
43.59587816
43.58403286
43.57840776
43.57131842
43.55570862
43.55578264
43.55367971
43.54820198
43.55681452
43.55016864
43.55238714
43.54765428
43.54922678
43.54919222
43.54857745
43.53263902
43.52109428
43.51405912
43.53338868
43.56278961
43.57050324
43.56784189
43.57298472
43.58056929
43.56428303
43.54378149
43.5484825
43.5483204
43.52531275
43.51775603
43.51801219
43.50437972
43.48396665
43.47249194
43.46922499
43.43104106
43.41414109
43.40796791
43.40706047
43.40706047
43.40706047
43.39630246
43.39987133
43.39449354
43.3926895
43.39626615
43.40447496
43.37990153
43.36764086
43.37624025
43.41098705
43.43917829
43.47394726
43.4901836
43.48010608
43.47027502
43.47867452
43.47499729
43.46149098
43.46336579
43.488892
43.51978253
43.56186206
43.57328328
43.55179499
43.5310565
43.51812049
43.50111066
43.47900832
43.47006233
43.45192141
43.43239285
43.4233506
43.40820375
43.39833961
43.3906672
43.39699754
43.39759757
43.41012664
43.40713251
43.40947503
43.40576682
43.4007963
43.38137579
43.35947469
43.36335211
43.35820166
43.35820166
43.35263005
43.34581001
43.33346162
43.31007958
43.28679363
43.27974879
43.27861707
43.2727407
43.25625129
43.24454738
43.2468196
43.22393386
43.20592387
43.19854845
43.21580728
43.23793638
43.25506476
43.28107666
43.30171525
43.27962715
43.26398787
43.24818186
43.25301704
43.25920778
43.2735063
43.28876626
43.30210499
43.32156333
43.34878872
43.39270346
43.44526692
43.49336466
43.50254001
43.50730767
43.51374922
43.50876096
43.50377284
43.50377284
43.49848915
43.48303275
43.45920528
43.44039586
43.43018656
43.43010481
43.43657036
43.45125493
43.44612762
43.43603691
43.42739432
43.42387093
43.42362476
43.41502981
43.40317648
43.39462054
43.39438695
43.40893347
43.39389643
43.38385403
43.38376059
43.37051736
43.36543537
43.36696823
43.36542843
43.35402768
43.36728449
43.36256988
43.35291691
43.34296192
43.34759762
43.3309275
43.3111733
43.28328453
43.27026825
43.26215551
43.25413471
43.24778792
43.24993381
43.2477004
43.24091927
43.21827687
43.20592244
43.19367672
43.1635772
43.13877788
43.12201975
43.13595157
43.1765823
43.24031916
43.25391516
43.26057931
43.28395724
43.32101867
43.33894273
43.33950115
43.34963042
43.36332284
43.37074408
43.37056832
43.35911697
43.35745724
43.36822084
43.37752978
43.4081397
43.44003365
43.44690503
43.43628134
43.43654914
43.44832033
43.45746485
43.4507486
43.44295757
43.44361217
43.43183313
43.41534279
43.40688654
43.39710795
43.38262567
43.36862048
43.35130442
43.3422029
43.33363226
43.33786691
43.33016954
43.32116952
43.31728953
43.2989246
43.28355496
43.28488952
43.27940489
43.28375349
43.2919381
43.29156845
43.26989362
43.25294992
43.23650826
43.23461749
43.23840286
43.25091845
43.26015105
43.26185709
43.27529935
43.30081048
43.31953639
43.30662459
43.2978429
43.30929042
43.33747355
43.38413101
43.41694257
43.43824609
43.45439822
43.43252031
43.41987319
43.41184303
43.40322978
43.39922214
43.40441841
43.41136037
43.40676026
43.39815917
43.39305643
43.39085562
43.38757354
43.37161603
43.36026856
43.35980361
43.36156231
43.36217484
43.35819873
43.34618993
43.34185025
43.32315363
43.31011481
43.30802223
43.31125713
43.30524129
43.28780587
43.27805265
43.27258277
43.29101864
43.31025047
43.33320295
43.33126667
43.35198354
43.3667445
43.37029858
43.34409299
43.34224536
43.34031104
43.33580364
43.33494669
43.33957393
43.32253504
43.30650491
43.30210817
43.29672797
43.29868811
43.28223746
43.26791789
43.27504481
43.29803568
43.3292062
43.36172202
43.36955366
43.37931955
43.36862672
43.36506236
43.32916952
43.31433618
43.28877578
43.2710488
43.2639456
43.27411971
43.26691421
43.24920483
43.21838512
43.19181496
43.18470496
43.17778353
43.19324242
43.20957678
43.21026244
43.19196043
43.18503382
43.18944201
43.19722781
43.19478651
43.19567947
43.19567947
43.20294634
43.19456064
43.1875511
43.17219511
43.15793636
43.14343742
43.14177448
43.14219994
43.15816965
43.18673452
43.21992504
43.23885226
43.25680528
43.26463619
43.26027085
43.25154074
43.24375141
43.23705963
43.22353573
43.21330473
43.21808082
43.24313117
43.27758102
43.28837678
43.29291634
43.31435611
43.35154124
43.37882191
43.38811193
43.40644638
43.42827062
43.4394934
43.44335638
43.43554166
43.42777781
43.44020803
43.44611947
43.44330925
43.45762085
43.47164998
43.48153787
43.49805127
43.52114771
43.55079032
43.56988784
43.57838606
43.57410545
43.56982505
43.55270544
43.53984396
43.548341
43.56539723
43.5846214
43.58896695
43.60404777
43.61603041
43.63759873
43.63896666
43.64134256
43.65434234
43.66735637
43.66231349
43.66911348
43.68124164
43.7030591
43.70685449
43.70759805
43.70709609
43.7084002
43.7084002
43.70531231
43.70970928
43.70662354
43.70793973
43.71058695
43.71104773
43.71238727
43.70931487
43.71152312
43.70673477
43.71473117
43.71303699
43.70829649
43.71245979
43.71585229
43.72298175
43.71747081
43.71883195
43.72614531
43.7285895
43.7400776
43.76211976
43.78878547
43.81390779
43.82926378
43.8453006
43.86135619
43.86502476
43.86482349
43.86928667
43.87963317
43.88829245
43.89755335
43.90682033
43.91609339
43.92537253
43.92479921
43.929443
43.93408835
43.93817031
43.94691406
43.94813426
43.9459502
43.96409883
43.98177092
44.0018563
44.01682125
44.03139484
44.04044017
44.04921363
44.05341934
44.05300962
44.05273795
44.0553635
44.06085454
44.06742273
44.07192414
44.0691822
44.07159891
44.08034474
44.09151811
44.1075474
44.11936615
44.12362881
44.12491249
44.13626257
44.14716578
44.15191645
44.17025402
44.20218897
44.23334969
44.26890709
44.31163557
44.34387207
44.35611301
44.36334404
44.3732565
44.38244545
44.3900281
44.39509651
44.40524252
44.40779578
44.41797196
44.43322935
44.45359241
44.46636681
44.48342204
44.50641319
44.52700479
44.54012436
44.56001458
44.56814427
44.58042769
44.58067067
44.58159347
44.59597829
44.60628824
44.60655692
44.60942218
44.61215409
44.61504158
44.61810246
44.62280597
44.62089841
44.61400412
44.62760468
44.63668811
44.65615023
44.6689209
44.68631544
44.69967042
44.70244037
44.71691671
44.74260908
44.76313096
44.77461852
44.79613692
44.83073696
44.84934626
44.85493338
44.85493338
44.85493338
44.86039545
44.87358863
44.89076241
44.90267493
44.91464337
44.92090249
44.93414443
44.93628096
44.94286823
44.95744417
44.96662999
44.97510581
44.97510581
44.96801355
44.98022583
44.98201217
44.98949182
45.00760687
45.02785175
45.06069499
45.06973281
45.07590593
45.08761714
45.08686134
45.09062159
45.11023706
45.13949214
45.16248846
45.17722764
45.18007133
45.1773452
45.16940847
45.17372207
45.18975137
45.20464338
45.2211671
45.24074995
45.25410383
45.25356159
45.25504259
45.2608602
45.27101803
45.27494947
45.27610508
45.2797232
45.30544794
45.33201058
45.35950143
45.37894483
45.390747
45.39259743
45.38791334
45.38966709
45.41135238
45.42332479
45.43097741
45.44767205
45.45970612
45.46741406
45.4667632
45.46925478
45.46368677
45.46376583
45.45953924
45.48148911
45.49850866
45.53240231
45.56334576
45.57590969
45.59289205
45.5929294
45.59103189
45.59540687
45.6115484
45.62595124
45.63548225
45.65470673
45.67563213
45.66790294
45.66621389
45.66226271
45.65757253
45.6513192
45.64194948
45.64119737
45.64923615
45.66168089
45.66661426
45.65947295
45.6580611
45.65052796
45.64745076
45.65356935
45.68527275
45.71739666
45.7419223
45.75873578
45.77548632
45.78638877
45.79171924
45.80506641
45.81731212
45.83103908
45.83129632
45.83157146
45.84095209
45.85488172
45.86263822
45.85858814
45.85442081
45.8549212
45.85698769
45.88461763
45.89457451
45.91628621
45.9304675
45.93999025
45.94483507
45.94334579
45.94475476
45.941713
45.94503238
45.95149265
45.96853448
45.97832432
46.00161024
46.01164597
46.03480298
46.06689476
46.09506188
46.14131849
46.15701649
46.17091402
46.19043568
46.19940813
46.20842702
46.23214346
46.23780951
46.25240191
46.27648502
46.28828649
46.31401093
46.3260487
46.35171069
46.3636321
46.37956623
46.37385635
46.36750023
46.36157389
46.37351404
46.38552443
46.39335822
46.38347968
46.37791875
46.38089584
46.40128262
46.39502181
46.38880095
46.39573589
46.39802604
46.39659699
46.37885464
46.37108869
46.36448058
46.35599802
46.33138436
46.32353216
46.31987029
46.33583476
46.3484032
46.35035215
46.3652755
46.36424069
46.36225595
46.3598364
46.36827476
46.36766798
46.36958293
46.40500683
46.4327538
46.45745568
46.44801287
46.45601576
46.4590525
46.47017973
46.46805942
46.47512773
46.48009892
46.48705685
46.48724721
46.47976007
46.4661384
46.47684669
46.49275773
46.51517118
46.53278982
46.54120068
46.54682397
46.55815394
46.55734982
46.58852241
46.60766032
46.62524681
46.63600687
46.65044341
46.64789066
46.62463659
46.60541526
46.61987615
46.62216635
46.63250961
46.6393114
46.64855394
46.67908972
46.68395758
46.70288306
46.7095942
46.70830222
46.70822237
46.69432153
46.68768506
46.69397612
46.69688326
46.70752803
46.73828321
46.75965009
46.77818795
46.76951378
46.75927682
46.74946401
46.77173498
46.79629747
46.80065372
46.79779957
46.7910128
46.7870779
46.7870779
46.77887963
46.7725381
46.78153226
46.79876368
46.79951901
46.79518774
46.80227458
46.8304031
46.81528696
46.80043363
46.79709338
46.79502719
46.7980755
46.79218656
46.78516725
46.78447858
46.78864805
46.79436498
46.79890462
46.80492039
46.80972802
46.81722253
46.81548421
46.80961696
46.82173987
46.83851824
46.83347958
46.82708081
46.8248429
46.81384276
46.81064144
46.81788311
46.82282965
46.82902399
46.83756402
46.86031173
46.86511559
46.86731067
46.85123732
46.8439849
46.82761985
46.79829403
46.76672397
46.76661432
46.77720087
46.7749742
46.76373801
46.76297343
46.7560667
46.75331593
46.74426807
46.72078073
46.6987178
46.67299474
46.63655845
46.59110326
46.53793439
46.51182428
46.48672744
46.49912067
46.50162666
46.49252857
46.50318819
46.50466408
46.50143399
46.48224104
46.44849933
46.42755071
46.41345132
46.41153891
46.41206311
46.41311895
46.39962078
46.41128552
46.42721317
46.43676769
46.42801653
46.40643248
46.37449696
46.35216258
46.33463716
46.32968832
46.31698768
46.30433237
46.30475349
46.28420727
46.27081839
46.27862222
46.28734193
46.26890311
46.2527013
46.24881681
46.23354477
46.21743599
46.19904742
46.18078815
46.14796493
46.12651188
46.11679642
46.12082976
46.12262482
46.1274032
46.1274032
46.13289278
46.13160041
46.1257959
46.12902383
46.1416187
46.13441964
46.12169705
46.08818806
46.04968306
46.01400707
45.97309023
45.93035333
45.89161632
45.8514022
45.80936996
45.76484072
45.72646901
45.69458611
45.67337818
45.66490562
45.66278843
45.66663914
45.6641417
45.66935365
45.67383643
45.6857134
45.68192403
45.65046074
45.62326204
45.59612801
45.60210429
45.60089978
45.59399941
45.57952612
45.56919961
45.55742795
45.54772119
45.54359627
45.53741177
45.53670712
45.53410648
45.53154899
45.53272818
45.52581713
45.51344228
45.48931576
45.45143095
45.41682425
45.3922875
45.37621212
45.37247875
45.35348201
45.32448791
45.29888638
45.27531382
45.26751877
45.27546915
45.27554013
45.26611931
45.26626393
45.27044255
45.27265108
45.25818353
45.25199516
45.24364478
45.24451038
45.24129002
45.22828586
45.223159
45.22012466
45.19618601
45.17357603
45.15467124
45.15164138
45.14895295
45.13940966
45.11739005
45.10806182
45.09886643
45.05899048
45.00540227
44.95644217
44.92788187
44.9151473
44.88333986
44.85235052
44.84820158
44.84638358
44.83911573
44.83410412
44.83948897
44.84263995
44.84535204
44.84626543
44.84642978
44.84104035
44.83490674
44.82170684
44.80554223
44.78435096
44.78173588
44.77170455
44.76963438
44.75296216
44.74259974
44.72267254
44.70369613
44.69447685
44.68916915
44.6782057
44.681881
44.67334251
44.6672277
44.66635951
44.64859036
44.6346508
44.6196786
44.59121004
44.57043953
44.53804177
44.51320688
44.48810207
44.45871871
44.42228376
44.37441141
44.33101188
44.30116779
44.28434146
44.24594095
44.21145113
44.19044143
44.18487682
44.16818362
44.12237561
44.07067719
44.03010873
43.99511276
43.94247697
43.89155326
43.87254855
43.82227855
43.74968106
43.68218291
43.65263198
43.60419991
43.54100928
43.49730867
43.49834842
43.47538197
43.45779264
43.45513254
43.45947919
43.44405396
43.41959919
43.3901767
43.36746584
43.32416951
43.2892763
43.26763566
43.26416143
43.24288009
43.2055119
43.19119647
43.19109675
43.15889188
43.12669572
43.11650675
43.12864741
43.117844
43.08744989
43.07713349
43.08817991
43.06452433
43.03181791
43.01526572
43.01492534
43.05618814
43.09581199
43.13624589
43.20610988
43.27806555
43.3152182
43.2923253
43.27578799
43.27247594
43.27632024
43.30124993
43.35007331
43.43513491
43.54377969
43.63246968
43.67227437
43.70829722
43.74370693
43.73471036
43.73675825
43.7488279
43.76881297
43.76456018
43.76456018
43.77776282
43.8344268
43.89291951
43.93193782
43.96579811
44.0068482
44.05589797
44.08481861
44.1033131
44.12158582
44.1418182
44.16593182
44.18817166
44.19155796
44.19272163
44.21301354
44.24067432
44.26077909
44.27117166
44.25791538
44.24762066
44.22467995
44.21220258
44.20053136
44.21336249
44.23586254
44.24036309
44.24036309
44.23537529
44.2349025
44.23516562
44.23807681
44.23577854
44.2327544
44.2289909
44.22710978
44.22006656
44.20081818
44.15904132
44.12759064
44.09050426
44.06375121
44.0548357
44.03747023
44.00602775
43.97083724
43.93910356
43.91007875
43.90050105
43.90749292
43.89220086
43.87818162
43.85330655
43.83486015
43.81136846
43.79134522
43.77835502
43.78106571
43.77591161
43.7781341
43.79866498
43.80212753
43.77199578
43.75225035
43.75117685
43.75117685
43.75117685
43.77043584
43.81178834
43.87102654
43.91346962
43.91262278
43.88375
43.8716633
43.85082389
43.83786164
43.81389215
43.80860969
43.81703693
43.80122439
43.78139287
43.78158659
43.75952635
43.74840132
43.74336589
43.74336589
43.74550954
43.75386371
43.75218012
43.75927208
43.75609303
43.75774684
43.73065144
43.70421562
43.69283974
43.67204392
43.66548111
43.64899149
43.6366035
43.60512118
43.5884597
43.57768458
43.56734015
43.56237229
43.55740458
43.55720468
43.55184276
43.55020752
43.55130464
43.54965863
43.54745478
43.55848044
43.55599851
43.54894553
43.56173502
43.572153
43.56743259
43.55647513
43.54194798
43.53717316
43.53611495
43.53686087
43.5327588
43.53351545
43.52383979
43.53550277
43.54228784
43.55208706
43.56078732
43.55077512
43.55797766
43.55849928
43.55533277
43.55136642
43.54658135
43.54668697
43.52929685
43.51843148
43.48427212
43.43092156
43.3623304
43.28899848
43.233517
43.18399314
43.16825521
43.16460742
43.16756583
43.16859155
43.16768036
43.15732379
43.12589792
43.10229093
43.09379557
43.10357514
43.11054129
43.11799507
43.11560142
43.10745773
43.10215924
43.09689391
43.09200773
43.08443001
43.08494291
43.07611384
43.07554758
43.08457248
43.09655044
43.11674055
43.13931446
43.16436754
43.20228879
43.23830641
43.24360849
43.23161541
43.23308522
43.22930826
43.21039722
43.18840595
43.17534583
43.16792317
43.15594888
43.14793248
43.14469912
43.1470227
43.15880081
43.16470814
43.15922759
43.15312165
43.13487449
43.12476141
43.11605258
43.10453255
43.08600392
43.0811409
43.0782682
43.07520474
43.0861596
43.11352458
43.13664729
43.14471616
43.13508152
43.12326807
43.12045376
43.11526164
43.11009572
43.10036573
43.09525406
43.09033181
43.09238105
43.09680717
43.10123487
43.11345495
43.11566939
43.12231511
43.12896442
43.13339927
43.13769176
43.14213176
43.14407784
43.13398055
43.12604757
43.12776677
43.13412871
43.14419236
43.14752036
43.15639667
43.15767006
43.16898808
43.18258266
43.19619139
43.21208608
43.23027496
43.24849155
43.26361981
43.26844224
43.28790732
43.31251043
43.34445081
43.37418076
43.38479109
43.38383847
43.3805819
43.3823015
43.37291537
43.37261806
43.37465572
43.37641052
43.37074211
43.38163938
43.39050343
43.39939941
43.42057326
43.44177808
43.46084037
43.48211222
43.50578378
43.52693067
43.55781761
43.56509124
43.57161749
43.59298692
43.59777145
43.59246709
43.60183488
43.61855875
43.64023301
43.65469941
43.6592707
43.66636906
43.67336753
43.66819471
43.67776185
43.67515292
43.68488816
43.69718403
43.71407997
43.74329003
43.77258158
43.8019545
43.81716083
43.83625441
43.85332221
43.88470199
43.92335728
43.95539715
43.98445297
44.00348846
44.00798968
44.00798968
44.0056541
44.01067302
44.01033096
44.01483277
44.03985338
44.07890059
44.11994778
44.14999378
44.16601608
44.18203917
44.19105035
44.18622365
44.17907844
44.18396972
44.18624553
44.18823519
44.20387888
44.21642947
44.22708958
44.23977086
44.25950979
44.26113845
44.27463272
44.26755968
44.27032017
44.27281743
44.26826178
44.27278083
44.27303977
44.27258753
44.30117155
44.31690111
44.33485724
44.37028142
44.41270957
44.43702438
44.43621087
44.44176328
44.44617495
44.4504488
44.45486723
44.45486723
44.45486723
44.45277164
44.45104922
44.45649876
44.46458578
44.47663814
44.49614965
44.55033727
44.62326464
44.65376047
44.66771249
44.66771249
44.67032636
44.67032636
44.67495346
44.67958073
44.70271969
44.72847454
44.731157
44.73709188
44.73708111
44.74099616
44.73252261
44.75387798
44.77290392
44.80133462
44.83464369
44.84259041
44.84526942
44.83948496
44.84837297
44.84339857
44.86163056
44.8957048
44.92579333
44.94637072
44.94772808
44.94832705
44.94971509
44.95339252
44.9596027
44.97506524
44.99106725
44.97777838
44.94128767
44.90767915
44.87203084
44.85553974
44.86745368
44.88103572
44.89373172
44.9106894
44.92263238
44.94072698
44.9384199
44.9523474
44.96665215
44.9879714
44.99687212
45.01448993
45.02679789
45.02996524
45.05854483
45.07118237
45.09515233
45.09929433
45.11248193
45.13097019
45.13704754
45.15715099
45.1717772
45.19615724
45.23517311
45.27339614
45.33260532
45.38811552
45.41657595
45.43677376
45.45144123
45.44188984
45.43923547
45.44766439
45.46256277
45.47898728
45.50097729
45.51979894
45.53522371
45.53241645
45.52697041
45.52415905
45.52716239
45.52737322
45.51241882
45.48474068
45.4615777
45.46443412
45.45201537
45.4312501
45.41877467
45.40203415
45.41569681
45.42613521
45.44472894
45.43939103
45.42903235
45.41063622
45.38016173
45.34381329
45.31860333
45.31250216
45.30667512
45.32040034
45.34735445
45.34647257
45.31249017
45.28480081
45.27470491
45.24920768
45.2016626
45.17516301
45.15187031
45.14430716
45.15350034
45.18352684
45.19115363
45.19143906
45.18108818
45.16447188
45.14981272
45.13606823
45.10851023
45.08208715
45.05849547
45.04331424
45.03550774
45.03781588
45.03021378
45.0268372
45.04353207
45.04768819
45.03339946
45.02433923
45.01958405
45.01117486
44.99455379
44.97084041
44.95051632
44.95825494
44.97364689
44.98205671
44.98477503
44.97296329
44.95076268
44.92632154
44.90197771
44.8655357
44.84500232
44.8363195
44.82594414
44.80814735
44.78479967
44.77291182
44.77551843
44.78320257
44.76454143
44.76245741
44.76407238
44.76150945
44.7586323
44.74299687
44.72738006
44.70510266
44.68872837
44.67520182
44.66685561
44.63534323
44.60210452
44.57094576
44.55057305
44.51651216
44.47105056
44.42807712
44.39169386
44.36510054
44.33962233
44.33526201
44.34150923
44.33727905
44.33727905
44.33936443
44.34159255
44.3457316
44.34990602
44.35829676
44.35926117
44.34761746
44.33081914
44.31406729
44.31417622
44.3079822
44.29855424
44.2882441
44.28426962
44.27825721
44.25220075
44.23473021
44.22896618
44.20205028
44.17956965
44.17636885
44.1636863
44.13689041
44.11529482
44.10444802
44.09275558
44.0864899
44.08517319
44.08656691
44.07617535
44.06898991
44.05304518
44.05103751
44.03565603
44.02255285
44.01001735
44.00687381
43.98242517
43.9736779
43.96303057
43.95892147
43.94865529
43.91424392
43.88128253
43.8512963
43.81617177
43.78498172
43.76039685
43.75161104
43.73420463
43.72032106
43.68524561
43.66768558
43.64636563
43.61437615
43.57946355
43.55774825
43.54210087
43.52462396
43.50074194
43.47756059
43.47224515
43.45098467
43.43412366
43.43229327
43.43229327
43.42698056
43.40573099
43.38448346
43.33606465
43.2563419
43.20359571
43.18068832
43.10913972
43.02562531
42.93196914
44.62082217
