11.1874
11.1561
11.1332
11.1563
11.1922
11.2462
11.3000
11.3618
11.4032
11.4094
11.4094
11.4133
11.4312
11.4396
11.4396
11.4396
11.4436
11.4356
11.4239
11.4155
11.5275
11.6835
11.8241
11.9366
11.9150
11.8140
11.6525
11.4763
11.4148
11.4342
11.4855
11.4978
11.4806
11.4341
11.3985
11.3952
11.4620
11.5395
11.5963
11.6140
11.6184
11.6184
11.6184
11.6229
11.6229
11.6065
11.6062
11.6195
11.6405
11.6581
11.6891
11.7156
11.7244
11.7124
11.7237
11.7508
11.7825
11.7957
11.7879
11.7559
11.7108
11.6886
11.6843
11.6841
11.6915
11.6829
11.6529
11.5966
11.5389
11.5023
11.5196
11.5387
11.5260
11.5002
11.4789
11.4453
11.3860
11.3000
11.2047
11.0969
11.0044
10.9788
10.9878
11.0179
11.0475
11.0852
11.0741
10.9948
10.8550
10.6850
10.5525
10.5232
10.5759
10.6532
10.7227
10.7405
10.6954
10.5876
10.4423
10.3402
10.3407
10.4058
10.4983
10.5629
10.5664
10.4500
10.2539
10.0248
9.8104
9.6286
9.4583
9.2926
9.1523
9.0458
8.9572
8.8846
8.8136
8.7325
8.6254
8.4737
8.2737
8.0890
7.9458
7.8236
7.7424
7.6990
7.6686
7.6567
7.6199
7.5550
7.4814
7.4023
7.3004
7.2236
7.1241
6.9944
6.8454
6.6765
6.4631
6.2414
6.0347
5.8625
5.7337
5.5973
5.4581
5.3017
5.1265
4.9279
4.7087
4.5022
4.3123
4.1517
4.0429
4.0026
3.9938
3.9938
3.9664
3.9045
3.7819
3.6120
3.3918
3.1624
2.9232
2.6964
2.4767
2.3088
2.1916
2.1227
2.1022
2.0984
2.0832
2.0540
1.9591
1.8008
1.5583
1.2738
0.9747
0.6792
0.4179
0.2151
0.0965
0.0391
0.0150
-0.0003
-0.0335
-0.0884
-0.1774
-0.2868
-0.4065
-0.5329
-0.6800
-0.8592
-1.0499
-1.2562
-1.4791
-1.6790
-1.8546
-2.0123
-2.1498
-2.2814
-2.4191
-2.5765
-2.7392
-2.9156
-3.1024
-3.2861
-3.5086
-3.7230
-3.9404
-4.1775
-4.4231
-4.6816
-4.9475
-5.2042
-5.4428
-5.6835
-5.9242
-6.1743
-6.4446
-6.7598
-7.0765
-7.3607
-7.6157
-7.7967
-7.9019
-7.9527
-7.9818
-8.0090
-8.0235
-8.0289
-8.0416
-8.0852
-8.1432
-8.2410
-8.3552
-8.5020
-8.6379
-8.7792
-8.9237
-9.0787
-9.2624
-9.4481
-9.5973
-9.7014
-9.8051
-9.9500
-10.1203
-10.3250
-10.5572
-10.7942
-11.0117
-11.2188
-11.3775
-11.4982
-11.5710
-11.6315
-11.6915
-11.7871
-11.9386
-12.1228
-12.3536
-12.6171
-12.8973
-13.1522
-13.3800
-13.5680
-13.7252
-13.8519
-13.9615
-14.0709
-14.1722
-14.3050
-14.4815
-14.6792
-14.8924
-15.1176
-15.3160
-15.4365
-15.5065
-15.5163
-15.5461
-15.5931
-15.6404
-15.6912
-15.7689
-15.8806
-16.0061
-16.1528
-16.3156
-16.5003
-16.6660
-16.7796
-16.8274
-16.8422
-16.8522
-16.8789
-16.9255
-16.9890
-17.0586
-17.1286
-17.2320
-17.3409
-17.4340
-17.5292
-17.5948
-17.6415
-17.6878
-17.7478
-17.8184
-17.9006
-17.9819
-18.0600
-18.1464
-18.2402
-18.3381
-18.4242
-18.5271
-18.6450
-18.7812
-18.9435
-19.0824
-19.2038
-19.2960
-19.3759
-19.4588
-19.5476
-19.6240
-19.6719
-19.6975
-19.7102
-19.7353
-19.7640
-19.7991
-19.8532
-19.9167
-20.0024
-20.0910
-20.1890
-20.2804
-20.3500
-20.4037
-20.4354
-20.4515
-20.4641
-20.4673
-20.4709
-20.4840
-20.5099
-20.5362
-20.5658
-20.5985
-20.6280
-20.6636
-20.6996
-20.7419
-20.7808
-20.8292
-20.8716
-20.9081
-20.9592
-21.0253
-21.1064
-21.1931
-21.2763
-21.3502
-21.4150
-21.4826
-21.5528
-21.6107
-21.6776
-21.7208
-21.7337
-21.7227
-21.7172
-21.7059
-21.7121
-21.7272
-21.7425
-21.7432
-21.7239
-21.6663
-21.5765
-21.4955
-21.4522
-21.4557
-21.4653
-21.4783
-21.4796
-21.4456
-21.4082
-21.3591
-21.3157
-21.2838
-21.2842
-21.2879
-21.3035
-21.3134
-21.3261
-21.3359
-21.3550
-21.3536
-21.3496
-21.3224
-21.3011
-21.2362
-21.1568
-21.0887
-21.0411
-21.0314
-21.0478
-21.0701
-21.0892
-21.0682
-21.0272
-20.9717
-20.9281
-20.8931
-20.8635
-20.8426
-20.7897
-20.6960
-20.5644
-20.4211
-20.2952
-20.2039
-20.1650
-20.1814
-20.2186
-20.2561
-20.2536
-20.2340
-20.2033
-20.1876
-20.2032
-20.2408
-20.2891
-20.2728
-20.1987
-20.1018
-20.0189
-19.9704
-19.9591
-19.9449
-19.9221
-19.8880
-19.8453
-19.7883
-19.7317
-19.6663
-19.5984
-19.5134
-19.4199
-19.3096
-19.2050
-19.0948
-18.9788
-18.8487
-18.7076
-18.5208
-18.3286
-18.1046
-17.9071
-17.7485
-17.6666
-17.6556
-17.6558
-17.6472
-17.5822
-17.4866
-17.3628
-17.2251
-17.0766
-16.9430
-16.8419
-16.7733
-16.6914
-16.5779
-16.4384
-16.2644
-16.0977
-15.9445
-15.8100
-15.6949
-15.5752
-15.4509
-15.3213
-15.1842
-15.0303
-14.8659
-14.6826
-14.4881
-14.2748
-14.0707
-13.9111
-13.8306
-13.7872
-13.7345
-13.6491
-13.5438
-13.4134
-13.2777
-13.1200
-12.9341
-12.7483
-12.5784
-12.4201
-12.2555
-12.1057
-11.9256
-11.6995
-11.4442
-11.1880
-10.9351
-10.7395
-10.5993
-10.4990
-10.4123
-10.3069
-10.1611
-9.9723
-9.7252
-9.4449
-9.1218
-8.7621
-8.3980
-8.0391
-7.7570
-7.5530
-7.4453
-7.4007
-7.3909
-7.3611
-7.2882
-7.1724
-7.0253
-6.8568
-6.6884
-6.5102
-6.3864
-6.2939
-6.2211
-6.1401
-6.0658
-5.9833
-5.9043
-5.7924
-5.6428
-5.4899
-5.3284
-5.1686
-4.9905
-4.7941
-4.5520
-4.2753
-3.9860
-3.7133
-3.5343
-3.4193
-3.3662
-3.3533
-3.3348
-3.2822
-3.1885
-3.0533
-2.8957
-2.7288
-2.5587
-2.3819
-2.1753
-1.9400
-1.6853
-1.4131
-1.1580
-0.9318
-0.7428
-0.5478
-0.3331
-0.1392
0.0341
0.1669
0.2484
0.2669
0.2959
0.3758
0.4928
0.6651
0.8583
1.0565
1.2713
1.4981
1.7491
1.9745
2.1824
2.3691
2.5253
2.6706
2.8023
2.9248
3.0563
3.1734
3.2807
3.3628
3.4486
3.5496
3.6596
3.7777
3.9274
4.1176
4.3171
4.5205
4.7279
4.9450
5.1491
5.3393
5.5083
5.6620
5.8196
5.9848
6.1510
6.3231
6.5033
6.6873
6.8417
6.9659
7.0304
7.0561
7.0671
7.0818
7.1075
7.1573
7.2378
7.3616
7.5075
7.6602
7.8210
7.9917
8.1713
8.3510
8.5526
8.7553
8.9551
9.1251
9.3018
9.4554
9.5980
9.7067
9.7894
9.8758
9.9699
10.0716
10.1884
10.3126
10.4521
10.5881
10.7509
10.9262
11.0868
11.2310
11.3602
11.4742
11.5696
11.6499
11.7279
11.7823
11.8160
11.8540
11.8726
11.8833
11.8980
11.9206
11.9547
11.9884
12.0134
12.0062
12.0024
12.0181
12.0891
12.1999
12.3184
12.4291
12.5079
12.5398
12.5290
12.4912
12.4448
12.4193
12.4108
12.4218
12.4429
12.4561
12.4692
12.4658
12.4459
12.4411
12.4048
12.3680
12.3302
12.3071
12.3079
12.3593
12.4289
12.5037
12.5379
12.5251
12.4639
12.3933
12.3127
12.2807
12.2763
12.3033
12.2775
12.2266
12.1618
12.0824
12.0394
12.0100
11.9986
11.9497
11.9159
11.8823
11.9083
11.9865
12.0691
12.1118
12.0844
11.9954
11.9082
11.8594
11.8951
12.0476
12.2479
12.4697
12.5796
12.5866
12.4667
12.2787
12.0199
11.8382
11.7883
11.8732
12.0436
12.1742
12.2534
