-3.985312
-4.110182
-4.235043
-4.359884
-4.484695
-4.609469
-4.734194
-4.858861
-4.983460
-5.107982
-5.232417
-5.356755
-5.480988
-5.605104
-5.729095
-5.852951
-5.976663
-6.100220
-6.223613
-6.346833
-6.469870
-6.592715
-6.715358
-6.837789
-6.960000
-7.081980
-7.203721
-7.325212
-7.446444
-7.567409
-7.688096
-7.808496
-7.928600
-8.048399
-8.167884
-8.287044
-8.405871
-8.524356
-8.642489
-8.760262
-8.877665
-8.994689
-9.111326
-9.227565
-9.343398
-9.458817
-9.573811
-9.688373
-9.802493
-9.916162
-10.029373
-10.142115
-10.254381
-10.366161
-10.477447
-10.588230
-10.698502
-10.808253
-10.917477
-11.026164
-11.134305
-11.241893
-11.348919
-11.455375
-11.561252
-11.666543
-11.771239
-11.875331
-11.978813
-12.081676
-12.183912
-12.285513
-12.386471
-12.486779
-12.586428
-12.685411
-12.783720
-12.881348
-12.978288
-13.074530
-13.170069
-13.264897
-13.359006
-13.452389
-13.545039
-13.636949
-13.728111
-13.818519
-13.908165
-13.997043
-14.085146
-14.172466
-14.258998
-14.344734
-14.429668
-14.513793
-14.597103
-14.679590
-14.761250
-14.842075
-14.922060
-15.001197
-15.079482
-15.156907
-15.233468
-15.309157
-15.383969
-15.457899
-15.530940
-15.603087
-15.674334
-15.744677
-15.814108
-15.882624
-15.950218
-16.016886
-16.082621
-16.147421
-16.211278
-16.274188
-16.336147
-16.397150
-16.457191
-16.516267
-16.574372
-16.631502
-16.687653
-16.742820
-16.796999
-16.850186
-16.902377
-16.953568
-17.003754
-17.052932
-17.101099
-17.148249
-17.194381
-17.239489
-17.283571
-17.326623
-17.368642
-17.409625
-17.449568
-17.488468
-17.526323
-17.563129
-17.598883
-17.633584
-17.667227
-17.699811
-17.731333
-17.761790
-17.791181
-17.819502
-17.846753
-17.872929
-17.898031
-17.922054
-17.944999
-17.966863
-17.987643
-18.007340
-18.025951
-18.043474
-18.059909
-18.075254
-18.089507
-18.102669
-18.114737
-18.125711
-18.135590
-18.144373
-18.152060
-18.158650
-18.164142
-18.168536
-18.171831
-18.174029
-18.175127
-18.175127
-18.174027
-18.171829
-18.168533
-18.164138
-18.158644
-18.152054
-18.144366
-18.135582
-18.125702
-18.114727
-18.102658
-18.089496
-18.075241
-18.059896
-18.043460
-18.025936
-18.007324
-17.987627
-17.966845
-17.944980
-17.922035
-17.898010
-17.872908
-17.846730
-17.819479
-17.791157
-17.761765
-17.731307
-17.699784
-17.667199
-17.633555
-17.598854
-17.563098
-17.526291
-17.488436
-17.449535
-17.409591
-17.368607
-17.326587
-17.283534
-17.239452
-17.194342
-17.148210
-17.101059
-17.052892
-17.003713
-16.953526
-16.902334
-16.850142
-16.796954
-16.742774
-16.687606
-16.631455
-16.574324
-16.516218
-16.457141
-16.397099
-16.336096
-16.274136
-16.211225
-16.147367
-16.082567
-16.016830
-15.950162
-15.882567
-15.814051
-15.744618
-15.674275
-15.603027
-15.530879
-15.457837
-15.383907
-15.309094
-15.233404
-15.156843
-15.079417
-15.001132
-14.921993
-14.842008
-14.761182
-14.679522
-14.597033
-14.513723
-14.429597
-14.344663
-14.258926
-14.172394
-14.085073
-13.996969
-13.908091
-13.818444
-13.728035
-13.636872
-13.544962
-13.452312
-13.358928
-13.264818
-13.169990
-13.074450
-12.978207
-12.881267
-12.783639
-12.685329
-12.586345
-12.486695
-12.386387
-12.285428
-12.183827
-12.081590
-11.978727
-11.875245
-11.771151
-11.666455
-11.561164
-11.455286
-11.348830
-11.241804
-11.134215
-11.026073
-10.917386
-10.808162
-10.698410
-10.588137
-10.477354
-10.366068
-10.254287
-10.142021
-10.029278
-9.916068
-9.802398
-9.688277
-9.573715
-9.458720
-9.343302
-9.227468
-9.111228
-8.994592
-8.877567
-8.760164
-8.642391
-8.524257
-8.405772
-8.286945
-8.167784
-8.048299
-7.928500
-7.808396
-7.687995
-7.567308
-7.446343
-7.325110
-7.203619
-7.081878
-6.959898
-6.837687
-6.715256
-6.592613
-6.469768
-6.346730
-6.223510
-6.100117
-5.976559
-5.852848
-5.728992
-5.605001
-5.480884
-5.356652
-5.232313
-5.107878
-4.983356
-4.858757
-4.734090
-4.609365
-4.484591
-4.359779
-4.234938
-4.110078
-3.985208
-3.860338
-3.735478
-3.610637
-3.485825
-3.361052
-3.236327
-3.111660
-2.987061
-2.862539
-2.738104
-2.613765
-2.489533
-2.365417
-2.241426
-2.117570
-1.993859
-1.870302
-1.746908
-1.623689
-1.500652
-1.377807
-1.255164
-1.132733
-1.010523
-0.888543
-0.766803
-0.645312
-0.524079
-0.403115
-0.282428
-0.162028
-0.041924
0.077875
0.197359
0.316519
0.435346
0.553830
0.671963
0.789736
0.907139
1.024162
1.140798
1.257037
1.372870
1.488288
1.603282
1.717844
1.831963
1.945633
2.058843
2.171584
2.283850
2.395629
2.506915
2.617697
2.727969
2.837720
2.946943
3.055630
3.163771
3.271358
3.378384
3.484839
3.590716
3.696006
3.800701
3.904793
4.008275
4.111137
4.213372
4.314973
4.415930
4.516237
4.615886
4.714869
4.813178
4.910805
5.007744
5.103986
5.199524
5.294351
5.388460
5.481842
5.574492
5.666401
5.757562
5.847970
5.937615
6.026493
6.114595
6.201914
6.288445
6.374181
6.459114
6.543238
6.626547
6.709034
6.790693
6.871518
6.951502
7.030639
7.108922
7.186347
7.262907
7.338595
7.413407
7.487335
7.560376
7.632522
7.703769
7.774110
7.843541
7.912056
7.979649
8.046316
8.112051
8.176850
8.240706
8.303616
8.365574
8.426576
8.486616
8.545691
8.603795
8.660925
8.717075
8.772241
8.826419
8.879606
8.931796
8.982986
9.033171
9.082348
9.130514
9.177664
9.223794
9.268902
9.312983
9.356034
9.398052
9.439034
9.478976
9.517875
9.555729
9.592534
9.628288
9.662988
9.696630
9.729213
9.760734
9.791191
9.820580
9.848901
9.876150
9.902326
9.927426
9.951449
9.974393
9.996256
10.017036
10.036731
10.055341
10.072864
10.089297
10.104641
10.118894
10.132055
10.144122
10.155095
10.164973
10.173755
10.181441
10.188030
10.193521
10.197914
10.201209
10.203405
10.204503
10.204502
10.203401
10.201202
10.197905
10.193509
10.188015
10.181423
10.173735
10.164950
10.155069
10.144093
10.132023
10.118860
10.104604
10.089258
10.072821
10.055296
10.036683
10.016985
9.996202
9.974337
9.951391
9.927365
9.902262
9.876083
9.848831
9.820508
9.791116
9.760657
9.729133
9.696547
9.662902
9.628200
9.592443
9.555636
9.517779
9.478877
9.438932
9.397948
9.355927
9.312873
9.268790
9.223680
9.177547
9.130395
9.082227
9.033047
8.982859
8.931666
8.879474
8.826285
8.772104
8.716935
8.660783
8.603651
8.545544
8.486467
8.426424
8.365420
8.303460
8.240548
8.176689
8.111888
8.046150
7.979481
7.911885
7.843368
7.773935
7.703592
7.632343
7.560194
7.487151
7.413220
7.338407
7.262716
7.186154
7.108727
7.030441
6.951302
6.871317
6.790490
6.708829
6.626340
6.543028
6.458902
6.373967
6.288230
6.201697
6.114375
6.026271
5.937392
5.847744
5.757335
5.666172
5.574261
5.481609
5.388225
5.294115
5.199286
5.103746
5.007502
4.910561
4.812932
4.714622
4.615637
4.515987
4.415678
4.314719
4.213117
4.110880
4.008016
3.904534
3.800440
3.695743
3.590451
3.484573
3.378116
3.271090
3.163501
3.055358
2.946671
2.837446
2.727693
2.617421
2.506637
2.395350
2.283569
2.171303
2.058560
1.945348
1.831678
1.717557
1.602995
1.488000
1.372581
1.256747
1.140507
1.023870
0.906845
0.789441
0.671668
0.553534
0.435048
0.316221
0.197060
0.077575
-0.042225
-0.162329
-0.282730
-0.403418
-0.524383
-0.645616
-0.767107
-0.888848
-1.010828
-1.133039
-1.255471
-1.378114
-1.500959
-1.623997
-1.747217
-1.870611
-1.994168
-2.117880
-2.241736
-2.365727
-2.489844
-2.614077
-2.738415
-2.862850
-2.987373
-3.111972
-3.236639
-3.361364
-3.486137
-3.610949
-3.735790
-3.860651
-3.985521
-4.110391
-4.235251
-4.360092
-4.484904
-4.609677
-4.734402
-4.859069
-4.983668
-5.108190
-5.232625
-5.356963
-5.481195
-5.605311
-5.729302
-5.853158
-5.976869
-6.100426
-6.223819
-6.347039
-6.470076
-6.592920
-6.715563
-6.837994
-6.960204
-7.082184
-7.203924
-7.325414
-7.446646
-7.567610
-7.688297
-7.808697
-7.928801
-8.048599
-8.168083
-8.287243
-8.406069
-8.524554
-8.642686
-8.760459
-8.877861
-8.994884
-9.111520
-9.227759
-9.343591
-9.459009
-9.574003
-9.688564
-9.802683
-9.916352
-10.029561
-10.142303
-10.254568
-10.366347
-10.477632
-10.588414
-10.698685
-10.808436
-10.917659
-11.026345
-11.134485
-11.242072
-11.349097
-11.455552
-11.561429
-11.666718
-11.771413
-11.875505
-11.978985
-12.081847
-12.184082
-12.285682
-12.386639
-12.486945
-12.586594
-12.685576
-12.783884
-12.881511
-12.978449
-13.074691
-13.170228
-13.265055
-13.359163
-13.452544
-13.545193
-13.637102
-13.728263
-13.818669
-13.908314
-13.997191
-14.085292
-14.172612
-14.259142
-14.344877
-14.429809
-14.513933
-14.597241
-14.679727
-14.761386
-14.842210
-14.922193
-15.001329
-15.079612
-15.157036
-15.233595
-15.309282
-15.384093
-15.458021
-15.531061
-15.603207
-15.674453
-15.744793
-15.814223
-15.882737
-15.950330
-16.016996
-16.082730
-16.147528
-16.211384
-16.274293
-16.336250
-16.397251
-16.457291
-16.516364
-16.574468
-16.631596
-16.687746
-16.742911
-16.797089
-16.850274
-16.902464
-16.953652
-17.003837
-17.053014
-17.101178
-17.148327
-17.194457
-17.239563
-17.283644
-17.326694
-17.368711
-17.409692
-17.449633
-17.488532
-17.526385
-17.563189
-17.598942
-17.633641
-17.667282
-17.699865
-17.731385
-17.761840
-17.791229
-17.819549
-17.846797
-17.872972
-17.898072
-17.922094
-17.945036
-17.966898
-17.987677
-18.007372
-18.025981
-18.043502
-18.059935
-18.075278
-18.089530
-18.102690
-18.114756
-18.125728
-18.135605
-18.144387
-18.152072
-18.158660
-18.164150
-18.168542
-18.171836
-18.174031
-18.175128
-18.175126
-18.174025
-18.171825
-18.168526
-18.164129
-18.158634
-18.152042
-18.144352
-18.135567
-18.125685
-18.114708
-18.102637
-18.089473
-18.075216
-18.059869
-18.043432
-18.025905
-18.007292
-17.987593
-17.966809
-17.944943
-17.921996
-17.897969
-17.872865
-17.846686
-17.819433
-17.791109
-17.761715
-17.731255
-17.699731
-17.667144
-17.633498
-17.598795
-17.563038
-17.526229
-17.488372
-17.449469
-17.409523
-17.368538
-17.326516
-17.283462
-17.239377
-17.194266
-17.148132
-17.100979
-17.052811
-17.003630
-16.953441
-16.902248
-16.850054
-16.796865
-16.742683
-16.687513
-16.631360
-16.574227
-16.516120
-16.457042
-16.396998
-16.335993
-16.274032
-16.211119
-16.147260
-16.082458
-16.016720
-15.950050
-15.882453
-15.813935
-15.744501
-15.674157
-15.602907
-15.530758
-15.457715
-15.383783
-15.308968
-15.233277
-15.156715
-15.079287
-15.001000
-14.921861
-14.841874
-14.761047
-14.679385
-14.596895
-14.513583
-14.429456
-14.344520
-14.258782
-14.172249
-14.084926
-13.996822
-13.907942
-13.818294
-13.727884
-13.636720
-13.544808
-13.452156
-13.358771
-13.264660
-13.169831
-13.074290
-12.978046
-12.881105
-12.783475
-12.685164
-12.586179
-12.486528
-12.386219
-12.285259
-12.183657
-12.081419
-11.978555
-11.875071
-11.770977
-11.666280
-11.560988
-11.455109
-11.348652
-11.241625
-11.134035
-11.025892
-10.917204
-10.807979
-10.698226
-10.587953
-10.477168
-10.365881
-10.254100
-10.141833
-10.029090
-9.915878
-9.802208
-9.688086
-9.573524
-9.458528
-9.343109
-9.227274
-9.111034
-8.994397
-8.877372
-8.759968
-8.642194
-8.524060
-8.405574
-8.286746
-8.167585
-8.048100
-7.928300
-7.808195
-7.687794
-7.567106
-7.446141
-7.324908
-7.203416
-7.081675
-6.959694
-6.837483
-6.715051
-6.592408
-6.469562
-6.346525
-6.223304
-6.099911
-5.976353
-5.852641
-5.728785
-5.604794
-5.480677
-5.356444
-5.232105
-5.107670
-4.983148
-4.858548
-4.733881
-4.609156
-4.484383
-4.359571
-4.234730
-4.109870
-3.985000
-3.860130
-3.735269
-3.610428
-3.485617
-3.360843
-3.236119
-3.111452
-2.986853
-2.862331
-2.737896
-2.613558
-2.489326
-2.365210
-2.241219
-2.117363
-1.993652
-1.870096
-1.746703
-1.623483
-1.500446
-1.377602
-1.254960
-1.132529
-1.010319
-0.888339
-0.766599
-0.645109
-0.523877
-0.402913
-0.282227
-0.161827
-0.041724
0.078074
0.197558
0.316717
0.435544
0.554028
0.672160
0.789932
0.907334
1.024357
1.140993
1.257231
1.373063
1.488480
1.603474
1.718035
1.832154
1.945822
2.059031
2.171772
2.284037
2.395815
2.507100
2.617882
2.728152
2.837903
2.947125
3.055811
3.163951
3.271537
3.378562
3.485016
3.590892
3.696181
3.800875
3.904967
4.008447
4.111308
4.213543
4.315142
4.416098
4.516404
4.616052
4.715033
4.813341
4.910968
5.007905
5.104146
5.199683
5.294509
5.388616
5.481998
5.574646
5.666554
5.757714
5.848120
5.937764
6.026640
6.114741
6.202060
6.288589
6.374323
6.459255
6.543378
6.626686
6.709171
6.790829
6.871652
6.951635
7.030770
7.109052
7.186476
7.263034
7.338721
7.413531
