8.1532
8.1219
8.0598
7.9986
7.9134
7.7846
7.5972
7.3848
7.1606
6.9647
6.7851
6.6465
6.5357
6.4712
6.4529
6.4791
6.5534
6.6480
6.7232
6.7539
6.7893
6.8247
6.8744
6.9039
6.9217
6.9018
6.8695
6.8233
6.7924
6.7526
6.6873
6.6073
6.5395
6.4568
6.3666
6.2288
6.0813
5.9867
6.0064
6.1246
6.2486
6.3324
6.3078
6.2410
6.1574
6.0953
6.1103
6.1407
6.1763
6.2213
6.2518
6.2880
6.2775
6.2656
6.2762
6.2869
6.2976
6.3001
6.2829
6.2529
6.2267
6.2260
6.2481
6.2844
6.3129
6.3250
6.3029
6.2293
6.1202
6.0128
5.9316
5.9196
5.9689
6.0383
6.1297
6.2093
6.2687
6.2566
6.1750
6.0249
5.8688
5.6999
5.5545
5.4726
5.4520
5.4807
5.5340
5.5645
5.5110
5.3927
5.1989
4.9818
4.7677
4.6136
4.5292
4.4903
4.4591
4.4270
4.3607
4.2134
4.0031
3.7551
3.4778
3.2347
3.0832
3.0498
3.0737
3.1038
3.0736
2.9711
2.8116
2.6477
2.4647
2.2710
2.1084
2.0065
1.9429
1.9185
1.8846
1.8230
1.6898
1.5396
1.3816
1.2407
1.0944
0.9459
0.7840
0.6083
0.4439
0.3246
0.2499
0.1653
0.0510
-0.1350
-0.3600
-0.6139
-0.9066
-1.1782
-1.4484
-1.6752
-1.8311
-1.8903
-1.8992
-1.9102
-1.9710
-2.0669
-2.1971
-2.3488
-2.5253
-2.7157
-2.8900
-3.0590
-3.2583
-3.4785
-3.6577
-3.7911
-3.9055
-4.0099
-4.0992
-4.2135
-4.3396
-4.4565
-4.5641
-4.6272
-4.6517
-4.6943
-4.8087
-5.0035
-5.2552
-5.5529
-5.8479
-6.1159
-6.3396
-6.5153
-6.6361
-6.7287
-6.8015
-6.8460
-6.9012
-6.9615
-7.0431
-7.1601
-7.3144
-7.4884
-7.6590
-7.8454
-8.0155
-8.1749
-8.3005
-8.4068
-8.5275
-8.6734
-8.8694
-9.0829
-9.2610
-9.4086
-9.5500
-9.7070
-9.8827
-10.0597
-10.2498
-10.3947
-10.5359
-10.6878
-10.8965
-11.0982
-11.3149
-11.5329
-11.7536
-11.9646
-12.1527
-12.3088
-12.4675
-12.6288
-12.7785
-12.8965
-12.9687
-13.0173
-13.0681
-13.1486
-13.2327
-13.3315
-13.4361
-13.5707
-13.7195
-13.8538
-13.9502
-14.0167
-14.0885
-14.1768
-14.2530
-14.2959
-14.3203
-14.3667
-14.4493
-14.5740
-14.7077
-14.8599
-15.0028
-15.1442
-15.2641
-15.3804
-15.5342
-15.7317
-15.9321
-16.0667
-16.1444
-16.2250
-16.2961
-16.3572
-16.3990
-16.4309
-16.4502
-16.4609
-16.4701
-16.4808
-16.5090
-16.5615
-16.6169
-16.6655
-16.7191
-16.7503
-16.7619
-16.7103
-16.6431
-16.5659
-16.4677
-16.3449
-16.2071
-16.0420
-15.8866
-15.7311
-15.6221
-15.5831
-15.5992
-15.6280
-15.6371
-15.5919
-15.4350
-15.1949
-14.9086
-14.6406
-14.4236
-14.3057
-14.3042
-14.3867
-14.5201
-14.5993
-14.5511
-14.3672
-14.0830
-13.7685
-13.5048
-13.3606
-13.3712
-13.4593
-13.5334
-13.5278
-13.4213
-13.3309
-13.2805
-13.2515
-13.2356
-13.2098
-13.2066
-13.2034
-13.2034
-13.2195
-13.2388
-13.2614
-13.2655
-13.2202
-13.1502
-13.1124
-13.1423
-13.1872
-13.2257
-13.2556
-13.2682
-13.2735
-13.2370
-13.1521
-13.0534
-13.0051
-13.0371
-13.1150
-13.1640
-13.1863
-13.1606
-13.1060
-13.0216
-12.9115
-12.8047
-12.7139
-12.6488
-12.6050
-12.5666
-12.5517
-12.5154
-12.4439
-12.3264
-12.1545
-11.9750
-11.8019
-11.6558
-11.5653
-11.4876
-11.3888
-11.2346
-11.0188
-10.8112
-10.5965
-10.3719
-10.1305
-9.9004
-9.7007
-9.5700
-9.4610
-9.3898
-9.2898
-9.1832
-9.0578
-8.9171
-8.7896
-8.6976
-8.6160
-8.5139
-8.3999
-8.2642
-8.1308
-8.0293
-7.9531
-7.8907
-7.8383
-7.7590
-7.6697
-7.5718
-7.4656
-7.3544
-7.2127
-7.0576
-6.8841
-6.6701
-6.3989
-6.0991
-5.7890
-5.5728
-5.4124
-5.3082
-5.2106
-5.1063
-4.9936
-4.8965
-4.8192
-4.7533
-4.6455
-4.5188
-4.3412
-4.0917
-3.7738
-3.4371
-3.1236
-2.8389
-2.5898
-2.3661
-2.2029
-2.1129
-2.0596
-2.0213
-2.0010
-1.9822
-1.9539
-1.8923
-1.8034
-1.6766
-1.5358
-1.3999
-1.2500
-1.0952
-0.9499
-0.7761
-0.5822
-0.3692
-0.2048
-0.0769
0.0192
0.1096
0.1884
0.2903
0.4400
0.6277
0.8176
0.9952
1.1848
1.3896
1.5839
1.7473
1.9289
2.1381
2.3272
2.4785
2.6022
2.6624
2.6809
2.6929
2.7048
2.7358
2.7963
2.8808
2.9613
3.0250
3.0868
3.1615
3.2684
3.3920
3.5598
3.7219
3.8582
3.9522
4.0189
4.0774
4.1525
4.2709
4.4453
4.6345
4.8192
4.9904
5.1407
5.2890
5.4114
5.4944
5.5387
5.5757
5.6024
5.6017
5.6084
5.6074
5.6326
5.6877
5.7317
5.7831
5.8458
5.9272
6.0087
6.0749
6.1486
6.2184
6.2844
6.3593
6.4707
6.6336
6.7940
6.9208
7.0126
7.0683
7.1028
7.1351
7.1450
7.1361
7.1152
7.1111
7.1014
7.0828
7.0762
7.0727
7.0869
7.0966
7.1146
7.1286
7.1296
7.1142
7.1043
7.0979
7.1074
7.1271
7.1568
7.2033
7.2809
7.4285
7.5999
7.7618
7.9234
8.0641
8.1690
8.2352
8.2272
8.1894
8.1328
8.0973
8.0889
8.1008
8.0931
8.0818
8.0416
8.0066
8.0137
8.0786
8.1846
8.2919
8.3103
8.2337
8.1425
8.0858
8.0709
8.0414
7.9649
7.8031
7.5421
7.2909
