-4.246558815
-4.360359341
-4.380016465
-4.306533055
-4.206331966
-4.094158283
-3.927811091
-3.752971899
-3.573786652
-3.418771593
-3.270020885
-3.135693246
-3.05336753
-2.972288409
-2.881578152
-2.760332287
-2.705138382
-2.722490173
-2.739048939
-2.714436631
-2.628567904
-2.594379283
-2.5827601
-2.598500331
-2.600552947
-2.615527485
-2.633802115
-2.643116581
-2.658104193
-2.676567343
-2.704569345
-2.727875507
-2.766436184
-2.831314724
-2.927820478
-3.019744965
-3.138672831
-3.258104178
-3.3418066
-3.369684607
-3.377387624
-3.452259534
-3.602334167
-3.782347129
-3.96036994
-4.108133425
-4.23799103
-4.338401113
-4.408257667
-4.444473651
-4.475318317
-4.560774104
-4.687990507
-4.792387675
-4.879730825
-4.941630545
-4.974227926
-4.962089046
-4.935557219
-4.909093266
-4.927544984
-4.967363213
-4.97353681
-4.99164361
-5.027757153
-5.075933796
-5.16463072
-5.286989346
-5.416447384
-5.569918645
-5.74349256
-5.908348275
-6.046280009
-6.197959045
-6.362621072
-6.502934731
-6.617991042
-6.71272572
-6.74632507
-6.767114483
-6.808182183
-6.851719668
-6.885746391
-6.927796299
-6.959722568
-6.968385059
-7.002087451
-7.055443852
-7.12318095
-7.206147175
-7.311640933
-7.411356974
-7.514014519
-7.642473252
-7.75802613
-7.841141698
-7.938615137
-8.023945067
-8.144543992
-8.303049408
-8.490321853
-8.696590926
-8.892738855
-9.086103515
-9.262186478
-9.383715743
-9.453045002
-9.505260498
-9.538835039
-9.569247994
-9.635119348
-9.751109767
-9.891281476
-10.01719526
-10.11388644
-10.18307487
-10.27918191
-10.4350154
-10.67344814
-10.86606075
-10.98939262
-11.09385188
-11.17652572
-11.25878248
-11.34154057
-11.45821411
-11.56066538
-11.62590605
-11.65611201
-11.66281404
-11.66415429
-11.67995812
-11.75553428
-11.84954221
-11.93112438
-12.02559135
-12.13015802
-12.2550063
-12.34523193
-12.41986077
-12.49579719
-12.59353828
-12.7169069
-12.82993054
-12.94552262
-13.06090855
-13.18514405
-13.3219962
-13.45020237
-13.54675212
-13.65033983
-13.76749561
-13.87401053
-13.9232189
-13.90358052
-13.89707577
-13.94398188
-13.97323376
-13.96870256
-13.94729133
-13.95392859
-13.97999066
-14.0481186
-14.15930147
-14.26897511
-14.36083807
-14.43495768
-14.47046559
-14.47658863
-14.47381687
-14.43693016
-14.39223842
-14.37521921
-14.36169439
-14.34611165
-14.32439167
-14.3130631
-14.29028186
-14.25882312
-14.2136562
-14.16749965
-14.07157612
-13.94485659
-13.81956474
-13.66896309
-13.53618829
-13.45150377
-13.39967427
-13.36799764
-13.37533948
-13.41695968
-13.47643222
-13.51180564
-13.54601241
-13.58223889
-13.62691359
-13.62240145
-13.54682258
-13.4497534
-13.31510342
-13.12301937
-12.94274836
-12.85959667
-12.85330285
-12.91223957
-12.98752614
-13.02383775
-13.02627938
-12.97710684
-12.92799666
-12.89023594
-12.88626279
-12.93237442
-13.01337559
-13.10287044
-13.10461799
-13.01488034
-12.84870298
-12.65505496
-12.45026446
-12.27430577
-12.12589839
-12.02880027
-12.0342724
-12.09459677
-12.16494497
-12.17428856
-12.11870553
-11.97433081
-11.80356712
-11.58803843
-11.34509393
-11.10745226
-10.89226891
-10.71418967
-10.55625006
-10.43667546
-10.31344934
-10.1913677
-10.0704108
-9.934908688
-9.786200342
-9.606039507
-9.419144312
-9.205889662
-8.965395465
-8.746294927
-8.591565444
-8.521609815
-8.514307269
-8.553714612
-8.613679763
-8.690851377
-8.784960918
-8.88114904
-8.929173846
-8.854090364
-8.673418164
-8.446092111
-8.207763957
-8.026588373
-7.931948122
-7.91379467
-7.92145917
-7.929121915
-7.929121915
-7.928114494
-7.883760474
-7.811216422
-7.71456213
-7.579153624
-7.412096069
-7.224497504
-7.056100542
-6.911070376
-6.770972016
-6.613550275
-6.487897711
-6.35375341
-6.166812394
-5.91243184
-5.613759325
-5.291550786
-4.980406829
-4.742427064
-4.560751747
-4.413873292
-4.287682856
-4.175190623
-4.036302958
-3.863372758
-3.630444439
-3.339882716
-3.019395959
-2.699538868
-2.405177118
-2.14485692
-1.914077117
-1.721839894
-1.60647542
-1.570804409
-1.544365042
-1.53137784
-1.496380741
-1.447253845
-1.388759094
-1.337589511
-1.279053838
-1.228017205
-1.164724368
-1.079269654
-0.983885477
-0.891752333
-0.79055368
-0.661434331
-0.472394954
-0.257268541
0.011289776
0.284879734
0.569706804
0.847191389
1.137624127
1.428680278
1.679792809
1.89866474
2.057045991
2.185635259
2.297993462
2.397757739
2.457248098
2.525992282
2.654190366
2.825429821
3.017870728
3.188457226
3.357450622
3.545216521
3.710700726
3.864209559
4.042452878
4.249159693
4.468699895
4.719456409
4.946768171
5.116791198
5.225597105
5.27163752
5.278356159
5.278356159
5.278356159
5.291956686
5.326458664
5.378706172
5.44199293
5.518312828
5.612051573
5.707581195
5.788885017
5.86351719
5.924486974
5.979939611
6.042616119
6.116310832
6.221746978
6.335956745
6.449625766
6.566071791
6.680855873
6.800587906
6.929149119
7.051078637
7.133496989
7.209930253
7.2907911
7.390426019
7.545041733
7.675523158
7.795632528
7.897471529
7.978947562
8.048964052
8.111481435
8.157666917
8.193452017
8.233193467
8.277404607
8.343462275
8.444879643
8.558799422
8.665765144
8.774776576
8.887839773
8.996943498
9.119605694
9.243763424
9.347262784
9.461139929
9.589051922
9.724801639
9.85833871
9.957086763
10.02229352
10.05220636
10.06174921
10.06622299
10.08145414
10.11072697
10.17907523
10.28418674
10.34312919
10.35963802
10.35023333
10.33577727
10.3487276
10.39612102
10.45343787
10.49686649
10.53669039
10.58081261
10.57628839
10.53561975
10.47562021
10.42198491
10.3438001
10.26519837
10.19015952
10.14689245
10.10762466
10.07327181
10.04885063
10.03867136
10.02814366
10.0182062
10.01212566
10.02964585
10.05536231
10.077247
10.06254307
9.991774465
9.844702893
9.647215222
9.432293466
9.267319958
9.141005527
9.072036753
9.058635493
9.070911457
9.059763713
9.001842991
8.926279177
8.848214632
8.801217278
8.800998532
8.811699963
8.806398613
8.796707119
8.765710529
8.730164861
8.678766933
8.616428742
8.565179682
8.521743674
8.491527528
8.460907983
8.457456876
8.463825532
8.465451733
8.447409431
8.397417258
8.331126747
8.25607429
8.187974751
8.120167577
8.073928285
8.023015265
7.961582698
7.854029107
7.710117941
7.530732194
7.376415313
7.239166513
7.134146634
7.037091482
6.929218928
6.799536594
6.674689975
6.538514146
6.428944688
6.352974588
6.303737736
6.276963269
6.261426498
6.257130795
6.245889651
6.206534387
6.167828147
6.129107991
6.100963904
6.075263403
6.071646185
6.065576081
6.049354763
6.027499298
5.996396674
5.958305036
5.90600613
5.846015744
5.774710333
5.708773061
5.648452308
5.616615283
5.583176493
5.529398917
5.425601186
5.28346164
5.113045293
4.918673327
4.711579862
4.51076776
4.324033362
4.117731302
3.873814048
3.617263197
3.328969026
3.047115806
2.753617435
2.448690625
2.159150606
1.892755759
1.613900335
1.369099738
1.121683536
0.909119827
0.708040118
0.518514373
0.358241748
0.203664054
0.015163826
-0.166601603
-0.325925214
-0.459477544
-0.567525893
-0.677142439
-0.790475705
-0.932710227
-1.101897153
-1.360089259
-1.65978286
-1.974459648
-2.323162821
-2.70453668
-3.068643778
-3.416996461
-3.70196257
-3.964529739
-4.160957172
-4.353228715
-4.554414934
-4.793767981
-5.015008297
-5.183155481
-5.336368728
-5.47789421
-5.614981623
-5.70774113
-5.797502803
-5.897254386
-5.983783484
-6.051092334
-6.118608233
-6.128189351
-6.128189351
-6.124394224
-6.159722769
-6.210001866
-6.260258876
-6.299161448
-6.333317587
-6.321535808
-6.182030766
-5.928756975
-5.622509365
-5.386354589
-5.208845874
-5.008485027
-4.726999866
-4.509624512
-4.410270218
-4.327476376
-4.163965964
-4.026984857
-3.852026065
-3.54334434
-3.077694489
-2.621458934
-2.179259493
