-6.353884239
-6.489267492
-6.636414171
-6.77927231
-6.877730183
-6.94185668
-6.970824728
-6.962531982
-6.937677242
-6.929379866
-6.954207006
-6.966622567
-6.966622567
-6.962473899
-6.962473899
-7.012150293
-7.059781603
-7.10949695
-7.153015294
-7.196541839
-7.231785605
-7.250449932
-7.269117243
-7.306460809
-7.325137064
-7.366638431
-7.423940194
-7.463368313
-7.475022348
-7.519067912
-7.589270625
-7.669020551
-7.735568073
-7.802941136
-7.851938517
-7.8789092
-7.918021851
-7.958915946
-7.999657489
-8.043190618
-8.103958753
-8.16919534
-8.233958287
-8.313390604
-8.401506428
-8.473859453
-8.543194258
-8.613847298
-8.685353848
-8.723148717
-8.786027729
-8.886246882
-8.981071191
-9.044467122
-9.119203235
-9.178644041
-9.204343048
-9.219220875
-9.25383227
-9.297442998
-9.335237074
-9.373087855
-9.429843227
-9.511296723
-9.5828336
-9.625570803
-9.653001398
-9.679968838
-9.723568822
-9.752363734
-9.797754404
-9.859776306
-9.930727247
-9.989945667
-10.03159438
-10.06610735
-10.08054227
-10.08054227
-10.08054227
-10.11195318
-10.15012061
-10.18105531
-10.20396625
-10.24568026
-10.3212498
-10.40808877
-10.47877321
-10.54267325
-10.61130087
-10.68573807
-10.75780896
-10.83106228
-10.88472131
-10.95437033
-11.03996368
-11.10182925
-11.13409375
-11.1810703
-11.22802948
-11.27849425
-11.3254177
-11.3709125
-11.41595366
-11.46942528
-11.55928431
-11.67608382
-11.8202559
-11.96486262
-12.11047855
-12.24150831
-12.35502657
-12.4529043
-12.51007566
-12.55778406
-12.63318756
-12.72697255
-12.82742762
-12.92355947
-13.01744354
-13.11310765
-13.19426748
-13.23791007
-13.23791034
-13.24177101
-13.2548178
-13.2498984
-13.25269752
-13.27106482
-13.29515572
-13.31949274
-13.38023025
-13.4661772
-13.54616342
-13.59187438
-13.61398138
-13.61692782
-13.61692782
-13.62223237
-13.64453305
-13.66044358
-13.690397
-13.73755089
-13.7640542
-13.79202805
-13.82381768
-13.868152
-13.89167069
-13.90373708
-13.91961762
-13.94570459
-13.96183019
-13.96564307
-13.97474713
-13.98532963
-13.99210027
-14.00797173
-14.02913034
-14.04880463
-14.06614868
-14.0805292
-14.09898236
-14.12087257
-14.17522299
-14.25815476
-14.33023654
-14.39473551
-14.44642589
-14.4803783
-14.49771637
-14.5279074
-14.55579736
-14.58069408
-14.6123542
-14.65077438
-14.69595071
-14.74339204
-14.83837098
-14.92957503
-14.97962095
-15.01120167
-15.04769818
-15.05938601
-15.06581307
-15.07633487
-15.09512047
-15.10939672
-15.11615837
-15.13719214
-15.19736378
-15.26566738
-15.33844258
-15.42701007
-15.53030759
-15.59176637
-15.65066204
-15.68820581
-15.70018812
-15.71065668
-15.72787049
-15.73833647
-15.75100686
-15.76821453
-15.80854042
-15.84816404
-15.88352809
-15.92160939
-15.96241719
-16.00511854
-16.01926116
-16.02448012
-16.0483857
-16.08338708
-16.13221552
-16.19419752
-16.2392857
-16.27698206
-16.30794411
-16.33028421
-16.35758217
-16.40198068
-16.45915368
-16.51199686
-16.56696462
-16.61671732
-16.65368328
-16.66405699
-16.66405699
-16.67417812
-16.70784013
-16.7249195
-16.73162846
-16.74047181
-16.76376043
-16.77046882
-16.77199401
-16.79424926
-16.83356676
-16.86616713
-16.90698537
-16.95813864
-17.01291473
-17.05368321
-17.09291193
-17.14332456
-17.15518229
-17.15670955
-17.16703892
-17.17889444
-17.19438458
-17.21139952
-17.2351005
-17.26548418
-17.3018016
-17.34763164
-17.39859575
-17.43923688
-17.45012163
-17.47033844
-17.48730559
-17.49454433
-17.49607111
-17.50788884
-17.52332306
-17.54028143
-17.55571023
-17.57780498
-17.60961553
-17.65016817
-17.67467661
-17.71519799
-17.74136635
-17.72105423
-17.73481209
-17.81064831
-17.91418176
-17.99039136
-18.07160013
-18.13945633
-18.17767897
-18.17413178
-18.15339697
-18.14690996
-18.13393683
-18.11804653
-18.07622489
-18.06099827
-18.03572942
-18.00821391
-18.03275924
-18.05688158
-18.07170927
-18.08585511
-18.1303863
-18.18932021
-18.23585735
-18.25609157
-18.26772008
-18.27126379
-18.26478583
-18.2224713
-18.18487216
-18.18237877
-18.17827944
-18.195631
-18.21378809
-18.22538922
-18.24858755
-18.28089004
-18.30519366
-18.32072387
-18.36206356
-18.41436885
-18.46219234
-18.47603306
-18.50872004
-18.53538254
-18.55396593
-18.57554826
-18.59013109
-18.60532658
-18.6464612
-18.66862951
-18.6444095
-18.59278504
-18.51220336
-18.3937603
-18.26743646
-18.21077055
-18.20431127
-18.20578966
-18.22021464
-18.2396318
-18.23319126
-18.22028815
-18.20885184
-18.22326567
-18.25263906
-18.28698735
-18.30984786
-18.3197243
-18.33953435
-18.38221674
-18.41641805
-18.44566366
-18.4470675
-18.40031289
-18.33918948
-18.28751145
-18.21499282
-18.16590239
-18.16128469
-18.18681042
-18.23216807
-18.29534217
-18.36632166
-18.41886669
-18.43958106
-18.43948428
-18.42345205
-18.42410073
-18.44332375
-18.49316231
-18.56068854
-18.64208256
-18.7104051
-18.75730751
-18.80333662
-18.8361082
-18.85564562
-18.8688617
-18.89241684
-18.93345756
-18.98708205
-19.03865999
-19.07224287
-19.12317853
-19.15863579
-19.19606708
-19.21226879
-19.18444252
-19.1515857
-19.11312478
-19.04881743
-18.94331979
-18.88445676
-18.86129183
-18.86213578
-18.88738767
-18.93742823
-18.97614593
-18.99889095
-19.03613785
-19.07216961
-19.07150731
-19.05977641
-19.01598281
-18.95704912
-18.87652034
-18.79739987
-18.70399825
-18.64195187
-18.57410689
-18.48832165
-18.42437576
-18.39810809
-18.39137456
-18.38444502
-18.37638805
-18.37132311
-18.38095882
-18.39540942
-18.41397319
-18.43023453
-18.44416324
-18.46889028
-18.45453647
-18.42385581
-18.39524081
-18.35511276
-18.32622043
-18.33837448
-18.3594755
-18.37320068
-18.42450067
-18.46754194
-18.45290623
-18.42088959
-18.40160317
-18.32783098
-18.22196496
-18.14830185
-18.03406495
-17.92258435
-17.83947775
-17.79641471
-17.77946622
-17.8030944
-17.83839827
-17.86545999
-17.87734761
-17.89320298
-17.90231192
-17.8694568
-17.80583402
-17.78001588
-17.74133645
-17.6992299
-17.67243146
-17.66055213
-17.60015337
-17.52095971
-17.46739271
-17.42785236
-17.40229853
-17.3959108
-17.39340732
-17.37173896
-17.31943114
-17.25951954
-17.17536154
-17.08608404
-17.00520867
-16.9532993
-16.92270414
-16.89211426
-16.87427204
-16.85769125
-16.82325558
-16.7569572
-16.67282003
-16.61282103
-16.57062794
-16.52580053
-16.48504519
-16.390493
-16.23949894
-16.05866447
-15.88741211
-15.72270649
-15.60670358
-15.56035277
-15.56580376
-15.57564173
-15.5937293
-15.60089976
-15.6128025
-15.64470476
-15.66820567
-15.68696596
-15.69116596
-15.6602677
-15.57938257
-15.47209271
-15.37749642
-15.2703681
-15.17832013
-15.13074084
-15.0992788
-15.07411452
-15.05374959
-15.04476392
-15.01779602
-14.97629081
-14.90017564
-14.80129214
-14.66119256
-14.48385294
-14.29685648
-14.14217299
-14.02601052
-13.97599602
-13.93761602
-13.90905397
-13.87424773
-13.87146745
-13.84138894
-13.75331981
-13.65393407
-13.55154948
-13.38899906
-13.18541834
-12.96127575
-12.74391568
-12.567919
-12.43312864
-12.38358982
-12.37739881
-12.37739881
-12.37739881
-12.37739881
-12.37739881
-12.37739881
-12.35882761
-12.31294377
-12.26345486
-12.20121676
-12.05515827
-11.84913835
-11.60540194
-11.3861005
-11.20176655
-11.05590674
-10.99344323
-10.98977927
-10.99590496
-11.00203095
-11.00203095
-11.00521641
-11.01158542
-10.9974455
-10.96068479
-10.91047525
-10.87251961
-10.84435994
-10.80641035
-10.75866953
-10.70342438
-10.6018433
-10.45728171
-10.29210695
-10.12456435
-9.965226867
-9.826876753
-9.678415064
-9.534023748
-9.389661952
-9.249482973
-9.107957211
-9.016426621
-8.97399169
-8.931571892
-8.899827609
-8.874141011
-8.858269027
-8.836341154
-8.804599255
-8.762222024
-8.710046599
-8.632213947
-8.515147309
-8.41395668
-8.257648672
-8.095889452
-7.953231985
-7.804572981
-7.657547712
-7.52203431
-7.418275157
-7.328769357
-7.26329722
-7.22536924
-7.238572026
-7.255066389
-7.254771901
-7.24274991
-7.218625317
-7.1764559
-7.086659742
-6.969517381
-6.83049693
-6.711226673
-6.613824874
-6.5326738
-6.482611847
-6.440261423
-6.412514069
-6.374939677
-6.301903438
-6.234835664
-6.165673859
-6.041378585
-5.88191942
-5.709378542
-5.523810806
-5.334396976
-5.108852784
-4.857564958
-4.604471847
-4.365545132
-4.130204614
-3.937712988
-3.783498272
-3.645071518
-3.532518774
-3.481608362
-3.450870241
-3.43774106
-3.431297948
-3.414184113
-3.377127907
-3.319553457
-3.271835156
-3.180984535
-3.042740102
-2.877085179
-2.698166372
-2.505037916
-2.314052419
-2.116559975
-1.930035081
-1.754034575
-1.58372769
-1.441566949
-1.326526336
-1.234686867
-1.16041832
-1.113154841
-1.090435208
-1.080580297
-1.063252624
-1.027913393
-0.976944138
-0.925974148
-0.869234636
-0.777155936
-0.664620956
-0.560667431
-0.480009023
-0.415169711
-0.336193127
-0.252936926
-0.165396437
-0.062083369
0.065071324
0.219120025
0.390868654
0.571397031
0.790161659
1.011463091
1.204772637
1.390565276
1.535991046
1.617981663
1.668035809
1.705206188
1.740697651
1.819876663
1.913259416
2.062468908
2.256300756
2.454336646
2.624510626
2.770257617
2.907981368
3.050997218
3.165844856
3.259028366
3.362807883
3.489866566
3.628640843
3.76361386
3.918310834
4.090933279
4.284097202
4.481636376
4.664951011
4.830963585
4.964604762
5.090872994
5.213364679
5.325947986
5.414938101
5.478101366
5.555010956
5.632459925
5.687405208
5.746613583
5.822769721
5.869945866
5.912336829
5.976238543
6.049383662
6.133497088
6.273903385
6.462811774
6.664170306
6.856671412
7.027068078
7.185483538
7.286542286
7.319098209
7.320594836
7.326548869
7.332955303
7.353593383
7.403784367
7.44564116
7.521502074
7.635800486
7.782144952
7.940185761
8.09018278
8.244044925
8.403752556
8.567476933
8.704691264
8.806048409
8.836542376
8.837898788
8.84106456
8.862987664
8.876432568
8.893885571
8.91043263
8.932842621
8.972292978
9.007684713
9.034992596
9.065801953
9.093903953
9.133158836
9.154149408
9.163971324
9.172894611
9.217536321
9.286282589
9.356788419
9.446481368
9.541945464
9.671347415
9.800754113
9.925667134
10.02067026
10.12140475
10.21924682
10.25648005
10.28550431
10.31328957
10.31941313
10.32513214
10.3467847
10.37253247
10.40849481
10.44364778
10.47880052
10.50003356
10.52697075
10.57921177
10.64044855
10.6910791
10.73602071
10.78173629
10.82214776
10.88177567
10.92708628
10.97239257
11.01280422
11.07811387
11.1573573
11.22267618
11.29705219
11.40117352
11.47548791
11.52071334
11.5711392
11.6023089
11.62369943
11.62970248
11.63152913
11.63716563
11.63826143
11.6506028
11.67201733
11.71680189
11.76646073
11.81714177
11.85353367
11.89869885
11.95227168
12.02609084
12.08978327
12.15380105
12.19791302
12.24202819
12.31620454
12.40407841
12.49855358
12.60225967
12.71153577
12.82015341
12.91863842
12.98308929
13.02299478
13.03994296
13.05229595
13.07382087
13.09379707
13.09482367
13.1004002
13.1013885
13.09292696
13.09609514
13.10416467
13.10220209
13.06884631
13.06599191
13.09207133
13.11782565
13.12983953
13.13206166
13.13333171
13.13491957
13.13198023
13.11537646
13.1000199
13.09773991
13.08418842
13.07547807
13.07160634
13.07321404
13.06483371
13.05194821
13.0448712
13.02717388
13.0143143
13.01176482
13.01826902
13.00033137
12.96788532
12.95035574
12.95605575
12.97177864
12.99166133
13.01641789
13.00240961
12.95873385
12.92120459
12.87921317
12.81564255
12.78812356
12.76888068
12.75444949
12.74963928
12.73033567
12.69750428
12.67895682
12.65491787
12.6312272
12.61234741
12.62222503
12.61887359
12.59380588
12.58008859
12.56128991
12.52731524
12.47964167
12.43269469
12.37065757
12.29832361
12.26075032
12.23168525
12.22246024
12.23634389
12.25961016
12.28811986
12.33161861
12.37927495
12.42278682
12.47002958
12.50725655
12.52605337
12.54103935
12.55637848
12.58528602
12.61454823
12.65286442
12.68213009
12.70651857
12.72602962
12.74066307
12.7310637
12.69746909
12.6642305
12.65620199
12.66549592
12.7038172
12.76096356
12.82404505
12.88782001
12.95998809
13.02249515
13.08055494
13.12406331
13.16791318
13.16336662
13.11025844
13.04234341
12.98959151
12.93616304
12.88343181
12.84543927
12.81224848
12.79308514
12.78315179
12.75955351
12.72638246
12.67406973
12.60705724
12.53491774
12.4631648
12.37523198
12.29798479
12.22037167
12.12804671
12.04089372
11.97841527
11.95055283
11.94083914
11.95522464
11.9841628
11.99905835
12.02294925
12.04672896
12.06061742
12.04629384
12.0216397
11.99855646
11.96514754
11.91186482
11.8697266
11.83169375
11.81787826
11.83155611
11.86973075
11.91228436
11.95142594
11.9560185
11.91759633
11.85958304
11.7920446
11.73894155
11.69604904
11.70608996
11.74836627
11.80521796
11.87081318
11.90919482
11.91053768
11.87555942
11.83499376
11.77411723
11.68377516
11.56870271
11.44373601
11.32503593
11.21539058
11.16525306
11.16035817
11.17064431
11.19465129
11.2033352
11.24614806
11.30314383
11.3559558
11.40429054
11.3898586
11.32050694
11.23772076
11.15106605
11.07351418
11.02946802
11.00997008
11.00044743
11.00582476
10.986329
10.95180891
10.87950473
10.79219203
10.71827877
10.6503566
10.61061312
10.59952822
10.6253168
10.63643685
10.61577349
10.58058048
10.55584916
10.50686436
10.46263307
10.41413372
10.35466874
10.30994152
10.27965619
10.24342945
10.19718739
10.13716918
10.06813781
9.968769632
9.843882189
9.692061676
9.524267464
9.383626686
9.285734329
9.221951299
9.157829397
9.145403769
9.18747063
9.225696227
9.230130276
9.212396343
9.207093369
9.201790047
9.201790047
9.191182355
9.175822313
9.13647162
9.087622033
9.036770228
8.987918411
8.922884643
8.8549048
8.759372925
8.660220191
8.581125066
8.506437398
8.413954722
8.322610667
8.227088087
8.110138193
7.959747426
7.798450557
7.669199887
7.55470348
7.466394392
7.436650036
7.431907032
7.431907032
7.416391283
7.406905851
7.371127315
7.31981933
7.269149272
7.213075163
7.144217048
7.047628116
6.9150537
6.761981552
6.605333688
6.421322613
6.24250291
6.059883795
5.874087811
5.738040539
5.664992816
5.651481484
5.651481484
5.651481484
5.646001177
5.644869889
5.617461149
5.595527932
5.551644897
5.469304813
5.386886386
5.305139887
5.200538338
5.081958315
4.968358647
4.802565575
4.606936483
4.442341909
4.270342539
4.072536948
3.858793859
3.686252542
3.520890499
3.378611151
3.281980317
3.250077801
3.24577344
3.24577344
3.250077801
3.250077801
3.250077801
3.258687682
3.258687682
3.258687682
3.247463936
3.230625735
3.202555185
3.158937955
3.064373919
2.9188223
2.754956452
2.579673825
2.392926876
2.186717963
1.969774471
1.790872077
1.68285967
1.628826531
1.614610389
1.608920696
1.600876226
1.577181885
1.543020538
1.462329384
1.344007816
1.224097792
1.076894973
0.873829657
0.616290157
0.322373671
0.042326142
-0.218875086
-0.44008222
-0.611015689
-0.705021755
-0.733533729
-0.744042881
-0.745079962
-0.747154053
-0.760862664
-0.767718268
-0.768756035
-0.774012217
-0.810981374
-0.866420161
-0.960918797
-1.083342539
-1.219050363
-1.357157256
-1.465939931
-1.559513928
-1.647318146
-1.771944746
-1.908212463
-2.013851996
-2.098092599
-2.211368985
-2.30104404
-2.360662484
-2.396000498
-2.431350633
-2.473720294
-2.522008407
-2.579275762
-2.642472743
-2.695627009
-2.754719254
-2.834003197
-2.907269446
-2.990173241
-3.102781837
-3.254089905
-3.387131632
-3.488768265
-3.614683859
-3.779971028
-3.926953113
-4.077032041
-4.257764181
-4.408387191
-4.537727239
-4.667203095
-4.829172857
-4.966678733
-5.048131464
-5.129145621
-5.210315701
-5.272773999
-5.325121389
-5.379652128
-5.445413814
-5.494521412
-5.531880896
-5.569587759
-5.590928323
-5.59146986
-5.563224322
-5.570694004
-5.596660212
-5.625829348
-5.63241065
-5.634902024
-5.639884398
-5.661229347
-5.690749793
-5.736265232
-5.78051761
-5.79776452
-5.827503076
-5.871474881
-5.894785677
-5.909212328
-5.922788253
-5.954553288
-6.028803312
-6.148469395
-6.310135961
-6.453871722
-6.57313916
-6.681813656
-6.753568328
-6.76425897
-6.731754118
-6.6870174
-6.662594783
-6.623886677
-6.495363306
-6.282469576
-5.990043924
-5.623034898
-5.215374788
-4.76315789
-4.369257746
-4.007569769
-3.68360791
-3.434353898
-3.305902841
-3.289316333
-3.319912842
-3.41984891
-3.56676741
-3.708133308
-3.842029612
-3.859387245
-3.898786044
-3.9859555
-4.092986038
-4.159156935
-4.209441512
-4.258639786
-4.303286411
-4.358176395
-4.394392817
-4.420710898
-4.462202447
-4.546142412
-4.615003106
-4.618179958
-4.585589667
-4.554810569
-4.622733884
-4.712570211
-4.796152732
-4.885149738
-4.978052312
-5.034865649
-5.076271105
-5.129224903
-5.177212344
-5.198123969
-5.19651595
-5.201442771
-5.225120657
-5.20631097
-5.161580525
-5.109425134
-5.023964334
-4.927664009
-4.838950973
-4.742798826
-4.663755249
-4.604933916
-4.586703607
-4.583442233
-4.579093127
-4.572568168
-4.566041652
-4.551895536
-4.536653126
-4.526013425
-4.510864966
-4.489034583
-4.43755776
-4.398043164
-4.358446549
-4.273372048
-4.16584699
-4.043831899
-3.886242212
-3.710807036
-3.551289638
-3.383190351
-3.208303573
-3.064155175
-2.966683268
-2.927600053
-2.923980516
-2.928087161
-2.93366408
-2.930908281
-2.94077046
-2.971820205
-3.020551094
-3.099855952
-3.191375853
-3.293445111
-3.404952564
-3.509386029
-3.601414957
-3.689868259
-3.774822228
-3.841058649
-3.902788426
-3.968607477
-4.019062545
-4.046718442
-4.06775836
-4.082302742
-4.089301585
-4.088581622
-4.111929055
-4.156484963
-4.227593327
-4.289130265
-4.304032494
-4.29234906
-4.289011945
-4.277678901
-4.251332579
-4.251825393
-4.272400034
-4.300653104
-4.311944954
-4.298098799
-4.302449969
-4.292240725
-4.255620311
-4.249518099
-4.247296078
-4.21200556
-4.149700056
-4.118870601
-4.100585937
-4.093386237
-4.08195661
-4.08195661
-4.079746304
-4.069233729
-4.039350457
-3.992328221
-3.965959389
-3.97956381
-4.029798341
-4.085935251
-4.22358056
-4.467202163
-4.822200871
-5.222887796
-5.60224986
-5.859782541
-5.954329599
-5.937043916
-5.805518207
-5.705764274
-5.691067372
-5.800909945
-5.902122881
-5.95607104
-5.978478332
-5.993343147
-6.020770238
-6.069613516
-6.100224183
-6.14311259
-6.171695984
-6.177804126
-6.177804126
-6.177804126
-6.193284607
-6.240186917
-6.257688688
-6.257688688
-6.278448547
-6.320796383
-6.383517325
-6.422260141
-6.472405019
-6.512373084
-6.562566244
-6.645003088
-6.775103276
-6.86473675
-6.924895282
-7.001055305
-7.055276091
-7.083939068
-7.120845475
-7.15160957
-7.193344112
-7.232242757
-7.255642462
-7.265501292
-7.31477056
-7.367758349
-7.429386559
-7.499670009
-7.541612286
-7.546541254
-7.550592714
-7.569103738
-7.618480867
-7.694505254
-7.781446841
-7.847064746
-7.88391638
-7.912186425
-7.948868256
-7.976845154
-8.000686536
-8.041828199
-8.101256137
-8.156128521
-8.208838046
-8.251328839
-8.264078978
-8.271540245
-8.294143106
-8.322943041
-8.337876262
-8.403135386
-8.477938733
-8.548022076
-8.645583301
-8.795674433
-8.959740627
-9.140727295
-9.334958169
-9.506636799
-9.625224178
-9.675180192
-9.7082794
-9.720189821
-9.724167724
-9.717911463
-9.705399906
-9.701558304
-9.685946861
-9.660814721
-9.66028973
-9.695361943
-9.726131139
-9.762417657
-9.788824679
-9.813911721
-9.84725953
-9.930323505
-10.02358636
-10.06180739
-10.10267106
-10.14350853
-10.17377168
-10.21451503
-10.26317219
-10.32492766
-10.37877972
-10.41657546
-10.43334738
-10.43860223
-10.46991689
-10.47618077
-10.47618077
-10.50706768
-10.53928351
-10.56523122
-10.58890951
-10.60991818
-10.61775336
-10.64180841
-10.70638529
-10.73827871
-10.75536971
-10.78429765
-10.81980941
-10.82630262
-10.8712601
-10.9448437
-10.97776951
-10.99495924
-11.00422386
-11.02576364
-11.04236158
-11.06152693
-11.07562412
-11.08879859
-11.10960613
-11.12114298
-11.12773043
-11.15857063
-11.20096485
-11.23694124
-11.24891151
-11.27540637
-11.31897973
-11.38969534
-11.48885807
-11.56879764
-11.62571625
-11.67104965
-11.71797886
-11.75964769
-11.78715211
-11.79896539
-11.81852425
-11.83916917
-11.84188064
-11.84846396
-11.86550043
-11.92464897
-11.94962104
-11.97051745
-12.00707701
-12.09340896
-12.19786617
-12.28080232
-12.34309705
-12.42212771
-12.50090591
-12.55025394
-12.57654687
-12.61050381
-12.64445255
-12.67182417
-12.69284772
-12.7240339
-12.73825297
-12.7269379
-12.73487394
-12.75428497
-12.77397952
-12.77961223
-12.79793129
-12.8020411
-12.81350826
-12.82879173
-12.84925752
-12.87352923
-12.92752198
-12.97691333
-13.00048751
-13.00480658
-13.01135716
-13.01135716
-13.01896569
-13.02286316
-13.01555572
-13.03107846
-13.06559582
-13.10558573
-13.14209278
-13.19375999
-13.23507464
-13.27392251
-13.3174057
-13.36088599
-13.38771046
-13.41109942
-13.45234803
-13.47159386
-13.48981762
-13.52727476
-13.6107251
-13.70675057
-13.82083478
-13.92116237
-14.0181747
-14.07815521
-14.09961433
-14.09961433
-14.09961433
-14.10100148
-14.10986024
-14.10986024
-14.11124748
-14.11124748
-14.11498277
-14.11871762
-14.13685758
-14.16384833
-14.18944462
-14.22153898
-14.26788346
-14.31296183
-14.37940705
-14.46981613
-14.56674557
-14.60614996
-14.63442319
-14.65238552
-14.65238552
-14.65238552
-14.65608922
-14.65608922
-14.64472923
-14.65723145
-14.67203857
-14.68057506
-14.71123043
-14.74604911
-14.76503351
-14.82184596
-14.90872722
-14.99733074
-15.06004027
-15.09828372
-15.12777926
-15.13152066
-15.12338083
-15.14084066
-15.16019436
-15.15957666
-15.19552099
-15.22495027
-15.21862691
-15.2045323
-15.20875729
-15.22951497
-15.26257805
-15.30067549
-15.32149938
-15.3130598
-15.30687293
-15.28786511
-15.30722537
-15.32613282
-15.30577937
-15.29543883
-15.3142859
-15.35358918
-15.33675241
-15.2843427
-15.19732685
-15.12083239
-15.0507506
-14.94251415
-14.84708385
-14.77888077
-14.75480408
-14.72938046
-14.72938046
-14.73574137
-14.71301929
-14.64851949
-14.62984136
-14.64987406
-14.67527655
-14.68661528
-14.72065659
-14.73828297
-14.72411663
-14.67452433
-14.66570747
-14.67688845
-14.67437594
-14.61868905
-14.56383031
-14.53651555
-14.50568496
-14.42744655
-14.34735589
-14.24191077
-14.20949315
-14.23760612
-14.2513685
-14.26254117
-14.27006819
-14.27500676
-14.27500671
-14.27500671
-14.27630075
-14.28382692
-14.3085136
-14.33602085
-14.34239512
-14.35379511
-14.3459877
-14.29799597
-14.26148932
-14.22380214
-14.21440439
-14.20212298
-14.19701988
-14.22901771
-14.27644801
-14.26897405
-14.21405121
-14.10309496
-14.01487972
-13.92672367
-13.87233899
-13.86817934
-13.86931833
-13.84529369
-13.79234889
-13.72445514
-13.63144177
-13.52840309
-13.42664095
-13.3450289
-13.28435434
-13.26345875
-13.26885319
-13.26801188
-13.29325585
-13.32246909
-13.33074965
-13.29177245
-13.21158275
-13.121373
-13.01367408
-12.85346617
-12.72171925
-12.63548671
-12.58580858
-12.53216435
-12.48977852
-12.46256073
-12.43992485
-12.34496046
-12.20198187
-12.07778445
-12.00952879
-11.97851569
-11.97851569
-11.98821247
-11.99054198
-11.9668955
-11.96069349
-11.96651058
-11.96379667
-11.92658299
-11.90178004
-11.88046156
-11.84209188
-11.77759074
-11.71191981
-11.6512967
-11.55233977
-11.46329324
-11.41117815
-11.38987512
-11.37085583
-11.334425
-11.30254225
-11.2633218
-11.21399161
-11.11634099
-10.98017275
-10.82363138
-10.63843771
-10.43647983
-10.25561205
-10.12354925
-9.987584896
-9.905381094
-9.876643929
-9.865994539
-9.851578398
-9.845445032
-9.844371311
-9.823827293
-9.780270322
-9.706169459
-9.604387117
-9.510913799
-9.456479033
-9.429893001
-9.40437905
-9.386045482
-9.352975339
-9.258430752
-9.102438244
-8.891552352
-8.660089909
-8.454214054
-8.348966993
-8.311487279
-8.305413774
-8.305413774
-8.287195171
-8.238626243
-8.182415657
-8.132284427
-8.072627709
-7.982074189
-7.915351995
-7.847450047
-7.744447088
-7.58678388
-7.399533983
-7.190310647
-6.913911226
-6.605969259
-6.315061453
-6.064942846
-5.893349264
-5.813962547
-5.802009637
-5.802009637
-5.802009637
-5.802009637
-5.780158879
-5.758309838
-5.752335562
-5.70567104
-5.638114858
-5.582220429
-5.563084281
-5.488609822
-5.389452996
-5.33982987
-5.290217929
-5.238605948
-5.196915191
-5.16520207
-5.113632952
-5.006627276
-4.855016455
-4.707391316
-4.578564223
-4.463666566
-4.352936301
-4.28973527
-4.266959467
-4.240072845
-4.204185514
-4.168296356
-4.163648657
-4.14626019
-4.102511965
-4.043219352
-4.002563654
-3.992655538
-3.965013446
-3.929377933
-3.877922623
-3.79896893
-3.699188543
-3.563783443
-3.397771983
-3.218264318
-3.020313143
-2.845153295
-2.701308084
-2.605982307
-2.576705365
-2.576705365
-2.576705365
-2.576705365
-2.576705365
-2.576705365
-2.576705365
-2.576705365
-2.576705365
-2.564996916
-2.535288807
-2.509629136
-2.468213833
-2.426799557
-2.389442831
-2.363785011
-2.348032493
-2.348032493
-2.33633902
-2.279182213
-2.170718628
-2.062261009
-1.943898764
-1.788226631
-1.606925961
-1.447203138
-1.289197605
-1.140302416
-0.984122569
-0.852928789
-0.720290026
-0.581213139
-0.486790173
-0.422688445
-0.360920137
-0.338668292
-0.313048504
-0.251886538
-0.175111764
-0.071951578
0.041807812
0.188369966
0.350501584
0.53334008
0.715791301
0.881551064
1.015215113
1.144525289
1.243158672
1.332568843
1.431121326
1.571616926
1.711376337
1.845415893
2.027702225
2.228378283
2.405576831
2.565737483
2.699678117
2.81169031
2.91018851
3.008000765
3.069643771
3.12632791
3.162421088
3.187934747
3.192892294
3.203471991
3.252192416
3.293268146
3.323737255
3.400927704
3.492390977
3.588817996
3.67724741
3.825979063
4.010134386
4.194294445
4.392134601
4.545197811
4.612368794
4.635360242
4.662073884
4.677607999
4.701854156
4.732942397
4.738531658
4.744736627
4.770219658
4.792574924
4.800007889
4.819288379
4.853500277
4.875242548
4.910682396
4.967867009
5.000775013
5.036222012
5.067911776
5.084668507
5.109557781
5.161758143
5.238240455
5.296027634
5.368755444
5.45639085
5.503593237
5.540840728
5.58625068
5.646581744
5.692571516
5.724232191
5.749746348
5.763841207
5.795515364
5.852047355
5.88310947
5.909746783
5.963520997
6.030605791
6.103169611
6.20664225
6.328806329
6.444277087
6.578466635
6.728596205
6.858248229
6.944207757
7.022431782
7.088564198
7.129363921
7.132620479
7.13533495
7.161837331
7.183363623
7.199913171
7.22641075
7.259501864
7.284837362
7.319076795
7.385887076
7.452698169
7.504585109
7.556469683
7.601780537
7.607869362
7.602943269
7.621783513
7.632798586
7.649319816
7.684735125
7.753358698
7.809700619
7.860014225
7.899850009
7.939168349
7.966159332
7.997605765
8.051876049
8.106676719
8.143620968
8.185027604
8.239838572
8.285715512
8.326609131
8.363094664
8.383164449
8.413581572
8.429044699
8.422774647
8.417022712
8.422192892
8.444665731
8.465097678
8.455280135
8.460770292
8.466842109
8.477458613
8.472698822
8.489678558
8.507164456
8.509785107
8.514916484
8.549773475
8.590627635
8.612302566
8.641330284
8.680812534
8.726288486
8.747545621
8.789389524
8.804370518
8.792212649
8.784951977
8.798428713
8.802043438
8.794795991
8.776779951
8.775944149
8.776632723
8.761690998
8.740277567
8.698600305
8.645988996
8.607164163
8.59288005
8.588430399
8.568764511
8.544231405
8.534399095
8.514313588
8.465674631
8.396435241
8.357837327
8.343768335
8.324838045
8.305911707
8.28646029
8.250302161
8.192715598
8.159225553
8.115490011
8.066366913
8.02319261
7.996230127
7.987718927
7.981885822
7.976486855
7.976486855
7.972722911
7.977252428
7.978019246
7.978787306
7.984296945
7.989261158
7.989261158
7.999189757
7.99930185
7.990143106
8.000729904
8.03493746
8.053094678
8.048838829
8.049439872
8.043023867
8.039390442
8.033574111
8.023343213
8.033929023
8.089041676
8.159041377
8.179792997
8.14912337
8.140531597
8.130853089
8.115245542
8.111497639
8.081921243
8.057184173
8.033547151
7.993202486
7.964739288
7.926615454
7.882556641
7.854119126
7.828840033
7.828411594
7.838899276
7.844982639
7.835320476
7.835586092
7.875297097
7.938720165
7.992918351
8.062444417
8.135431495
8.12521865
8.051255572
7.930625714
7.80342776
7.650559288
7.513640653
7.436532737
7.397717774
7.417181923
7.435318877
7.439707231
7.440879859
7.45082899
7.42674427
7.387037574
7.33770169
7.267329205
7.199180191
7.125032772
7.046519275
6.982174534
6.938290293
6.910060906
6.890221666
6.880609737
6.866808883
6.85754881
6.822242415
6.777149736
6.748331855
6.728679141
6.713649338
6.719615402
6.743820029
6.793205989
6.835937775
6.884475321
6.91258794
6.93764875
6.94694771
6.91523241
6.879762386
6.846160027
6.842989524
6.871873278
6.895580624
6.890781285
6.864915246
6.842171235
6.785634946
6.698839315
6.633944381
6.569048944
6.501584455
6.440824698
6.383555245
6.309926938
6.225564735
6.157487246
6.093495697
6.025585235
5.980729058
5.94223426
5.914893488
5.909424292
5.90395475
5.893014624
5.883420846
5.881840064
5.850357809
5.811308027
5.766109101
5.698315304
5.646939998
5.572240919
5.487902843
5.416594208
5.358364982
5.286821497
5.219352845
5.205316965
5.211163793
5.205524692
5.150707107
5.07714234
4.978128242
4.879792328
4.75931797
4.645407266
4.576416945
4.537656866
4.521040222
4.509960732
4.482515537
4.441157515
4.36096877
4.255992983
4.158039699
4.062335211
3.97032636
3.866054457
3.795141183
3.767255208
3.765973231
3.765973231
3.761954682
3.76301287
3.77824112
3.797767101
3.790409593
3.777972412
3.792706691
3.812242347
3.777767837
3.717145875
3.660420044
3.610064483
3.535764508
3.431060727
3.343061086
3.298255091
3.236637796
3.142170663
3.066425692
3.037191566
3.013479003
2.985385001
2.974144995
2.974144995
2.957282406
2.923547949
2.890626781
2.852069131
2.780237182
2.712742425
2.687287584
2.666106314
2.65483364
2.65483364
2.64492278
2.608187618
2.557264534
2.527315853
2.500793224
2.456489185
2.38307744
2.341811084
2.309605428
2.270030231
2.237807752
2.225122694
2.209868846
2.166325358
2.114896692
2.09156062
2.056297261
2.000516087
1.949503913
1.912971489
1.864758311
1.781046865
1.673103471
1.567367436
1.452146647
1.305530256
1.115843709
0.917491944
0.740602613
0.534629281
0.333715668
0.202601978
0.107698705
0.051566516
0.02848471
0.02848471
0.024268144
0.003563939
-0.01617801
-0.021353416
-0.025197991
-0.041317615
-0.088742995
-0.129798329
-0.162066662
-0.191943228
-0.244005583
-0.330837326
-0.435136023
-0.561163682
-0.71998832
-0.906588873
-1.147628195
-1.385862827
-1.556522185
-1.67183979
-1.747638961
-1.761449272
-1.767319636
-1.767319636
-1.767319636
-1.780749013
-1.780749013
-1.780749013
-1.780749013
-1.786620817
-1.813225304
-1.844678539
-1.902803849
-1.997808651
-2.120551106
-2.252394767
-2.359350265
-2.451450383
-2.537065789
-2.62264421
-2.721836117
-2.813781368
-2.892130475
-2.986281027
-3.095092975
-3.205030195
-3.257398558
-3.305966634
-3.341184812
-3.399133333
-3.4847082
-3.558547893
-3.635846191
-3.723185194
-3.821176396
-3.892234874
-3.957294237
-4.029106343
-4.139585893
-4.276407988
-4.448610487
-4.650230163
-4.82420227
-4.952900426
-5.020369366
-5.041553545
-5.045045087
-5.064946193
-5.07431328
-5.08661437
-5.117009876
-5.159690957
-5.19632272
-5.209769114
-5.216200762
-5.230610539
-5.263134265
-5.314965353
-5.393524055
-5.494376441
-5.629676446
-5.802309484
-5.991484845
-6.103816963
-6.197511841
-6.322918472
-6.443158233
-6.496815439
-6.491530449
-6.47852492
-6.428111033
-6.337804309
-6.235947911
-6.137883386
-6.001569832
-5.844192036
-5.715964494
-5.613457762
-5.495198119
-5.345462475
-5.204199773
-5.031889762
-4.888258916
-4.812088909
-4.8222312
-4.855324053
-4.889524754
-4.94497178
-5.033262091
-5.046311577
-4.965088798
-4.824602517
-4.643354233
-4.452058766
-4.321221668
-4.226215363
-4.19988749
-4.191472725
-4.222187969
-4.242744542
-4.254976545
-4.269190002
-4.216762937
-4.146679275
-4.080012477
-4.010042307
-3.907509203
-3.826118486
-3.75492957
-3.689604391
-3.641124615
-3.621762797
-3.611347091
-3.577906962
-3.558956339
-3.552640167
-3.562415156
-3.579515311
-3.59842693
-3.633997457
-3.681572059
-3.689392075
-3.715858491
-3.80495845
-3.889436364
-3.956015119
-3.995913882
-4.043241162
-4.135286693
-4.254304535
-4.373393052
-4.488573508
-4.575244371
-4.61264905
-4.611934566
-4.583074236
-4.502804534
-4.390204356
-4.294429015
-4.21388702
-4.143422792
-4.099804285
-4.075282836
-4.098848654
-4.13745583
-4.197284644
-4.258171216
-4.286385322
-4.305121206
-4.338868829
-4.35424647
-4.32720082
-4.290513009
-4.265064622
-4.234678636
-4.176880166
-4.103817649
-3.993900078
-3.868927554
-3.74635553
-3.620085296
-3.448583999
-3.293393688
-3.183340471
-3.118453858
-3.07674695
-3.064074513
-3.101213376
-3.114523823
-3.108577555
-3.116227912
-3.165546398
-3.23523791
-3.317527548
-3.408122512
-3.492495395
-3.563041053
-3.612454586
-3.617775737
-3.587453763
-3.553693419
-3.555843338
-3.561882076
-3.561882076
-3.564761053
-3.552155389
-3.535052445
-3.502318582
-3.474209724
-3.458360556
-3.475375675
-3.499251464
-3.56300226
-3.634442792
-3.648204235
-3.600016664
-3.545632775
-3.51752145
-3.510028203
-3.517961265
-3.546031627
-3.557646805
-3.550956221
-3.54669107
-3.547859386
-3.538566718
-3.531336848
-3.527204617
-3.555757961
-3.565540448
-3.554148963
-3.546897336
-3.537464527
-3.535392198
-3.536534502
-3.54627383
-3.547504178
-3.537122386
-3.545866779
-3.552188645
-3.561289783
-3.575338228
-3.60390037
-3.620807463
-3.636663645
-3.645155293
-3.651794702
-3.665813254
-3.705883056
-3.750079286
-3.784765427
-3.820479144
-3.855117021
-3.911034558
-3.954803821
-3.996667025
-4.066883011
-4.175667122
-4.271882034
-4.348690055
-4.436424649
-4.517863
-4.58941607
-4.652966855
-4.705974663
-4.736624276
-4.767559462
-4.786306271
-4.791537065
-4.832654791
-4.908752746
-4.984523625
-5.062216779
-5.184535221
-5.316996772
-5.380247623
-5.436484688
-5.515835487
-5.617653735
-5.721439385
-5.825389007
-5.894553782
-5.94951274
-6.005593978
-6.023000475
-6.027076237
-6.056072967
-6.125334957
-6.227376017
-6.300679785
-6.343257127
-6.3704684
-6.422992517
-6.448538962
-6.458096685
-6.478310408
-6.518499918
-6.555852888
-6.586609604
-6.63548685
-6.692563098
-6.776127771
-6.822945453
-6.875888546
-6.918660506
-6.937052303
-6.998227643
-7.102200729
-7.18777564
-7.250902049
-7.290143713
-7.327506699
-7.34665068
-7.351853014
-7.351853014
-7.357998256
-7.362714861
-7.393458801
-7.422306251
-7.441450044
-7.460593329
-7.51189472
-7.534824482
-7.538373127
-7.543104003
-7.547834134
-7.562736303
-7.587120926
-7.658608624
-7.743798693
-7.796305092
-7.835502771
-7.889837495
-7.948155744
-7.999648424
-8.064664356
-8.123292416
-8.179520499
-8.205245276
-8.25569215
-8.328630379
-8.439753427
-8.509439035
-8.546502107
-8.576331228
-8.589084579
-8.603042763
-8.613887677
-8.645417485
-8.699717115
-8.819058219
-8.95499255
-9.016736224
-9.036155639
-9.041313054
-9.041313054
-9.041313054
-9.041313054
-9.05041412
-9.061940458
-9.096815945
-9.139261285
-9.185628875
-9.235911435
-9.289818842
-9.330706155
-9.360080367
-9.392158897
-9.419088217
-9.451152983
-9.503474365
-9.559700269
-9.63294289
-9.692771172
-9.730593277
-9.736952158
-9.745761879
-9.764837281
-9.778778962
-9.772829722
-9.798485871
-9.835620021
-9.886547026
-9.939035889
-10.00953505
-10.11322869
-10.23602685
-10.34469456
-10.42123659
-10.45940627
-10.46583912
-10.44856637
-10.45008864
-10.47294082
-10.5021179
-10.52637457
-10.5018654
-10.49596997
-10.48752732
-10.49147089
-10.49295684
-10.45975927
-10.41524357
-10.37168819
-10.31437949
-10.28726965
-10.301157
-10.32033052
-10.35358006
-10.42225379
-10.48475849
-10.4772315
-10.45215417
-10.42056979
-10.35613659
-10.28659877
-10.28440255
-10.2968924
-10.30193765
-10.29572456
-10.29071069
-10.28188064
-10.23577665
-10.19589084
-10.17582919
-10.16818262
-10.1581487
-10.1756635
-10.17690484
-10.13465486
-10.04366569
-9.960974536
-9.896038557
-9.826403724
-9.773384153
-9.731233307
-9.665100706
-9.592784979
-9.54754146
-9.525117078
-9.503842247
-9.49880162
-9.466296822
-9.395549399
-9.306297057
-9.194695871
-9.078135017
-8.973971092
-8.888804681
-8.808814694
-8.713726833
-8.657177023
-8.636908863
-8.640025685
-8.617416542
-8.562415081
-8.493483088
-8.420186015
-8.329149519
-8.243222275
-8.200689564
-8.176511653
-8.165155292
-8.169923666
-8.160089418
-8.142926587
-8.100128342
-8.030583648
-7.928708053
-7.819805576
-7.6967398
-7.581696308
-7.477912906
-7.399006232
-7.365628158
-7.36772504
-7.36772504
-7.355529389
-7.323266928
-7.287066226
-7.222545224
-7.165919541
-7.10750421
-7.00551153
-6.874135863
-6.724631001
-6.599521354
-6.494551199
-6.399681151
-6.320957639
-6.278590917
-6.236239932
-6.181812811
-6.151586811
-6.121368984
-6.085118381
-6.048879552
-6.026787823
-6.020750019
-6.002638569
-5.974516379
-5.922389375
-5.829149828
-5.691856236
-5.510513901
-5.324205118
-5.169957838
-5.021889776
-4.890003619
-4.796071115
-4.736118788
-4.692167965
-4.656163224
-4.624183863
-4.606241416
-4.570238381
-4.516300191
-4.468344914
-4.440410857
-4.408445752
-4.346454066
-4.282530706
-4.230549534
-4.150657795
-4.040737484
-3.918904787
-3.808999616
-3.699098874
-3.56230056
-3.42178986
-3.304136436
-3.16871564
-3.016549797
-2.877195255
-2.743804251
-2.595400385
-2.481214256
-2.406245961
-2.344028706
-2.286261692
-2.238516778
-2.224374744
-2.190810064
-2.118940425
-2.046169488
-1.971678563
-1.888064611
-1.745036834
-1.570268645
-1.39883716
-1.23413439
-1.0528114
-0.870806828
-0.71817267
-0.596500692
-0.508943249
-0.466453374
-0.454817652
-0.449006842
-0.447384602
-0.434116442
-0.38176358
-0.282773515
-0.188031766
-0.101572324
0.015661663
0.129675594
0.251068007
0.398244444
0.564630095
0.68941742
0.789182489
0.884714507
0.979470509
1.019916362
1.043035113
1.058838993
1.063851362
1.066920882
1.080014418
1.103131187
1.126290587
1.172176339
1.229633316
1.272052751
1.303679573
1.321783929
1.339124379
1.355701626
1.391554955
1.426891986
1.446440396
1.467468137
1.514936591
1.555885158
1.611025162
1.693929198
1.783299991
1.830522184
1.86078496
1.900323261
1.956850758
2.008322449
2.089056909
2.217618503
2.33197209
2.413679148
2.513359343
2.608768955
2.70686511
2.828894941
2.969342787
3.069178785
3.1254667
3.149094012
3.166346395
3.188554328
3.200720269
3.217197914
3.235090531
3.280279654
3.327594803
3.372003684
3.41798896
3.484709401
3.563595896
3.639778869
3.687208147
3.688855852
3.709056874
3.729261059
3.745221759
3.75191061
3.8029173
3.848991652
3.880669387
3.910269982
3.944818292
3.960615304
3.961999267
3.963479189
4.002377567
4.04977339
4.121668063
4.194262413
4.25483646
4.306607766
4.347042994
4.353663615
4.35881316
4.358921263
4.332202782
4.302602329
4.295126433
4.296372486
4.276879463
4.263584004
4.254648294
4.244335764
4.240333903
4.214318586
4.188301769
4.179144161
4.1749132
4.164368316
4.16013859
4.143277195
4.117259452
4.08980974
4.03004068
3.961839378
3.910510081
3.866230541
3.817044801
3.755893754
3.696902493
3.642846121
3.609453267
3.593406824
3.588495268
3.592819661
3.597869207
3.582409241
3.552942875
3.51784347
3.471609659
3.42046814
3.365751038
3.346711871
3.370354948
3.377518738
3.392248075
3.402511445
3.369535651
3.297603995
3.200936144
3.106271942
3.018698575
2.968103068
2.975161684
3.020761366
3.056989127
3.096778533
3.136576431
3.131243727
3.110111069
3.095394243
3.09572469
3.111102733
3.132142219
3.147523673
3.16781076
3.161316121
3.136211687
3.088294666
3.053215992
3.017379063
2.985089842
2.95728172
2.945884073
2.932953745
2.882687432
2.798341957
2.726065477
2.662955446
2.561353669
2.474980299
2.414523412
2.318289326
2.221214799
2.151221906
2.107995315
2.08127015
2.08841148
2.144551525
2.20420036
2.237929906
2.264268577
2.263062609
2.23450462
2.192422098
2.184622511
2.164658173
2.133401881
2.090905514
2.052495587
2.018981884
1.981978066
1.917770023
1.841471094
1.781722421
1.716575707
1.62785054
1.570518477
1.540452452
1.490414384
1.450173245
1.43376446
1.415043056
1.374769271
1.329568553
1.305282329
1.262602141
1.196863914
1.139436457
1.10123636
1.023271017
0.930881069
0.844185712
0.746711614
0.626849497
0.519499493
0.430169287
0.353366501
0.294854381
0.262690868
0.240348608
0.228726829
0.228726829
0.211291588
0.205479154
0.188039796
0.177970119
0.156271972
0.144641348
0.114431397
0.049767836
-0.025419706
-0.086313413
-0.148812535
-0.245805401
-0.325877993
-0.395927786
-0.483559267
-0.577117619
-0.659052939
-0.752775292
-0.852451084
-0.98651305
-1.108131756
-1.21218641
-1.355748802
-1.515630753
-1.639507128
-1.681647539
-1.693454878
-1.699359058
-1.699359058
-1.708756527
-1.725040652
-1.735419697
-1.747765263
-1.774694841
-1.818434151
-1.879160131
-1.960809684
-2.045362159
-2.120550521
-2.194519598
-2.313423736
-2.471400668
-2.657304329
-2.845829626
-3.046597788
-3.211887631
-3.383915446
-3.529654209
-3.625521517
-3.667490515
-3.67348743
-3.67348743
-3.67348743
-3.67348743
-3.67348743
-3.67348743
-3.67348743
-3.67348743
-3.649501785
-3.653744269
-3.672574416
-3.685406057
-3.704324307
-3.760728783
-3.846179083
-3.902443732
-3.916061249
-3.95318184
-3.996330149
-4.050597432
-3.10004677
