10.8803
10.7706
10.7049
10.6888
10.7185
10.7453
10.7567
10.7647
10.7690
10.7770
10.7924
10.8001
10.8001
10.8041
10.8041
10.8350
10.8580
10.8889
10.9159
10.9232
10.9385
10.9501
10.9617
10.9848
10.9964
11.0156
11.0262
11.0375
11.0330
11.0236
11.0054
10.9749
10.9440
10.9255
10.9243
10.9279
10.9102
10.8713
10.8126
10.7544
10.7029
10.6764
10.6667
10.6725
10.6536
10.6432
10.6127
10.5777
10.5550
10.5417
10.5438
10.5493
10.5633
10.5486
10.5096
10.4624
10.4245
10.4035
10.4065
10.4138
10.4004
10.3411
10.2568
10.1682
10.0994
10.0484
10.0351
10.0387
10.0459
10.0282
9.9776
9.8847
9.7961
9.7121
9.6581
9.6244
9.6108
9.6108
9.6108
9.5935
9.5632
9.5166
9.4781
9.4606
9.4703
9.4921
9.4934
9.4616
9.4015
9.3160
9.2227
9.1782
9.1926
9.2350
9.2614
9.2605
9.2093
9.1371
9.0648
9.0054
8.9330
8.8652
8.8144
8.7849
8.7440
8.7066
8.6558
8.5880
8.5326
8.4910
8.4796
8.4770
8.4507
8.3834
8.2783
8.1481
8.0047
7.8895
7.8201
7.7998
7.8006
7.8150
7.8150
7.8110
7.7945
7.7860
7.7696
7.7445
7.6937
7.6187
7.5177
7.3854
7.2716
7.2087
7.1796
7.1703
7.1703
7.1617
7.1397
7.1139
7.0840
7.0478
7.0047
6.9570
6.9053
6.8542
6.8204
6.7985
6.7726
6.7466
6.7278
6.7239
6.7113
6.6940
6.6807
6.6549
6.6204
6.5905
6.5600
6.5388
6.5206
6.5157
6.4885
6.4673
6.4562
6.4531
6.4423
6.4154
6.3848
6.3376
6.2897
6.2512
6.1993
6.1341
6.0554
5.9775
5.9099
5.8461
5.7759
5.7239
5.6804
5.6756
5.6794
5.6620
5.6266
5.6053
5.5919
5.5572
5.4867
5.3739
5.2467
5.1335
5.0460
4.9866
4.9436
4.9125
4.8903
4.8729
4.8421
4.8247
4.8081
4.7772
4.7124
4.6419
4.5685
4.5027
4.4447
4.4048
4.3835
4.3748
4.3303
4.2741
4.2139
4.1439
4.0875
4.0390
4.0040
3.9643
3.9321
3.8690
3.7730
3.6751
3.5781
3.4898
3.4354
3.4179
3.4179
3.4178
3.3904
3.3593
3.3457
3.3331
3.3232
3.3096
3.3047
3.2649
3.1939
3.1365
3.0607
2.9672
2.8699
2.7939
2.7228
2.6815
2.6591
2.6542
2.6366
2.6142
2.5879
2.5567
2.5118
2.4532
2.3743
2.2893
2.1955
2.1192
2.0492
1.9906
1.9593
1.9515
1.9466
1.9241
1.8977
1.8664
1.8400
1.7998
1.7361
1.6596
1.5855
1.5090
1.4123
1.2417
1.0672
0.9051
0.7588
0.6437
0.5198
0.4236
0.3692
0.3201
0.2787
0.2750
0.2675
0.2524
0.2224
0.1960
0.1697
0.1245
0.0741
-0.0002
-0.1032
-0.2478
-0.3925
-0.5348
-0.6257
-0.6610
-0.6837
-0.6875
-0.6912
-0.7274
-0.8139
-0.9094
-0.9823
-1.0428
-1.0794
-1.1022
-1.1477
-1.1994
-1.2498
-1.3403
-1.4401
-1.5516
-1.6655
-1.7752
-1.8627
-1.9297
-1.9601
-2.0006
-2.0513
-2.1487
-2.2489
-2.3537
-2.4728
-2.6015
-2.7239
-2.8270
-2.9109
-2.9491
-2.9528
-2.9579
-2.9911
-3.0331
-3.0722
-3.1149
-3.1451
-3.1960
-3.2559
-3.3600
-3.4944
-3.6539
-3.7958
-3.9127
-3.9993
-4.0594
-4.1001
-4.1382
-4.1785
-4.2077
-4.2605
-4.3346
-4.4432
-4.5528
-4.6803
-4.8094
-4.9580
-5.0941
-5.2595
-5.4128
-5.5807
-5.7914
-6.0160
-6.2351
-6.4560
-6.6465
-6.7799
-6.8709
-6.9494
-7.0066
-7.0423
-7.0637
-7.0959
-7.1655
-7.2636
-7.3635
-7.4796
-7.5867
-7.6545
-7.7206
-7.7813
-7.8440
-7.9156
-8.0033
-8.1054
-8.1824
-8.2397
-8.2827
-8.3417
-8.4275
-8.5421
-8.6514
-8.7750
-8.8789
-8.9596
-9.0134
-9.0439
-9.0743
-9.1316
-9.2195
-9.3127
-9.4077
-9.5101
-9.6088
-9.7235
-9.8565
-9.9732
-10.0615
-10.1009
-10.1169
-10.1259
-10.1438
-10.1707
-10.2139
-10.2567
-10.3194
-10.3771
-10.4456
-10.5177
-10.5877
-10.6703
-10.7583
-10.8542
-10.9550
-11.0642
-11.1778
-11.2791
-11.3942
-11.4892
-11.5489
-11.5945
-11.6575
-11.7030
-11.7715
-11.8510
-11.9276
-12.0199
-12.1087
-12.1744
-12.2558
-12.3250
-12.3720
-12.4357
-12.5210
-12.6238
-12.7495
-12.8905
-13.0384
-13.1765
-13.2874
-13.3923
-13.4583
-13.5167
-13.5612
-13.6078
-13.6216
-13.6250
-13.6453
-13.6758
-13.7293
-13.8120
-13.9141
-13.9937
-14.0710
-14.1379
-14.1607
-14.1834
-14.1994
-14.2524
-14.3215
-14.4076
-14.5097
-14.6240
-14.7225
-14.8415
-14.9738
-15.1400
-15.3008
-15.4342
-15.5257
-15.6135
-15.6908
-15.7309
-15.7496
-15.7495
-15.7616
-15.7818
-15.8110
-15.8678
-15.8986
-15.9204
-15.9335
-15.9601
-16.0095
-16.0666
-16.1169
-16.1738
-16.2354
-16.2555
-16.2723
-16.2856
-16.3217
-16.3454
-16.4167
-16.5247
-16.6283
-16.7567
-16.8878
-16.9754
-17.0490
-17.1156
-17.1719
-17.1983
-17.2085
-17.2185
-17.2319
-17.2523
-17.2745
-17.3071
-17.3520
-17.4213
-17.5487
-17.6965
-17.8386
-17.9594
-18.0458
-18.1016
-18.1276
-18.1309
-18.1309
-18.1309
-18.1309
-18.1309
-18.1309
-18.1406
-18.1698
-18.1958
-18.2535
-18.3503
-18.4633
-18.5824
-18.6987
-18.7878
-18.8491
-18.8718
-18.8687
-18.8655
-18.8623
-18.8623
-18.8795
-18.9139
-18.9465
-18.9657
-18.9820
-18.9918
-19.0015
-19.0114
-19.0214
-19.0466
-19.0697
-19.1116
-19.1480
-19.1906
-19.2414
-19.2800
-19.3364
-19.3781
-19.4198
-19.4680
-19.5068
-19.5296
-19.5518
-19.5739
-19.5805
-19.5839
-19.5871
-19.5936
-19.6001
-19.6223
-19.6445
-19.6701
-19.6962
-19.7189
-19.7455
-19.7785
-19.8079
-19.8404
-19.8820
-19.9327
-19.9768
-20.0084
-20.0275
-20.0548
-20.1354
-20.2344
-20.3309
-20.4160
-20.5275
-20.6485
-20.7565
-20.8360
-20.8831
-20.9300
-20.9705
-20.9927
-20.9875
-20.9882
-20.9976
-21.0072
-21.0201
-21.0300
-21.0460
-21.0656
-21.0684
-21.0918
-21.1332
-21.1715
-21.2049
-21.2590
-21.3041
-21.3343
-21.3590
-21.3914
-21.4201
-21.4457
-21.4504
-21.4393
-21.4254
-21.4023
-21.3820
-21.3560
-21.3478
-21.3340
-21.3201
-21.3186
-21.3117
-21.3139
-21.3106
-21.3136
-21.2930
-21.2697
-21.2345
-21.2225
-21.2250
-21.2156
-21.2146
-21.2014
-21.1617
-21.1303
-21.1075
-21.1076
-21.1166
-21.1199
-21.1263
-21.1327
-21.1421
-21.1548
-21.1619
-21.1399
-21.0975
-21.0345
-20.9862
-20.9523
-20.9330
-20.9343
-20.9327
-20.9228
-20.8988
-20.8457
-20.7904
-20.7261
-20.6850
-20.6929
-20.7029
-20.7153
-20.7099
-20.6786
-20.6099
-20.5385
-20.4817
-20.4399
-20.4245
-20.4061
-20.3530
-20.2506
-20.1312
-20.0344
-19.9608
-19.9041
-19.8592
-19.7998
-19.7234
-19.6270
-19.5308
-19.4517
-19.4016
-19.3659
-19.3331
-19.2969
-19.2293
-19.1584
-19.0848
-19.0112
-18.9349
-18.8784
-18.8419
-18.7998
-18.7438
-18.6675
-18.6022
-18.5657
-18.5723
-18.5966
-18.6093
-18.6035
-18.5669
-18.4917
-18.3787
-18.2545
-18.1283
-18.0244
-17.9453
-17.8948
-17.8781
-17.8756
-17.8504
-17.8050
-17.7424
-17.6804
-17.6155
-17.5446
-17.4460
-17.2911
-17.0970
-16.8885
-16.6949
-16.5895
-16.5488
-16.5673
-16.5734
-16.5570
-16.5186
-16.4570
-16.3962
-16.3377
-16.2903
-16.2745
-16.2742
-16.2544
-16.1958
-16.0939
-16.0078
-15.9568
-15.9575
-15.9575
-15.9513
-15.9374
-15.9034
-15.8477
-15.7633
-15.6597
-15.5360
-15.4293
-15.3428
-15.2447
-15.1613
-15.0934
-15.0641
-15.0473
-15.0466
-15.0389
-15.0197
-14.9758
-14.9172
-14.8364
-14.7663
-14.6962
-14.6409
-14.5664
-14.4727
-14.3728
-14.2837
-14.1969
-14.1163
-14.0496
-13.9712
-13.8961
-13.8209
-13.7373
-13.6231
-13.5111
-13.3801
-13.2429
-13.1173
-13.0307
-12.9895
-12.9852
-12.9925
-12.9830
-12.9587
-12.9323
-12.9134
-12.8976
-12.8607
-12.8175
-12.7817
-12.7542
-12.7447
-12.7047
-12.6300
-12.5427
-12.4617
-12.3860
-12.3218
-12.2629
-12.2040
-12.1178
-12.0221
-11.8919
-11.7050
-11.4994
-11.3044
-11.1313
-11.0119
-10.9345
-10.8731
-10.8150
-10.7505
-10.6951
-10.6462
-10.6108
-10.5786
-10.5413
-10.4899
-10.4301
-10.3589
-10.2902
-10.2178
-10.1504
-10.0882
-10.0357
-10.0000
-9.9795
-9.9540
-9.9151
-9.8692
-9.8197
-9.7707
-9.7305
-9.6986
-9.6751
-9.6497
-9.6128
-9.5625
-9.5054
-9.4469
-9.3968
-9.3531
-9.3195
-9.2496
-9.1715
-9.0801
-9.0120
-8.9390
-8.8842
-8.8212
-8.7583
-8.6890
-8.6079
-8.5136
-8.4214
-8.3519
-8.3189
-8.2942
-8.2859
-8.2694
-8.2463
-8.2033
-8.1621
-8.1159
-8.0780
-8.0285
-7.9838
-7.9576
-7.9229
-7.8685
-7.8159
-7.7286
-7.6315
-7.5196
-7.4013
-7.3092
-7.2484
-7.2271
-7.2122
-7.1858
-7.1462
-7.0770
-7.0094
-6.9401
-6.8939
-6.8526
-6.8295
-6.7998
-6.7653
-6.7208
-6.6713
-6.6153
-6.5659
-6.5247
-6.4918
-6.4671
-6.4507
-6.3933
-6.3310
-6.2621
-6.2062
-6.1502
-6.0711
-5.9690
-5.8573
-5.7487
-5.6401
-5.5184
-5.4051
-5.2869
-5.1689
-5.0839
-4.9955
-4.9057
-4.8255
-4.7357
-4.6656
-4.6037
-4.5711
-4.5596
-4.5140
-4.4521
-4.3577
-4.2437
-4.1263
-4.0042
-3.8817
-3.7611
-3.6453
-3.5100
-3.3780
-3.2772
-3.2190
-3.1750
-3.1390
-3.0948
-3.0378
-2.9740
-2.9264
-2.9114
-2.8871
-2.8560
-2.8061
-2.7493
-2.6696
-2.5873
-2.5063
-2.4171
-2.3304
-2.2470
-2.1763
-2.1113
-2.0477
-1.9715
-1.8839
-1.7801
-1.6844
-1.5679
-1.4754
-1.3933
-1.3030
-1.2381
-1.1825
-1.1525
-1.1146
-1.0779
-1.0228
-0.9286
-0.8034
-0.6504
-0.5032
-0.3766
-0.2637
-0.1841
-0.1195
-0.0559
0.0065
0.0933
0.1836
0.2589
0.3306
0.3824
0.4675
0.5858
0.7211
0.8359
0.9105
0.9380
0.9541
0.9667
0.9942
1.0528
1.1639
1.3060
1.4587
1.6008
1.7777
1.9937
2.1921
2.3387
2.4124
2.4504
2.4813
2.5477
2.6061
2.6769
2.7502
2.8041
2.8502
2.8793
2.9199
2.9888
3.0781
3.2134
3.3593
3.5184
3.6882
3.9002
4.1592
4.4264
4.7051
4.9235
5.0720
5.1229
5.1265
5.1119
5.1155
5.1191
5.1191
5.1262
5.1413
5.1801
5.2346
5.2878
5.3423
5.3917
5.4470
5.5150
5.5996
5.6886
5.7812
5.8717
5.9709
6.0822
6.2079
6.3467
6.4928
6.6173
6.7225
6.8053
6.8441
6.8520
6.8520
6.8671
6.8828
6.9210
6.9742
7.0317
7.0928
7.1485
7.2180
7.3258
7.4566
7.6039
7.7695
7.9315
8.0725
8.1908
8.2805
8.3528
8.3807
8.3807
8.3807
8.3843
8.3917
8.4101
8.4247
8.4540
8.5090
8.5640
8.6232
8.6929
8.7747
8.8645
8.9529
9.0410
9.1104
9.2027
9.3205
9.4697
9.6057
9.7293
9.8148
9.8367
9.8292
9.8254
9.8254
9.8292
9.8292
9.8292
9.8368
9.8368
9.8368
9.8443
9.8554
9.8739
9.8961
9.9252
9.9613
10.0161
10.0783
10.1480
10.2322
10.3281
10.4056
10.4499
10.4720
10.4680
10.4717
10.4789
10.4896
10.5120
10.5600
10.6308
10.7092
10.7988
10.8916
10.9799
11.0984
11.2360
11.3858
11.5094
11.6070
11.6631
11.6701
11.6540
11.6498
11.6415
11.6408
11.6404
11.6362
11.6282
11.6274
11.6187
11.6008
11.5631
11.5406
11.5526
11.6047
11.6650
11.7216
11.7807
11.8322
11.8539
11.8243
11.7890
11.7791
11.7976
11.8203
11.8429
11.8652
11.8913
11.9215
11.9554
11.9894
12.0273
12.0649
12.1020
12.1551
12.1958
12.2596
12.3314
12.3766
12.3929
12.4161
12.4407
12.4688
12.5033
12.5629
12.6270
12.6911
12.7379
12.7346
12.6892
12.6352
12.6093
12.6357
12.6623
12.6771
12.6594
12.6066
12.5496
12.5011
12.4685
12.4523
12.4410
12.4159
12.3578
12.3086
12.2962
12.2878
12.2710
12.2383
12.1976
12.1325
12.0715
12.0427
12.0249
12.0029
11.9779
11.9488
11.9273
11.9171
11.9336
11.9772
12.0354
12.0431
11.9876
11.8755
11.7851
11.7687
11.8005
11.8442
11.8680
11.9156
12.0116
12.1796
12.4433
12.7407
13.0689
13.4644
13.9625
14.5118
14.9785
15.3129
15.4127
15.2542
14.8849
14.4318
13.9737
13.5825
13.2563
12.9893
12.6849
12.3570
12.0033
11.6941
11.4337
11.1911
10.9660
10.7266
10.5349
10.3528
10.1684
9.9770
9.7863
9.5885
9.4496
9.3187
9.1812
9.0122
8.8886
8.7741
8.6583
8.5530
8.4321
8.2910
8.1367
7.9851
7.8341
7.6872
7.5548
7.4176
7.2846
7.2050
7.1457
7.0865
7.0264
6.9673
6.9299
6.9328
6.9494
6.9641
6.9837
7.0131
7.0425
7.1060
7.1744
7.2541
7.3376
7.4347
7.5023
7.5647
7.6118
7.6361
7.6000
7.5329
7.4328
7.3013
7.1483
7.0036
6.8749
6.7854
6.7115
6.6808
6.6830
6.7144
6.7711
6.8334
6.8711
6.8937
6.9004
6.8966
6.8684
6.8227
6.7643
6.7045
6.6518
6.5983
6.5591
6.5253
6.5105
6.5067
6.5241
6.5656
6.6203
6.6733
6.7293
6.7565
6.7695
6.7505
6.7034
6.6540
6.6454
6.6649
6.6788
6.6813
6.6584
6.6391
6.6049
6.5506
6.5120
6.4921
6.4859
6.4837
6.4610
6.4572
6.4665
6.4831
6.5008
6.4988
6.4874
6.4883
6.4930
6.4930
6.5023
6.5171
6.5251
6.5172
6.5090
6.5073
6.5260
6.5508
6.5646
6.5320
6.4250
6.2607
6.0751
5.9234
5.8343
5.8622
5.9950
6.1227
6.1436
6.0595
5.9349
5.8700
5.8773
5.9485
6.0102
6.0403
6.0399
6.0279
6.0199
6.0237
6.0237
6.0237
6.0151
6.0183
6.0174
6.0174
6.0002
5.9783
5.9752
5.9862
6.0116
6.0372
6.0626
6.0853
6.0315
5.9419
5.8289
5.7362
5.6925
5.7036
5.7262
5.7450
5.7568
5.7678
5.7875
5.8043
5.8344
5.8776
5.9423
6.0014
6.0324
6.0408
6.0370
6.0483
6.0784
6.1121
6.1387
6.1533
6.1567
6.1295
6.0867
6.0494
6.0521
6.0709
6.0817
6.0671
6.0449
6.0228
6.0134
6.0125
6.0199
6.0311
6.0294
6.0238
6.0159
6.0088
6.0073
6.0378
6.0813
6.1115
6.1051
6.0912
6.0371
5.9675
5.9113
5.8895
5.8856
5.8818
5.8742
5.8247
5.7437
5.6287
5.5357
5.4508
5.3971
5.3710
5.3280
5.2897
5.2266
5.1470
5.0775
5.0228
4.9484
4.8842
4.8475
4.8040
4.7320
4.6437
4.5631
4.5152
4.5017
4.4931
4.5119
4.5156
4.5156
4.4981
4.4759
4.4499
4.4059
4.3714
4.3637
4.3663
4.3752
4.3701
4.3395
4.2868
4.2207
4.1434
4.0476
3.9763
3.9091
3.8678
3.8448
3.8465
3.8396
3.8337
3.8297
3.8028
3.7748
3.7699
3.7564
3.7350
3.7087
3.6891
3.6564
3.5919
3.4964
3.3804
3.3168
3.2631
3.2126
3.1671
3.0995
3.0406
2.9922
2.9700
2.9400
2.9225
2.9128
2.8992
2.8682
2.8320
2.7826
2.7477
2.6867
2.6193
2.5268
2.4219
2.3346
2.2401
2.1628
2.0918
2.0372
1.9750
1.9127
1.8641
1.8118
1.7593
1.7380
1.7256
1.7070
1.6769
1.6359
1.5923
1.5562
1.5414
1.5299
1.5146
1.4906
1.4628
1.3873
1.2987
1.2299
1.1674
1.1537
1.1537
1.1461
1.1185
1.0849
1.0586
1.0133
0.9482
0.8758
0.7882
0.7180
0.6705
0.6428
0.6151
0.5774
0.5323
0.4860
0.4558
0.4196
0.3531
0.2426
0.0920
-0.0951
-0.2721
-0.3866
-0.4696
-0.4985
-0.4985
-0.4985
-0.5035
-0.5160
-0.5160
-0.5211
-0.5211
-0.5248
-0.5286
-0.5650
-0.6141
-0.6580
-0.7159
-0.7889
-0.8744
-0.9889
-1.1249
-1.2335
-1.2989
-1.3531
-1.3721
-1.3721
-1.3721
-1.3759
-1.3759
-1.3883
-1.4046
-1.4196
-1.4558
-1.5263
-1.6120
-1.7186
-1.8855
-2.0646
-2.2430
-2.3657
-2.4378
-2.4973
-2.5187
-2.5408
-2.5659
-2.6078
-2.6902
-2.7868
-2.8464
-2.8677
-2.8875
-2.9205
-2.9852
-3.0486
-3.1208
-3.2209
-3.3144
-3.4063
-3.4880
-3.5831
-3.7018
-3.8313
-3.9609
-4.1151
-4.2281
-4.3261
-4.4030
-4.4700
-4.5135
-4.5534
-4.6149
-4.6692
-4.6908
-4.7105
-4.7249
-4.7249
-4.7390
-4.7639
-4.8245
-4.9004
-4.9712
-5.0276
-5.1036
-5.1902
-5.3159
-5.4418
-5.5645
-5.6761
-5.7878
-5.8958
-6.0344
-6.2370
-6.4768
-6.7525
-7.0478
-7.3037
-7.5256
-7.6994
-7.8005
-7.8343
-7.8573
-7.8769
-7.8858
-7.8858
-7.8858
-7.8911
-7.9107
-7.9550
-8.0226
-8.0671
-8.1028
-8.1365
-8.1755
-8.2324
-8.3143
-8.3960
-8.4721
-8.5730
-8.7289
-8.8835
-9.0165
-9.1173
-9.1912
-9.2403
-9.2893
-9.3366
-9.3737
-9.3968
-9.4340
-9.4993
-9.5736
-9.6618
-9.7678
-9.8792
-9.9549
-10.0410
-10.1397
-10.2299
-10.3364
-10.4394
-10.5233
-10.5840
-10.6171
-10.6675
-10.7356
-10.8195
-10.9507
-11.1069
-11.3208
-11.6030
-11.8998
-12.1712
-12.4027
-12.5487
-12.6343
-12.7123
-12.7801
-12.8174
-12.8343
-12.8343
-12.8474
-12.8585
-12.8775
-12.8809
-12.9085
-12.9284
-12.9487
-12.9623
-12.9923
-13.0026
-13.0386
-13.0645
-13.0816
-13.1088
-13.1360
-13.1607
-13.1908
-13.2319
-13.2887
-13.3676
-13.4443
-13.5389
-13.6660
-13.8210
-14.0072
-14.2214
-14.4703
-14.7289
-14.9240
-15.0284
-15.0780
-15.0908
-15.0894
-15.0848
-15.0881
-15.0825
-15.0812
-15.0633
-15.0222
-14.9776
-14.9409
-14.9175
-14.9195
-14.9272
-14.9371
-14.9382
-14.9682
-14.9874
-14.9966
-14.9827
-15.0007
-15.0250
-15.0392
-15.0424
-15.0424
-15.0523
-15.0786
-15.0984
-15.1150
-15.0962
-15.0897
-15.0687
-15.0597
-15.0584
-15.0471
-15.0359
-15.0123
-14.9811
-14.9566
-14.9518
-14.9714
-14.9878
-15.0043
-15.0108
-15.0108
-15.0108
-15.0108
-15.0174
-15.0239
-15.0272
-15.0426
-15.0702
-15.1264
-15.1672
-15.1924
-15.2090
-15.2253
-15.2416
-15.2644
-15.2871
-15.2937
-15.3164
-15.3426
-15.3777
-15.4161
-15.4663
-15.5196
-15.5585
-15.5875
-15.6060
-15.6388
-15.6772
-15.7156
-15.7667
-15.8186
-15.8666
-15.8829
-15.8950
-15.8951
-15.9047
-15.9081
-15.9147
-15.9135
-15.9243
-15.9384
-15.9471
-15.9511
-15.9590
-15.9572
-15.9592
-15.9817
-15.9976
-15.9976
-15.9976
-15.9976
-15.9976
-15.9976
-15.9976
-15.9976
-15.9976
-16.0040
-16.0042
-16.0074
-16.0139
-16.0205
-16.0301
-16.0334
-16.0366
-16.0366
-16.0430
-16.0527
-16.0690
-16.0853
-16.1016
-16.1275
-16.1567
-16.1794
-16.1959
-16.2067
-16.1920
-16.1511
-16.0815
-15.9922
-15.9115
-15.8610
-15.8271
-15.8279
-15.8312
-15.8377
-15.8300
-15.8200
-15.7870
-15.7320
-15.6628
-15.6229
-15.5957
-15.5985
-15.6005
-15.5707
-15.5117
-15.4471
-15.3707
-15.2953
-15.2253
-15.1523
-15.0605
-14.9624
-14.8620
-14.7694
-14.6965
-14.6401
-14.5986
-14.5627
-14.5290
-14.5040
-14.4671
-14.4530
-14.4443
-14.4215
-14.3801
-14.3519
-14.3291
-14.2814
-14.2477
-14.2055
-14.1468
-14.0655
-13.9528
-13.8575
-13.7990
-13.7665
-13.7188
-13.6744
-13.6149
-13.5836
-13.5458
-13.5177
-13.5037
-13.4842
-13.4356
-13.3794
-13.3491
-13.3200
-13.2823
-13.2488
-13.1830
-13.1182
-13.0395
-12.9737
-12.9058
-12.8638
-12.8207
-12.7474
-12.6537
-12.5493
-12.4191
-12.3148
-12.2503
-12.1858
-12.1374
-12.0976
-12.0611
-12.0107
-11.9623
-11.9077
-11.8401
-11.7811
-11.7361
-11.7115
-11.7085
-11.7421
-11.7790
-11.7880
-11.7562
-11.6976
-11.6154
-11.5311
-11.4523
-11.4057
-11.3771
-11.3526
-11.3249
-11.2931
-11.2667
-11.2081
-11.1581
-11.1166
-11.0581
-10.9752
-10.8714
-10.7440
-10.6122
-10.4804
-10.3742
-10.2681
-10.1863
-10.1503
-10.1418
-10.1182
-10.0907
-10.0495
-9.9677
-9.8590
-9.7498
-9.6595
-9.5915
-9.5287
-9.4654
-9.3988
-9.3105
-9.2171
-9.1369
-9.0535
-8.9601
-8.8733
-8.7951
-8.7033
-8.6355
-8.5795
-8.5489
-8.4960
-8.4381
-8.3698
-8.3104
-8.2714
-8.2545
-8.2409
-8.2053
-8.1495
-8.1073
-8.0614
-8.0105
-7.9681
-7.9259
-7.8668
-7.7890
-7.6893
-7.5896
-7.4679
-7.3533
-7.2421
-7.1544
-7.0870
-7.0366
-6.9946
-6.9425
-6.8904
-6.8485
-6.7999
-6.7513
-6.6877
-6.6091
-6.5540
-6.5208
-6.5143
-6.5095
-6.5129
-6.5163
-6.5164
-6.5081
-6.5081
-6.4965
-6.4916
-6.4802
-6.4419
-6.4118
-6.3735
-6.3351
-6.3017
-6.2633
-6.2034
-6.1400
-6.0650
-5.9867
-5.9067
-5.8369
-5.7936
-5.7785
-5.7751
-5.7751
-5.7569
-5.7368
-5.6985
-5.6601
-5.6468
-5.6385
-5.6385
-5.6217
-5.6051
-5.5835
-5.5451
-5.4916
-5.4368
-5.3708
-5.3131
-5.2669
-5.2321
-5.2171
-5.2054
-5.1671
-5.0705
-4.9489
-4.8607
-4.8257
-4.7994
-4.7828
-4.7677
-4.7497
-4.7049
-4.6683
-4.6220
-4.5705
-4.5159
-4.4448
-4.3753
-4.3208
-4.2892
-4.2775
-4.2560
-4.2379
-4.2214
-4.1882
-4.1217
-4.0233
-3.9202
-3.8039
-3.6773
-3.5429
-3.4172
-3.2910
-3.1525
-3.0321
-2.8938
-2.7621
-2.6681
-2.6232
-2.6045
-2.6010
-2.5914
-2.5749
-2.5338
-2.4776
-2.4050
-2.3138
-2.2201
-2.1277
-2.0389
-1.9465
-1.8774
-1.8235
-1.7954
-1.7790
-1.7497
-1.7004
-1.6408
-1.5813
-1.5321
-1.4877
-1.4678
-1.4220
-1.3409
-1.2467
-1.1585
-1.0409
-0.9001
-0.7980
-0.7417
-0.6998
-0.6567
-0.5995
-0.5492
-0.4928
-0.4610
-0.4528
-0.4261
-0.3759
-0.3142
-0.2293
-0.1419
-0.0546
0.0141
0.0886
0.1457
0.2133
0.3042
0.4292
0.5858
0.7271
0.8512
0.9039
0.9215
0.9250
0.9286
0.9356
0.9519
0.9707
1.0011
1.0616
1.1210
1.1899
1.2482
1.3114
1.3909
1.4772
1.5702
1.6845
1.7861
1.8918
1.9695
2.0217
2.0735
2.1461
2.2501
2.3588
2.4817
2.5701
2.6347
2.6597
2.6704
2.6775
2.7117
2.7584
2.8302
2.9380
3.0514
3.1711
3.2619
3.3390
3.3947
3.4127
3.4199
3.4199
3.4326
3.4534
3.4780
3.5063
3.5290
3.5434
3.5799
3.6081
3.6533
3.6974
3.7640
3.8316
3.9045
3.9820
4.0486
4.1126
4.1874
4.2883
4.4131
4.5273
4.5935
4.6116
4.6188
4.6188
4.6297
4.6514
4.6776
4.7074
4.7472
4.7812
4.7847
4.7918
4.7991
4.7991
4.7990
4.8096
4.8165
4.8443
4.8714
4.9049
4.9521
4.9872
5.0179
5.0433
5.0741
5.1073
5.1271
5.1651
5.2282
5.3013
5.3749
5.4158
5.4485
5.4755
5.4935
5.5408
5.6101
5.6765
5.7309
5.7925
5.8946
6.0316
6.1800
6.3023
6.4047
6.4675
6.5151
6.5445
6.5592
6.5592
6.5554
6.5225
6.4940
6.4858
6.4681
6.4250
6.3607
6.3111
6.2855
6.2995
6.3326
6.3878
6.4542
6.5278
6.6185
6.7204
6.8487
6.9622
7.0509
7.0891
7.0945
7.0930
7.0967
7.0967
7.0967
7.1117
7.1117
7.1117
7.1117
7.1154
7.1169
7.1266
7.1518
7.1613
7.1819
7.1929
7.1960
7.2220
7.2322
7.2564
7.2647
7.2451
7.2106
7.1821
7.1331
7.0795
7.0298
7.0125
7.0087
7.0243
7.0676
7.1009
7.1183
7.0954
7.0532
7.0407
7.0697
7.1145
7.1513
7.1462
7.1062
7.0727
7.0568
7.0785
7.1152
7.1296
7.1160
7.0870
7.0747
7.0631
7.0627
7.0507
7.0350
7.0188
7.0059
7.0044
7.0141
7.0305
7.0792
7.1353
7.2063
7.2666
7.3114
7.3149
7.2975
7.2944
7.3453
7.3837
7.3921
7.3916
7.3756
7.3914
7.4504
7.4984
7.5211
7.4958
7.4288
7.3553
7.3145
7.3416
7.4216
7.5581
7.6673
7.6994
7.6191
7.4853
7.3464
7.2363
7.1550
7.1303
7.1531
7.2241
7.3356
7.4230
7.4550
7.3836
7.2552
7.0605
6.8637
6.6465
6.4165
6.1759
5.8946
5.5436
5.1736
4.8317
4.5061
4.2313
4.0239
3.8575
3.6801
3.5355
3.4352
3.3758
3.3642
3.3603
3.3330
3.3045
3.2515
3.1538
3.0652
2.9980
2.9280
2.8499
2.7759
2.7174
2.6824
2.6304
2.5701
2.4652
2.3590
2.2695
2.2299
2.2044
2.2250
2.2448
2.2407
2.2064
2.1596
2.0913
2.0420
2.0155
1.9990
1.9719
1.9571
1.9246
1.9033
1.9034
1.9147
1.9536
2.0126
2.1069
2.2136
2.3164
2.3770
2.3865
2.3699
2.3309
2.2817
2.2387
2.1980
2.1600
2.0958
1.9994
1.8866
1.8111
1.7453
1.7512
1.7873
1.8324
1.8455
1.8237
1.7707
1.7064
1.6347
1.5593
1.5001
1.4598
1.4827
1.5611
1.6398
1.6939
1.6976
1.6976
1.7002
1.7115
1.7281
1.7220
1.7259
1.7199
1.7039
1.6555
1.6131
1.5831
1.5989
1.6310
1.6594
1.6776
1.6802
1.6914
1.7213
1.7476
1.7627
1.7665
1.7774
1.8217
1.8562
1.8758
1.8715
1.8907
1.9447
1.9790
2.0073
2.0171
2.0280
2.0471
2.0737
2.1226
2.1622
2.1646
2.1539
2.1361
2.1144
2.0993
2.0890
2.0971
2.0977
2.0956
2.0831
2.0512
2.0161
1.9762
1.9411
1.9181
1.8878
1.8501
1.8233
1.8074
1.8029
1.7936
1.7981
1.8161
1.8155
1.8037
1.8107
1.8104
1.7915
1.7667
1.7580
1.7390
1.6973
1.6742
1.6601
1.6590
1.6578
1.6460
1.6385
1.6490
1.6480
1.6546
1.6626
1.6732
1.6690
1.6599
1.6586
1.6548
1.6128
1.5424
1.4620
1.3878
1.3496
1.3202
1.2991
1.2903
1.2794
1.2339
1.1601
1.1119
1.0944
1.1052
1.1270
1.1524
1.1557
1.1627
1.1698
1.1808
1.1990
1.2242
1.2384
1.2453
1.2217
1.1734
1.1327
1.1241
1.1241
1.1277
1.1082
1.0907
1.0485
1.0077
0.9670
0.9321
0.9048
0.8901
0.8705
0.8508
0.8311
0.8175
0.7900
0.7573
0.7173
0.6577
0.5609
0.4604
0.3623
0.3124
0.2760
0.2496
0.2234
0.1586
0.0479
-0.0991
-0.2223
-0.2994
-0.3468
-0.3742
-0.4065
-0.4514
-0.5312
-0.6459
-0.7822
-0.9037
-0.9912
-1.0211
-1.0299
-1.0299
-1.0299
-1.0299
-1.0423
-1.0648
-1.1210
-1.1960
-1.2747
-1.3571
-1.4547
-1.5361
-1.5950
-1.6526
-1.7015
-1.7591
-1.8168
-1.8783
-1.9178
-1.9481
-1.9497
-1.9635
-1.9875
-2.0290
-2.0618
-2.1004
-2.1442
-2.2107
-2.2925
-2.3854
-2.5033
-2.6549
-2.8366
-3.0145
-3.1464
-3.2182
-3.2496
-3.3007
-3.3584
-3.4039
-3.4633
-3.5490
-3.6512
-3.7251
-3.7711
-3.7923
-3.8032
-3.8518
-3.9420
-4.0317
-4.1059
-4.1626
-4.2133
-4.2609
-4.3474
-4.4779
-4.6472
-4.8451
-5.0412
-5.2354
-5.4310
-5.6002
-5.6954
-5.7235
-5.7323
-5.7359
-5.7447
-5.7675
-5.8116
-5.8522
-5.8874
-5.9155
-5.9331
-5.9700
-6.0105
-6.0582
-6.1517
-6.2820
-6.4195
-6.5536
-6.6719
-6.7724
-6.8517
-6.9345
-7.0138
-7.0915
-7.1744
-7.2538
-7.3315
-7.4072
-7.4935
-7.5867
-7.6886
-7.7835
-7.9084
-8.0370
-8.1745
-8.3016
-8.4252
-8.5827
-8.7311
-8.8687
-8.9853
-9.0626
-9.1200
-9.1684
-9.2284
-9.2957
-9.3787
-9.4760
-9.6225
-9.7449
-9.8758
-10.0273
-10.1856
-10.3066
-10.3880
-10.4585
-10.5167
-10.5440
-10.5632
-10.5740
-10.5740
-10.5809
-10.5877
-10.5912
-10.6049
-10.6254
-10.6357
-10.6468
-10.6980
-10.7593
-10.8070
-10.8547
-10.9022
-10.9464
-10.9701
-10.9939
-11.0244
-11.0413
-11.0582
-11.0786
-11.0989
-11.1057
-11.1090
-11.1192
-11.1293
-11.1362
-11.1368
-11.1334
-11.1436
-11.1632
-11.2106
-11.2881
-11.3621
-11.3924
-11.4093
-11.4227
-11.4261
-11.4329
-11.4429
-11.4463
-11.4598
-11.4699
-11.4800
-11.4867
-11.4935
-11.5069
-11.5137
-11.5305
-11.5474
-11.5709
-11.5877
-11.6046
-11.6193
-11.6474
-11.6742
-11.7111
-11.7282
-11.7442
-11.7567
-11.7781
-11.8027
-11.8393
-11.8572
-11.8672
-11.8772
-11.8739
-11.8697
-11.8589
-11.8602
-11.8506
-11.8289
-11.7888
-11.7380
-11.7025
-11.6629
-11.6561
-11.6614
-11.6962
-11.7077
-11.7002
-11.6840
-11.6732
-11.6591
-11.6483
-11.6441
-11.6216
-11.6145
-11.6106
-11.5849
-11.5363
-11.4571
-11.3705
-11.2872
-11.2093
-11.1248
-11.0317
-10.9246
-10.8229
-10.7420
-10.6859
-10.6545
-10.6458
-10.6244
-10.5857
-10.5296
-10.4389
-10.3555
-10.2441
-10.1588
-10.0962
-10.0489
-10.0070
-9.9704
-9.9218
-9.8846
-9.8614
-9.8449
-9.8438
-9.8446
-9.8593
-9.8552
-9.8492
-9.8247
-9.7617
-9.6868
-9.6330
-9.6050
-9.6058
-9.5940
-9.5339
-9.3916
-9.1963
-9.0044
-8.8715
-8.8103
-8.7767
-8.7313
-8.6842
-8.6237
-8.5651
-8.5151
-8.4823
-8.4461
-8.3995
-8.3222
-8.2293
-8.1295
-8.0300
-7.9081
-7.7536
-7.6028
-7.4931
-7.4315
-7.3802
-7.3288
-7.2638
-7.1937
-7.1030
-7.0038
-6.9251
-6.8619
-6.8071
-6.7764
-6.7661
-6.7388
-6.6807
-6.5884
-6.4586
-6.3238
-6.2043
-6.1088
-6.0235
-5.9707
-5.9452
-5.9282
-5.9010
-5.8501
-5.7669
-5.6768
-5.6089
-5.5563
-5.5004
-5.4545
-5.4070
-5.3747
-5.3425
-5.3205
-5.3070
-5.2951
-5.2816
-5.2713
-5.2390
-5.1732
-5.0766
-4.9968
-4.9273
-4.8512
-4.7667
-4.6803
-4.5789
-4.4860
-4.3880
-4.3558
-4.3473
-4.3438
-4.3353
-4.3150
-4.2644
-4.2103
-4.1324
-4.0461
-3.9583
-3.8570
-3.7618
-3.6851
-3.6309
-3.5970
-3.5543
-3.4993
-3.4191
-3.3501
-3.2746
-3.2003
-3.1312
-3.0549
-2.9906
-2.9278
-2.8649
-2.8276
-2.8038
-2.7786
-2.7448
-2.7026
-2.6638
-2.6215
-2.5876
-2.5265
-2.4725
-2.4214
-2.3675
-2.3185
-2.2708
-2.2027
-2.1332
-2.0734
-2.0370
-1.9794
-1.9240
-1.8733
-1.8051
-1.7195
-1.6284
-1.5260
-1.4284
-1.3413
-1.2734
-1.2041
-1.1271
-1.0340
-0.9421
-0.8637
-0.8166
-0.7926
-0.7748
-0.7560
-0.6958
-0.6083
-0.5220
-0.4742
-0.4397
-0.4135
-0.3861
-0.3482
-0.2911
-0.2326
-0.1742
-0.1147
-0.0417
0.0206
0.0624
0.0874
0.1029
0.1209
0.1459
0.1793
0.2177
0.2655
0.3277
0.4007
0.4691
0.5505
0.6079
0.6618
0.7277
0.8128
0.9158
0.9960
1.0703
1.1387
1.1746
1.1938
1.2010
1.2010
1.2119
1.2155
1.2263
1.2262
1.2334
1.2406
1.2403
1.2361
1.2575
1.2826
1.3150
1.3435
1.3868
1.4302
1.4845
1.5424
1.5932
1.6512
1.7129
1.8012
1.9057
2.0129
2.1061
2.1722
2.2044
2.2114
2.2187
2.2224
2.2224
2.2101
2.1968
2.1798
2.1533
2.1060
2.0438
1.9804
1.9289
1.9260
1.9660
2.0277
2.0684
2.1151
2.1573
2.2669
2.3839
2.4790
2.5593
2.6379
2.6967
2.7225
2.7261
2.7261
2.7261
2.7261
2.7261
2.7261
2.7261
2.7261
2.7114
2.6924
2.6525
2.6089
2.5536
2.4490
2.3179
2.2286
2.1971
2.2143
2.2352
2.2529
11.2079
