1.1054
1.1493
1.1681
1.1645
1.1310
1.1036
1.0590
1.0359
1.0337
1.0256
1.0128
0.9727
0.8702
0.7422
0.6259
0.5467
0.5162
0.5053
0.5077
0.5197
0.5630
0.6147
0.6263
0.6297
0.6296
0.6369
0.6439
0.6544
0.6613
0.6617
0.6645
0.6453
0.5966
0.5568
0.5357
0.5341
0.5398
0.5161
0.4728
0.3866
0.3099
0.2136
0.1333
0.0716
0.0355
0.0154
0.0123
0.0251
0.0062
-0.0087
-0.0201
-0.0143
-0.0110
0.0034
0.0103
0.0110
0.0166
0.0052
-0.0271
-0.0806
-0.1479
-0.2164
-0.2949
-0.3732
-0.4477
-0.5014
-0.5389
-0.5639
-0.5923
-0.6035
-0.6211
-0.6523
-0.7032
-0.7642
-0.8523
-0.9431
-0.9982
-1.0100
-1.0045
-0.9795
-0.9580
-0.9540
-0.9698
-1.0081
-1.0638
-1.1433
-1.2293
-1.3262
-1.4155
-1.5044
-1.5864
-1.6286
-1.6632
-1.6891
-1.7039
-1.7298
-1.7556
-1.7670
-1.7822
-1.8219
-1.8701
-1.9294
-1.9849
-2.0220
-2.0410
-2.0526
-2.0641
-2.0863
-2.1084
-2.1219
-2.1357
-2.1289
-2.1114
-2.0845
-2.0624
-2.0561
-2.0807
-2.1188
-2.1780
-2.2384
-2.3003
-2.3438
-2.3692
-2.3902
-2.4155
-2.4677
-2.5220
-2.5611
-2.5814
-2.5722
-2.5789
-2.6044
-2.6649
-2.7774
-2.9061
-3.0434
-3.1423
-3.2122
-3.2648
-3.3172
-3.3719
-3.4527
-3.5487
-3.6759
-3.8244
-3.9954
-4.1557
-4.2879
-4.3800
-4.4342
-4.4867
-4.5290
-4.5836
-4.6187
-4.6452
-4.6994
-4.7501
-4.8270
-4.9127
-4.9773
-5.0286
-5.0854
-5.1252
-5.1752
-5.2113
-5.2635
-5.3206
-5.3895
-5.4619
-5.5467
-5.6258
-5.7310
-5.8276
-5.9379
-6.0534
-6.1848
-6.3003
-6.3699
-6.3944
-6.3662
-6.3415
-6.3168
-6.3098
-6.3277
-6.3384
-6.3491
-6.3598
-6.3705
-6.3670
-6.3545
-6.3508
-6.3487
-6.3692
-6.4020
-6.4435
-6.4956
-6.5478
-6.5928
-6.6257
-6.6777
-6.7523
-6.8410
-6.9771
-7.1396
-7.3248
-7.4945
-7.6379
-7.7533
-7.8515
-7.9428
-8.0130
-8.0534
-8.0693
-8.0799
-8.0834
-8.0957
-8.1098
-8.1397
-8.1960
-8.2874
-8.4034
-8.5405
-8.6988
-8.8483
-8.9572
-9.0363
-9.0820
-9.1240
-9.1959
-9.2977
-9.3907
-9.5101
-9.6329
-9.7522
-9.8734
-9.9927
-10.0963
-10.2241
-10.3657
-10.4949
-10.5892
-10.6712
-10.7516
-10.8286
-10.9002
-10.9997
-11.1221
-11.2358
-11.3494
-11.4480
-11.5227
-11.5628
-11.6026
-11.6449
-11.6906
-11.7693
-11.8642
-11.9625
-12.0554
-12.1416
-12.2117
-12.2696
-12.3133
-12.3497
-12.4022
-12.4689
-12.5355
-12.5988
-12.6756
-12.7591
-12.8641
-12.9880
-13.1125
-13.2196
-13.3300
-13.4162
-13.4621
-13.4850
-13.5058
-13.5113
-13.5309
-13.5692
-13.6347
-13.7188
-13.8307
-13.9731
-14.1174
-14.2807
-14.4719
-14.6492
-14.8079
-14.9389
-15.0147
-15.0386
-15.0415
-15.0633
-15.0937
-15.1383
-15.1950
-15.2465
-15.2917
-15.3379
-15.3973
-15.4664
-15.5079
-15.5427
-15.5718
-15.5902
-15.6346
-15.7010
-15.7633
-15.8004
-15.8178
-15.8307
-15.8449
-15.8614
-15.9042
-15.9634
-16.0271
-16.1028
-16.1477
-16.1643
-16.1698
-16.1731
-16.1731
-16.1798
-16.1864
-16.1897
-16.1931
-16.2130
-16.2485
-16.2816
-16.2928
-16.2983
-16.3038
-16.3126
-16.3281
-16.3381
-16.3535
-16.3569
-16.3679
-16.4065
-16.4760
-16.5747
-16.6801
-16.8097
-16.9699
-17.1149
-17.2486
-17.3485
-17.4112
-17.4628
-17.5262
-17.5888
-17.6763
-17.7792
-17.8569
-17.9116
-17.9497
-17.9907
-18.0441
-18.0872
-18.1437
-18.2312
-18.3283
-18.4542
-18.5901
-18.7182
-18.8090
-18.8826
-18.9265
-18.9417
-18.9585
-18.9809
-19.0064
-19.0431
-19.0941
-19.1625
-19.2691
-19.4189
-19.6109
-19.8618
-20.1119
-20.3272
-20.5085
-20.6101
-20.6396
-20.6428
-20.6460
-20.6580
-20.6846
-20.7189
-20.7808
-20.8812
-20.9992
-21.0587
-21.0997
-21.1185
-21.1305
-21.1305
-21.1335
-21.1366
-21.1430
-21.1493
-21.1588
-21.1746
-21.1842
-21.1842
-21.1842
-21.1842
-21.1842
-21.1842
-21.1786
-21.1756
-21.1643
-21.1497
-21.1499
-21.1413
-21.1267
-21.1242
-21.1188
-21.1219
-21.1196
-21.1238
-21.1110
-21.0928
-21.0688
-21.0394
-21.0409
-21.0386
-21.0386
-21.0417
-21.0484
-21.0583
-21.0591
-21.0595
-21.0476
-21.0331
-21.0215
-21.0158
-21.0042
-20.9783
-20.9731
-20.9678
-20.9746
-20.9729
-20.9681
-20.9546
-20.9410
-20.9481
-20.9588
-20.9733
-20.9824
-20.9800
-20.9762
-20.9714
-20.9714
-20.9745
-20.9841
-20.9944
-21.0040
-21.0197
-21.0356
-21.0516
-21.0782
-21.0856
-21.1042
-21.1153
-21.1194
-21.1257
-21.1227
-21.1227
-21.1227
-21.1227
-21.1259
-21.1145
-21.0979
-21.1018
-21.0891
-21.0736
-21.0605
-21.0519
-21.0519
-21.0430
-21.0311
-21.0363
-21.0415
-21.0525
-21.0399
-21.0277
-21.0275
-21.0242
-21.0182
-20.9945
-20.9856
-20.9882
-21.0024
-21.0222
-21.0226
-21.0290
-21.0384
-21.0515
-21.0709
-21.0996
-21.1129
-21.1257
-21.1386
-21.1522
-21.1621
-21.1874
-21.2160
-21.2443
-21.2664
-21.2822
-21.2884
-21.2946
-21.3010
-21.3073
-21.3104
-21.3168
-21.3263
-21.3451
-21.3895
-21.4278
-21.4665
-21.5032
-21.5496
-21.6083
-21.6882
-21.7652
-21.8568
-21.9770
-22.0783
-22.1345
-22.1840
-22.2277
-22.2595
-22.3223
-22.4111
-22.5022
-22.5876
-22.6360
-22.6389
-22.6418
-22.6441
-22.6380
-22.6408
-22.6437
-22.6577
-22.6691
-22.6918
-22.7321
-22.7721
-22.8637
-22.9667
-23.0700
-23.1543
-23.2132
-23.2610
-23.3292
-23.4056
-23.4589
-23.5322
-23.5941
-23.6560
-23.7090
-23.7788
-23.8138
-23.8425
-23.8710
-23.8967
-23.9514
-24.0384
-24.1343
-24.2558
-24.4036
-24.5574
-24.7196
-24.9158
-25.1234
-25.3257
-25.4594
-25.5152
-25.5624
-25.6006
-25.6359
-25.6716
-25.7331
-25.7973
-25.8413
-25.8909
-25.9433
-25.9811
-26.0045
-26.0219
-26.0394
-26.0575
-26.0790
-26.1031
-26.1272
-26.1482
-26.1406
-26.1391
-26.1462
-26.1624
-26.1899
-26.2174
-26.2565
-26.2901
-26.3236
-26.3532
-26.3680
-26.3770
-26.3859
-26.4120
-26.4331
-26.4513
-26.4835
-26.5138
-26.5522
-26.5934
-26.6316
-26.6723
-26.7100
-26.7592
-26.8253
-26.9026
-26.9856
-27.0657
-27.1484
-27.2252
-27.2793
-27.3159
-27.3474
-27.3616
-27.3903
-27.4157
-27.4386
-27.4698
-27.5319
-27.6037
-27.6610
-27.7150
-27.7407
-27.7495
-27.7495
-27.7495
-27.7639
-27.7812
-27.8016
-27.8274
-27.8615
-27.8955
-27.9353
-27.9693
-28.0087
-28.0568
-28.0912
-28.1374
-28.1808
-28.2208
-28.2663
-28.3147
-28.3564
-28.4177
-28.5043
-28.6397
-28.7641
-28.8856
-28.9813
-29.0261
-29.0427
-29.0456
-29.0456
-29.0456
-29.0456
-29.0458
-29.0512
-29.0541
-29.0546
-29.0602
-29.0688
-29.0775
-29.0944
-29.1226
-29.1532
-29.1840
-29.2254
-29.2751
-29.3246
-29.3772
-29.4218
-29.4581
-29.4828
-29.5042
-29.5151
-29.5180
-29.5236
-29.5262
-29.5347
-29.5459
-29.5683
-29.6124
-29.6726
-29.7514
-29.8311
-29.9004
-29.9612
-30.0235
-30.0747
-30.1022
-30.1160
-30.1216
-30.1247
-30.1302
-30.1359
-30.1473
-30.1644
-30.1895
-30.2169
-30.2462
-30.2530
-30.2551
-30.2457
-30.2484
-30.2654
-30.2853
-30.3049
-30.3300
-30.3570
-30.3823
-30.3965
-30.4109
-30.4202
-30.4221
-30.4134
-30.4107
-30.4020
-30.3816
-30.3499
-30.3151
-30.2859
-30.2744
-30.2568
-30.2507
-30.2511
-30.2417
-30.2106
-30.1988
-30.1921
-30.2000
-30.2048
-30.1987
-30.1949
-30.1937
-30.2050
-30.2161
-30.2377
-30.2580
-30.2654
-30.2778
-30.2620
-30.2207
-30.1708
-30.1266
-30.0858
-30.0660
-30.0660
-30.0660
-30.0602
-30.0406
-30.0057
-29.9569
-29.8910
-29.8084
-29.7460
-29.6887
-29.6287
-29.5692
-29.5148
-29.4381
-29.3667
-29.3018
-29.2513
-29.2144
-29.1977
-29.1749
-29.1635
-29.1553
-29.1324
-29.1098
-29.0901
-29.0563
-28.9942
-28.8933
-28.7383
-28.5780
-28.4665
-28.4302
-28.4312
-28.4417
-28.4393
-28.4336
-28.4336
-28.4388
-28.4283
-28.4337
-28.4229
-28.3975
-28.3613
-28.3416
-28.3275
-28.3221
-28.3139
-28.2812
-28.2286
-28.1616
-28.0890
-28.0334
-27.9724
-27.9387
-27.9192
-27.9137
-27.9058
-27.9055
-27.8895
-27.8641
-27.8166
-27.7804
-27.7473
-27.7224
-27.6942
-27.6698
-27.6485
-27.6329
-27.5997
-27.5258
-27.4213
-27.2980
-27.1510
-27.0253
-26.8998
-26.7723
-26.6573
-26.5580
-26.4617
-26.3928
-26.3570
-26.3354
-26.2973
-26.2614
-26.1928
-26.1138
-26.0399
-25.9828
-25.9119
-25.8491
-25.7615
-25.6580
-25.5468
-25.4275
-25.3133
-25.1829
-25.0711
-24.9675
-24.8723
-24.8045
-24.7504
-24.6934
-24.6475
-24.5689
-24.4740
-24.3604
-24.2496
-24.1305
-23.9949
-23.8592
-23.7749
-23.7561
-23.7561
-23.7506
-23.7342
-23.6880
-23.6419
-23.5712
-23.4870
-23.3921
-23.2674
-23.1236
-22.9580
-22.8113
-22.6892
-22.5997
-22.5563
-22.5319
-22.5020
-22.4586
-22.3962
-22.2932
-22.1928
-22.1223
-22.0626
-22.0191
-21.9703
-21.8835
-21.7696
-21.6420
-21.5171
-21.4250
-21.3817
-21.3710
-21.3601
-21.3329
-21.3057
-21.2489
-21.1623
-21.0568
-20.9566
-20.8751
-20.7880
-20.7013
-20.5985
-20.4738
-20.3465
-20.2438
-20.1602
-20.0845
-20.0110
-19.9241
-19.7783
-19.5845
-19.3686
-19.1765
-19.0193
-18.8764
-18.7644
-18.6497
-18.5270
-18.4177
-18.3295
-18.2628
-18.2233
-18.1780
-18.1119
-18.0134
-17.9179
-17.8092
-17.6901
-17.5573
-17.4143
-17.2385
-17.0784
-16.9516
-16.8277
-16.6988
-16.5670
-16.4455
-16.3327
-16.2844
-16.2675
-16.2485
-16.1927
-16.0967
-15.9838
-15.8710
-15.8058
-15.7757
-15.7757
-15.7757
-15.7698
-15.7500
-15.7214
-15.6848
-15.6562
-15.6217
-15.5820
-15.5320
-15.4667
-15.3508
-15.1797
-14.9615
-14.7361
-14.5378
-14.3838
-14.2733
-14.2132
-14.1872
-14.1621
-14.0945
-14.0199
-13.9200
-13.8051
-13.6862
-13.5692
-13.4432
-13.3262
-13.2041
-13.0992
-13.0378
-13.0156
-12.9692
-12.8956
-12.7968
-12.6566
-12.4993
-12.3248
-12.1552
-11.9947
-11.8707
-11.7679
-11.6789
-11.6233
-11.5918
-11.5788
-11.5658
-11.5273
-11.4752
-11.4057
-11.3269
-11.2691
-11.2176
-11.2002
-11.1971
-11.1940
-11.1779
-11.1463
-11.0955
-11.0348
-10.9436
-10.8027
-10.6171
-10.4038
-10.2317
-10.1321
-10.0874
-10.0700
-10.0395
-9.9798
-9.9024
-9.7817
-9.6341
-9.4836
-9.3028
-9.1058
-8.8737
-8.6913
-8.5536
-8.4510
-8.3802
-8.3368
-8.3271
-8.3191
-8.3110
-8.2903
-8.2487
-8.1830
-8.1125
-8.0468
-7.9988
-7.9908
-7.9780
-7.9781
-7.9749
-7.9718
-7.9623
-7.9496
-7.9241
-7.9084
-7.8862
-7.8607
-7.8335
-7.8061
-7.7644
-7.7066
-7.6085
-7.4606
-7.2950
-7.1229
-6.9780
-6.8765
-6.8120
-6.7669
-6.7348
-6.7204
-6.7043
-6.6947
-6.6819
-6.6561
-6.6320
-6.6061
-6.5738
-6.5190
-6.4221
-6.3188
-6.1928
-6.0620
-5.9505
-5.8648
-5.7886
-5.7252
-5.6475
-5.5682
-5.4937
-5.4338
-5.4017
-5.3984
-5.3951
-5.3870
-5.3675
-5.3351
-5.3014
-5.2612
-5.2191
-5.1558
-5.0891
-5.0225
-4.9739
-4.9257
-4.9016
-4.8836
-4.8414
-4.7880
-4.7294
-4.6562
-4.5795
-4.4977
-4.3776
-4.2241
-4.0569
-3.8801
-3.7076
-3.5868
-3.5231
-3.4929
-3.4595
-3.4067
-3.3249
-3.2431
-3.1668
-3.1193
-3.0777
-3.0272
-2.9721
-2.8917
-2.7586
-2.5929
-2.4169
-2.2399
-2.0832
-1.9491
-1.8351
-1.7620
-1.7264
-1.7230
-1.7196
-1.7196
-1.7128
-1.7027
-1.6861
-1.6454
-1.5875
-1.5332
-1.4593
-1.3693
-1.2689
-1.1845
-1.1102
-1.0391
-0.9944
-0.9590
-0.9280
-0.9065
-0.8898
-0.8594
-0.8150
-0.7671
-0.7260
-0.6744
-0.6053
-0.5399
-0.4747
-0.4059
-0.3368
-0.2817
-0.2418
-0.2287
-0.2086
-0.2047
-0.1903
-0.1639
-0.1255
-0.0873
-0.0492
-0.0149
0.0123
0.0467
0.0850
0.1198
0.1546
0.1937
0.2361
0.2914
0.3502
0.4421
0.5446
0.6489
0.7416
0.8287
0.9268
1.0178
1.0983
1.1684
1.2245
1.2558
1.2612
1.2635
1.2635
1.2633
1.2668
1.2668
1.2702
1.2674
1.2845
1.3053
1.3155
1.3218
1.3342
1.3430
1.3602
1.3801
1.3937
1.3957
1.4001
1.4116
1.4528
1.5091
1.5833
1.6372
1.7055
1.7919
1.8929
1.9964
2.0788
2.1365
2.1832
2.2074
2.2003
2.1926
2.1874
2.1752
2.1689
2.1431
2.1039
2.0803
2.0788
2.0814
2.0761
2.0680
2.0367
1.9744
1.9378
1.9300
1.9651
2.0596
2.2099
2.4114
2.6484
2.9081
3.1210
3.1979
3.1102
2.7951
2.3044
1.7029
1.1594
0.7604
0.5353
0.4943
0.5038
0.3953
0.1134
-0.3274
-0.8244
-1.3175
-1.7510
-2.0954
-2.2761
-2.3319
-2.2450
-2.1246
-1.9773
-1.8611
-1.7971
-1.8075
-1.7873
-1.6907
-1.4980
-1.2223
-0.9412
-0.7376
-0.6764
-0.7605
-0.9687
-1.2343
-1.4556
-1.6499
-1.8053
-1.9729
-2.1443
-2.3082
-2.4522
-2.5417
-2.5999
-2.6286
-2.6232
-2.6016
-2.5682
-2.5331
-2.5107
-2.4965
-2.4877
-2.4952
-2.5124
-2.5613
-2.5940
-2.6412
-2.6942
-2.7159
-2.7506
-2.7953
-2.8752
-2.9829
-3.0774
-3.1574
-3.2230
-3.2618
-3.2830
-3.2757
-3.2544
-3.2221
-3.2213
-3.2227
-3.2432
-3.2688
-3.2908
-3.3113
-3.3369
-3.3522
-3.3660
-3.3943
-3.4381
-3.4891
-3.5581
-3.6089
-3.6198
-3.6305
-3.6378
-3.6595
-3.6799
-3.6848
-3.6959
-3.7316
-3.8149
-3.9337
-4.0452
-4.1286
-4.1827
-4.2014
-4.1798
-4.1402
-4.0879
-4.0457
-4.0131
-4.0029
-3.9775
-3.9471
-3.8979
-3.8503
-3.7896
-3.7441
-3.7058
-3.6849
-3.6640
-3.6423
-3.6070
-3.5818
-3.5768
-3.5768
-3.5768
-3.5839
-3.5925
-3.5961
-3.6183
-3.6576
-3.6991
-3.7198
-3.7471
-3.7644
-3.7752
-3.7931
-3.8198
-3.8343
-3.8632
-3.8703
-3.8775
-3.8768
-3.9041
-3.9293
-3.9566
-3.9925
-4.0176
-4.0355
-4.0534
-4.0606
-4.0606
-4.0793
-4.1202
-4.1886
-4.2605
-4.3138
-4.3260
-4.3260
-4.3260
-4.3397
-4.3571
-4.3690
-4.3845
-4.4277
-4.4623
-4.4989
-4.5432
-4.5750
-4.6134
-4.6790
-4.7704
-4.8898
-4.9917
-5.0850
-5.1386
-5.1612
-5.1630
-5.1631
-5.1527
-5.1531
-5.1499
-5.1609
-5.1647
-5.1720
-5.1757
-5.1689
-5.1761
-5.1834
-5.2012
-5.2120
-5.2157
-5.2054
-5.1882
-5.1745
-5.1784
-5.1663
-5.1648
-5.1647
-5.1751
-5.2133
-5.2758
-5.3328
-5.3826
-5.4208
-5.4691
-5.5103
-5.5618
-5.6219
-5.6821
-5.7422
-5.7973
-5.8576
-5.9265
-6.0093
-6.0697
-6.1129
-6.1353
-6.1510
-6.1475
-6.1493
-6.1546
-6.1769
-6.1926
-6.1978
-6.1823
-6.1581
-6.1270
-6.1097
-6.0924
-6.0804
-6.0822
-6.1064
-6.1583
-6.2188
-6.2796
-6.3056
-6.3232
-6.3566
-6.4089
-6.4472
-6.4925
-6.5238
-6.5308
-6.5379
-6.5361
-6.5275
-6.5241
-6.5363
-6.5797
-6.6196
-6.6630
-6.6821
-6.7065
-6.7449
-6.7991
-6.8656
-6.9598
-7.0627
-7.1655
-7.2615
-7.3173
-7.3540
-7.3767
-7.3959
-7.4273
-7.4709
-7.5076
-7.5496
-7.5777
-7.6145
-7.6548
-7.7022
-7.7286
-7.7479
-7.7568
-7.7761
-7.7936
-7.8250
-7.8758
-7.9108
-7.9389
-7.9599
-7.9809
-7.9949
-8.0089
-8.0422
-8.1104
-8.1735
-8.2785
-8.3906
-8.5096
-8.6199
-8.7145
-8.7986
-8.8529
-8.8914
-8.9159
-8.9334
-8.9544
-8.9911
-9.0277
-9.0593
-9.0890
-9.1257
-9.1572
-9.1819
-9.2116
-9.2536
-9.2886
-9.3165
-9.3303
-9.3459
-9.3772
-9.4191
-9.4592
-9.4974
-9.5130
-9.5268
-9.5356
-9.5374
-9.5271
-9.5306
-9.5341
-9.5375
-9.5444
-9.5547
-9.5547
-9.5513
-9.5273
-9.4929
-9.4741
-9.4659
-9.4892
-9.5281
-9.5687
-9.6059
-9.6252
-9.6446
-9.6693
-9.6834
-9.7099
-9.7487
-9.8016
-9.8579
-9.9215
-9.9779
-10.0256
-10.0679
-10.1049
-10.1384
-10.1739
-10.2197
-10.2884
-10.3869
-10.5332
-10.6956
-10.8494
-10.9817
-11.0790
-11.1249
-11.1371
-11.1439
-11.1541
-11.1663
-11.1926
-11.2190
-11.2703
-11.3359
-11.4136
-11.5069
-11.6233
-11.7680
-11.9149
-12.0442
-12.1330
-12.1594
-12.1661
-12.1728
-12.1796
-12.1897
-12.2093
-12.2290
-12.2865
-12.3827
-12.5082
-12.6398
-12.7573
-12.8441
-12.8948
-12.9213
-12.9213
-12.9280
-12.9402
-12.9436
-12.9558
-12.9810
-13.0028
-13.0491
-13.0798
-13.1160
-13.1555
-13.2128
-13.2667
-13.3387
-13.4353
-13.5286
-13.6207
-13.6968
-13.7662
-13.8180
-13.8610
-13.8985
-13.9525
-14.0131
-14.0593
-14.1233
-14.1883
-14.2523
-14.3218
-14.3946
-14.4563
-14.5402
-14.6450
-14.7554
-14.8736
-14.9766
-15.0574
-15.1281
-15.1690
-15.2034
-15.2289
-15.2467
-15.2612
-15.2989
-15.3398
-15.3931
-15.4554
-15.5301
-15.6002
-15.6822
-15.7575
-15.8131
-15.8664
-15.9141
-15.9408
-15.9807
-16.0274
-16.0732
-16.1134
-16.1521
-16.1878
-16.2242
-16.2840
-16.3408
-16.3976
-16.4521
-16.4954
-16.5256
-16.5499
-16.5800
-16.6113
-16.6427
-16.6740
-16.7174
-16.7609
-16.8195
-16.8751
-16.9574
-17.0194
-17.0742
-17.1272
-17.1833
-17.2162
-17.2539
-17.2956
-17.3341
-17.3662
-17.3990
-17.4401
-17.4636
-17.4815
-17.5122
-17.5340
-17.5583
-17.6045
-17.6841
-17.7727
-17.8709
-17.9908
-18.1049
-18.2425
-18.4072
-18.5672
-18.6798
-18.7152
-18.7240
-18.7239
-18.7238
-18.7238
-18.7300
-18.7264
-18.7161
-18.6936
-18.6863
-18.7016
-18.7357
-18.7822
-18.8217
-18.8598
-18.8835
-18.9016
-18.8981
-18.8814
-18.8647
-18.8384
-18.7945
-18.7312
-18.6546
-18.5544
-18.4303
-18.3015
-18.1766
-18.0450
-17.9233
-17.7824
-17.5837
-17.4394
-17.3750
-17.3533
-17.3440
-17.3250
-17.3025
-17.2404
-17.1287
-16.9852
-16.8347
-16.6611
-16.4892
-16.3206
-16.1529
-16.0079
-15.8638
-15.7222
-15.6172
-15.5321
-15.4470
-15.3488
-15.2618
-15.2121
-15.2011
-15.1979
-15.2014
-15.1997
-15.1621
-15.0948
-15.0429
-15.0335
-15.1066
-15.2238
-15.3477
-15.4526
-15.5542
-15.6239
-15.6881
-15.7624
-15.8618
-15.9989
-16.1392
-16.2863
-16.4224
-16.5207
-16.6048
-16.6668
-16.7269
-16.7784
-16.8332
-16.8825
-16.9111
-16.9254
-16.9468
-16.9744
-17.0219
-17.0851
-17.1913
-17.2968
-17.4007
-17.4817
-17.5459
-17.5615
-17.5740
-17.5928
-17.6053
-17.6115
-17.6178
-17.6178
-17.6266
-17.6497
-17.6784
-17.7016
-17.7716
-17.8759
-18.0366
-18.2691
-18.5202
-18.7451
-18.9145
-19.0240
-19.0741
-19.0950
-19.1289
-19.1770
-19.2083
-19.2460
-19.2875
-19.3365
-19.3809
-19.4517
-19.5404
-19.6350
-19.7526
-19.8956
-20.0125
-20.1193
-20.1977
-20.2847
-20.3506
-20.4306
-20.5451
-20.6858
-20.8524
-21.0185
-21.1083
-21.1142
-21.1172
-21.1321
-21.1621
-21.2048
-21.2568
-21.3031
-21.3493
-21.3740
-21.3742
-21.3743
-21.3774
-21.3836
-21.3900
-21.4027
-21.4309
-21.4623
-21.4905
-21.5093
-21.5219
-21.5251
-21.5346
-21.5534
-21.5754
-21.5973
-21.6369
-21.6763
-21.7008
-21.7222
-21.7462
-21.7637
-21.7782
-21.7932
-21.8109
-21.8319
-21.8620
-21.9102
-21.9706
-22.0507
-22.1157
-22.1627
-22.1805
-22.1805
-22.1835
-22.1865
-22.1955
-22.2104
-22.2491
-22.3032
-22.3838
-22.4788
-22.5934
-22.7016
-22.7918
-22.8562
-22.9119
-22.9849
-23.0522
-23.0877
-23.1291
-23.1676
-23.1911
-23.2087
-23.2204
-23.2235
-23.2294
-23.2412
-23.2591
-23.2863
-23.3283
-23.3674
-23.4094
-23.4597
-23.5189
-23.5722
-23.6112
-23.6467
-23.6878
-23.7370
-23.7890
-23.8354
-23.9019
-23.9771
-24.0553
-24.1365
-24.2061
-24.2755
-24.3419
-24.3739
-24.3974
-24.4178
-24.4326
-24.4415
-24.4590
-24.4823
-24.5171
-24.5520
-24.5842
-24.6164
-24.6345
-24.6638
-24.7071
-24.7420
-24.7743
-24.8008
-24.8187
-24.8307
-24.8282
-24.8342
-24.8259
-24.8264
-24.8212
-24.8050
-24.7804
-24.7585
-24.7424
-24.7291
-24.7213
-24.7216
-24.7219
-24.7221
-24.7141
-24.7178
-24.7330
-24.7426
-24.7578
-24.7842
-24.8022
-24.8199
-24.8320
-24.8468
-24.8591
-24.8769
-24.8946
-24.9040
-24.9190
-24.9256
-24.9432
-24.9496
-24.9615
-24.9703
-24.9765
-24.9854
-25.0000
-25.0173
-25.0431
-25.0690
-25.1007
-25.1378
-25.1723
-25.2066
-25.2408
-25.2720
-25.3031
-25.3567
-25.4128
-25.4579
-25.4916
-25.5391
-25.6031
-25.6644
-25.7258
-25.7456
-25.7542
-25.7544
-25.7573
-25.7601
-25.7605
-25.7634
-25.7802
-25.7974
-25.8177
-25.8379
-25.8773
-25.9194
-25.9588
-26.0062
-26.0587
-26.1142
-26.1755
-26.2231
-26.2484
-26.2733
-26.2954
-26.3150
-26.3263
-26.3323
-26.3383
-26.3467
-26.3578
-26.3689
-26.3748
-26.3693
-26.3777
-26.3863
-26.4139
-26.4335
-26.4363
-26.4142
-26.3832
-26.3724
-26.3671
-26.3587
-26.3248
-26.2742
-26.2122
-26.1222
-26.0327
-25.9321
-25.8376
-25.7096
-25.5201
-25.3302
-25.1571
-24.9929
-24.8599
-24.7631
-24.6972
-24.6339
-24.5951
-24.5670
-24.5389
-24.5222
-24.5194
-24.5167
-24.5194
-24.5222
-24.5279
-24.5367
-24.5455
-24.5736
-24.5909
-24.5887
-24.5635
-24.5298
-24.4851
-24.4407
-24.4018
-24.3799
-24.3608
-24.3442
-24.3277
-24.3113
-24.2921
-24.2505
-24.2061
-24.1563
-24.0929
-24.0045
-23.9078
-23.8112
-23.7174
-23.6484
-23.6235
-23.6123
-23.5817
-23.5514
-23.5071
-23.4463
-23.3689
-23.2722
-23.1423
-22.9709
-22.7553
-22.5454
-22.3828
-22.3114
-22.3035
-22.3064
-22.3064
-22.2843
-22.2677
-22.2456
-22.2069
-22.1794
-22.1464
-22.1191
-22.0945
-22.0616
-22.0287
-21.9957
-21.9545
-21.9108
-21.8725
-21.8478
-21.8452
-21.8342
-21.8094
-21.7708
-21.7239
-21.6632
-21.5942
-21.5226
-21.4455
-21.3985
-21.3627
-21.3242
-21.3021
-21.2746
-21.2500
-21.2059
-21.1729
-21.1512
-21.1239
-21.0883
-21.0278
-20.9454
-20.8548
-20.7694
-20.6950
-20.6179
-20.5021
-20.3727
-20.2106
-20.0076
-19.7901
-19.5889
-19.3823
-19.2145
-19.0880
-18.9867
-18.9347
-18.9041
-18.8843
-18.8454
-18.7822
-18.6786
-18.5444
-18.4073
-18.2917
-18.2009
-18.1148
-18.0341
-17.9521
-17.8482
-17.7526
-17.6735
-17.5969
-17.5326
-17.4690
-17.3929
-17.2945
-17.1649
-17.0152
-16.8595
-16.7097
-16.5652
-16.4099
-16.2441
-16.0746
-15.9028
-15.7559
-15.6787
-15.6645
-15.6555
-15.6330
-15.5746
-15.4697
-15.3311
-15.1768
-15.0134
-14.8552
-14.7343
-14.6258
-14.5068
-14.3710
-14.2504
-14.1309
-14.0373
-13.9582
-13.9037
-13.8389
-13.7801
-13.6955
-13.5781
-13.4627
-13.3679
-13.2906
-13.2515
-13.2123
-13.1681
-13.1207
-13.0568
-12.9733
-12.8724
-12.7900
-12.7210
-12.6571
-12.6282
-12.5922
-12.5469
-12.4821
-12.4101
-12.3400
-12.2813
-12.2338
-12.1730
-12.1090
-12.0494
-11.9898
-11.9444
-11.9041
-11.8524
-11.7717
-11.6467
-11.4721
-11.2759
-11.0908
-10.9217
-10.7836
-10.7115
-10.6684
-10.6272
-10.5986
-10.5435
-10.4624
-10.3351
-10.1654
-9.9466
-9.7442
-9.5532
-9.3913
-9.2541
-9.1332
-9.0055
-8.8797
-8.7551
-8.6415
-8.5722
-8.5475
-8.5393
-8.5393
-8.5393
-8.5296
-8.5233
-8.5172
-8.5110
-8.5048
-8.4888
-8.4791
-8.4662
-8.4566
-8.4471
-8.4246
-8.3891
-8.3373
-8.2707
-8.1761
-8.0582
-7.9370
-7.8305
-7.7271
-7.6582
-7.6253
-7.5990
-7.5858
-7.5643
-7.5330
-7.4737
-7.3930
-7.2975
-7.1904
-7.0617
-6.9280
-6.8024
-6.6703
-6.5596
-6.4868
-6.4521
-6.4455
-6.4455
-6.4389
-6.4223
-6.4009
-6.3694
-6.3213
-6.2600
-6.2053
-6.1723
-6.1260
-6.0696
-5.9964
-5.9167
-5.8434
-5.7667
-5.6617
-5.5682
-5.4850
-5.4418
-5.4253
-5.4170
-5.4170
-5.4035
-5.3769
-5.3383
-5.2711
-5.1885
-5.1012
-4.9771
-4.8477
-4.7209
-4.6131
-4.5359
-4.4938
-4.4530
-4.4189
-4.3848
-4.3612
-4.3446
-4.3176
-4.2734
-4.2512
-4.2322
-4.2387
-4.2419
-4.2528
-4.2474
-4.2150
-4.1620
-4.1108
-4.0597
-4.0066
-3.9703
-3.9478
-3.9169
-3.8691
-3.8281
-3.7933
-3.7739
-3.7783
-3.7694
-3.7352
-3.7111
-3.6904
-3.6870
-3.6921
-3.6869
-3.6763
-3.6864
-3.7093
-3.7232
-3.7188
-3.7116
-3.7008
-3.6803
-3.6699
-3.6595
-3.6526
-3.6540
-3.6541
-3.6771
-3.7395
-3.8135
-3.8586
-3.8635
-3.8496
-3.8045
-3.7667
-3.7147
-3.6696
-3.6346
-3.6133
-3.6231
-3.6541
-3.6276
-3.5628
-3.4311
-3.2811
-3.1900
-3.1512
-3.2314
-3.4200
-3.7140
-4.0395
-4.3169
-4.4971
-4.5192
-4.4055
-4.2336
-4.1101
-4.0694
-4.1300
-4.2506
-4.3419
-4.3433
-4.2995
-4.2871
-4.3203
-4.4431
-4.6400
-4.9275
-5.3197
-5.7538
-6.1939
-6.6138
-6.9624
-7.2087
-7.3567
-7.4429
-7.4782
-7.5444
-7.6196
-7.6911
-7.7642
-7.8282
-7.8412
-7.8181
-7.7629
-7.6990
-7.6660
-7.6744
-7.7135
-7.7526
-7.7862
-7.8126
-7.8691
-7.9379
-8.0115
-8.0708
-8.1192
-8.1372
-8.1303
-8.0937
-8.0537
-8.0561
-8.1186
-8.2057
-8.3034
-8.3677
-8.3983
-8.4026
-8.3930
-8.3939
-8.4144
-8.4525
-8.4873
-8.4991
-8.5003
-8.5030
-8.5287
-8.5632
-8.5979
-8.6257
-8.6549
-8.6807
-8.7204
-8.7616
-8.8146
-8.8936
-8.9656
-9.0180
-9.0494
-9.0742
-9.0717
-9.0589
-9.0583
-9.0593
-9.0724
-9.0647
-9.0501
-9.0146
-8.9723
-8.9459
-8.9332
-8.9171
-8.9269
-8.9525
-8.9557
-8.9396
-8.8922
-8.8238
-8.7660
-8.7569
-8.7756
-8.8065
-8.8476
-8.8887
-8.9195
-8.9502
-9.0047
-9.0490
-9.0829
-9.1101
-9.1338
-9.1644
-9.1747
-9.1883
-9.2053
-9.2189
-9.2291
-9.2393
-9.2461
-9.2563
-9.2597
-9.2665
-9.2718
-9.2770
-9.2909
-9.2996
-9.3187
-9.3307
-9.3274
-9.3413
-9.3570
-9.3920
-9.4462
-9.5091
-9.5461
-9.5963
-9.6791
-9.7912
-9.9398
-10.0692
-10.1866
-10.2371
-10.2377
-10.2262
-10.2129
-10.2029
-10.1948
-10.1915
-10.1915
-10.1881
-10.1781
-10.1647
-10.1581
-10.1413
-10.1279
-10.1145
-10.1012
-10.0844
-10.0710
-10.0542
-10.0475
-10.0442
-10.0375
-10.0375
-10.0375
-10.0395
-10.0520
-10.0646
-10.0843
-10.1113
-10.1383
-10.1740
-10.2064
-10.2315
-10.2373
-10.2292
-10.2225
-10.2297
-10.2650
-10.3069
-10.3474
-10.3948
-10.4667
-10.5881
-10.7289
-10.8785
-10.9708
-10.9888
-10.9840
-10.9807
-10.9840
-10.9807
-10.9807
-10.9807
-10.9840
-10.9807
-10.9840
-10.9874
-10.9961
-11.0102
-11.0397
-11.0832
-11.1093
-11.1335
-11.1509
-11.1509
-11.1630
-11.1750
-11.2052
-11.2561
-11.3258
-11.4009
-11.4659
-11.5169
-11.5309
-11.5417
-11.5557
-11.5785
-11.6087
-11.6335
-11.7019
-11.7716
-11.8601
-11.9486
-12.0370
-12.1080
-12.1449
-12.1544
-12.1497
-12.1591
-12.1806
-12.2250
-12.2760
-12.3544
-12.4583
-12.5807
-12.7247
-12.8458
-12.9407
-13.0105
-13.0420
-13.0562
-13.0649
-13.0823
-13.0986
-13.1290
-13.1801
-13.2422
-13.2987
-13.3782
-13.4338
-13.4641
-13.4923
-13.5205
-13.5650
-13.6149
-13.6703
-13.7422
-13.8273
-13.9091
-13.9909
-14.0520
-14.0890
-14.1118
-14.1411
-14.1737
-14.2095
-14.2552
-14.2889
-14.3258
-14.3508
-14.3670
-14.3800
-14.3800
-14.3930
-14.4092
-14.4158
-14.4135
-14.4253
-14.4469
-14.4741
-14.5067
-14.5230
-14.5263
-14.5405
-14.5667
-14.6060
-14.6669
-14.7529
-14.8680
-15.0037
-15.1371
-15.2269
-15.2799
-15.2962
-15.3058
-15.3172
-15.3373
-15.3465
-15.3665
-15.3985
-15.4194
-15.4308
-15.4540
-15.4407
-15.4233
-15.4232
-15.4231
-15.4231
-15.4372
-15.4554
-15.4586
-15.4586
-15.4618
-15.4705
-15.4846
-15.5019
-15.5193
-15.5519
-15.5899
-15.6499
-15.7224
-15.8254
-16.0007
-16.2770
-16.5697
-16.8644
-17.0816
-17.2051
-17.2318
-17.2318
-17.2318
-17.2387
-17.2487
-17.2588
-17.2515
-17.2560
-17.2722
-17.2947
-17.3321
-17.3695
-17.3983
-17.4295
-17.4395
-17.4488
-17.4550
-17.4704
-17.4859
-17.5047
-17.5301
-17.5553
-17.5805
-17.5993
-17.6244
-17.6527
-17.6716
-17.6953
-17.7158
-17.7339
-17.7560
-17.7829
-17.8238
-17.8389
-17.8476
-17.8476
-17.8539
-17.8697
-17.8949
-17.9374
-17.9752
-18.0328
-18.0942
-18.1556
-18.2059
-18.2637
-18.3067
-18.3482
-18.3894
-18.4292
-18.4635
-18.5015
-18.5366
-18.5693
-18.5880
-18.6214
-18.6548
-18.6735
-18.7000
-18.7441
-18.7876
-18.8335
-18.9003
-18.9882
-19.0474
-19.0779
-19.0989
-19.1137
-19.1390
-19.1673
-19.2306
-19.3143
-19.4134
-19.5717
-19.7812
-19.9671
-20.1039
-20.1956
-20.2553
-20.2644
-20.2786
-20.3121
-20.3485
-20.3682
-20.3880
-20.4057
-20.4381
-20.4853
-20.5416
-20.5687
-20.5806
-20.5862
-20.5974
-20.6284
-20.6655
-20.6976
-20.7304
-20.7670
-20.8065
-20.8611
-20.9294
-20.9891
-21.0572
-21.1334
-21.2119
-21.2880
-21.3523
-21.3821
-21.3977
-21.4160
-21.4225
-21.4438
-21.4562
-21.4746
-21.4903
-21.5115
-21.5356
-21.5565
-21.5803
-21.6043
-21.6345
-21.6738
-21.7192
-21.7622
-21.8196
-21.8825
-21.9369
-21.9543
-21.9116
-21.8656
-21.8416
-21.8336
-21.8365
-21.8253
-21.8030
-21.7806
-21.7722
-21.7722
-21.7722
-21.7693
-21.7609
-21.7611
-21.7441
-21.6958
-21.6113
-21.5100
-21.3858
-21.2536
-21.1812
-21.1788
-21.1848
-21.1969
-21.2092
-21.2214
-21.2306
-21.2277
-21.2277
-21.2308
-21.2337
-21.2339
-21.2400
-21.2493
-21.2622
-21.2470
-21.2115
-21.1948
-21.1948
-21.1862
-21.1862
-21.1833
-21.1660
-21.1460
-21.0662
-20.8989
-20.7153
-20.6438
-20.6626
-20.6980
-20.7040
-20.7047
-20.6969
-20.7060
-20.7089
-20.7035
-20.7126
-20.7251
-20.7489
-20.7702
-20.7915
-20.8276
-20.8843
-20.9439
-21.0267
-21.1298
-21.2441
-21.3236
-21.3799
-21.4385
-21.4764
-21.4793
-21.4793
-21.4793
-21.4821
-21.4935
-21.4992
-21.4937
-21.4854
-21.4746
-21.4582
-21.4360
-21.3972
-21.3529
-21.3168
-21.2893
-21.2786
-21.2792
-21.2574
-21.2327
-21.1939
-21.1608
-21.1280
-21.1066
-21.1021
-21.0863
-21.0458
-20.9771
-20.9004
-20.8545
-20.8249
-20.8199
-20.8228
-20.8173
-20.8118
-20.7925
-20.7786
-20.7652
-20.7633
-20.7614
-20.7430
-20.6938
-20.6332
-20.6030
-20.5980
-20.6068
-20.6070
-20.5991
-20.5912
-20.5778
-20.5477
-20.5293
-20.5111
-20.5042
-20.4969
-20.4951
-20.4792
-20.4633
-20.4277
-20.3975
-20.3623
-20.3599
-20.3630
-20.3576
-20.3412
-20.3248
-20.3139
-20.2972
-20.2863
-20.2814
-20.2794
-20.2774
-20.2503
-20.2177
-20.1683
-20.1357
-20.1278
-20.1367
-20.1398
-20.1294
-20.1078
-20.0727
-20.0378
-20.0003
-19.9574
-19.9255
-19.8910
-19.8640
-19.8177
-19.7905
-19.7713
-19.7630
-19.7547
-19.7385
-19.7224
-19.6929
-19.6521
-19.6142
-19.5735
-19.5465
-19.5358
-19.5225
-19.5010
-19.4602
-19.4141
-19.3764
-19.3578
-19.3250
-19.2951
-19.2569
-19.2378
-19.2187
-19.1942
-19.1834
-19.1644
-19.1511
-19.1159
-19.0753
-19.0289
-18.9634
-18.9063
-18.8462
-18.7755
-18.7043
-18.6137
-18.4929
-18.3473
-18.1905
-18.0308
-17.8327
-17.6187
-17.3812
-17.1651
-17.0057
-16.9194
-16.8940
-16.8850
-16.8572
-16.7812
-16.6744
-16.5346
-16.3798
-16.2423
-16.1334
-16.0470
-16.0192
-16.0192
-16.0131
-15.9996
-15.9756
-15.9321
-15.8960
-15.8465
-15.7834
-15.7016
-15.6108
-15.4966
-15.3464
-15.1849
-14.9625
-14.6732
-14.4440
-14.3096
-14.2660
-14.2750
-14.2780
-14.2749
-14.2514
-14.2072
-14.1538
-14.1035
-14.0315
-13.9420
-13.8505
-13.7488
-13.6346
-13.5112
-13.3856
-13.2600
-13.1272
-12.9974
-12.8975
-12.8243
-12.7717
-12.7159
-12.6561
-12.6119
-12.5583
-12.5378
-12.5194
-12.4884
-12.4409
-12.3571
-12.2333
-12.1043
-11.9895
-11.8318
-11.6295
-11.4295
-11.2427
-11.0698
-10.9361
-10.8509
-10.7956
-10.7639
-10.7607
-10.7543
-10.7397
-10.7269
-10.7207
-10.7048
-10.6860
-10.6659
-10.6361
-10.5851
-10.5180
-10.4540
-10.4029
-10.3647
-10.3427
-10.3204
-10.2916
-10.2787
-10.2756
-10.2693
-10.2598
-10.2279
-10.1767
-10.1060
-10.0093
-9.9417
-9.9067
-9.8876
-9.8553
-9.8326
-9.8262
-9.8295
-9.8230
-9.8199
-9.8136
-9.7910
-9.7555
-9.7037
-9.6324
-9.5564
-9.4739
-9.3932
-9.3159
-9.2432
-9.1651
-9.0915
-9.0295
-8.9841
-8.9551
-8.9325
-8.9211
-8.9181
-8.9237
-8.9364
-8.9141
-8.8787
-8.8353
-8.7667
-8.7062
-8.6487
-8.5557
-8.4726
-8.4028
-8.3480
-8.3065
-8.2916
-8.2883
-8.2949
-8.3115
-8.3245
-8.3409







































































































































































































































































































































































































































































































































































































































































































































































































































































































































































































































































































































































































































































































































































































































































































































































































































































































































































































































































































































































































































































































































































































































































































































































































































































































































































































































































































































































































































































































































































































































































































































































































































































































































































































































































































































































































































































































































































































































































































































































































































































































































































































































































































































































































































































































































































































































































































































































































































































































































































































































































































































































































































































































































































































































































































































































































































































































































































































































































































































































































































































































































































































































































































































































































































































































































































































































































































































































































































































































































































































































































































































































































































































































































































































































































































































































































































































































































































































































































































































































































































































































































































































































































































































































































































































































































































































































































































































































































































































































































































































































































































































































































































































































































































































































































































































































































































































































































































































































































































































































































































































































































































































































































































































































































































































































































































































































































































































































































































































































































































































































































































































































































































































































































































































































































































































































































































































































































































































































































































































































































































































































































































































































































































































































































































































































































































































































































































































































































































































































































































































































































































































































































































































































































































































































































































































































































































































































































































































































































































































































































































































































































































































































































































































































































































































































































































































































































































































































































































































































































































































































































































































































































































































































































































































































































































































































































































































































































































































































































































































































































































































































































































































































































































































































































































































































































































































































































































































































































































































































































































































































































































































































































































































































































































































































































































































































































































































































































































































































































































































































































































































































































































































































































































































































































































































































































































































































































































































































































































































































































































































































































































































































































































































































































































































































































































































