42.94864064
43.02814148
43.1143664
43.22170039
43.32825644
43.44937966
43.56635736
43.67166819
43.79790738
43.93072988
44.05163206
44.19064593
44.32806224
44.46062281
44.55048679
44.6091403
44.69329929
44.74652171
44.76084463
44.76617772
44.77379456
44.78674103
44.80088595
44.80322988
44.80761181
44.80354838
44.80607239
44.8087872
44.81576179
44.81939976
44.81625079
44.80644756
44.79631221
44.78045161
44.76663556
44.76866901
44.76675192
44.76440523
44.74637293
44.72218158
44.71066897
44.70685614
44.69539935
44.69025371
44.68974407
44.68609003
44.68867317
44.68574198
44.68925639
44.68129419
44.67379398
44.67011077
44.67537719
44.67242452
44.678192
44.67438634
44.67566596
44.66833299
44.66403921
44.66773081
44.67079424
44.66713455
44.68381255
44.69575519
44.70099141
44.70817428
44.70470647
44.72000106
44.73215063
44.74542768
44.75445747
44.75798781
44.74420835
44.7558158
44.75403714
44.73878181
44.7402933
44.74434765
44.7468162
44.74421261
44.74353018
44.74460054
44.72861505
44.71222237
44.70052685
44.67665718
44.64699335
44.62333529
44.61577548
44.6277552
44.63494927
44.64283927
44.67456615
44.70661153
44.72492649
44.75698345
44.78904775
44.81115767
44.84625148
44.91734945
44.98542559
45.06733873
45.14190566
45.19636172
45.2391947
45.27573032
45.30378339
45.33713024
45.36478061
45.39549788
45.43479967
45.44562908
45.45701964
45.45387528
45.44314993
45.43288507
45.41445187
45.38822554
45.36350658
45.32947618
45.28907861
45.26741571
45.2344639
45.18239974
45.14384425
45.11678574
45.09193426
45.07539992
45.06544952
45.06312262
45.06411854
45.05862941
45.05614711
45.0445042
45.03953745
45.03490725
45.02565816
45.03229434
45.04202089
45.04556044
45.06343279
45.07849603
45.079582
45.07648551
45.07873665
45.07699298
45.07392764
45.05956318
45.04927679
45.05723643
45.06511272
45.07583785
45.09172268
45.0992276
45.11622104
45.12784897
45.13795938
45.14582775
45.15747149
45.16705349
45.20166397
45.23920167
45.29668941
45.3417598
45.39104835
45.45723844
45.51227705
45.54880973
45.59035996
45.63736186
45.66510827
45.69429733
45.72656606
45.75161145
45.7723677
45.80381661
45.83182277
45.83261899
45.84709897
45.8412617
45.83705053
45.83287874
45.84004196
45.86509508
45.88012829
45.8951625
45.91019779
45.92523392
45.93055366
45.92172143
45.92038372
45.91308467
45.89561391
45.88380683
45.86569646
45.85228997
45.8424275
45.82602885
45.81101739
45.79136842
45.76164776
45.73183152
45.70713481
45.68490137
45.64328326
45.62259785
45.58325792
45.5382352
45.52943677
45.52971702
45.51226496
45.5076722
45.51889849
45.53445666
45.53597278
45.53834793
45.55542417
45.56320031
45.5736028
45.58758435
45.58967679
45.59531756
45.60090716
45.61897428
45.63769521
45.65580973
45.6717192
45.70665331
45.73494303
45.76409287
45.77555121
45.79390512
45.81769422
45.8401357
45.85327713
45.87608394
45.88364403
45.91710664
45.96065947
46.00925202
46.048008
46.08794933
46.11322371
46.13327937
46.15755803
46.18514604
46.21116542
46.22853933
46.24605247
46.29980443
46.32380493
46.33378186
46.35516517
46.3543227
46.35506677
46.36661468
46.36605648
46.37099966
46.38013684
46.37863288
46.38936188
46.3934179
46.40019858
46.42047066
46.42867568
46.43427601
46.43994154
46.44025993
46.46230129
46.48752527
46.50072905
46.53182923
46.54276455
46.55097235
46.56480147
46.56488288
46.56298486
46.56204671
46.57053475
46.56658194
46.56019212
46.57173447
46.56357199
46.57344138
46.59115314
46.59489099
46.59736846
46.61033639
46.65493889
46.68628886
46.73499479
46.77590613
46.80086309
46.81528099
46.8327177
46.85653751
46.8820506
46.90542433
46.93209186
46.95467697
46.98552513
47.0313063
47.08734795
47.12880285
47.13883374
47.14573507
47.16441179
47.1827823
47.2063762
47.21479013
47.2028013
47.2004847
47.20401091
47.22226079
47.22023374
47.20885498
47.19481135
47.17341101
47.13732449
47.10864349
47.09333537
47.08199581
47.07821632
47.07979339
47.07979339
47.08294871
47.08610561
47.08768465
47.08926409
47.09874896
47.10922629
47.10583279
47.09429004
47.09051489
47.08673992
47.08455453
47.08555099
47.09032546
47.09133029
47.09292387
47.08537834
47.05897475
47.03861368
47.05265387
47.06601409
47.07843543
47.10122982
47.11521484
47.13690258
47.14683561
47.14324582
47.13565142
47.1355862
47.12459601
47.12777375
47.13228352
47.14209754
47.15181108
47.16868236
47.19516049
47.20585773
47.19268914
47.16681359
47.17045424
47.18315535
47.18463212
47.18734116
47.19526481
47.2046572
47.23299689
47.26158115
47.26698545
47.25605869
47.24149236
47.23257995
47.21639687
47.19860966
47.18490484
47.17319169
47.18333507
47.20451511
47.23014573
47.22645407
47.2377344
47.27083123
47.29758631
47.29788488
47.29963906
47.30139362
47.30135006
47.29595955
47.30823716
47.33722515
47.36096678
47.38135679
47.40815769
47.43533102
47.4499878
47.45004291
47.45004291
47.45573507
47.45752954
47.46111961
47.46471113
47.47010118
47.47909193
47.48060256
47.48060256
47.48060256
47.48060256
47.48060256
47.48060256
47.48413327
47.47844518
47.48550802
47.47197954
47.46809437
47.46594189
47.45241967
47.4577575
47.45741157
47.45921467
47.46067472
47.46187265
47.47369667
47.48521235
47.48155787
47.49638383
47.50688957
47.50840561
47.50840561
47.51022418
47.50617703
47.50396203
47.5073165
47.49964587
47.47700753
47.46357786
47.45580973
47.45935951
47.45159451
47.44527983
47.44117745
47.43707978
47.42927196
47.41938443
47.42635123
47.43123285
47.43993354
47.44703646
47.44839019
47.45887623
47.46541344
47.48293955
47.48974537
47.49682329
47.49682329
47.4986839
47.50050593
47.50962615
47.51146647
47.52080275
47.52639924
47.52826712
47.55415711
47.58877825
47.61638872
47.62562179
47.62745825
47.63125007
47.62565317
47.62565317
47.62565317
47.62565317
47.62754983
47.61621944
47.61951264
47.62507902
47.63396642
47.63361403
47.63150721
47.6294919
47.6294919
47.61274298
47.59408585
47.57945179
47.56481629
47.54293119
47.5168709
47.50187819
47.48712892
47.46679055
47.43718618
47.39248606
47.3572954
47.32969525
47.30968443
47.28608845
47.27874988
47.27892533
47.2846932
47.28140536
47.27835103
47.28480288
47.27798376
47.27847168
47.27897792
47.28335676
47.27833683
47.28672614
47.29351202
47.30756514
47.31412836
47.32037796
47.3243181
47.32825966
47.32861523
47.33256075
47.33453404
47.33489803
47.33724278
47.34553061
47.34507388
47.34067592
47.34384578
47.36016147
47.39361954
47.43514375
47.49789912
47.55175121
47.62994065
47.69815856
47.72518738
47.7369706
47.75513592
47.78033663
47.79040577
47.80991358
47.82853742
47.83059369
47.82167232
47.81373599
47.81928325
47.82483056
47.82628091
47.82219129
47.82774034
47.83328944
47.82072438
47.8137112
47.79968732
47.78274982
47.76933377
47.75016892
47.72410054
47.70924784
47.71103742
47.71420778
47.73199589
47.7525979
47.77887633
47.79687078
47.82120164
47.83792488
47.85471107
47.86180523
47.87663772
47.87122272
47.86508578
47.86242529
47.85420335
47.87323969
47.86679534
47.86675245
47.88437494
47.90935491
47.91310189
47.91927447
47.92681283
47.92794727
47.9259598
47.92446572
47.95016211
47.98483797
48.01307354
48.03918593
48.05853289
48.08897895
48.11398162
48.13580534
48.15772566
48.17415407
48.18734993
48.20505004
48.21833856
48.23163859
48.23491351
48.23378004
48.23828303
48.242857
48.24857386
48.25660584
48.27374634
48.29777839
48.30648626
48.31195327
48.31758957
48.32139419
48.31762472
48.31407739
48.32437024
48.32955071
48.33012548
48.33389052
48.32762704
48.30721521
48.30530996
48.32143408
48.31958155
48.33120357
48.34535106
48.36043004
48.38111637
48.40265042
48.4095176
48.41567211
48.43143758
48.45209235
48.47047431
48.49950613
48.53199717
48.55856113
48.59000913
48.59733556
48.60129891
48.60107479
48.61476146
48.62303795
48.63863753
48.67590806
48.68416992
48.70198969
48.72342949
48.7367842
48.73831516
48.73831516
48.73831516
48.73419576
48.72961526
48.71927567
48.71681699
48.72179079
48.73210369
48.74449847
48.76023946
48.77855869
48.78785758
48.78471378
48.76675439
48.74631252
48.74283163
48.74436881
48.74553688
48.77485453
48.81352685
48.85838585
48.88823724
48.90824217
48.92594163
48.94591574
48.96446257
48.97699957
48.97674833
48.97674833
48.97674833
48.97674833
48.9739382
48.9790609
48.97881515
48.97320281
48.97552691
48.97762114
48.97693256
48.98398144
48.99581531
49.01310898
49.02774175
49.05562239
49.08872376
49.12203892
49.15278534
49.17325304
49.18874859
49.20450246
49.22564043
49.23356106
49.23355278
49.23619359
49.23884065
49.24148795
49.24415699
49.2522055
49.27640582
49.31429243
49.36879905
49.4086204
49.43344871
49.45594706
49.49667915
49.53172688
49.54220143
49.54627903
49.54695099
49.54243927
49.54555308
49.54383177
49.54284865
49.54026611
49.54378009
49.55433059
49.57915516
49.60361038
49.613914
49.62895109
49.63114541
49.62759053
49.62475927
49.62427772
49.62537686
49.63875368
49.6749874
49.70912063
49.74110048
49.76488584
49.7773757
49.78034594
49.78011579
49.78311333
49.79466967
49.80845326
49.82631458
49.84381186
49.84759709
49.85889276
49.86590294
49.8585926
49.87195359
49.87800311
49.88656477
49.90116848
49.90522251
49.91557869
49.92132514
49.93410229
49.94994422
49.94626478
49.9441677
49.95050386
49.97387379
49.98249617
49.99787155
50.01897642
50.04849296
50.08220634
50.11595425
50.14285508
50.14777507
50.14777507
50.14777507
50.15102968
50.15419733
50.176145
50.19981856
50.22986124
50.26118454
50.28090499
50.30714489
50.33395524
50.35317274
50.38047426
50.40996414
50.44593149
50.46607922
50.47821854
50.49336633
50.49537855
50.50702325
50.51363542
50.51222761
50.52545656
50.53396988
50.53937409
50.5501555
50.57156188
50.5993522
50.65972384
50.71993596
50.74645052
50.75589028
50.73628117
50.74353492
50.7375532
50.74090581
50.74090581
50.74593439
50.73595526
50.73686227
50.73396026
50.74575726
50.75452275
50.76170634
50.76962058
50.7662685
50.76553168
50.75996546
50.76993468
50.79086542
50.81417249
50.82891553
50.84364874
50.86020298
50.86585276
50.86674418
50.85940752
50.86436562
50.85720807
50.87250682
50.89147167
50.90368099
50.90925103
50.9159262
50.93291636
50.92967418
50.91856069
50.90405163
50.91211864
50.91487242
50.93029895
50.93931596
50.93312215
50.93694703
50.93749237
50.91927259
50.93237233
50.95994574
50.98434019
51.00377328
51.01358566
51.00973445
51.0084954
51.0239035
51.03684425
51.04132731
51.05142095
51.05222047
51.0568218
51.06342392
51.08189175
51.08766347
51.08057933
51.07184298
51.07298118
51.0727586
51.08871629
51.10458716
51.11020369
51.10829039
51.10068634
51.10105713
51.09344088
51.08703024
51.08225012
51.06089276
51.0328168
51.00521419
50.99048991
50.98714878
50.98905315
50.98004069
50.9782387
50.9818714
50.99277056
50.99350572
50.99426991
51.00542323
51.00767756
50.99324036
50.98100906
50.96379948
50.97364068
51.00097518
51.01794822
51.01291112
50.99450976
50.98117316
50.98355219
50.98921466
51.01388484
51.03813201
51.04429473
51.03360992
51.01472078
51.00864162
51.00632703
51.00628691
51.00116101
50.97572014
50.9658031
50.97010573
50.98832632
50.99586924
50.99147367
50.98646281
50.98146351
50.99128982
51.00558515
51.02650374
51.03183807
51.01729823
50.99475796
50.99615267
51.01056015
51.01876714
51.02311098
51.03792765
51.05581224
51.06207703
51.048684
51.03697175
51.05672486
51.1011466
51.12875705
51.13214148
51.12703943
51.14333159
51.19206963
51.23958343
51.28786975
51.33171609
51.3592818
51.38098605
51.40528749
51.4230757
51.45599628
51.48974304
51.52880835
51.57130702
51.62052486
51.66282398
51.71195231
51.75128769
51.77900259
51.77580446
51.77728419
51.78546637
51.79314327
51.79489605
51.80581331
51.8088787
51.79753998
51.79280171
51.80527375
51.81884942
51.82194006
51.82521831
51.81548707
51.80861503
51.80861503
51.80861503
51.80160375
51.78906055
51.76631315
51.74506547
51.72357911
51.69510106
51.67009249
51.65137969
51.64369742
51.64628501
51.63398906
51.60864426
51.59709552
51.59003323
51.59642337
51.57425596
51.53950194
51.52164282
51.51360764
51.51544904
51.52947057
51.5343
51.52228895
51.49555224
51.49179752
51.47817951
51.47473441
51.47566149
51.48625574
51.49703072
51.49305715
51.49247598
51.4902867
51.47985455
51.49180584
51.49523324
51.4902308
51.47931721
51.47924125
51.48932136
51.49541171
51.47960032
51.47060855
51.45787391
51.46345293
51.46836292
51.46398582
51.48367378
51.49353839
51.49234773
51.48499498
51.48509514
51.47463726
51.47093926
51.46789166
51.4704742
51.45652843
51.44149543
51.43453127
51.42285023
51.40616164
51.38162679
51.37834232
51.40220582
51.41586586
51.40943913
51.40116099
51.39600702
51.39749471
51.40994163
51.42657455
51.42553091
51.40391629
51.38303496
51.36693378
51.33670098
51.31118367
51.29168737
51.286894
51.31145116
51.31499358
51.32400271
51.32559116
51.32644749
51.31637683
51.29626165
51.28099732
51.27107919
51.2567366
51.26878193
51.27270283
51.26114044
51.26190697
51.25978523
51.25920611
51.25209162
51.24288192
51.22295629
51.21409368
51.19956735
51.17984025
51.16431204
51.16646125
51.16457663
51.14843514
51.14083179
51.13342575
51.119625
51.10064989
51.07965717
51.05552501
51.01984122
51.00192945
51.01097962
51.0247729
51.02659055
51.03578847
51.04220373
51.05323044
51.05778523
51.05218331
51.04194101
51.02983687
51.01594117
50.99759962
50.97769332
50.96270378
50.94692989
50.93572251
50.91534074
50.88847585
50.87567265
50.87035099
50.86046663
50.85410376
50.86200195
50.85930486
50.85660803
50.85758664
50.85585269
50.85978757
50.87210783
50.88104155
50.87992855
50.86808631
50.85461023
50.84220297
50.83688393
50.84902844
50.85409898
50.84709882
50.8451904
50.84369363
50.83055871
50.81422999
50.79431406
50.7628723
50.70569534
50.66774573
50.66290935
50.66372078
50.65473765
50.6388411
50.6294632
50.60616706
50.58141242
50.55964736
50.54718902
50.53485218
50.53625782
50.52848513
50.5063294
50.46806397
50.43583477
50.42023012
50.3964717
50.33936814
50.27775022
50.20090769
50.14220502
50.08300703
50.03643322
50.0181652
50.02682411
50.02438576
50.0219477
50.0219477
50.01707244
50.01367836
50.00937599
49.9855119
49.94965046
49.91905323
49.89124927
49.8701085
49.8421653
49.80812463
49.77864489
49.74887035
49.71970172
49.70636017
49.68668751
49.68715303
49.68419596
49.67491833
49.65353119
49.62849035
49.60671443
49.57661585
49.53362402
49.49768808
49.46662253
49.43046433
49.39141678
49.36478344
49.34333276
49.32496774
49.30228957
49.2743162
49.26196892
49.24197809
49.21759157
49.1949121
49.17563473
49.16538033
49.16135049
49.14795825
49.12733976
49.10896357
49.09064228
49.08256341
49.0759175
49.05543379
49.03306742
48.9935335
48.94799262
48.92441141
48.90240318
48.86881972
48.82390248
48.78549998
48.75371156
48.72454844
48.70181338
48.6953596
48.69411004
48.68899481
48.68899481
48.69293954
48.69092599
48.69092599
48.69286279
48.69066908
48.69056316
48.68851105
48.69050864
48.70054708
48.69764038
48.6988091
48.6990331
48.68626801
48.6906095
48.68982953
48.68217523
48.67064579
48.64843795
48.62761284
48.59728895
48.56931172
48.53397441
48.48520755
48.427143
48.37684948
48.33372864
48.29722284
48.24619036
48.19722893
48.13585305
48.05883814
48.01368867
47.99239108
47.9668742
47.91409314
47.83522001
47.72490162
47.60673716
47.51698982
47.44423401
47.37022159
47.29666723
47.20987831
47.09671101
46.89880395
46.6270802
46.25093783
45.77823101
45.22914643
44.56921932
43.79126834
42.91615242
41.91899651
40.85192107
39.69607416
38.548621
37.5590344
36.82057268
36.33017101
36.08543361
35.92433209
35.83224023
35.7225285
35.6257705
35.4943198
35.44254985
35.4739651
35.56741766
35.67745948
35.78805842
35.87622284
35.97619872
36.06138881
36.17297058
36.25611573
36.34809696
36.45433217
36.58680342
36.7488481
36.94488711
37.21090958
37.49015006
37.71018776
37.91325963
38.10144663
38.33349548
38.56376183
38.79755489
39.04827736
39.33314402
39.61697058
39.86694304
40.06732406
40.21900269
40.30260575
40.37128593
40.41998295
40.47739816
40.52862717
40.6018495
40.67773745
40.75066356
40.80624026
40.86358705
40.92932391
41.01577027
41.09315192
41.16440067
41.24441611
41.33373095
41.44402393
41.5657283
41.6683417
41.75988715
41.84054153
41.90748101
41.96781417
42.02586507
42.08208227
42.14379358
42.19762832
42.25474576
42.29405776
42.32679679
42.3734054
42.40952753
42.44068132
42.46962078
42.50575885
42.5369372
42.57804382
42.62856017
42.69240838
42.74364057
42.80380846
42.87955241
42.9352601
42.94639414
42.95302272
42.95969497
42.98421702
43.02038247
43.0713087
43.1524562
43.23029867
43.32226332
43.44012919
43.55360709
43.66580873
43.80012161
43.91736545
44.02241024
44.10738598
44.16524385
44.21114491
44.22655407
44.23627154
44.2605676
44.28972737
44.33129001
44.36582065
44.42418971
44.46797923
44.52060738
44.5723214
44.62402071
44.65051911
44.68458
44.70891319
44.71378023
44.71378023
44.71378023
44.71812042
44.71542463
44.71982612
44.70957252
44.69394411
44.68977701
44.68881498
44.67595974
44.67282867
44.68605357
44.70809837
44.72970506
44.75405829
44.79160423
44.80043284
44.80926211
44.8436961
44.88827273
44.9214356
44.96602808
45.01021702
45.04115891
45.06326511
45.08537534
45.09422056
45.09422056
45.08418479
45.06855221
45.04254597
45.02103735
45.00957629
45.01365346
45.01365346
45.01365346
45.00848515
45.01232752
45.00718682
45.00423826
45.0048023
45.00343892
45.01580482
45.06007615
45.08651953
45.10130474
45.09902703
45.0912991
45.09660806
45.08905679
45.08432361
45.08309384
45.08973798
45.08998042
45.09711251
45.09546531
45.10977384
45.12198605
45.14993198
45.1640625
45.18032956
45.19208144
45.19749678
45.21138767
45.22770519
45.25036543
45.27123581
45.28305108
45.2864601
45.28570023
45.28952695
45.31121751
45.30833741
45.31669917
45.3133798
45.31385461
45.32274852
45.33553895
45.32999137
45.31535194
45.31941213
45.31410591
45.29967633
45.27588815
45.25203065
45.22821809
45.20445048
45.18540605
45.1617255
45.13802747
45.10967074
45.08868641
45.07290816
45.06024335
45.06156882
45.05417
45.04728776
45.04511902
45.01718422
45.01875523
45.01419457
45.01022802
45.01154766
45.01150984
45.00962881
45.00262356
45.00911412
45.0057715
44.99260986
44.96767806
44.93753186
44.9254646
44.91585127
44.92958874
44.95017668
44.96168352
44.95709545
44.95381105
44.94956755
44.95903661
44.96850623
44.96265931
44.96108799
44.96322504
44.94886492
44.93445584
44.91533406
44.89822307
44.89197815
44.88393356
44.89217878
44.90737957
44.93319566
44.93249618
44.92938829
44.92082243
44.92350128
44.91198288
44.91219632
44.91102819
44.90505491
44.90418181
44.90557468
44.88523479
44.86613032
44.86282746
44.83636688
44.81486413
44.79737847
44.7802865
44.77134058
44.76562503
44.75988088
44.76059622
44.7571658
44.74509839
44.74658531
44.74421434
44.75280661
44.75845984
44.75434497
44.75023262
44.76118455
44.77375557
44.7731424
44.77817051
44.79319338
44.81825338
44.82536067
44.84001962
44.83999733
44.83361732
44.84058911
44.851505
44.85555054
44.8645545
44.88399826
44.90347001
44.9006446
44.90721346
44.92371877
44.92397752
44.91736324
44.92399507
44.93617296
44.93843303
44.9544925
44.97439082
44.98491601
45.00597809
45.01826847
45.039959
45.07104556
45.08774397
45.11689286
45.13286455
45.14196409
45.15783279
45.18446905
45.20805146
45.22856354
45.2447754
45.26599465
45.28155581
45.30149408
45.30395294
45.30087593
45.30544727
45.30141525
45.28246028
45.26479199
45.24888278
45.22478326
45.21676799
45.20875696
45.19640108
45.1927476
45.17100848
45.15502539
45.1354254
45.12091534
45.08950542
45.07186749
45.05673709
45.04596385
45.03954082
45.02805933
45.00718773
45.00157513
44.99321065
44.99234705
44.9735659
44.94543577
44.91681686
44.90561295
44.89116273
44.88611909
44.89214033
44.90242923
44.91786341
44.92389033
44.92654322
44.92920657
44.9200041
44.90748681
44.90110089
44.90605967
44.90879277
44.90518952
44.89247534
44.87806585
44.86404802
44.86707329
44.87749532
44.88791776
44.89834062
44.9139757
44.90659944
44.89922749
44.91850494
44.93376397
44.92218131
44.89600433
44.87649221
44.87269675
44.88529233
44.88520899
44.88520899
44.89233479
44.89530906
44.89718204
44.90015812
44.88881279
44.87221634
44.8615985
44.84613034
44.82652746
44.81220415
44.79337675
44.77269946
44.77615044
44.77894358
44.76977605
44.75279719
44.74786009
44.74257395
44.73497749
44.72622335
44.72159628
44.70468321
44.69842049
44.69849347
44.69763719
44.71156367
44.71082565
44.70606737
44.70670739
44.71555808
44.70821102
44.70888807
44.70566958
44.68917063
44.66077573
44.64863281
44.65594066
44.65385448
44.64449877
44.63379231
44.6330401
44.62690327
44.61948755
44.62096426
44.61877783
44.60754622
44.59617578
44.6001929
44.61454759
44.62511937
44.61374906
44.61180623
44.61387863
44.61118994
44.61971501
44.61051279
44.5900014
44.57348496
44.57771279
44.57304893
44.58321564
44.58885548
44.58561907
44.5789317
44.57818756
44.58539428
44.58133468
44.58471639
44.58415062
44.56981624
44.55549109
44.54117519
44.53380072
44.52296565
44.52803136
44.52420582
44.51798894
44.52166789
44.50661815
44.51584043
44.53057036
44.5461555
44.54298943
44.56017214
44.57190647
44.57270883
44.58838636
44.58727831
44.5830211
44.57914598
44.59368624
44.60664584
44.61375195
44.6303184
44.64509244
44.65452533
44.67701232
44.71267613
44.75236637
44.78463636
44.82990595
44.84728313
44.83205947
44.83176092
44.83342451
44.83689771
44.84037181
44.84037181
44.85136384
44.85629632
44.86416403
44.87186782
44.88880294
44.91981578
44.98036001
45.06293628
45.12320432
45.13902978
45.15346169
45.171704
45.17674587
45.17735451
45.18152872
45.17273087
45.16408647
45.16914132
45.17699722
45.19241625
45.22610872
45.23898938
45.23280208
45.22654982
45.18318597
45.11417533
45.04034602
45.03176416
45.03030324
45.01385799
44.99007398
45.00021597
45.01571235
45.0583435
45.10040537
45.13807619
45.15017951
45.16337083
45.20661029
45.25563537
45.32332796
45.3719813
45.43563177
45.4936573
45.53703187
45.57400346
45.61103677
45.65838973
45.69788365
45.73365845
45.74161042
45.73624606
45.73109971
45.7159453
45.67714436
45.63598009
45.57869562
45.54878118
45.51904875
45.48578471
45.45991624
45.45550094
45.44930291
45.44648492
45.42619062
45.39017672
45.37212575
45.35826153
45.36469974
45.41848876
45.47028856
45.52945567
45.57309757
45.61427327
45.63636088
45.64201618
45.64131878
45.64457997
45.63962861
45.63715675
45.66004214
45.69365643
45.72429156
45.77843423
45.82540415
45.85452839
45.85791395
45.86227925
45.87833278
45.90529861
45.92687279
45.95923656
45.98081407
45.99160332
46.0023929
46.0023929
46.0005256
45.99634545
45.98831738
45.98414874
45.98632644
46.01289201
46.02374245
46.04626462
46.06349513
46.07663569
46.10335836
46.12212138
46.14725371
46.142553
46.11985223
46.09500963
46.08152438
46.06885089
46.06953814
46.09694489
46.1260908
46.1502715
46.18582179
46.21115318
46.232933
46.24864198
46.28399381
46.3018283
46.34170604
46.3833301
46.41150167
46.44094804
46.47724561
46.53332641
46.59152482
46.63874658
46.64861959
46.65947309
46.66489996
46.68876399
46.7299482
46.77322188
46.81973704
46.85221257
46.88476448
46.89891998
46.89568416
46.89244923
46.8946265
46.89898205
46.89687747
46.89592118
46.90270992
46.90856866
46.91553673
46.91916422
46.92160512
46.92062517
46.92088135
46.92460975
46.92742645
46.93030576
46.94481237
46.96253654
46.96285957
46.97537921
46.98516955
46.98236185
46.97418408
46.97414098
46.96509021
46.97268403
46.983921
46.99746428
47.03450819
47.05177222
47.05779992
47.06149927
47.06698905
47.06698905
47.06926933
47.07154993
47.08146977
47.09595385
47.12359369
47.17089566
47.21946027
47.26023279
47.28448927
47.29609974
47.29392927
47.30390693
47.31520969
47.32407355
47.33660818
47.35650063
47.38113416
47.40346042
47.41403001
47.41989172
47.42103702
47.42043443
47.42515918
47.4233489
47.43458226
47.44704437
47.46851526
47.4877414
47.50948439
47.54726774
47.59237021
47.61577847
47.63279661
47.65611119
47.66752975
47.67515967
47.67684213
47.69053976
47.69607481
47.70901569
47.73295074
47.76792243
47.81011148
47.83548854
47.85849061
47.88297861
47.89729447
47.91192709
47.91884469
47.92080087
47.93300361
47.95021802
47.97746331
48.00203537
48.01872805
48.03552056
48.03439971
48.04885644
48.08411304
48.10382107
48.11843342
48.12541413
48.13610769
48.13577591
48.13394063
48.13379923
48.14676292
48.14490913
48.15524341
48.16482513
48.18151536
48.20091905
48.21694275
48.22954686
48.23256339
48.24235195
48.24598448
48.24089984
48.2403949
48.24275088
48.24438471
48.23840788
48.24031169
48.24657132
48.24257835
48.24363047
48.23946675
48.24046787
48.23155167
48.2304912
48.23195129
48.22064961
48.21719718
48.2033875
48.2051839
48.19628508
48.19520001
48.19619298
48.18978163
48.1884671
48.19260332
48.20183942
48.216932
48.22977706
48.24586288
48.26986195
48.28668273
48.30823203
48.32991011
48.3512102
48.37485273
48.39802518
48.43534761
48.46404305
48.49300346
48.53598222
48.5911366
48.64143703
48.68275868
48.69377653
48.6957446
48.69143601
48.69209955
48.69276537
48.68631825
48.68484506
48.6974901
48.70162896
48.70232144
48.70317076
48.72621238
48.75234473
48.77379946
48.80823091
48.85273583
48.89108368
48.9168786
48.93365381
48.94396248
48.96229461
48.97974186
48.98499245
48.98692841
48.98305392
48.97727757
48.98027804
48.98816469
48.9941442
48.990427
48.9937049
49.00048547
49.00355148
49.02370107
49.03130845
49.0381793
49.04112164
49.05784617
49.05776731
49.05612397
49.05882072
49.07431247
49.08901375
49.11074094
49.13692851
49.15193372
49.16277933
49.1589524
49.1555862
49.16337427
49.19414135
49.22593581
49.24099244
49.23202116
49.21001805
49.17494665
49.14465663
49.14206517
49.16002303
49.17798578
49.17577003
49.18235558
49.17765527
49.18064712
49.18193221
49.18280595
49.17990653
49.17370581
49.18868924
49.18516207
49.17362721
49.18971035
49.21129971
49.22716955
49.23013475
49.22951963
49.21647011
49.20483391
49.20754419
49.21028349
49.20983078
49.21288214
49.22238856
49.24022288
49.24730835
49.24272279
49.23695211
49.24844458
49.25725737
49.25976915
49.251716
49.25880974
49.26613064
49.28136221
49.26954609
49.26052046
49.24975646
49.23729902
49.21572931
49.21066137
49.22158453
49.25012536
49.309702
49.35871731
49.37681816
49.37652641
49.37556959
49.37556959
49.39053214
49.38910901
49.36613979
49.35442005
49.35648877
49.37363375
49.38306255
49.38304018
49.38505036
49.40103815
49.40576366
49.40727801
49.42705616
49.44443179
49.44998785
49.45560783
49.46314625
49.47510026
49.47763791
49.47830128
49.46959909
49.45908749
49.4681253
49.4709919
49.45933125
49.46270488
49.46421826
49.46688328
49.47335734
49.48420518
49.48958133
49.48489897
49.49153463
49.4870885
49.48342503
49.48549882
49.50532475
49.52472772
49.52910383
49.5247109
49.52855745
49.52201116
49.51907152
49.53956544
49.57081192
49.57108964
49.55803978
49.54839491
49.55128693
49.55601966
49.57310085
49.57958158
49.57032281
49.55318838
49.54369075
49.54581303
49.57148195
49.59031981
49.60518401
49.60330744
49.60113813
49.58693876
49.57300345
49.59198318
49.61576659
49.63456348
49.65060344
49.65750249
49.63594794
49.62678168
49.64725496
49.66548597
49.66914902
49.66470057
49.6554483
49.64846795
49.63025391
49.61409852
49.60329671
49.61954422
49.6474782
49.67565262
49.67703046
49.67095025
49.66176677
49.65778415
49.65505294
49.66194144
49.66316411
49.67607446
49.67600028
49.67206702
49.64937641
49.60915723
49.57637412
49.57481198
49.59271234
49.6231166
49.63259401
49.61608565
49.5958944
49.57985242
49.56873261
49.58101378
49.59739476
49.60670835
49.59699839
49.59606491
49.58999834
49.58501348
49.5864391
49.58492344
49.58287238
49.57524646
49.58887687
49.59376471
49.59415005
49.59134126
49.58011569
49.58255898
49.57617059
49.56959766
49.57466191
49.56935072
49.56671016
49.56245508
49.5607633
49.55513798
49.5669284
49.58086713
49.57372875
49.56227521
49.54828172
49.52336924
49.50176176
49.48266658
49.4669514
49.45091792
49.4529368
49.45862304
49.46290237
49.43267358
49.39518372
49.36925457
49.35530072
49.33590913
49.32894954
49.32007471
49.30170843
49.28304482
49.26619761
49.25776234
49.24462229
49.22834866
49.22412307
49.18954017
49.16280075
49.17189343
49.19830777
49.20245679
49.20424208
49.20424208
49.20424208
49.1971894
49.19772652
49.20194558
49.20623605
49.20936482
49.20063618
49.19492133
49.18524437
49.18204842
49.18139037
49.16864488
49.14638722
49.11072741
49.07041767
49.03192334
48.99080148
48.96720619
48.94741371
48.92785917
48.90927265
48.8999628
48.8959467
48.88401687
48.87265642
48.87325557
48.877129
48.8725309
48.86479161
48.83955092
48.8047174
48.77624038
48.74604658
48.72800174
48.71843386
48.71302486
48.71163181
48.70652162
48.70799824
48.70289019
48.69160609
48.68647256
48.67223304
48.66075788
48.63917431
48.62574925
48.60953221
48.58488472
48.55135608
48.51927103
48.48555077
48.44187406
48.39606412
48.36512002
48.33305971
48.32367345
48.32700156
48.33152079
48.33378172
48.33378172
48.32401449
48.32122419
48.30155565
48.26961371
48.2185162
48.17905627
48.1433772
48.09616676
48.03167574
47.99415221
47.97997015
47.96584352
47.93937947
47.91766778
47.8942117
47.88677286
47.8858776
47.8762519
47.85326918
47.83540341
47.81623853
47.80988895
47.80123834
47.77368208
47.7566197
47.73765656
47.70318598
47.67636636
47.65159476
47.61767507
47.58663523
47.56488627
47.5439194
47.52429032
47.50534803
47.47472263
47.45009412
47.42890811
47.41519809
47.40122294
47.38986385
47.37665785
47.37649813
47.37783878
47.37260066
47.36012914
47.35917296
47.33492247
47.29743454
47.27028243
47.2572528
47.2401563
47.23586911
47.22943876
47.2230115
47.21872837
47.21181093
47.2139668
47.19399697
47.18558202
47.17025879
47.1498552
47.14509186
47.13436414
47.10662356
47.09418033
47.06675623
47.03923886
47.0136722
46.98768962
46.97633544
46.94124163
46.86587318
46.76766822
46.61433904
46.43524625
46.19613229
45.89856972
45.56579479
45.21245097
44.76124144
44.22014319
43.63619254
43.02545967
42.31267845
41.56961523
40.78773439
40.04698734
39.42036777
38.99183167
38.74953599
38.6899101
38.69596106
38.70336667
38.72997725
38.75547767
38.80917853
38.8479683
38.88576733
38.85891692
38.79681794
38.78969338
38.84789637
38.91667625
38.98552955
39.06748142
39.14882258
39.26045157
39.35933717
39.45816496
39.55236252
39.66087044
39.76952713
39.90710923
40.04489673
40.16618966
40.26381698
40.33989451
40.41313022
40.46485881
40.51660885
40.57314843
40.64393598
40.73131065
40.83999909
40.98183563
41.10244582
41.23012899
41.35541658
41.47819359
41.56540276
41.65018916
41.75611133
41.87389966
41.9940721
42.11167854
42.2011987
42.29050979
42.37235561
42.44233104
42.52624125
42.60077014
42.67527481
42.72184616
42.77307441
42.83359581
42.90805895
42.97787515
43.04770567
43.09199723
43.12237756
43.15981245
43.19258982
43.24170358
43.30703693
43.3933706
43.49155221
43.5781442
43.67160207
43.76483708
43.8347301
43.88558895
43.92704555
43.97317821
44.03314397
44.09778072
44.15764884
44.20823505
44.25406538
44.29064563
44.31351342
44.354864
44.39385146
44.45370226
44.49984025
44.52744748
44.56412301
44.60520387
44.66456518
44.71481447
44.76067171
44.79745755
44.83889174
44.89415638
44.94944271
44.99092165
45.02555809
45.08561425
45.13184326
45.16424664
45.1874382
45.21058342
45.24522335
45.25904863
45.27748441
45.2982509
45.31669058
45.33052189
45.34435452
45.35357701
45.36741185
45.37202376
45.38124801
45.37673567
45.37222349
45.36781361
45.36791689
45.35900113
45.36372451
45.36369116
45.35929185
45.34806242
45.33483607
45.31507581
45.2978459
45.28725869
45.30895945
45.32886364
45.35408341
45.37117908
45.4020432
45.42353369
45.42069215
45.41682839
45.41045578
45.41086501
45.41601178
45.4096434
45.4146014
45.4146014
45.41231482
45.41271841
45.41086224
45.41601977
45.41194153
45.41260986
45.41576452
45.4165137
45.41012025
45.40847165
45.40706639
45.41245548
45.41515923
45.41314167
45.41562192
45.41810305
45.41638421
45.4107724
45.40767979
45.3935158
45.37080723
45.35321281
45.33353128
45.30919614
45.29347547
45.29142244
45.28582001
45.29165381
45.28830999
45.27172373
45.25957697
45.23862004
45.22986099
45.21091824
45.16909892
45.12964767
45.09371621
45.06244838
45.06134661
45.0530547
45.05086223
45.05571736
45.05352545
45.05352545
45.05352545
45.05838092
45.05618957
45.06104537
45.06590131
45.06638641
45.06516953
45.07149826
45.07397248
45.07547076
45.08620603
45.08721741
45.08721741
45.09259202
45.09796902
45.08105264
45.07005521
45.07425262
45.07417932
45.05952586
45.04871023
45.04762873
45.04436232
45.04599747
45.05091671
45.05044711
45.05708866
45.0612762
45.07152055
45.09174815
45.11485232
45.1353331
45.15740528
45.16185667
45.15297785
45.150524
45.14447128
45.14128018
45.13519822
45.13910968
45.15378435
45.18571509
45.23349333
45.2645494
45.29862395
45.33058679
45.33686094
45.33501542
45.33159247
45.33238763
45.33398137
45.32420468
45.30815454
45.29875012
45.28096692
45.27319119
45.26005938
45.23525051
45.23088779
45.23869695
45.2465551
45.24482371
45.24191751
45.2320104
45.23874306
45.25705717
45.27335213
45.28680403
45.29633864
45.29977886
45.30644543
45.32333501
45.34536108
45.34356212
45.34818191
45.37870585
45.41136897
45.43793995
45.46352047
45.48398683
45.48398683
45.50144933
45.52703528
45.53426349
45.543492
45.58452292
45.63788583
45.67811003
45.71422985
45.72778397
45.72989469
45.72681279
45.72085665
45.72936893
45.75338875
45.77221958
45.80840966
45.84902811
45.89606111
45.93783879
45.9754171
45.98601333
45.99841441
46.04248133
46.08764486
46.14087724
46.18603422
46.23744613
46.29691443
46.34095099
46.39124744
46.41147888
46.41834915
46.42443134
46.42747375
46.42747375
46.42458391
46.4411431
46.44933292
46.44933292
46.45447729
46.45256259
46.44968342
46.45195341
46.44813046
46.44660502
46.44108777
46.41956829
46.42782774
46.42438813
46.45209519
46.46496417
46.46984167
46.48494271
46.47620804
46.48539167
46.50370929
46.50370929
46.50370929
46.52852647
46.55856955
46.58861101
46.61599797
46.64993159
46.69041491
46.7413507
46.79785232
46.85435557
46.90639661
46.94932378
46.97933757
46.99502042
47.0054761
47.03161683
47.05775985
47.07976675
47.09663571
47.11663932
47.13976664
47.15867123
47.1849165
47.21017777
47.22289061
47.22366127
47.22231764
47.22695788
47.24183701
47.24168323
47.2390635
47.23852784
47.2337297
47.2337297
47.23800012
47.24868213
47.26579108
47.27951687
47.27179658
47.25778512
47.25410786
47.25048192
47.25762972
47.29156039
47.31677397
47.32873097
47.34982902
47.35157564
47.35716266
47.37918967
47.38991586
47.40358803
47.41662686
47.44152014
47.46338387
47.47645605
47.48278572
47.50921817
47.52447354
47.53377541
47.55630434
47.58601444
47.60016612
47.61087909
47.61806611
47.62087242
47.60796245
47.60027966
47.60052902
47.599888
47.61035073
47.6587388
47.68707094
47.6882202
47.68674921
47.72724129
47.76475401
47.77151439
47.76633322
47.74403195
47.7269712
47.72106273
47.71217945
47.72047619
47.73184508
47.7433392
47.76168171
47.76794858
47.76287711
47.75917275
47.74880895
47.73256692
47.72088726
47.71822771
47.71501416
47.71656372
47.72054433
47.73911666
47.74448378
47.76841337
47.7968694
47.81573003
47.81745421
47.83653661
47.84062525
47.83032307
47.82792855
47.83361327
47.82421801
47.83235147
47.82778355
47.83082892
47.82315694
47.83150041
47.8478462
47.86460346
47.88377325
47.90019436
47.91317192
47.9307264
47.96177675
48.01036732
48.06551686
48.11455323
48.15972839
48.1995824
48.23684865
48.26588401
48.2908569
48.29545214
48.29793128
48.30526726
48.31994147
48.33461878
48.3332063
48.3332063
48.3332063
48.32812411
48.32671317
48.31890605
48.28582526
48.24099035
48.22706026
48.22430979
48.19503861
48.19228741
48.21902844
48.22011217
48.2225335
48.22228906
48.21953845
48.21683698
48.21421047
48.20917644
48.20917644
48.20915122
48.21165603
48.20660146
48.20656538
48.19897502
48.19518596
48.19887081
48.21001604
48.21869718
48.21869718
48.20366745
48.20366745
48.19865773
48.16860142
48.128588
48.05714684
47.98205548
47.9461795
47.98934749
48.01747369
48.03677586
48.01609646
48.01292254
48.01099092
48.01387503
48.01643778
48.01541075
48.01592419
48.02793331
48.04373868
48.04515011
48.04195728
48.05423164
48.08492915
48.11856904
48.18041798
48.26792017
48.35291325
48.38878074
48.41297424
48.45559093
48.49048986
48.49317631
48.49317631
48.49317631
48.49803834
48.51748752
48.52721274
48.5309456
48.54327352
48.55984052
48.58014143
48.59507695
48.62122131
48.65111183
48.66652014
48.6787178
48.69097496
48.68928972
48.69349429
48.71060206
48.72126322
48.7394598
48.74912418
48.75621798
48.76128954
48.76270817
48.78782214
48.81141768
48.84331369
48.86844719
48.87322218
48.87801179
48.87868782
48.88246041
48.88623318
48.892788
48.89352994
48.89942015
48.90091779
48.89844826
48.90943549
48.93143216
48.95379847
48.96400573
48.97108398
48.97533155
48.96541071
48.96781535
48.9682691
48.97451258
48.97893472
48.99246869
48.99637237
49.00220446
49.00080719
48.99576304
49.00136567
49.01270964
49.02521984
49.03394851
49.05402996
49.05315244
49.0466197
49.04484746
49.05442682
49.06586748
49.07349549
49.07181756
49.07388315
49.07970835
49.08283557
49.08420232
49.09050546
49.10432719
49.12202491
49.13772932
49.14096498
49.14040096
49.12885372
49.13704418
49.14166762
49.15711906
49.16913726
49.18621283
49.20555961
49.21397034
49.23273725
49.23665973
49.25951827
49.27877957
49.28578787
49.28509146
49.2810143
49.28582906
49.2873015
49.30325566
49.31739158
49.33610698
49.35199571
49.36140688
49.35925672
49.36552752
49.37282517
49.39052476
49.40887988
49.42629139
49.43661077
49.44541421
49.4603306
49.47465145
49.48181754
49.48738266
49.49844388
49.50461475
49.50699636
49.51834821
49.53561646
49.55838291
49.57222556
49.59331917
49.61502092
49.63230008
49.65743361
49.66981552
49.67676289
49.68776542
49.69746294
49.70099681
49.70047391
49.70253922
49.71709556
49.75660045
49.78084281
49.78265073
49.76231795
49.74865671
49.73564188
49.73328973
49.75593381
49.76907849
49.77830242
49.76478692
49.76478874
49.78270731
49.80980349
49.80485384
49.80057957
49.78916264
49.79301974
49.80502384
49.81233855
49.80724581
49.80747009
49.81021154
49.82100848
49.81911332
49.80008828
49.78336991
49.76808488
49.75920145
49.74452926
49.78171282
49.81873362
49.81457298
49.81217487
49.80958512
49.80674254
49.79386796
49.79771574
49.79308583
49.79133263
49.79652243
49.79468866
49.79998749
49.78576832
49.75909867
49.75226411
49.75265946
49.75185633
49.76250206
49.7732807
49.77697503
49.77072888
49.75040561
49.72738773
49.71844738
49.72618401
49.72574427
49.72509198
49.7219341
49.70356597
49.68542964
49.66643179
49.66363385
49.66687861
49.65091493
49.60283833
49.56241164
49.54514165
49.52420852
49.48305263
49.44249854
49.40011496
49.3890523
49.40565878
49.40307376
49.39790456
49.39451055
49.38417984
49.38401068
49.37612366
49.37240618
49.3609809
49.34031044
49.30453182
49.25269799
49.20355334
49.17166984
49.15534871
49.155361
49.14662898
49.12579728
49.11575467
49.11682387
49.11718505
49.11865459
49.1044809
49.07366232
49.0281295
48.95753793
48.92065838
48.91431341
48.91475554
48.89411508
48.87702761
48.87405699
48.87840521
48.87352841
48.87682766
48.87770367
48.8664384
48.84744396
48.81450596
48.76723345
48.7144875
48.66331708
48.60992906
48.54362849
48.48741317
48.42783468
48.37586044
48.3243712
48.29321225
48.27383317
48.25059574
48.23684513
48.22095996
48.21161845
48.202071
48.17221822
48.13572275
48.06595592
47.98752581
47.92298297
47.87435234
47.81916708
47.77560749
47.74352267
47.71147057
47.68596589
47.67320595
47.67103268
47.67300179
47.67675733
47.66890135
47.66331021
