-4.419077
-4.525461
-4.631838
-4.738202
-4.844544
-4.950859
-5.057139
-5.163377
-5.269566
-5.375699
-5.481769
-5.587770
-5.693694
-5.799535
-5.905284
-6.010937
-6.116485
-6.221921
-6.327240
-6.432433
-6.537494
-6.642416
-6.747192
-6.851815
-6.956279
-7.060576
-7.164700
-7.268644
-7.372401
-7.475964
-7.579326
-7.682482
-7.785423
-7.888143
-7.990636
-8.092894
-8.194911
-8.296681
-8.398196
-8.499450
-8.600436
-8.701148
-8.801579
-8.901723
-9.001572
-9.101121
-9.200363
-9.299291
-9.397898
-9.496179
-9.594127
-9.691736
-9.788998
-9.885908
-9.982460
-10.078646
-10.174461
-10.269899
-10.364952
-10.459616
-10.553883
-10.647748
-10.741204
-10.834245
-10.926866
-11.019059
-11.110819
-11.202141
-11.293017
-11.383442
-11.473411
-11.562916
-11.651953
-11.740515
-11.828597
-11.916193
-12.003297
-12.089903
-12.176006
-12.261600
-12.346680
-12.431239
-12.515273
-12.598776
-12.681742
-12.764166
-12.846042
-12.927365
-13.008130
-13.088332
-13.167965
-13.247024
-13.325503
-13.403399
-13.480704
-13.557416
-13.633527
-13.709035
-13.783932
-13.858216
-13.931879
-14.004919
-14.077330
-14.149107
-14.220246
-14.290742
-14.360590
-14.429786
-14.498325
-14.566203
-14.633415
-14.699957
-14.765824
-14.831012
-14.895518
-14.959336
-15.022462
-15.084893
-15.146624
-15.207651
-15.267970
-15.327578
-15.386470
-15.444642
-15.502091
-15.558813
-15.614803
-15.670060
-15.724578
-15.778354
-15.831385
-15.883668
-15.935198
-15.985972
-16.035988
-16.085242
-16.133730
-16.181449
-16.228397
-16.274570
-16.319965
-16.364579
-16.408410
-16.451454
-16.493709
-16.535171
-16.575838
-16.615708
-16.654778
-16.693044
-16.730506
-16.767160
-16.803003
-16.838034
-16.872251
-16.905650
-16.938230
-16.969988
-17.000924
-17.031033
-17.060315
-17.088768
-17.116390
-17.143178
-17.169132
-17.194249
-17.218528
-17.241967
-17.264565
-17.286320
-17.307231
-17.327296
-17.346515
-17.364885
-17.382406
-17.399076
-17.414895
-17.429861
-17.443974
-17.457231
-17.469634
-17.481180
-17.491869
-17.501701
-17.510674
-17.518788
-17.526043
-17.532438
-17.537972
-17.542646
-17.546459
-17.549410
-17.551500
-17.552728
-17.553095
-17.552600
-17.551243
-17.549025
-17.545945
-17.542004
-17.537202
-17.531539
-17.525016
-17.517633
-17.509391
-17.500290
-17.490330
-17.479513
-17.467840
-17.455310
-17.441924
-17.427684
-17.412591
-17.396645
-17.379848
-17.362201
-17.343704
-17.324359
-17.304168
-17.283131
-17.261250
-17.238527
-17.214962
-17.190558
-17.165316
-17.139238
-17.112325
-17.084580
-17.056003
-17.026598
-16.996365
-16.965307
-16.933426
-16.900723
-16.867202
-16.832864
-16.797712
-16.761747
-16.724973
-16.687391
-16.649005
-16.609816
-16.569827
-16.529041
-16.487460
-16.445088
-16.401927
-16.357979
-16.313248
-16.267737
-16.221448
-16.174385
-16.126551
-16.077949
-16.028581
-15.978452
-15.927565
-15.875922
-15.823528
-15.770386
-15.716499
-15.661870
-15.606504
-15.550404
-15.493574
-15.436017
-15.377737
-15.318738
-15.259025
-15.198599
-15.137467
-15.075632
-15.013097
-14.949867
-14.885946
-14.821339
-14.756049
-14.690081
-14.623439
-14.556127
-14.488151
-14.419514
-14.350220
-14.280275
-14.209683
-14.138449
-14.066577
-13.994072
-13.920939
-13.847182
-13.772807
-13.697818
-13.622221
-13.546019
-13.469219
-13.391825
-13.313842
-13.235276
-13.156131
-13.076413
-12.996127
-12.915279
-12.833873
-12.751914
-12.669409
-12.586363
-12.502781
-12.418669
-12.334031
-12.248875
-12.163204
-12.077026
-11.990345
-11.903168
-11.815499
-11.727345
-11.638712
-11.549605
-11.460030
-11.369993
-11.279500
-11.188557
-11.097170
-11.005344
-10.913087
-10.820404
-10.727300
-10.633783
-10.539858
-10.445531
-10.350809
-10.255698
-10.160203
-10.064332
-9.968091
-9.871486
-9.774523
-9.677208
-9.579549
-9.481551
-9.383221
-9.284565
-9.185590
-9.086302
-8.986708
-8.886814
-8.786628
-8.686154
-8.585401
-8.484374
-8.383081
-8.281527
-8.179721
-8.077667
-7.975373
-7.872846
-7.770093
-7.667119
-7.563933
-7.460540
-7.356947
-7.253162
-7.149191
-7.045041
-6.940718
-6.836230
-6.731584
-6.626785
-6.521842
-6.416761
-6.311549
-6.206213
-6.100759
-5.995195
-5.889528
-5.783764
-5.677911
-5.571975
-5.465963
-5.359883
-5.253741
-5.147544
-5.041300
-4.935014
-4.828695
-4.722349
-4.615983
-4.509604
-4.403219
-4.296835
-4.190460
-4.084099
-3.977760
-3.871450
-3.765176
-3.658945
-3.552764
-3.446640
-3.340579
-3.234590
-3.128678
-3.022850
-2.917114
-2.811477
-2.705945
-2.600526
-2.495226
-2.390052
-2.285011
-2.180111
-2.075357
-1.970757
-1.866318
-1.762046
-1.657948
-1.554032
-1.450303
-1.346770
-1.243438
-1.140314
-1.037405
-0.934719
-0.832260
-0.730038
-0.628057
-0.526325
-0.424848
-0.323634
-0.222688
-0.122017
-0.021629
0.078472
0.178277
0.277780
0.376975
0.475856
0.574415
0.672647
0.770545
0.868102
0.965312
1.062169
1.158667
1.254798
1.350558
1.445938
1.540934
1.635539
1.729747
1.823551
1.916946
2.009924
2.102482
2.194611
2.286306
2.377562
2.468371
2.558729
2.648628
2.738064
2.827031
2.915522
3.003532
3.091055
3.178085
3.264616
3.350644
3.436162
3.521164
3.605645
3.689600
3.773023
3.855909
3.938251
4.020045
4.101286
4.181967
4.262085
4.341632
4.420605
4.498998
4.576806
4.654023
4.730646
4.806667
4.882084
4.956890
5.031082
5.104653
5.177599
5.249916
5.321598
5.392642
5.463041
5.532792
5.601891
5.670331
5.738110
5.805223
5.871664
5.937431
6.002518
6.066921
6.130636
6.193659
6.255986
6.317612
6.378534
6.438747
6.498248
6.557033
6.615098
6.672439
6.729052
6.784933
6.840080
6.894488
6.948153
7.001073
7.053243
7.104661
7.155323
7.205225
7.254365
7.302738
7.350343
7.397175
7.443233
7.488512
7.533009
7.576723
7.619649
7.661786
7.703130
7.743678
7.783429
7.822379
7.860526
7.897867
7.934401
7.970123
8.005033
8.039128
8.072405
8.104863
8.136499
8.167311
8.197297
8.226456
8.254785
8.282282
8.308947
8.334776
8.359768
8.383922
8.407236
8.429708
8.451338
8.472122
8.492062
8.511154
8.529397
8.546792
8.563335
8.579027
8.593866
8.607851
8.620981
8.633256
8.644675
8.655236
8.664940
8.673785
8.681771
8.688898
8.695164
8.700570
8.705116
8.708800
8.711623
8.713585
8.714685
8.714923
8.714299
8.712814
8.710467
8.707259
8.703190
8.698259
8.692468
8.685817
8.678306
8.669936
8.660707
8.650619
8.639675
8.627873
8.615215
8.601703
8.587336
8.572115
8.556043
8.539119
8.521344
8.502721
8.483250
8.462933
8.441770
8.419763
8.396915
8.373225
8.348696
8.323329
8.297126
8.270089
8.242220
8.213520
8.183990
8.153635
8.122454
8.090450
8.057626
8.023983
7.989523
7.954250
7.918164
7.881269
7.843568
7.805061
7.765753
7.725645
7.684740
7.643042
7.600551
7.557273
7.513208
7.468361
7.422733
7.376329
7.329151
7.281202
7.232485
7.183004
7.132762
7.081762
7.030007
6.977501
6.924248
6.870250
6.815511
6.760036
6.703826
6.646888
6.589223
6.530835
6.471730
6.411910
6.351379
6.290142
6.228202
6.165563
6.102230
6.038207
5.973497
5.908106
5.842037
5.775295
5.707884
5.639809
5.571073
5.501683
5.431641
5.360953
5.289623
5.217657
5.145058
5.071831
4.997982
4.923515
4.848436
4.772748
4.696457
4.619568
4.542085
4.464015
4.385363
4.306132
4.226329
4.145959
4.065027
3.983538
3.901498
3.818912
3.735786
3.652124
3.567933
3.483218
3.397984
3.312238
3.225984
3.139229
3.051978
2.964237
2.876011
2.787307
2.698129
2.608485
2.518380
2.427820
2.336810
2.245357
2.153467
2.061146
1.968399
1.875234
1.781655
1.687670
1.593284
1.498503
1.403335
1.307784
1.211857
1.115561
1.018902
0.921887
0.824520
