11.5697
11.5546
11.5437
11.5626
11.5936
11.6051
11.5829
11.5175
11.4216
11.2909
11.1972
11.1541
11.1330
11.1050
11.0563
11.0133
10.9657
10.9312
10.9137
10.9175
10.9174
10.8888
10.8109
10.6592
10.4437
10.2237
10.0464
9.9560
9.9546
9.9703
9.9781
9.9617
9.9458
9.9522
10.0018
10.0384
10.0265
9.9555
9.9004
9.8725
9.8682
9.8737
9.9004
9.9236
9.9560
9.9580
9.9585
9.9651
9.9810
9.9623
9.9304
9.9113
9.8896
9.8975
9.9201
9.9319
9.9276
9.9269
9.9459
9.9765
9.9975
9.9985
9.9696
9.9147
9.8581
9.8240
9.8056
9.8203
9.8278
9.8192
9.8091
9.8035
9.7726
9.7337
9.6636
9.5700
9.4306
9.2692
9.0932
8.9409
8.8119
8.7210
8.6567
8.6344
8.6350
8.6498
8.6409
8.6372
8.5980
8.5439
8.4887
8.4469
8.4301
8.4220
8.4315
8.4321
8.3996
8.3747
8.3597
8.3662
8.3778
8.3857
8.3691
8.3402
8.2989
8.2741
8.2696
8.2582
8.2065
8.1246
8.0438
7.9490
7.8712
7.8362
7.8368
7.8715
7.8895
7.8650
7.8190
7.7489
7.6504
7.5062
7.3688
7.2193
7.0861
6.9779
6.8934
6.8409
6.7823
6.7269
6.6700
6.5762
6.4560
6.3037
6.1337
5.9581
5.7424
5.5095
5.2894
5.1055
4.9716
4.8532
4.7227
4.5907
4.4984
4.4176
4.3723
4.3390
4.3136
4.2814
4.2338
4.1748
4.0969
4.0187
3.9333
3.8320
3.7131
3.5843
3.4216
3.2275
3.0497
2.9434
2.8894
2.8649
2.8649
2.8611
2.8611
2.8573
2.8458
2.8255
2.7870
2.7475
2.6761
2.6355
2.6023
2.6023
2.5984
2.5828
2.5435
2.5070
2.4688
2.4188
2.3618
2.3076
2.2499
2.1787
2.0840
1.9854
1.8962
1.7932
1.6974
1.6103
1.5598
1.5548
1.5472
1.5322
1.5072
1.4769
1.4543
1.4243
1.3992
1.3853
1.3892
1.3930
1.3929
1.3801
1.3788
1.3699
1.3544
1.3227
1.2721
1.2304
1.1999
1.1476
1.0817
0.9892
0.8773
0.7806
0.7043
0.6509
0.6140
0.6051
0.6001
0.6001
0.5912
0.5811
0.5608
0.5254
0.4874
0.4543
0.4416
0.4314
0.4186
0.3804
0.3333
0.2888
0.2620
0.2442
0.1996
0.1423
0.0366
-0.0666
-0.1496
-0.1968
-0.2160
-0.2300
-0.2426
-0.2706
-0.3191
-0.3574
-0.3687
-0.3890
-0.4092
-0.4332
-0.4699
-0.5039
-0.5557
-0.6112
-0.6602
-0.7106
-0.7572
-0.8252
-0.9108
-0.9855
-1.0531
-1.1075
-1.1646
-1.2222
-1.2810
-1.3382
-1.4191
-1.5379
-1.6603
-1.7910
-1.9362
-2.0913
-2.2714
-2.4587
-2.6524
-2.8557
-3.0238
-3.1415
-3.1861
-3.2195
-3.2285
-3.2404
-3.2620
-3.2858
-3.3050
-3.3066
-3.3155
-3.3407
-3.3935
-3.4909
-3.6202
-3.7342
-3.8007
-3.8023
-3.8023
-3.8023
-3.8179
-3.8299
-3.8375
-3.8541
-3.8535
-3.8535
-3.8535
-3.8587
-3.8587
-3.8587
-3.8640
-3.8797
-3.9111
-3.9425
-3.9582
-3.9740
-4.0002
-4.0317
-4.0684
-4.0841
-4.0894
-4.0888
-4.1062
-4.1272
-4.1377
-4.1319
-4.1319
-4.1677
-4.2187
-4.2730
-4.2972
-4.3183
-4.3289
-4.3394
-4.3447
-4.3537
-4.3980
-4.4508
-4.5037
-4.5354
-4.5750
-4.6158
-4.6513
-4.7032
-4.7440
-4.7546
-4.7599
-4.7652
-4.7864
-4.8183
-4.8682
-4.9345
-5.0082
-5.0639
-5.0926
-5.1176
-5.1282
-5.1356
-5.1499
-5.1766
-5.2300
-5.2781
-5.3282
-5.3603
-5.3871
-5.4068
-5.4265
-5.4607
-5.5199
-5.5574
-5.5896
-5.6326
-5.6990
-5.7709
-5.8249
-5.8609
-5.9096
-5.9907
-6.0970
-6.1872
-6.2704
-6.3391
-6.4006
-6.4549
-6.4821
-6.4875
-6.4930
-6.5056
-6.5274
-6.5601
-6.6145
-6.6745
-6.7400
-6.7946
-6.8403
-6.8732
-6.9023
-6.9096
-6.9388
-6.9791
-7.0396
-7.0964
-7.1403
-7.1788
-7.2337
-7.3179
-7.4314
-7.5615
-7.6515
-7.7030
-7.7269
-7.7527
-7.8098
-7.9110
-8.0436
-8.1965
-8.3529
-8.4906
-8.5895
-8.6610
-8.7197
-8.7708
-8.8165
-8.8459
-8.8699
-8.8957
-8.9601
-9.0265
-9.1149
-9.2012
-9.3166
-9.4487
-9.5757
-9.6587
-9.7086
-9.7382
-9.7773
-9.8265
-9.8852
-9.9475
-10.0327
-10.1362
-10.2502
-10.3846
-10.5077
-10.5781
-10.6072
-10.6178
-10.6284
-10.6497
-10.6816
-10.6992
-10.7349
-10.7975
-10.9205
-11.1166
-11.3594
-11.6004
-11.7757
-11.9025
-12.0021
-12.0872
-12.1403
-12.1580
-12.1752
-12.1890
-12.1890
-12.1960
-12.1960
-12.2109
-12.2109
-12.2215
-12.2484
-12.3016
-12.3668
-12.4334
-12.4796
-12.5245
-12.5675
-12.5881
-12.5972
-12.5972
-12.6085
-12.6326
-12.6439
-12.6553
-12.6806
-12.7288
-12.7917
-12.8249
-12.8617
-12.8907
-12.9368
-12.9758
-13.0446
-13.1078
-13.1710
-13.2201
-13.2658
-13.2956
-13.3380
-13.3837
-13.4410
-13.5040
-13.5637
-13.6268
-13.6935
-13.7521
-13.7867
-13.8308
-13.8829
-13.9568
-14.0355
-14.1121
-14.2002
-14.3057
-14.4065
-14.4878
-14.5318
-14.5376
-14.5562
-14.6087
-14.6707
-14.7615
-14.8526
-14.9447
-15.0438
-15.1313
-15.2165
-15.2903
-15.3652
-15.4246
-15.4679
-15.4738
-15.4773
-15.4902
-15.5125
-15.5255
-15.5465
-15.5668
-15.6009
-15.6453
-15.6737
-15.7239
-15.7590
-15.8077
-15.8355
-15.8531
-15.8640
-15.8814
-15.8920
-15.9154
-15.9504
-16.0109
-16.0871
-16.1656
-16.2334
-16.3124
-16.4084
-16.5010
-16.5698
-16.6414
-16.7028
-16.7472
-16.7846
-16.8153
-16.8561
-16.8936
-16.9275
-16.9546
-16.9783
-16.9954
-17.0092
-17.0196
-17.0229
-17.0263
-17.0432
-17.0568
-17.0660
-17.0811
-17.1054
-17.1591
-17.2456
-17.3572
-17.4724
-17.5687
-17.6514
-17.7039
-17.7174
-17.6912
-17.6655
-17.6623
-17.6564
-17.6564
-17.6564
-17.6564
-17.6564
-17.6565
-17.6692
-17.6847
-17.6945
-17.7119
-17.7330
-17.7875
-17.8504
-17.8923
-17.9274
-17.9441
-17.9477
-17.9546
-17.9710
-17.9848
-18.0021
-18.0373
-18.0834
-18.1170
-18.1591
-18.2043
-18.2486
-18.2702
-18.2977
-18.3249
-18.3777
-18.4384
-18.5218
-18.5847
-18.6384
-18.6809
-18.7228
-18.7646
-18.7945
-18.8004
-18.8004
-18.8004
-18.8004
-18.8064
-18.8180
-18.8328
-18.8387
-18.8387
-18.8356
-18.8356
-18.8389
-18.8423
-18.8491
-18.8562
-18.8667
-18.8808
-18.8947
-18.9118
-18.9188
-18.9292
-18.9395
-18.9430
-18.9536
-18.9736
-18.9943
-19.0150
-19.0323
-19.0430
-19.0637
-19.0880
-19.1123
-19.1401
-19.1647
-19.1989
-19.2132
-19.2371
-19.2544
-19.2710
-19.2932
-19.3186
-19.3190
-19.3190
-19.3462
-19.3975
-19.4894
-19.6029
-19.7310
-19.8620
-19.9970
-20.1013
-20.1741
-20.2014
-20.1953
-20.1319
-20.0535
-19.9871
-19.9582
-19.9108
-19.8086
-19.6785
-19.5394
-19.4075
-19.3197
-19.2828
-19.2991
-19.3398
-19.4014
-19.4629
-19.5097
-19.5720
-19.6248
-19.6610
-19.6634
-19.6658
-19.6903
-19.6934
-19.6996
-19.6996
-19.7128
-19.7161
-19.6790
-19.5906
-19.4812
-19.3812
-19.3330
-19.3459
-19.4299
-19.5396
-19.6357
-19.7098
-19.7709
-19.8151
-19.8452
-19.8485
-19.8517
-19.8712
-19.9014
-19.9694
-20.0506
-20.1371
-20.2554
-20.3514
-20.4119
-20.4351
-20.4258
-20.4458
-20.4621
-20.4683
-20.4683
-20.4683
-20.4685
-20.4718
-20.4455
-20.4400
-20.4467
-20.4571
-20.4718
-20.4876
-20.5127
-20.5418
-20.5499
-20.5422
-20.5212
-20.5078
-20.4944
-20.4838
-20.4886
-20.5117
-20.5294
-20.5362
-20.4980
-20.4476
-20.4021
-20.3651
-20.3484
-20.3525
-20.3659
-20.3854
-20.3986
-20.3994
-20.3821
-20.3504
-20.3164
-20.3092
-20.3200
-20.3431
-20.3638
-20.3999
-20.4265
-20.4412
-20.4137
-20.3616
-20.3033
-20.2630
-20.2400
-20.2467
-20.2626
-20.2662
-20.2610
-20.2319
-20.1704
-20.0794
-20.0007
-19.9521
-19.9277
-19.9183
-19.9332
-19.9470
-19.9373
-19.9007
-19.8574
-19.8078
-19.7787
-19.7763
-19.7861
-19.7959
-19.8031
-19.7923
-19.7693
-19.7647
-19.7686
-19.7879
-19.8011
-19.8050
-19.7944
-19.7592
-19.7270
-19.6800
-19.6629
-19.6729
-19.6826
-19.7047
-19.7179
-19.7343
-19.7389
-19.7465
-19.7565
-19.7697
-19.7741
-19.7660
-19.7579
-19.7524
-19.7651
-19.7685
-19.7718
-19.7661
-19.7663
-19.7547
-19.7256
-19.6494
-19.5503
-19.4337
-19.3290
-19.2543
-19.1944
-19.1194
-19.0739
-19.0488
-19.0319
-19.0182
-18.9782
-18.9409
-18.8890
-18.8429
-18.8085
-18.7858
-18.7868
-18.7940
-18.8070
-18.8054
-18.7834
-18.7520
-18.7325
-18.7097
-18.6959
-18.6789
-18.6707
-18.6803
-18.6933
-18.7028
-18.7094
-18.6930
-18.6739
-18.6341
-18.5918
-18.5324
-18.4843
-18.4601
-18.4495
-18.4446
-18.4343
-18.4173
-18.3941
-18.3745
-18.3553
-18.3237
-18.2834
-18.2406
-18.2067
-18.1464
-18.0924
-18.0415
-17.9902
-17.9419
-17.9230
-17.9035
-17.8813
-17.8669
-17.8555
-17.8499
-17.8365
-17.8082
-17.7831
-17.7430
-17.7034
-17.6782
-17.6556
-17.6331
-17.6194
-17.6232
-17.6032
-17.5951
-17.5813
-17.5613
-17.5211
-17.4667
-17.4010
-17.3322
-17.2779
-17.2411
-17.2125
-17.2100
-17.2102
-17.1934
-17.1447
-17.0704
-16.9731
-16.8646
-16.7394
-16.6192
-16.5054
-16.3742
-16.2343
-16.0827
-15.9231
-15.7716
-15.6488
-15.5522
-15.4723
-15.4153
-15.3837
-15.3813
-15.3646
-15.3219
-15.2650
-15.1883
-15.0944
-14.9807
-14.8694
-14.7733
-14.6850
-14.6251
-14.5739
-14.5173
-14.4629
-14.4204
-14.3835
-14.3575
-14.3292
-14.2977
-14.2466
-14.1759
-14.1249
-14.0684
-14.0174
-13.9491
-13.8667
-13.7735
-13.6693
-13.5578
-13.4473
-13.3368
-13.2632
-13.2383
-13.2383
-13.2319
-13.2200
-13.2092
-13.1951
-13.1583
-13.1193
-13.0772
-13.0113
-12.9205
-12.8277
-12.7143
-12.5892
-12.4566
-12.3565
-12.2779
-12.2553
-12.2381
-12.2015
-12.1251
-12.0262
-11.9154
-11.8005
-11.6878
-11.5698
-11.4539
-11.3606
-11.2846
-11.2310
-11.1913
-11.1603
-11.1239
-11.0704
-11.0169
-10.9601
-10.9185
-10.8736
-10.8148
-10.7476
-10.6771
-10.6066
-10.5618
-10.5222
-10.4933
-10.4708
-10.4432
-10.4102
-10.3503
-10.3108
-10.2832
-10.2608
-10.2490
-10.2108
-10.1305
-10.0272
-9.8951
-9.7578
-9.6259
-9.5248
-9.4513
-9.4067
-9.3555
-9.3076
-9.2512
-9.1948
-9.1332
-9.0428
-8.9130
-8.7815
-8.6585
-8.5697
-8.5272
-8.5050
-8.4828
-8.4589
-8.4079
-8.3499
-8.2990
-8.2632
-8.2190
-8.1799
-8.1290
-8.0830
-8.0439
-8.0134
-7.9879
-7.9607
-7.9250
-7.8945
-7.8691
-7.8334
-7.7995
-7.7333
-7.6554
-7.5825
-7.5299
-7.4774
-7.4180
-7.3552
-7.3060
-7.2569
-7.2095
-7.1723
-7.1385
-7.1046
-7.0436
-6.9759
-6.8929
-6.8151
-6.7474
-6.6867
-6.6243
-6.5687
-6.4978
-6.4422
-6.3628
-6.2803
-6.1775
-6.0630
-5.9855
-5.9232
-5.8777
-5.8525
-5.8306
-5.8002
-5.7545
-5.6804
-5.5693
-5.4450
-5.3257
-5.2165
-5.1276
-5.0739
-5.0419
-5.0283
-5.0050
-4.9783
-4.9413
-4.9010
-4.8355
-4.7735
-4.6947
-4.6190
-4.5297
-4.4368
-4.3361
-4.2436
-4.1629
-4.0922
-4.0253
-3.9667
-3.9180
-3.8762
-3.8241
-3.7705
-3.7148
-3.6621
-3.6231
-3.5694
-3.5107
-3.4423
-3.3886
-3.3420
-3.2982
-3.2781
-3.2516
-3.2363
-3.2161
-3.1994
-3.1778
-3.1660
-3.1375
-3.1075
-3.0720
-3.0420
-2.9911
-2.9423
-2.8789
-2.8085
-2.7215
-2.6395
-2.5469
-2.4216
-2.2879
-2.1506
-2.0167
-1.8756
-1.7436
-1.6437
-1.5437
-1.4556
-1.3640
-1.2567
-1.1485
-1.0394
-0.9125
-0.7833
-0.6409
-0.4937
-0.3585
-0.2338
-0.1424
-0.0914
-0.0713
-0.0713
-0.0713
-0.0677
-0.0593
-0.0593
-0.0522
-0.0356
-0.0154
0.0250
0.0595
0.1034
0.1533
0.2187
0.3045
0.4200
0.5520
0.6697
0.7494
0.8101
0.8649
0.9268
0.9888
1.0473
1.0940
1.1706
1.2472
1.3405
1.4162
1.5001
1.5877
1.6869
1.8057
1.9150
2.0421
2.2026
2.3354
2.4422
2.5424
2.6374
2.7308
2.7993
2.8604
2.9230
2.9883
3.0666
3.1530
3.2385
3.3065
3.3716
3.4468
3.5230
3.6030
3.6758
3.7496
3.8161
3.8762
3.9169
3.9390
3.9573
3.9840
4.0299
4.0887
4.1559
4.2065
4.2598
4.3178
4.3803
4.4392
4.4982
4.5405
4.5792
4.6161
4.6621
4.6981
4.7349
4.7626
4.7848
4.8282
4.8967
4.9799
5.0622
5.1407
5.2305
5.3027
5.3611
5.4009
5.4175
5.4371
5.4567
5.4734
5.5133
5.5745
5.6434
5.7084
5.7901
5.8673
5.9323
5.9851
6.0206
6.0605
6.1049
6.1401
6.1746
6.2211
6.2728
6.3200
6.3598
6.3860
6.4166
6.4481
6.4870
6.5222
6.5492
6.5798
6.6135
6.6629
6.7161
6.7797
6.8485
6.9377
7.0315
7.1073
7.1539
7.1990
7.2554
7.3495
7.4662
7.6237
7.8002
7.9890
8.1871
8.3445
8.4672
8.5414
8.5611
8.5611
8.5611
8.5611
8.5611
8.5611
8.5611
8.5611
8.5611
8.5611
8.5649
8.5649
8.5725
8.5801
8.5761
8.5836
8.5988
8.6100
8.6289
8.6593
8.6942
8.7404
8.7896
8.8502
8.9117
8.9809
9.0339
9.0799
9.1238
9.1473
9.1550
9.1626
9.1586
9.1625
9.1701
9.1783
9.1818
9.1930
9.2241
9.2674
9.3146
9.3643
9.4185
9.4887
9.5665
9.6411
9.7113
9.7887
9.8615
9.9355
9.9876
10.0112
10.0226
10.0342
10.0424
10.0424
10.0424
10.0460
10.0611
10.0723
10.0795
10.0904
10.1054
10.1166
10.1277
10.1272
10.1345
10.1381
10.1416
10.1448
10.1518
10.1667
10.1739
10.1811
10.1918
10.2141
10.2638
10.3057
10.3401
10.3471
10.3580
10.3767
10.4035
10.4341
10.4740
10.5170
10.5516
10.5744
10.5925
10.6260
10.6708
10.7157
10.7813
10.8590
10.9421
11.0259
11.0987
11.1434
11.1716
11.1920
11.2279
11.2798
11.3598
11.4355
11.5189
11.5869
11.6505
11.7097
11.7689
11.8080
11.8672
11.9269
11.9818
12.0367
12.0713
12.1021
12.1291
12.1404
12.1477
12.1511
12.1426
12.1290
12.1028
12.0808
12.0536
12.0179
11.9814
11.9453
11.8967
11.8525
11.7875
11.7145
11.6489
11.5908
11.5567
11.5276
11.4854
11.4016
11.3018
11.2359
11.2249
11.2434
11.2745
11.2975
11.3200
11.3628
11.4212
11.4869
11.5683
11.6570
11.7584
11.8482
11.9225
11.9928
12.0553
12.1145
12.1854
12.2599
12.3344
12.4168
12.5031
12.6052
12.7113
12.8293
12.9397
13.0172
13.0675
13.0880
13.0931
13.1000
13.1000
13.1000
13.0912
13.0698
13.0483
12.9889
12.8869
12.7726
12.6711
12.6031
12.5630
12.5357
12.4946
12.4194
12.3612
12.3262
12.3156
12.3068
12.2202
12.1089
11.9851
11.8856
11.8034
11.7308
11.6951
11.6358
11.5157
11.3158
11.0423
10.7526
10.5168
10.3662
10.2969
10.2710
10.2807
10.2742
10.2401
10.1811
10.1435
10.1251
10.0835
10.0078
9.8920
9.7289
9.5340
9.3523
9.1928
9.0622
8.9496
8.8616
8.8131
8.7706
8.7296
8.6448
8.5280
8.3915
8.2306
8.0677
7.8949
7.7578
7.6431
7.5444
7.4513
7.4040
7.3920
7.3840
7.3718
7.3318
7.2519
7.1262
7.0070
6.8864
6.7155
6.5029
6.3276
6.1944
6.0617
5.9412
5.8525
5.8064
5.7785
5.7397
5.6982
5.7023
5.7392
5.7632
5.8065
5.8459
5.9029
5.9770
6.0697
6.1805
6.3124
6.4036
6.4920
6.5779
6.6824
6.7754
6.8503
6.8907
6.8942
6.8819
6.8420
6.8061
6.7833
6.7681
6.7646
6.7410
6.7287
6.7143
6.6812
6.6344
6.5661
6.4880
6.4290
6.3698
6.3058
6.2419
6.1839
6.1596
6.1608
6.1597
6.1438
6.1242
6.0947
6.0239
5.8807
5.6637
5.3810
5.0657
4.7581
4.5141
4.3023
4.1611
4.0572
4.0131
4.0043
4.0043
4.0003
3.9836
3.9562
3.8592
3.7198
3.5787
3.4471
3.3258
3.2666
3.2526
3.2803
3.3065
3.3153
3.2852
3.2498
3.2321
3.2154
3.1977
3.1837
3.1571
3.0881
3.0016
2.9040
2.8267
2.7972
2.8021
2.8235
2.8322
2.7940
2.7116
2.6354
2.5617
2.5132
2.4635
2.4317
2.3805
2.3231
2.2734
2.2248
2.1697
2.0867
1.9641
1.8110
1.6705
1.5466
1.4201
1.2578
1.0829
0.9107
0.7589
0.6453
0.5942
0.5814
0.5775
0.5365
0.4535
0.3121
0.1149
-0.0901
-0.2826
-0.4409
-0.5672
-0.6529
-0.7114
-0.7731
-0.8692
-0.9670
-1.0800
-1.2066
-1.3298
-1.4679
-1.5809
-1.6899
-1.7675
-1.8323
-1.9106
-2.0306
-2.1488
-2.2334
-2.2950
-2.3322
-2.3747
-2.4297
-2.4565
-2.4840
-2.5760
-2.7171
-2.9309
-3.1816
-3.4803
-3.7578
-3.9635
-4.0842
-4.1440
-4.1655
-4.1655
-4.1655
-4.1839
-4.2290
-4.3167
-4.4180
-4.5145
-4.6294
-4.7418
-4.8501
-4.9195
-4.9609
-4.9787
-4.9877
-5.0003
-5.0234
-5.0607
-5.1144
-5.1964
-5.2947
-5.4073
-5.5414
-5.6738
-5.7828
-5.8850
-5.9660
-6.0395
-6.1146
-6.1847
-6.2457
-6.2941
-6.3460
-6.4145
-6.5186
-6.6567
-6.8090
-6.9308
-7.0329
-7.1135
-7.1690
-7.2119
-7.2441
-7.2674
-7.3013
-7.3531
-7.4246
-7.4907
-7.5551
-7.6141
-7.6803
-7.7464
-7.8322
-7.9413
-8.0629
-8.1524
-8.2061
-8.2347
-8.2508
-8.2670
-8.2957
-8.3655
-8.4731
-8.5771
-8.6972
-8.8028
-8.8849
-8.9603
-9.0285
-9.1129
-9.1989
-9.2922
-9.3856
-9.4947
-9.6182
-9.7184
-9.7954
-9.8420
-9.8581
-9.8796
-9.9226
-9.9895
-10.0445
-10.1009
-10.1609
-10.2590
-10.3530
-10.4212
-10.4813
-10.5420
-10.6462
-10.7490
-10.8462
-10.9476
-11.0420
-11.1148
-11.1746
-11.2358
-11.3137
-11.4104
-11.5057
-11.6064
-11.6983
-11.7779
-11.8240
-11.8644
-11.9154
-11.9558
-12.0019
-12.0604
-12.1428
-12.2301
-12.3119
-12.3769
-12.4419
-12.5025
-12.5788
-12.6572
-12.7504
-12.8379
-12.8995
-12.9385
-12.9617
-12.9974
-13.0407
-13.1020
-13.1428
-13.1815
-13.2226
-13.2819
-13.3492
-13.4369
-13.5167
-13.5651
-13.6055
-13.6320
-13.6412
-13.6446
-13.6481
-13.6594
-13.6708
-13.6833
-13.6902
-13.7075
-13.7282
-13.7661
-13.7974
-13.8319
-13.8733
-13.9178
-13.9590
-13.9934
-14.0243
-14.0517
-14.0790
-14.0994
-14.1108
-14.1380
-14.1629
-14.1912
-14.2252
-14.2558
-14.2717
-14.3057
-14.3430
-14.3678
-14.4119
-14.4535
-14.4974
-14.5109
-14.5173
-14.5294
-14.5516
-14.5737
-14.5993
-14.6092
-14.6170
-14.6146
-14.5976
-14.5750
-14.5693
-14.5670
-14.5737
-14.5758
-14.5869
-14.6004
-14.6238
-14.6440
-14.6662
-14.7148
-14.7759
-14.8357
-14.9030
-14.9749
-15.0447
-15.0780
-15.0866
-15.0843
-15.0730
-15.0504
-15.0334
-15.0221
-15.0141
-15.0062
-15.0048
-15.0035
-15.0131
-15.0204
-15.0488
-15.0763
-15.1061
-15.1411
-15.1925
-15.2397
-15.2731
-15.3011
-15.3342
-15.3749
-15.4048
-15.4223
-15.4307
-15.4220
-15.4140
-15.4110
-15.3798
-15.3260
-15.2441
-15.1844
-15.1359
-15.0971
-15.0721
-15.0624
-15.0624
-15.0624
-15.0624
-15.0624
-15.0624
-15.0591
-15.0591
-15.0559
-15.0364
-15.0235
-15.0302
-15.0336
-15.0271
-15.0207
-15.0177
-15.0149
-15.0087
-15.0092
-15.0129
-15.0037
-14.9938
-14.9855
-14.9738
-14.9719
-14.9789
-14.9827
-14.9831
-14.9769
-14.9641
-14.9382
-14.9090
-14.8798
-14.8473
-14.8107
-14.7782
-14.7489
-14.7395
-14.7554
-14.7768
-14.7893
-14.7894
-14.7961
-14.8111
-14.8172
-14.8243
-14.8378
-14.8569
-14.8760
-14.8964
-14.9167
-14.9282
-14.9487
-14.9769
-15.0085
-15.0345
-15.0680
-15.0851
-15.1175
-15.1278
-15.1569
-15.1671
-15.1740
-15.1807
-15.1941
-15.2043
-15.2145
-15.2314
-15.2417
-15.2617
-15.2685
-15.2719
-15.2687
-15.2719
-15.2785
-15.2820
-15.2986
-15.3056
-15.3158
-15.3390
-15.3426
-15.3559
-15.3627
-15.3728
-15.3829
-15.3995
-15.4161
-15.4393
-15.4625
-15.4793
-15.4913
-15.4977
-15.5104
-15.5264
-15.5268
-15.5093
-15.4972
-15.4892
-15.4957
-15.4844
-15.4471
-15.4164
-15.3793
-15.3284
-15.2867
-15.2361
-15.2067
-15.1539
-15.0962
-15.0144
-14.9115
-14.8029
-14.6961
-14.6039
-14.5254
-14.4759
-14.4563
-14.4586
-14.4545
-14.4723
-14.5109
-14.5462
-14.5486
-14.5348
-14.4986
-14.4504
-14.3982
-14.3418
-14.3062
-14.2729
-14.2618
-14.2451
-14.2173
-14.1497
-14.0286
-13.8831
-13.7170
-13.5510
-13.3907
-13.2480
-13.1165
-13.0398
-13.0026
-12.9883
-12.9883
-12.9828
-12.9544
-12.8920
-12.8176
-12.7378
-12.6470
-12.5291
-12.4221
-12.3120
-12.2128
-12.1257
-12.0778
-12.0560
-12.0485
-12.0376
-12.0289
-12.0322
-12.0322
-12.0147
-11.9951
-11.9581
-11.9091
-11.8493
-11.8134
-11.7743
-11.7439
-11.7190
-11.6907
-11.6636
-11.6299
-11.5876
-11.5365
-11.4779
-11.4281
-11.3609
-11.2838
-11.2080
-11.1255
-11.0692
-11.0129
-10.9500
-10.8872
-10.8276
-10.7714
-10.7173
-10.6839
-10.6591
-10.6364
-10.5890
-10.5082
-10.3981
-10.2641
-10.1075
-9.9610
-9.8359
-9.7368
-9.6670
-9.6272
-9.5960
-9.5734
-9.5422
-9.4884
-9.4241
-9.3703
-9.3132
-9.2681
-9.2369
-9.2177
-9.2038
-9.1846
-9.1588
-9.1223
-9.1051
-9.0879
-9.0740
-9.0635
-9.0237
-8.9854
-8.9577
-8.9352
-8.9142
-8.8793
-8.8430
-8.8191
-8.7828
-8.7326
-8.6757
-8.6169
-8.5443
-8.4582
-8.3909
-8.3374
-8.3169
-8.2877
-8.2531
-8.1945
-8.1153
-8.0172
-7.9157
-7.7971
-7.6733
-7.5702
-7.4604
-7.3782
-7.3079
-7.2377
-7.1708
-7.1091
-7.0475
-6.9825
-6.9089
-6.8440
-6.7758
-6.7110
-6.6359
-6.5625
-6.4959
-6.4225
-6.3286
-6.2364
-6.1494
-6.0709
-5.9941
-5.9362
-5.9021
-5.8731
-5.8493
-5.8017
-5.7321
-5.6574
-5.5538
-5.4295
-5.3292
-5.2850
-5.2646
-5.2561
-5.2341
-5.1833
-5.1104
-5.0291
-4.9478
-4.8817
-4.8240
-4.7513
-4.6535
-4.5230
-4.3980
-4.3000
-4.2071
-4.1106
-4.0176
-3.9163
-3.8184
-3.7086
-3.6058
-3.5096
-3.4289
-3.3195
-3.1899
-3.0687
-2.9693
-2.8951
-2.8546
-2.7979
-2.7391
-2.6552
-2.5560
-2.4365
-2.3255
-2.2242
-2.1312
-2.0272
-1.9268
-1.8012
-1.6637
-1.5296
-1.4352
-1.3659
-1.3121
-1.2546
-1.1838
-1.1049
-1.0477
-0.9989
-0.9536
-0.9000
-0.8371
-0.7278
-0.5968
-0.4575
-0.3193
-0.1896
-0.0621
0.0631
0.1767
0.2748
0.3550
0.4831
0.6461
0.8486
1.0441
1.2350
1.3884
1.5081
1.5776
1.6256
1.6688
1.7190
1.7681
1.8401
1.9002
1.9627
2.0325
2.1023
2.1827
2.2678
2.3352
2.4085
2.4719
2.5197
2.5571
2.5826
2.5970
2.6006
2.6089
2.6089
2.6198
2.6268
2.6554
2.6856
2.7241
2.7577
2.8044
2.8683
2.9517
3.0527
3.1554
3.2628
3.3777
3.5056
3.6143
3.7136
3.7881
3.8505
3.9096
3.9372
3.9529
3.9529
3.9576
3.9733
4.0046
4.0444
4.0831
4.1172
4.1355
4.1658
4.1990
4.2395
4.2940
4.3559
4.4160
4.4696
4.5175
4.5675
4.6221
4.6813
4.7489
4.8165
4.8739
4.9221
4.9712
5.0212
5.0544
5.1082
5.1499
5.1889
5.2109
5.2443
5.2741
5.2822
5.2744
5.2741
5.2852
5.2887
5.2921
5.2945
5.2967
5.3103
5.3437
5.3725
5.3795
5.3827
5.3815
5.4035
5.4253
5.4582
5.5083
5.5929
5.7047
5.8126
5.9169
6.0283
6.1446
6.2460
6.3133
6.3810
6.4375
6.4598
6.4861
6.5163
6.5426
6.5653
6.5803
6.5954
6.6294
6.6481
6.6821
6.7198
6.7651
6.8180
6.8587
6.9040
6.9455
6.9871
7.0325
7.0780
7.1083
7.1272
7.1454
7.1673
7.1939
7.2128
7.2218
7.2300
7.2428
7.2441
7.2303
7.2019
7.1663
7.1570
7.1522
7.1522
7.1559
7.1471
7.1404
7.1515
7.1734
7.2115
7.2403
7.2705
7.2843
7.2775
7.2507
7.2357
7.2238
7.2226
7.2078
7.1893
7.1714
7.1628
7.1655
7.1644
7.1500
7.1238
7.0999
7.0635
7.0346
7.0066
6.9912
6.9845
6.9709
6.9554
6.9198
6.8959
6.8674
6.8801
6.9021
6.9249
6.9325
6.9316
6.9145
6.8847
6.8541
6.8358
6.8129
6.8098
6.7901
6.7914
6.7844
6.7930
6.8026
6.8167
6.8185
6.8165
6.8315
6.8417
6.8431
6.8398
6.8364
6.8146
6.7928
6.7752
6.7680
6.7880
6.8214
6.8439
6.8740
6.8986
6.9298
6.9705
7.0198
7.0806
7.1518
7.2346
7.3131
7.3816
7.4636
7.5074
7.5226
7.5085
7.4852
7.4671
7.4585
7.4585
7.4585
7.4585
7.4585
7.4585
7.4586
7.4465
7.4217
7.3752
7.3248
7.2867
7.2423
7.2158
7.1949
7.1949
7.1863
7.1945
7.2104
7.2223
7.2109
7.1763
7.1452
7.1054
7.0623
7.0205
6.9863
6.9277
6.8472
6.7687
6.6787
6.6076
6.5791
6.5706
6.5684
6.5616
6.5067
6.4405
6.3563
6.2670
6.1774
6.1102
6.0482
6.0421
6.0488
6.0513
6.0478
5.9782
5.8793
5.7520
5.6540
5.5802
5.5327
5.5252
5.5459
5.6014
5.6884
5.8072
5.9223
6.0412
6.1551
6.2591
6.3004
6.3328
6.3537
6.3905
6.4209
6.4807
6.5854
6.7106
6.8021
6.8532
6.8708
6.8466
6.7885
6.7051
6.6579
6.6598
6.7040
6.7749
6.8353
6.8701
6.8812
6.8397
6.7701
6.6757
6.5899
6.5052
6.4451
6.3681
6.2252
6.0374
5.8621
5.7625
5.7166
5.7117
5.7117
5.6889
5.6392
5.5894
5.5189
5.4085
5.2768
5.1320
4.9932
4.8571
4.7389
4.6246
4.5273
4.4439
4.3987
4.3769
4.3613
4.3163
4.2455
4.1191
3.9224
3.6480
3.3552
3.0805
2.8270
2.5651
2.3345
2.2006
2.1837
2.2438
2.3167
2.3602
2.3806
2.3921
2.3933
2.4007
2.3667
2.3044
2.2419
2.1704
2.1171
2.1065
2.1459
2.1995
2.2030
2.1835
2.1473
2.1046
2.0464
2.0037
1.9649
1.9197
1.8628
1.8203
1.7870
1.7704
1.7792
1.8008
1.8325
1.8667
1.8763
1.8669
1.8615
1.8690
1.8652
1.8702
1.8881
1.9172
1.9374
1.9538
1.9752
1.9752
1.9575
1.9233
1.8840
1.8360
1.7844
1.7203
1.6637
1.6335
1.6259
1.6294
1.6401
1.6230
1.6097
1.5993
1.6067
1.6067
1.6067
1.6142
1.5949
1.5665
1.5240
1.4825
1.4446
1.3865
1.3438
1.2988
1.2783
1.2782
1.2655
1.2324
1.1637
1.0998
1.0180
0.9411
0.8858
0.8547
0.8503
0.8714
0.8735
0.8617
0.8335
0.8066
0.7772
0.7454
0.7298
0.7244
0.7191
0.6794
0.5951
0.4650
0.2753
0.0714
-0.1084
-0.2272
-0.2989
-0.2959
-0.2698
-0.2552
-0.2582
-0.2842
-0.3139
-0.3549
-0.3959
-0.4317
-0.4615
-0.5002
-0.5174
-0.5399
-0.5714
-0.6093
-0.6571
-0.6884
-0.7192
-0.7410
-0.7627
-0.7792
-0.8175
-0.8622
-0.9042
-0.9476
-0.9999
-1.0574
-1.1315
-1.2498
-1.3978
-1.5388
-1.6298
-1.6836
-1.6978
-1.6978
-1.7030
-1.7298
-1.7619
-1.8103
-1.8573
-1.8953
-1.9484
-2.0320
-2.1268
-2.2097
-2.2560
-2.2791
-2.2917
-2.3059
-2.3328
-2.3582
-2.4000
-2.4597
-2.5410
-2.6647
-2.8145
-2.9616
-3.0745
-3.1770
-3.2885
-3.3672
-3.4390
-3.4822
-3.5002
-3.5092
-3.5218
-3.5525
-3.6354
-3.7436
-3.8914
-4.0335
-4.1303
-4.1592
-4.1739
-4.1812
-4.1975
-4.2175
-4.2534
-4.2767
-4.3129
-4.3419
-4.3758
-4.4314
-4.4979
-4.5662
-4.6092
-4.6218
-4.6345
-4.6488
-4.6758
-4.7211
-4.7970
-4.8906
-4.9969
-5.0889
-5.1738
-5.2458
-5.2818
-5.3198
-5.3721
-5.4679
-5.6249
-5.7926
-5.9477
-6.0974
-6.2308
-6.3227
-6.3840
-6.4219
-6.4562
-6.4906
-6.5267
-6.5989
-6.6927
-6.7955
-6.8856
-6.9756
-7.0331
-7.0816
-7.1194
-7.1607
-7.2057
-7.2472
-7.3084
-7.3731
-7.4523
-7.5277
-7.6101
-7.6908
-7.7589
-7.8090
-7.8269
-7.8375
-7.8679
-7.9198
-7.9736
-8.0326
-8.1076
-8.2186
-8.3314
-8.4641
-8.5733
-8.6665
-8.7327
-8.7723
-8.8044
-8.8330
-8.8620
-8.8983
-8.9379
-8.9774
-9.0190
-9.0754
-9.1448
-9.2122
-9.2958
-9.3791
-9.4750
-9.5598
-9.6136
-9.6514
-9.6731
-9.6893
-9.6963
-9.6963
-9.7019
-9.7054
-9.7054
-9.7124
-9.7195
-9.7371
-9.7584
-9.7971
-9.8394
-9.8907
-9.9434
-10.0120
-10.0562
-10.0774
-10.0914
-10.0985
-10.1020
-10.1020
-10.1075
-10.1075
-10.1111
-10.1201
-10.1256
-10.1312
-10.1417
-10.1487
-10.1488
-10.1523
-10.1699
-10.1840
-10.1980
-10.2051
-10.2086
-10.2086
-10.2052
-10.1984
-10.1985
-10.2091
-10.2287
-10.2642
-10.2894
-10.3305
-10.3716
-10.4058
-10.4343
-10.4719
-10.5040
-10.5401
-10.5561
-10.5652
-10.5827
-10.6093
-10.6344
-10.6629
-10.6859
-10.7076
-10.7251
-10.7356
-10.7551
-10.7657
-10.7797
-10.7972
-10.8112
-10.8273
-10.8378
-10.8574
-10.8576
-10.8577
-10.8614
-10.8788
-10.8824
-10.8985
-10.9203
-10.9344
-10.9450
-10.9659
-10.9765
-10.9974
-11.0149
-11.0288
-11.0359
-11.0463
-11.0533
-11.0637
-11.0708
-11.0812
-11.1021
-11.1160
-11.1300
-11.1543
-11.1718
-11.1892
-11.1962
-11.2031
-11.2031
-11.1997
-11.2032
-11.2101
-11.2136
-11.2171
-11.2275
-11.2414
-11.2519
-11.2727
-11.2936
-11.3214
-11.3492
-11.3701
-11.3840
-11.3945
-11.4097
-11.4202
-11.4375
-11.4480
-11.4618
-11.4757
-11.4792
-11.4806
-11.4660
-11.4661
-11.4696
-11.4640
-11.4619
-11.4418
-11.4161
-11.3724
-11.3279
-11.2911
-11.2543
-11.2245
-11.1879
-11.1761
-11.1643
-11.1559
-11.1454
-11.1396
-11.1675
-11.2086
-11.2338
-11.2274
-11.1985
-11.1729
-11.1528
-11.1362
-11.0927
-11.0382
-10.9748
-10.9080
-10.8301
-10.7744
-10.7366
-10.7111
-10.6856
-10.6712
-10.6622
-10.6368
-10.5770
-10.5007
-10.4012
-10.3284
-10.2756
-10.2194
-10.1756
-10.1571
-10.1476
-10.1381
-10.0998
-10.0437
-9.9732
-9.9008
-9.8517
-9.8066
-9.7650
-9.7254
-9.6824
-9.6517
-9.6250
-9.5929
-9.5574
-9.5233
-9.4947
-9.4715
-9.4196
-9.3392
-9.2248
-9.0504
-8.8511
-8.6342
-8.4514
-8.3041
-8.2453
-8.2399
-8.2399
-8.2399
-8.2399
-8.2399
-8.2365
-8.2365
-8.2257
-8.2081
-8.1550
-8.0862
-8.0032
-7.9375
-7.8933
-7.8664
-7.8433
-7.8272
-7.8130
-7.7705
-7.7033
-7.6113
-7.5228
-7.4538
-7.4201
-7.3883
-7.3742
-7.3742
-7.3654
-7.3282
-7.2647
-7.1958
-7.1059
-7.0054
-6.9225
-6.8521
-6.7641
-6.6743
-6.5828
-6.4966
-6.4332
-6.3681
-6.3048
-6.2344
-6.1553
-6.0850
-6.0199
-5.9637
-5.9075
-5.8495
-5.7792
-5.7090
-5.6530
-5.5951
-5.5601
-5.5426
-5.5426
-5.5390
-5.5249
-5.4789
-5.3803
-5.2729
-5.1184
-4.9360
-4.7467
-4.6049
-4.5103
-4.4718
-4.4420
-4.4348
-4.4155
-4.3767
-4.3205
-4.2623
-4.2022
-4.1405
-4.0822
-4.0183
-3.9473
-3.8725
-3.7998
-3.7447
-3.6863
-3.6314
-3.5646
-3.5014
-3.4398
-3.3659
-3.2991
-3.2533
-3.2195
-3.1979
-3.1753
-3.1717
-3.1610
-3.1414
-3.1012
-3.0466
-2.9900
-2.9085
-2.8022
-2.6500
-2.4722
-2.2702
-2.0827
-1.8981
-1.7273
-1.5899
-1.4758
-1.3954
-1.3524
-1.3057
-1.2540
-1.2022
-1.1344
-1.0542
-0.9703
-0.8740
-0.7878
-0.6956
-0.6084
-0.5335
-0.4549
-0.3873
-0.3316
-0.2981
-0.2769
-0.2719
-0.2631
-0.2557
-0.2336
-0.1913
-0.1453
-0.0933
-0.0241
0.0602
0.1382
0.2223
0.2889
0.3758
0.4428
0.4913
0.5311
0.5560
0.5809
0.5971
0.6133
0.6406
0.6754
0.7314
0.7922
0.8743
0.9538
1.0485
1.1195
1.1818
1.2354
1.2878
1.3302
1.3814
1.4313
1.4725
1.5150
1.5562
1.5900
1.6125
1.6425
1.6725
1.7051
1.7275
1.7463
1.7689
1.7687
1.7798
1.8061
1.8262
1.8449
1.8737
1.8887
1.9163
1.9427
1.9577
1.9690
1.9841
2.0104
2.0216
2.0377
2.0603
2.1030
2.1407
2.1860
2.2527
2.3029
2.3407
2.3861
2.4238
2.4463
2.4689
2.4916
2.5257
2.5482
2.5785
2.5972
2.6198
2.6425
2.6576
2.6649
2.6839
2.6991
2.7053
2.7025
2.7112
2.7402
2.7818
2.8080
2.8127
2.8124
2.8135
2.8158
2.8093
2.8079
2.8104
2.8063
2.7947
2.7743
2.7587
2.7281
2.6795
2.6307
2.5819
2.5610
2.5818
2.6066
2.6290
2.6314
2.6185
2.5930
2.5801
2.5712
2.5750
2.5748
2.5642
2.5472
2.5201
2.4805
2.4270
2.3632
2.3264
2.3213
2.3252
2.3279
2.3578
2.3927
2.4064
2.4141
2.4320
2.4575
2.5198
2.5743
2.6234
2.6311
11.2557
