10.766300
10.766208
10.765932
10.765471
10.764826
10.763997
10.762984
10.761786
10.760405
10.758839
10.757089
10.755154
10.753036
10.750734
10.748247
10.745577
10.742722
10.739684
10.736462
10.733055
10.729465
10.725691
10.721733
10.717592
10.713267
10.708758
10.704066
10.699190
10.694130
10.688887
10.683461
10.677852
10.672059
10.666083
10.659925
10.653583
10.647058
10.640350
10.633460
10.626386
10.619131
10.611692
10.604071
10.596268
10.588283
10.580115
10.571765
10.563233
10.554520
10.545624
10.536547
10.527288
10.517848
10.508227
10.498424
10.488440
10.478275
10.467929
10.457402
10.446694
10.435806
10.424738
10.413489
10.402060
10.390452
10.378663
10.366694
10.354546
10.342218
10.329711
10.317025
10.304160
10.291116
10.277893
10.264491
10.250911
10.237153
10.223216
10.209102
10.194810
10.180340
10.165693
10.150868
10.135867
10.120688
10.105332
10.089800
10.074092
10.058207
10.042146
10.025910
10.009497
9.992910
9.976146
9.959208
9.942095
9.924807
9.907345
9.889708
9.871897
9.853912
9.835754
9.817422
9.798917
9.780239
9.761387
9.742364
9.723168
9.703799
9.684259
9.664547
9.644663
9.624609
9.604383
9.583986
9.563419
9.542681
9.521773
9.500696
9.479449
9.458032
9.436446
9.414692
9.392769
9.370677
9.348418
9.325990
9.303395
9.280633
9.257703
9.234607
9.211344
9.187915
9.164320
9.140559
9.116633
9.092541
9.068285
9.043864
9.019278
8.994529
8.969616
8.944539
8.919299
8.893897
8.868332
8.842604
8.816714
8.790663
8.764450
8.738077
8.711542
8.684847
8.657991
8.630976
8.603802
8.576468
8.548975
8.521323
8.493513
8.465546
8.437420
8.409137
8.380698
8.352101
8.323349
8.294440
8.265375
8.236156
8.206781
8.177251
8.147568
8.117730
8.087739
8.057594
8.027296
7.996846
7.966244
7.935490
7.904584
7.873527
7.842319
7.810961
7.779453
7.747795
7.715987
7.684031
7.651926
7.619673
7.587272
7.554724
7.522028
7.489185
7.456197
7.423062
7.389782
7.356356
7.322786
7.289071
7.255212
7.221210
7.187064
7.152775
7.118344
7.083771
7.049056
7.014200
6.979203
6.944065
6.908788
6.873370
6.837814
6.802119
6.766285
6.730313
6.694204
6.657958
6.621574
6.585055
6.548399
6.511608
6.474682
6.437622
6.400427
6.363098
6.325636
6.288041
6.250314
6.212455
6.174464
6.136341
6.098089
6.059705
6.021192
5.982550
5.943779
5.904879
5.865851
5.826695
5.787413
5.748004
5.708468
5.668807
5.629020
5.589108
5.549073
5.508913
5.468629
5.428223
5.387694
5.347043
5.306271
5.265377
5.224363
5.183228
5.141974
5.100601
5.059109
5.017498
4.975770
4.933924
4.891962
4.849883
4.807689
4.765379
4.722954
4.680415
4.637762
4.594996
4.552116
4.509124
4.466021
4.422806
4.379480
4.336043
4.292497
4.248841
4.205076
4.161203
4.117222
4.073134
4.028939
3.984637
3.940230
3.895717
3.851100
3.806378
3.761552
3.716623
3.671592
3.626458
3.581222
3.535885
3.490448
3.444910
3.399273
3.353537
3.307702
3.261769
3.215739
3.169611
3.123387
3.077068
3.030653
2.984143
2.937539
2.890841
2.844050
2.797166
2.750190
2.703123
2.655964
2.608716
2.561377
2.513948
2.466431
2.418826
2.371133
2.323352
2.275485
2.227532
2.179493
2.131370
2.083162
2.034870
1.986494
1.938036
1.889496
1.840874
1.792172
1.743388
1.694525
1.645582
1.596561
1.547461
1.498283
1.449029
1.399698
1.350291
1.300808
1.251251
1.201619
1.151914
1.102136
1.052285
1.002362
0.952368
0.902303
0.852168
0.801963
0.751689
0.701347
0.650937
0.600459
0.549915
0.499305
0.448629
0.397888
0.347082
0.296213
0.245281
0.194286
0.143229
0.092110
0.040931
-0.010309
-0.061608
-0.112966
-0.164383
-0.215858
-0.267390
-0.318978
-0.370623
-0.422323
-0.474078
-0.525888
-0.577751
-0.629667
-0.681636
-0.733657
-0.785729
-0.837852
-0.890024
-0.942247
-0.994518
-1.046837
-1.099205
-1.151619
-1.204080
-1.256586
-1.309138
-1.361735
-1.414375
-1.467059
-1.519786
-1.572555
-1.625366
-1.678217
-1.731109
-1.784041
-1.837012
-1.890022
-1.943069
-1.996154
-2.049276
-2.102433
-2.155626
-2.208854
-2.262117
-2.315412
-2.368741
-2.422103
-2.475496
-2.528920
-2.582375
-2.635859
-2.689373
-2.742916
-2.796487
-2.850085
-2.903710
-2.957362
-3.011039
-3.064741
-3.118467
-3.172217
-3.225990
-3.279786
-3.333603
-3.387442
-3.441301
-3.495181
-3.549079
-3.602997
-3.656933
-3.710886
-3.764856
-3.818842
-3.872844
-3.926861
-3.980892
-4.034938
-4.088996
-4.143067
-4.197149
-4.251243
-4.305348
-4.359463
-4.413587
-4.467719
-4.521860
-4.576009
-4.630164
-4.684326
-4.738493
-4.792665
-4.846842
-4.901022
-4.955206
-5.009392
-5.063580
-5.117769
-5.171959
-5.226148
-5.280337
-5.334525
-5.388711
-5.442895
-5.497075
-5.551252
-5.605424
-5.659591
-5.713753
-5.767908
-5.822057
-5.876198
-5.930330
-5.984454
-6.038569
-6.092674
-6.146767
-6.200850
-6.254921
-6.308979
-6.363024
-6.417056
-6.471073
-6.525075
-6.579061
-6.633031
-6.686984
-6.740920
-6.794837
-6.848736
-6.902615
-6.956475
-7.010313
-7.064131
-7.117926
-7.171699
-7.225449
-7.279176
-7.332877
-7.386554
-7.440206
-7.493831
-7.547429
-7.601000
-7.654542
-7.708056
-7.761541
-7.814996
-7.868420
-7.921813
-7.975174
-8.028503
-8.081799
-8.135061
-8.188289
-8.241482
-8.294639
-8.347761
-8.400845
-8.453893
-8.506902
-8.559873
-8.612805
-8.665697
-8.718548
-8.771359
-8.824128
-8.876855
-8.929539
-8.982179
-9.034775
-9.087327
-9.139834
-9.192294
-9.244709
-9.297076
-9.349395
-9.401666
-9.453888
-9.506061
-9.558184
-9.610256
-9.662276
-9.714245
-9.766161
-9.818024
-9.869834
-9.921589
-9.973289
-10.024933
-10.076522
-10.128054
-10.179528
-10.230945
-10.282303
-10.333602
-10.384842
-10.436021
-10.487139
-10.538196
-10.589191
-10.640123
-10.690992
-10.741797
-10.792538
-10.843214
-10.893824
-10.944368
-10.994846
-11.045256
-11.095598
-11.145872
-11.196076
-11.246211
-11.296276
-11.346270
-11.396193
-11.446044
-11.495822
-11.545527
-11.595158
-11.644715
-11.694198
-11.743604
-11.792935
-11.842190
-11.891367
-11.940467
-11.989488
-12.038430
-12.087294
-12.136077
-12.184780
-12.233401
-12.281941
-12.330399
-12.378774
-12.427066
-12.475274
-12.523397
-12.571436
-12.619389
-12.667255
-12.715036
-12.762729
-12.810334
-12.857851
-12.905279
-12.952618
-12.999866
-13.047025
-13.094092
-13.141068
-13.187951
-13.234742
-13.281440
-13.328044
-13.374553
-13.420968
-13.467287
-13.513511
-13.559638
-13.605668
-13.651601
-13.697436
-13.743172
-13.788809
-13.834346
-13.879783
-13.925120
-13.970355
-14.015489
-14.060520
-14.105449
-14.150275
-14.194996
-14.239614
-14.284126
-14.328533
-14.372835
-14.417030
-14.461118
-14.505098
-14.548971
-14.592736
-14.636391
-14.679937
-14.723373
-14.766699
-14.809914
-14.853017
-14.896009
-14.938888
-14.981654
-15.024307
-15.066846
-15.109271
-15.151580
-15.193774
-15.235853
-15.277815
-15.319660
-15.361388
-15.402998
-15.444490
-15.485864
-15.527117
-15.568252
-15.609266
-15.650159
-15.690931
-15.731582
-15.772111
-15.812517
-15.852800
-15.892959
-15.932995
-15.972906
-16.012692
-16.052354
-16.091889
-16.131298
-16.170580
-16.209735
-16.248763
-16.287663
-16.326434
-16.365076
-16.403589
-16.441971
-16.480224
-16.518346
-16.556337
-16.594196
-16.631923
-16.669517
-16.706979
-16.744307
-16.781502
-16.818562
-16.855488
-16.892279
-16.928934
-16.965453
-17.001836
-17.038082
-17.074191
-17.110163
-17.145996
-17.181691
-17.217247
-17.252664
-17.287941
-17.323078
-17.358075
-17.392931
-17.427646
-17.462218
-17.496649
-17.530938
-17.565083
-17.599085
-17.632944
-17.666658
-17.700228
-17.733654
-17.766934
-17.800068
-17.833057
-17.865899
-17.898594
-17.931142
-17.963543
-17.995796
-18.027900
-18.059856
-18.091663
-18.123321
-18.154829
-18.186187
-18.217394
-18.248451
-18.279356
-18.310110
-18.340712
-18.371162
-18.401459
-18.431604
-18.461595
-18.491432
-18.521115
-18.550644
-18.580019
-18.609238
-18.638302
-18.667211
-18.695963
-18.724559
-18.752999
-18.781281
-18.809406
-18.837374
-18.865183
-18.892834
-18.920327
-18.947660
-18.974835
-19.001850
-19.028705
-19.055399
-19.081934
-19.108307
-19.134520
-19.160570
-19.186460
-19.212187
-19.237752
-19.263154
-19.288394
-19.313470
-19.338383
-19.363132
-19.387717
-19.412137
-19.436393
-19.460484
-19.484410
-19.508171
-19.531766
-19.555194
-19.578457
-19.601553
-19.624482
-19.647244
-19.669839
-19.692266
-19.714525
-19.736616
-19.758539
-19.780293
-19.801879
-19.823295
-19.844542
-19.865619
-19.886526
-19.907263
-19.927830
-19.948227
-19.968452
-19.988506
-20.008390
-20.028101
-20.047641
-20.067009
-20.086205
-20.105228
-20.124079
-20.142757
-20.161262
-20.179593
-20.197751
-20.215736
-20.233546
-20.251183
-20.268645
-20.285932
-20.303045
-20.319983
-20.336746
-20.353333
-20.369745
-20.385981
-20.402042
-20.417926
-20.433634
-20.449166
-20.464521
-20.479699
-20.494701
-20.509525
-20.524172
-20.538641
-20.552933
-20.567047
-20.580983
-20.594741
-20.608320
-20.621721
-20.634944
-20.647988
-20.660853
-20.673538
-20.686045
-20.698372
-20.710520
-20.722488
-20.734277
-20.745885
-20.757314
-20.768562
-20.779630
-20.790518
-20.801225
-20.811751
-20.822097
-20.832261
-20.842245
-20.852048
-20.861669
-20.871109
-20.880367
-20.889444
-20.898339
-20.907052
-20.915583
-20.923933
-20.932100
-20.940085
-20.947888
-20.955508
-20.962946
-20.970202
-20.977275
-20.984165
-20.990872
-20.997397
-21.003738
-21.009897
-21.015872
-21.021664
-21.027273
-21.032699
-21.037941
-21.043000
-21.047876
-21.052568
-21.057076
-21.061401
-21.065542
-21.069499
-21.073273
-21.076863
-21.080269
-21.083491
-21.086529
-21.089383
-21.092053
-21.094539
-21.096841
-21.098959
-21.100893
-21.102642
-21.104208
-21.105589
-21.106786
-21.107799
-21.108628
-21.109272
-21.109732
-21.110008
-21.110100
-21.110007
-21.109731
-21.109270
-21.108624
-21.107795
-21.106781
-21.105583
-21.104201
-21.102635
-21.100885
-21.098950
-21.096831
-21.094529
-21.092042
-21.089371
-21.086516
-21.083477
-21.080254
-21.076848
-21.073257
-21.069483
-21.065525
-21.061383
-21.057057
-21.052548
-21.047855
-21.042979
-21.037919
-21.032676
-21.027249
-21.021640
-21.015847
-21.009870
-21.003711
-20.997369
-20.990844
-20.984135
-20.977245
-20.970171
-20.962915
-20.955476
-20.947855
-20.940051
-20.932065
-20.923897
-20.915547
-20.907015
-20.898301
-20.889405
-20.880327
-20.871068
-20.861628
-20.852006
-20.842202
-20.832218
-20.822052
-20.811706
-20.801179
-20.790471
-20.779583
-20.768514
-20.757265
-20.745836
-20.734226
-20.722437
-20.710468
-20.698320
-20.685991
-20.673484
-20.660797
-20.647932
-20.634887
-20.621664
-20.608262
-20.594682
-20.580923
-20.566986
-20.552871
-20.538579
-20.524109
-20.509461
-20.494636
-20.479634
-20.464455
-20.449099
-20.433567
-20.417858
-20.401973
-20.385912
-20.369674
-20.353262
-20.336674
-20.319910
-20.302971
-20.285858
-20.268570
-20.251107
-20.233470
-20.215658
-20.197673
-20.179515
-20.161182
-20.142677
-20.123998
-20.105147
-20.086122
-20.066926
-20.047557
-20.028017
-20.008304
-19.988420
-19.968365
-19.948139
-19.927742
-19.907174
-19.886436
-19.865528
-19.844450
-19.823203
-19.801786
-19.780200
-19.758445
-19.736521
-19.714429
-19.692169
-19.669741
-19.647146
-19.624383
-19.601453
-19.578357
-19.555093
-19.531664
-19.508068
-19.484307
-19.460381
-19.436289
-19.412032
-19.387611
-19.363025
-19.338275
-19.313362
-19.288285
-19.263045
-19.237642
-19.212076
-19.186348
-19.160458
-19.134407
-19.108194
-19.081819
-19.055284
-19.028589
-19.001733
-18.974718
-18.947543
-18.920208
-18.892715
-18.865063
-18.837253
-18.809285
-18.781159
-18.752876
-18.724436
-18.695839
-18.667086
-18.638177
-18.609112
-18.579892
-18.550517
-18.520987
-18.491303
-18.461465
-18.431474
-18.401329
-18.371031
-18.340580
-18.309978
-18.279223
-18.248317
-18.217260
-18.186052
-18.154693
-18.123185
-18.091526
-18.059719
-18.027762
-17.995657
-17.963403
-17.931002
-17.898453
-17.865757
-17.832914
-17.799925
-17.766790
-17.733510
-17.700084
-17.666513
-17.632798
-17.598939
-17.564936
-17.530790
-17.496501
-17.462069
-17.427496
-17.392781
-17.357924
-17.322927
-17.287789
-17.252511
-17.217094
-17.181537
-17.145841
-17.110007
-17.074035
-17.037926
-17.001679
-16.965296
-16.928776
-16.892120
-16.855329
-16.818402
-16.781342
-16.744146
-16.706817
-16.669355
-16.631760
-16.594032
-16.556173
-16.518181
-16.480059
-16.441806
-16.403422
-16.364909
-16.326266
-16.287495
-16.248595
-16.209566
-16.170411
-16.131128
-16.091718
-16.052182
-16.012521
-15.972734
-15.932822
-15.892786
-15.852626
-15.812342
-15.771936
-15.731407
-15.690755
-15.649983
-15.609089
-15.568074
-15.526939
-15.485685
-15.444311
-15.402819
-15.361208
-15.319480
-15.277634
-15.235671
-15.193592
-15.151398
-15.109087
-15.066662
-15.024123
-14.981470
-14.938703
-14.895823
-14.852831
-14.809727
-14.766512
-14.723186
-14.679749
-14.636203
-14.592547
-14.548782
-14.504908
-14.460927
-14.416839
-14.372643
-14.328342
-14.283934
-14.239421
-14.194803
-14.150081
-14.105255
-14.060326
-14.015294
-13.970160
-13.924924
-13.879587
-13.834149
-13.788612
-13.742974
-13.697238
-13.651403
-13.605470
-13.559439
-13.513311
-13.467087
-13.420768
-13.374352
-13.327842
-13.281238
-13.234540
-13.187749
-13.140865
-13.093889
-13.046821
-12.999662
-12.952413
-12.905074
-12.857646
-12.810128
-12.762523
-12.714829
-12.667049
-12.619182
-12.571228
-12.523189
-12.475066
-12.426857
-12.378565
-12.330190
-12.281732
-12.233191
-12.184569
-12.135866
-12.087083
-12.038219
-11.989276
-11.940255
-11.891155
-11.841977
-11.792722
-11.743391
-11.693984
-11.644501
-11.594944
-11.545312
-11.495607
-11.445828
-11.395977
-11.346054
-11.296060
-11.245995
-11.195860
-11.145655
-11.095381
-11.045038
-10.994628
-10.944150
-10.893606
-10.842995
-10.792319
-10.741578
-10.690772
-10.639903
-10.588971
-10.537976
-10.486918
-10.435800
-10.384620
-10.333381
-10.282081
-10.230723
-10.179306
-10.127831
-10.076299
-10.024710
-9.973065
-9.921365
-9.869610
-9.817800
-9.765937
-9.714020
-9.662052
-9.610031
-9.557959
-9.505836
-9.453663
-9.401440
-9.349169
-9.296849
-9.244482
-9.192068
-9.139607
-9.087100
-9.034548
-8.981952
-8.929311
-8.876627
-8.823900
-8.771131
-8.718320
-8.665468
-8.612576
-8.559644
-8.506673
-8.453664
-8.400616
-8.347531
-8.294410
-8.241252
-8.188059
-8.134831
-8.081568
-8.028272
-7.974943
-7.921582
-7.868189
-7.814765
-7.761310
-7.707825
-7.654311
-7.600768
-7.547197
-7.493599
-7.439974
-7.386322
-7.332645
-7.278943
-7.225217
-7.171467
-7.117694
-7.063898
-7.010081
-6.956242
-6.902382
-6.848503
-6.794604
-6.740687
-6.686751
-6.632798
-6.578828
-6.524841
-6.470839
-6.416822
-6.362791
-6.308746
-6.254687
-6.200616
-6.146534
-6.092440
-6.038335
-5.984220
-5.930096
-5.875964
-5.821823
-5.767674
-5.713519
-5.659357
-5.605190
-5.551018
-5.496841
-5.442661
-5.388477
-5.334291
-5.280103
-5.225914
-5.171724
-5.117535
-5.063345
-5.009158
-4.954972
-4.900788
-4.846608
-4.792431
-4.738259
-4.684092
-4.629930
-4.575775
-4.521626
-4.467485
-4.413353
-4.359229
-4.305114
-4.251010
-4.196916
-4.142833
-4.088762
-4.034704
-3.980659
-3.926628
-3.872611
-3.818609
-3.764622
-3.710653
-3.656699
-3.602764
-3.548846
-3.494948
-3.441068
-3.387209
-3.333370
-3.279553
-3.225758
-3.171984
-3.118235
-3.064508
-3.010807
-2.957130
-2.903479
-2.849854
-2.796255
-2.742685
-2.689142
-2.635628
-2.582144
-2.528689
-2.475265
-2.421872
-2.368511
-2.315182
-2.261886
-2.208624
-2.155396
-2.102203
-2.049046
-1.995925
-1.942840
-1.889793
-1.836783
-1.783812
-1.730881
-1.677989
-1.625137
-1.572327
-1.519558
-1.466831
-1.414148
-1.361507
-1.308911
-1.256359
-1.203853
-1.151392
-1.098978
-1.046611
-0.994292
-0.942021
-0.889799
-0.837626
-0.785504
-0.733432
-0.681411
-0.629443
-0.577527
-0.525664
-0.473855
-0.422100
-0.370400
-0.318755
-0.267167
-0.215635
-0.164161
-0.112744
-0.061386
-0.010087
0.041152
0.092331
0.143450
0.194506
0.245501
0.296433
0.347302
0.398107
0.448848
0.499523
0.550134
0.600678
0.651155
0.701565
0.751907
0.802180
0.852385
0.902520
0.952584
1.002578
1.052501
1.102351
1.152129
1.201834
1.251465
1.301022
1.350504
1.399911
1.449242
1.498496
1.547673
1.596773
1.645794
1.694736
1.743599
1.792382
1.841085
1.889706
1.938246
1.986704
2.035079
2.083370
2.131578
2.179701
2.227739
2.275692
2.323559
2.371339
2.419032
2.466637
2.514153
2.561581
2.608920
2.656168
2.703327
2.750394
2.797369
2.844252
2.891043
2.937740
2.984344
3.030854
3.077268
3.123587
3.169811
3.215938
3.261968
3.307900
3.353734
3.399470
3.445107
3.490644
3.536081
3.581418
3.626653
3.671786
3.716818
3.761746
3.806571
3.851293
3.895910
3.940422
3.984829
4.029130
4.073325
4.117413
4.161393
4.205266
4.249030
4.292685
4.336231
4.379667
4.422993
4.466207
4.509310
4.552302
4.595181
4.637947
4.680599
4.723138
4.765562
4.807871
4.850066
4.892144
4.934106
4.975951
5.017678
5.059288
5.100780
5.142153
5.183406
5.224540
5.265554
5.306447
5.347219
5.387870
5.428398
5.468804
5.509087
5.549246
5.589281
5.629192
5.668978
5.708639
5.748174
5.787583
5.826865
5.866020
5.905047
5.943947
5.982717
6.021359
6.059872
6.098254
6.136507
6.174628
6.212619
6.250477
6.288204
6.325798
6.363260
6.400588
6.437782
6.474842
6.511768
6.548558
6.585213
6.621732
6.658114
6.694360
6.730469
6.766440
6.802273
6.837968
6.873524
6.908940
6.944217
6.979354
7.014351
7.049206
7.083920
7.118493
7.152924
7.187212
7.221357
7.255359
7.289217
7.322931
7.356501
7.389926
7.423205
7.456340
7.489328
7.522169
7.554864
7.587412
7.619813
7.652065
7.684170
7.716125
7.747932
7.779589
7.811097
7.842454
7.873662
7.904718
7.935623
7.966376
7.996978
8.027428
8.057725
8.087869
8.117859
8.147696
8.177379
8.206908
8.236282
8.265501
8.294565
8.323473
8.352225
8.380821
8.409260
8.437542
8.465667
8.493634
8.521443
8.549094
8.576586
8.603919
8.631093
8.658108
8.684962
8.711657
8.738191
8.764564
8.790776
8.816827
8.842715
8.868442
8.894007
8.919409
8.944648
8.969724
8.994636
9.019385
9.043970
9.068390
9.092646
9.116736
9.140662
9.164422
9.188016
9.211445
9.234707
9.257802
9.280731
9.303493
9.326087
9.348514
9.370773
9.392864
9.414786
9.436540
9.458125
9.479541
9.500787
9.521864
9.542771
9.563508
9.584074
9.604470
9.624696
9.644750
9.664632
9.684344
9.703883
9.723251
9.742446
9.761469
9.780320
9.798997
9.817502
9.835833
9.853991
9.871974
9.889785
9.907421
9.924882
9.942169
9.959282
9.976219
9.992982
10.009569
10.025980
10.042216
10.058276
10.074160
10.089868
10.105399
10.120754
10.135932
10.150933
10.165757
10.180403
10.194872
10.209163
10.223277
10.237213
10.250970
10.264549
10.277950
10.291172
10.304216
10.317080
10.329766
10.342272
10.354599
10.366746
10.378714
10.390502
10.402110
10.413538
10.424786
10.435854
10.446741
10.457448
10.467974
10.478319
10.488483
10.498466
10.508269
10.517889
10.527329
10.536587
10.545663
10.554558
10.563271
10.571802
10.580151
10.588318
10.596302
10.604105
10.611725
10.619162
10.626417
10.633490
10.640380
10.647086
10.653610
10.659952
10.666110
10.672085
10.677877
10.683485
10.688911
10.694153
10.699211
10.704086
10.708778
10.713286
10.717610
10.721751
10.725708
10.729481
10.733070
10.736476
10.739697
10.742735
10.745589
10.748258
10.750744
10.753046
10.755163
10.757097
10.758846
10.760411
10.761792
10.762988
10.764001
10.764829
10.765473
10.765933
10.766209
10.766300
10.766207
10.765930
10.765469
10.764823
10.763993
10.762979
10.761781
10.760398
10.758831
10.757081
10.755146
10.753027
10.750723
10.748236
10.745565
10.742710
10.739670
10.736447
10.733040
10.729449
10.725674
10.721716
10.717574
10.713248
10.708738
10.704045
10.699168
10.694108
10.688864
10.683437
10.677827
10.672034
10.666057
10.659898
10.653555
10.647029
10.640321
10.633429
10.626355
10.619099
10.611660
10.604038
10.596234
10.588248
10.580079
10.571729
10.563196
10.554482
10.545585
10.536508
10.527248
10.517807
10.508185
10.498381
10.488396
10.478230
10.467884
10.457356
10.446648
10.435759
10.424690
10.413440
10.402011
10.390401
10.378611
10.366642
10.354493
10.342165
10.329657
10.316970
10.304104
10.291059
10.277835
10.264433
10.250852
10.237093
10.223156
10.209041
10.194748
10.180277
10.165629
10.150804
10.135801
10.120622
10.105266
10.089733
10.074024
10.058138
10.042077
10.025839
10.009426
9.992838
9.976074
9.959135
9.942021
9.924732
9.907269
9.889631
9.871820
9.853834
9.835675
9.817342
9.798836
9.780157
9.761306
9.742281
