4.755900
4.755808
4.755533
4.755074
4.754431
4.753605
4.752595
4.751402
4.750025
4.748464
4.746720
4.744793
4.742682
4.740388
4.737911
4.735250
4.732406
4.729379
4.726169
4.722776
4.719200
4.715442
4.711500
4.707376
4.703069
4.698580
4.693908
4.689054
4.684017
4.678799
4.673399
4.667816
4.662052
4.656107
4.649979
4.643671
4.637181
4.630510
4.623658
4.616625
4.609412
4.602018
4.594444
4.586689
4.578755
4.570640
4.562346
4.553872
4.545219
4.536387
4.527376
4.518186
4.508817
4.499270
4.489545
4.479642
4.469561
4.459302
4.448866
4.438253
4.427463
4.416497
4.405354
4.394034
4.382539
4.370868
4.359022
4.347000
4.334803
4.322432
4.309886
4.297166
4.284272
4.271205
4.257964
4.244550
4.230963
4.217204
4.203272
4.189169
4.174893
4.160447
4.145829
4.131041
4.116082
4.100954
4.085655
4.070187
4.054550
4.038744
4.022770
4.006628
3.990318
3.973840
3.957195
3.940384
3.923406
3.906262
3.888953
3.871478
3.853838
3.836034
3.818066
3.799934
3.781638
3.763180
3.744558
3.725775
3.706830
3.687723
3.668456
3.649027
3.629439
3.609690
3.589783
3.569716
3.549491
3.529108
3.508567
3.487869
3.467014
3.446003
3.424835
3.403513
3.382035
3.360403
3.338616
3.316676
3.294583
3.272337
3.249939
3.227390
3.204688
3.181836
3.158834
3.135682
3.112381
3.088930
3.065332
3.041585
3.017691
2.993651
2.969464
2.945131
2.920653
2.896030
2.871263
2.846352
2.821297
2.796101
2.770761
2.745281
2.719659
2.693897
2.667994
2.641953
2.615772
2.589453
2.562996
2.536402
2.509672
2.482805
2.455803
2.428666
2.401394
2.373988
2.346450
2.318779
2.290975
2.263040
2.234975
2.206779
2.178453
2.149998
2.121415
2.092704
2.063866
2.034900
2.005809
1.976593
1.947251
1.917786
1.888197
1.858485
1.828650
1.798694
1.768617
1.738420
1.708102
1.677666
1.647111
1.616438
1.585648
1.554741
1.523719
1.492581
1.461329
1.429963
1.398484
1.366892
1.335188
1.303372
1.271447
1.239411
1.207266
1.175013
1.142652
1.110183
1.077608
1.044928
1.012142
0.979252
0.946258
0.913161
0.879962
0.846661
0.813259
0.779757
0.746156
0.712455
0.678657
0.644761
0.610769
0.576681
0.542497
0.508220
0.473848
0.439383
0.404826
0.370178
0.335439
0.300609
0.265690
0.230683
0.195588
0.160405
0.125137
0.089782
0.054343
0.018819
-0.016787
-0.052477
-0.088248
-0.124101
-0.160033
-0.196046
-0.232137
-0.268307
-0.304553
-0.340877
-0.377276
-0.413750
-0.450298
-0.486920
-0.523614
-0.560380
-0.597218
-0.634126
-0.671103
-0.708149
-0.745263
-0.782445
-0.819693
-0.857006
-0.894385
-0.931827
-0.969333
-1.006901
-1.044531
-1.082221
-1.119972
-1.157783
-1.195651
-1.233577
-1.271561
-1.309600
-1.347695
-1.385844
-1.424046
-1.462302
-1.500610
-1.538969
-1.577378
-1.615837
-1.654345
-1.692900
-1.731503
-1.770152
-1.808847
-1.847587
-1.886370
-1.925197
-1.964065
-2.002975
-2.041926
-2.080917
-2.119946
-2.159014
-2.198119
-2.237260
-2.276437
-2.315649
-2.354895
-2.394174
-2.433486
-2.472829
-2.512202
-2.551606
-2.591038
-2.630499
-2.669986
-2.709501
-2.749041
-2.788606
-2.828195
-2.867807
-2.907441
-2.947097
-2.986773
-3.026469
-3.066185
-3.105918
-3.145668
-3.185435
-3.225218
-3.265015
-3.304827
-3.344651
-3.384487
-3.424335
-3.464194
-3.504062
-3.543939
-3.583824
-3.623716
-3.663614
-3.703518
-3.743427
-3.783339
-3.823254
-3.863172
-3.903090
-3.943009
-3.982928
-4.022845
-4.062760
-4.102672
-4.142581
-4.182484
-4.222382
-4.262274
-4.302159
-4.342035
-4.381903
-4.421761
-4.461609
-4.501445
-4.541268
-4.581079
-4.620876
-4.660657
-4.700424
-4.740173
-4.779906
-4.819620
-4.859316
-4.898991
-4.938646
-4.978279
-5.017890
-5.057478
-5.097042
-5.136581
-5.176094
-5.215581
-5.255040
-5.294471
-5.333873
-5.373245
-5.412587
-5.451897
-5.491175
-5.530419
-5.569629
-5.608805
-5.647945
-5.687048
-5.726114
-5.765142
-5.804130
-5.843079
-5.881988
-5.920855
-5.959679
-5.998460
-6.037198
-6.075891
-6.114538
-6.153139
-6.191692
-6.230198
-6.268655
-6.307062
-6.345418
-6.383723
-6.421977
-6.460177
-6.498324
-6.536416
-6.574453
-6.612433
-6.650357
-6.688223
-6.726031
-6.763779
-6.801467
-6.839094
-6.876659
-6.914162
-6.951602
-6.988977
-7.026288
-7.063533
-7.100711
-7.137822
-7.174865
-7.211840
-7.248744
-7.285578
-7.322342
-7.359033
-7.395651
-7.432196
-7.468667
-7.505062
-7.541382
-7.577625
-7.613791
-7.649879
-7.685888
-7.721817
-7.757666
-7.793434
-7.829119
-7.864723
-7.900242
-7.935678
-7.971028
-8.006293
-8.041472
-8.076563
-8.111566
-8.146481
-8.181306
-8.216042
-8.250686
-8.285239
-8.319699
-8.354067
-8.388340
-8.422519
-8.456603
-8.490591
-8.524483
-8.558276
-8.591972
-8.625569
-8.659067
-8.692464
-8.725760
-8.758955
-8.792047
-8.825036
-8.857922
-8.890703
-8.923379
-8.955949
-8.988413
-9.020769
-9.053018
-9.085157
-9.117188
-9.149109
-9.180919
-9.212618
-9.244205
-9.275679
-9.307040
-9.338287
-9.369420
-9.400437
-9.431338
-9.462123
-9.492791
-9.523340
-9.553771
-9.584083
-9.614275
-9.644347
-9.674298
-9.704127
-9.733833
-9.763417
-9.792877
-9.822212
-9.851423
-9.880509
-9.909468
-9.938301
-9.967006
-9.995584
-10.024033
-10.052352
-10.080543
-10.108602
-10.136531
-10.164329
-10.191994
-10.219527
-10.246926
-10.274192
-10.301323
-10.328319
-10.355180
-10.381904
-10.408492
-10.434942
-10.461255
-10.487430
-10.513465
-10.539361
-10.565117
-10.590732
-10.616207
-10.641539
-10.666730
-10.691778
-10.716682
-10.741443
-10.766059
-10.790531
-10.814857
-10.839038
-10.863072
-10.886959
-10.910699
-10.934291
-10.957734
-10.981029
-11.004174
-11.027170
-11.050015
-11.072709
-11.095252
-11.117643
-11.139882
-11.161969
-11.183902
-11.205681
-11.227306
-11.248777
-11.270093
-11.291253
-11.312257
-11.333105
-11.353796
-11.374330
-11.394706
-11.414924
-11.434984
-11.454884
-11.474625
-11.494206
-11.513628
-11.532888
-11.551987
-11.570925
-11.589701
-11.608315
-11.626766
-11.645055
-11.663179
-11.681140
-11.698937
-11.716569
-11.734037
-11.751339
-11.768475
-11.785445
-11.802249
-11.818886
-11.835356
-11.851659
-11.867794
-11.883760
-11.899559
-11.915188
-11.930648
-11.945939
-11.961060
-11.976011
-11.990792
-12.005402
-12.019841
-12.034108
-12.048204
-12.062128
-12.075879
-12.089458
-12.102864
-12.116098
-12.129157
-12.142043
-12.154756
-12.167294
-12.179657
-12.191846
-12.203860
-12.215698
-12.227361
-12.238848
-12.250160
-12.261295
-12.272253
-12.283035
-12.293640
-12.304068
-12.314319
-12.324392
-12.334287
-12.344004
-12.353543
-12.362904
-12.372086
-12.381089
-12.389913
-12.398558
-12.407024
-12.415310
-12.423416
-12.431343
-12.439089
-12.446655
-12.454041
-12.461246
-12.468271
-12.475115
-12.481777
-12.488259
-12.494560
-12.500679
-12.506616
-12.512372
-12.517946
-12.523338
-12.528548
-12.533576
-12.538422
-12.543086
-12.547567
-12.551866
-12.555982
-12.559915
-12.563666
-12.567233
-12.570618
-12.573820
-12.576838
-12.579674
-12.582326
-12.584795
-12.587081
-12.589184
-12.591103
-12.592838
-12.594391
-12.595759
-12.596944
-12.597946
-12.598764
-12.599398
-12.599849
-12.600116
-12.600200
-12.600100
-12.599816
-12.599349
-12.598698
-12.597863
-12.596845
-12.595643
-12.594258
-12.592689
-12.590937
-12.589002
-12.586883
-12.584580
-12.582095
-12.579426
-12.576574
-12.573539
-12.570320
-12.566919
-12.563335
-12.559568
-12.555618
-12.551486
-12.547171
-12.542673
-12.537993
-12.533131
-12.528086
-12.522860
-12.517451
-12.511860
-12.506088
-12.500134
-12.493999
-12.487682
-12.481184
-12.474505
-12.467645
-12.460604
-12.453383
-12.445980
-12.438398
-12.430635
-12.422693
-12.414570
-12.406268
-12.397786
-12.389125
-12.380285
-12.371265
-12.362067
-12.352691
-12.343136
-12.333402
-12.323491
-12.313402
-12.303136
-12.292692
-12.282071
-12.271273
-12.260298
-12.249147
-12.237820
-12.226317
-12.214638
-12.202784
-12.190754
-12.178550
-12.166170
-12.153617
-12.140889
-12.127987
-12.114912
-12.101663
-12.088241
-12.074646
-12.060879
-12.046940
-12.032829
-12.018546
-12.004092
-11.989466
-11.974671
-11.959704
-11.944568
-11.929262
-11.913786
-11.898141
-11.882328
-11.866346
-11.850196
-11.833878
-11.817393
-11.800741
-11.783922
-11.766937
-11.749786
-11.732469
-11.714986
-11.697339
-11.679528
-11.661552
-11.643413
-11.625110
-11.606644
-11.588015
-11.569225
-11.550272
-11.531158
-11.511883
-11.492448
-11.472852
-11.453097
-11.433182
-11.413108
-11.392876
-11.372485
-11.351937
-11.331232
-11.310370
-11.289352
-11.268178
-11.246848
-11.225363
-11.203724
-11.181931
-11.159984
-11.137884
-11.115631
-11.093226
-11.070670
-11.047962
-11.025103
-11.002094
-10.978935
-10.955627
-10.932170
-10.908565
-10.884811
-10.860911
-10.836864
-10.812670
-10.788331
-10.763846
-10.739217
-10.714443
-10.689525
-10.664465
-10.639261
-10.613916
-10.588429
-10.562801
-10.537032
-10.511124
-10.485076
-10.458889
-10.432564
-10.406101
-10.379500
-10.352764
-10.325891
-10.298882
-10.271739
-10.244461
-10.217050
-10.189505
-10.161828
-10.134019
-10.106078
-10.078007
-10.049805
-10.021473
-9.993013
-9.964424
-9.935707
-9.906863
-9.877892
-9.848795
-9.819573
-9.790226
-9.760755
-9.731160
-9.701443
-9.671603
-9.641641
-9.611559
-9.581356
-9.551033
-9.520591
-9.490031
-9.459353
-9.428557
-9.397646
-9.366618
-9.335475
-9.304218
-9.272846
-9.241362
-9.209765
-9.178056
-9.146236
-9.114305
-9.082265
-9.050115
-9.017857
-8.985490
-8.953017
-8.920438
-8.887752
-8.854962
-8.822067
-8.789068
-8.755967
-8.722763
-8.689457
-8.656051
-8.622545
-8.588939
-8.555234
-8.521431
-8.487531
-8.453535
-8.419442
-8.385254
-8.350972
-8.316596
-8.282128
-8.247567
-8.212914
-8.178171
-8.143337
-8.108414
-8.073403
-8.038304
-8.003117
-7.967845
-7.932487
-7.897043
-7.861516
-7.825906
-7.790213
-7.754438
-7.718581
-7.682645
-7.646629
-7.610534
-7.574361
-7.538111
-7.501784
-7.465382
-7.428905
-7.392353
-7.355728
-7.319030
-7.282261
-7.245420
-7.208509
-7.171529
-7.134479
-7.097362
-7.060178
-7.022927
-6.985610
-6.948229
-6.910784
-6.873275
-6.835704
-6.798072
-6.760378
-6.722625
-6.684812
-6.646941
-6.609012
-6.571026
-6.532984
-6.494887
-6.456735
-6.418530
-6.380272
-6.341962
-6.303601
-6.265190
-6.226729
-6.188219
-6.149661
-6.111056
-6.072404
-6.033708
-5.994966
-5.956181
-5.917352
-5.878482
-5.839570
-5.800617
-5.761625
-5.722594
-5.683524
-5.644418
-5.605275
-5.566096
-5.526882
-5.487635
-5.448354
-5.409042
-5.369697
-5.330322
-5.290918
-5.251484
-5.212022
-5.172533
-5.133017
-5.093476
-5.053910
-5.014320
-4.974707
-4.935072
-4.895415
-4.855738
-4.816041
-4.776325
-4.736591
-4.696839
-4.657072
-4.617288
-4.577490
-4.537679
-4.497854
-4.458017
-4.418168
-4.378309
-4.338441
-4.298564
-4.258678
-4.218786
-4.178887
-4.138983
-4.099074
-4.059162
-4.019247
-3.979329
-3.939410
-3.899491
-3.859573
-3.819656
-3.779741
-3.739829
-3.699921
-3.660017
-3.620119
-3.580228
-3.540343
-3.500467
-3.460600
-3.420742
-3.380896
-3.341060
-3.301237
-3.261427
-3.221631
-3.181850
-3.142084
-3.102335
-3.062603
-3.022890
-2.983196
-2.943521
-2.903867
-2.864235
-2.824625
-2.785038
-2.745475
-2.705938
-2.666425
-2.626940
-2.587482
-2.548052
-2.508651
-2.469281
-2.429940
-2.390632
-2.351356
-2.312113
-2.272904
-2.233730
-2.194592
-2.155490
-2.116426
-2.077400
-2.038413
-1.999466
-1.960559
-1.921695
-1.882872
-1.844092
-1.805357
-1.766666
-1.728021
-1.689422
-1.650871
-1.612368
-1.573913
-1.535508
-1.497154
-1.458851
-1.420600
-1.382402
-1.344258
-1.306168
-1.268134
-1.230156
-1.192235
-1.154371
-1.116567
-1.078821
-1.041136
-1.003512
-0.965949
-0.928449
-0.891012
-0.853640
-0.816332
-0.779090
-0.741915
-0.704807
-0.667767
-0.630795
-0.593894
-0.557063
-0.520303
-0.483615
-0.447000
-0.410458
-0.373991
-0.337599
-0.301282
-0.265043
-0.228880
-0.192796
-0.156791
-0.120865
-0.085020
-0.049256
-0.013574
0.022025
0.057541
0.092973
0.128320
0.163581
0.198755
0.233843
0.268842
0.303753
0.338574
0.373305
0.407945
0.442494
0.476950
0.511314
0.545583
0.579758
0.613837
0.647821
0.681708
0.715497
0.749189
0.782781
0.816274
0.849667
0.882959
0.916149
0.949236
0.982221
1.015102
1.047878
1.080549
1.113115
1.145573
1.177925
1.210169
1.242304
1.274329
1.306245
1.338050
1.369744
1.401326
1.432795
1.464151
1.495393
1.526520
1.557532
1.588429
1.619208
1.649870
1.680414
1.710840
1.741147
1.771334
1.801400
1.831345
1.861168
1.890869
1.920447
1.949902
1.979232
2.008437
2.037517
2.066471
2.095298
2.123997
2.152569
2.181012
2.209326
2.237510
2.265564
2.293487
2.321279
2.348938
2.376465
2.403858
2.431117
2.458243
2.485233
2.512087
2.538805
2.565387
2.591831
2.618138
2.644306
2.670335
2.696225
2.721975
2.747584
2.773052
2.798378
2.823562
2.848603
2.873501
2.898256
2.922865
2.947331
2.971650
2.995824
3.019852
3.043732
3.067465
3.091051
3.114487
3.137775
3.160914
3.183903
3.206741
3.229429
3.251965
3.274349
3.296581
3.318661
3.340587
3.362359
3.383978
3.405441
3.426750
3.447903
3.468900
3.489741
3.510425
3.530952
3.551321
3.571532
3.591584
3.611477
3.631211
3.650785
3.670199
3.689452
3.708544
3.727475
3.746244
3.764850
3.783294
3.801575
3.819692
3.837646
3.855435
3.873060
3.890520
3.907815
3.924943
3.941906
3.958703
3.975332
3.991795
