-6.433873291
-6.455912304
-6.471029614
-6.505598881
-6.542284689
-6.599596943
-6.674229589
-6.746637711
-6.827192874
-6.935200547
-7.059585075
-7.194368937
-7.320394252
-7.441254557
-7.55809138
-7.688002087
-7.835087828
-7.974145382
-8.094689587
-8.182360324
-8.247822663
-8.292381882
-8.322589983
-8.377047464
-8.475954534
-8.622905087
-8.775553939
-8.945186452
-9.115595433
-9.248049004
-9.360635967
-9.43616658
-9.510175901
-9.553396981
-9.592939442
-9.681885534
-9.746024112
-9.8134966
-9.844722584
-9.849325831
-9.831232549
-9.804336604
-9.77597831
-9.739089142
-9.669361665
-9.644762948
-9.591220284
-9.449346888
-9.267870029
-9.091829641
-8.955395203
-8.859501776
-8.83750808
-8.826189062
-8.788913958
-8.742832032
-8.69280409
-8.660870165
-8.63369586
-8.59584297
-8.56622796
-8.578342149
-8.644993284
-8.719552094
-8.84105709
-9.015857418
-9.23191035
-9.550523506
-9.950197845
-10.38068136
-10.80300856
-11.18927588
-11.58766953
-11.98090407
-12.33310813
-12.62953579
-12.85732252
-12.97183302
-13.02880464
-13.01993265
-13.00768232
-12.99519814
-12.99519814
-12.9479738
-12.8939016
-12.80979918
-12.73536909
-12.73345985
-12.7615149
-12.85271527
-12.96362531
-13.08373564
-13.19776119
-13.33875141
-13.43383459
-13.47554675
-13.49312888
-13.49312888
-13.49312888
-13.5256173
-13.56338578
-13.63142445
-13.75618566
-13.92383963
-14.11067871
-14.32571967
-14.5251884
-14.72214205
-14.90392736
-15.06707749
-15.15628979
-15.17366877
-15.19001584
-15.20712776
-15.22809552
-15.26812249
-15.31914773
-15.39552752
-15.51511462
-15.62014067
-15.77493074
-15.97722546
-16.14685731
-16.26034216
-16.3473286
-16.41179785
-16.46190492
-16.54212861
-16.65966172
-16.79924131
-16.96530431
-17.0696978
-17.14099085
-17.18050455
-17.23962641
-17.32972139
-17.41620721
-17.49702204
-17.58775117
-17.68261962
-17.78310237
-17.90664903
-17.99842634
-18.07792051
-18.13519073
-18.16654733
-18.17122768
-18.19676604
-18.24539068
-18.30432115
-18.36025788
-18.40111023
-18.4686515
-18.53160361
-18.6048649
-18.65388112
-18.72131902
-18.7988599
-18.88796248
-18.9512127
-19.01300958
-19.04707008
-19.07865954
-19.11946115
-19.18453816
-19.25637175
-19.35093192
-19.47447135
-19.58052231
-19.66691588
-19.7623597
-19.82970549
-19.88916631
-19.90327237
-19.90457719
-19.94118798
-20.03104584
-20.11313451
-20.1965147
-20.32380682
-20.44415277
-20.57524255
-20.68284454
-20.76193767
-20.8094215
-20.83796219
-20.8491184
-20.8601156
-20.93433998
-21.0219188
-21.11449539
-21.2146672
-21.30124951
-21.37803153
-21.43722196
-21.48237092
-21.51985431
-21.54968231
-21.56559661
-21.58244899
-21.61223584
-21.61480662
-21.6016596
-21.58076469
-21.57267719
-21.58066041
-21.59770627
-21.63009506
-21.66328372
-21.70736019
-21.76836415
-21.8464053
-21.95272289
-22.05923002
-22.13411538
-22.14743516
-22.15064127
-22.1590413
-22.17442339
-22.18228831
-22.19836133
-22.21086597
-22.23122134
-22.25975593
-22.27688005
-22.28295171
-22.30217301
-22.33417292
-22.40266349
-22.4854368
-22.56032611
-22.65763764
-22.77558673
-22.93284046
-23.02200172
-23.04386859
-23.00998201
-22.98757489
-22.9856132
-23.00239939
-23.02179565
-23.05315416
-23.08112836
-23.10336332
-23.14332035
-23.16074524
-23.18413602
-23.20566514
-23.23785246
-23.27455737
-23.2627808
-23.2619144
-23.2553398
-23.24635763
-23.24875151
-23.25017075
-23.2274101
-23.20533671
-23.16904014
-23.13489564
-23.10216538
-23.06802395
-23.05870701
-23.06716168
-23.0709318
-23.04099303
-22.99607258
-22.94754379
-22.93096766
-22.92529521
-22.91633489
-22.91118313
-22.89806614
-22.86166711
-22.80877074
-22.79010141
-22.80154636
-22.81437135
-22.81991787
-22.82859052
-22.82129719
-22.80757988
-22.77238718
-22.76554501
-22.78871793
-22.80421668
-22.82422626
-22.82269955
-22.84448218
-22.87033151
-22.87746117
-22.86723681
-22.8519466
-22.87842877
-22.88329051
-22.90610659
-22.94459721
-22.98623726
-23.00429734
-22.99686132
-22.99549882
-23.00574875
-22.99596781
-22.95476546
-22.87075332
-22.75712512
-22.62928723
-22.51936234
-22.43234174
-22.37852438
-22.34280756
-22.32502745
-22.34604676
-22.35623547
-22.3524179
-22.31918161
-22.31196095
-22.32575176
-22.36831937
-22.42182788
-22.4568669
-22.4911905
-22.5317848
-22.52818739
-22.4931206
-22.38647101
-22.22916528
-22.01725438
-21.79886933
-21.63068136
-21.58461006
-21.60041616
-21.60358121
-21.60090934
-21.59433236
-21.58652301
-21.57551669
-21.52512713
-21.45006967
-21.38017912
-21.30397321
-21.23415296
-21.14120857
-21.05148334
-20.96935488
-20.86701591
-20.76109465
-20.68882706
-20.61807056
-20.55244122
-20.46979194
-20.35095537
-20.19895198
-20.0165507
-19.82187289
-19.60328746
-19.49241539
-19.46833403
-19.46058551
-19.44805049
-19.35038461
-19.20565489
-19.03806382
-18.83362858
-18.59930419
-18.38382176
-18.1592785
-17.97276848
-17.88213027
-17.82474874
-17.75884506
-17.6896296
-17.55786254
-17.42613316
-17.3068455
-17.18138132
-17.08742849
-17.00705702
-16.96267391
-16.89067749
-16.78826704
-16.63410248
-16.45975882
-16.26633907
-16.09034707
-15.97667133
-15.92814332
-15.94012649
-15.96442571
-15.99320731
-16.0231986
-16.05208383
-16.10125114
-16.15428662
-16.16770622
-16.17899544
-16.20203501
-16.23071498
-16.26670416
-16.29026599
-16.30043172
-16.30720662
-16.31397972
-16.31843914
-16.32289816
-16.30436409
-16.23642802
-16.16513765
-16.07198055
-15.94528883
-15.79002872
-15.6085577
-15.42624214
-15.25639084
-15.11391732
-14.97765992
-14.84340033
-14.7378575
-14.65758906
-14.59647529
-14.5380457
-14.45521887
-14.39419661
-14.31062843
-14.27058525
-14.24519499
-14.19154082
-14.12672168
-14.04771095
-13.95248955
-13.82862102
-13.6735022
-13.52939936
-13.411761
-13.28000369
-13.14024933
-12.99640244
-12.8640955
-12.7403828
-12.62110956
-12.5168704
-12.42123489
-12.34879019
-12.29073874
-12.25341551
-12.2300836
-12.19657894
-12.18609236
-12.18544395
-12.17873564
-12.15882039
-12.14565076
-12.09735447
-12.02187276
-11.92732212
-11.80655338
-11.68219879
-11.53883066
-11.40151602
-11.27386016
-11.14862307
-11.03303464
-10.92438051
-10.81936682
-10.71434805
-10.62676608
-10.51569267
-10.3994996
-10.27451482
-10.13193333
-10.00617306
-9.884900954
-9.792941819
-9.706004336
-9.621495853
-9.568550709
-9.498178053
-9.421490725
-9.346272372
-9.215819094
-9.029289384
-8.722640229
-8.322429474
-7.836460328
-7.330344686
-6.905871094
-6.621488124
-6.507540058
-6.499807084
-6.499466277
-6.501443684
-6.496793673
-6.489038464
-6.468033449
-6.439632876
-6.421427991
-6.377608714
-6.264214627
-6.138437597
-5.966745394
-5.774040186
-5.60811823
-5.443741454
-5.312143117
-5.236101314
-5.190523682
-5.13067414
-5.049590692
-4.937625099
-4.816002318
-4.678941693
-4.531077437
-4.420590601
-4.335928832
-4.244046852
-4.151449248
-4.05494469
-3.93908881
-3.796303147
-3.628425112
-3.466299109
-3.313866587
-3.183016585
-3.088766669
-3.029705835
-2.983252347
-2.935290577
-2.847225943
-2.738070296
-2.614230537
-2.476070414
-2.36261559
-2.273984012
-2.17775519
-2.064577072
-1.886428384
-1.657442626
-1.431718808
-1.200793916
-0.975361291
-0.746309888
-0.51628595
-0.290846161
-0.072448251
0.113719143
0.238135615
0.310258043
0.346312585
0.351888868
0.367126008
0.407260504
0.472291084
0.5800712
0.73913556
0.920764171
1.122858288
1.30761025
1.458616281
1.581547026
1.710210654
1.85117437
1.984904364
2.108964744
2.229970991
2.333029947
2.425370526
2.50703794
2.610298621
2.721777149
2.837089472
2.959156867
3.054039819
3.14375775
3.250726723
3.37121524
3.512881653
3.688647428
3.875192147
4.027990546
4.142584865
4.229441788
4.261278831
4.274448716
4.289364761
4.309895112
4.3540169
4.373365305
4.398140115
4.43832397
4.495572196
4.587546692
4.731433062
4.884406234
4.984203957
5.044489822
5.091448783
5.140728876
5.163388306
5.151701243
5.130370835
5.121365031
5.118030648
5.121035507
5.125469386
5.130854633
5.130854633
5.130854633
5.180230128
5.214096623
5.233402421
5.258090296
5.257147653
5.260949279
5.300675411
5.387578169
5.5292573
5.701465741
5.927241467
6.16132531
6.378446226
6.556926058
6.643369226
6.702090575
6.765260561
6.809171058
6.847176012
6.867018637
6.868711932
6.864825809
6.866096536
6.869910317
6.878393474
6.890288666
6.901225736
6.900484182
6.910757598
6.916759214
6.911487953
6.911915359
6.917917307
6.926911301
6.955204912
6.984466402
7.031658007
7.101488703
7.160905243
7.201632229
7.220106078
7.225579276
7.235770479
7.254545422
7.291432195
7.349155545
7.425485704
7.499803293
7.571208536
7.671416071
7.848269615
8.075908432
8.228029334
8.249549052
8.173264317
8.080837781
8.067244184
8.080342832
8.07601677
8.070109508
8.070895933
8.096106566
8.104866141
8.093724634
8.09036853
8.120710004
8.179428106
8.249565181
8.282629531
8.291259071
8.301496989
8.336041971
8.361810679
8.389422758
8.410196787
8.47413451
8.553520839
8.620708947
8.662096313
8.690817792
8.713675733
8.744470957
8.795329126
8.870986714
8.971755474
9.090684656
9.239177592
9.353763362
9.459768672
9.475182698
9.399717655
9.30804502
9.257807524
9.253420886
9.255243837
9.262557077
9.266149769
9.248193493
9.251354831
9.264466454
9.302005021
9.330629124
9.351550722
9.358126431
9.367645281
9.391569714
9.401876038
9.418386774
9.455431846
9.512210462
9.621523419
9.72080914
9.795004693
9.863991581
9.955331977
10.05477025
10.2056702
10.35328291
10.44900783
10.49601921
10.49668656
10.4940176
10.49335053
10.51276685
10.53351381
10.55663841
10.61357218
10.6622894
10.71198926
10.78392033
10.8651204
10.94262936
10.97261542
10.97739118
10.97739118
10.98216701
11.00158971
11.02228466
11.06653587
11.13371927
11.21555944
11.32484951
11.43703786
11.55332061
11.6649247
11.76477557
11.83712058
11.86193811
11.86193811
11.86223093
11.85831909
11.86037092
11.85674702
11.87166321
11.90511989
11.96248141
12.03477182
12.09921978
12.17235241
12.26348031
12.32959233
12.37659385
12.39573161
12.39066984
12.37999027
12.36986347
12.36479953
12.35862204
12.32822417
12.25640022
12.15880621
12.09435348
12.08886866
12.12979035
12.18715481
12.25640804
12.25644727
12.21610476
12.13618093
12.04487078
11.95187268
11.90327974
11.91235573
11.94005022
12.00145424
12.05051246
12.10498601
12.16882009
12.27482102
12.40437305
12.55298121
12.67919416
12.78265291
12.865732
12.90917691
12.89832766
12.87834222
12.84392684
12.78042701
12.74214833
12.73735961
12.76173666
12.79015651
12.7873214
12.74810585
12.728806
12.7197605
12.7197605
12.72431556
12.71415106
12.70906828
12.70906828
12.70906828
12.69890164
12.67884553
12.66443552
12.64550616
12.61188879
12.57827492
12.52968466
12.48418845
12.41941815
12.36322547
12.29399027
12.21572663
12.13574136
12.06162932
12.02144798
12.00711727
12.02166443
12.02713658
12.02811513
11.9951131
11.95894016
11.93616632
11.88814802
11.83703103
11.75622975
11.65087037
11.55944208
11.4953728
11.45846818
11.40934578
11.33088239
11.26363968
11.20051337
11.14670123
11.10605659
11.06516812
11.0259352
10.95107935
10.87612463
10.79972521
10.72245049
10.65577644
10.60986995
10.56470329
10.51579147
10.48214124
10.43330493
10.37927458
10.32602428
10.29144259
10.23709138
10.16784401
10.10819216
10.05813547
10.02247934
9.966367626
9.889524169
9.787181125
9.623570442
9.375803238
9.153980991
8.948981699
8.810559997
8.70006376
8.619279957
8.552276919
8.508658564
8.51823346
8.552620728
8.607359435
8.659377409
8.671443643
8.626917715
8.527970478
8.4096275
8.272775269
8.136352462
8.039354558
7.992635129
7.98517837
8.002249243
8.006705533
8.006705533
7.99603199
7.980019027
7.964002887
7.942643091
7.900794522
7.844676165
7.775186924
7.699439914
7.606696347
7.51925651
7.433166268
7.357468355
7.298359573
7.189425865
7.065744076
6.942522616
6.828636378
6.727949196
6.636019168
6.535704975
6.42018416
6.286682252
6.125220811
5.938298626
5.773591745
5.676627909
5.612882703
5.595130883
5.587699412
5.563693921
5.515056468
5.472487937
5.440860709
5.419565887
5.403127419
5.400975195
5.373566608
5.35055348
5.292898698
5.207757659
5.078235103
4.914636018
4.722679886
4.543108206
4.356409654
4.205912317
4.099712206
4.023302808
3.969992025
3.88925478
3.773147097
3.615409913
3.407782711
3.160673417
2.926526635
2.732513159
2.589413048
2.53934279
2.534873445
2.531149689
2.534621898
2.507531335
2.490896849
2.475001116
2.456114379
2.397930432
2.328978006
2.273009883
2.232112244
2.181836454
2.135730717
2.08125126
2.043604331
1.988334609
1.903673327
1.821400438
1.721677828
1.623919293
1.537932228
1.435675512
1.333493496
1.245494876
1.160357879
1.110491668
1.057223314
1.037221389
1.028136233
1.013988836
0.987294819
0.935483963
0.865183013
0.776940463
0.639833686
0.519817831
0.39061882
0.23006303
0.055902524
-0.101614513
-0.288097132
-0.499462194
-0.666120812
-0.853928528
-1.024390348
-1.199410084
-1.389728588
-1.594488089
-1.75272704
-1.893577147
-2.012203805
-2.096658164
-2.114092471
-2.11995435
-2.130036097
-2.177557969
-2.23115696
-2.288070594
-2.324029285
-2.373962642
-2.409908159
-2.414388215
-2.378913449
-2.349652956
-2.307379906
-2.246517487
-2.178265895
-2.120276622
-2.058794057
-2.044004273
-2.072401939
-2.129131094
-2.197237084
-2.279808862
-2.34753212
-2.412676886
-2.450119284
-2.487561132
-2.491957961
-2.5303398
-2.59476266
-2.677607031
-2.780647282
-2.901183177
-3.028038336
-3.106047134
-3.156104682
-3.178199662
-3.178199662
-3.16337286
-3.165304684
-3.216341333
-3.263018739
-3.303826764
-3.457339604
-3.669283752
-3.883349857
-4.063176491
-4.187776301
-4.272699654
-4.327767031
-4.38921164
-4.44655936
-4.483464366
-4.534510026
-4.61144251
-4.668725458
-4.711210321
-4.751888976
-4.748724314
-4.712187559
-4.674212671
-4.671094272
-4.62204989
-4.521227645
-4.417105635
-4.248164894
-4.047987482
-3.828110068
-3.651885771
-3.515955471
-3.426426465
-3.369269794
-3.348988246
-3.313405888
-3.246613094
-3.139537267
-3.010447753
-2.907783919
-2.798049476
-2.689666492
-2.618006741
-2.597860376
-2.619601473
-2.700299061
-2.857962127
-3.049887211
-3.267749849
-3.465482899
-3.656138814
-3.825232704
-4.004954703
-4.251127065
-4.607110773
-4.912723874
-5.160280441
-5.360746941
-5.497869611
-5.646923137
-5.86490751
-6.130165145
-6.404526132
-6.639218867
-6.862960912
-7.071413114
-7.263126121
-7.439623069
-7.548818433
-7.577113168
-7.562104832
-7.54772564
-7.548891557
-7.578877852
-7.636435593
-7.693027736
-7.726884043
-7.736431229
-7.719155545
-7.70764088
-7.685061983
-7.651369475
-7.626621896
-7.59444752
-7.568714207
-7.523694145
-7.44684078
-7.348762804
-7.226462691
-7.102616638
-6.999581463
-6.954935893
-6.953608807
-6.985703075
-7.070266816
-7.189615449
-7.301563571
-7.361248038
-7.371933983
-7.366664144
-7.369870078
-7.381553055
-7.414851075
-7.420257478
-7.421582187
-7.404613085
-7.397842491
-7.402958699
-7.439638583
-7.504157075
-7.578659982
-7.667606318
-7.72359281
-7.7289747
-7.740567113
-7.745699478
-7.758266625
-7.789832242
-7.831909784
-7.836289807
-7.836512204
-7.81784879
-7.785520833
-7.763638549
-7.773068563
-7.778304003
-7.782528695
-7.745074161
-7.639934095
-7.479984058
-7.294425724
-7.113346223
-6.990349127
-6.946711467
-6.967822548
-7.016712565
-7.030815884
-7.029756991
-7.041039148
-7.0789374
-7.135143466
-7.192160677
-7.212981502
-7.243373471
-7.25974812
-7.282406752
-7.290677016
-7.28251939
-7.262929238
-7.216702458
-7.165609017
-7.111555755
-7.078161629
-7.070178478
-7.076308469
-7.111885088
-7.156681317
-7.20550998
-7.25128745
-7.320310889
-7.379095519
-7.427662222
-7.460911127
-7.481903836
-7.496491229
-7.525299986
-7.530486907
-7.540844605
-7.556359049
-7.582366758
-7.594390677
-7.610544703
-7.610544703
-7.610544703
-7.610544703
-7.610544703
-7.616618651
-7.698592583
-7.812902388
-7.923348475
-8.050411785
-8.120720301
-8.151493577
-8.160998335
-8.168198706
-8.190909414
-8.233038236
-8.247550348
-8.268263119
-8.31916664
-8.424708105
-8.557701808
-8.699199377
-8.839826735
-8.968335703
-9.060459679
-9.167710776
-9.281599988
-9.367347323
-9.439683682
-9.49350195
-9.527136806
-9.555766026
-9.604584817
-9.665721495
-9.753213059
-9.825616622
-9.929392764
-10.03673833
-10.13684777
-10.23031618
-10.30795313
-10.39790627
-10.45799638
-10.52044121
-10.57682721
-10.62665675
-10.71302074
-10.8005274
-10.88564345
-11.0045634
-11.12462252
-11.18874268
-11.24984568
-11.28374411
-11.32035813
-11.38536416
-11.49578211
-11.62997444
-11.77573167
-11.8790384
-11.93220298
-11.96010159
-12.00071444
-12.0501811
-12.07903778
-12.13042347
-12.19691138
-12.2557769
-12.33378004
-12.42534089
-12.49052506
-12.56088433
-12.60606688
-12.64130773
-12.6640172
-12.72214654
-12.82539071
-12.92712791
-13.02099476
-13.11855564
-13.19479237
-13.23353428
-13.24481838
-13.24857887
-13.24857887
-13.25609851
-13.25985767
-13.25985767
-13.28240337
-13.31239388
-13.34858976
-13.42095837
-13.49691996
-13.57154615
-13.66102394
-13.73542883
-13.79989218
-13.84572076
-13.89320371
-13.91570505
-13.96441912
-14.02310669
-14.08806233
-14.16556378
-14.22056078
-14.25785144
-14.30878208
-14.36596147
-14.40320349
-14.46293654
-14.55878318
-14.67920969
-14.7907222
-14.90224038
-14.99756849
-15.08055854
-15.18482581
-15.28011883
-15.3491521
-15.3871287
-15.43475676
-15.48793588
-15.54695676
-15.6130625
-15.73412903
-15.84493077
-15.92983983
-16.04083268
-16.12211172
-16.18295147
-16.26620818
-16.34636964
-16.42291333
-16.48965534
-16.51819294
-16.54151985
-16.56595179
-16.57226633
-16.5895904
-16.64077788
-16.66929835
-16.7421345
-16.8309704
-16.88943906
-16.93915371
-16.99425523
-17.03759467
-17.04895693
-17.06162188
-17.07612061
-17.09583568
-17.13827942
-17.1753078
-17.18888341
-17.19369448
-17.24215009
-17.29391757
-17.37099066
-17.49100897
-17.62228393
-17.77196533
-17.91056892
-17.96384092
-17.95722748
-17.94944599
-17.9430998
-17.9430998
-17.9430998
-17.92406297
-17.89581057
-17.88431622
-17.87222958
-17.87688577
-17.89192617
-17.86835081
-17.83212718
-17.80730995
-17.81840563
-17.84528949
-17.87847977
-17.9161177
-17.94639719
-17.97229928
-18.00491048
-18.04435623
-18.10273232
-18.13619098
-18.14691182
-18.14691182
-18.14819785
-18.14196699
-18.13292376
-18.16300199
-18.19596172
-18.21948174
-18.22972634
-18.20786774
-18.13694461
-18.04994224
-17.99969689
-18.00008515
-18.04300883
-18.09316606
-18.11164013
-18.07708129
-18.05989588
-18.04053389
-18.01502451
-18.03219364
-18.05946926
-18.09016215
-18.14811613
-18.19748307
-18.21339281
-18.2551642
-18.30938437
-18.37334786
-18.42923916
-18.42799629
-18.40902247
-18.37564586
-18.33469714
-18.27768333
-18.23968721
-18.22702416
-18.23093877
-18.24924884
-18.25390344
-18.25563989
-18.24136792
-18.2122146
-18.18058542
-18.14264002
-18.11102685
-18.06801677
-18.03010168
-17.99219707
-17.98079798
-17.98326446
-17.98696364
-17.99066207
-17.98804164
-17.99007113
-17.9798979
-17.95831919
-17.93384501
-17.91525156
-17.90366904
-17.90857573
-17.92277992
-17.92988088
-17.93355849
-17.93311427
-17.92292857
-17.91983866
-17.92893423
-17.93969771
-17.9375736
-17.8979906
-17.84876551
-17.75084222
-17.63618543
-17.49640696
-17.38205904
-17.35243167
-17.36235041
-17.39462383
-17.41406532
-17.41406532
-17.40148543
-17.39519592
-17.39758228
-17.40339891
-17.41383784
-17.42323117
-17.43948089
-17.44657177
-17.45436622
-17.44509607
-17.43253592
-17.41659538
-17.39221604
-17.38035578
-17.37748271
-17.41441495
-17.45116555
-17.47871208
-17.48917693
-17.4864155
-17.47960862
-17.47791267
-17.4733471
-17.46536762
-17.41852636
-17.38435839
-17.35764126
-17.33776023
-17.31502293
-17.32088944
-17.34621606
-17.36811701
-17.37970208
-17.39756512
-17.38811184
-17.36436699
-17.34290237
-17.32421064
-17.31231794
-17.30608507
-17.30953046
-17.32208656
-17.32664343
-17.32664343
-17.32037125
-17.30782777
-17.28901474
-17.27647418
-17.25766554
-17.2451279
-17.22632364
-17.20637845
-17.200112
-17.20352516
-17.20464304
-17.20916728
-17.20116279
-17.16582945
-17.11573198
-17.03107147
-16.8926853
-16.78051267
-16.75218971
-16.75218971
-16.75841805
-16.75841805
-16.75841805
-16.75841805
-16.75841805
-16.73973391
-16.72158796
-16.71536055
-16.6932686
-16.67117774
-16.61113566
-16.53523671
-16.43384026
-16.29172533
-16.15652033
-16.08688525
-16.06758808
-16.06138027
-16.04896554
-16.01793386
-15.98898702
-15.98278192
-15.98278192
-15.97657711
-15.93866515
-15.85389556
-15.76224346
-15.68025515
-15.62378161
-15.59554913
-15.58479728
-15.58479728
-15.56622254
-15.56003156
-15.53580396
-15.49573755
-15.43474407
-15.34793391
-15.29153362
-15.23296727
-15.19186074
-15.16367766
-15.14515134
-15.09845361
-14.99275539
-14.85362977
-14.65826218
-14.34666387
-13.95689507
-13.59540181
-13.40759261
-13.37967009
-13.45027995
-13.54114693
-13.54467623
-13.49234007
-13.47660983
-13.47660983
-13.48270918
-13.48167069
-13.48167069
-13.48063213
-13.47349466
-13.47245612
-13.44038043
-13.38088725
-13.34024111
-13.32141289
-13.30569381
-13.26359246
-13.17777158
-13.03819222
-12.86926558
-12.7039921
-12.58850274
-12.54041276
-12.4837156
-12.43664798
-12.3971807
-12.3753977
-12.34801058
-12.29991105
-12.21949199
-12.11333942
-12.02892
-11.95414148
-11.8864155
-11.81465817
-11.76764132
-11.72665981
-11.72162445
-11.72362174
-11.72561874
-11.7286137
-11.71393624
-11.71692899
-11.69516108
-11.62392097
-11.54247155
-11.45662836
-11.37080152
-11.26569165
-11.16520479
-11.07633928
-11.00678886
-10.9350044
-10.86127803
-10.79989803
-10.74218612
-10.69415164
-10.61248316
-10.50922001
-10.37607802
-10.21681632
-10.04456405
-9.887863288
-9.794535621
-9.758394025
-9.759798303
-9.770845392
-9.774526879
-9.754364791
-9.769087077
-9.776910407
-9.802645745
-9.823791219
-9.825178089
-9.789455204
-9.735009899
-9.659101272
-9.569970275
-9.498716157
-9.44530467
-9.409710966
-9.376377482
-9.325265524
-9.250471867
-9.197951795
-9.172810232
-9.154132112
-9.138602249
-9.107543133
-9.034904855
-8.93491627
-8.812608196
-8.695735231
-8.624153994
-8.608637428
-8.602735682
-8.587219811
-8.550288724
-8.472717021
-8.37591555
-8.260548429
-8.164827863
-8.107104564
-8.044583032
-8.01055161
-7.973670746
-7.958171138
-7.934306422
-7.858795366
-7.754439293
-7.63460817
-7.519429691
-7.419764486
-7.305499238
-7.176988463
-7.06725227
-6.992278164
-6.915241064
-6.822382176
-6.754642004
-6.675515197
-6.587664049
-6.491023898
-6.392368516
-6.284286039
-6.164352591
-6.019337327
-5.8976083
-5.796002334
-5.742418609
-5.723598182
-5.719422519
-5.676879331
-5.651762346
-5.622795367
-5.586065283
-5.530024784
-5.462708891
-5.395399623
-5.33936796
-5.289133361
-5.248558942
-5.198322085
-5.136500525
-5.076598323
-5.014782447
-4.920088237
-4.808035651
-4.661195318
-4.538698125
-4.47144638
-4.424637434
-4.407636336
-4.386424663
-4.351158972
-4.274253205
-4.165703448
-4.027070348
-3.916926859
-3.806013304
-3.716890502
-3.659692846
-3.612941568
-3.597514322
-3.578143514
-3.537603332
-3.466212209
-3.346379988
-3.211110716
-3.070103498
-2.938791302
-2.838318884
-2.77266308
-2.722425382
-2.676174102
-2.65105605
-2.61623463
-2.550580944
-2.465517042
-2.343917585
-2.21092476
-2.104755731
-2.001902784
-1.903352289
-1.803160447
-1.700614014
-1.609188849
-1.532471766
-1.447425991
-1.345611938
-1.250107395
-1.145570181
-1.021680146
-0.870761211
-0.697772845
-0.525107455
-0.352665156
-0.180426192
-0.039888127
0.047028254
0.092503491
0.106500995
0.114901655
0.14892381
0.174754506
0.214763578
0.271499988
0.316169763
0.350531864
0.374157873
0.416907575
0.501237161
0.636238358
0.800964497
0.929231647
1.012072521
1.056314963
1.068298499
1.075548686
1.111266152
1.170543933
1.27392756
1.391700991
1.547810815
1.698640903
1.848332896
2.012486728
2.148178115
2.296168226
2.420111877
2.493737957
2.525468307
2.543965673
2.561289501
2.592568835
2.646866745
2.725937647
2.797091833
2.866650192
2.952296013
3.073990232
3.22507071
3.36833459
3.493625161
3.601964822
3.689327032
3.762272044
3.804534609
3.813154997
3.823432866
3.83680786
3.859136829
3.87261986
3.879029333
3.88488652
3.885438625
3.891847735
3.904113329
3.940905634
4.00352666
4.114272698
4.237174452
4.352073192
4.418693396
4.457542823
4.468662102
4.473417577
4.502239072
4.565272985
4.651758492
4.732881832
4.817122873
4.86913866
4.917191353
4.93188321
4.933323363
4.96513628
4.999240239
5.029102295
5.063254225
5.089916495
5.113344813
5.111959999
5.115796144
5.163627026
5.231856904
5.320446804
5.433630276
5.523593788
5.614518125
5.704512189
5.783414161
5.825505384
5.826504232
5.826504232
5.826504232
5.843739628
5.857168808
5.857168808
5.862476111
5.887084377
5.914453406
5.933200934
5.956763618
6.0077881
6.100709549
6.213429014
6.343643079
6.478726527
6.60185757
6.685378395
6.723438941
6.741782795
6.753871278
6.761603276
6.783891147
6.811459232
6.859852801
6.899517767
6.938246277
6.975071012
6.984702321
6.961738586
6.946045495
6.953252568
6.972664283
7.021799429
7.061695294
7.076756174
7.076756174
7.077222983
7.082076849
7.097105422
7.140827494
7.177165512
7.209078032
7.240059916
7.270578132
7.314740544
7.378820523
7.442428696
7.517592591
7.614466149
7.703410477
7.790077392
7.852431589
7.901919955
7.941699248
7.958055919
7.955402861
7.963376018
7.966487172
7.968710261
7.961665012
7.973165307
7.970093294
7.956863564
7.954247364
7.975462819
7.991374433
8.001535562
8.010358753
8.004171655
7.986933731
7.982025677
7.985495781
8.017268222
8.033590761
8.025590969
7.98342068
7.895809646
7.812743507
7.769877126
7.758206065
7.743574928
7.743847604
7.700683092
7.65150654
7.642858369
7.684269509
7.733213449
7.757892225
7.75928695
7.761611919
7.783705097
7.815214055
7.827902147
7.853999038
7.88997658
7.929511139
7.960571473
8.009108027
8.048710011
8.046619023
7.97364155
7.864787605
7.778247368
7.745578534
7.756028518
7.780339507
7.799696821
7.824483506
7.85735053
7.894723927
7.911444076
7.898504394
7.836908762
7.7576516
7.701682277
7.624018641
7.513360768
7.395030107
7.347129114
7.319483281
7.319456379
7.326273281
7.339486383
7.362664217
7.356913763
7.341255446
7.284820916
7.254801683
7.253722052
7.287542203
7.348138592
7.399218868
7.438856019
7.417238529
7.360273363
7.280534863
7.157054419
7.019518187
6.890400099
6.75378937
6.644947318
6.631007769
6.687426064
6.746696529
6.786370667
6.79087908
6.789899377
6.788012545
6.785219041
6.79205133
6.777444624
6.753352167
6.730766239
6.70817775
6.67260827
6.595940504
6.517298131
6.422938967
6.334462743
6.23972398
6.13576267
6.048795146
5.990059964
5.95236193
5.930826637
5.88708321
5.833262606
5.762745378
5.652657414
5.506167927
5.35110301
5.172339193
5.024901706
4.925139647
4.83309672
4.721817173
4.609822761
4.534302619
4.468237512
4.411091524
4.367188547
4.32722515
4.278364971
4.237136154
4.175122195
4.131418941
4.093862306
4.046224032
3.995437103
3.933272166
3.850956279
3.749847097
3.661980223
3.566625705
3.458012279
3.355539628
3.254249333
3.128883438
3.008465364
2.896828507
2.804043234
2.705508788
2.589816774
2.400698404
2.168310446
1.88238845
1.594949332
1.321605282
1.097956198
0.944717439
0.856400654
0.820202197
0.820202197
0.819419552
0.719248337
0.57706239
0.406513143
0.232271321
0.046255591
-0.144120084
-0.315735238
-0.499206756
-0.661031982
-0.837489419
-1.021140243
-1.163812829
-1.292066488
-1.418761249
-1.58610703
-1.744925508
-1.896993304
-2.038171346
-2.173449953
-2.301142628
-2.417039697
-2.490672785
-2.52794774
-2.581438652
-2.640231604
-2.694651703
-2.790449667
-2.90155502
-3.02154431
-3.123763335
-3.16824016
-3.199111026
-3.235119847
-3.263163059
-3.334218835
-3.387781122
-3.420912016
-3.45834061
-3.484553291
-3.506576786
-3.585219548
-3.653730884
-3.694259688
-3.719338293
-3.740225469
-3.755153273
-3.821888765
-3.951232646
-4.09120266
-4.186497884
-4.291642306
-4.428898298
-4.476326464
-4.465378547
-4.441178608
-4.435333245
-4.418547432
-4.400435355
-4.376247502
-4.353883129
-4.285778866
-4.170833508
-3.986063023
-3.691430176
-3.308496725
-2.982389315
-2.820132316
-2.844725167
-2.969402312
-3.127208112
-3.278510159
-3.341813908
-3.300610503
-3.196606421
-3.068303911
-2.968279536
-2.95140105
-3.045145963
-3.265201227
-3.572190275
-3.913597123
-4.251119863
-4.551489858
-4.824475936
-5.063115199
-5.23099809
-5.35482187
-5.441900635
-5.509255084
-5.595796536
-5.659621452
-5.700337017
-5.713100306
-5.718049404
-5.725965358
-5.743227172
-5.807395233
-5.85397326
-5.923472034
-6.004681772
-6.060463956
-6.116284743
-6.195670388
-6.30673405
-6.413772306
-6.493293075
-6.532160985
-6.580385681
-6.665891615
-6.699708775
-6.692070522
-6.655799525
-6.620501698
-6.604196121
-6.586884743
-6.595281099
-6.602655376
-6.605013036
-6.566988629
-6.51667849
-6.451410083
-6.36246528
-6.267804947
-6.226093106
-6.222720453
-6.244488409
-6.210920513
-6.135117586
-6.054030407
-6.005506005
-6.01083749
-6.012269434
-6.038396251
-6.055804946
-6.073646577
-6.089080485
-6.106461829
-6.126217517
-6.158973869
-6.194063056
-6.238146504
-6.239683966
-6.177956785
-6.092763908
-5.984127779
-5.877550411
-5.796117214
-5.738755779
-5.685321437
-5.665082899
-5.699568237
-5.784235388
-5.876277164
-5.981456901
-6.077803526
-6.164068486
-6.275744212
-6.362130656
-6.420290351
-6.489103188
-6.539368837
-6.596933836
-6.688799533
-6.802370436
-6.902875439
-6.957207896
-7.001998531
-7.028250659
-7.034021541
-7.049058585
-7.080521982
-7.109765096
-7.151209094
-7.215199108
-7.275980648
-7.333571399
-7.364366035
-7.368417252
-7.35401494
-7.313978546
-7.253468229
-7.189922709
-7.137693573
-7.086510921
-7.028204624
-6.95052282
-6.868871024
-6.778014591
-6.755628162
-6.75672481
-6.765021421
-6.767190525
-6.758130163
-6.745035608
-6.73596506
-6.742265533
-6.763896728
-6.801774111
-6.859945395
-6.915968396
-6.964789524
-6.993239387
-6.999331346
-6.996275481
-7.00032891
-7.015539666
-7.019571254
-7.031704973
-7.036745905
-7.043826684
-7.041790828
-7.070132749
-7.090293583
-7.089032467
-7.017970471
-6.894555327
-6.703047473
-6.500935996
-6.336376501
-6.206211576
-6.150359428
-6.162544285
-6.242789818
-6.316997564
-6.378135357
-6.400185425
-6.414217717
-6.41421165
-6.430211382
-6.44222131
-6.438207406
-6.422111175
-6.420019103
-6.456982006
-6.538110953
-6.641471674
-6.707761384
-6.731876613
-6.731876613
-6.731876613
-6.731876613
-6.731876613
-6.731876613
-6.731876613
-6.731876613
-6.731876613
-6.731876613
-6.735893268
-6.747940641
-6.765013115
-6.773039344
-6.795138397
-6.828312738
-6.894656592
-6.965007017
-7.056472726
-7.151023678
-7.253596041
-7.388372192
-7.539261782
-7.656945116
-7.749559257
-7.817935159
-7.849090533
-7.874178854
-7.915358164
-7.963638633
-8.012705389
-8.058587876
-8.090203715
-8.102045632
-8.113107539
-8.133120269
-8.145221445
-8.161266791
-8.19415954
-8.22020856
-8.259130925
-8.299092936
-8.345852286
-8.399385668
-8.457856454
-8.501299426
-8.54824551
-8.6166199
-8.685076554
-8.720029121
-8.784314973
-8.85251207
-8.927360436
-9.002976212
-9.078518157
-9.165795624
-9.260404047
-9.349684168
-9.441185781
-9.541594115
-9.646909761
-9.737166454
-9.800133467
-9.855171044
-9.913541929
-9.960302099
-10.02328831
-10.08909211
-10.17058844
-10.25822317
-10.32969356
-10.39708571
-10.45058829
-10.51488693
-10.58417509
-10.64597601
-10.70563712
-10.73811494
-10.77895211
-10.79373401
-10.81343931
-10.84801644
-10.89009015
-10.93929096
-10.98354765
-11.03415342
-11.05804211
-11.08314969
-11.09831207
-11.11725516
-11.1498991
-11.17967678
-11.23166207
-11.27608926
-11.32052257
-11.37978806
-11.42913537
-11.47233574
-11.5399139
-11.62585484
-11.73883984
-11.91219727
-12.07569855
-12.22446296
-12.34605905
-12.40452877
-12.44338057
-12.45384533
-12.45076524
-12.49418094
-12.55022818
-12.6060579
-12.64357319
-12.66675902
-12.6568502
-12.63832294
-12.6234985
-12.6234985
-12.6234985
-12.62464752
-12.62561943
-12.61441912
-12.57967347
-12.56185982
-12.56599308
-12.58397153
-12.61789762
-12.64441142
-12.66977277
-12.71130889
-12.74797162
-12.76502072
-12.78689759
-12.77689348
-12.78631168
-12.81022381
-12.83781461
-12.8543495
-12.87456464
-12.88262307
-12.86866274
-12.87806715
-12.88975786
-12.88772544
-12.89025098
-12.90653375
-12.9278541
-12.94092495
-12.95881799
-12.97898832
-12.98928271
-13.01654464
-13.03141441
-13.00704377
-12.97330351
-12.95700184
-12.94689009
-12.92779746
-12.93155838
-12.94607357
-12.96676605
-12.97136228
-12.96492189
-12.95369913
-12.96500689
-12.97656907
-12.96503094
-12.96819854
-12.97611782
-12.96286179
-12.9495981
-12.94317424
-12.92789042
-12.90164617
-12.91607722
-12.91335618
-12.90971933
-12.924952
-12.94304341
-12.943715
-12.96039266
-12.98442822
-13.01247139
-13.05198699
-13.10606277
-13.1451783
-13.17211986
-13.18980015
-13.18445411
-13.1729384
-13.17632194
-13.18082093
-13.2209724
-13.25013957
-13.25378345
-13.25378345
-13.2574269
-13.26106989
-13.25489148
-13.23018092
-13.21276273
-13.20818661
-13.20360274
-13.19837459
-13.21610617
-13.2130588
-13.20192244
-13.20966445
-13.2247014
-13.22404556
-13.22006789
-13.22117063
-13.20990594
-13.18847897
-13.1783157
-13.1619697
-13.11362217
-13.068581
-13.02947211
-12.95188841
-12.8355531
-12.70774455
-12.61861412
-12.59830136
-12.60304352
-12.60778535
-12.61726801
-12.62924046
-12.65337172
-12.68046565
-12.7162279
-12.78138804
-12.82899621
-12.84778451
-12.87083127
-12.88783106
-12.8944549
-12.90396223
-12.87546105
-12.82630138
-12.77716106
-12.73417988
-12.67394333
-12.59420859
-12.51932111
-12.46270336
-12.38431965
-12.29989163
-12.23021875
-12.19357815
-12.18747246
-12.18747246
-12.17280183
-12.164238
-12.14086898
-12.11035963
-12.07740506
-12.0383661
-11.98960169
-11.93476528
-11.8470785
-11.74364796
-11.62207881
-11.48849587
-11.34900053
-11.22049722
-11.11868405
-11.05213728
-11.01283345
-10.99167208
-10.94733829
-10.90100365
-10.87079838
-10.83323852
-10.77388562
-10.69878469
-10.60424926
-10.46722972
-10.32459009
-10.18976853
-10.05130891
-9.883551597
-9.682676269
-9.476881034
-9.274939393
-9.154207722
-9.082926135
-9.009423049
-8.90918982
-8.757807056
-8.518606881
-8.251356292
-7.933620081
-7.640571618
-7.349615241
-7.110541053
-6.928688095
-6.77996281
-6.738980769
-6.739877146
-6.740773465
-6.744358172
-6.729380599
-6.688390691
-6.625891024
-6.524187766
-6.399209893
-6.28213029
-6.216657776
-6.180184091
-6.158082241
-6.137964057
-6.093715911
-6.016471533
-5.875693646
-5.724652415
-5.598970579
-5.487421066
-5.40540493
-5.339009375
-5.313620966
-5.313620966
-5.303851192
-5.27261362
-5.221754589
-5.188416014
-5.160903947
-5.094340376
-4.994442588
-4.904350339
-4.847139801
-4.786544046
-4.718368112
-4.651569157
-4.58893904
-4.563468621
-4.55282835
-4.541362432
-4.529071485
-4.522405353
-4.512592481
-4.512592481
-4.48899132
-4.461659796
-4.420540698
-4.37942277
-4.312838536
-4.244408466
-4.19245062
-4.136506409
-4.085364855
-3.998129265
-3.874804609
-3.765317813
-3.661663836
-3.615171939
-3.6254091
-3.657503108
-3.675143325
-3.653144086
-3.605795711
-3.584235163
-3.61219615
-3.652692873
-3.662236247
-3.70681444
-3.778370147
-3.841859766
-3.866244585
-3.866244585
-3.860466304
-3.848910723
-3.839170528
-3.78543723
-3.686981522
-3.654554483
-3.702089858
-3.792358117
-3.808476932
-3.793768121
-3.761736494
-3.748031031
-3.748031031
-3.701492636
-3.610223135
-3.482367202
-3.341614776
-3.235105681
-3.190429809
-3.180931638
-3.17699563
-3.162666915
-3.14657597
-3.102112255
-3.068967361
-3.056088477
-3.052947784
-3.052947784
-3.03921832
-3.038433463
-3.03365565
-2.997131275
-2.924091662
-2.787787324
-2.655887668
-2.536412488
-2.410511322
-2.312164999
-2.222472092
-2.190984361
-2.186197372
-2.182173319
-2.178148845
-2.166072906
-2.141909685
-2.101604037
-2.045105515
-1.992723962
-1.945945333
-1.917596707
-1.926641389
-1.92258939
-1.909675727
-1.895249237
-1.888175263
-1.872237392
-1.837810718
-1.791196904
-1.732525132
-1.678038794
-1.6194611
-1.555948769
-1.477432785
-1.363624786
-1.282147494
-1.231629566
-1.212065917
-1.212065917
-1.212065917
-1.192501082
-1.177154646
-1.160203423
-1.126437551
-1.096161319
-1.061801637
-1.010393371
-0.917885965
-0.765983138
-0.590288405
-0.434934099
-0.347913924
-0.30873155
-0.293256381
-0.292541976
-0.26946123
-0.263976048
-0.261939058
-0.233652895
-0.233652895
-0.233652895
-0.216750848
-0.190716439
-0.175238574
-0.138873124
-0.06767551
0.003514258
0.068372462
0.126106858
0.166569942
0.21607677
0.284378424
0.375047491
0.471322745
0.519364874
0.584925546
0.637910009
0.688118515
0.732722407
0.766122521
0.787652635
0.80918016
0.81120528
0.8194051
0.837252718
0.871791289
0.91606518
0.995816425
1.091533305
1.177376592
1.274912537
1.382705321
1.521105525
1.690875921
1.837212043
1.971931515
2.06635914
2.130875692
2.150842067
2.181752293
2.224619794
2.274633717
2.332054291
2.376877084
2.412658853
2.447812404
2.481708882
2.517307476
2.539285643
2.538240694
2.499744086
2.445213977
2.395782705
2.376951814
2.372330202
2.380785487
2.389242412
2.391783031
2.3936324
2.38691796
2.392537729
2.429654973
2.47851453
2.546830161
2.605376307
2.682763898
2.751730343
2.799297446
2.796125069
2.765361097
2.727189598
2.711185448
2.718541937
2.756458014
2.813862928
2.877410859
2.956038462
3.03469836
3.115761035
3.172435957
3.15201567
3.07036376
2.96589868
2.904996851
2.895194507
2.895832151
2.895832151
2.884754497
2.857054337
2.818259653
2.76280941
2.702125022
2.63581272
2.577602278
2.56810964
2.585123653
2.616212317
2.637180678
2.616879042
2.619806596
2.637145697
2.644002552
2.66430634
2.70232476
2.754459316
2.807263344
2.844054927
2.843861524
2.828280197
2.795341569
2.753541133
2.723501839
2.714738855
2.714172767
2.730343538
2.760015361
2.774844485
2.774844485
2.758102545
2.730192383
2.702931841
2.665152138
2.615522285
2.549109681
2.467196126
2.392487657
2.341163524
2.318553619
2.355702327
2.417991548
2.495828123
2.569453983
2.629927751
2.670517485
2.661822354
2.605180994
2.50557952
2.362362218
2.18099922
2.008430112
1.866702548
1.795108793
1.741982768
1.701454205
1.662292503
1.62734965
1.576158612
1.480241311
1.379776842
1.301172766
1.283617221
1.275210674
1.269536038
1.215583498
1.137446093
1.072834549
0.986881251
0.920077526
0.858959509
0.802095529
0.746667821
0.715385852
0.674154862
0.618729017
0.553361655
0.441758915
0.317199502
0.179558195
0.056730821
-0.038255752
-0.118315432
-0.191089945
-0.231660943
-0.284555455
-0.344849326
-0.387882792
-0.482990234
-0.607159079
-0.755277576
-0.893567258
-1.003698122
-1.085815856
-1.106551031
-1.109005983
-1.087564955
-1.08077449
-1.089642681
-1.114245314
-1.132329753
-1.133145424
-1.150490614
-1.18779073
-1.220904977
-1.255623288
-1.284564587
-1.359851837
-1.495764189
-1.639265855
-1.794655592
-1.950276182
-2.080163248
-2.174293883
-2.230110006
-2.275945782
-2.333456109
-2.378495108
-2.431864058
-2.503550269
-2.582777981
-2.633723092
-2.703124747
-2.798321107
-2.936234704
-3.086851816
-3.255197653
-3.424467671
-3.541111788
-3.588265414
-3.610056577
-3.610056577
-3.62184133
-3.627734211
-3.63952098
-3.657203655
-3.70437224
-3.7574626
-3.846006993
-4.005577268
-4.218717845
-4.436394173
-4.653028324
-4.842090264
-5.030545612
-5.198506738
-5.292697055
-5.33663162
-5.365705992
-5.405779507
-5.446803076
-5.515903233
-5.620258265
-5.675271896
-5.708393187
-5.724466797
-5.730466374
-5.730466374
-5.710342271
-6.412719714
