44.35012568
44.35248328
44.35796032
44.36925342
44.39111075
44.3929439
44.39011241
44.39754531
44.41365946
44.42755302
44.42124956
44.41359466
44.39475891
44.37685529
44.35477625
44.34474015
44.33422533
44.31517037
44.30582855
44.31621373
44.31099649
44.32540208
44.34989291
44.38381211
44.4454244
44.50284474
44.56243286
44.62170376
44.67997879
44.74129926
44.78055546
44.83463718
44.90706588
44.95598573
45.0198295
45.08472989
45.16060552
45.22524896
45.28380779
45.34618287
45.43980411
45.54884871
45.64361076
45.72714717
45.78361294
45.79454152
45.79644112
45.81245458
45.83773456
45.85900494
45.84832278
45.82737621
45.81552899
45.80879047
45.82201997
45.82782993
45.82939036
45.83839042
45.82739197
45.81121895
45.82310315
45.81942777
45.79924068
45.78777514
45.79626258
45.78311872
45.75222882
45.71441629
45.65491393
45.59205639
45.51776355
45.42489979
45.34888208
45.27610375
45.19189803
45.11689933
45.06950613
45.03714635
44.99324157
44.98703377
45.00217682
45.00542638
45.00542638
45.039855
45.06965167
45.09086254
45.1382261
45.16834453
45.17581234
45.18347249
45.1838128
45.16594415
45.11537959
45.05969874
45.02264952
45.02266235
45.019116
45.019116
45.019116
45.02179278
45.02072805
45.00939568
44.98876735
44.96722203
44.95907311
44.92528729
44.94288512
44.95834367
44.95652961
44.9847556
44.98983086
44.99943883
45.04356168
45.10511219
45.16521609
45.22071417
45.28737854
45.38742378
45.4004297
45.39097496
45.38799687
45.38876704
45.39926965
45.40805095
45.42470919
45.44124942
45.43863495
45.43311293
45.43436301
45.41558529
45.39286118
45.37772175
45.37506922
45.38320148
45.40121572
45.42482132
45.41371915
45.3884398
45.39109274
45.41029988
45.41145303
45.42488259
45.42177942
45.44705847
45.52163146
45.5661691
45.59929202
45.66208629
45.73135389
45.81549528
45.90610846
45.95415368
45.99175343
45.99902384
46.02122372
46.07217846
46.09701698
46.09052214
46.0534401
46.01611052
45.98842667
45.99214627
45.97246013
45.93997928
45.91046498
45.89130351
45.87995931
45.87528535
45.83424832
45.78376772
45.76437656
45.76647434
45.7722432
45.76267074
45.75379715
45.74777417
45.75651822
45.72533796
45.68801887
45.67854867
45.65732993
45.62433392
45.61131451
45.60523355
45.6024975
45.59804546
45.59751187
45.59507015
45.57043585
45.51922069
45.49130817
45.4562577
45.45647824
45.45328697
45.44198601
45.42939304
45.42429386
45.42662909
45.4499208
45.44315322
45.44562241
45.44606753
45.45788865
45.46487842
45.46894124
45.47540816
45.47040621
45.46307273
45.45914157
45.46587779
45.44536829
45.40987321
45.38383437
45.37219779
45.37128848
45.38676344
45.43121976
45.45493789
45.45493803
45.46175212
45.48900063
45.49719084
45.51221545
45.54769435
45.55729978
45.55461581
45.58735965
45.64193918
45.75252933
45.89834148
46.05511048
46.1691193
46.21322666
46.20112376
46.223715
46.26232195
46.28515696
46.29653739
46.31205712
46.32224916
46.31112343
46.29527564
46.26054921
46.24165583
46.22233199
46.18848698
46.15234817
46.11935383
46.07317336
46.02873121
45.99464968
45.96081171
45.94269013
45.93317631
45.92461216
45.92070352
45.91883844
45.89894221
45.88596764
45.8832384
45.87662892
45.87394287
45.85116505
45.82777936
45.81540495
45.80109268
45.77968137
45.75208339
45.71694784
45.68206527
45.65438952
45.60178578
45.56749745
45.53674188
45.52130364
45.50819954
45.49068424
45.4693238
45.43566774
45.40770776
45.377253
45.34841
45.33245611
45.30258371
45.28121106
45.25236051
45.22538411
45.19325129
45.14498597
45.11620903
45.09257895
45.07025979
45.045751
45.02607834
45.00149273
44.98486926
44.95360303
44.91548745
44.85435313
44.81725755
44.79588613
44.76196753
44.73679486
44.71605009
44.68620391
44.6707366
44.67250682
44.67368783
44.68946954
44.7070326
44.68353398
44.64865013
44.64674924
44.64751164
44.64192261
44.63757191
44.64682508
44.64112854
44.60490764
44.54261846
44.48815
44.45052154
44.42483844
44.4109059
44.41884238
44.50091447
44.59209195
44.63635596
44.63203248
44.64934714
44.6907871
44.73412027
44.74005245
44.7313538
44.71746636
44.70708784
44.70446642
44.71624475
44.73457568
44.754632
44.77656494
44.79671891
44.83560444
44.86679381
44.8927106
44.91406357
44.94599145
44.97811175
45.02242704
45.06846352
45.11594729
45.15484167
45.20957364
45.28896374
45.37468862
45.45143096
45.4859712
45.47654684
45.46620953
45.47001417
45.46582195
45.46934775
45.46022697
45.46237775
45.47339932
45.4790418
45.49483345
45.49627333
45.48860568
45.4802975
45.48110115
45.47621313
45.47803712
45.48003075
45.478131
45.47840887
45.48208608
45.46189212
45.43083163
45.39950987
45.36160625
45.34960496
45.35044141
45.34438084
45.33385982
45.31395882
45.29296164
45.25236021
45.20758519
45.16510541
45.13545526
45.10939947
45.10164883
45.11183708
45.12448548
45.10995616
45.09425884
45.06451526
45.06512582
45.08965254
45.10704114
45.11863383
45.13022674
45.13261299
45.13500031
45.14146121
45.16517819
45.18314652
45.20187541
45.23951341
45.26651845
45.29219418
45.33647988
45.37664979
45.40022641
45.42176719
45.42179124
45.43246222
45.44795567
45.47046367
45.48502237
45.5086524
45.53127416
45.54130959
45.54921105
45.54366049
45.54366652
45.5448875
45.55748606
45.57026951
45.57293515
45.57359631
45.57241638
45.55623816
45.55161501
45.53916911
45.53961311
45.51976822
45.506783
45.47918317
45.45396241
45.43551829
45.41095985
45.40979615
45.41047907
45.39964346
45.38690852
45.36726655
45.33181868
45.2988289
45.25695238
45.22841122
45.21161269
45.19747058
45.19404262
45.19004083
45.18052121
45.18188023
45.18097534
45.18343121
45.17792244
45.17572011
45.16780979
45.16565045
45.14459612
45.11757211
45.09927045
45.08029639
45.0550586
45.0171914
44.97488788
44.93509581
44.88418039
44.83417646
44.79501093
44.77568868
44.76263975
44.75398856
44.75923847
44.77429095
44.82134258
44.92503978
45.0492133
45.18908788
45.31536005
45.4146777
45.4550914
45.47769607
45.5100881
45.53324282
45.54668326
45.56615186
45.59861941
45.64315546
45.69699697
45.73009508
45.76231361
45.78395816
45.81457176
45.86582769
45.92031233
45.97115859
46.01578275
46.00837567
46.004623
46.00206306
45.99486019
45.99078594
45.98734655
45.98150112
45.97613314
45.97337745
45.96395264
45.95346757
45.952511
45.95493055
45.95209596
45.94446277
45.9432274
45.9402757
45.93469568
45.93176841
45.94735442
45.95901168
45.97321681
46.00003913
46.01006496
46.01734094
46.02827939
46.03669641
46.04099314
46.07373639
46.10981811
46.15888709
46.21715352
46.2968178
46.35405323
46.42199913
46.46690365
46.51125184
46.57591462
46.62124924
46.67041733
46.71039017
46.74012229
46.76202507
46.77245003
46.77768206
46.7807543
46.78183953
46.78203389
46.7813684
46.76782585
46.76092038
46.76864318
46.77961477
46.80686482
46.84234733
46.86045961
46.88327515
46.89067919
46.88499096
46.88129619
46.88949413
46.910244
46.92686398
46.9699325
46.99317765
47.00591065
47.01175051
46.99770094
47.00042215
47.00217712
47.0192037
47.05988061
47.07765348
47.09179119
47.07923917
47.07326597
47.07732192
47.09534868
47.11002716
47.13251572
47.13300064
47.13792045
47.13489279
47.13176154
47.13188547
47.13596651
47.15553991
47.17606624
47.21437338
47.24799395
47.29070266
47.33369612
47.3875356
47.42278727
47.44390103
47.46618023
47.48994092
47.49599226
47.47182202
47.45783669
47.45420868
47.45748204
47.45748204
47.45748204
47.45810887
47.4535066
47.45055889
47.45089563
47.44399587
47.43579438
47.43795488
47.42479817
47.4158223
47.41426436
47.44623726
47.50615416
47.58992951
47.68170134
47.74554366
47.82371274
47.93851282
48.01697729
48.08757553
48.12987969
48.14367415
48.15176242
48.16211026
48.19316545
48.26223984
48.35908895
48.44817691
48.52138092
48.5654349
48.57474666
48.57143715
48.57491572
48.58423532
48.61793319
48.65074235
48.69154392
48.72028855
48.73587288
48.7457855
48.76175313
48.794458
48.84001617
48.88456826
48.92008038
48.94533912
48.98309412
49.01498934
49.03013089
49.02063496
49.00909654
48.90701111
48.82261948
48.75356949
48.72917675
48.740258
48.78001288
48.7883924
48.77567661
48.73696754
48.7274129
48.73444675
48.74355248
48.73561746
48.72298894
48.73649176
48.74831375
48.75446534
48.77670004
48.81376767
48.84842352
48.85371231
48.86007802
48.87471983
48.9065424
48.96455552
49.02030208
49.08569234
49.12789317
49.15471396
49.15337187
49.1420822
49.1147701
49.09506696
49.08234176
49.08006554
49.0677228
49.01466253
48.91041747
48.81320289
48.77367714
48.74391749
48.74606766
48.72807257
48.7324421
48.70229556
48.67882431
48.66673516
48.63355348
48.61743034
48.6039678
48.59214193
48.58839909
48.60449125
48.62229277
48.62095708
48.61825797
48.62463739
48.64515275
48.67818021
48.71614497
48.74847083
48.77819355
48.79923106
48.76726755
48.71768908
48.70255378
48.72175343
48.75785054
48.80720142
48.84938352
48.8570483
48.82639352
48.81873165
48.82099107
48.83861275
48.82928099
48.82097626
48.82891844
48.84856423
48.84741519
48.84177896
48.8473292
48.86056009
48.86026462
48.86026462
48.85997014
48.86268434
48.88095798
48.89401134
48.89419687
48.89777187
48.8846809
48.85071904
48.86756107
48.94549769
48.99650427
49.00124149
49.01102375
49.01102375
49.01499858
49.0275739
49.05540899
49.07254173
49.08082043
49.08026634
49.07942928
49.08658092
49.11809032
49.13849331
49.14246244
49.13203361
49.12169985
49.1218423
49.11852647
49.10457484
49.09794466
49.09462991
49.07667337
49.05679037
48.99827559
48.92076106
48.83714454
48.7687632
48.73829725
48.73496926
48.76464455
48.77713834
48.76897678
48.74995102
48.71084595
48.70955666
48.71490491
48.71150679
48.69604834
48.67982045
48.69346886
48.71703878
48.73954331
48.74554449
48.74511559
48.74247361
48.76440552
48.80646717
48.83182977
48.83852218
48.825114
48.8179624
48.81251874
48.80923785
48.82551606
48.83940988
48.85608927
48.86230789
48.83675859
48.77623831
48.7869669
48.79808702
48.79808702
48.79426935
48.78790684
48.78472594
48.78472594
48.78472594
48.77836484
48.77002
48.77361066
48.78278877
48.79122837
48.79971342
48.80313884
48.7808691
48.76177626
48.73181622
48.72413628
48.72807529
48.71150727
48.70591375
48.6957037
48.70361788
48.70552798
48.71506101
48.73038331
48.7486763
48.79267053
48.82504363
48.84672682
48.82814027
48.80087097
48.77006992
48.72848586
48.72700034
48.70511639
48.71289584
48.71864044
48.73976667
48.75045592
48.75596392
48.74569753
48.7356711
48.7439355
48.73341215
48.72063889
48.69206045
48.65198245
48.62007407
48.602523
48.59419888
48.5989023
48.61039737
48.61768207
48.62209478
48.63582491
48.64126198
48.64386116
48.64448826
48.64181773
48.63579516
48.62465294
48.6065223
48.58202862
48.55574896
48.51122108
48.42145544
48.39709015
48.39370649
48.37040067
48.32963614
48.28713449
48.23129932
48.20764398
48.21796616
48.22923305
48.24522367
48.23563895
48.22044102
48.1877816
48.15873642
48.13816823
48.09338029
48.0572318
48.05866556
48.05855992
48.04956203
48.03142284
48.02768134
48.02768134
48.02224782
48.01409964
48.00595401
47.9950971
47.97985354
47.96941191
47.97024874
47.96197296
47.93920475
47.91920893
47.86951487
47.82700593
47.7974865
47.76523636
47.73641707
47.71262903
47.68629859
47.64870988
47.60362643
47.57113973
47.54068138
47.49113565
47.42375728
47.35645596
47.34129833
47.34089892
47.32465921
47.31251988
47.30061683
47.27746407
47.25918294
47.24847116
47.2429376
47.23760305
47.22988212
47.21708253
47.20422149
47.18753952
47.14408492
47.05842333
46.94879617
46.8190091
46.70840178
46.61461668
46.51227108
46.41508485
46.33814456
46.25719556
46.16331627
46.06213684
45.96407838
45.86548792
45.75139604
45.59774012
45.46229667
45.34673326
45.24642412
45.19622911
45.16531388
45.13955417
45.12651273
45.11406947
45.07319833
45.03747588
44.98115969
44.9130737
44.84530677
44.76173755
44.67385183
44.56165662
44.45205589
44.36218431
44.28230526
44.22236834
44.17363373
44.13373739
44.08675466
44.00007064
43.89518999
43.78969667
43.66131681
43.55052175
43.42953154
43.34680278
43.29745866
43.27461137
43.25116118
43.23065081
43.200186
43.14981606
43.08716709
43.01332355
42.93763239
42.87217055
42.78755288
42.70825454
42.61817836
42.5298856
42.42820312
42.31658356
42.21916728
42.09495422
41.97342955
41.87944544
41.80655118
41.75619215
41.6874277
41.62498003
41.57271017
41.5457596
41.54023914
41.54206611
41.55218774
41.53957762
41.52476656
41.52357477
41.54491747
41.55132572
41.57276473
41.61470687
41.61164841
41.62873896
41.62908811
41.64445064
41.67578386
41.71345406
41.74181879
41.7738458
41.77345686
41.78745735
41.7981486
41.79707655
41.7898994
41.7944377
41.79824442
41.80206323
41.80624361
41.80476561
41.81045562
41.80541206
41.80553276
41.80032486
41.78885014
41.77673409
41.76799739
41.76260039
41.76260039
41.75631966
41.74572615
41.73173711
41.71355877
41.69334585
41.62529958
41.55461703
41.47408914
41.41881284
41.38403615
41.35961859
41.34470743
41.32359641
41.29408399
41.28145556
41.25823773
41.21722829
41.19198208
41.16024537
41.13492857
41.1071284
41.07906262
41.04901986
41.03523293
41.02957607
41.01180265
40.96630067
40.8735843
40.70312422
40.51368916
40.34050002
40.20051552
40.12258424
40.09922943
40.08966062
40.05544704
39.99133254
39.88884699
39.74157861
39.54369811
39.34024573
39.01340996
38.62027503
38.15287781
37.6774508
37.17591117
36.67607992
36.25271606
35.95991974
35.7954656
35.73304711
35.74419674
35.80168449
35.83358945
35.85061157
35.86160354
35.83526559
35.79296849
35.74815767
35.70477614
35.66819835
35.62193099
35.54405175
35.47410296
35.39564269
35.33758339
35.35806668
35.4238794
35.48369308
35.57225719
35.63734731
35.68571781
35.77402916
35.91297639
36.10765632
36.31882434
36.54118561
36.7499105
36.88961669
36.96834474
37.02607416
37.03396185
37.04077454
37.05137532
37.0598638
37.07473545
37.11867133
37.17593829
37.25861838
37.37017271
37.48866712
37.62123194
37.78243846
37.90755415
37.99003828
37.99930601
38.01597033
38.03660767
38.07093313
38.09641415
38.10956352
38.11038018
38.13470986
38.16275695
38.2329205
38.38619668
38.60193369
38.8548283
39.11502575
39.33624603
39.51997222
39.64300131
39.72357954
39.76300622
39.78206111
39.83117847
39.86993253
39.91737176
39.98562613
40.06327308
40.17275722
40.27034029
40.34062453
40.3952317
40.43928702
40.47865954
40.5198655
40.58733797
40.69765383
40.84363409
41.03069317
41.23461185
41.41838931
41.56084467
41.6489856
41.71397881
41.75465596
41.7595774
41.76024149
41.76997159
41.80082294
41.85433695
41.90089356
41.92430251
41.92789248
41.92619047
41.93537067
41.96211811
42.09067417
42.33029499
42.58171036
42.82352511
42.98924539
43.08783385
43.10368012
43.11381846
43.14623308
43.20120699
43.24678037
43.3067733
43.36431891
43.41940204
43.47223674
43.51424362
43.58218384
43.6542329
43.75360893
43.84976238
43.94273825
43.98151133
43.99527158
43.99569123
43.99569123
43.99569123
43.99569123
43.99569123
43.9936081
43.98805478
43.9834593
43.97148361
43.93637184
43.91153793
43.89259567
43.87333047
43.86649279
43.84120432
43.80496082
43.78842368
43.76697368
43.75611801
43.74767795
43.7377162
43.71348427
43.68852188
43.66500048
43.63576339
43.61205431
43.60820421
43.59251292
43.58565616
43.58765335
43.58428235
43.57818166
43.57749542
43.57283152
43.57163919
43.56504193
43.56472473
43.54752591
43.53440029
43.50718407
43.4981951
43.48807322
43.48858788
43.47968609
43.46732696
43.43806158
43.41264169
43.38533164
43.37022447
43.35228809
43.33512019
43.33817818
43.31552894
43.30739606
43.30615394
43.28841085
43.28504323
43.2761674
43.28458582
43.3018612
43.31561362
43.32598445
43.34626307
43.37164129
43.36119275
43.35247499
43.34950743
43.33430166
43.34095699
43.32046542
43.29600371
43.2906993
43.27921195
43.28109142
43.28926278
43.33702622
43.39009195
43.42703606
43.41720438
43.41514643
43.41649629
43.42431586
43.43921636
43.44418346
43.44418346
43.45411806
43.45908556
43.45908556
43.48889333
43.5100395
43.52710374
43.56358107
43.58445173
43.59154377
43.63743714
43.66147254
43.68679152
43.7056181
43.69546296
43.69487255
43.69873339
43.70578019
43.71099761
43.71254137
43.71466269
43.73428511
43.76214648
43.7881858
43.80785565
43.82706096
43.85409524
43.90462842
43.94352613
43.96215519
43.98155472
43.98833182
44.00130265
44.02309437
44.03827674
44.04809672
44.07961243
44.14219147
44.21942276
44.30690964
44.31411533
44.29163221
44.2662146
44.24581584
44.21360152
44.18750867
44.13776581
44.11346683
44.13106511
44.14723583
44.12035953
44.11084299
44.11687985
44.11510978
44.11076692
44.08560975
44.05894461
44.04702583
44.0353147
44.00117007
43.97907592
43.98993511
44.01819802
43.99773062
43.97299188
43.95471754
43.94054019
43.92787929
43.93081509
43.91998291
43.8998852
43.89040256
43.89293077
43.93424712
43.93864154
43.92796506
43.89366822
43.88070494
43.88743856
43.92711737
43.95199929
43.9537733
43.9537733
43.9537733
43.95909776
43.97335916
44.00198618
44.01807924
44.04852988
44.09511749
44.13984251
44.18813902
44.2473745
44.26765214
44.27832999
44.28727791
44.28602927
44.30226119
44.31016306
44.29877799
44.29841552
44.29289902
44.28480876
44.28348251
44.28348251
44.27942089
44.26269946
44.23472128
44.20289821
44.1639392
44.12224924
44.08990063
44.08416327
44.08967759
44.09343524
44.07205466
44.03614905
44.02030739
44.01621601
44.02126002
44.01937525
44.01533551
44.00183188
44.02050905
44.01149446
43.98870634
43.97151029
43.96813869
43.93925
43.90524857
43.88968426
43.8586054
43.84955163
43.85144
43.86277018
43.88092821
43.89372119
43.91230149
43.92905197
43.94023674
43.94396816
43.96254274
43.98648435
43.98814808
43.9972494
44.01715388
44.01868946
44.02803904
44.03927154
44.04864278
44.05788125
44.06915706
44.080447
44.08031792
44.07252743
44.06084322
44.04916081
44.03936576
44.03125267
44.02724402
44.02312704
44.02648579
44.02766251
44.01003965
43.99450586
43.9823714
43.97631088
43.964672
43.9643955
43.96043705
43.95043793
43.93639064
43.9187447
43.92212097
43.93717441
43.96142363
44.01027016
44.07005028
44.10353229
44.11273536
44.10256034
44.08121095
44.08068341
44.08799075
44.08799075
44.09190585
44.09386397
44.08624936
44.08424839
44.08405895
44.07065403
44.06849614
44.07589718
44.07952378
44.06829606
44.07802286
44.0955966
44.08905305
44.0788501
44.07619622
44.08810619
44.10352636
44.11513882
44.0984323
44.08923454
44.09142857
44.09536398
44.10696336
44.11289155
44.1344931
44.13529216
44.13039517
44.13686314
44.15102804
44.14607366
44.13170181
44.11170063
44.10514633
44.11034013
44.09752079
44.09291432
44.0811582
44.09245953
44.10154385
44.11197568
44.11226451
44.10550497
44.10759218
44.10759218
44.10962565
44.11369372
44.11979864
44.12387046
44.12998099
44.13405655
44.14017269
44.14993087
44.15197131
44.15769545
44.18467246
44.21737225
44.25415052
44.32034162
44.41187392
44.50794299
44.60132337
44.63841778
44.64097226
44.64097226
44.63890664
44.63890664
44.63890664
44.63890664
44.63890664
44.64510461
44.6342269
44.63629496
44.63679812
44.63730603
44.63678359
44.63475555
44.6276477
44.6275059
44.63893029
44.63513263
44.62798216
44.63008966
44.63430575
44.64485231
44.63414771
44.6362599
44.6362599
44.63837246
44.63758638
44.64597026
44.64308195
44.64381277
44.64953631
44.65240968
44.65248409
44.65248409
44.65889368
44.66103093
44.6689884
44.67557141
44.67933761
44.69533495
44.70123276
44.71436804
44.72466526
44.72765066
44.73412756
44.74361079
44.76697617
44.80913549
44.9058421
45.04473056
45.16244525
45.21602574
45.21658576
45.22005349
45.20077056
45.20161224
45.20719553
45.21964534
45.21857646
45.21857646
45.21632021
45.21988909
45.21988909
45.2234582
45.22928331
45.2328527
45.25057968
45.27108816
45.28196225
45.29163378
45.29058993
45.28878182
45.30865612
45.34772524
45.38013015
45.41838131
45.44958681
45.45037991
45.4443872
45.44163937
45.44930372
45.46994673
45.49228225
45.51245585
45.51521529
45.51460441
45.51263326
45.51389562
45.50928698
45.49986369
45.4974211
45.49266173
45.49140329
45.48420991
45.47701739
45.46623025
45.4618322
45.45104744
45.43337036
45.42117512
45.40885388
45.41162534
45.41447128
45.41118506
45.40989112
45.40461085
45.40557788
45.39686697
45.39538151
45.40605485
45.42222282
45.44147081
45.46734068
45.49507469
45.53503029
45.5927541
45.6402082
45.64995034
45.64090516
45.63686168
45.65019048
45.66648275
45.67191367
45.68721136
45.70893201
45.73666226
45.7746743
45.82847582
45.84179902
45.85657454
45.89997198
45.94537693
45.98246606
46.01218892
46.03451104
46.04940672
46.05641795
46.070903
46.09537908
46.09662338
46.09330642
46.10431654
46.10391195
46.10310996
46.10216181
46.10590978
46.11543646
46.12524727
46.14053899
46.1402151
46.14274127
46.14242067
46.14431582
46.14277722
46.13564457
46.13976591
46.14876877
46.17172256
46.17343388
46.18439611
46.18649671
46.18627195
46.17889155
46.19021823
46.19330481
46.19632387
46.2012774
46.2065011
46.20816638
46.2054765
46.21102726
46.22214584
46.22095544
46.22061313
46.22305707
46.20969015
46.21047363
46.20515736
46.20785338
46.18691802
46.19252637
46.19575668
46.18850121
46.18299249
46.17014458
46.1623293
46.15793683
46.16355969
46.16113168
46.15346505
46.15643589
46.15432814
46.15679216
46.15930223
46.15730107
46.1526224
46.15048569
46.14585306
46.1466805
46.13960405
46.14050704
46.12877406
46.1253394
46.11739188
46.11534702
46.1184802
46.12212618
46.12954478
46.13262824
46.13079755
46.13164147
46.13681406
46.13931186
46.12892629
46.12221826
46.1326299
46.13784601
46.14189491
46.14234108
46.13764018
46.13619979
46.13570672
46.12361977
46.11218468
46.10376358
46.09782951
46.09093411
46.08809915
46.08472316
46.0864841
46.08481741
46.08090212
46.07821457
46.07108947
46.06818533
46.07118421
46.06791187
46.07340222
46.08323799
46.07656033
46.0815285
46.08161523
46.08459021
46.07834316
46.08010941
46.10197086
46.14474833
46.1834692
46.20538463
46.23653251
46.26595401
46.32094014
46.37620651
46.42538713
46.45916902
46.48779443
46.53727954
46.58381578
46.63301054
46.66493077
46.71867212
46.78135478
46.83377167
46.88601493
46.96250696
47.03463092
47.08780007
47.14434784
47.17250797
47.19276793
47.21045223
47.23567729
47.24778872
47.26112256
47.26580701
47.26251602
47.25488604
47.24434678
47.25390704
47.26327744
47.29597664
47.32658378
47.33603758
47.32919143
47.32711609
47.32179461
47.33448163
47.35732982
47.37286592
47.38242369
47.38064116
47.37856195
47.38924169
47.42218577
47.46356173
47.51427073
47.56404331
47.59633324
47.64024659
47.67144415
47.69486441
47.72092277
47.74033101
47.76542145
47.801692
47.82590812
47.84460755
47.86913753
47.87942059
47.88597933
47.88970973
47.90000493
47.91687971
47.93351736
47.957865
47.97479199
47.97450149
47.98712102
48.00704296
48.0390607
48.0486708
48.04784615
48.04336197
48.03750792
48.02416147
48.00779258
47.97925601
47.93214718
47.85814242
47.7578096
47.66736632
47.61550447
47.57900444
47.54707403
47.51059036
47.49083411
47.48325485
47.47537254
47.47054045
47.46315922
47.42555861
47.39297813
47.36112465
47.3410713
47.36461092
47.41581481
47.45674209
47.47895277
47.48674164
47.48674164
47.48674164
47.46885761
47.45934326
47.45934326
47.46266904
47.46351491
47.44842324
47.44227739
47.43558924
47.41366525
47.3752313
47.33918939
47.3258074
47.31310236
47.32202352
47.32739548
47.32162973
47.31256795
47.29191271
47.27563871
47.25773795
47.24397118
47.24029973
47.24546615
47.24267836
47.22441678
47.18651069
47.08804039
47.04611408
47.0660342
47.06480665
47.0633628
47.06659397
47.06913505
47.06913505
47.07318747
47.07289371
47.0760734
47.07286402
47.09057314
47.11334733
47.12806228
47.13876852
47.14065897
47.14509339
47.14634901
47.16380531
47.2014511
47.25647172
47.2914002
47.32730555
47.33555989
47.34317768
47.36052579
47.38430461
47.41435132
47.44549019
47.46833874
47.49650372
47.51414032
47.53295028
47.54871276
47.57174039
47.58837266
47.60194748
47.6071931
47.60097986
47.59279609
47.57536674
47.53699359
47.48605196
47.4245359
47.3568361
47.29365003
47.19319759
47.0450854
46.85526163
46.63061791
46.41839638
46.26936714
46.16310151
46.07480326
46.09973018
46.16509539
46.18423599
46.18043113
46.17840713
46.1915652
46.21349851
46.23634831
46.25532244
46.28377385
46.29821321
46.31321673
46.31534161
46.33186732
46.32754949
46.28998396
46.27974138
46.2611933
46.23939115
46.19547435
46.18184923
46.19057758
46.18784335
46.18477815
46.18655141
46.17301648
46.15541949
46.13295028
46.11381066
46.06393231
45.99350089
45.90967996
45.81776827
45.74707713
45.70045993
45.65526955
45.60857654
45.5773282
45.55869778
45.55015292
45.54052418
45.54143189
45.54566037
45.54751127
45.56147146
45.56510308
45.56598452
45.57710079
45.59188859
45.59404251
45.58914868
45.58477956
45.56183347
45.51572911
45.48210383
45.43838061
45.34410428
45.34485932
45.36979512
45.38626808
45.38220899
45.38029051
45.37624432
45.36933449
45.35803618
45.34237104
45.325921
45.30284624
45.28579905
45.28050036
45.27532301
45.25085381
45.22447037
45.18730769
45.14611648
45.11005542
45.06384674
45.02308941
44.99286082
44.98147056
44.97162572
44.9681488
44.95358154
44.94031452
44.91879012
44.87316972
44.82685495
44.7937326
44.77436825
44.76104227
44.75989596
44.77221396
44.78819426
44.7964595
44.80825108
44.81384752
44.81133633
44.83177393
44.84628068
44.86897036
44.87381733
44.87664077
44.86507647
44.85806027
44.85247991
44.8607514
44.86073061
44.86361967
44.84705076
44.81830915
44.77845363
44.75404274
44.73421014
44.72120204
44.71722115
44.71108826
44.69686023
44.67298018
44.64660238
44.61259661
44.5762879
44.53328655
44.48548979
44.40758441
44.30045121
44.23396439
44.20436993
44.20887324
44.21153153
44.21153153
44.20659195
44.19982432
44.19342478
44.17665815
44.14509824
44.10892464
44.08049459
44.04531665
44.00560234
43.9691543
43.93907589
43.92445031
43.92671869
43.9229931
43.92604788
43.93697324
43.93957706
43.94968579
43.95969995
43.97220663
43.9713217
43.97518527
43.97771211
43.97652287
43.97180401
43.96323512
43.95364862
43.95058037
43.94905365
43.92734297
43.91261517
43.89801682
43.89463182
43.8907351
43.90217504
43.93302784
43.94503607
43.95605424
43.95206246
43.95401802
43.95159978
43.95751929
43.96136603
43.96988462
43.99620594
44.0181451
44.0423407
44.11258568
44.19619832
44.25061923
44.24911779
44.21281678
44.17672994
44.14586683
44.14552711
44.16335931
44.19231027
44.22091986
44.23357985
44.25146696
44.26269976
44.20142925
44.06952451
43.84846957
43.47625356
42.99019294
42.49854281
42.10916412
41.87875239
41.75473824
41.69600317
41.6382956
41.54146298
41.33681142
41.05065389
40.76861424
40.42177417
40.05222497
39.70935355
39.38433184
39.07158312
38.82636963
38.64461204
38.52133502
38.43023381
38.34484525
38.25206394
38.20090304
38.10296219
38.0073268
37.93758673
37.88192447
37.86350855
37.85243718
37.82695281
37.78618649
37.72463688
37.65246321
37.56164047
37.49890117
37.48551725
37.48441198
37.48015528
37.46439941
37.47998434
37.50978464
37.55582566
37.60693354
37.71134481
37.82323704
37.92170241
37.96556443
37.938466
37.90940204
37.873616
37.83993085
37.81321995
37.79444925
37.8034211
37.81704856
37.85415096
37.87262268
37.87439477
37.85472892
37.82865856
37.81335871
37.83732367
37.85595467
37.8836741
37.90883983
37.91753943
37.91739874
37.93696995
37.96569386
37.98484691
38.02848039
38.05747502
38.07662764
38.10767632
38.15310183
38.210436
38.29637868
38.37240419
38.45256925
38.51594931
38.56259119
38.6022368
38.63263272
38.69890236
38.7509643
38.83226886
38.91855108
39.04795314
39.19172767
39.32090672
39.44058405
39.53403439
39.594471
39.65272325
39.71564528
39.80507303
39.92285116
40.04989508
40.18389414
40.33208807
40.44710898
40.50945287
40.54805922
40.61237973
40.7283865
40.8492688
40.97045509
41.07980208
41.16571718
41.24969146
41.32651761
41.39387548
41.45838166
41.52001715
41.55052342
41.59696896
41.6383083
41.67020394
41.70226592
41.72968635
41.76404961
41.80990137
41.87216189
41.90839002
41.93383898
41.95482939
41.9900347
42.0275139
42.06941365
42.12995948
42.17189236
42.23752937
42.32682688
42.41171204
42.49696987
42.56818465
42.62526548
42.65857302
42.67509731
42.7055078
42.72903799
42.75270237
42.78072986
42.81826662
42.8416579
42.85579483
42.86279268
42.89608454
42.95737417
43.07450781
43.20697088
43.37155303
43.49318514
43.60064299
43.69436269
43.77943631
43.84670867
43.87963063
43.89906513
43.92498722
43.93924731
43.96420164
44.00056229
44.02768747
44.03208546
44.02754355
44.02282659
43.98526837
43.95914014
43.90789204
43.85473044
43.81395947
43.78918753
43.7801905
43.7801905
43.7801905
43.7801905
43.7801905
43.7801905
43.7801905
43.7801905
43.7801905
43.7801905
43.78491166
43.79907605
43.81338614
43.82283186
43.82081699
43.81452759
43.80416623
43.80075749
43.79782814
43.78343661
43.7786214
43.77237879
43.76881087
43.77145306
43.7667163
43.76868572
43.7697153
43.77081765
43.76597194
43.7545038
43.76157176
43.78234037
43.81868166
43.83103144
43.82706401
43.82819423
43.8176891
43.81202043
43.82314576
43.82016499
43.82718153
43.82976266
43.84657765
43.8776367
43.90914182
43.93773199
43.93215687
43.9086119
43.88892535
43.89735788
43.8993453
43.90624087
43.92364336
43.89572051
43.86422115
43.84939126
43.83353776
43.84177736
43.8430237
43.85154467
43.85883701
43.85937203
43.85742992
43.84042914
43.81210935
43.80813941
43.80836662
43.81972523
43.81707062
43.81235
43.80529213
43.78827722
43.76186686
43.77141158
43.78335781
43.78865367
43.80434748
43.82077768
43.82638315
43.82833396
43.83095132
43.83715045
43.85186097
43.85864224
43.86484475
43.87206196
43.89794168
43.92101296
43.94116073
43.96634826
43.99951005
44.0083134
44.01586109
44.01334764
44.01085306
44.01205699
44.01033428
44.01072142
43.9997929
43.98118066
43.96075946
43.93622534
43.90901698
43.89340066
43.89346744
43.8868705
43.90743748
43.94782982
43.99675463
44.01736997
44.0366323
44.05477997
44.06515775
44.0906332
44.11949379
44.12567521
44.13701429
44.13701429
44.13701429
44.13279746
44.12736676
44.12727794
44.13123927
44.11423241
44.07840243
44.06863599
44.07535745
44.07179267
44.07246651
44.10744846
44.14148621
44.15383477
44.16719238
44.17957891
44.16386089
44.15118407
44.14374121
44.12075681
44.10299877
44.09047311
44.08003129
44.06441761
44.04048984
44.02386102
43.9906457
43.96685179
43.94517163
43.93488681
43.92570174
43.90825609
43.88769022
43.8631438
43.84283414
43.82758102
43.82775261
43.82578337
43.82172376
43.80949161
43.77360195
43.73592506
43.696225
43.65554429
43.61587693
43.59187535
43.56766501
43.54427245
43.5436303
43.54736824
43.53552686
43.52068627
43.50587477
43.50023151
43.47061105
43.45880698
43.4557337
43.47263486
43.47749902
43.47662164
43.48577525
43.51417225
43.52678602
43.5500856
43.59618468
43.63627451
43.66413464
43.70388189
43.71486303
43.72373587
43.75506144
43.80537841
43.84391762
43.89530169
43.95418342
43.9970142
44.0023685
44.0023685
44.0077229
44.01307741
44.01521396
44.02376385
44.02620107
44.00263501
43.97908472
43.93782962
43.89114862
43.85892598
43.83724551
43.82639283
43.82632262
43.82557856
43.81982733
43.81587355
43.81623627
43.81301668
43.80943563
43.80802095
43.82138767
43.82293983
43.85579353
43.88850437
43.92092426
43.95383864
43.95356835
43.94674106
43.94821222
43.94968452
43.9526325
43.94799003
43.97249978
44.00199534
44.01727774
44.03796248
44.04067765
44.03050491
44.02654691
44.04990537
44.09471144
44.13183734
44.16918468
44.18698857
44.20481541
44.22043275
44.25588502
44.28498016
44.33267551
44.40756643
44.44992215
44.49459138
44.52712207
44.54069509
44.54295849
44.54295849
44.55516846
44.56511523
44.57038616
44.58172272
44.60075241
44.62206409
44.64025355
44.66074348
44.70036142
44.73922678
44.78507945
44.83567771
44.8887548
44.92429568
44.94298934
44.968584
44.97360887
44.97165751
44.97530361
44.98649687
44.99820057
44.99917323
45.00183157
45.00386157
44.99993667
45.01598491
45.0343825
45.06346481
45.08739849
45.12312689
45.14528013
45.16648234
45.19339668
45.21163617
45.20316118
45.20244158
45.22286778
45.24051657
45.2741888
45.31679216
45.37461068
45.41978005
45.45822756
45.49926906
45.51957898
45.5327259
45.52996457
45.52613749
45.5223106
45.5070051
45.50313095
45.50039072
45.50015001
45.48962327
45.48938286
45.47904952
45.47011013
45.46890725
45.45111307
45.42564088
45.41424783
45.41059731
45.39059179
45.36839802
45.34884132
45.33689446
45.33243804
45.32790061
45.32557292
45.32557292
45.32309899
45.32340657
45.29824605
45.26521364
45.2295569
45.20463259
45.16732714
45.111949
45.0727884
45.04913846
45.01165257
44.98704774
44.98806805
44.98592892
44.98739113
44.99271697
45.00190825
45.00843541
45.00604092
45.00604092
44.99619677
45.00180717
44.99998355
44.99817654
44.99430967
44.99821446
44.99797986
44.99272855
44.98868794
44.98419338
44.97933515
44.98197849
44.98202483
45.003747
45.02656007
45.0910724
45.1968867
45.31768958
45.36748622
45.39487786
45.4541877
45.50420929
45.55499996
45.6304383
45.72055129
45.8006832
45.82695847
45.82695847
45.82964443
45.83501726
45.83269438
45.84409469
45.8489829
45.85738208
45.85235512
45.86164383
45.8574817
45.85402399
45.85863739
45.85132002
45.85132002
45.85246453
45.84712085
45.84535454
45.85679981
45.87634471
45.89417065
45.91604613
45.93523049
45.9318388
45.93613913
45.9540364
45.96652149
45.97965848
45.99504003
45.99504003
45.98784576
45.99169221
45.99058438
45.99429096
46.00174709
46.01904276
46.04156518
46.07920704
46.12368249
46.15836268
46.17484575
46.18002379
46.17900781
46.17411648
46.16922527
46.15455236
46.12520983
46.07631532
46.00788352
45.94450827
45.90248058
45.86830675
45.85026109
45.84537908
45.83463935
45.83171755
45.84247051
45.84738781
45.84457338
45.82721694
45.81962476
45.81726732
45.81021789
45.82615702
45.83837774
45.84667614
45.84544596
45.84280915
45.83871972
45.83871972
45.83871972
45.83463403
45.83567426
45.8443222
45.86193469
45.88865592
45.91060281
45.94093901
45.94623214
45.96682121
46.00745119
46.07724779
46.13742366
46.18756959
46.21742618
46.22140242
46.26003314
46.36056966
46.41825644
46.43193944
46.43193944
46.43193944
46.44036689
46.44255904
46.44309124
46.44766782
46.44929811
46.45097813
46.44592994
46.43052823
46.43047942
46.42459682
46.41100317
46.40916653
46.41026017
46.39695487
46.39619285
46.38184582
46.38014953
46.37561325
46.36536287
46.37354405
46.38173261
46.39360546
46.41265236
46.43023167
46.45680378
46.48159684
46.50782583
46.53919697
46.57292335
46.61696177
46.66387292
46.71279459
46.73964633
46.74626344
46.74229415
46.73781564
46.73502701
46.73668385
46.745233
46.73605292
46.70972674
46.69904977
46.70223655
46.71062717
46.71504846
46.71143759
46.68710473
46.64140954
46.60699
46.55969761
46.50777773
46.42775365
46.35019603
46.32371392
46.31457756
46.30544177
46.32178043
46.33474562
46.35828388
46.39656012
46.41533088
46.44415608
46.47147568
46.50074025
46.52463847
46.5570679
46.57967236
46.5980621
46.60029172
46.58628162
46.58281049
46.601115
46.62395752
46.6457321
46.67581447
46.67576772
46.67601271
46.65947047
46.64652132
46.62187879
46.58985427
46.53992435
46.50861262
46.51140882
46.51565184
46.51565184
46.50996502
46.49575298
46.47586815
46.4474856
46.39002266
46.32976119
46.28691872
46.26226186
46.24446463
46.22186144
46.17161817
46.11889406
46.11237579
46.1290678
46.14310705
46.14682611
46.13714027
46.12283228
46.11705657
46.10877644
46.09264782
46.075667
46.04478463
45.98806031
45.9399178
45.92621426
45.93134286
45.94332687
45.94500717
45.9450578
45.9450578
45.93669435
45.9227612
45.91323299
45.90254979
45.88192879
45.85466267
45.82797471
45.78716644
45.73958196
45.71220216
45.7055444
45.72616345
45.7500149
45.78226624
45.79791602
45.81138597
45.79777894
45.76788095
45.72579463
45.67303829
45.61262468
45.57601468
45.57147306
45.56028169
45.53910882
45.52843826
45.52498822
45.51523966
45.47268205
45.41156446
45.40762496
45.43490587
45.45671846
45.46994164
45.46732513
45.45504035
45.45052549
45.43771436
45.44657523
45.44742215
45.45090392
45.45008708
45.45622306
45.45454742
45.4546347
45.46083603
45.46883037
45.47677061
45.47047046
45.44767168
45.42119005
45.40529857
45.3879026
45.38232671
45.38508116
45.37589834
45.35275235
45.3395354
45.32413858
45.31906593
45.29501402
45.26710204
45.22453425
45.19236501
45.16003614
45.14633606
45.14730125
45.09983094
45.02235422
44.94430548
44.90275569
44.89819616
44.89059085
44.88687589
44.87869558
44.86351739
44.85087794
44.81805394
44.77160933
44.7158365
44.67834127
44.66199181
44.64429444
44.62311869
44.6099427
44.61564445
44.61643007
44.60368635
44.60000537
44.60746477
44.60553703
44.59044918
44.56345756
44.55913266
44.54736807
44.52417975
44.491798
44.45945515
44.43024807
44.40880606
44.40616052
44.40616052
44.40134372
44.39893584
44.3941211
44.38690159
44.36766473
44.34604967
44.31008683
44.24555031
44.1598964
44.07930752
44.02470769
43.97302355
43.91949502
43.88029221
43.85528789
43.81872309
43.80065771
43.78259801
43.76218223
43.73284814
43.70866534
43.67248984
43.66376165
43.66169377
43.65937877
43.65937877
43.65461121
44.37212375
