-2.441650
-2.740480
-3.039165
-3.337562
-3.635524
-3.932909
-4.229572
-4.525370
-4.820159
-5.113798
-5.406143
-5.697053
-5.986387
-6.274006
-6.559771
-6.843542
-7.125183
-7.404557
-7.681529
-7.955965
-8.227732
-8.496699
-8.762735
-9.025712
-9.285503
-9.541981
-9.795023
-10.044506
-10.290309
-10.532314
-10.770403
-11.004461
-11.234374
-11.460033
-11.681326
-11.898148
-12.110393
-12.317958
-12.520744
-12.718651
-12.911585
-13.099451
-13.282160
-13.459621
-13.631750
-13.798463
-13.959680
-14.115323
-14.265315
-14.409585
-14.548063
-14.680682
-14.807377
-14.928087
-15.042754
-15.151323
-15.253740
-15.349956
-15.439925
-15.523603
-15.600950
-15.671928
-15.736503
-15.794643
-15.846321
-15.891511
-15.930191
-15.962344
-15.987952
-16.007005
-16.019492
-16.025408
-16.024749
-16.017516
-16.003713
-15.983347
-15.956426
-15.922965
-15.882978
-15.836487
-15.783512
-15.724081
-15.658221
-15.585964
-15.507346
-15.422404
-15.331180
-15.233717
-15.130064
-15.020269
-14.904387
-14.782473
-14.654586
-14.520788
-14.381145
-14.235723
-14.084592
-13.927827
-13.765503
-13.597698
-13.424494
-13.245974
-13.062226
-12.873337
-12.679399
-12.480507
-12.276756
-12.068245
-11.855075
-11.637348
-11.415172
-11.188652
-10.957899
-10.723025
-10.484142
-10.241367
-9.994817
-9.744611
-9.490871
-9.233719
-8.973280
-8.709680
-8.443046
-8.173508
-7.901195
-7.626241
-7.348777
-7.068938
-6.786859
-6.502678
-6.216531
-5.928557
-5.638895
-5.347686
-5.055071
-4.761191
-4.466188
-4.170205
-3.873386
-3.575874
-3.277813
-2.979347
-2.680621
-2.381779
-2.082966
-1.784327
-1.486006
-1.188148
-0.890896
-0.594395
-0.298787
-0.004217
0.289173
0.581242
0.871848
1.160850
1.448109
1.733485
2.016840
2.298038
2.576941
2.853416
3.127328
3.398545
3.666935
3.932369
4.194717
4.453854
4.709654
4.961993
5.210748
5.455800
5.697029
5.934320
6.167557
6.396627
6.621419
6.841826
7.057739
7.269054
7.475670
7.677486
7.874405
8.066331
8.253171
8.434835
8.611235
8.782286
8.947904
9.108011
9.262527
9.411379
9.554494
9.691803
9.823240
9.948741
10.068245
10.181695
10.289035
10.390214
10.485183
10.573895
10.656308
10.732382
10.802079
10.865367
10.922215
10.972595
11.016483
11.053857
11.084699
11.108995
11.126733
11.137904
11.142503
11.140527
11.131978
11.116860
11.095179
11.066947
11.032177
10.990886
10.943093
10.888823
10.828101
10.760957
10.687423
10.607535
10.521331
10.428854
10.330147
10.225259
10.114241
9.997146
9.874030
9.744954
9.609980
9.469173
9.322602
9.170337
9.012452
8.849023
8.680130
8.505854
8.326280
8.141495
7.951587
7.756649
7.556775
7.352063
7.142610
6.928519
6.709893
6.486838
6.259461
6.027873
5.792187
5.552515
5.308974
5.061682
4.810759
4.556325
4.298505
4.037422
3.773204
3.505978
3.235873
2.963021
2.687553
2.409602
2.129304
1.846793
1.562207
1.275683
0.987359
0.697377
0.405875
0.112995
-0.181122
-0.476333
-0.772494
-1.069464
-1.367098
-1.665251
-1.963781
-2.262542
-2.561389
-2.860179
-3.158766
-3.457006
-3.754754
-4.051867
-4.348201
-4.643612
-4.937957
-5.231094
-5.522881
-5.813177
-6.101841
-6.388734
-6.673716
-6.956650
-7.237399
-7.515826
-7.791798
-8.065181
-8.335842
-8.603650
-8.868476
-9.130192
