-2.377989354
-2.29225188
-2.284851871
-2.333496086
-2.441414806
-2.564362401
-2.699268418
-2.866854803
-3.017387808
-3.170934774
-3.327376582
-3.463152874
-3.554399201
-3.563758366
-3.531165785
-3.472527658
-3.456782885
-3.498860409
-3.592808779
-3.720240857
-3.88385308
-4.059142399
-4.233708905
-4.387816311
-4.470216263
-4.542218043
-4.625747638
-4.723813011
-4.802950244
-4.907492583
-5.039670252
-5.207433051
-5.373154637
-5.610117778
-5.861388925
-6.154788565
-6.459481754
-6.722280114
-6.954623556
-7.160440063
-7.300858277
-7.376971537
-7.458101355
-7.514577473
-7.528209511
-7.588928629
-7.666623048
-7.735932085
-7.873309354
-8.051865282
-8.197360293
-8.326904314
-8.406587817
-8.455498131
-8.483964286
-8.51437764
-8.559426684
-8.656577567
-8.73987004
-8.799335696
-8.859673239
-8.916325071
-8.934240643
-8.888696879
-8.84222299
-8.814401905
-8.734682877
-8.661364369
-8.578372153
-8.459504867
-8.340739406
-8.250804659
-8.152569673
-8.072459219
-8.013170777
-7.977729464
-7.935514531
-7.869120844
-7.748880387
-7.557344335
-7.328439788
-7.076857169
-6.828943857
-6.628475286
-6.459666155
-6.297232589
-6.134958018
-5.943533048
-5.719127418
-5.472070878
-5.218234043
-4.921543299
-4.612173091
-4.311708425
-4.009069672
-3.726072291
-3.496503207
-3.27073981
-3.085468518
-2.945055781
-2.814392013
-2.703903412
-2.643862307
-2.583940786
-2.525818783
-2.47641057
-2.420051781
-2.30574915
-2.152747328
-1.995639862
-1.785536481
-1.56886653
-1.362878765
-1.171754409
-1.02355841
-0.937920348
-0.863355242
-0.765797262
-0.660403961
-0.495893679
-0.284651473
-0.050634573
0.208068991
0.471679765
0.727561684
0.976335672
1.205876335
1.459119156
1.732330135
2.017397695
2.279014629
2.491191221
2.731593373
2.963149881
3.177273423
3.40778162
3.647383039
3.852344415
4.055582236
4.22852393
4.367803663
4.492243103
4.628547416
4.709057775
4.770139225
4.874661323
4.994280127
5.100810024
5.208566773
5.337558899
5.473677368
5.565218833
5.63903974
5.742901457
5.844565955
5.941620862
5.989633767
6.025084304
6.067186935
6.108243946
6.113702826
6.071990432
5.998860651
5.894642053
5.753467689
5.631982083
5.538787723
5.451415941
5.404587001
5.336539273
5.249163527
5.158610482
5.05845995
4.893824621
4.700692023
4.481729353
4.245090627
3.981253246
3.71770127
3.463995724
3.189962131
2.90627497
2.641175135
2.400748605
2.163638912
1.976606632
1.817445251
1.64447069
1.465214597
1.278922098
1.056328422
0.799540967
0.540850872
0.320759044
0.118394517
-0.133652887
-0.440714211
-0.744875982
-1.112648459
-1.522681871
-1.878969792
-2.18101177
-2.462962005
-2.662419467
-2.785793495
-2.874510427
-2.870360606
-2.774821196
-2.612796511
-2.374219992
-2.074848793
-1.708852187
-1.61704783
