11.321600
11.321421
11.320885
11.319992
11.318741
11.317133
11.315168
11.312845
11.310166
11.307129
11.303735
11.299985
11.295877
11.291412
11.286591
11.281414
11.275879
11.269989
11.263742
11.257139
11.250181
11.242866
11.235196
11.227170
11.218789
11.210053
11.200963
11.191517
11.181717
11.171563
11.161054
11.150192
11.138976
11.127407
11.115485
11.103210
11.090583
11.077603
11.064271
11.050588
11.036553
11.022167
11.007431
10.992344
10.976907
10.961120
10.944984
10.928498
10.911665
10.894482
10.876952
10.859074
10.840850
10.822278
10.803360
10.784096
10.764487
10.744533
10.724234
10.703591
10.682604
10.661274
10.639601
10.617586
10.595229
10.572530
10.549491
10.526112
10.502393
10.478334
10.453937
10.429202
10.404129
10.378719
10.352972
10.326890
10.300472
10.273719
10.246632
10.219211
10.191458
10.163372
10.134954
10.106205
10.077126
10.047716
10.017978
9.987911
9.957516
9.926793
9.895745
9.864370
9.832670
9.800646
9.768298
9.735627
9.702634
9.669319
9.635683
9.601727
9.567451
9.532857
9.497946
9.462717
9.427172
9.391311
9.355136
9.318646
9.281844
9.244729
9.207303
9.169566
9.131519
9.093164
9.054500
9.015529
8.976251
8.936668
8.896781
8.856589
8.816095
8.775298
8.734201
8.692803
8.651106
8.609111
8.566818
8.524228
8.481343
8.438164
8.394691
8.350925
8.306867
8.262519
8.217881
8.172954
8.127739
8.082237
8.036450
7.990378
7.944022
7.897383
7.850462
7.803261
7.755781
7.708021
7.659984
7.611671
7.563082
7.514219
7.465083
7.415674
7.365995
7.316045
7.265827
7.215340
7.164588
7.113569
7.062286
7.010740
6.958932
6.906863
6.854534
6.801946
6.749101
6.695999
6.642643
6.589032
6.535168
6.481053
6.426687
6.372072
6.317210
6.262100
6.206745
6.151145
6.095302
6.039217
5.982892
5.926327
5.869524
5.812484
5.755208
5.697698
5.639955
5.581980
5.523775
5.465340
5.406677
5.347788
5.288673
5.229334
5.169772
5.109989
5.049985
4.989763
4.929323
4.868667
4.807797
4.746713
4.685416
4.623909
4.562193
4.500268
4.438137
4.375801
4.313260
4.250517
4.187573
4.124429
4.061087
3.997548
3.933813
3.869884
3.805762
3.741449
3.676946
3.612255
3.547376
3.482312
3.417064
3.351633
3.286021
3.220228
3.154258
3.088110
3.021787
2.955290
2.888620
2.821780
2.754769
2.687591
2.620246
2.552736
2.485062
2.417226
2.349229
2.281073
2.212760
2.144290
2.075666
2.006889
1.937960
1.868881
1.799653
1.730278
1.660758
1.591094
1.521288
1.451340
1.381254
1.311029
1.240669
1.170173
1.099545
1.028785
0.957895
0.886876
0.815731
0.744461
0.673066
0.601550
0.529913
0.458157
0.386284
0.314295
0.242191
0.169975
0.097648
0.025212
-0.047332
-0.119983
-0.192738
-0.265596
-0.338555
-0.411615
-0.484772
-0.558026
-0.631375
-0.704817
-0.778351
-0.851975
-0.925687
-0.999487
-1.073371
-1.147339
-1.221389
-1.295519
-1.369728
-1.444014
-1.518375
-1.592810
-1.667317
-1.741895
-1.816541
-1.891254
-1.966033
-2.040876
-2.115781
-2.190746
-2.265771
-2.340852
-2.415989
-2.491180
-2.566423
-2.641717
-2.717060
-2.792450
-2.867885
-2.943365
-3.018886
-3.094449
-3.170050
-3.245688
-3.321362
-3.397070
-3.472810
-3.548581
-3.624380
-3.700207
-3.776059
-3.851935
-3.927834
-4.003752
-4.079690
-4.155645
-4.231615
-4.307599
-4.383595
-4.459602
-4.535617
-4.611639
-4.687667
-4.763698
-4.839732
-4.915766
-4.991798
-5.067828
-5.143853
-5.219871
-5.295882
-5.371883
-5.447872
-5.523848
-5.599810
-5.675755
-5.751682
-5.827589
-5.903475
-5.979337
-6.055175
-6.130986
-6.206769
-6.282522
-6.358244
-6.433933
-6.509586
-6.585204
-6.660783
-6.736322
-6.811819
-6.887274
-6.962683
-7.038046
-7.113361
-7.188625
-7.263839
-7.338999
-7.414104
-7.489153
-7.564144
-7.639074
-7.713944
-7.788750
-7.863491
-7.938166
-8.012773
-8.087310
-8.161776
-8.236168
-8.310486
-8.384728
-8.458892
-8.532976
-8.606979
-8.680899
-8.754735
-8.828484
-8.902146
-8.975718
-9.049199
-9.122588
-9.195882
-9.269081
-9.342182
-9.415184
-9.488085
-9.560884
-9.633579
-9.706169
-9.778651
-9.851024
-9.923288
-9.995439
-10.067477
-10.139399
-10.211205
-10.282893
-10.354460
-10.425907
-10.497230
-10.568428
-10.639501
-10.710446
-10.781261
-10.851945
-10.922497
-10.992915
-11.063198
-11.133343
-11.203349
-11.273216
-11.342940
-11.412522
-11.481958
-11.551248
-11.620391
-11.689383
-11.758225
-11.826915
-11.895450
-11.963830
-12.032053
-12.100117
-12.168021
-12.235764
-12.303344
-12.370759
-12.438008
-12.505090
-12.572003
-12.638745
-12.705316
-12.771713
-12.837935
-12.903981
-12.969849
-13.035537
-13.101045
-13.166371
-13.231514
-13.296471
-13.361242
-13.425825
-13.490219
-13.554422
-13.618433
-13.682250
-13.745872
-13.809298
-13.872526
-13.935555
-13.998384
-14.061010
-14.123433
-14.185652
-14.247664
-14.309469
-14.371065
-14.432451
-14.493625
-14.554586
-14.615333
-14.675865
-14.736180
-14.796276
-14.856153
-14.915808
-14.975242
-15.034452
-15.093437
-15.152197
-15.210728
-15.269031
-15.327104
-15.384946
-15.442555
-15.499930
-15.557070
-15.613973
-15.670639
-15.727066
-15.783253
-15.839199
-15.894902
-15.950361
-16.005575
-16.060542
-16.115263
-16.169734
-16.223956
-16.277926
-16.331644
-16.385109
-16.438319
-16.491273
-16.543970
-16.596409
-16.648588
-16.700507
-16.752165
-16.803559
-16.854690
-16.905555
-16.956155
-17.006487
-17.056551
-17.106345
-17.155868
-17.205120
-17.254099
-17.302804
-17.351235
-17.399389
-17.447266
-17.494865
-17.542185
-17.589224
-17.635983
-17.682459
-17.728651
-17.774560
-17.820182
-17.865519
-17.910568
-17.955329
-17.999800
-18.043981
-18.087871
-18.131468
-18.174773
-18.217782
-18.260497
-18.302916
-18.345038
-18.386861
-18.428386
-18.469611
-18.510535
-18.551158
-18.591478
-18.631494
-18.671207
-18.710614
-18.749715
-18.788509
-18.826995
-18.865173
-18.903042
-18.940600
-18.977846
-19.014781
-19.051404
-19.087712
-19.123706
-19.159385
-19.194748
-19.229795
-19.264524
-19.298934
-19.333025
-19.366797
-19.400248
-19.433378
-19.466186
-19.498671
-19.530833
-19.562670
-19.594183
-19.625370
-19.656230
-19.686764
-19.716970
-19.746848
-19.776397
-19.805616
-19.834506
-19.863064
-19.891291
-19.919185
-19.946747
-19.973976
-20.000870
-20.027430
-20.053655
-20.079544
-20.105097
-20.130313
-20.155191
-20.179732
-20.203934
-20.227797
-20.251321
-20.274504
-20.297347
-20.319849
-20.342009
-20.363827
-20.385302
-20.406435
-20.427224
-20.447669
-20.467769
-20.487525
-20.506935
-20.526000
-20.544718
-20.563090
-20.581115
-20.598793
-20.616122
-20.633104
-20.649737
-20.666021
-20.681956
-20.697542
-20.712777
-20.727662
-20.742197
-20.756380
-20.770213
-20.783694
-20.796823
-20.809600
-20.822024
-20.834096
-20.845815
-20.857180
-20.868192
-20.878851
-20.889155
-20.899105
-20.908701
-20.917943
-20.926829
-20.935360
-20.943537
-20.951358
-20.958823
-20.965933
-20.972686
-20.979084
-20.985126
-20.990811
-20.996140
-21.001112
-21.005728
-21.009987
-21.013889
-21.017434
-21.020622
-21.023453
-21.025927
-21.028044
-21.029803
-21.031205
-21.032250
-21.032938
-21.033268
-21.033241
-21.032856
-21.032114
-21.031015
-21.029559
-21.027745
-21.025574
-21.023046
-21.020160
-21.016918
-21.013318
-21.009362
-21.005049
-21.000379
-20.995352
-20.989969
-20.984230
-20.978134
-20.971682
-20.964874
-20.957711
-20.950191
-20.942316
-20.934086
-20.925501
-20.916560
-20.907265
-20.897615
-20.887611
-20.877253
-20.866541
-20.855475
-20.844055
-20.832283
-20.820157
-20.807679
-20.794849
-20.781666
-20.768132
-20.754246
-20.740009
-20.725421
-20.710483
-20.695194
-20.679556
-20.663568
-20.647230
-20.630544
-20.613510
-20.596127
-20.578396
-20.560319
-20.541894
-20.523123
-20.504006
-20.484543
-20.464735
-20.444582
-20.424085
-20.403243
-20.382059
-20.360531
-20.338661
-20.316449
-20.293895
-20.271001
-20.247766
-20.224190
-20.200276
-20.176022
-20.151430
-20.126500
-20.101233
-20.075629
-20.049689
-20.023413
-19.996802
-19.969857
-19.942577
-19.914965
-19.887020
-19.858743
-19.830134
-19.801195
-19.771925
-19.742326
-19.712398
-19.682142
-19.651559
-19.620648
-19.589412
-19.557850
-19.525963
-19.493752
-19.461218
-19.428361
-19.395182
-19.361682
-19.327862
-19.293722
-19.259263
-19.224486
-19.189391
-19.153980
-19.118253
-19.082211
-19.045855
-19.009185
-18.972203
-18.934908
-18.897303
-18.859388
-18.821163
-18.782630
-18.743789
-18.704641
-18.665188
-18.625429
-18.585366
-18.545000
-18.504331
-18.463361
-18.422091
-18.380521
-18.338652
-18.296485
-18.254021
-18.211261
-18.168207
-18.124858
-18.081216
-18.037282
-17.993056
-17.948541
-17.903736
-17.858643
-17.813263
-17.767597
-17.721645
-17.675410
-17.628891
-17.582090
-17.535007
-17.487645
-17.440004
-17.392084
-17.343888
-17.295416
-17.246669
-17.197648
-17.148355
-17.098790
-17.048955
-16.998850
-16.948478
-16.897838
-16.846932
-16.795761
-16.744326
-16.692629
-16.640670
-16.588451
-16.535973
-16.483237
-16.430244
-16.376995
-16.323492
-16.269735
-16.215727
-16.161467
-16.106958
-16.052200
-15.997195
-15.941943
-15.886447
-15.830707
-15.774725
-15.718501
-15.662038
-15.605336
-15.548396
-15.491220
-15.433809
-15.376165
-15.318288
-15.260180
-15.201842
-15.143276
-15.084483
-15.025463
-14.966219
-14.906751
-14.847062
-14.787152
-14.727022
-14.666674
-14.606110
-14.545330
-14.484336
-14.423130
-14.361712
-14.300084
-14.238248
-14.176204
-14.113954
-14.051500
-13.988843
-13.925984
-13.862925
-13.799666
-13.736210
-13.672558
-13.608712
-13.544671
-13.480439
-13.416017
-13.351405
-13.286606
-13.221620
-13.156450
-13.091096
-13.025560
-12.959844
-12.893949
-12.827876
-12.761627
-12.695204
-12.628607
-12.561839
-12.494900
-12.427793
-12.360518
-12.293078
-12.225473
-12.157706
-12.089777
-12.021689
-11.953442
-11.885038
-11.816479
-11.747767
-11.678902
-11.609886
-11.540721
-11.471409
-11.401950
-11.332347
-11.262601
-11.192713
-11.122685
-11.052519
-10.982216
-10.911778
-10.841205
-10.770501
-10.699666
-10.628702
-10.557610
-10.486392
-10.415050
-10.343585
-10.271999
-10.200294
-10.128470
-10.056530
-9.984475
-9.912306
-9.840026
-9.767636
-9.695137
-9.622532
-9.549821
-9.477006
-9.404090
-9.331072
-9.257956
-9.184743
-9.111434
-9.038031
-8.964536
-8.890950
-8.817275
-8.743512
-8.669664
-8.595731
-8.521716
-8.447619
-8.373444
-8.299190
-8.224861
-8.150457
-8.075980
-8.001432
-7.926815
-7.852130
-7.777379
-7.702563
-7.627684
-7.552744
-7.477745
-7.402687
-7.327573
-7.252405
-7.177184
-7.101911
-7.026589
-6.951219
-6.875803
-6.800342
-6.724838
-6.649292
-6.573707
-6.498085
-6.422426
-6.346732
-6.271005
-6.195247
-6.119460
-6.043644
-5.967803
-5.891937
-5.816048
-5.740137
-5.664207
-5.588260
-5.512296
-5.436318
-5.360326
-5.284324
-5.208312
-5.132293
-5.056267
-4.980237
-4.904204
-4.828170
-4.752137
-4.676106
-4.600079
-4.524057
-4.448043
-4.372038
-4.296044
-4.220062
-4.144094
-4.068142
-3.992207
-3.916291
-3.840396
-3.764523
-3.688675
-3.612852
-3.537057
-3.461291
-3.385555
-3.309853
-3.234184
-3.158551
-3.082956
-3.007400
-2.931884
-2.856411
-2.780983
-2.705600
-2.630264
-2.554978
-2.479743
-2.404560
-2.329431
-2.254358
-2.179343
-2.104387
-2.029491
-1.954658
-1.879889
-1.805186
-1.730550
-1.655983
-1.581487
-1.507063
-1.432713
-1.358439
-1.284242
-1.210124
-1.136086
-1.062131
-0.988259
-0.914473
-0.840774
-0.767163
-0.693643
-0.620215
-0.546881
-0.473641
-0.400499
-0.327454
-0.254510
-0.181668
-0.108929
-0.036294
0.036234
0.108654
0.180964
0.253163
0.325249
0.397220
0.469076
0.540814
0.612433
0.683931
0.755306
0.826558
0.897684
0.968683
1.039553
1.110293
1.180902
1.251377
1.321717
1.391920
1.461986
1.531912
1.601697
1.671339
1.740837
1.810189
1.879395
1.948451
2.017357
2.086111
2.154712
2.223158
2.291448
2.359579
2.427552
2.495363
2.563012
2.630497
2.697817
2.764970
2.831955
2.898769
2.965413
3.031884
3.098180
3.164301
3.230244
3.296009
3.361594
3.426998
3.492218
3.557254
3.622104
3.686767
3.751241
3.815525
3.879618
3.943517
4.007222
4.070732
4.134044
4.197158
4.260071
4.322783
4.385293
4.447598
4.509698
4.571591
4.633276
4.694751
4.756015
4.817067
4.877905
4.938528
4.998935
5.059124
5.119094
5.178843
5.238371
5.297676
5.356757
5.415612
5.474240
5.532641
5.590811
5.648751
5.706459
5.763933
5.821173
5.878177
5.934944
5.991472
6.047761
6.103809
6.159615
6.215178
6.270496
6.325568
6.380393
6.434970
6.489298
6.543375
6.597200
6.650772
6.704091
6.757153
6.809959
6.862508
6.914797
6.966827
7.018595
7.070102
7.121344
7.172322
7.223035
7.273480
7.323658
7.373567
7.423205
7.472572
7.521667
7.570488
7.619035
7.667307
7.715302
7.763019
7.810457
7.857615
7.904493
7.951089
7.997402
8.043431
8.089175
8.134633
8.179804
8.224687
8.269281
8.313585
8.357599
8.401320
8.444749
8.487884
8.530724
8.573268
8.615516
8.657466
8.699117
8.740469
8.781521
8.822272
8.862720
8.902866
8.942707
8.982244
9.021475
9.060399
9.099016
9.137325
9.175324
9.213014
9.250393
9.287460
9.324215
9.360657
9.396784
9.432597
9.468094
9.503275
9.538138
9.572684
9.606911
9.640818
9.674405
9.707671
9.740616
9.773238
9.805537
9.837512
9.869162
9.900487
9.931486
9.962159
9.992504
10.022521
10.052209
10.081569
10.110598
10.139297
10.167664
10.195699
10.223402
10.250772
10.277808
10.304510
10.330877
10.356909
10.382604
10.407963
10.432985
10.457669
10.482015
10.506022
10.529689
10.553017
10.576004
10.598650
10.620955
10.642919
10.664539
10.685817
10.706752
10.727343
10.747589
10.767491
10.787048
10.806259
10.825124
10.843643
10.861815
10.879640
10.897117
10.914247
10.931028
10.947460
10.963543
10.979277
10.994661
11.009694
11.024377
11.038710
11.052691
11.066321
11.079599
11.092526
11.105100
11.117321
11.129189
11.140705
11.151867
11.162675
11.173130
11.183230
11.192976
11.202368
11.211405
11.220087
11.228414
11.236385
11.244001
11.251262
11.258166
11.264715
11.270908
11.276744
11.282224
11.287347
11.292114
11.296525
11.300578
11.304274
11.307614
11.310596
11.313222
11.315490
11.317401
11.318954
11.320151
11.320990
11.321472
11.321596
11.321363
11.320772
11.319825
11.318520
11.316857
11.314838
11.312461
11.309727
11.306636
11.303188
11.299383
11.295221
11.290702
11.285827
11.280595
11.275007
11.269062
11.262761
11.256104
11.249091
11.241723
11.233998
11.225919
11.217484
11.208694
11.199549
11.190050
11.180196
11.169988
11.159425
11.148509
11.137240
11.125617
11.113641
11.101313
11.088632
11.075598
11.062213
11.048476
11.034388
11.019949
11.005159
10.990019
10.974529
10.958689
10.942499
10.925961
10.909074
10.891839
10.874256
10.856326
10.838048
10.819424
10.800453
10.781137
10.761475
10.741468
10.721117
10.700421
10.679382
10.658000
10.636275
10.614208
10.591799
10.569049
10.545958
10.522527
10.498756
10.474646
10.450198
10.425411
10.400287
10.374825
10.349028
10.322894
10.296425
10.269621
10.242484
10.215012
10.187208
10.159072
10.130604
10.101804
10.072675
10.043215
10.013427
9.983310
9.952865
9.922093
9.890995
9.859571
9.827821
9.795748
