-3.88050886
-3.937181445
-3.970162565
-3.999008353
-4.004543692
-4.024737088
-4.104280698
-4.214512942
-4.369667425
-4.531201236
-4.703402337
-4.888198992
-5.067125499
-5.258706726
-5.502596989
-5.789325666
-6.081794919
-6.387501884
-6.72033011
-7.066697945
-7.438033411
-7.816856158
-8.239146336
-8.676784381
-9.051854742
-9.322713145
-9.482934661
-9.53150802
-9.515621093
-9.410827566
-9.268005521
-9.159146341
-9.146345658
-9.185125903
-9.239006489
-9.322529779
-9.449362
-9.619132814
-9.788342164
-9.955420589
-10.15602566
-10.39342508
-10.60783378
-10.80098483
-10.97153911
-11.09522082
-11.15492047
-11.16287327
-11.1868049
-11.23119636
-11.2811779
-11.31212659
-11.3160972
-11.32183391
-11.32756991
-11.33379623
-11.34382997
-11.35591327
-11.43535886
-11.50669565
-11.57357108
-11.66008658
-11.78480408
-11.88980151
-11.95594645
-12.00486127
-12.04936116
-12.0831386
-12.12332732
-12.17422922
-12.21088928
-12.26032337
-12.36716025
-12.4990694
-12.65405239
-12.78749679
-12.91645974
-13.06064698
-13.25356188
-13.44266161
-13.61830255
-13.76169186
-13.91187
-14.13211014
-14.35834392
-14.5798149
-14.82655154
-15.03801783
-15.21141892
-15.40855122
-15.60280152
-15.78002378
-15.95184614
-16.12134266
-16.27642944
-16.41513863
-16.50861438
-16.66306867
-16.88036279
-17.11092254
-17.27202033
-17.3586772
-17.41199069
-17.42051
-17.40738396
-17.36145224
-17.35298004
-17.38016303
-17.42011782
-17.47866971
-17.56795492
-17.69522203
-17.80324697
-17.90941679
-18.04751014
-18.19881039
-18.33602866
-18.44831079
-18.53900812
-18.60954644
-18.63477494
-18.58113158
-18.54511412
-18.54983208
-18.56832457
-18.57011016
-18.56160206
-18.55669223
-18.5809489
-18.64321196
-18.70907972
-18.8045225
-18.92307061
-19.04540181
-19.15084028
-19.20007539
-19.15482873
-19.09266975
-19.05030776
-19.04663103
-19.07129215
-19.11816079
-19.17053218
-19.23113031
-19.28722901
-19.31315185
-19.3651959
-19.41540052
-19.40780253
-19.37652049
-19.40304765
-19.47056175
-19.53880413
-19.60053521
-19.68836244
-19.77820798
-19.82385183
-19.78547276
-19.72946003
-19.67679795
-19.59360491
-19.52936903
-19.50248598
-19.47605398
-19.44428673
-19.41365908
-19.4216378
-19.44408897
-19.49268649
-19.52935049
-19.55826791
-19.58776499
-19.61605629
-19.64136888
-19.71426161
-19.82896772
-19.93296508
-20.0064147
-20.0387636
-20.06275472
-20.06697947
-20.02232207
-19.90902045
-19.78761115
-19.66273607
-19.52259781
-19.38868546
-19.29040512
-19.23439326
-19.1881355
-19.13222692
-19.08025491
-19.01377268
-18.91779049
-18.84277228
-18.77532049
-18.73544358
-18.70489452
-18.68364428
-18.65339051
-18.60894593
-18.58704902
-18.57351548
-18.55425831
-18.52229659
-18.51117319
-18.52600265
-18.53087365
-18.52647566
-18.51188091
-18.50753121
-18.52672219
-18.55036477
-18.58624791
-18.61381744
-18.64870055
-18.68500348
-18.73529613
-18.7816866
-18.84835627
-18.95232293
-19.0825437
-19.22464728
-19.37867413
-19.53731795
-19.66622091
-19.75801167
-19.8268386
-19.85745939
-19.85725105
-19.81984546
-19.79495017
-19.75426124
-19.69630364
-19.62862966
-19.52829159
-19.38725812
-19.19036662
-18.94560579
-18.68720497
-18.41720582
-18.12705242
-17.8183709
-17.5159528
-17.21699512
-16.95317719
-16.78535889
-16.71428885
-16.72105711
-16.76633397
-16.78961094
-16.80907535
-16.81409321
-16.75220343
-16.68160387
-16.63255373
-16.56941393
-16.49759027
-16.39977132
-16.27819079
-16.16117332
-16.02349754
-15.8523366
-15.66482894
-15.48563302
-15.3129242
-15.13563428
-14.94878798
-14.78666762
-14.64611113
-14.51694731
-14.43667664
-14.36660997
-14.30791155
-14.24578204
-14.17219324
-14.09839912
-14.01307656
-13.90791449
-13.80336157
-13.70966617
-13.61571068
-13.53783639
-13.45833282
-13.3314974
-13.1463511
-12.9439672
-12.71103034
-12.42507713
-12.10153917
-11.76711334
-11.430224
-11.10880367
-10.81649029
-10.58179198
-10.40468523
-10.23604521
-10.10887125
-10.05079099
-10.02511191
-10.03070947
-10.04885958
-10.06938554
-10.08882962
-10.09782554
-10.07985288
-10.06188297
-10.03193928
-9.981351475
-9.920476102
-9.833534597
-9.757606159
-9.677470531
-9.542653866
-9.402744458
-9.302663004
-9.230974242
-9.145772533
-9.047178366
-8.943915858
-8.848684144
-8.776151087
-8.696621749
-8.604589044
-8.471544101
-8.301151167
-8.06732934
-7.775696494
-7.39314576
-6.956870589
-6.47992348
-5.973427184
-5.45506024
-4.910912531
-4.380096449
-3.857787874
-3.353839057
-2.854548674
-2.400594141
-2.049018324
-1.781549318
-1.551738093
-1.362090233
-1.22440612
-1.126430937
-1.035043738
-0.953500128
-0.897497942
-0.842389392
-0.73548882
-0.607857323
-0.450334058
-0.259792848
-0.066743026
0.11984697
0.371644622
0.672625964
1.01345712
1.334980519
1.618632785
1.90921376
2.181776691
2.424049747
2.639179123
2.831750822
3.018805527
3.186002798
3.351742047
3.508792491
3.66749638
3.819309191
3.965679831
4.133529343
4.321138307
4.523090882
4.691507523
4.825857555
4.940967524
5.036657728
5.128509906
5.204653366
5.26129067
5.323039235
5.433807488
5.580473511
5.75229744
5.929450839
6.11057943
6.274916435
6.364177865
6.405257634
6.455252264
6.523395375
6.633739204
6.796753452
7.032869485
7.289422272
7.524855598
7.724608044
7.935203553
8.150202192
8.345381145
8.526215768
8.727369097
8.980765402
9.214017704
9.398241948
9.530588451
9.631865055
9.668047307
9.677941585
9.684193298
9.743282069
9.817643601
9.891103641
9.956178402
10.05948165
10.20629265
10.37522434
10.53413327
10.69034506
10.8219019
10.9193615
10.98931985
11.04904275
11.10828809
11.16822232
11.23883364
11.26142882
11.26679626
11.28066417
11.31546736
11.32779991
11.3350167
11.3513995
11.36739938
11.35661962
11.34471776
11.34005965
11.31487724
11.26850018
11.24178923
11.19976356
11.15423575
11.09931735
11.0583404
11.04507134
11.05622071
11.07644596
11.08672966
11.10568086
11.11590472
11.10241495
11.07013052
11.02465938
10.95657659
10.85531156
10.71700836
10.57455835
10.45023292
10.35852017
10.31311419
10.34695097
10.43646567
10.54834995
10.65162571
10.76232674
10.88138658
11.01321969
11.13087202
11.24389335
11.37418735
11.51829606
11.63676445
11.73443379
11.82697064
11.8846349
11.87660587
11.862107
11.85259947
11.81908513
11.79156157
11.75044963
11.66548056
11.56216632
11.43075684
11.27557933
11.10147499
10.88275486
10.64107534
10.38274787
10.13331826
9.901081723
9.689572399
9.499140377
9.330731074
9.192149725
9.067546874
8.96180045
8.914520857
8.918831346
8.92531039
8.862235394
8.777692855
8.701583801
8.608058953
8.466842268
8.324105561
8.188186931
8.048235425
7.924022899
7.823991091
7.75418854
7.733409913
7.781963855
7.889532548
8.018744034
8.149160957
8.302556723
8.420564131
8.5007798
8.570968302
8.622386046
8.673262214
8.718528667
8.749088755
8.774810258
8.803902828
8.823367413
8.824855655
8.846675077
8.910913296
8.977785365
9.024024226
9.038394467
9.044836106
9.003925334
8.887459346
8.767536857
8.65875135
8.528466858
8.349198662
8.175821619
7.976821102
7.752356704
7.538954073
7.31440207
7.075922403
6.843264921
6.641200185
6.442747145
6.22930623
6.039237698
5.878265512
5.727258653
5.568499705
5.426244703
5.3074243
5.172818393
5.027643327
4.877609132
4.743367514
4.62266952
4.537824703
4.481217486
4.415689426
4.332333429
4.246442921
4.144215417
4.013425516
3.849516331
3.66121354
3.440770316
3.199530483
2.940099817
2.664261477
2.363426575
2.018346569
1.665992536
1.323109807
0.999126081
0.678301564
0.401743472
0.165578931
-0.056085163
-0.229524115
-0.335855283
-0.390159044
-0.449232674
-0.544387523
-0.6389342
-0.757038928
-0.914297228
-1.097780646
-1.316483165
-1.590232913
-1.909730865
-2.256779851
-2.628342409
-3.012019837
-3.373793119
-3.693255196
-3.960188698
-4.144516841
-4.260015893
-4.314545114
-4.334869813
-4.334869813
-4.334869813
-4.359763163
-4.446764071
-4.541941696
-4.612872368
-4.668058226
-4.677333103
-4.660486043
-4.627591367
-4.57271775
-4.415413493
-4.161692171
-3.846976099
-3.549806752
-3.260976364
-2.97796609
-2.66995765
-2.428635051
-2.16116604
-1.822858079
-1.485522963
-1.304494359
-1.278696376
-1.33396874
-1.44397427
-1.623496514
-1.802692847
-1.893591257
-1.932922147
-1.983676084
-2.002219059
-1.994326463
-2.01323951
-2.120435266
-2.32776008
-2.599791458
-2.901474533
-3.16418337
-3.438297186
-3.745567932
-4.034999442
-4.34072895
-4.607756111
-4.775148571
-4.841408875
-4.832573191
-4.716283546
-4.561181059
-4.41042866
-4.274281582
-4.12332071
-3.960051135
-3.826278479
-3.752312352
-3.789436303
-3.884431328
-3.978614457
-4.059009007
-4.127950016
-4.186857138
-4.216280076
-4.256012962
-4.306448586
-4.420622972
-4.59027679
-4.808121136
-5.092599366
-5.395935838
-5.708358552
-5.992969621
-6.223426514
-6.369843304
-6.456584404
-6.528887489
-6.608677707
-6.644916427
-6.690429536
-6.777952177
-6.886017808
-6.958119741
-6.983219821
-7.028835582
-7.098527305
-7.227959326
-7.375227853
-7.535999071
-7.709072012
-7.878475114
-8.06632201
-8.24840295
-8.410345598
-8.544235969
-8.694374934
-8.898060705
-9.112634764
-9.348603958
-9.605982747
-9.831199973
-10.00424799
-10.1925459
-10.33719234
-10.45151343
-10.52547988
-10.60640986
-10.70106383
-10.78663467
-10.88307871
-10.99363705
-11.11349159
-11.2322365
-11.36454638
-11.46609342
-11.54036993
-11.58638305
-11.61924513
-11.64692805
-11.67693754
-11.71629003
-11.78350325
-11.85379412
-11.92957005
-12.02614517
-12.12757984
-12.21625627
-12.28793876
-12.33520983
-12.37274824
-12.4486919
-12.54840765
-12.629913
-12.75898496
-12.92281087
-13.04304728
-13.11087901
-13.19817709
-13.30163685
-13.37669713
-13.43814678
-13.49868396
-13.54865708
-13.64014465
-13.73967639
-13.81674364
-13.89038179
-13.97597971
-14.05191035
-14.12343819
-14.187614
-14.23177238
-14.25215068
-14.27706724
-14.28624912
-14.29206232
-14.29740756
-14.33674288
-14.37893588
-14.37049662
-14.366057
-14.39888311
-14.47551208
-14.5781451
-14.66182338
-14.76440035
-14.92715985
-15.14048964
-15.31465504
-15.41587574
-15.44982282
-15.4565685
-15.4565685
-15.44312302
-15.43682689
-15.39276399
-15.35500742
-15.3487157
-15.36030739
-15.40403533
-15.47807021
-15.57785172
-15.68237867
-15.79025289
-15.86556102
-15.92423049
-15.95733043
-15.97839707
-15.99039781
-15.98283299
-15.98448608
-16.01492782
-16.04384992
-16.06679833
-16.16496294
-16.31478299
-16.4718817
-16.58854217
-16.68860252
-16.74914029
-16.79189739
-16.81251481
-16.8193839
-16.82281782
-16.82281782
-16.79774855
-16.74135973
-16.66289557
-16.57010357
-16.49393112
-16.46242272
-16.46706409
-16.4827247
-16.52055031
-16.55970765
-16.58865326
-16.56549924
-16.5224483
-16.45292417
-16.38402412
-16.30633843
-16.23479086
-16.20555929
-16.22488943
-16.25332597
-16.24848473
-16.22966761
-16.23522642
-16.25045813
-16.23090622
-16.22239558
-16.22636681
-16.16623609
-16.04202963
-15.90671692
-15.78950662
-15.65695073
-15.50702153
-15.38553065
-15.30494572
-15.23680278
-15.16588619
-15.11794444
-15.1241716
-15.15825567
-15.1903738
-15.20863372
-15.21926626
-15.22212302
-15.23876682
-15.25885951
-15.27051028
-15.27785052
-15.27690324
-15.25912863
-15.25726994
-15.27072877
-15.28643403
-15.29600848
-15.33200041
-15.40108866
-15.43005579
-15.43062721
-15.39662762
-15.33565699
-15.27651464
-15.23451787
-15.19460841
-15.15467544
-15.10356014
-14.98697066
-14.8099503
-14.61588061
-14.42936095
-14.27829751
-14.11157382
-13.94651864
-13.82585012
-13.75294
-13.68561741
-13.62567347
-13.5993871
-13.60696948
-13.61203353
-13.58409144
-13.55281125
-13.49385266
-13.40935117
-13.31389634
-13.21817031
-13.11063984
-12.98853745
-12.87016011
-12.7798415
-12.68102538
-12.53474247
-12.40309499
-12.29362137
-12.19865038
-12.07839164
-11.92061479
-11.74507113
-11.57345423
-11.40673395
-11.25348493
-11.11242824
-11.00030257
-10.87751482
-10.71277156
-10.51314154
-10.29689687
-10.09278808
-9.876820173
-9.679169039
-9.487712164
-9.319377705
-9.15607348
-8.983456287
-8.827296672
-8.688699966
-8.55865611
-8.421135258
-8.281371983
-8.129652469
-7.963610697
-7.795057097
-7.63510017
-7.45476143
-7.255070418
-7.061290266
-6.861634946
-6.662002428
-6.440123439
-6.253099135
-6.088439314
-5.941312105
-5.786533839
-5.630715554
-5.435176401
-5.260806443
-5.09634725
-4.935757299
-4.761714703
-4.608978989
-4.471723918
-4.355744219
-4.235903312
-4.111189526
-3.989428364
-3.852217342
-3.711126055
-3.541151838
-3.340337053
-3.135900626
-2.931597565
-2.721683612
-2.496509295
-2.23497433
-1.960035028
-1.658517209
-1.349311435
-1.065631272
-0.801587496
-0.575624814
-0.4006067
-0.258740763
-0.142746174
-0.067159097
-0.025589211
0.008774793
0.046401798
0.092895392
0.140174412
0.207600932
0.29034571
0.380290699
0.505068294
0.685457383
0.869943978
1.04062541
1.196760224
1.338344262
1.459774773
1.561081759
1.677687586
1.776830278
1.869682636
1.969580117
2.088153257
2.215007936
2.345326697
2.492304998
2.650515434
2.827588393
3.015217429
3.201513809
3.406019054
3.605104612
3.788395443
3.959506773
4.124020117
4.264967584
4.373744118
4.466166288
4.515777625
4.526835197
4.531098877
4.54389234
4.584205476
4.62217949
4.67916365
4.752170447
4.830120543
4.911763535
4.995868728
5.073255624
5.137813563
5.194388332
5.231940215
5.253500673
5.270256697
5.295063865
5.377626846
5.475640834
5.57492318
5.674242776
5.759388531
5.843952777
5.926740765
6.012120304
6.085043117
6.155683417
6.225189903
6.291565933
6.365281498
6.445731631
6.537273324
6.65632955
6.800172293
6.939849971
7.0701496
7.151156497
7.229307485
7.313846493
7.360688538
7.405774731
7.450129764
7.453898481
7.464956503
7.46890726
7.464589368
7.454471857
7.465361341
7.460253761
7.445978455
7.451981254
7.498997874
7.538788414
7.583016207
7.664998557
7.747028217
7.830782704
7.922408811
8.003627374
8.077565136
8.13191866
8.169128986
8.181696011
8.148858791
8.125601862
8.109338722
8.058721737
7.95323656
7.803294103
7.619087852
7.399161757
7.162694865
6.910204171
6.672159794
6.458945918
6.254034591
6.078191782
5.932736585
5.782391897
5.678979629
5.635176432
5.642494813
5.665386622
5.696511217
5.72114861
5.711393732
5.682284164
5.644472252
5.597779038
5.569455909
5.568914777
5.602527166
5.633565831
5.685521523
5.754079907
5.812363913
5.863131873
5.927603662
5.948652508
5.923695597
5.871213862
5.814694406
5.730645884
5.626758334
5.528988551
5.413570747
5.293167169
5.162117411
5.048762614
4.902812987
4.724945914
4.53219203
4.33892921
4.116367233
3.876270707
3.641938713
3.443882019
3.283463911
3.147498535
3.042231193
2.945608923
2.866859422
2.83226735
2.785345067
2.737891286
2.687393698
2.605597887
2.460963202
2.26586652
1.996448473
1.710043693
1.385095738
0.996526955
0.566850715
0.115997248
-0.33945849
-0.782834494
-1.216604325
-1.612320734
-1.915504049
-2.121645437
-2.287968514
-2.370991148
-2.400656504
-2.411159484
-2.411159484
-2.425458436
-2.502542087
-2.635403079
-2.795452941
-2.966272727
-3.150354615
-3.35716586
-3.602607119
-3.906334603
-4.290122854
-4.740590473
-5.203537348
-5.630419559
-6.025096182
-6.334035503
-6.592706959
-6.831729485
-6.995123412
-7.019093412
-6.960730523
-6.834985657
-6.698640905
-6.547046028
-6.400382033
-6.257235054
-6.142004503
-6.061548361
-6.017097788
-5.934178581
-5.712662516
-5.399482246
-4.98063391
-4.509388964
-4.00740193
-3.519264482
-2.971201586
-2.352093848
-1.722676205
-1.322812273
-1.232706503
-1.368532507
-1.586227908
-1.78644668
-1.984420023
-2.171766424
-2.345554726
-2.59584734
-2.919432693
-3.216007824
-3.444683763
-3.598817884
-3.645652636
-3.591639866
-3.477965994
-3.362872784
-3.259403118
-3.142460109
-3.012664497
-2.918728657
-2.852048656
-2.752245151
-2.641081823
-2.583303216
-2.582089676
-2.634369366
-2.74887023
-2.895943794
-3.065469629
-3.263488238
-3.469689245
-3.697582235
-3.913447758
-4.105889732
-4.277239844
-4.414333711
-4.535227048
-4.639821858
-4.714266127
-4.759970798
-4.797299014
-4.829870575
-4.889469714
-4.989769824
-5.142336925
-5.338822925
-5.578621324
-5.888186261
-6.203389671
-6.481877029
-6.723485081
-6.898797268
-7.010935947
-7.110953654
-7.213167216
-7.334724177
-7.448084732
-7.585217132
-7.727942461
-7.866071872
-8.017499564
-8.195190265
-8.359330839
-8.495099412
-8.638151026
-8.757837654
-8.847190674
-8.946038154
-9.068831314
-9.187031228
-9.322182287
-9.49550268
-9.684882469
-9.836173865
-9.942235829
-9.998276733
-10.05735913
-10.13641214
-10.2450095
-10.36796278
-10.47016612
-10.56464395
-10.63788233
-10.67300984
-10.71156099
-10.76703555
-10.81640148
-10.82267061
-10.82366885
-10.84874379
-10.88096325
-10.93769255
-11.03380173
-11.17165418
-11.34125879
-11.50501068
-11.66143385
-11.76819272
-11.80275423
-11.79047421
-11.79313782
-11.79446956
-11.79846449
-11.81102956
-11.8152262
-11.83997634
-11.88317893
-11.92521721
-11.95888438
-11.99121104
-12.0221965
-12.05317348
-12.08187084
-12.1253748
-12.18366845
-12.25179692
-12.32122039
-12.39235785
-12.46705101
-12.52618556
-12.56351219
-12.61570136
-12.65312095
-12.67976613
-12.69627215
-12.6881218
-12.66793866
-12.67942171
-12.66861264
-12.62925821
-12.58494822
-12.53194485
-12.5021124
-12.50039988
-12.49636331
-12.48220169
-12.4620154
-12.41719729
-12.35260806
-12.29373556
-12.25558539
-12.26611479
-12.31158811
-12.40544209
-12.51531328
-12.62689064
-12.69864719
-12.69307732
-12.63355683
-12.56194654
-12.49125465
-12.39995739
-12.29522838
-12.20382165
-12.12215307
-11.99906555
-11.82898943
-11.63382152
-11.44978413
-11.25515073
-11.02335275
-10.78839409
-10.59112253
-10.39770021
-10.2405253
-10.13863595
-10.10044318
-10.08022493
-10.07073593
-10.0972816
-10.12739697
-10.12759198
-10.07132571
-9.969412256
-9.819465384
-9.651554391
-9.487307624
-9.326974148
-9.212127949
-9.147503685
-9.068705244
-8.980316087
-8.907251129
-8.851999894
-8.767029968
-8.659451412
-8.533779295
-8.412950021
-8.317315625
-8.22169983
-8.08912753
-7.937356046
-7.807453867
-7.678690717
-7.521142854
-7.342274403
-7.126102912
-6.909588583
-6.718954844
-6.532259715
-6.338220641
-6.120289577
-5.89597159
-5.696867487
-5.501433223
-5.321829395
-5.165558849
-5.017008003
-4.87333924
-4.729774618
-4.592992547
-4.482288072
-4.407240439
-4.32748579
-4.205640465
-4.048618979
-3.859499069
-3.657428369
-3.431988687
-3.174803666
-2.930546854
-2.702057577
-2.456283247
-2.22628081
-2.037963453
-1.878078948
-1.725384679
-1.581002967
-1.456010803
-1.383966271
-1.320548715
-1.272233766
-1.235137589
-1.210563295
-1.182964359
-1.145872828
-1.088485696
-0.995661979
-0.888996497
-0.754229582
-0.602927274
-0.452053233
-0.309282698
-0.174598883
-0.062867763
0.026436205
0.0862709
0.114934828
0.152075168
0.208947494
0.253349863
0.274144327
0.289323996
0.309286501
0.338816615
0.392999101
0.496388213
0.625166839
0.734541498
0.842427054
0.953513068
1.047881049
1.108762511
1.13139756
1.146080859
1.170080044
1.215113671
1.260141669
1.275942749
1.287909604
1.293606633
1.314278441
1.333314786
1.368677041
1.424958285
1.478172703
1.496559675
1.525446983
1.57567248
1.603114708
1.624189204
1.642035648
1.662856581
1.672719424
1.685720755
1.697915613
1.737434497
1.759874732
1.785568555
1.811600056
1.840101752
1.869449778
1.871321787
1.901624422
1.926807374
1.943187808
1.957140968
1.975397974
1.979509543
1.979509543
1.979509543
1.979509543
1.979509543
1.987304729
2.020135054
2.079673333
2.158151582
2.237648087
2.316366674
2.395120111
2.46676489
2.528186074
2.588046224
2.638535937
2.689041763
2.722203813
2.729177447
2.73277988
2.7469982
2.758951237
2.791339388
2.883284437
2.998236802
3.119361853
3.228704287
3.328617969
3.423844908
3.50485807
3.571637697
3.648380911
3.71696279
3.772308854
3.820123904
3.881829261
3.923758759
3.912350804
3.873752632
3.817778055
3.751176628
3.662275752
3.582367243
3.532454845
3.51102945
3.514888571
3.490210933
3.447197002
3.384130219
3.312233027
3.204140116
3.066112486
2.904274105
2.728174938
2.520800914
2.308421181
2.088155933
1.849493939
1.586810766
1.316220419
1.064952242
0.805028379
0.569805692
0.340620453
0.133461712
-0.066118366
-0.266612667
-0.456788841
-0.609190022
-0.683951021
-0.730877883
-0.748320133
-0.764073981
-0.778854996
-0.798561615
-0.825791493
-0.845496562
-0.879333355
-0.939772269
-1.015333635
-1.098142675
-1.220132328
-1.38309183
-1.601278051
-1.857967753
-2.143185998
-2.426709113
-2.708620349
-2.987216171
-3.228365604
-3.464013595
-3.675255628
-3.860335293
-4.026859532
-4.163308122
-4.242476862
-4.280338303
-4.289457172
-4.292824891
-4.287072522
-4.288194781
-4.2939474
-4.296192323
-4.306292893
-4.552669525
