-3.083720
-3.368333
-3.652881
-3.937299
-4.221523
-4.505487
-4.789127
-5.072378
-5.355176
-5.637456
-5.919154
-6.200205
-6.480545
-6.760111
-7.038839
-7.316665
-7.593526
-7.869359
-8.144100
-8.417688
-8.690059
-8.961152
-9.230906
-9.499257
-9.766146
-10.031511
-10.295292
-10.557429
-10.817861
-11.076531
-11.333377
-11.588343
-11.841370
-12.092400
-12.341376
-12.588241
-12.832939
-13.075414
-13.315611
-13.553475
-13.788952
-14.021988
-14.252530
-14.480526
-14.705923
-14.928670
-15.148716
-15.366012
-15.580507
-15.792153
-16.000901
-16.206704
-16.409514
-16.609287
-16.805975
-16.999535
-17.189922
-17.377093
-17.561004
-17.741615
-17.918883
-18.092770
-18.263234
-18.430237
-18.593740
-18.753708
-18.910103
-19.062889
-19.212032
-19.357497
-19.499252
-19.637264
-19.771502
-19.901935
-20.028533
-20.151268
-20.270111
-20.385036
-20.496016
-20.603025
-20.706041
-20.805038
-20.899995
-20.990889
-21.077701
-21.160410
-21.238997
-21.313445
-21.383736
-21.449855
-21.511786
-21.569515
-21.623030
-21.672317
-21.717367
-21.758167
-21.794710
-21.826986
-21.854989
-21.878712
-21.898150
-21.913298
-21.924153
-21.930712
-21.932973
-21.930937
-21.924604
-21.913975
-21.899052
-21.879839
-21.856341
-21.828563
-21.796510
-21.760191
-21.719614
-21.674788
-21.625722
-21.572429
-21.514921
-21.453210
-21.387311
-21.317238
-21.243008
-21.164638
-21.082145
-20.995548
-20.904867
-20.810123
-20.711338
-20.608533
-20.501732
-20.390960
-20.276242
-20.157603
-20.035072
-19.908676
-19.778444
-19.644405
-19.506590
-19.365031
-19.219759
-19.070809
-18.918213
-18.762007
-18.602226
-18.438907
-18.272087
-18.101803
-17.928096
-17.751004
-17.570567
-17.386828
-17.199828
-17.009608
-16.816214
-16.619689
-16.420077
-16.217425
-16.011778
-15.803183
-15.591688
-15.377341
-15.160192
-14.940289
-14.717682
-14.492423
-14.264563
-14.034153
-13.801246
-13.565896
-13.328156
-13.088080
-12.845723
-12.601140
-12.354388
-12.105521
-11.854598
-11.601674
-11.346809
-11.090059
-10.831484
-10.571143
-10.309094
-10.045398
-9.780114
-9.513304
-9.245028
-8.975347
-8.704322
-8.432016
-8.158491
-7.883808
-7.608031
-7.331223
-7.053446
-6.774764
-6.495240
-6.214939
-5.933924
-5.652258
-5.370007
-5.087235
-4.804006
-4.520385
-4.236436
-3.952224
-3.667815
-3.383272
-3.098661
-2.814046
-2.529493
-2.245067
-1.960831
-1.676852
-1.393193
-1.109920
-0.827097
-0.544788
-0.263058
0.018029
0.298408
0.578016
0.856790
1.134665
1.411578
1.687466
1.962266
2.235916
2.508353
2.779515
3.049340
3.317766
3.584733
3.850180
4.114046
4.376270
4.636794
4.895557
5.152501
5.407567
5.660697
5.911833
6.160918
6.407896
6.652709
6.895302
7.135620
7.373608
7.609212
7.842377
8.073052
8.301182
8.526717
8.749604
8.969793
9.187235
9.401878
9.613674
9.822576
10.028534
10.231503
10.431436
10.628288
10.822013
11.012568
11.199908
11.383992
11.564777
11.742222
11.916287
12.086931
12.254117
12.417805
12.577959
12.734543
12.887519
13.036854
13.182513
13.324464
13.462673
13.597110
13.727743
13.854544
13.977482
14.096530
14.211661
14.322849
14.430067
14.533293
14.632502
14.727671
14.818779
14.905806
14.988730
15.067534
15.142200
15.212710
15.279048
15.341199
15.399150
15.452886
15.502396
15.547667
15.588691
15.625458
15.657959
15.686186
15.710134
15.729797
15.745170
15.756250
15.763034
15.765522
15.763711
15.757603
15.747200
15.732502
15.713515
15.690241
15.662688
15.630859
15.594764
15.554410
15.509806
15.460963
15.407892
15.350604
15.289114
15.223434
15.153580
15.079568
15.001414
14.919137
14.832756
14.742289
14.647758
14.549184
14.446589
14.339998
14.229433
14.114922
13.996488
13.874161
13.747967
13.617935
13.484096
13.346478
13.205115
13.060037
12.911279
12.758874
12.602856
12.443262
12.280128
12.113490
11.943388
11.769859
11.592944
11.412682
11.229115
11.042284
10.852233
10.659005
10.462642
10.263192
10.060698
9.855207
9.646766
9.435422
9.221224
9.004220
8.784460
8.561994
8.336873
8.109148
7.878871
7.646094
7.410871
7.173255
6.933300
6.691061
6.446594
6.199954
5.951197
5.700380
5.447560
5.192795
4.936143
4.677662
4.417412
4.155451
3.891840
3.626639
3.359907
3.091706
2.822097
2.551142
2.278902
2.005439
1.730815
1.455094
1.178339
0.900611
0.621975
0.342494
0.062232
-0.218748
-0.500381
-0.782603
-1.065349
-1.348556
-1.632158
-1.916091
-2.200291
-2.484691
-2.769229
-3.053838
-3.338454
-3.623012
-3.907447
-4.191694
-4.475688
-4.759366
-5.042661
-5.325509
-5.607846
-5.889608
-6.170730
-6.451148
-6.730799
-7.009617
-7.287541
-7.564506
-7.840450
-8.115309
-8.389021
-8.661523
-8.932753
-9.202650
-9.471151
-9.738196
-10.003724
-10.267674
-10.529987
-10.790601
-11.049458
-11.306499
-11.561665
-11.814898
-12.066141
-12.315335
-12.562424
-12.807352
-13.050064
-13.290502
-13.528614
-13.764344
-13.997639
-14.228445
-14.456711
-14.682383
-14.905410
-15.125743
-15.343329
-15.558121
-15.770068
-15.979122
-16.185237
-16.388364
-16.588457
-16.785472
-16.979362
-17.170084
-17.357594
-17.541850
-17.722809
