-2.229564666
-2.111390201
-2.034281591
-2.01766588
-2.015907828
-2.026738475
-2.029865725
-2.045614815
-2.027324729
-1.998477903
-1.984403618
-1.959910263
-1.941061142
-1.947373162
-1.941689521
-1.96511703
-2.02413982
-2.176837276
-2.378555103
-2.638658462
-2.951514019
-3.239642547
-3.435758811
-3.552067782
-3.590701941
-3.630760293
-3.700187343
-3.824010961
-4.028726068
-4.263968339
-4.500098534
-4.722557469
-4.947212533
-5.1492456
-5.311368393
-5.447706416
-5.605720933
-5.726546722
-5.845511064
-6.008679447
-6.167033336
-6.327165566
-6.464748043
-6.595637023
-6.744038908
-6.940996218
-7.171902652
-7.409582371
-7.663819306
-7.915492332
-8.149318835
-8.404284443
-8.63732917
-8.882565493
-9.142119946
-9.37882888
-9.586692087
-9.796757518
-9.977998427
-10.14010965
-10.33344598
-10.50601776
-10.60319562
-10.69013135
-10.71328758
-10.6947824
-10.64494545
-10.62010138
-10.61989339
-10.62999992
-10.64679855
-10.65068697
-10.70187286
-10.80591208
-10.92882341
-11.05125944
-11.2108842
-11.40231368
-11.61256465
-11.86427879
-12.09722427
-12.36298952
-12.62786216
-12.81204943
-12.89746781
-12.89526492
-12.82279803
-12.76494181
-12.69780305
-12.66297279
-12.63266559
-12.59896799
-12.54273641
-12.47853387
-12.43943124
-12.35284848
-12.28686657
-12.22733056
-12.14209788
-12.0787677
-12.00647702
-11.9352504
-11.87053246
-11.78471168
-11.73259376
-11.72441342
-11.71383678
-11.71204004
-11.68160363
-11.62716783
-11.54584945
-11.42976568
-11.34757552
-11.30301943
-11.25601607
-11.20995869
-11.20194304
-11.20462736
-11.15416247
-11.06209355
-10.92960175
-10.78859319
-10.6533272
-10.51429531
-10.372963
-10.18877745
-9.973591779
-9.698497908
-9.396233216
-9.089389745
-8.796622204
-8.516755467
-8.287268755
-8.128669541
-8.020420507
-7.944450905
-7.860235528
-7.774826863
-7.663437621
-7.48878834
-7.226375256
-6.935311478
-6.586967966
-6.205531349
-5.833349399
-5.488954609
-5.151260561
-4.865157168
-4.68954635
-4.579444188
-4.518431865
-4.484485563
-4.427917776
-4.337433777
-4.166121903
-3.875009415
-3.479488674
-3.023495678
-2.513784793
-2.011959886
-1.549402332
-1.094897725
-0.703702089
-0.39556192
-0.145386979
0.031641469
0.159114327
0.315864373
0.452678917
0.638070899
0.905225757
1.186170022
1.453411575
1.743262271
2.069164887
2.391476154
2.702260498
3.000722644
3.35779933
3.760837888
4.147582634
4.524433396
4.881541881
5.165298656
5.411548802
5.631231557
5.810665942
6.004410895
6.218369052
6.445601805
6.68076504
6.925100289
7.165186077
7.392655339
7.613765464
7.848766067
8.130248251
8.394034484
8.6225622
8.861732645
9.021535341
9.14715561
9.226350552
9.275493949
9.351579812
9.443179541
9.530975217
9.649807783
9.8393461
10.03429035
10.19810494
10.39602592
10.60722209
10.82373046
11.06543071
11.23025201
11.30253894
11.34362041
11.34427275
11.30629579
11.30269262
11.30759697
11.29309906
11.31798135
11.35831004
11.39879263
11.47019503
11.61629576
11.77136009
11.90247685
12.00349134
12.07821592
12.10315327
12.04555547
11.90436764
11.73814685
11.59476646
11.396809
11.21992749
11.06020487
10.87508086
10.68440794
10.52293803
10.36608839
10.21751815
10.10093996
10.01239542
9.988249592
9.993077979
9.990138468
10.0349565
10.12006725
10.15853325
10.15468159
10.12795968
10.07547438
9.945903456
9.739865876
9.530472187
9.303911822
9.047116789
8.772853116
8.456949113
8.094745383
7.749167731
7.42021562
7.09603777
6.810546082
6.57843755
6.368041039
6.163828749
5.985467306
5.804024615
5.602794034
5.405414585
5.211103257
4.98213788
4.742063849
4.521504589
4.250603435
3.980930603
3.786973968
3.62569247
3.486965181
3.384217453
3.314892562
3.19726893
2.975886107
2.72453509
2.464354901
2.16188947
1.839306231
1.519450624
1.195252385
0.886097447
0.629156407
0.374211469
0.133235474
-0.10331072
-0.357309466
-0.540444823
-0.692031907
-0.850691986
-0.973286742
-1.033331257
-1.109193491
-1.22769336
-1.377427219
-1.553161133
-1.719976838
-1.853190135
-1.8621681
-1.707311266
-1.474030689
-1.213292011
-0.897456489
-0.642330982
-0.421681113
-0.143650741
0.166124302
