-4.952157
-4.975664
-4.999171
-5.022678
-5.046185
-5.069692
-5.093198
-5.116704
-5.140210
-5.163716
-5.187222
-5.210727
-5.234232
-5.257736
-5.281240
-5.304743
-5.328246
-5.351749
-5.375251
-5.398752
-5.422252
-5.445752
-5.469251
-5.492750
-5.516248
-5.539744
-5.563240
-5.586736
-5.610230
-5.633723
-5.657215
-5.680707
-5.704197
-5.727686
-5.751174
-5.774661
-5.798147
-5.821631
-5.845114
-5.868596
-5.892077
-5.915556
-5.939034
-5.962510
-5.985985
-6.009459
-6.032931
-6.056401
-6.079870
-6.103337
-6.126803
-6.150267
-6.173729
-6.197189
-6.220648
-6.244104
-6.267559
-6.291012
-6.314463
-6.337913
-6.361360
-6.384805
-6.408248
-6.431689
-6.455128
-6.478564
-6.501999
-6.525431
-6.548861
-6.572288
-6.595714
-6.619137
-6.642557
-6.665975
-6.689391
-6.712804
-6.736215
-6.759623
-6.783028
-6.806431
-6.829831
-6.853228
-6.876623
-6.900015
-6.923404
-6.946790
-6.970174
-6.993554
-7.016932
-7.040306
-7.063678
-7.087047
-7.110412
-7.133774
-7.157134
-7.180490
-7.203842
-7.227192
-7.250538
-7.273881
-7.297221
-7.320557
-7.343890
-7.367219
-7.390545
-7.413868
-7.437187
-7.460502
-7.483814
-7.507122
-7.530426
-7.553727
-7.577024
-7.600317
-7.623606
-7.646892
-7.670173
-7.693451
-7.716725
-7.739994
-7.763260
-7.786522
-7.809779
-7.833033
-7.856282
-7.879527
-7.902768
-7.926005
-7.949237
-7.972465
-7.995689
-8.018909
-8.042123
-8.065334
-8.088540
-8.111741
-8.134938
-8.158131
-8.181319
-8.204502
-8.227680
-8.250854
-8.274023
-8.297187
-8.320346
-8.343501
-8.366650
-8.389795
-8.412935
-8.436070
-8.459199
-8.482324
-8.505444
-8.528558
-8.551667
-8.574772
-8.597871
-8.620964
-8.644053
-8.667136
-8.690213
-8.713286
-8.736353
-8.759414
-8.782470
-8.805521
-8.828566
-8.851605
-8.874639
-8.897667
-8.920689
-8.943706
-8.966717
-8.989722
-9.012722
-9.035715
-9.058703
-9.081684
-9.104660
-9.127630
-9.150594
-9.173552
-9.196503
-9.219449
-9.242388
-9.265321
-9.288248
-9.311169
-9.334084
-9.356992
-9.379894
-9.402789
-9.425678
-9.448561
-9.471437
-9.494307
-9.517170
-9.540026
-9.562876
-9.585719
-9.608556
-9.631386
-9.654209
-9.677026
-9.699835
-9.722638
-9.745434
-9.768223
-9.791005
-9.813780
-9.836548
-9.859309
-9.882063
-9.904810
-9.927549
-9.950282
-9.973007
-9.995726
-10.018436
-10.041140
-10.063836
-10.086525
-10.109207
-10.131881
-10.154547
-10.177207
-10.199858
-10.222502
-10.245139
-10.267768
-10.290389
-10.313002
-10.335608
-10.358206
-10.380796
-10.403379
-10.425953
-10.448520
-10.471079
-10.493630
-10.516172
-10.538707
-10.561234
-10.583753
-10.606263
-10.628766
-10.651260
-10.673746
-10.696224
-10.718694
-10.741155
-10.763608
-10.786052
-10.808489
-10.830916
-10.853336
-10.875746
-10.898149
-10.920542
-10.942927
-10.965304
-10.987672
-11.010031
-11.032381
-11.054723
-11.077056
-11.099380
-11.121695
-11.144001
-11.166298
-11.188587
-11.210866
-11.233137
-11.255398
-11.277650
-11.299893
-11.322128
-11.344352
-11.366568
-11.388775
-11.410972
-11.433160
-11.455338
-11.477507
-11.499667
-11.521817
-11.543958
-11.566090
-11.588212
-11.610324
-11.632427
-11.654520
-11.676603
-11.698677
-11.720741
-11.742795
-11.764840
-11.786875
-11.808899
-11.830914
-11.852920
-11.874915
-11.896900
-11.918875
-11.940840
-11.962795
-11.984740
-12.006675
-12.028600
-12.050515
-12.072419
-12.094313
-12.116197
-12.138070
-12.159933
-12.181786
-12.203628
-12.225460
-12.247282
-12.269092
-12.290893
-12.312683
-12.334462
-12.356230
-12.377988
-12.399735
-12.421472
-12.443198
-12.464913
-12.486617
-12.508310
-12.529992
-12.551664
-12.573324
-12.594974
-12.616612
-12.638240
-12.659856
-12.681462
-12.703056
-12.724639
-12.746211
-12.767772
-12.789321
-12.810859
-12.832386
-12.853901
-12.875405
-12.896898
-12.918379
-12.939849
-12.961307
-12.982754
-13.004189
-13.025613
-13.047024
-13.068425
-13.089813
-13.111190
-13.132555
-13.153909
-13.175250
-13.196580
-13.217898
-13.239204
-13.260497
-13.281779
-13.303050
-13.324307
-13.345553
-13.366787
-13.388009
-13.409219
-13.430416
-13.451601
-13.472774
-13.493935
-13.515083
-13.536219
-13.557343
-13.578454
-13.599553
-13.620639
-13.641713
-13.662775
-13.683824
-13.704860
-13.725884
-13.746895
-13.767893
-13.788879
-13.809852
-13.830812
-13.851760
-13.872694
-13.893616
-13.914525
-13.935421
-13.956304
-13.977174
-13.998031
-14.018875
-14.039706
-14.060524
-14.081329
-14.102121
-14.122899
-14.143665
-14.164417
-14.185155
-14.205881
-14.226593
-14.247292
-14.267977
-14.288649
-14.309308
-14.329953
-14.350585
-14.371203
-14.391807
-14.412398
-14.432975
-14.453539
-14.474089
-14.494625
-14.515148
-14.535656
-14.556151
-14.576633
-14.597100
-14.617553
-14.637993
-14.658418
-14.678830
-14.699227
-14.719610
-14.739980
-14.760335
-14.780676
-14.801003
-14.821316
-14.841615
-14.861899
-14.882169
-14.902425
-14.922667
-14.942894
-14.963107
-14.983305
-15.003489
-15.023658
-15.043813
-15.063953
-15.084079
-15.104191
-15.124287
-15.144369
-15.164436
-15.184489
-15.204527
-15.224550
-15.244558
-15.264552
-15.284530
-15.304494
-15.324443
-15.344377
-15.364296
-15.384200
-15.404089
-15.423962
-15.443821
-15.463665
-15.483493
-15.503307
-15.523105
-15.542888
-15.562656
-15.582408
-15.602145
-15.621867
-15.641573
-15.661264
-15.680940
-15.700600
-15.720245
-15.739874
-15.759488
-15.779086
-15.798668
-15.818235
-15.837786
-15.857322
-15.876842
-15.896346
-15.915834
-15.935307
-15.954764
-15.974204
-15.993629
-16.013039
-16.032432
-16.051809
-16.071170
-16.090516
-16.109845
-16.129158
-16.148455
-16.167736
-16.187001
-16.206249
-16.225482
-16.244698
-16.263898
-16.283081
-16.302249
-16.321400
-16.340534
-16.359652
-16.378754
-16.397839
-16.416908
-16.435961
-16.454996
-16.474016
-16.493018
-16.512004
-16.530974
-16.549926
-16.568862
-16.587781
-16.606684
-16.625570
-16.644439
-16.663291
-16.682126
-16.700944
-16.719746
-16.738530
-16.757297
-16.776048
-16.794781
-16.813498
-16.832197
-16.850879
-16.869544
-16.888192
-16.906823
-16.925437
-16.944033
-16.962612
-16.981174
-16.999718
-17.018245
-17.036755
-17.055247
-17.073722
-17.092179
-17.110619
-17.129041
-17.147446
-17.165833
-17.184203
-17.202555
-17.220890
-17.239206
-17.257506
-17.275787
-17.294051
-17.312296
-17.330524
-17.348735
-17.366927
-17.385102
-17.403258
-17.421397
-17.439518
-17.457620
-17.475705
-17.493772
-17.511820
-17.529851
-17.547863
-17.565858
-17.583834
-17.601792
-17.619731
-17.637653
-17.655556
-17.673441
-17.691307
-17.709156
-17.726986
-17.744797
-17.762590
-17.780365
-17.798121
-17.815859
-17.833578
-17.851278
-17.868960
-17.886624
-17.904268
-17.921895
-17.939502
-17.957091
-17.974661
-17.992212
-18.009745
-18.027258
-18.044753
-18.062229
-18.079686
-18.097125
-18.114544
-18.131944
-18.149326
-18.166688
-18.184031
-18.201355
-18.218661
-18.235947
-18.253214
-18.270462
-18.287690
-18.304900
-18.322090
-18.339261
-18.356412
-18.373545
-18.390658
-18.407752
-18.424826
-18.441881
-18.458916
-18.475932
-18.492929
-18.509906
-18.526863
-18.543801
-18.560720
-18.577619
-18.594498
-18.611357
-18.628197
-18.645018
-18.661818
-18.678599
-18.695360
-18.712101
-18.728822
-18.745524
-18.762205
-18.778867
-18.795509
-18.812131
-18.828733
-18.845315
-18.861877
-18.878419
-18.894941
-18.911443
-18.927924
-18.944386
-18.960828
-18.977249
-18.993650
-19.010031
-19.026391
-19.042732
-19.059052
-19.075352
-19.091631
-19.107890
-19.124129
-19.140347
-19.156545
-19.172722
-19.188879
-19.205015
-19.221131
-19.237227
-19.253301
-19.269356
-19.285389
-19.301402
-19.317394
-19.333366
-19.349317
-19.365247
-19.381156
-19.397045
-19.412912
-19.428759
-19.444586
-19.460391
-19.476175
-19.491939
-19.507681
-19.523403
-19.539103
-19.554783
-19.570441
-19.586079
-19.601695
-19.617290
-19.632865
-19.648418
-19.663950
-19.679460
-19.694950
-19.710418
-19.725865
-19.741291
-19.756695
-19.772078
-19.787440
-19.802780
-19.818100
-19.833397
-19.848673
-19.863928
-19.879161
-19.894373
-19.909563
-19.924732
-19.939879
-19.955005
-19.970109
-19.985191
-20.000252
-20.015291
-20.030308
-20.045304
-20.060278
-20.075230
-20.090160
-20.105069
-20.119956
-20.134820
-20.149664
-20.164485
-20.179284
-20.194061
-20.208817
-20.223550
-20.238261
-20.252951
-20.267618
-20.282264
-20.296887
-20.311488
-20.326067
-20.340624
-20.355159
-20.369671
-20.384161
-20.398630
-20.413075
-20.427499
-20.441900
-20.456279
-20.470636
-20.484970
-20.499282
-20.513572
-20.527839
-20.542084
-20.556306
-20.570506
-20.584683
-20.598838
-20.612971
-20.627080
-20.641168
-20.655232
-20.669274
-20.683294
-20.697290
-20.711264
-20.725216
-20.739144
-20.753050
-20.766933
-20.780794
-20.794631
-20.808446
-20.822238
-20.836007
-20.849753
-20.863476
-20.877177
-20.890854
-20.904509
-20.918140
-20.931749
-20.945334
-20.958897
-20.972436
-20.985953
-20.999446
-21.012916
-21.026363
-21.039787
-21.053188
-21.066565
-21.079920
-21.093251
-21.106559
-21.119843
-21.133105
-21.146343
-21.159557
-21.172749
-21.185917
-21.199062
-21.212183
-21.225281
-21.238355
-21.251406
-21.264433
-21.277437
-21.290418
-21.303375
-21.316308
-21.329218
-21.342104
-21.354967
-21.367806
-21.380622
-21.393413
-21.406181
-21.418926
-21.431646
-21.444343
-21.457017
-21.469666
-21.482292
-21.494893
-21.507471
-21.520026
-21.532556
-21.545062
-21.557545
-21.570004
-21.582438
-21.594849
-21.607236
-21.619599
-21.631937
-21.644252
-21.656543
-21.668810
-21.681052
-21.693271
-21.705465
-21.717635
-21.729782
-21.741904
-21.754001
-21.766075
-21.778124
-21.790150
-21.802151
-21.814127
-21.826080
-21.838008
-21.849912
-21.861791
-21.873646
-21.885477
-21.897283
-21.909065
-21.920823
-21.932556
-21.944264
-21.955949
-21.967608
-21.979243
-21.990854
-22.002440
-22.014002
-22.025539
-22.037051
-22.048539
-22.060002
-22.071441
-22.082855
-22.094244
-22.105609
-22.116948
-22.128264
-22.139554
-22.150820
-22.162060
-22.173277
-22.184468
-22.195634
-22.206776
-22.217893
-22.228985
-22.240052
-22.251094
-22.262111
-22.273104
-22.284071
-22.295014
-22.305931
-22.316824
-22.327691
-22.338534
-22.349351
-22.360143
-22.370911
-22.381653
-22.392370
-22.403062
-22.413729
-22.424371
-22.434987
-22.445579
-22.456145
-22.466686
-22.477202
-22.487692
-22.498157
-22.508597
-22.519012
-22.529402
-22.539766
-22.550105
-22.560418
-22.570706
-22.580969
-22.591206
-22.601418
-22.611605
-22.621766
-22.631902
-22.642012
-22.652096
-22.662156
-22.672189
-22.682198
-22.692180
-22.702138
-22.712069
-22.721975
-22.731856
-22.741710
-22.751540
-22.761343
-22.771121
-22.780873
-22.790600
-22.800301
-22.809976
-22.819626
-22.829249
-22.838847
-22.848420
-22.857966
-22.867487
-22.876982
-22.886451
-22.895894
-22.905312
-22.914703
-22.924069
-22.933409
-22.942723
-22.952011
-22.961273
-22.970509
-22.979719
-22.988904
-22.998062
-23.007194
-23.016301
-23.025381
-23.034435
-23.043464
-23.052466
-23.061442
-23.070392
-23.079316
-23.088214
-23.097085
-23.105931
-23.114751
-23.123544
-23.132311
-23.141052
-23.149767
-23.158455
-23.167118
-23.175754
-23.184364
-23.192947
-23.201505
-23.210036
-23.218541
-23.227019
-23.235471
-23.243897
-23.252297
-23.260670
-23.269017
-23.277337
-23.285631
-23.293899
-23.302140
-23.310355
-23.318543
-23.326705
-23.334841
-23.342950
-23.351032
-23.359088
-23.367118
-23.375120
-23.383097
-23.391047
-23.398970
-23.406867
-23.414737
-23.422581
-23.430398
-23.438188
-23.445952
-23.453689
-23.461400
-23.469084
-23.476741
-23.484372
-23.491975
-23.499553
-23.507103
-23.514627
-23.522124
-23.529594
-23.537037
-23.544454
-23.551844
-23.559207
-23.566544
-23.573853
-23.581136
-23.588392
-23.595621
-23.602824
-23.609999
-23.617147
-23.624269
-23.631364
-23.638432
-23.645473
-23.652487
-23.659474
-23.666434
-23.673367
-23.680274
-23.687153
-23.694005
-23.700831
-23.707629
-23.714400
-23.721145
-23.727862
-23.734552
-23.741215
-23.747852
-23.754461
-23.761043
-23.767598
-23.774125
-23.780626
-23.787100
-23.793546
-23.799966
-23.806358
-23.812723
-23.819061
-23.825372
-23.831655
-23.837912
-23.844141
-23.850343
-23.856517
-23.862665
-23.868785
-23.874878
-23.880944
-23.886983
-23.892994
-23.898978
-23.904935
-23.910864
-23.916766
-23.922641
-23.928489
-23.934309
-23.940102
-23.945867
-23.951606
-23.957316
-23.963000
-23.968656
-23.974285
-23.979886
-23.985460
-23.991006
-23.996525
-24.002017
-24.007481
-24.012918
-24.018327
-24.023709
-24.029064
-24.034391
-24.039690
-24.044962
-24.050206
-24.055423
-24.060613
-24.065775
-24.070909
-24.076016
-24.081096
-24.086147
-24.091172
-24.096168
-24.101137
-24.106079
-24.110993
-24.115879
-24.120738
-24.125569
-24.130373
-24.135149
-24.139897
-24.144618
-24.149311
-24.153976
-24.158614
-24.163224
-24.167807
-24.172362
-24.176889
-24.181388
-24.185860
-24.190304
-24.194720
-24.199109
-24.203470
-24.207803
-24.212108
-24.216386
-24.220636
-24.224858
-24.229053
-24.233220
-24.237359
-24.241470
-24.245553
-24.249609
-24.253637
-24.257637
-24.261609
-24.265553
-24.269470
-24.273359
-24.277220
-24.281053
-24.284858
-24.288636
-24.292386
-24.296107
-24.299801
-24.303467
-24.307106
-24.310716
-24.314298
-24.317853
-24.321380
-24.324879
-24.328349
-24.331792
-24.335208
-24.338595
-24.341954
-24.345285
-24.348589
-24.351864
-24.355112
-24.358331
-24.361523
-24.364687
-24.367823
-24.370930
-24.374010
-24.377062
-24.380086
-24.383082
-24.386050
-24.388990
-24.391902
-24.394786
-24.397642
-24.400470
-24.403270
-24.406042
-24.408786
-24.411502
-24.414190
-24.416850
-24.419482
-24.422085
-24.424661
-24.427209
-24.429729
-24.432220
-24.434684
-24.437120
-24.439527
-24.441906
-24.444258
-24.446581
-24.448876
-24.451144
-24.453383
-24.455594
-24.457777
-24.459931
-24.462058
-24.464157
-24.466227
-24.468270
-24.470284
-24.472270
-24.474228
-24.476158
-24.478060
-24.479934
-24.481780
-24.483597
-24.485387
-24.487148
-24.488881
-24.490586
-24.492263
-24.493912
-24.495532
-24.497125
-24.498689
-24.500225
-24.501733
-24.503213
-24.504665
-24.506089
-24.507484
-24.508851
-24.510190
-24.511501
-24.512784
-24.514039
-24.515265
-24.516463
-24.517633
-24.518775
-24.519889
-24.520975
-24.522032
-24.523061
-24.524062
-24.525035
-24.525980
-24.526896
-24.527784
-24.528644
-24.529476
-24.530280
-24.531056
-24.531803
-24.532522
-24.533213
-24.533876
-24.534510
-24.535116
-24.535695
-24.536245
-24.536766
-24.537260
-24.537725
-24.538162
-24.538571
-24.538952
-24.539304
-24.539629
-24.539925
-24.540193
-24.540432
-24.540644
-24.540827
-24.540982
-24.541109
-24.541208
-24.541278
-24.541320
-24.541334
-24.541320
-24.541278
-24.541207
-24.541108
-24.540981
-24.540826
-24.540643
-24.540431
-24.540191
-24.539923
-24.539627
-24.539302
-24.538950
-24.538569
-24.538160
-24.537722
-24.537257
-24.536763
-24.536241
-24.535691
-24.535113
-24.534506
-24.533872
-24.533209
-24.532518
-24.531798
-24.531051
-24.530275
-24.529471
-24.528639
-24.527779
-24.526891
-24.525974
-24.525029
-24.524056
-24.523055
-24.522026
-24.520968
-24.519882
-24.518768
-24.517626
-24.516456
-24.515258
-24.514031
-24.512776
-24.511493
-24.510182
-24.508843
-24.507476
-24.506080
-24.504656
-24.503204
-24.501724
-24.500216
-24.498680
-24.497115
-24.495523
-24.493902
-24.492253
-24.490576
-24.488871
-24.487137
-24.485376
-24.483586
-24.481769
-24.479923
-24.478049
-24.476147
-24.474217
-24.472258
-24.470272
-24.468257
-24.466215
-24.464144
-24.462045
-24.459918
-24.457763
-24.455580
-24.453369
-24.451130
-24.448862
-24.446567
-24.444244
-24.441892
-24.439512
-24.437105
-24.434669
-24.432205
-24.429713
-24.427193
-24.424646
-24.422070
-24.419466
-24.416833
-24.414173
-24.411485
-24.408769
-24.406025
-24.403253
-24.400453
-24.397625
-24.394768
-24.391884
-24.388972
-24.386032
-24.383064
-24.380068
-24.377044
-24.373992
-24.370912
-24.367804
-24.364668
-24.361504
-24.358312
-24.355092
-24.351844
-24.348569
-24.345265
-24.341934
-24.338574
-24.335187
-24.331771
-24.328328
-24.324857
-24.321358
-24.317831
-24.314277
-24.310694
-24.307083
-24.303445
-24.299779
-24.296085
-24.292363
-24.288613
-24.284835
-24.281030
-24.277196
-24.273335
-24.269446
-24.265529
-24.261585
-24.257612
-24.253612
-24.249584
-24.245528
-24.241445
-24.237333
-24.233194
-24.229027
-24.224833
-24.220610
-24.216360
-24.212082
-24.207777
-24.203443
-24.199082
-24.194693
-24.190277
-24.185833
-24.181361
-24.176861
-24.172334
-24.167779
-24.163196
-24.158586
-24.153948
-24.149282
-24.144589
-24.139868
-24.135120
-24.130344
-24.125540
-24.120709
-24.115850
-24.110963
-24.106049
-24.101107
-24.096138
-24.091141
-24.086117
-24.081065
-24.075985
-24.070878
-24.065743
-24.060581
-24.055392
-24.050174
-24.044930
-24.039658
-24.034358
-24.029031
-24.023676
-24.018294
-24.012885
-24.007448
-24.001983
-23.996492
-23.990972
-23.985426
-23.979852
-23.974250
-23.968621
-23.962965
-23.957282
-23.951571
-23.945832
-23.940067
-23.934273
-23.928453
-23.922605
-23.916730
-23.910828
-23.904898
-23.898942
-23.892957
-23.886946
-23.880907
-23.874841
-23.868748
-23.862627
-23.856480
-23.850305
-23.844103
-23.837873
-23.831617
-23.825333
-23.819022
-23.812684
-23.806319
-23.799926
-23.793507
-23.787060
-23.780586
-23.774086
-23.767558
-23.761002
-23.754420
-23.747811
-23.741175
-23.734511
-23.727821
-23.721103
-23.714359
-23.707587
-23.700789
-23.693963
-23.687111
-23.680231
-23.673325
-23.666392
-23.659431
-23.652444
-23.645430
-23.638389
-23.631321
-23.624226
-23.617104
-23.609955
-23.602779
-23.595577
-23.588348
-23.581092
-23.573809
-23.566499
-23.559162
-23.551799
-23.544409
-23.536992
-23.529548
-23.522078
-23.514581
-23.507057
-23.499506
-23.491929
-23.484325
-23.476694
-23.469037
-23.461353
-23.453642
-23.445905
-23.438141
-23.430350
-23.422533
-23.414689
-23.406819
-23.398922
-23.390998
-23.383048
-23.375072
-23.367068
-23.359039
-23.350983
-23.342900
-23.334791
-23.326655
-23.318493
-23.310305
-23.302090
-23.293848
-23.285580
-23.277286
-23.268966
-23.260619
-23.252245
-23.243846
-23.235420
-23.226967
-23.218489
-23.209984
-23.201453
-23.192895
-23.184311
-23.175701
-23.167065
-23.158402
-23.149714
-23.140999
-23.132257
-23.123490
-23.114697
-23.105877
-23.097031
-23.088159
-23.079261
-23.070337
-23.061387
-23.052411
-23.043408
-23.034380
-23.025325
-23.016245
-23.007139
-22.998006
-22.988848
-22.979663
-22.970453
-22.961216
-22.951954
-22.942666
-22.933352
-22.924012
-22.914646
-22.905254
-22.895837
-22.886393
-22.876924
-22.867429
-22.857908
-22.848361
-22.838789
-22.829191
-22.819567
-22.809917
-22.800242
-22.790541
-22.780814
-22.771061
-22.761283
-22.751480
-22.741650
-22.731795
-22.721915
-22.712008
-22.702077
-22.692119
-22.682137
-22.672128
-22.662094
-22.652035
-22.641950
-22.631840
-22.621704
-22.611542
-22.601356
-22.591144
-22.580906
-22.570643
-22.560355
-22.550041
-22.539702
-22.529338
-22.518948
-22.508534
-22.498093
-22.487628
-22.477137
-22.466621
-22.456080
-22.445514
-22.434922
-22.424305
-22.413664
-22.402997
-22.392304
-22.381587
-22.370845
-22.360077
-22.349285
-22.338467
-22.327625
-22.316757
-22.305864
-22.294947
-22.284004
-22.273037
-22.262044
-22.251027
-22.239984
-22.228917
-22.217825
-22.206708
-22.195566
-22.184399
-22.173208
-22.161992
-22.150751
-22.139485
-22.128194
-22.116879
-22.105539
-22.094174
-22.082785
-22.071371
-22.059932
-22.048469
-22.036981
-22.025468
-22.013931
-22.002369
-21.990783
-21.979172
-21.967537
-21.955877
-21.944193
-21.932484
-21.920751
-21.908993
-21.897211
-21.885404
-21.873574
-21.861718
-21.849839
-21.837935
-21.826007
-21.814054
-21.802077
-21.790076
-21.778051
-21.766001
-21.753927
-21.741829
-21.729707
-21.717561
-21.705391
-21.693196
-21.680977
-21.668735
-21.656468
-21.644177
-21.631862
-21.619523
-21.607160
-21.594773
-21.582362
-21.569927
-21.557469
-21.544986
-21.532479
-21.519949
-21.507394
-21.494816
-21.482214
-21.469589
-21.456939
-21.444266
-21.431569
-21.418848
-21.406103
-21.393335
-21.380543
-21.367728
-21.354888
-21.342026
-21.329139
-21.316229
-21.303296
-21.290339
-21.277358
-21.264354
-21.251326
-21.238275
-21.225200
-21.212103
-21.198981
-21.185836
-21.172668
-21.159477
-21.146262
-21.133024
-21.119762
-21.106477
-21.093169
-21.079838
-21.066484
-21.053106
-21.039705
-21.026281
-21.012834
-20.999363
-20.985870
-20.972353
-20.958814
-20.945251
-20.931666
-20.918057
-20.904425
-20.890771
-20.877093
-20.863392
-20.849669
-20.835923
-20.822153
-20.808361
-20.794546
-20.780709
-20.766848
-20.752965
-20.739059
-20.725130
-20.711179
-20.697205
-20.683208
-20.669188
-20.655146
-20.641081
-20.626994
-20.612884
-20.598752
-20.584597
-20.570419
-20.556219
-20.541997
-20.527752
-20.513485
-20.499195
-20.484883
-20.470548
-20.456191
-20.441812
-20.427411
-20.412987
-20.398541
-20.384073
-20.369582
-20.355070
-20.340535
-20.325978
-20.311399
-20.296797
-20.282174
-20.267528
-20.252861
-20.238171
-20.223460
-20.208726
-20.193971
-20.179193
-20.164394
-20.149573
-20.134730
-20.119865
-20.104978
-20.090069
-20.075138
-20.060186
-20.045212
-20.030216
-20.015199
-20.000160
-19.985099
-19.970016
-19.954912
-19.939787
-19.924639
-19.909470
-19.894280
-19.879068
-19.863835
-19.848580
-19.833304
-19.818006
-19.802687
-19.787346
-19.771984
-19.756601
-19.741196
-19.725770
-19.710323
-19.694855
-19.679365
-19.663854
-19.648322
-19.632769
-19.617195
-19.601600
-19.585983
-19.570345
-19.554687
-19.539007
-19.523306
-19.507585
-19.491842
-19.476079
-19.460294
-19.444489
-19.428662
-19.412815
-19.396947
-19.381059
-19.365149
-19.349219
-19.333268
-19.317296
-19.301304
-19.285291
-19.269257
-19.253203
-19.237128
-19.221033
-19.204917
-19.188780
-19.172623
-19.156446
-19.140248
-19.124029
-19.107791
-19.091531
-19.075252
-19.058952
-19.042632
-19.026291
-19.009931
-18.993550
-18.977148
-18.960727
-18.944285
-18.927824
-18.911342
-18.894840
-18.878318
-18.861776
-18.845214
-18.828631
-18.812029
-18.795407
-18.778765
-18.762103
-18.745422
-18.728720
-18.711998
-18.695257
-18.678496
-18.661715
-18.644915
-18.628094
-18.611254
-18.594395
-18.577515
-18.560616
-18.543698
-18.526760
-18.509802
-18.492825
-18.475828
-18.458812
-18.441776
-18.424721
-18.407647
-18.390553
-18.373440
-18.356307
-18.339156
-18.321985
-18.304794
-18.287585
-18.270356
-18.253108
-18.235841
-18.218555
-18.201249
-18.183925
-18.166582
-18.149219
-18.131838
-18.114437
-18.097018
-18.079579
-18.062122
-18.044646
-18.027151
-18.009637
-17.992105
-17.974553
-17.956983
-17.939394
-17.921787
-17.904161
-17.886516
-17.868852
-17.851170
-17.833469
-17.815750
-17.798012
-17.780256
-17.762481
-17.744688
-17.726877
-17.709047
-17.691198
-17.673331
-17.655446
-17.637543
-17.619622
-17.601682
-17.583724
-17.565747
-17.547753
-17.529740
-17.511710
-17.493661
-17.475594
-17.457509
-17.439407
-17.421286
-17.403147
-17.384990
-17.366816
-17.348623
-17.330413
-17.312185
-17.293939
-17.275675
-17.257394
-17.239094
-17.220778
-17.202443
-17.184091
-17.165721
-17.147334
-17.128929
-17.110506
