4.2976
4.2195
4.1784
4.1618
4.1521
4.1615
4.1642
4.1559
4.1422
4.1094
4.0617
4.0046
3.9149
3.8049
3.7033
3.5572
3.4356
3.3304
3.2725
3.2607
3.2921
3.3423
3.4033
3.4413
3.4319
3.4428
3.4590
3.4631
3.4550
3.4334
3.4279
3.4617
3.5008
3.4872
3.4454
3.3901
3.3577
3.3536
3.3602
3.3816
3.3748
3.3318
3.2914
3.2631
3.2227
3.2107
3.2268
3.2482
3.2375
3.2307
3.2482
3.2441
3.2226
3.2185
3.2372
3.2492
3.2959
3.3665
3.4224
3.4381
3.4219
3.3872
3.3352
3.3113
3.3073
3.2925
3.2644
3.2283
3.1723
3.1123
3.0483
2.9764
2.8686
2.7490
2.6335
2.5539
2.5154
2.5194
2.5512
2.6017
2.6203
2.6098
2.6021
2.5866
2.5658
2.5555
2.5399
2.5493
2.5679
2.5536
2.5052
2.4541
2.4067
2.3685
2.3474
2.3197
2.3105
2.3157
2.3315
2.3579
2.3893
2.3918
2.3852
2.3864
2.4244
2.4951
2.5670
2.6191
2.6057
2.5584
2.5149
2.4597
2.4006
2.3770
2.3573
2.3258
2.2903
2.2707
2.2589
2.2236
2.1843
2.1568
2.1542
2.1309
2.1035
2.0761
2.0486
2.0121
1.9691
1.9508
1.9273
1.8908
1.8464
1.8294
1.8098
1.7719
1.7431
1.7287
1.7247
1.7363
1.7402
1.7441
1.7517
1.7594
1.7710
1.7710
1.7671
1.7671
1.7748
1.7786
1.7863
1.7939
1.8133
1.8365
1.8482
1.8272
1.8166
1.8205
1.8205
1.8205
1.8283
1.8594
1.8605
1.8540
1.8408
1.8144
1.7934
1.7722
1.7746
1.7809
1.7727
1.7500
1.6868
1.6329
1.5910
1.5530
1.5110
1.4860
1.4884
1.4961
1.4961
1.4725
1.4489
1.4305
1.4147
1.4002
1.3881
1.3944
1.4021
1.3968
1.3824
1.3679
1.3496
1.3312
1.3220
1.3115
1.2931
1.2695
1.2353
1.1841
1.1171
1.0567
1.0027
0.9747
0.9496
0.9140
0.8783
0.8072
0.7346
0.6411
0.5460
0.4640
0.3976
0.3510
0.3495
0.3442
0.3621
0.4008
0.4109
0.4206
0.4380
0.4505
0.4316
0.4112
0.4209
0.4738
0.5243
0.5397
0.5329
0.4984
0.4321
0.3844
0.3605
0.3288
0.2888
0.2425
0.1830
0.1025
-0.0005
-0.1274
-0.2162
-0.2659
-0.2946
-0.3141
-0.3233
-0.3389
-0.3505
-0.3908
-0.4774
-0.5794
-0.7007
-0.8206
-0.9150
-0.9784
-1.0194
-1.0705
-1.1169
-1.1742
-1.2354
-1.3059
-1.3826
-1.4685
-1.5352
-1.6157
-1.7088
-1.7886
-1.8406
-1.8795
-1.8833
-1.8833
-1.8833
-1.8910
-1.9173
-1.9661
-2.0088
-2.0576
-2.0932
-2.1660
-2.2761
-2.4465
-2.6223
-2.8092
-2.9643
-3.0719
-3.1258
-3.1427
-3.1427
-3.1465
-3.1733
-3.2056
-3.2395
-3.2603
-3.2883
-3.3180
-3.3311
-3.3422
-3.3625
-3.3923
-3.4555
-3.5450
-3.6398
-3.6976
-3.7184
-3.6249
-3.4524
-3.2289
-2.9398
-2.6136
-2.3121
-2.0227
-1.7792
-1.5562
-1.3498
-1.1574
-0.9264
-0.6659
-0.3572
-0.0483
0.2677
0.5371
0.7700
0.9225
1.0229
1.1113
1.2024
1.2736
1.3646
1.4831
1.6146
1.7461
1.8420
1.9038
1.9419
1.9655
1.9616
1.9500
1.9477
1.9518
1.9874
2.0361
2.0717
2.0914
2.0966
2.1031
2.1111
2.1163
2.0927
2.0664
2.0246
2.0088
2.0375
2.0585
2.0534
2.0078
1.9611
1.9274
1.8742
1.8416
1.8247
1.8168
1.8051
1.8012
1.7660
1.6995
1.6487
1.6254
1.6176
1.6124
1.6085
1.5733
1.5368
1.4861
1.4507
1.4232
1.4128
1.4075
1.3932
1.3841
1.3606
1.3551
1.3300
1.2867
1.2305
1.1990
1.1857
1.1857
1.2088
1.2359
1.2512
1.2508
1.2595
1.2632
1.2527
1.2563
1.3222
1.3609
1.3802
1.3589
1.3652
1.3613
1.3613
1.3430
1.3299
1.3025
1.2645
1.2265
1.1821
1.1180
1.0708
1.0525
1.0433
0.9949
0.9241
0.8730
0.8585
0.8585
0.8585
0.8532
0.8532
0.8282
0.8032
0.7835
0.7677
0.7677
0.7624
0.7764
0.7736
0.7472
0.7088
0.6718
0.6400
0.6241
0.6276
0.6349
0.6543
0.6528
0.6409
0.6246
0.5980
0.5860
0.6039
0.6218
0.6296
0.6345
0.6264
0.5891
0.5626
0.5568
0.5748
0.5757
0.5675
0.5661
0.5554
0.5355
0.5089
0.4876
0.4677
0.4531
0.4478
0.4386
0.4240
0.3856
0.3287
0.2479
0.1238
0.0224
-0.0547
-0.0956
-0.0971
-0.0971
-0.1049
-0.1049
-0.0894
-0.0817
-0.0964
-0.1325
-0.2067
-0.2691
-0.3223
-0.3663
-0.4127
-0.4250
-0.4373
-0.4558
-0.4558
-0.4612
-0.4612
-0.4774
-0.5106
-0.5507
-0.5816
-0.5978
-0.6140
-0.6410
-0.6734
-0.7082
-0.7817
-0.8994
-1.0204
-1.1352
-1.2485
-1.3200
-1.3527
-1.3620
-1.3620
-1.3620
-1.3675
-1.3784
-1.3947
-1.4111
-1.4127
-1.4143
-1.4143
-1.4307
-1.4525
-1.4853
-1.5236
-1.5673
-1.6266
-1.6727
-1.7062
-1.7249
-1.7287
-1.7397
-1.7546
-1.7771
-1.8106
-1.8458
-1.9152
-2.0258
-2.1485
-2.2356
-2.2785
-2.2824
-2.2824
-2.2824
-2.3050
-2.3105
-2.3326
-2.3547
-2.3861
-2.4143
-2.4369
-2.4728
-2.5048
-2.5518
-2.5854
-2.6153
-2.6153
-2.6208
-2.6357
-2.6413
-2.6524
-2.6579
-2.6728
-2.6877
-2.7027
-2.7270
-2.7718
-2.8576
-3.0054
-3.1833
-3.3537
-3.5056
-3.6090
-3.6879
-3.7236
-3.7687
-3.8086
-3.8599
-3.9201
-3.9842
-4.0728
-4.1559
-4.2463
-4.3425
-4.4352
-4.5090
-4.5449
-4.5754
-4.6078
-4.6476
-4.7045
-4.8011
-4.9147
-5.0662
-5.2311
-5.3809
-5.5005
-5.5896
-5.6690
-5.7560
-5.8090
-5.8525
-5.8979
-5.9926
-6.1443
-6.2921
-6.4078
-6.4780
-6.5083
-6.5384
-6.5724
-6.6102
-6.6405
-6.6669
-6.7046
-6.7348
-6.7366
-6.7309
-6.7458
-6.7458
-6.7344
-6.7324
-6.7658
-6.8467
-6.9216
-6.9798
-7.0287
-7.0962
-7.1785
-7.2572
-7.3284
-7.3846
-7.4446
-7.4989
-7.5272
-7.5496
-7.5758
-7.5833
-7.5985
-7.6022
-7.6022
-7.6229
-7.6513
-7.6871
-7.7493
-7.8361
-7.9362
-8.0363
-8.1341
-8.2465
-8.3628
-8.4629
-8.5762
-8.6517
-8.7215
-8.7593
-8.8045
-8.8680
-8.9515
-9.0366
-9.0993
-9.1298
-9.1634
-9.1802
-9.1913
-9.2060
-9.2429
-9.3135
-9.3651
-9.4208
-9.4760
-9.5369
-9.6021
-9.6818
-9.7571
-9.7975
-9.8341
-9.8980
-9.9381
-9.9564
-9.9746
-9.9818
-9.9818
-9.9644
-9.9282
-9.8593
-9.7312
-9.5513
-9.3680
-9.1769
-8.9654
-8.7188
-8.4233
-8.1119
-7.8272
-7.6042
-7.4114
-7.2402
-7.0659
-6.8602
-6.6032
-6.2470
-5.8086
-5.3199
-4.8453
-4.3869
-3.9838
-3.6076
-3.2714
-2.9334
-2.5233
-2.0868
-1.6018
-1.1404
-0.6880
-0.2658
0.1031
0.4384
0.6866
0.8799
1.0759
1.2507
1.4421
1.6386
1.7832
1.8767
1.9350
1.9778
2.0232
2.0711
2.1113
2.1399
2.1464
2.1319
2.1214
2.1018
2.0822
2.0627
2.0315
1.9884
1.9427
1.8982
1.8591
1.8174
1.7639
1.7195
1.6713
1.6036
1.5683
1.5370
1.4889
1.3964
1.2648
1.1216
0.9954
0.9250
0.8887
0.8834
0.8795
0.8872
0.8755
0.8406
0.8172
0.7899
0.7665
0.7510
0.7355
0.7275
0.7235
0.7427
0.7424
0.7305
0.7419
0.7419
0.7263
0.6769
0.6391
0.6040
0.5871
0.5933
0.5894
0.5841
0.5682
0.5537
0.5212
0.4534
0.3569
0.2684
0.2083
0.1558
0.1086
0.0989
0.1051
0.1050
0.1050
0.0762
0.0200
-0.0766
-0.1954
-0.2989
-0.3630
-0.4050
-0.4004
-0.3968
-0.4252
-0.5244
-0.6626
-0.8229
-0.9457
-1.0083
-1.0161
-1.0237
-1.0291
-1.0382
-1.0931
-1.1572
-1.2282
-1.2908
-1.3504
-1.4107
-1.4740
-1.5214
-1.5634
-1.5978
-1.6138
-1.6230
-1.6283
-1.6390
-1.6643
-1.6964
-1.7125
-1.7270
-1.7722
-1.8303
-1.9198
-1.9973
-2.0733
-2.1478
-2.2192
-2.3237
-2.4612
-2.6113
-2.7827
-2.8803
-2.9134
-2.9362
-2.9681
-3.0273
-3.1108
-3.2089
-3.3251
-3.4229
-3.5244
-3.5836
-3.6616
-3.6931
-3.7338
-3.8118
-3.9490
-4.0746
-4.1653
-4.2173
-4.2340
-4.2378
-4.2580
-4.2785
-4.3176
-4.3361
-4.3710
-4.4283
-4.4893
-4.5356
-4.5651
-4.5949
-4.6469
-4.7306
-4.8215
-4.9198
-4.9976
-5.0346
-5.0494
-5.0607
-5.1275
-5.2149
-5.3339
-5.4714
-5.5809
-5.6754
-5.7514
-5.8478
-5.9574
-6.0318
-6.0745
-6.1265
-6.2007
-6.2860
-6.3918
-6.4510
-6.5177
-6.5936
-6.6565
-6.7156
-6.8007
-6.8619
-6.9287
-7.0065
-7.0380
-7.0602
-7.1006
-7.1505
-7.1912
-7.1986
-7.2115
-7.2318
-7.2576
-7.3132
-7.3745
-7.4523
-7.5282
-7.5728
-7.6154
-7.6411
-7.6614
-7.6837
-7.7245
-7.7953
-7.8640
-7.9272
-8.0050
-8.0788
-8.1343
-8.1768
-8.2507
-8.3212
-8.3917
-8.4859
-8.5819
-8.6762
-8.7434
-8.7697
-8.7769
-8.7863
-8.7899
-8.8247
-8.8875
-8.9543
-8.9973
-9.0273
-9.0564
-9.0963
-9.1405
-9.2088
-9.3030
-9.3930
-9.4722
-9.5462
-9.6331
-9.7043
-9.7755
-9.8332
-9.8952
-9.9670
-10.0558
-10.1461
-10.2121
-10.2466
-10.2717
-10.2752
-10.2788
-10.2896
-10.3255
-10.3510
-10.3835
-10.4264
-10.4765
-10.5194
-10.5587
-10.5837
-10.6265
-10.6588
-10.7020
-10.7414
-10.7807
-10.8233
-10.8517
-10.8589
-10.8766
-10.8816
-10.8906
-10.8812
-10.8799
-10.8865
-10.8981
-10.9067
-10.9174
-10.8875
-10.8407
-10.8087
-10.7974
-10.8153
-10.8297
-10.8326
-10.8462
-10.8471
-10.8608
-10.8861
-10.9160
-10.9480
-10.9870
-11.0130
-10.9939
-10.9741
-10.9587
-10.9835
-11.0153
-11.0367
-11.0467
-11.0867
-11.1255
-11.1576
-11.1803
-11.2148
-11.2619
-11.3019
-11.2980
-11.2436
-11.1885
-11.1562
-11.1689
-11.1894
-11.2099
-11.2417
-11.2572
-11.2589
-11.2092
-11.1445
-11.0706
-11.0129
-10.9256
-10.8210
-10.7184
-10.6216
-10.4814
-10.3090
-10.1014
-9.9100
-9.7558
-9.6732
-9.6095
-9.5599
-9.4900
-9.4181
-9.3337
-9.2471
-9.1592
-9.0754
-8.9901
-8.8922
-8.7882
-8.6933
-8.6334
-8.5950
-8.5512
-8.4715
-8.3969
-8.3207
-8.2304
-8.1578
-8.0999
-8.0687
-8.0103
-7.9448
-7.8683
-7.7887
-7.7288
-7.7048
-7.6954
-7.6443
-7.5443
-7.4389
-7.3645
-7.3196
-7.2293
-7.0990
-6.9631
-6.8201
-6.7042
-6.6210
-6.5846
-6.5376
-6.5031
-6.4236
-6.3081
-6.1962
-6.1133
-6.0681
-6.0501
-6.0410
-6.0032
-5.9220
-5.7651
-5.5702
-5.3574
-5.1265
-4.9082
-4.7570
-4.6598
-4.6131
-4.5732
-4.5550
-4.5405
-4.5207
-4.4486
-4.3603
-4.2739
-4.2038
-4.1643
-4.1264
-4.0829
-4.0109
-3.9315
-3.8575
-3.8141
-3.7617
-3.7238
-3.6696
-3.6357
-3.5942
-3.5400
-3.4838
-3.4422
-3.4040
-3.3441
-3.2775
-3.1947
-3.1258
-3.0479
-2.9630
-2.8723
-2.7922
-2.7413
-2.6939
-2.6559
-2.6321
-2.6158
-2.6011
-2.5721
-2.5330
-2.4792
-2.4306
-2.4016
-2.3836
-2.3688
-2.3318
-2.2704
-2.2149
-2.1648
-2.1252
-2.0888
-2.0432
-1.9638
-1.8740
-1.7715
-1.6563
-1.5605
-1.4932
-1.4201
-1.3747
-1.3276
-1.2334
-1.1339
-1.0188
-0.9201
-0.8319
-0.7938
-0.7662
-0.7475
-0.6968
-0.6335
-0.5508
-0.4987
-0.4532
-0.4166
-0.3876
-0.3398
-0.2459
-0.1468
-0.0492
0.0320
0.0888
0.1126
0.1163
0.1351
0.1388
0.1388
0.1500
0.1536
0.1775
0.1924
0.2186
0.2560
0.3114
0.3960
0.4603
0.5019
0.5295
0.5369
0.5405
0.5405
0.5456
0.5508
0.5546
0.5546
0.5583
0.5582
0.5581
0.5767
0.5955
0.6029
0.6154
0.6303
0.6527
0.6869
0.7160
0.7385
0.7724
0.8168
0.8468
0.8805
0.9408
1.0205
1.1206
1.2449
1.3731
1.4441
1.5125
1.5531
1.5722
1.5797
1.5900
1.5989
1.6154
1.6269
1.6510
1.6777
1.7146
1.7387
1.7654
1.7842
1.8068
1.8486
1.9070
1.9525
1.9945
2.0250
2.0364
2.0477
2.0627
2.0777
2.1159
2.1387
2.1653
2.2111
2.2760
2.3409
2.4135
2.4862
2.5849
2.6539
2.6959
2.7292
2.7446
2.7523
2.7561
2.7599
2.7585
2.7753
2.7855
2.8046
2.8095
2.8041
2.7997
2.7943
2.7993
2.7696
2.7127
2.6662
2.6545
2.6660
2.6659
2.6272
2.5808
2.5536
2.5315
2.4872
2.4495
2.4400
2.4630
2.4732
2.4485
2.4227
2.4187
2.4136
2.4136
2.4212
2.4212
2.4212
2.4212
2.4212
2.4122
2.4122
2.4122
2.4200
2.4239
2.4278
2.4278
2.4278
2.4317
2.4317
2.4436
2.4907
2.5926
2.7129
2.8361
2.9385
3.0474
3.1603
3.2801
3.4036
3.5177
3.6270
3.7642
