-5.585316257
-5.686211664
-5.812303607
-5.947970298
-6.117340727
-6.291604492
-6.382666909
-6.443252639
-6.476126455
-6.46493361
-6.431544355
-6.365718447
-6.256733848
-6.124351803
-5.985082498
-5.827522005
-5.700128614
-5.59613837
-5.484474871
-5.405636317
-5.360809032
-5.361639352
-5.39316763
-5.484764424
-5.590066061
-5.692551159
-5.78360411
-5.861293954
-5.922906562
-5.950065379
-5.982899109
-5.989805851
-5.979468362
-5.95610273
-5.942269489
-5.942269489
-5.940059544
-5.931332007
-5.918289739
-5.893349013
-5.868374831
-5.83904824
-5.797746846
-5.759164079
-5.736823734
-5.728157416
-5.770055403
-5.821187419
-5.847283041
-5.86519698
-5.875805553
-5.875805553
-5.888338162
-5.905213928
-5.905213928
-5.915822548
-5.960341513
-6.046399319
-6.115273608
-6.162946722
-6.235118344
-6.323120067
-6.426945983
-6.551599707
-6.693362298
-6.815145277
-6.917894775
-7.012355305
-7.122934461
-7.201728269
-7.297277352
-7.417343521
-7.53631855
-7.626786822
-7.718421167
-7.824905925
-7.904981522
-7.976515138
-8.037181991
-8.088028019
-8.092256019
-8.091143981
-8.10044568
-8.122518138
-8.145704901
-8.204753443
-8.324937506
-8.449274008
-8.59164172
-8.749788303
-8.882720685
-8.98842126
-9.083664273
-9.195556905
-9.284207489
-9.367659215
-9.447893585
-9.523945459
-9.580098113
-9.637421043
-9.707356501
-9.739853865
-9.775333513
-9.829765982
-9.912777563
-9.966542772
-10.03910759
-10.15562348
-10.27442508
-10.35563391
-10.43023975
-10.52576959
-10.6105946
-10.68820614
-10.74764201
-10.80479589
-10.84844092
-10.95176447
-11.07377401
-11.2068074
-11.33809354
-11.48225971
-11.62932221
-11.72040923
-11.81387928
-11.939317
-11.99504671
-11.91489916
-11.79227264
-11.74178317
-11.71512353
-11.7178612
-11.7738017
-11.6745791
-11.34453325
-11.02828595
-10.84518881
-10.7822504
-10.81242958
-10.92788199
-11.06450483
-11.20658291
-11.35166568
-11.47180315
-11.58021119
-11.65470067
-11.70038544
-11.75300205
-11.84056888
-11.92513944
-11.97619464
-12.02895278
-12.08973201
-12.16088829
-12.31700478
-12.48120669
-12.58983427
-12.67318253
-12.77889101
-12.9277973
-13.08268141
-13.22395834
-13.35076901
-13.45132803
-13.51786442
-13.55181951
-13.56484092
-13.59330592
-13.65944852
-13.75927611
-13.88873998
-14.05824132
-14.25463432
-14.43647766
-14.57935655
-14.67312884
-14.7385058
-14.8154504
-14.91680922
-15.03747139
-15.23795004
-15.49999224
-15.76223184
-15.9721883
-16.10404779
-16.18418957
-16.20091856
-16.2036468
-16.20503581
-16.22317758
-16.22999516
-16.23817403
-16.25631312
-16.2590388
-16.25664402
-16.26345485
-16.2972846
-16.321156
-16.33581739
-16.36179733
-16.41511416
-16.48658068
-16.57965305
-16.69362036
-16.82577125
-16.97987255
-17.08877869
-17.18226167
-17.27015986
-17.35246212
-17.43190666
-17.48478398
-17.53864461
-17.57436501
-17.59243062
-17.59753125
-17.60125062
-17.61240599
-17.64394642
-17.70237444
-17.77690382
-17.87166677
-17.94030836
-17.99780556
-18.06601582
-18.15968838
-18.25310035
-18.3354083
-18.41488992
-18.50253896
-18.57070745
-18.62218371
-18.66822855
-18.69914835
-18.72378571
-18.74338495
-18.76596144
-18.79352881
-18.84541527
-18.9081186
-18.95163248
-18.94859603
-18.97601882
-19.03180485
-19.11264642
-19.17743587
-19.23995137
-19.31677252
-19.389916
-19.45203897
-19.52698263
-19.60185217
-19.66653143
-19.71966609
-19.78861452
-19.85774959
-19.91480315
-19.94910323
-19.97788005
-19.99817132
-20.02364539
-20.04853204
-20.06330235
-20.07097974
-20.09914415
-20.15979518
-20.18240671
-20.20776334
-20.24723036
-20.31332945
-20.38271688
-20.47360412
-20.59016586
-20.72666068
-20.86629311
-21.00703241
-21.12327729
-21.20026753
-21.26308773
-21.29829165
-21.30274534
-21.29616394
-21.30999195
-21.33417297
-21.34897368
-21.36788492
-21.381647
-21.41608644
-21.45943295
-21.50135802
-21.55356741
-21.58707571
-21.63988371
-21.70361133
-21.75863738
-21.80042866
-21.85327956
-21.91471785
-21.97610005
-22.04696315
-22.13407889
-22.22582673
-22.31201558
-22.38691143
-22.44071333
-22.49360856
-22.55709664
-22.59839867
-22.60245241
-22.60420022
-22.5899072
-22.57695991
-22.54406561
-22.50456553
-22.4557815
-22.41360424
-22.39782408
-22.38070474
-22.34120435
-22.29439332
-22.25023199
-22.21474774
-22.19112408
-22.1595313
-22.12652933
-22.10135934
-22.08139382
-22.08116746
-22.09017601
-22.07670437
-22.04866618
-22.00974897
-21.96415159
-21.91467848
-21.82455496
-21.70510617
-21.57453562
-21.43261031
-21.30542349
-21.21214523
-21.15655834
-21.14116743
-21.149938
-21.17125347
-21.19379122
-21.20964215
-21.224189
-21.24313998
-21.27687092
-21.29674757
-21.31907774
-21.3550858
-21.3674693
-21.37984255
-21.38433037
-21.39297781
-21.3792287
-21.35288715
-21.34228633
-21.32729035
-21.27491156
-21.20473337
-21.12371118
-21.0271168
-20.95790689
-20.91097925
-20.88581489
-20.88944783
-20.88943719
-20.88700016
-20.89542347
-20.89903191
-20.8905602
-20.89232928
-20.90664835
-20.91358416
-20.89048403
-20.86421768
-20.83831008
-20.81158092
-20.76996246
-20.69394867
-20.6034897
-20.51501865
-20.3996946
-20.26155862
-20.08656248
-19.90164691
-19.69174928
-19.45569954
-19.20766041
-19.03212965
-18.94524326
-18.90469251
-18.90806163
-18.96341403
-19.1462641
-19.33559606
-19.48335834
-19.58347685
-19.66077853
-19.704422
-19.74288749
-19.79958339
-19.86633411
-19.92288177
-19.95513773
-19.9658692
-19.94362578
-19.93322689
-19.93892612
-19.94041522
-19.90162281
-19.85167422
-19.78748043
-19.73974395
-19.66629624
-19.57934771
-19.47582926
-19.38841403
-19.29095864
-19.19234704
-19.11279199
-19.02803546
-18.96250075
-18.94299764
-18.91049788
-18.85851355
-18.77846752
-18.70494281
-18.61065191
-18.45863486
-18.25361589
-18.01217089
-17.77202459
-17.52910053
-17.25944708
-16.97970682
-16.71987763
-16.50963302
-16.38770343
-16.34256235
-16.34492732
-16.37919049
-16.45811021
-16.53496342
-16.55334551
-16.56150937
-16.56507777
-16.57221367
-16.62069159
-16.69061515
-16.784793
-16.87634181
-16.95807814
-17.0732865
-17.20399513
-17.31212101
-17.41654532
-17.52715681
-17.64190307
-17.70656963
-17.73809195
-17.77393062
-17.81441845
-17.85564996
-17.93673921
-18.03465114
-18.1461894
-18.30074827
-18.49572802
-18.71382365
-18.95687493
-19.20896205
-19.4337207
-19.64749385
-19.86260208
-20.09209613
-20.31242133
-20.48330022
-20.55242781
-20.46769207
-20.29748246
-20.1279881
-19.93181888
-19.74715188
-19.53732556
-19.2969442
-19.05835621
-18.86550835
-18.7182061
-18.63523472
-18.61051594
-18.61786781
-18.61254815
-18.58690145
-18.52232612
-18.42337534
-18.33648122
-18.20693819
-18.06756327
-17.92821114
-17.798178
-17.65613386
-17.52031929
-17.42341963
-17.35904042
-17.30848133
-17.31589494
-17.31689808
-17.25839746
-17.13642961
-17.0056282
-16.82108175
-16.52407206
-16.18895293
-15.90520143
-15.67990698
-15.54691249
-15.52524495
-15.5461619
-15.55612326
-15.56208126
-15.57597011
-15.59676851
-15.62838105
-15.67334476
-15.70666229
-15.73892895
-15.74795095
-15.74268913
-15.72131253
-15.71013524
-15.67094562
-15.63871158
-15.59909047
-15.55322992
-15.48487724
-15.39110623
-15.25654545
-15.0993632
-14.92700806
-14.71504173
-14.47991523
-14.24692804
-14.03178276
-13.87011028
-13.7614493
-13.73252283
-13.74100606
-13.76012079
-13.75963788
-13.74757534
-13.74380471
-13.75366285
-13.74894699
-13.75611987
-13.77694537
-13.80949554
-13.84381694
-13.8490702
-13.82968295
-13.80643162
-13.78127319
-13.77089949
-13.77532864
-13.77738501
-13.74190273
-13.72241807
-13.70750327
-13.62318334
-13.43255822
-13.19811787
-12.96409288
-12.72733606
-12.49630375
-12.27300874
-12.03253964
-11.78639208
-11.55671787
-11.34828695
-11.17885685
-11.1139742
-11.13257725
-11.14505597
-11.13283114
-11.12060755
-11.10227448
-11.07172558
-11.01065104
-10.91299634
-10.79103975
-10.64485592
-10.46237804
-10.24377335
-10.01577086
-9.770869906
-9.527859413
-9.264188214
-8.994916244
-8.783221982
-8.611595369
-8.47828416
-8.380965662
-8.321733805
-8.311952804
-8.311952804
-8.311952804
-8.311952804
-8.294023563
-8.246226127
-8.181053709
-8.14142312
-8.12193219
-8.069375068
-7.998640282
-7.913856274
-7.806860432
-7.690374244
-7.575667362
-7.453006325
-7.339461079
-7.239753229
-7.161507845
-7.074555124
-6.973832846
-6.895242239
-6.850555287
-6.816400606
-6.77710915
-6.726258998
-6.636134268
-6.504942089
-6.377478026
-6.242346882
-6.070113727
-5.884325298
-5.708889524
-5.556241807
-5.40662767
-5.274390866
-5.189579719
-5.147541475
-5.116473957
-5.100999141
-5.0915985
-5.059025419
-4.970125744
-4.85936304
-4.723295515
-4.555400244
-4.397314305
-4.27760809
-4.137752696
-3.963078913
-3.775246214
-3.555072478
-3.297695118
-3.064713754
-2.854389409
-2.669160947
-2.544911436
-2.464815376
-2.38976125
-2.287316853
-2.246310041
-2.230860471
-2.213082949
-2.213082949
-2.213082949
-2.193609691
-2.12946852
-2.034415351
-1.914158852
-1.788186695
-1.63231818
-1.473805784
-1.331577338
-1.189426735
-1.043280136
-0.890629079
-0.771344861
-0.677266009
-0.597669163
-0.523109872
-0.428082278
-0.344354208
-0.22001882
-0.055997001
0.133246957
0.317806718
0.473065896
0.609045397
0.696386249
0.726765882
0.731964889
0.736589391
0.760760093
0.822553224
0.883084778
0.912537289
0.932217518
0.938548699
0.952918017
0.974450377
1.01967299
1.099783112
1.214216539
1.356552645
1.521566137
1.680731877
1.838755381
1.986146325
2.116132784
2.215933306
2.311480022
2.387977891
2.453056157
2.527340057
2.559605357
2.577055712
2.61612329
2.660736072
2.695581395
2.77663131
2.928734228
3.096194211
3.255982385
3.407248735
3.528410053
3.590637957
3.619747327
3.635815001
3.647106289
3.672167521
3.710048857
3.774233633
3.844922105
3.920161612
3.996608345
4.073808134
4.128121393
4.190995836
4.283673913
4.431381621
4.611516575
4.777744008
4.902264598
4.955397045
4.977106631
4.985651303
5.022584282
5.05518554
5.124818506
5.229414081
5.328380852
5.405930628
5.459198336
5.504498869
5.545262172
5.597313171
5.675547199
5.765206608
5.848953074
5.932659186
5.995928807
6.038337252
6.075939036
6.108290539
6.135238479
6.171483412
6.217026464
6.267074141
6.32539916
6.403665527
6.521375285
6.686868255
6.849728416
6.985554947
7.115977087
7.241829846
7.328628322
7.386272009
7.432389638
7.460068514
7.471030267
7.499741584
7.556373696
7.599264202
7.653116621
7.741449807
7.836822074
7.907725388
7.99721944
8.14080028
8.279170236
8.409282255
8.538871707
8.677342921
8.810254025
8.904138021
8.958525297
8.986720402
9.009979032
9.041347692
9.099624217
9.191814525
9.298092093
9.389291421
9.477038632
9.560617427
9.640363136
9.697365675
9.729424971
9.753203192
9.779393188
9.798010221
9.80249375
9.80249375
9.80249375
9.816631234
9.830770535
9.841108722
9.842817199
9.853836836
9.901765674
9.973853691
10.06495977
10.15294773
10.25546013
10.35832926
10.44865974
10.53929843
10.6444303
10.74502253
10.81203804
10.8674613
10.92005437
10.93972364
10.94877724
10.97594744
11.01250655
11.05939482
11.11691977
11.17629616
11.23264826
11.27989611
11.31316011
11.3367252
11.34421778
11.36929416
11.41683764
11.45504092
11.46927135
11.47441247
11.48439642
11.51859654
11.57335526
11.68477962
11.8170731
11.94167546
12.06763829
12.18839788
12.27517355
12.32287582
12.35759092
12.3852866
12.38958725
12.3890443
12.39763498
12.41080411
12.41537953
12.41537953
12.41052075
12.4008033
12.39135757
12.39217229
12.3918763
12.39698175
12.3972297
12.40719298
12.42684714
12.43707992
12.4424557
12.47474899
12.52644316
12.5892146
12.67087662
12.72960824
12.77889799
12.82463043
12.88310113
12.9374879
12.98701603
13.03603379
13.05184156
13.02783066
13.0135268
13.00407623
12.99922342
12.98007189
12.95581663
12.92773909
12.89533911
12.87265177
12.85456415
12.80793781
12.76539209
12.72180012
12.69327076
12.64537683
12.54961831
12.41974366
12.30955495
12.22360179
12.21080415
12.24637358
12.29273762
12.32059774
12.31975392
12.26896095
12.19011169
12.12976947
12.11403314
12.10313629
12.05768313
12.03573039
12.0511145
12.06557851
12.08397687
12.11201093
12.14122751
12.16504946
12.1939899
12.23199834
12.26152405
12.28737937
12.29850409
12.33312803
12.38107041
12.41994237
12.46789532
12.50789787
12.55245294
12.61061314
12.67787022
12.74513929
12.8038567
12.85747241
12.91162159
12.9797013
13.0526028
13.1255012
13.1839208
13.24664845
13.31877787
13.37669112
13.39680608
13.41184215
13.41195566
13.38396044
13.32615634
13.26381973
13.1818283
13.0854316
12.97521191
12.85473265
12.73673961
12.61375094
12.51919265
12.46558793
12.38870452
12.31616583
12.26177391
12.22648129
12.21121969
12.20613178
12.19934764
12.15414669
12.08012283
11.99118965
11.89264416
11.76126747
11.62347094
11.4698196
11.31244561
11.17738772
11.0707527
10.96405983
10.85797983
10.73667551
10.62191935
10.49749857
10.38336698
10.26689923
10.14544678
10.0282715
9.935131597
9.83577251
9.715724234
9.622824965
9.558516232
9.48889795
9.426424916
9.385325462
9.374218952
9.363542693
9.359327815
9.383131576
9.400916385
9.380613607
9.351719996
9.311022014
9.26505855
9.220398588
9.169592411
9.107801544
9.037236891
8.962282833
8.891406787
8.789668972
8.673780518
8.555209432
8.419099882
8.261942486
8.102812811
7.97810998
7.8634279
7.769967933
7.697792243
7.6445027
7.627165359
7.600443071
7.589751691
7.589751691
7.593270473
7.556351557
7.515504072
7.468371895
7.394434621
7.296960528
7.225203141
7.166154485
7.090940064
6.997969422
6.933388564
6.8579802
6.777109004
6.702662375
6.649214294
6.562740497
6.460498699
6.342444182
6.217479446
6.041741697
5.835243284
5.637797382
5.421430448
5.183869178
4.951114726
4.722710003
4.49996935
4.274041734
4.103908798
3.987720462
3.930020492
3.927269631
3.962328146
4.014121544
4.05598132
4.076234008
4.07335529
4.058670407
4.039767065
4.015469767
3.971439948
3.901610463
3.817132999
3.732683022
3.635198149
3.526353222
3.425833247
3.327493106
3.206475386
3.118245829
3.046053146
2.989926388
2.930669677
2.886983487
2.825877374
2.747851966
2.664132253
2.585235963
2.466763401
2.319870113
2.177455305
2.014446024
1.849825987
1.696296182
1.536812185
1.369753048
1.197453957
1.044235325
0.918070574
0.781444853
0.675659473
0.61523281
0.586229902
0.569341643
0.562531252
0.562531252
0.561701215
0.561701215
0.555942298
0.550183033
0.536392724
0.478767303
0.413918127
0.344687293
0.25807855
0.177173365
0.10198631
0.007660513
-0.099074859
-0.193430429
-0.265041749
-0.342296862
-0.40624888
-0.481882495
-0.583888972
-0.699528103
-0.807117713
-0.892006359
-0.977877668
-1.056859907
-1.117211751
-1.181235353
-1.213268726
-1.220034358
-1.234716297
-1.261358748
-1.298389266
-1.31668746
-1.334986776
-1.37178756
-1.403625224
-1.433903744
-1.460162264
-1.505435444
-1.592870602
-1.708086438
-1.861157068
-2.056506159
-2.283577028
-2.548406255
-2.866906383
-3.180214605
-3.502706868
-3.812660282
-4.067289692
-4.266751443
-4.439718406
-4.583929959
-4.65227142
-4.688812624
-4.714127574
-4.726269933
-4.728341535
-4.73248427
-4.759328071
-4.781374889
-4.820999289
-4.866142713
-4.92929338
-4.974450434
-4.996328368
-5.012797939
-5.031440295
-5.063118508
-5.105993246
-5.171482139
-5.229319129
-5.300110252
-5.359708126
-5.395397045
-5.433017082
-5.451598557
-5.457723241
-5.476099331
-5.529792758
-5.56615454
-5.586859636
-5.61074469
-5.623424263
-5.632929748
-5.650474253
-5.725385528
-5.827922672
-5.983017493
-6.206780944
-6.480759572
-6.74265649
-7.000154465
-7.244722574
-7.496715005
-7.741178959
-7.952882045
-8.118583577
-8.217022309
-8.250244576
-8.262276381
-8.26571308
-8.266858548
-8.266858548
-8.270294656
-8.270858057
-8.256472643
-8.251781525
-8.271690376
-8.290423564
-8.281197378
-8.269626665
-8.269407418
-8.259563315
-8.172342489
-8.063599097
-7.971482347
-7.863707748
-7.613640005
-7.269826233
-6.933448082
-6.666732826
-6.455484779
-6.310891637
-6.244328044
-6.20889163
-6.216879972
-6.250263605
-6.222232229
-6.15154181
-6.108417151
-6.110382988
-6.093105178
-6.059355082
-6.015673103
-5.950326885
-5.914071945
-5.927538694
-5.97529831
-6.058350397
-6.068207439
-6.0442444
-5.986306357
-5.954394901
-5.970707745
-6.029167387
-6.134123241
-6.267876349
-6.402072404
-6.447101187
-6.409162303
-6.368808844
-6.359182301
-6.404499125
-6.529801053
-6.68638391
-6.860757747
-7.017497452
-7.132336875
-7.178112103
-7.18455531
-7.202941904
-7.225535949
-7.217186404
-7.19610649
-7.155830231
-7.05167608
-6.901220623
-6.709330045
-6.409110191
-6.060142926
-5.715124032
-5.368640542
-5.072524157
-4.946105617
-4.908891217
-4.899021663
-4.97682647
-5.047167925
-5.110982966
-5.182636514
-5.30002961
-5.422096606
-5.552490238
-5.673824018
-5.79048996
-5.881003114
-5.959186125
-6.011137721
-6.042964015
-6.038290143
-5.96446468
-5.864994076
-5.742219708
-5.630281197
-5.548019158
-5.45982493
-5.336589421
-5.176910032
-5.049940244
-4.992299618
-4.981607597
-5.012668139
-5.02733702
-5.033688119
-5.031655946
-5.021244389
-5.038577965
-5.087420365
-5.130175334
-5.172946976
-5.234158433
-5.287392102
-5.318971548
-5.349572859
-5.382504008
-5.42776404
-5.470720201
-5.532081012
-5.60052833
-5.690650745
-5.799615474
-5.9281699
-6.04225566
-6.124331407
-6.21778529
-6.327761585
-6.45767894
-6.568154205
-6.676456416
-6.783839741
-6.88538698
-6.958111978
-6.996757984
-7.028153603
-7.081517621
-7.13591973
-7.203840459
-7.292480577
-7.367595988
-7.411462068
-7.484387093
-7.57707009
-7.671865691
-7.766753909
-7.882544945
-7.992137215
-8.074743448
-8.158392566
-8.26184655
-8.372680374
-8.492903692
-8.62679432
-8.766671593
-8.873374226
-8.961473706
-9.049638141
-9.150476982
-9.259629614
-9.400133365
-9.561571695
-9.729422127
-9.8828511
-10.01552956
-10.11996817
-10.23513813
-10.362529
-10.42442599
-10.43713264
-10.45391064
-10.48124387
-10.52594786
-10.57059687
-10.60823548
-10.60364256
-10.55110726
-10.51761602
-10.51761602
-10.51761602
-10.50950468
-10.51408294
-10.53311864
-10.53592352
-10.54329284
-10.59177608
-10.6576215
-10.70953302
-10.75510575
-10.81285134
-10.85501329
-10.91919968
-11.00191762
-11.08177839
-11.155279
-11.2496037
-11.37395648
-11.49709376
-11.61572392
-11.75281484
-11.91270441
-12.06724003
-12.24147442
-12.41568702
-12.571796
-12.66911308
-12.75026305
-12.81697744
-12.84781934
-12.86080006
-12.87529687
-12.90034552
-12.9434416
-12.9815205
-13.0271968
-13.07697441
-13.09735047
-13.10331758
-13.13079053
-13.18895018
-13.24314034
-13.28565593
-13.32040058
-13.35125389
-13.39869747
-13.45994296
-13.51596657
-13.55791185
-13.57439303
-13.58067308
-13.63787444
-13.71414553
-13.78504296
-13.84584332
-13.9168887
-13.95740253
-13.99776444
-14.06853631
-14.14702986
-14.21656171
-14.28463952
-14.38475172
-14.50768031
-14.65357104
-14.78522858
-14.8809764
-14.94610321
-15.01620232
-15.10130411
-15.17881172
-15.21734681
-15.24231252
-15.2598131
-15.27482005
-15.30479798
-15.3522237
-15.40583123
-15.4494353
-15.50172742
-15.57634
-15.63454
-15.65482867
-15.68830398
-15.71554722
-15.75264619
-15.79564744
-15.82826595
-15.85322908
-15.88113682
-15.92313537
-15.97741134
-16.03782402
-16.11412993
-16.19892815
-16.28852094
-16.39018802
-16.46467068
-16.52313659
-16.58657502
-16.62315063
-16.64994068
-16.67058459
-16.70974881
-16.75710106
-16.77672222
-16.82164963
-16.87169793
-16.92782834
-16.97310434
-17.01114765
-17.04527714
-17.07454096
-17.08517902
-17.09581239
-17.12005555
-17.11282638
-17.12778513
-17.18010125
-17.24890574
-17.27690825
-17.29494951
-17.32537646
-17.39177599
-17.48980967
-17.58096877
-17.65230702
-17.69138203
-17.71947232
-17.73877811
-17.74836951
-17.76398258
-17.77491911
-17.78420394
-17.7678261
-17.73587477
-17.72242714
-17.71559997
-17.68741941
-17.66438051
-17.68471161
-17.68939796
-17.67275392
-17.6347952
-17.58726167
-17.52967761
-17.49384089
-17.42456372
-17.36438782
-17.28602341
-17.19663548
-17.10837679
-17.03293965
-16.9627083
-16.90413074
-16.84317675
-16.78746271
-16.75068936
-16.72561144
-16.71686005
-16.70810306
-16.70858051
-16.7298382
-16.74860939
-16.77031159
-16.79014156
-16.84307937
-16.90693363
-16.93634552
-16.91632615
-16.86721872
-16.77132659
-16.68573487
-16.62625217
-16.57525884
-16.51427761
-16.47682994
-16.42352012
-16.35271716
-16.25634845
-16.08715869
-15.83445619
-15.53074376
-15.19798315
-14.87622874
-14.60885193
-14.43848403
-14.38271102
-14.43218402
-14.5919629
-14.78018393
-14.98429021
-15.20856029
-15.43209163
-15.64810241
-15.86527715
-16.03831409
-16.13689144
-16.22879438
-16.33196376
-16.44598979
-16.53624234
-16.56692502
-16.62785628
-16.68507054
-16.71416452
-16.75544161
-16.75648615
-16.68426398
-16.56235081
-16.45594182
-16.34119967
-16.20951978
-16.05351214
-15.86515439
-15.62840736
-15.39400339
-15.18771777
-14.9752018
-14.80797654
-14.74568109
-14.80943269
-14.9068769
-15.01379663
-15.12044913
-15.19593662
-15.27233646
-15.36180478
-15.44481161
-15.48332401
-15.47944986
-15.429725
-15.36409378
-15.27598473
-15.17414444
-15.0817801
-15.01040711
-14.93680876
-14.85819301
-14.80216266
-14.75699034
-14.69409441
-14.62091332
-14.54810151
-14.45228305
-14.30766039
-14.17538953
-14.03570806
-13.89583071
-13.76769025
-13.68021717
-13.62102415
-13.56229596
-13.49887897
-13.43905891
-13.37356332
-13.3265999
-13.28221382
-13.248132
-13.200131
-13.14696607
-13.07686806
-12.95172413
-12.80503563
-12.64715063
-12.4884081
-12.29759561
-12.07661215
-11.86202569
-11.68566049
-11.52909904
-11.39954727
-11.32611613
-11.3200131
-11.3200131
-11.32194079
-11.32483177
-11.32579528
-11.31358801
-11.29495032
-11.23228855
-11.10465746
-10.95916348
-10.80281414
-10.64460432
-10.49728712
-10.33426698
-10.18965768
-10.09271912
-10.0261202
-9.965608647
-9.943709184
-9.943709184
-9.937660537
-9.919516478
-9.885528689
-9.834233175
-9.751241475
-9.638047781
-9.538457234
-9.444935376
-9.335609654
-9.221839556
-9.099010669
-8.932533657
-8.746491733
-8.56212189
-8.393654941
-8.242734657
-8.107719191
-7.992876508
-7.880216548
-7.736422481
-7.606283878
-7.524349182
-7.480852192
-7.465068352
-7.461209354
-7.462053037
-7.450128099
-7.411679903
-7.361726932
-7.297232488
-7.197394642
-7.075267612
-6.987337797
-6.916437863
-6.85517991
-6.804968403
-6.763127257
-6.70071483
-6.629036825
-6.544217444
-6.433309657
-6.325494977
-6.192798441
-6.041926425
-5.869261981
-5.682707398
-5.54037662
-5.438363741
-5.404324912
-5.395208304
-5.395208304
-5.389290521
-5.363588008
-5.307039078
-5.231856563
-5.138923382
-5.051896451
-4.965624153
-4.876676052
-4.785625219
-4.689413086
-4.580639113
-4.44988407
-4.301417439
-4.147044733
-4.030153936
-3.907362825
-3.764692845
-3.631930781
-3.514954067
-3.378073082
-3.205459608
-3.032089498
-2.872036455
-2.729517328
-2.590748071
-2.519299069
-2.485978051
-2.481855649
-2.481855649
-2.474635715
-2.463984273
-2.458146304
-2.420357801
-2.356461102
-2.289138913
-2.208105141
-2.091386718
-1.956127968
-1.776236658
-1.587698611
-1.443181406
-1.328587629
-1.22846398
-1.126749531
-1.050504182
-0.948558903
-0.821870898
-0.708749956
-0.555794382
-0.361447265
-0.152698051
0.03940996
0.232609072
0.419918171
0.537630049
0.615104723
0.677168607
0.73512416
0.793660704
0.874131689
0.973002288
1.067574717
1.137362355
1.189464513
1.238722214
1.264293877
1.27201834
1.277370378
1.293244893
1.339705706
1.38413752
1.469275602
1.583187302
1.717719228
1.883354621
2.108822118
2.368381295
2.659057122
2.977812297
3.285370966
3.562679434
3.796219394
3.965167049
4.051451187
4.088690504
4.10612001
4.119205956
4.142531037
4.174030424
4.195296174
4.211704415
4.266580998
4.376682319
4.568400274
4.823937223
5.086676806
5.335323043
5.527449799
5.680626442
5.821171559
5.938205667
6.027068921
6.119313133
6.213517065
6.282456563
6.32428322
6.355041893
6.386017831
6.395716019
6.395716019
6.395716019
6.396186278
6.402446033
6.409645888
6.436238177
6.488554896
6.568131
6.65782812
6.772317853
6.920481261
7.072568498
7.228148409
7.416927747
7.580487513
7.718737944
7.851706721
7.965153873
8.068417624
8.171272455
8.281796576
8.368832347
8.42297577
8.441662939
8.44611999
8.461168698
8.475765136
8.499281832
8.527671298
8.569460462
8.624273565
8.692554761
8.761310067
8.845174399
8.957255275
9.056261055
9.139704477
9.207909135
9.257652165
9.270712324
9.261273598
9.2604782
9.254384626
9.227013352
9.180114256
9.118654522
9.042285837
9.000229424
8.97536059
8.956641827
8.946889583
8.946484571
8.946484571
8.932256216
8.918831723
8.920863639
8.913139889
8.896075891
8.885125662
8.890014281
8.861670775
8.852411904
8.901104813
8.990303454
9.080684746
9.19974657
9.284373866
9.345490893
9.369428363
9.352149697
9.337240337
9.318650999
9.318650999
9.332405009
9.313064484
9.273187683
9.227654443
9.167581136
9.10431334
9.037054146
8.954455067
8.871791881
8.821749609
8.776126606
8.736156023
8.686920739
8.596242846
8.434307621
8.300219302
8.197006988
8.107899263
8.008363868
7.92338802
7.830906658
7.701397011
7.54426795
7.374519834
7.193205911
7.045305986
6.942775212
6.838198752
6.692883215
6.540763822
6.401453173
6.252303868
6.075061313
5.920336222
5.796846992
5.716375927
5.660711032
5.612102976
5.525385583
5.388225146
5.202276628
5.031826215
4.854250597
4.674567785
4.49351886
4.33341451
4.143938804
3.928091177
3.714468979
3.500101239
3.302772902
3.149050255
3.035342862
2.945758106
2.848666914
2.730798405
2.588595558
2.416016995
2.240601106
2.040830405
1.838733899
1.634342146
1.429834889
1.208410369
1.007463195
0.825500974
0.67944159
0.549882877
0.461851824
0.391662397
0.317257933
0.229012111
0.14150196
0.043484053
-0.061739279
-0.189763204
-0.319597588
-0.482722419
-0.650944619
-0.827547562
-1.023039058
-1.228545174
-1.441140283
-1.651793511
-1.880096447
-2.121319208
-2.379515416
-2.650853328
-2.928727185
-3.188987114
-3.427553923
-3.650130332
-3.842980734
-4.001037234
-4.135869092
-4.241512921
-4.347264223
-4.470776854
-4.608442145
-4.720452742
-4.829715459
-4.968674351
-5.12198694
-5.254488541
-5.365281963
-5.459398857
-5.543963046
-5.628558359
-5.731143703
-5.816999419
-5.878019173
-5.943128321
-5.99722827
-6.02148496
-6.030829782
-6.064253172
-6.082721793
-6.091166412
-6.09749808
-6.103828204
-6.112265966
-6.122809295
-6.14461414
-6.176771177
-6.200985599
-6.226228107
-6.321592872
-6.460973415
-6.638457776
-6.845307172
-7.073717553
-7.279523532
-7.476253951
-7.658715145
-7.792686846
-7.835902791
-7.810337466
-7.748306592
-7.664729819
-7.584222201
-7.555732302
-7.556824016
-7.53650403
-7.455476766
-7.322653994
-7.1035113
-6.835335509
-6.643685914
-6.452897617
-6.235759095
-6.075192852
-6.03492128
-6.111727464
-6.27699112
-6.588559156
-6.975795074
-7.383701044
-7.717842366
-7.865481715
-7.816087905
-7.58460736
-7.272689571
-6.97339297
-6.804796095
-6.743979652
-6.712160571
-6.632604762
-6.519817476
-6.388109007
-6.230434571
-6.110412957
-6.071288266
-6.159623183
-6.362232554
-6.633293522
-6.867867706
-6.996304873
-7.044764938
-7.015130735
-6.941741295
-6.817634134
-6.583490264
-6.165995511
-5.645539277
-5.094531427
-4.566147897
-4.11883199
-3.791838607
-3.628844576
-3.619102958
-3.698147025
-3.845680229
-3.979660856
-4.095697995
-4.189689421
-4.269290587
-4.373777511
-4.477343443
-4.581892485
-4.653297432
-4.717070863
-4.759995531
-4.799969871
-4.85583579
-4.899206279
-4.94242532
-4.959740321
-4.966334033
-4.998655101
-5.026895135
-5.037878145
-5.037878145
-5.049808009
-5.103801806
-5.196068056
-5.316283939
-5.462552119
-5.664971423
-5.873359621
-6.071712431
-6.239992311
-6.386253928
-6.54654685
-6.688718943
-6.82482619
-6.982830689
-7.128684207
-7.260463058
-7.367198985
-7.425869359
-7.453728228
-7.520636045
-7.618048955
-7.719058783
-7.834573468
-7.941929116
-8.029033149
-8.084762121
-8.153614814
-8.200464455
-8.252290146
-8.332147539
-8.435077354
-8.535894664
-8.685719539
-8.894545362
-9.146376951
-9.377848163
-9.579055055
-9.791390658
-9.997249542
-10.10711578
-10.17557455
-10.20301966
-10.21628657
-10.2223364
-10.22838602
-10.2382564
-10.24271262
-10.26308671
-10.31353385
-10.37945325
-10.418588
-10.47677908
-10.53510527
-10.56769203
-10.60194164
-10.66726376
-10.72526602
-10.80501528
-10.91940467
-11.037101
-11.13713122
-11.21210873
-11.28572743
-11.36004441
-11.44803686
-11.55448026
-11.61174389
-11.646004
-11.67084671
-11.68289874
-11.68627887
-11.68740545
-11.68740545
-11.69117778
-11.69343096
-11.70210142
-11.70210142
-11.70812617
-11.71753025
-11.74539536
-11.80518679
-11.87178521
-11.93645613
-12.01592726
-12.09292798
-12.15374059
-12.19726055
-12.24152369
-12.2715248
-12.28201935
-12.28426656
-12.28914183
-12.29401679
-12.30713652
-12.31499921
-12.34123253
-12.3730716
-12.40714339
-12.44943472
-12.49186713
-12.53226968
-12.56068833
-12.57377636
-12.57489486
-12.57489486
-12.57976057
-12.58311575
-12.58471658
-12.59979096
-12.63304756
-12.66701204
-12.70957063
-12.75362719
-12.78269096
-12.80550078
-12.8506264
-12.91666222
-12.9762901
-13.03548185
-13.09726192
-13.15638334
-13.22070957
-13.28166693
-13.32587331
-13.35538388
-13.39927163
-13.43989636
-13.47505182
-13.50084997
-13.49954038
-13.50258836
-13.52257771
-13.55943797
-13.59408609
-13.61327836
-13.61002493
-13.5894205
-13.576541
-13.57510326
-13.55860029
-13.48840275
-13.39394562
-13.28705826
-13.15854576
-13.00676094
-12.87875825
-12.7997393
-12.76267386
-12.71476654
-12.66902038
-12.6245904
-12.60600168
-12.58838931
-12.57595045
-12.55520091
-12.48557716
-12.3784909
-12.2512367
-12.08213028
-11.86332922
-11.63870124
-11.42162052
-11.16856823
-10.91746839
-10.72671535
-10.54840296
-10.40123221
-10.3025018
-10.25362905
-10.21602539
-10.19162023
-10.14413888
-10.07602169
-9.980560494
-9.851577442
-9.680511054
-9.477398129
-9.282534741
-9.100465768
-8.917698611
-8.691936766
-8.459522813
-8.163438081
-7.795864547
-7.409912058
-7.056235088
-6.768843904
-6.540064255
-6.338324897
-6.187847086
-6.112274571
-6.109738941
-6.109738941
-6.116228506
-6.121872568
-6.125520404
-6.113623282
-6.073985481
-6.000697049
-5.918044688
-5.803725595
-5.642301493
-5.418838826
-5.18469943
-4.908371507
-4.632316788
-4.376334432
-4.149972992
-3.93916732
-3.802413108
-3.745931277
-3.71846837
-3.69686238
-3.692816667
-3.668906554
-3.61684237
-3.532254151
-3.444370864
-3.32301844
-3.174192122
-3.002339352
-2.794490206
-2.541785845
-2.295302692
-2.081140952
-1.894888272
-1.733458046
-1.636354519
-1.581226029
-1.535350454
-1.492965087
-1.475789456
-1.462140937
-1.444916731
-1.42504945
-1.410658242
-1.395527941
-1.381099607
-1.355671142
-1.33239756
-1.306518443
-1.297104603
-1.250997906
-1.191918382
-1.096607546
-1.016825913
-0.953579421
-0.890515009
-0.799854915
-0.707653695
-0.644244083
-0.574685076
-0.462411773
-0.308389315
-0.13137838
0.086447215
0.352107413
0.648869778
0.984842977
1.350230503
1.726939525
2.080662236
2.422527944
2.736203607
2.974178454
3.121192827
3.16626977
3.138525462
3.04679461
3.001619587
2.975200806
2.962102783
2.962102783
2.962102783
2.947722373
2.947722373
2.947722373
2.934039168
2.923899386
2.923899386
2.923899386
2.923899386
2.914349139
2.914349139
2.904799133
2.904799133
2.904799133
2.904799133
2.904799133
2.904799133
2.904799133
2.904799133
2.904799133
2.904799133
2.904799133
2.904799133
2.904799133
2.904799133
2.89937986
2.89937986
2.89937986
2.89937986
2.894550897
2.884302111
2.884302111
2.884302111
2.873461304
2.850715971
2.853085812
2.856641584
2.851840919
2.846943287
2.852885371
2.854607667
2.868799125
2.877680005
2.876438504
2.888249286
2.899464167
2.915393188
2.925417425
2.931322091
2.933107184
2.941392119
2.965008071
2.989811947
3.003451696
3.028164582
3.090064125
3.141389419
3.192149732
3.234520439
3.280467689
3.308486062
3.344890341
3.347084787
3.321517158
3.295453128
3.280063459
3.262874827
3.244483261
3.237408083
3.225590869
3.196505973
3.135651528
3.105020053
3.103946901
3.109455042
3.116148223
3.132810406
3.155363133
3.186305533
3.227233176
3.30394741
3.378833463
3.4243281
3.451457879
3.469005395
3.474325571
3.474325571
3.478407799
3.500044447
3.532936419
3.561744711
3.589931446
3.616895069
3.647958239
3.686175523
3.741987805
3.793695389
3.834313857
3.90194944
4.018378043
4.163750188
4.303928728
4.4140922
4.523088844
4.606123303
4.677384147
4.732748659
4.758071607
4.758650692
4.753375545
4.737548094
4.726994784
4.726994784
4.747686657
4.746548596
4.731294084
4.723059272
4.71073393
4.699021472
4.725603847
4.789894356
4.861779857
4.941361148
5.019250007
5.066391086
5.074758013
5.067859608
5.068259912
5.066551279
5.093937734
5.068955228
4.981188914
4.838517418
4.666775676
4.461135318
4.235120489
3.991713974
3.751579219
3.523496467
3.33172814
3.120689008
2.905712168
2.734309578
2.597201481
2.498568617
2.439070723
2.384111566
2.335128618
2.319455212
2.319455212
2.318074591
2.293579861
2.288162895
2.288162895
2.271909993
2.246142603
2.20819868
2.170238386
2.110553421
2.03453228
1.920377813
1.774815187
1.602463744
1.384602414
1.130651388
0.846607667
0.54269288
0.240598662
-0.075948788
-0.346267053
-0.55644002
-0.723908172
-0.818939743
-0.841313982
-0.842944078
-0.83734958
-0.83734958
-0.83734958
-0.83734958
-0.83734958
-0.848538908
-0.859729562
-0.895772947
-0.926222706
-0.941448409
-0.958246411
-1.008658314
-1.070309322
-1.160055096
-1.281167581
-1.438645431
-1.602021169
-1.782620621
-2.008846898
-2.249955616
-2.430030228
-2.571641424
-2.679888161
-2.759724345
-2.823390681
-2.863359969
-2.897632218
-2.914772793
-2.949062844
-3.017678544
-3.080617957
-3.15679061
-3.2559647
-3.372948739
-3.487822009
-3.602826889
-3.73041207
-3.838140404
-3.930451299
-4.01988591
-4.112370232
-4.162615691
-4.194309073
-4.240439579
-4.274140988
-4.290471545
-4.315450721
-4.343394694
-4.356897237
-4.377086612
-4.415583241
-4.4523359
-4.447899659
-4.440190686
-4.458181999
-4.469714351
-4.485164629
-4.49871342
-4.50548892
-4.517135135
-4.534606922
-4.569559368
-4.592867572
-4.598695444
-4.610352174
-4.646288716
-4.699740475
-4.763743771
-4.860650289
-4.989171277
-5.089349825
-5.174836718
-5.288230472
-5.40078674
-5.536238207
-5.724413463
-5.931798457
-6.061355845
-6.156406554
-6.170260882
-6.122719596
-6.066253224
-6.05445998
-6.060490183
-6.070536824
-6.077641577
-6.07786618
-6.053222419
-6.059333473
-6.089266093
-6.115150328
-6.09583644
-6.036046389
-5.931273758
-5.787888164
-5.663720197
-5.56738725
-5.490533719
-5.494339843
-5.584838971
-5.711313282
-5.865635961
-6.011091999
-6.146484275
-6.212693702
-6.203657627
-6.181370814
-6.169730662
-6.15847363
-6.165122809
-6.176999321
-4.817984853
