-9.766250061
-9.822800345
-9.882828459
-9.901942868
-9.869010835
-9.826400005
-9.783244053
-9.7704079
-9.785804877
-9.817874246
-9.814696428
-9.807080039
-9.797995207
-9.792438512
-9.770212992
-9.729839641
-9.671335479
-9.623951102
-9.603788928
-9.597734033
-9.582618867
-9.554925956
-9.523720434
-9.502074107
-9.484440786
-9.431604291
-9.309423436
-9.118126546
-8.912626937
-8.74392998
-8.657251974
-8.617957706
-8.619589002
-8.597705824
-8.506955673
-8.378356605
-8.25891658
-8.184835443
-8.166693469
-8.143596762
-8.086449899
-7.95384612
-7.720419605
-7.370634147
-7.001417419
-6.66459471
-6.447702575
-6.341855207
-6.33859357
-6.41048082
-6.426760519
-6.416064815
-6.362395499
-6.330158133
-6.296078936
-6.274629338
-6.256843285
-6.238970134
-6.235567671
-6.235801055
-6.234181416
-6.216404217
-6.191416815
-6.15550699
-6.10863875
-6.058094552
-6.022086316
-6.00428742
-5.986626113
-5.961789342
-5.922412275
-5.868394466
-5.80330271
-5.749052302
-5.696957757
-5.653747453
-5.619714646
-5.591001187
-5.553299607
-5.499301767
-5.421995411
-5.337414032
-5.245500142
-5.130047175
-5.023538475
-4.941008549
-4.908809928
-4.887393938
-4.858320577
-4.796408266
-4.691013232
-4.573293895
-4.483032901
-4.403446069
-4.332332037
-4.259156178
-4.195024346
-4.139838187
-4.089723462
-4.008917418
-3.902129916
-3.776628994
-3.66943913
-3.573361144
-3.492278341
-3.42228121
-3.363305232
-3.297530834
-3.243266862
-3.209449119
-3.201550522
-3.197539509
-3.182364669
-3.137163805
-3.103327624
-3.065725989
-3.026496499
-3.021930921
-3.054576443
