-7.194191966
-7.359479025
-7.518461819
-7.686465856
-7.89449528
-8.13897258
-8.385740359
-8.618270113
-8.842041964
-9.031938721
-9.201509063
-9.376049056
-9.580763725
-9.789013643
-10.00020367
-10.22033548
-10.46470709
-10.7275237
-11.0235584
-11.31424339
-11.62239552
-11.93101835
-12.27206526
-12.62038498
-12.96252281
-13.28109531
-13.56371632
-13.80606814
-14.01251266
-14.14702702
-14.26665284
-14.3700488
-14.46967885
-14.56555854
-14.67518522
-14.82461527
-14.98257472
-15.13300257
-15.27897386
-15.41425516
-15.53714449
-15.61947504
-15.68683694
-15.73561824
-15.74924238
-15.72558871
-15.69164651
-15.65146498
-15.6538137
-15.68981934
-15.73672166
-15.80243189
-15.90031538
-16.02125188
-16.13531079
-16.25277409
-16.41056652
-16.6002705
-16.81041014
-17.06068457
-17.29561199
-17.4992862
-17.65608018
-17.7921226
-17.89912324
-17.9894864
-18.04205281
-18.08064479
-18.10611261
-18.11823137
-18.11123559
-18.12153355
-18.15664411
-18.20442456
-18.28419614
-18.35944348
-18.42912089
-18.46647569
-18.51731316
-18.60283752
-18.65314289
-18.71932111
-18.83497113
-18.95413605
-19.09394401
-19.23402166
-19.36915269
-19.45240517
-19.48550523
-19.50862351
-19.51560853
-19.48896481
-19.48552172
-19.51378595
-19.52203825
-19.52758478
-19.56041333
-19.57229587
-19.53164147
-19.46017502
-19.34425608
-19.17054666
-18.96168379
-18.71486292
-18.47008895
-18.22267823
-17.98658268
-17.7691808
-17.57779592
-17.45134862
-17.37216785
-17.33111581
-17.31886462
-17.27952496
-17.21881529
-17.12114478
-16.97897998
-16.82429432
-16.67481696
-16.55203004
-16.43630697
-16.28140509
-16.10915624
-15.94431617
-15.78856814
-15.61424664
-15.43828917
-15.29128308
-15.19551505
-15.13917988
-15.1506506
-15.2165912
-15.30239325
-15.37831977
-15.4419747
-15.5050766
-15.54364159
-15.57180961
-15.56031306
-15.51590486
-15.45895989
-15.39983874
-15.31674261
-15.23089988
-15.15130057
-15.09804927
-15.05308055
-15.06880851
-15.10886708
-15.14013462
-15.16743399
-15.18478872
-15.18386093
-15.15219438
-15.09661476
-15.00836993
-14.91156312
-14.74504966
-14.55492079
-14.32604104
-14.06384017
-13.78438407
-13.50814249
-13.23686891
-12.94750731
-12.65519724
-12.41194225
-12.22979382
-12.05965297
-11.90146843
-11.76154928
-11.61102991
-11.44204764
-11.26098756
-11.10340395
-10.94197568
-10.79128481
-10.65271146
-10.53017042
-10.38909192
-10.2197144
-10.00325769
-9.744184884
-9.441216618
-9.10696023
-8.794083191
-8.473147217
-8.12743935
-7.774000132
-7.450279555
-7.157702429
-6.915341429
-6.709561408
-6.583006048
-6.497901202
-6.422559524
-6.338752933
-6.246474493
-6.151866793
-6.038361103
-5.901193902
-5.740709837
-5.565445864
-5.38026372
-5.201453803
-4.992964311
-4.784220347
-4.574379014
-4.373602946
-4.191950732
-4.047146322
-3.932144024
-3.841355228
-3.746882844
-3.669248921
-3.563813894
-3.443632433
-3.288612064
-3.083871497
-2.834744643
-2.554249519
-2.264710568
-1.986358378
-1.750281515
-1.584767601
-1.466816792
-1.407254604
-1.39567802
-1.39567802
-1.39567802
-1.39567802
-1.371646955
-1.334487724
-1.26783787
-1.176485385
-1.030009711
-0.846283253
-0.640364732
-0.403499198
-0.118674201
0.191590271
0.515463926
0.80939568
1.110050685
1.378767995
1.615109537
1.82142373
1.989172274
2.118733454
2.24442931
2.378003889
2.502235334
2.62255307
2.768078958
2.94654441
3.144568492
3.358418378
3.571414264
3.794386509
4.042514745
4.271041739
4.505397618
4.719836378
4.952958424
5.187728696
5.407852184
5.630320443
5.857810916
6.069980628
6.277025863
6.469671342
6.62553865
6.739057612
6.831471246
6.913050967
7.001712956
7.086581109
7.195432387
7.35608978
7.569543653
7.802382054
8.052825694
8.360980904
8.710791264
9.089332557
9.476460612
9.883982856
10.28266905
10.63051816
10.97179793
11.29580463
11.59583119
11.84389166
12.08204259
12.32488685
12.52475627
12.6713097
12.79492856
12.90377693
13.01809739
13.14193657
13.28005474
13.46111923
13.67086197
13.89059755
14.12466954
14.36851769
14.60282939
14.82286674
15.04265424
15.22937168
15.34931576
15.39866984
15.4145726
15.38253765
15.35501328
15.34171578
15.32812021
15.31406926
15.31000817
15.29640452
15.28342833
15.29381484
15.32803746
15.37622204
15.46174514
15.56186825
15.66229375
15.79018434
15.9182881
16.07073971
16.21834363
16.32302414
16.4322759
16.50431037
16.5616826
16.6186148
16.66634316
16.71450324
16.75287399
16.77712838
16.78228483
16.77735255
16.72911368
16.66663655
16.59435451
16.51785071
16.4513907
16.40320663
16.38784188
16.40654434
16.43015844
16.46261797
16.47704807
16.46255566
16.43862762
16.40612286
16.36371308
16.3356589
16.31214304
16.30321877
16.29882079
16.28487265
16.25686048
16.21480088
16.1683934
16.10295383
16.06155286
16.01571884
15.98858369
16.01288174
16.09378128
16.19849041
16.27912351
16.35513392
16.4216237
16.46453978
16.48876179
16.51702179
16.54099773
16.55545254
16.55992188
16.56394483
16.55299515
16.52382349
16.48906973
16.44775192
16.39747706
16.33369977
16.26872053
16.20747298
16.14206612
16.06276026
15.96517451
15.85812665
15.78544377
15.73687805
15.70781141
15.70334247
15.67427524
15.6205934
15.55780897
15.48543607
15.36339474
15.19701738
15.01662084
14.7968891
14.56629283
14.33996662
14.11743763
13.90786097
13.7206294
13.56318479
13.44112051
13.34785678
13.31306971
13.31864691
13.35419202
13.42011158
13.48119059
13.52012793
13.52328073
13.5202972
13.4900078
13.44512783
13.37469605
13.31498124
13.25040435
13.18062696
13.10767808
13.01140826
12.90588586
12.83828166
12.82048365
12.81710494
12.82001938
12.82526785
12.83168695
12.8284059
12.80998174
12.78635506
12.74445912
12.68489425
12.61605977
12.53370202
12.47351573
12.38838907
12.27282169
12.13233855
11.96698606
11.77509203
11.53167368
11.27761413
10.99144578
10.67557645
10.33670363
9.990901607
9.658061121
9.332435781
9.050769539
8.805670578
8.613224813
8.481184073
8.415360951
8.378428091
8.336198089
8.271953992
8.203222587
8.12384354
7.997189807
7.842190234
7.688211283
7.490847609
7.277667201
7.050716135
6.79007151
6.506932298
6.139014769
5.713290185
5.257055157
4.776137159
4.25866771
3.737505249
3.211120918
2.697779062
2.198086837
1.761694241
1.363852867
1.03501848
0.757866003
0.521136148
0.317979998
0.160009151
-0.003180759
-0.169440712
-0.335043416
-0.536370425
-0.781605932
-1.028060514
-1.300720701
-1.569415088
-1.843756062
-2.075847706
-2.284144608
-2.506743916
-2.718572166
-2.901181182
-3.02015723
-3.06043869
-3.068397567
-3.090094115
-3.127445585
-3.147421785
-3.123976122
-3.108838756
-3.114812874
-3.137751826
-3.224726696
-3.364473414
-3.52564872
-3.717102063
-3.923601112
-4.093879026
-4.200522776
-4.196107381
-4.065881934
-3.85376009
-3.621606993
-3.379981131
-3.222057245
-3.175525389
-3.201424599
-3.264027504
-3.37099556
-3.487398829
-3.595531506
-3.672476907
-3.715281595
-3.758370705
-3.778606367
-3.793851202
-3.802786006
-3.845213594
-3.946047465
-4.05643948
-4.206547617
-4.363065397
-4.503727216
-4.635911203
-4.769054716
-4.86161396
-4.908641838
-4.92371399
-4.897683882
-4.922670065
-4.939290538
-4.931495856
-4.919679273
-4.901933299
-4.877477905
-4.836335705
-4.757319166
-4.64450955
-4.535946987
-4.456555204
-4.380333869
-4.340587343
-4.35621043
-4.372393212
-4.401028049
-4.495690732
-4.593927165
-4.697016647
-4.835171126
-4.991913807
-5.12168793
-5.207033779
-5.255727811
-5.29424885
-5.312873556
-5.308813144
-5.304270707
-5.28187804
-5.260224207
-5.219752015
-5.157768659
-5.085307663
-5.042905318
-4.997893063
-5.000919225
-5.036982667
-5.122827459
-5.230060555
-5.367079559
-5.532970995
-5.759095891
-5.996047341
-6.228128545
-6.465016279
-6.677031662
-6.842963186
-7.003867664
-7.161130819
-7.266418536
-7.401915991
-7.584927517
-7.749727083
-7.948982412
-8.217565105
-8.509465906
-8.812690001
-9.114364268
-9.380401813
-9.590809353
-9.74937688
-9.854118775
-9.921570482
-9.951455696
-9.968746664
-9.984860314
-9.994542475
-10.0194346
-10.06277937
-10.12836191
-10.21144398
-10.31694112
-10.43461547
-10.5672554
-10.6983177
-10.81063966
-10.90191559
-10.99580879
-11.07107848
-11.12900598
-11.18435366
-11.2469718
-11.31325257
-11.37222731
-11.42253678
-11.47295591
-11.52333863
-11.59197291
-11.67154377
-11.75224406
-11.82928465
-11.92698042
-12.03799688
-12.15373446
-12.2741726
-12.40053523
-12.53514089
-12.66345951
-12.77702922
-12.9037707
-13.0265902
-13.13966519
-13.23088219
-13.32673161
-13.41406138
-13.48444116
-13.54656135
-13.60875124
-13.68017482
-13.72856412
-13.76018521
-13.81697993
-13.91574603
-13.9930645
-14.07247658
-14.17203254
-14.2477171
-14.28262464
-14.32331419
-14.33733984
-14.31296186
-14.29910535
-14.30547879
-14.3227021
-14.35748311
-14.41588959
-14.45520833
-14.47658988
-14.47805055
-14.48060985
-14.4850738
-14.4782986
-14.46260536
-14.43480023
-14.42550044
-14.4646467
-14.50383077
-14.52043267
-14.5125354
-14.50635568
-14.47285602
-14.45131173
-14.45236232
-14.43041892
-14.35607075
-14.23677658
-14.08518235
-13.91850636
-13.71966344
-13.52434353
-13.36306167
-13.20092909
-13.0248251
-12.87550486
-12.7459604
-12.6018753
-12.47291929
-12.33603316
-12.21621759
-12.13449858
-12.05635631
-11.98527777
-11.91173925
-11.83926154
-11.75590181
-11.65468656
-11.53855691
-11.422526
-11.32847773
-11.21547325
-11.09675077
-10.95638165
-10.7766106
-10.53007862
-10.23687812
-9.952216945
-9.646639184
-9.350330772
-9.087217534
-8.870790534
-8.708535102
-8.579198999
-8.460696297
-8.353917538
-8.249041312
-8.14912795
-8.019404039
-7.853221235
-7.660446197
-7.440140428
-7.1921619
-6.918700721
-6.603252
-6.288721332
-5.976984949
-5.686820958
-5.439449913
-5.23886887
-5.109342265
-5.026216794
-4.970366409
-4.946354463
-4.920739702
-4.884604401
-4.817218137
-4.716664425
-4.603985819
-4.457627781
-4.26715777
-4.044594882
-3.800286198
-3.532790784
-3.216718129
-2.935991084
-2.683969469
-2.468437483
-2.26929068
-2.097480911
-1.969798384
-1.882312689
-1.785606475
-1.656508549
-1.497201908
-1.311065829
-1.079157411
-0.789841037
-0.477858018
-0.141749009
0.179096312
0.510223132
0.839260792
1.164388002
1.488212613
1.801871707
2.083987699
2.312870107
2.507911804
2.658978045
2.818632769
3.009974944
3.251238255
3.531376942
3.802840396
4.075302812
4.357122351
4.666361915
4.958871864
5.245703385
5.523495846
5.786621287
6.019000489
6.204604434
6.36488444
6.486334143
6.582937108
6.656958767
6.696974295
6.731690854
6.771251674
6.826149603
6.893072244
7.009872512
7.169756094
7.36220967
7.581693421
7.838212163
8.129639318
8.44776885
8.766522213
9.085788947
9.357329629
9.556670799
9.657599245
9.714210017
9.748334803
9.808846326
9.851633887
9.90103677
9.947719895
10.01317458
10.07372129
10.15722887
10.28259495
10.43135361
10.55752755
10.66898556
10.75578372
10.81824664
10.86564961
10.90377744
10.926444
10.95589644
10.97952535
11.00084218
11.00769091
11.04161799
11.08355802
11.14769857
11.24089026
11.34679263
11.43555434
11.49252671
11.5663209
11.64051448
11.676609
11.68515209
11.66244648
11.63518158
11.59035723
11.50092403
11.41050836
11.31551613
11.23213396
11.13387641
11.02360592
10.91361681
10.79770349
10.69489376
10.59333878
10.53860564
10.52657841
10.55415158
10.62484537
10.72903496
10.84730196
10.97230959
11.12573239
11.33048661
11.52772116
11.69245013
11.84685276
11.96888701
12.02931653
12.03089689
11.99787196
11.95194256
11.91157978
11.90147509
11.87223759
11.83540061
11.82171939
11.80718889
11.77443753
11.71051525
11.63186284
11.54074495
11.46051844
11.36896189
11.28601924
11.22471997
11.17181309
11.12639978
11.11342505
11.10115494
11.06326374
11.01133293
10.94985655
10.87370305
10.77112922
10.65345676
10.48455453
10.27931864
10.04980981
9.78370767
9.510710064
9.222388364
8.959480791
8.693627584
8.461496626
8.254045522
8.066615351
7.925727131
7.783859712
7.632096122
7.458264915
7.255172713
6.996552773
6.704065358
6.388678122
6.054940682
5.736514897
5.451149505
5.207297957
4.998794689
4.798509324
4.623834421
4.447841091
4.296873975
4.160110758
4.021882373
3.884677806
3.753590655
3.584781879
3.343820574
3.089198515
2.808966522
2.509036116
2.177684043
1.829204171
1.475154649
1.107434549
0.743643074
0.386027955
0.057689039
-0.237232854
-0.513236597
-0.761138799
-0.958258257
-1.111597624
-1.259586589
-1.409897151
-1.560369568
-1.714125954
-1.88915809
-2.097264284
-2.309009705
-2.513722995
-2.739429786
-2.975550504
-3.207131407
-3.385115936
-3.521358763
-3.597347452
-3.603195074
-3.522322791
-3.422309073
-3.347727327
-3.308511439
-3.266661572
-3.240486716
-3.212268976
-3.190305292
-3.188652458
-3.192998004
-3.186719473
-3.168419108
-3.131882848
-3.086226843
-3.04530063
-3.003981677
-2.9584322
-2.902399688
-2.842390903
-2.781594198
-2.687288125
-2.554643673
-2.369557813
-2.196603257
-2.080504962
-2.008790283
-1.978517921
-2.001989556
-2.039841905
-2.09438265
-2.177154937
-2.235224745
-2.278807764
-2.341066761
-2.42998952
-2.571894446
-2.736348489
-2.902976548
-3.083870453
-3.292603049
-3.50278174
-3.684870536
-3.832109406
-3.912167602
-3.967083692
-3.976864001
-3.967482879
-3.928452616
-3.884979563
-3.872221843
-3.834500611
-3.739030818
-3.658124062
-3.603019371
-3.593607135
-3.623744487
-3.695912927
-3.762750864
-3.843510215
-3.935329648
-4.01862155
-4.101654643
-4.18575433
-4.244520616
-4.271313519
-4.31254148
-4.373183107
-4.4293018
-4.480966914
-4.529457587
-4.606110383
-4.690654143
-4.758958338
-4.811108791
-4.871193954
-4.905571408
-4.90508505
-4.897962985
-4.863767112
-4.793506046
-4.710547188
-4.637125606
-4.576906909
-4.553585381
-4.569510025
-4.622531695
-4.665734322
-4.735316397
-4.825515857
-4.924433736
-5.034139504
-5.153668363
-5.312371009
-5.475912315
-5.624753487
-5.758886591
-5.872446591
-5.950767197
-5.991888178
-6.033985765
-6.056509587
-6.095673513
-6.158315753
-6.233712246
-6.332593075
-6.461919678
-6.598198359
-6.753964179
-6.933349313
-7.095866266
-7.25475065
-7.408805412
-7.558769553
-7.662673584
-7.732350942
-7.79676968
-7.86182135
-7.927858528
-8.019669919
-8.116913136
-8.208770726
-8.30640671
-8.4270734
-8.561000616
-8.709163166
-8.863961469
-9.021743529
-9.180785306
-9.321865028
-9.442914545
-9.569710968
-9.685590877
-9.765460819
-9.844968024
-9.913673736
-9.965877996
-10.00455622
-10.04194493
-10.09728811
-10.14748774
-10.20269332
-10.26486178
-10.32331402
-10.3533218
-10.35334008
-10.38219717
-10.40347961
-10.39275127
-10.39167606
-10.3885237
-10.37234205
-10.32856268
-10.2596052
-10.15224594
-10.02332657
-9.895299313
-9.764703384
-9.607882175
-9.450135087
-9.2727922
-9.086920991
-8.866402653
-8.616307347
-8.350246248
-8.046022854
-7.742787827
-7.465659869
-7.235017961
-7.060260172
-6.949943764
-6.835414074
-6.684820473
-6.511367501
-6.315712372
-6.074044096
-5.789870079
-5.463394697
-5.128276805
-4.760005171
-4.389735801
-4.04546046
-3.741130463
-3.491919586
-3.280025627
-3.100444231
-2.966943831
-2.861202513
-2.787962268
-2.739051656
-2.67438343
-2.58440463
-2.484645605
-2.373078783
-2.240908483
-2.107099713
-1.953496571
-1.765042505
-1.550967607
-1.327884396
-1.086520677
-0.847256373
-0.669577807
-0.53661969
-0.435286721
-0.358973764
-0.321589
-0.280126822
-0.244005193
-0.213353915
-0.166545292
-0.08220237
0.028523556
0.142502824
0.280080639
0.461464938
0.661683739
0.863345302
1.054311264
1.272872631
1.493569559
1.643012354
1.749570549
1.808929871
1.864223918
1.920837924
1.969304174
2.023124581
2.084986017
2.151529802
2.226696314
2.325946158
2.455842353
2.580879155
2.728497235
2.904411866
3.101223433
3.262080106
3.377166719
3.411761035
3.408217702
3.404675451
3.409897114
3.421510077
3.446959608
3.504948334
3.574557127
3.646497125
3.73468141
3.822305844
3.918090405
4.004714735
4.068058562
4.137808529
4.230989214
4.313029342
4.367063827
4.428161738
4.487031436
4.531845926
4.55738673
4.589449173
4.627857161
4.658061193
4.701694891
4.759323955
4.831538253
4.900753166
4.954842129
5.017188274
5.080108664
5.138360416
5.183131895
5.223215975
5.260260027
5.297841168
5.321950345
5.346054099
5.369609776
5.38957866
5.404878047
5.420721607
5.44642697
5.49649985
5.571429895
5.659705183
5.733924172
5.781631228
5.804469435
5.837225147
5.881342995
5.919719795
5.963215452
6.011814604
6.045364811
6.06911029
6.102112407
6.131995192
6.178855036
6.24527418
6.334834769
6.42236444
6.541336868
6.682560749
6.831938776
6.928410963
7.009090382
7.077851724
7.126799501
7.168681038
7.204461277
7.25230269
7.324375703
7.383478006
7.42910552
7.454727365
7.43343711
7.403776177
7.380544502
7.35075865
7.33821952
7.30754444
7.237244834
7.17300964
7.115853343
7.023732847
6.901226533
6.772978147
6.644109043
6.53060958
6.438221448
6.354560501
6.291025255
6.252816989
6.222828438
6.194348149
6.183992974
6.164348864
6.14005909
6.079565293
5.990584188
5.857525407
5.69176377
5.509760048
5.311421596
5.086657305
4.854511534
4.669994339
4.536690596
4.397797504
4.282591781
4.176108627
4.100648442
4.055644659
4.036406307
4.015910883
3.968365369
3.878483657
3.774207039
3.632846133
3.441025939
3.210830755
2.956661756
2.702999115
2.417418773
2.123769741
1.878734301
1.656048467
1.486714019
1.385326716
1.331140864
1.309457375
1.293191289
1.257664888
1.186357857
1.094001821
0.952566737
0.746890659
0.497369178
0.214407415
-0.07696435
-0.358752119
-0.650657825
-0.928116471
-1.192814846
-1.404129162
-1.584832253
-1.728352733
-1.863393268
-2.004235911
-2.139439694
-2.246973031
-2.349902534
-2.478163952
-2.621858313
-2.785239904
-2.964105189
-3.157565575
-3.335245621
-3.4916862
-3.597413103
-3.65500763
-3.663011524
-3.633801451
-3.589642371
-3.529676439
-3.466292859
-3.400711196
-3.273850309
-3.113856477
-2.925922425
-4.522058237
