-4.234048663
-4.184119163
-4.139315075
-4.126275585
-4.117203567
-4.103591271
-4.089973893
-4.067602035
-4.042674669
-4.019481248
-4.019481248
-4.02569877
-4.021160601
-4.026242461
-4.026242461
-4.026242461
-4.021870326
-3.985018974
-3.966372669
-3.96128988
-3.993835156
-4.081554416
-4.080810136
-4.022857921
-3.88840798
-3.819924946
-3.903963164
-4.016599371
-4.117581761
-4.181889733
-4.174914215
-4.140740062
-4.06978204
-4.009155621
-4.030445509
-4.05176328
-4.092205565
-4.087253779
-4.066000005
-4.061430127
-4.060287637
-4.060287637
-4.060287637
-4.059145114
-4.059145114
-4.097570403
-4.118627525
-4.115192212
-4.099886099
-4.095307051
-4.087292418
-4.080421419
-4.078130818
-4.091136766
-4.141239544
-4.19505935
-4.237226109
-4.233768759
-4.221392356
-4.245507238
-4.286746345
-4.33773277
-4.363074424
-4.384092986
-4.427999536
-4.478662635
-4.551933031
-4.680482328
-4.855258572
-5.028402314
-5.15821872
-5.22077722
-5.251528342
-5.264862944
-5.277004776
-5.312482862
-5.395849945
-5.520933901
-5.714398996
-5.917523496
-6.076596124
-6.18596241
-6.300527567
-6.434426098
-6.59981003
-6.756779533
-6.892592933
-7.048229449
-7.19813976
-7.331239987
-7.480110698
-7.665677448
-7.845050957
-8.002426497
-8.157810309
-8.315002936
-8.485991004
-8.626041058
-8.739701673
-8.852569109
-8.996839809
-9.177686909
-9.392627812
-9.615603896
-9.795096225
-9.919627804
-10.02681431
-10.12976175
-10.2657893
-10.45032879
-10.6539007
-10.83514825
-10.97655573
-11.08318971
-11.12685393
-11.1543981
-11.18985714
-11.24530505
-11.31697144
-11.46515173
-11.66248928
-11.88532073
-12.10711695
-12.32450027
-12.53849982
-12.69950659
-12.83037786
-12.92181097
-12.99032766
-13.03195813
-13.07895358
-13.12488163
-13.18050748
-13.29273032
-13.4586836
-13.64461167
-13.85705568
-14.06814234
-14.23401492
-14.35322577
-14.44405978
-14.54452199
-14.64931065
-14.73070664
-14.77688688
-14.87738181
-15.00669506
-15.15593627
-15.29080149
-15.41638091
-15.51860518
-15.60907802
-15.66550904
-15.68810844
-15.6933864
-15.6933864
-15.70691164
-15.74384642
-15.80967125
-15.90519038
-16.01584263
-16.14193636
-16.27343811
-16.40603222
-16.54145899
-16.67387264
-16.76024045
-16.806452
-16.8228342
-16.81629929
-16.79016262
-16.78099319
-16.82213951
-16.90775672
-17.04383627
-17.21003174
-17.3826878
-17.55132944
-17.69683329
-17.80967826
-17.87236887
-17.88651339
-17.86544073
-17.86984731
-17.89475213
-17.93358028
-17.93390875
-17.9300067
-17.9290685
-17.97840918
-18.05405393
-18.14650611
-18.23956676
-18.32680804
-18.36519501
-18.39177799
-18.40872161
-18.41540813
-18.42646842
-18.46884631
-18.51035832
-18.58021257
-18.63112732
-18.67815443
-18.65432826
-18.57372473
-18.48633054
-18.42452446
-18.38886947
-18.39154007
-18.42168689
-18.47044018
-18.50591305
-18.51822744
-18.55076443
-18.61922104
-18.68749336
-18.75594673
-18.80716375
-18.85267164
-18.87798933
-18.88685253
-18.88053896
-18.81143267
-18.73420204
-18.64294197
-18.57075409
-18.5554112
-18.55169529
-18.55309401
-18.54146462
-18.50797449
-18.48079647
-18.41434849
-18.30970813
-18.16883694
-18.05754119
-17.99997757
-17.99610514
-17.99061604
-17.96539732
-17.91795833
-17.8910008
-17.84962455
-17.77614773
-17.69150432
-17.60587336
-17.53406581
-17.47893554
-17.48335302
-17.50215807
-17.53024438
-17.54047379
-17.53347377
-17.49240068
-17.40470017
-17.28510531
-17.13311006
-16.93631947
-16.72563936
-16.53313029
-16.34646866
-16.18356094
-16.05367682
-15.92338731
-15.80018472
-15.68314001
-15.54246009
-15.38834175
-15.22453111
-15.07766709
-14.91525489
-14.75129532
-14.64147968
-14.57892403
-14.58970464
-14.62122353
-14.6726914
-14.69900585
-14.70978064
-14.70242389
-14.64362878
-14.5551496
-14.44059899
-14.28557253
-14.13776749
-13.98996788
-13.83559704
-13.70840783
-13.58964448
-13.50470357
-13.4579401
-13.43968107
-13.43568678
-13.41684517
-13.36661429
-13.27875718
-13.13979336
-12.96242981
-12.75543772
-12.54050001
-12.33673575
-12.15070192
-11.99193673
-11.831415
-11.69477181
-11.58795178
-11.50056542
-11.43877765
-11.37915129
-11.33300056
-11.29303896
-11.26140282
-11.20387415
-11.11675243
-11.00126286
-10.8513044
-10.68738589
-10.52963024
-10.38978439
-10.24586729
-10.09896935
-9.947099571
-9.806683479
-9.686658405
-9.58426505
-9.466926857
-9.375109955
-9.3261702
-9.301707755
-9.282481699
-9.227477916
-9.160285766
-9.056518453
-8.934556086
-8.770107386
-8.599811527
-8.411559218
-8.235727951
-8.072930545
-7.950388201
-7.870232439
-7.826994945
-7.802840023
-7.786944543
-7.751332494
-7.677892152
-7.570465077
-7.423607886
-7.260868746
-7.092124464
-6.929414009
-6.764577425
-6.560269943
-6.343991057
-6.143627383
-5.915472529
-5.669666503
-5.432902243
-5.208879158
-4.984900145
-4.761095938
-4.555378149
-4.38553038
-4.230881376
-4.091403846
-3.948997094
-3.813503007
-3.701703966
-3.572400436
-3.431076237
-3.338619596
-3.302058657
-3.288710491
-3.27455372
-3.260154153
-3.230861139
-3.19172716
-3.146993623
-3.100381299
-3.069970505
-3.046696678
-3.011200421
-2.99172268
-2.953721376
-2.887020315
-2.784967023
-2.67409386
-2.60042286
-2.571957232
-2.56158773
-2.544778567
-2.529556872
-2.490192751
-2.432562285
-2.354244317
-2.258038407
-2.175702494
-2.079486475
-1.955986672
-1.818806794
-1.682388832
-1.52823975
-1.362517369
-1.209647319
-1.061100013
-0.926390142
-0.775873078
-0.611785623
-0.442500542
-0.273958154
-0.111167779
0.09380536
0.324780813
0.561284721
0.80085431
1.052991192
1.292309854
1.499265674
1.681876116
1.835122958
1.962575081
2.069425043
2.146738984
2.232075918
2.367174335
2.575367642
2.801229501
3.021142697
3.272883709
3.53609257
3.79225246
4.085805623
4.361740059
4.573934078
4.723765379
4.815982402
4.849336043
4.883158151
4.91958063
4.964245364
4.985082381
5.000379889
5.020557207
5.041865657
5.058202322
5.079984063
5.123242473
5.179444334
5.281125311
5.412261942
5.558132633
5.715497406
5.882149183
6.059176492
6.26461834
6.505066209
6.776138969
7.028377525
7.241629881
7.438925676
7.65256775
7.852903745
7.997700934
8.087432913
8.146627243
8.171274546
8.207591948
8.240828797
8.284822438
8.383476984
8.571728515
8.854469446
9.163973211
9.460627992
9.743796168
10.00103959
10.25173522
10.49106167
10.70323827
10.8793608
11.00931562
11.09429813
11.14147325
11.18030176
11.21948199
11.25484615
11.29999464
11.34584959
11.39730456
11.45814301
11.52455438
11.60757347
11.6897945
11.78200633
11.86191275
11.91636252
11.95235252
12.00265572
12.06762322
12.13292914
12.20834744
12.2932138
12.35856095
12.42289376
12.48753894
12.56130187
12.63081152
12.69581743
12.77915298
12.89795277
13.03533683
13.16816038
13.27558851
13.36310971
13.42187467
13.47544446
13.5345194
13.60918125
13.70747589
13.8400644
14.00201301
14.14866361
14.26723812
14.37993628
14.44978513
14.49941093
14.51980704
14.48602819
14.42742316
14.3694773
14.33571889
14.31855031
14.28971798
14.23257176
14.17580499
14.11908247
14.07622956
14.07184427
14.10546106
14.15387795
14.20720213
14.24156618
14.241893
14.21814054
14.15560286
14.09351721
14.05552651
14.05513701
14.12366472
14.22066533
14.32671908
14.39922167
14.40299872
14.334103
14.20672619
14.0791534
13.99560471
13.94552277
13.94100111
13.95973729
13.99382268
14.05247451
14.10998194
14.15383245
14.15931909
14.12073068
14.03294653
13.90526343
13.76139914
13.590854
13.40621126
13.23748011
13.124025
13.03924873
12.98961505
12.96420748
12.9480931
12.97806171
13.02242625
13.03056316
13.01018922
12.96447955
12.90089306
12.8062932
12.69423013
12.56077963
12.42527202
12.28735574
12.19798581
12.14468757
12.11249582
12.11627665
12.12204935
12.1290003
12.11237895
12.04376284
11.95468423
11.8778274
11.79245679
11.72852242
11.66357303
11.59335263
11.52742065
11.47217851
11.39380862
11.28181266
11.13688931
11.00243639
10.89203083
10.79585149
10.68643545
10.55039174
10.40687368
10.23671996
10.07190649
9.911355987
9.779516848
9.653340737
9.519422873
9.380444404
9.235850985
9.084581958
8.950705335
8.876270692
8.83817925
8.811860027
8.790080133
8.75195186
8.689190734
8.594839173
8.474555665
8.321380759
8.140994249
7.955491913
7.7510228
7.547450799
7.343547465
7.120004917
6.849264173
6.579455432
6.343489496
6.13748036
5.927889275
5.724502633
5.551092227
5.427020844
5.297125734
5.155722894
5.002758893
4.826814827
4.598428427
4.356941156
4.141025807
3.884484568
3.62316003
3.370376941
3.120299618
2.892823254
2.688101782
2.518777612
2.372513793
2.238242534
2.145995578
2.03186768
1.918593787
1.813947667
1.724504555
1.64975279
1.583832527
1.50032686
1.385948289
1.238811909
1.063266401
0.874965965
0.722261926
0.572599913
0.39455623
0.180324342
-0.053371027
-0.308764749
-0.541279455
-0.681075971
-0.741573729
-0.756190624
-0.762344141
-0.764395109
-0.775613738
-0.846394577
-0.949976341
-1.05363077
-1.178496197
-1.314247926
-1.494785187
-1.655187477
-1.822752535
-2.014973872
-2.283273729
-2.549901118
-2.806313709
-3.057040538
-3.317038105
-3.601503025
-3.878370396
-4.063064315
-4.110852082
-4.073715291
-4.04971519
-4.050874651
-4.104112542
-4.158898207
-4.206097514
-4.295299782
-4.420384207
-4.575021021
-4.763210954
-5.042580067
-5.445150902
-5.9187708
-6.410245911
-6.891492072
-7.2942224
-7.568131339
-7.658503943
-7.614360496
-7.406419251
-7.120584571
-6.891917002
-6.733410701
-6.586949984
-6.42816591
-6.29883211
-6.180015034
-6.058580226
-5.955281427
-5.907304829
-5.856756358
-5.723218789
-5.464854835
-5.16259701
-4.884077
-4.538649999
-4.065005323
