-1.724258
-1.885344
-2.046410
-2.207434
-2.368395
-2.529272
-2.690045
-2.850692
-3.011192
-3.171526
-3.331671
-3.491608
-3.651314
-3.810771
-3.969956
-4.128849
-4.287430
-4.445678
-4.603572
-4.761092
-4.918217
-5.074927
-5.231202
-5.387021
-5.542364
-5.697210
-5.851541
-6.005335
-6.158572
-6.311234
-6.463299
-6.614749
-6.765562
-6.915721
-7.065205
-7.213995
-7.362071
-7.509415
-7.656007
-7.801828
-7.946859
-8.091082
-8.234477
-8.377026
-8.518711
-8.659512
-8.799412
-8.938393
-9.076436
-9.213524
-9.349638
-9.484762
-9.618877
-9.751965
-9.884011
-10.014996
-10.144904
-10.273717
-10.401420
-10.527994
-10.653425
-10.777695
-10.900789
-11.022690
-11.143382
-11.262851
-11.381079
-11.498053
-11.613757
-11.728175
-11.841294
-11.953097
-12.063572
-12.172702
-12.280475
-12.386876
-12.491891
-12.595506
-12.697709
-12.798486
-12.897824
-12.995709
-13.092130
-13.187074
-13.280527
-13.372479
-13.462917
-13.551830
-13.639205
-13.725032
-13.809300
-13.891996
-13.973112
-14.052636
-14.130557
-14.206866
-14.281553
-14.354608
-14.426022
-14.495785
-14.563888
-14.630323
-14.695080
-14.758152
-14.819529
-14.879205
-14.937172
-14.993421
-15.047945
-15.100739
-15.151793
-15.201103
-15.248662
-15.294462
-15.338500
-15.380767
-15.421261
-15.459974
-15.496902
-15.532040
-15.565383
-15.596928
-15.626670
-15.654606
-15.680731
-15.705042
-15.727536
-15.748210
-15.767062
-15.784089
-15.799289
-15.812659
-15.824199
-15.833906
-15.841780
-15.847819
-15.852022
-15.854389
-15.854920
-15.853615
-15.850473
-15.845496
-15.838683
-15.830036
-15.819556
-15.807244
-15.793102
-15.777132
-15.759335
-15.739714
-15.718272
-15.695011
-15.669935
-15.643046
-15.614348
-15.583846
-15.551542
-15.517441
-15.481547
-15.443866
-15.404402
-15.363159
-15.320145
-15.275363
-15.228820
-15.180523
-15.130476
-15.078688
-15.025163
-14.969910
-14.912936
-14.854248
-14.793854
-14.731761
-14.667977
-14.602511
-14.535372
-14.466568
-14.396108
-14.324001
-14.250257
-14.174884
-14.097894
-14.019296
-13.939099
-13.857316
-13.773955
-13.689029
-13.602547
-13.514522
-13.424965
-13.333887
-13.241301
-13.147217
-13.051649
-12.954609
-12.856110
-12.756164
-12.654784
-12.551983
-12.447776
-12.342175
-12.235194
-12.126847
-12.017148
-11.906111
-11.793752
-11.680083
-11.565121
-11.448880
-11.331375
-11.212621
-11.092635
-10.971431
-10.849025
-10.725433
-10.600672
-10.474757
-10.347705
-10.219532
-10.090255
-9.959891
-9.828456
-9.695968
-9.562445
-9.427902
-9.292359
-9.155832
-9.018339
-8.879898
-8.740528
-8.600245
-8.459069
-8.317018
-8.174110
-8.030364
-7.885798
-7.740431
-7.594283
-7.447371
-7.299716
-7.151337
-7.002252
-6.852481
-6.702043
-6.550959
-6.399248
-6.246929
-6.094022
-5.940547
-5.786524
-5.631974
-5.476915
-5.321369
-5.165356
-5.008895
-4.852007
-4.694713
-4.537033
-4.378987
-4.220596
-4.061881
-3.902862
-3.743560
-3.583996
-3.424190
-3.264163
-3.103935
-2.943529
-2.782964
-2.622261
-2.461442
-2.300527
-2.139537
-1.978493
-1.817416
-1.656327
-1.495247
-1.334196
-1.173196
-1.012268
-0.851433
-0.690710
-0.530122
-0.369690
-0.209433
-0.049373
0.110469
0.270073
0.429417
0.588482
0.747246
0.905689
1.063790
1.221529
1.378885
1.535837
1.692366
1.848451
2.004072
2.159208
2.313839
2.467946
2.621508
2.774505
2.926917
3.078725
3.229909
3.380449
3.530326
3.679519
3.828011
3.975780
4.122810
4.269079
4.414569
4.559262
4.703137
4.846178
4.988365
5.129679
5.270103
5.409617
5.548205
5.685847
5.822527
5.958225
6.092926
6.226610
6.359261
6.490862
6.621394
6.750843
6.879190
7.006419
7.132513
7.257456
7.381232
7.503824
7.625218
7.745396
7.864344
7.982045
8.098485
8.213649
8.327521
8.440086
8.551331
8.661240
8.769800
8.876996
8.982814
9.087241
9.190262
9.291866
9.392037
9.490764
9.588033
9.683833
9.778149
9.870971
9.962286
10.052082
10.140348
10.227072
10.312243
10.395849
10.477880
10.558326
10.637175
10.714418
10.790044
10.864044
10.936408
11.007127
11.076191
11.143592
11.209320
11.273367
11.335726
11.396387
11.455343
11.512586
11.568109
11.621904
11.673965
11.724285
11.772857
11.819675
11.864732
11.908024
11.949544
11.989287
12.027248
12.063422
12.097804
12.130390
12.161175
12.190155
12.217328
12.242688
12.266234
12.287961
12.307867
12.325949
12.342206
12.356635
12.369233
12.380000
12.388934
12.396034
12.401299
12.404728
12.406321
12.406078
12.403998
12.400082
12.394331
12.386745
12.377324
12.366072
12.352988
12.338075
12.321334
12.302767
12.282378
12.260169
12.236142
12.210301
12.182649
12.153190
12.121927
12.088864
12.054007
12.017359
11.978925
11.938710
11.896720
11.852960
11.807435
11.760151
11.711115
11.660333
11.607812
11.553558
11.497578
11.439880
11.380472
11.319360
11.256553
11.192059
11.125887
11.058044
10.988541
10.917385
10.844586
10.770154
10.694099
10.616429
10.537155
10.456289
10.373839
10.289817
10.204233
10.117099
10.028427
9.938227
9.846511
9.753292
9.658581
9.562391
9.464734
9.365623
9.265070
9.163090
9.059694
8.954898
8.848713
8.741154
8.632235
8.521971
8.410374
8.297461
8.183245
8.067742
7.950966
7.832932
7.713657
7.593155
7.471442
7.348535
7.224448
7.099198
6.972801
6.845274
6.716634
6.586896
6.456079
6.324198
6.191271
6.057316
5.922349
5.786389
5.649453
5.511558
5.372723
5.232965
5.092304
4.950757
4.808342
4.665078
4.520984
4.376078
4.230379
4.083907
3.936679
3.788716
3.640037
3.490660
3.340606
3.189894
3.038542
2.886572
2.734003
2.580854
2.427146
2.272898
2.118131
1.962865
1.807119
1.650914
1.494271
1.337209
1.179750
1.021913
0.863719
0.705189
0.546344
0.387203
0.227787
0.068119
-0.091783
-0.251897
-0.412203
-0.572679
-0.733304
-0.894059
-1.054921
-1.215870
