-6.619500
-6.619891
-6.621062
-6.623015
-6.625749
-6.629263
-6.633557
-6.638632
-6.644485
-6.651117
-6.658527
-6.666714
-6.675677
-6.685416
-6.695929
-6.707215
-6.719274
-6.732103
-6.745702
-6.760069
-6.775202
-6.791100
-6.807762
-6.825186
-6.843369
-6.862310
-6.882007
-6.902458
-6.923661
-6.945613
-6.968312
-6.991757
-7.015944
-7.040871
-7.066535
-7.092934
-7.120065
-7.147925
-7.176511
-7.205821
-7.235851
-7.266598
-7.298058
-7.330230
-7.363108
-7.396691
-7.430974
-7.465953
-7.501626
-7.537988
-7.575036
-7.612766
-7.651173
-7.690255
-7.730006
-7.770423
-7.811501
-7.853236
-7.895625
-7.938662
-7.982342
-8.026663
-8.071618
-8.117203
-8.163413
-8.210244
-8.257691
-8.305749
-8.354412
-8.403676
-8.453536
-8.503986
-8.555021
-8.606636
-8.658826
-8.711584
-8.764906
-8.818786
-8.873219
-8.928198
-8.983718
-9.039774
-9.096359
-9.153467
-9.211093
-9.269231
-9.327874
-9.387016
-9.446652
-9.506775
-9.567379
-9.628457
-9.690003
-9.752011
-9.814475
-9.877387
-9.940742
-10.004532
-10.068751
-10.133393
-10.198450
-10.263916
-10.329784
-10.396047
-10.462699
-10.529732
-10.597139
-10.664914
-10.733049
-10.801537
-10.870372
-10.939545
-11.009050
-11.078880
-11.149027
-11.219483
-11.290243
-11.361298
-11.432640
-11.504263
-11.576159
-11.648321
-11.720741
-11.793411
-11.866324
-11.939472
-12.012848
-12.086444
-12.160253
-12.234266
-12.308477
-12.382877
-12.457458
-12.532213
-12.607134
-12.682214
-12.757444
-12.832816
-12.908324
-12.983958
-13.059711
-13.135576
-13.211543
-13.287607
-13.363757
-13.439987
-13.516289
-13.592655
-13.669076
-13.745545
-13.822054
-13.898594
-13.975159
-14.051739
-14.128328
-14.204916
-14.281496
-14.358061
-14.434602
-14.511110
-14.587579
-14.664000
-14.740366
-14.816668
-14.892898
-14.969048
-15.045111
-15.121079
-15.196943
-15.272697
-15.348331
-15.423838
-15.499211
-15.574440
-15.649520
-15.724441
-15.799196
-15.873777
-15.948177
-16.022387
-16.096400
-16.170209
-16.243805
-16.317181
-16.390329
-16.463242
-16.535912
-16.608331
-16.680492
-16.752388
-16.824011
-16.895354
-16.966408
-17.037167
-17.107624
-17.177771
-17.247600
-17.317105
-17.386278
-17.455112
-17.523600
-17.591735
-17.659510
-17.726917
-17.793949
-17.860601
-17.926864
-17.992732
-18.058197
-18.123254
-18.187895
-18.252114
-18.315904
-18.379258
-18.442170
-18.504633
-18.566641
-18.628187
-18.689265
-18.749868
-18.809991
-18.869626
-18.928769
-18.987411
-19.045549
-19.103174
-19.160282
-19.216867
-19.272922
-19.328442
-19.383421
-19.437853
-19.491732
-19.545054
-19.597812
-19.650001
-19.701616
-19.752651
-19.803100
-19.852960
-19.902223
-19.950886
-19.998943
-20.046390
-20.093220
-20.139430
-20.185015
-20.229970
-20.274289
-20.317970
-20.361006
-20.403394
-20.445129
-20.486207
-20.526623
-20.566374
-20.605455
-20.643862
-20.681591
-20.718638
-20.755000
-20.790672
-20.825651
-20.859934
-20.893516
-20.926394
-20.958565
-20.990025
-21.020771
-21.050800
-21.080109
-21.108695
-21.136555
-21.163685
-21.190084
-21.215747
-21.240674
-21.264860
-21.288304
-21.311003
-21.332955
-21.354157
-21.374608
-21.394304
-21.413245
-21.431427
-21.448850
-21.465511
-21.481409
-21.496542
-21.510908
-21.524506
-21.537335
-21.549393
-21.560679
-21.571191
-21.580929
-21.589892
-21.598079
-21.605488
-21.612119
-21.617972
-21.623046
-21.627340
-21.630853
-21.633586
-21.635539
-21.636710
-21.637100
-21.636709
-21.635536
-21.633583
-21.630849
-21.627334
-21.623039
-21.617964
-21.612110
-21.605478
-21.598067
-21.589880
-21.580916
-21.571177
-21.560663
-21.549376
-21.537317
-21.524487
-21.510888
-21.496521
-21.481387
-21.465488
-21.448826
-21.431402
-21.413218
-21.394276
-21.374579
-21.354127
-21.332924
-21.310971
-21.288271
-21.264826
-21.240638
-21.215711
-21.190046
-21.163647
-21.136515
-21.108655
-21.080068
-21.050758
-21.020727
-20.989980
-20.958519
-20.926347
-20.893468
-20.859885
-20.825601
-20.790621
-20.754948
-20.718585
-20.681537
-20.643807
-20.605399
-20.566317
-20.526565
-20.486148
-20.445069
-20.403333
-20.360944
-20.317907
-20.274226
-20.229905
-20.184950
-20.139364
-20.093153
-20.046322
-19.998874
-19.950816
-19.902153
-19.852888
-19.803028
-19.752578
-19.701542
-19.649927
-19.597737
-19.544978
-19.491655
-19.437775
-19.383342
-19.328362
-19.272841
-19.216786
-19.160200
-19.103092
-19.045465
-18.987327
-18.928684
-18.869541
-18.809905
-18.749782
-18.689177
-18.628099
-18.566552
-18.504544
-18.442080
-18.379167
-18.315813
-18.252022
-18.187803
-18.123161
-18.058103
-17.992637
-17.926769
-17.860505
-17.793853
-17.726820
-17.659412
-17.591637
-17.523502
-17.455013
-17.386179
-17.317005
-17.247500
-17.177670
-17.107523
-17.037066
-16.966306
-16.895251
-16.823908
-16.752285
-16.680389
-16.608227
-16.535807
-16.463137
-16.390224
-16.317075
-16.243699
-16.170103
-16.096294
-16.022280
-15.948070
-15.873670
-15.799088
-15.724333
-15.649412
-15.574332
-15.499102
-15.423729
-15.348222
-15.272588
-15.196834
-15.120970
-15.045002
-14.968939
-14.892788
-14.816558
-14.740256
-14.663890
-14.587469
-14.511000
-14.434491
-14.357951
-14.281386
-14.204806
-14.128217
-14.051629
-13.975048
-13.898484
-13.821943
-13.745435
-13.668966
-13.592545
-13.516179
-13.439878
-13.363647
-13.287497
-13.211434
-13.135466
-13.059602
-12.983849
-12.908215
-12.832708
-12.757335
-12.682105
-12.607026
-12.532105
-12.457350
-12.382769
-12.308370
-12.234160
-12.160147
-12.086338
-12.012742
-11.939367
-11.866219
-11.793306
-11.720636
-11.648217
-11.576056
-11.504160
-11.432537
-11.361195
-11.290141
-11.219382
-11.148925
-11.078779
-11.008950
-10.939445
-10.870272
-10.801438
-10.732950
-10.664816
-10.597042
-10.529635
-10.462602
-10.395951
-10.329689
-10.263821
-10.198356
-10.133299
-10.068658
-10.004440
-9.940650
-9.877296
-9.814385
-9.751922
-9.689914
-9.628369
-9.567291
-9.506688
-9.446566
-9.386931
-9.327789
-9.269147
-9.211010
-9.153384
-9.096277
-9.039693
-8.983638
-8.928118
-8.873140
-8.818708
-8.764829
-8.711508
-8.658750
-8.606561
-8.554947
-8.503913
-8.453464
-8.403605
-8.354342
-8.305679
-8.257622
-8.210176
-8.163346
-8.117137
-8.071552
-8.026598
-7.982279
-7.938599
-7.895563
-7.853176
-7.811441
-7.770364
-7.729948
-7.690198
-7.651117
-7.612711
-7.574982
-7.537935
-7.501574
-7.465902
-7.430924
-7.396642
-7.363061
-7.330183
-7.298013
-7.266553
-7.235807
-7.205778
-7.176470
-7.147884
