-3.167748057
-3.154419301
-3.138084929
-3.110591042
-3.089162739
-3.081276273
-3.071506895
-3.084506987
-3.098004284
-3.09526297
-3.099408782
-3.144224935
-3.218539165
-3.294526462
-3.376463748
-3.468135175
-3.570305727
-3.647976449
-3.717635248
-3.779952515
-3.822253098
-3.849679048
-3.862597184
-3.831871854
-3.786141036
-3.741481418
-3.673740362
-3.604173194
-3.515981958
-3.436933919
-3.362327345
-3.300193436
-3.244302648
-3.163621251
-3.095398309
-3.033414003
-2.975648959
-2.919314144
-2.84526195
-2.770286642
-2.683047026
-2.603719509
-2.529667954
-2.467797991
-2.406449023
-2.363595257
-2.344464385
-2.360577694
-2.391503968
-2.434913201
-2.497610299
-2.584846981
-2.680155174
-2.779760155
-2.870504438
-2.943824793
-3.008415782
-3.068613257
-3.121611528
-3.140329375
-3.141291606
-3.123316516
-3.079002153
-2.989569875
-2.901591997
-2.825281026
-2.752312257
-2.680921509
-2.620706377
-2.581183023
-2.527367
-2.469344968
-2.431439237
-2.41664683
-2.412148339
-2.410694069
-2.415255949
-2.431608717
-2.457455027
-2.480245881
-2.496268786
-2.508031359
-2.506037002
-2.503045116
-2.498057974
-2.494067543
-2.492329854
-2.49683283
-2.508335344
-2.534843983
-2.565596226
-2.614371078
-2.671628941
-2.710928011
-2.753219745
-2.777225271
-2.798245986
-2.803247899
-2.803247899
-2.803247899
-2.803247899
-2.81950987
-2.852035435
-2.884563161
-2.921321585
-2.950267927
-2.980226802
-3.00722241
-3.028730038
-3.071502618
-3.098010924
-3.13476162
-3.158860446
-3.205856856
-3.275149126
-3.329993227
-3.384845868
-3.417396172
-3.442084655
-3.450495757
-3.466769457
-3.472804547
-3.490911849
-3.56022333
-3.637933026
-3.736660955
-3.820986603
-3.901961965
-3.970667473
-4.031242015
-4.062604395
-4.091037678
-4.114727188
-4.116856252
-4.118985159
-4.126364277
-4.132679037
-4.138001163
-4.150631536
-4.178937519
-4.225684961
-4.273737662
-4.31653664
-4.368750474
-4.453113282
-4.571788059
-4.687157329
-4.772366316
-4.859751429
-4.912778753
-4.941164312
-4.966488533
-4.990249234
-5.034265864
-5.06085109
-5.081338358
-5.086578486
-5.092913317
-5.10644207
-5.119967837
-5.140685173
-5.188842327
-5.244201922
-5.316781413
-5.390248698
-5.445406969
-5.476127559
-5.496842972
-5.517557069
-5.531921251
-5.540172092
-5.574217731
-5.621512132
-5.673031313
-5.72579525
-5.809619848
-5.899663495
-5.985585219
-6.058064716
-6.132619687
-6.200102068
-6.265325242
-6.334642231
-6.40898344
-6.463799556
-6.52773142
-6.576658635
-6.613510695
-6.659394998
-6.714349875
-6.759688071
-6.805301423
-6.85820507
-6.913604716
-6.957621157
-6.994723075
-7.037561261
-7.100020911
-7.132613572
-7.136665928
-7.140717854
-7.140717854
-7.141874081
-7.157497345
-7.18063918
-7.213033954
-7.249469142
-7.325205828
-7.396668153
-7.479221089
-7.568054893
-7.656808181
-7.753510399
-7.835740498
-7.905710354
-7.952116278
-7.974818324
-7.974818324
-7.991173958
-8.009708834
-8.032245897
-8.054784716
-8.09368559
-8.120224559
-8.14895234
-8.159130529
-8.169308363
-8.173301633
-8.185670376
-8.194836685
-8.194836685
-8.194836685
-8.205013272
-8.206195159
-8.210186594
-8.211368564
-8.227900372
-8.244601164
-8.271475855
-8.298514932
-8.337927666
-8.370127742
-8.412494225
-8.474777582
-8.546044402
-8.601091666
-8.673688064
-8.742849158
-8.777761612
-8.815810277
-8.841955296
-8.864131414
-8.849093684
-8.857289073
-8.876685751
-8.885785228
-8.873386039
-8.849784291
-8.821181018
-8.812360962
-8.786138072
-8.759913466
-8.761238844
-8.7830053
-8.785651157
-8.769701021
-8.769566269
-8.78749602
-8.825858664
-8.849979075
-8.866584831
-8.892279398
-8.915204953
-8.936940545
-8.953536992
-8.967874867
-8.985654129
-9.004619616
-9.032662456
-9.058324219
-9.086467512
-9.098349441
-9.126784662
-9.166628007
-9.180303002
-9.23168914
-9.283675778
-9.327058759
-9.344856706
-9.337618648
-9.301509166
-9.258013244
-9.215713593
-9.174605158
-9.122268902
-9.069945609
-9.031212757
-9.029698065
-9.030869984
-9.034806808
-9.029851307
-9.01248802
-8.985133251
-8.932600736
-8.875604398
-8.827642991
-8.797691712
-8.785146789
-8.786060681
-8.794677039
-8.7903197
-8.789265703
-8.798288389
-8.798288389
-8.798866775
-8.798913692
-8.802894553
-8.78159089
-8.740127868
-8.707720632
-8.673096467
-8.640156952
-8.587502664
-8.51069678
-8.437248002
-8.371081809
-8.294261609
-8.262872817
-8.261190777
-8.281472246
-8.299506794
-8.323725569
-8.333881225
-8.341211594
-8.341268893
-8.325040926
-8.333496057
-8.362184978
-8.409989615
-8.452716829
-8.512277028
-8.579654546
-8.63688155
-8.686223071
-8.72098126
-8.73441517
-8.751774857
-8.77192601
-8.784218696
-8.797626079
-8.77788845
-8.74805442
-8.68456726
-8.592490444
-8.448281322
-8.304140106
-8.140544794
-7.974926299
-7.820675414
-7.705158374
-7.606015466
-7.533612312
-7.490774193
-7.476371433
-7.476371433
-7.476371433
-7.480322561
-7.480322561
-7.480322561
-7.492173314
-7.507968182
-7.519809731
-7.527701907
-7.53559233
-7.52940516
-7.524282874
-7.514108276
-7.504681235
-7.492023017
-7.472584408
-7.455274784
-7.411410154
-7.367564593
-7.318692525
-7.282313754
-7.271078687
-7.266730344
-7.281420898
-7.305091045
-7.33268631
-7.35022555
-7.367750934
-7.371300739
-7.361224952
-7.346878836
-7.326444203
-7.309224923
-7.292007189
-7.274791002
-7.265769325
-7.244567456
-7.223365565
-7.195026833
-7.159558697
-7.126191496
-7.099954987
-7.074760228
-7.044520995
-7.031480556
-7.008194585
-6.983873179
-6.959556972
-6.929169025
-6.872367078
-6.80953047
-6.743813674
-6.68830557
-6.643905855
-6.604549055
-6.587391423
-6.563153837
-6.538921463
-6.520750604
-6.506541548
-6.484186264
-6.45788207
-6.437636715
-6.413438174
-6.371103278
-6.32878436
-6.298566345
-6.274397804
-6.245205302
-6.224077207
-6.200931038
-6.177788301
-6.141570748
-6.099331793
-6.046051209
-5.998820839
-5.95663373
-5.9204861
-5.884350238
-5.869276105
-5.857234095
-5.845193393
-5.827134793
-5.791026427
-5.754929838
-5.712832042
-5.655741789
-5.60572153
-5.569678374
-5.533647012
-5.487588488
-5.439582537
-5.382595671
-5.332599527
-5.276622087
-5.214669805
-5.148746705
-5.082909374
-5.031058234
-4.982171672
-4.943267601
-4.9093863
-4.873536851
-4.833698777
-4.789868608
-4.736073033
-4.688251263
-4.6384765
-4.584702746
-4.517067832
-4.445444797
-4.376918855
-4.301482477
-4.232036348
-4.167635425
-4.096153839
-4.035638756
-3.985102583
-3.939587194
-3.895935726
-3.844275032
-3.786685692
-3.736253257
-3.687718733
-3.625230186
-3.569042095
-3.51564898
-3.474399407
-3.452647722
-3.452647722
-3.442685247
-3.432722446
-3.405059613
-3.374297427
-3.314966742
-3.236656925
-3.153312183
-3.063133247
-2.968868202
-2.859643508
-2.740454294
-2.622723792
-2.456051187
-2.281793786
-2.094976232
-1.924922355
-1.821476182
-1.780484715
-1.768775897
-1.767059636
-1.76620144
-1.760348188
-1.759490167
-1.759490167
-1.757773993
-1.754341125
-1.74591528
-1.739206858
-1.720800912
-1.691561172
-1.638285007
-1.604091064
-1.58744915
-1.56583467
-1.543383079
-1.508400174
-1.475964593
-1.426014093
-1.388592024
-1.357006604
-1.325434684
-1.293874591
-1.253207264
-1.210833423
-1.168454859
-1.111134084
-1.049676083
-1.001489787
-0.94665341
-0.895987015
-0.850328968
-0.824606813
-0.796408731
-0.773186537
-0.756598055
-0.739180268
-0.733374746
-0.713464635
-0.689401659
-0.653727435
-0.607271699
-0.542540841
-0.450441241
-0.347560522
-0.236460803
-0.132788288
-0.032500543
0.056206599
0.14331626
0.222037258
0.2642843
0.294985341
0.336446326
0.397853188
0.466607296
0.54453476
0.63397812
0.740240996
0.866104745
0.995411387
1.098253192
1.191888888
1.27054522
1.331201297
1.352671542
1.358432176
1.359952949
1.364953063
1.364953063
1.374193437
1.397179812
1.412940919
1.432945256
1.474386341
1.520072623
1.57643023
1.633508157
1.70984609
1.765485507
1.787713416
1.814977907
1.860740981
1.891525654
1.92372731
1.978626427
2.061382818
2.122736441
2.169911377
2.232153762
2.275904455
2.331765202
2.410382547
2.496746988
2.547383706
2.563781461
2.565952187
2.571018362
2.576810245
2.586226522
2.605666807
2.645748812
2.686550302
2.743663861
2.783639346
2.790091013
2.795822514
2.7972624
2.804433456
2.81946721
2.845184721
2.865172468
2.875915114
2.890235115
2.920846144
2.955755127
3.021931272
3.119427666
3.196274551
3.242633836
3.255483059
3.262611903
3.264021249
3.274690395
3.280344649
3.282457163
3.293893262
3.315994544
3.336754105
3.36386659
3.400937493
3.441619767
3.452350002
3.468025997
3.48230403
3.497281877
3.504322231
3.514353498
3.516446991
3.517144883
3.521462416
3.530098717
3.540757183
3.541454267
3.54494014
3.553441349
3.579909375
3.628302957
3.671596754
3.70847973
3.745973385
3.792107878
3.841954522
3.886941928
3.921759622
3.948892477
3.973971908
4.002704302
4.028473914
4.04352705
4.05424503
4.064281195
4.069981067
4.074317808
4.078654958
4.079336282
4.096435306
4.141605941
4.181765122
4.212567042
4.244048454
4.278523555
4.31735388
4.377280023
4.458038416
4.536503304
4.608274327
4.685090653
4.743773834
4.78424085
4.854072198
4.927648977
4.981758441
5.020316288
5.065031361
5.104061469
5.136209372
5.150902791
5.161750267
5.151437382
5.131687738
5.110632295
5.105695264
5.095166881
5.074764739
5.048769243
5.020469731
4.976720181
4.972354239
4.994641027
5.014400158
5.025389599
5.052068373
5.090716202
5.098236922
5.088320935
5.0476831
4.996402017
4.938187754
4.868758152
4.827312879
4.789442728
4.762096405
4.757843897
4.758520336
4.753592082
4.736775821
4.716384688
4.692424957
4.657256422
4.609504935
4.552576419
4.497021844
4.438979002
4.384460075
4.335542207
4.321367324
4.313511797
4.313379278
4.32268799
4.331303091
4.360616321
4.398687436
4.443645971
4.498068021
4.5461934
4.568410276
4.573937082
4.57369562
4.557677325
4.535340665
4.516327646
4.501701524
4.490916297
4.502085162
4.516243651
4.521637716
4.526178508
4.504383657
4.47203458
4.431775868
4.397308142
4.355807491
4.324857215
4.292488036
4.277720631
4.261533344
4.241133746
4.212318259
4.188431282
4.152015451
4.109792144
4.095755302
4.08028106
4.06900388
4.063364766
4.064085704
4.041526713
4.026049133
4.004929651
3.971796952
3.943018889
3.906742995
3.868601997
3.820202378
3.7500412
3.668851246
3.575873098
3.490551914
3.389821914
3.305869491
3.249731003
3.244039176
3.244039176
3.252760902
3.261484256
3.265846544
3.27457234
3.278935849
3.283299765
3.287664088
3.287664088
3.287664088
3.281971164
3.270584266
3.259195971
3.247806276
3.225022694
3.179438751
3.119031172
3.055980621
3.002986961
2.926944435
2.83865657
2.748738346
2.678900318
2.584495086
2.449238677
2.312907606
2.207948643
2.09694313
2.017499231
1.96893718
1.963394969
1.957632663
1.951870009
1.951870009
1.940343658
1.917286782
1.899990473
1.871156338
1.830773946
1.781321218
1.735962908
1.683973463
1.603045052
1.51277351
1.449085995
1.391998918
1.328233432
1.287633529
1.260100914
1.248495207
1.242691833
1.219474866
1.196252349
1.155599587
1.085869594
0.966720921
0.81400537
0.652479499
0.474789997
0.286752873
0.102814374
-0.077039201
-0.232009241
-0.347522129
-0.430986419
-0.486651187
-0.50431903
-0.50431903
-0.508033435
-0.548162716
-0.580297955
-0.603193539
-0.619263933
-0.661829972
-0.739798475
-0.81849126
-0.928409369
-1.070364778
-1.229579572
-1.39748809
-1.591269984
-1.775687584
-1.934728605
-2.058077083
-2.12724351
-2.15387538
-2.159841785
-2.159841785
-2.159841785
-2.159841785
-2.160838344
-2.168063783
-2.189989277
-2.230842732
-2.284143434
-2.349891434
-2.409146279
-2.470396542
-2.525224301
-2.592810524
-2.671671201
-2.765636195
-2.850645609
-2.935728365
-3.03188225
-3.164235703
-2.543984033
