9.3532
9.3994
9.4336
9.4566
9.4871
9.5251
9.5583
9.6208
9.6925
9.7743
9.8976
10.0343
10.1663
10.2836
10.3829
10.4454
10.4953
10.5401
10.5820
10.6035
10.6264
10.6335
10.6534
10.6317
10.5712
10.4728
10.3560
10.2241
10.1328
10.1009
10.0998
10.1243
10.1303
10.1211
10.1234
10.1230
10.1197
10.0920
10.0551
10.0055
9.9761
9.9782
10.0188
10.0680
10.1203
10.1793
10.2566
10.3032
10.3376
10.3639
10.3988
10.4220
10.4405
10.4749
10.4771
10.4871
10.4932
10.4960
10.4864
10.4643
10.3928
10.3062
10.2037
10.0664
9.9191
9.7781
9.6359
9.4887
9.3594
9.2657
9.1821
9.1058
9.0100
8.8990
8.7949
8.6910
8.5932
8.4951
8.4002
8.3076
8.2196
8.1220
8.0393
7.9719
7.9369
7.9159
7.8831
7.8213
7.7707
7.7439
7.7078
7.6757
7.6504
7.6188
7.5903
7.5476
7.4853
7.4199
7.3710
7.3020
7.2667
7.2554
7.2592
7.2584
7.2567
7.2559
7.2559
7.2422
7.2032
7.1594
7.1421
7.1035
7.0522
6.9997
6.9605
6.9288
6.8720
6.8208
6.7757
6.7133
6.6259
6.5054
6.3406
6.1208
5.8581
5.5728
5.2906
5.0241
4.8251
4.6983
4.6278
4.6152
4.6152
4.6076
4.5924
4.5876
4.5829
4.5781
4.5620
4.5353
4.5076
4.4714
4.4131
4.3327
4.2424
4.1595
4.0608
3.9729
3.8859
3.7785
3.6298
3.5007
3.3672
3.2230
3.0892
3.0001
2.9283
2.8316
2.7398
2.6676
2.5928
2.5158
2.4486
2.3738
2.3193
2.2644
2.1786
2.1053
2.0434
1.9575
1.8417
1.7337
1.6116
1.4680
1.3258
1.2035
1.0647
0.9197
0.7785
0.6158
0.4480
0.3076
0.2059
0.1158
0.0347
-0.0413
-0.1335
-0.2493
-0.3628
-0.4647
-0.5728
-0.6749
-0.7657
-0.8518
-0.9605
-1.0458
-1.1287
-1.2229
-1.3045
-1.4099
-1.5278
-1.6516
-1.7764
-1.9184
-2.0894
-2.2778
-2.4598
-2.6433
-2.8105
-2.9388
-3.0238
-3.0818
-3.1009
-3.1148
-3.1428
-3.1935
-3.2810
-3.3966
-3.5793
-3.8108
-4.0567
-4.3146
-4.5660
-4.8206
-5.0541
-5.2313
-5.3483
-5.4194
-5.4763
-5.5280
-5.5728
-5.6371
-5.7405
-5.8544
-5.9667
-6.0968
-6.2445
-6.3869
-6.5223
-6.6880
-6.8624
-7.0173
-7.1813
-7.3363
-7.4840
-7.5910
-7.6766
-7.7890
-7.9388
-8.1242
-8.3398
-8.6018
-8.9082
-9.2308
-9.5745
-9.9058
-10.1788
-10.4015
-10.5690
-10.6534
-10.6659
-10.6799
-10.7082
-10.7454
-10.7946
-10.8686
-10.9497
-11.0685
-11.1995
-11.3798
-11.5932
-11.8123
-12.0141
-12.2223
-12.3766
-12.4956
-12.5882
-12.6670
-12.7081
-12.7313
-12.7613
-12.8024
-12.8478
-12.9053
-12.9655
-13.0382
-13.1143
-13.2007
-13.2896
-13.3653
-13.4357
-13.5203
-13.5979
-13.6611
-13.7299
-13.7905
-13.8409
-13.8884
-13.9280
-13.9848
-14.0339
-14.0842
-14.1212
-14.1748
-14.2706
-14.3798
-14.4856
-14.5871
-14.7150
-14.8307
-14.9307
-15.0441
-15.1630
-15.2716
-15.3920
-15.5057
-15.6032
-15.6762
-15.7688
-15.8505
-15.8978
-15.9241
-15.9559
-15.9845
-16.0142
-16.0604
-16.1124
-16.1772
-16.2428
-16.3084
-16.3857
-16.4749
-16.5560
-16.5925
-16.6482
-16.7103
-16.7585
-16.7947
-16.8490
-16.9157
-16.9583
-17.0097
-17.0482
-17.0891
-17.1283
-17.2076
-17.3038
-17.4014
-17.5176
-17.6448
-17.7998
-17.9683
-18.1121
-18.2402
-18.3518
-18.4267
-18.4839
-18.5411
-18.5921
-18.6336
-18.6934
-18.7468
-18.7938
-18.8191
-18.8383
-18.8668
-18.8982
-18.9111
-18.9391
-18.9828
-19.0494
-19.1077
-19.1922
-19.3097
-19.4381
-19.5720
-19.7226
-19.8587
-19.9662
-20.0410
-20.1013
-20.1715
-20.2539
-20.3471
-20.4435
-20.5408
-20.6231
-20.7022
-20.7749
-20.8303
-20.8711
-20.9288
-20.9720
-21.0033
-21.0315
-21.0421
-21.0012
-20.9037
-20.7976
-20.6887
-20.5882
-20.4845
-20.4008
-20.2916
-20.1621
-20.0403
-19.9323
-19.8438
-19.7460
-19.6603
-19.5835
-19.5014
-19.4309
-19.3829
-19.3320
-19.2558
-19.1393
-18.9974
-18.8680
-18.7582
-18.6622
-18.5833
-18.5648
-18.5901
-18.6148
-18.6242
-18.6395
-18.6517
-18.6581
-18.6735
-18.6950
-18.7106
-18.7127
-18.6988
-18.6678
-18.5940
-18.4932
-18.3698
-18.2460
-18.1137
-17.9810
-17.8698
-17.7549
-17.6590
-17.5794
-17.5229
-17.4974
-17.4513
-17.3456
-17.2210
-17.0891
-16.9190
-16.6941
-16.4906
-16.3396
-16.2376
-16.1804
-16.1635
-16.1605
-16.1551
-16.1358
-16.0864
-16.0152
-15.9039
-15.7302
-15.5286
-15.3311
-15.1066
-14.8945
-14.7287
-14.6125
-14.5401
-14.5093
-14.5070
-14.5070
-14.5070
-14.5016
-14.4869
-14.4560
-14.3936
-14.3056
-14.1744
-14.0007
-13.7962
-13.5842
-13.3817
-13.1921
-13.0333
-12.9146
-12.8055
-12.7091
-12.6254
-12.5746
-12.5121
-12.4665
-12.4242
-12.3670
-12.2981
-12.2303
-12.1287
-11.9994
-11.8414
-11.6559
-11.4269
-11.1543
-10.8841
-10.6198
-10.3781
-10.1977
-10.0538
-9.9842
-9.9536
-9.9504
-9.9341
-9.9276
-9.9087
-9.8599
-9.8106
-9.7534
-9.6755
-9.5774
-9.4710
-9.3659
-9.2594
-9.1240
-8.9840
-8.8491
-8.7040
-8.5707
-8.4342
-8.3482
-8.2457
-8.1260
-8.0047
-7.8452
-7.6891
-7.5394
-7.4453
-7.4018
-7.3885
-7.3668
-7.3367
-7.3117
-7.2563
-7.1926
-7.1054
-7.0268
-6.9262
-6.8171
-6.7014
-6.5890
-6.4751
-6.3763
-6.2776
-6.1855
-6.1018
-6.0115
-5.9046
-5.7793
-5.6475
-5.5224
-5.4074
-5.3140
-5.2424
-5.1825
-5.1174
-5.0408
-4.9777
-4.9063
-4.8265
-4.7168
-4.6238
-4.5241
-4.4229
-4.2935
-4.1495
-4.0004
-3.8349
-3.6583
-3.4745
-3.2763
-3.0619
-2.8448
-2.6472
-2.4854
-2.3588
-2.2226
-2.0837
-1.9230
-1.7452
-1.5486
-1.3370
-1.1105
-0.8795
-0.6639
-0.4729
-0.2983
-0.1727
-0.0808
0.0214
0.1157
0.2040
0.2747
0.3230
0.4026
0.5108
0.6211
0.7174
0.8044
0.8703
0.9058
0.9291
0.9574
0.9802
0.9983
1.0015
1.0151
1.0216
1.0543
1.1052
1.1871
1.2699
1.3421
1.4347
1.5431
1.6513
1.7661
1.9097
2.0636
2.2233
2.4038
2.5902
2.7659
2.9089
3.0595
3.2349
3.4044
3.5677
3.6850
3.7854
3.8861
3.9788
4.0750
4.1870
4.2946
4.3863
4.4709
4.5195
4.5602
4.6297
4.7214
4.8419
4.9835
5.1450
5.3093
5.4949
5.6947
5.8882
6.0546
6.2083
6.3549
6.4758
6.5421
6.5885
6.6315
6.6638
6.6995
6.7205
6.7417
6.7782
6.8032
6.8283
6.8768
6.9253
6.9778
7.0221
7.0818
7.1382
7.2024
7.2594
7.3253
7.3817
7.4610
7.5754
7.7018
7.8349
7.9870
8.1324
8.2933
8.4640
8.6070
8.7199
8.8180
8.9085
8.9963
9.0573
9.0955
9.1405
9.1823
9.2086
9.2347
9.2759
9.3289
9.4084
9.5169
9.6546
9.8257
10.0162
10.2163
10.4309
10.6534
10.8502
11.0091
11.1420
11.2189
11.2779
11.3148
11.3259
11.3259
11.3259
11.3259
11.3219
11.3254
11.3327
11.3508
11.3909
11.4533
11.5046
11.5552
11.6162
11.6958
11.7949
11.8904
11.9854
12.0583
12.1319
12.1979
12.2608
12.3051
12.3568
12.3935
12.4005
12.4037
12.4213
12.4537
12.5010
12.5739
12.6454
12.7398
12.8335
12.9184
13.0029
13.1006
13.2180
13.3435
13.4434
13.4972
13.5356
13.5326
13.5034
13.4510
13.3871
13.3191
13.2857
13.2710
13.2873
13.2991
13.2950
13.2748
13.2431
13.1918
13.0960
13.0157
12.9469
12.8669
12.8265
12.7657
12.7163
12.6790
12.6531
12.6154
12.5791
12.5614
12.5703
12.5949
12.6193
12.6618
12.6980
12.7466
12.7951
12.8224
12.8256
12.8025
12.7535
12.7141
12.6934
12.6997
12.6955
12.6955
12.6871
12.6718
12.6641
12.6641
12.6641
12.6645
12.6687
12.6465
12.6175
12.6355
12.7093
12.8110
12.9381
13.0423
13.1206
13.1781
13.2111
13.1925
13.1559
13.1328
13.1340
13.1930
13.2945
13.4075
13.4583
13.4550
13.3670
13.2177
13.0511
12.8940
12.7006
12.4980
12.3013
12.1534
12.0307
11.9197
11.7670
