44.79427574
44.78019657
44.77704743
44.76140086
44.71318779
44.65569737
44.62908464
44.6268117
44.60140546
44.58436609
44.55766492
44.51406402
44.45952186
44.40767612
44.35258611
44.29477889
44.24273871
44.21464789
44.21153639
44.21276413
44.21736884
44.20249972
44.18482269
44.15747527
44.09630545
44.08682565
44.12537654
44.15266473
44.14818802
44.19841173
44.30781465
44.41711529
44.46511348
44.48044689
44.50039776
44.5421745
44.64112116
44.70946035
44.75932658
44.78190355
44.78685859
44.77375057
44.77628319
44.79723968
44.83776693
44.90279218
44.95863577
44.95786969
44.96074111
44.95973532
44.96831783
44.957127
44.96279778
44.98263739
45.00310197
44.98626632
44.94293644
44.93225451
44.925405
44.88913936
44.85000581
44.84869046
44.84108695
44.83123548
44.81842033
44.80538126
44.77613139
44.74278773
44.72503519
44.7301545
44.75342366
44.77206845
44.75371323
44.72297224
44.77133364
44.90352875
45.0593367
45.04821615
44.94246287
44.80758866
44.77155131
44.75874618
44.78716723
44.85935831
45.00170879
45.12258302
45.18759794
45.18505879
45.15910395
45.12984148
45.08916633
45.03687772
45.0241062
45.03351349
45.05080819
45.07183138
45.12296172
45.19489651
45.25417209
45.27234996
45.26746286
45.25205992
45.2559744
45.26583508
45.2926969
45.34158028
45.40324331
45.46053135
45.48577126
45.48577126
45.49224432
45.49224432
45.50546878
45.56586618
45.61562602
45.6348975
45.64492512
45.649334
45.65815226
45.65769332
45.70368035
45.74111132
45.71288309
45.70331125
45.71927506
45.70505059
45.65095801
45.59984993
45.57844076
45.55980406
45.51615399
45.45732587
45.45181161
45.46603351
45.44269981
45.45819199
45.51387536
45.57341926
45.62531526
45.59670305
45.54664524
45.50281099
45.44798216
45.38058667
45.32085291
45.31748002
45.34497618
45.34821741
45.3447384
45.36218152
45.38047941
45.36609626
45.32964212
45.28674303
45.23988917
45.18784058
45.14566531
45.11229777
45.09890936
45.06121294
45.03120746
45.03416952
45.00212914
44.94532887
44.90694566
44.89822562
44.87756189
44.83265789
44.82446751
44.85618148
44.83569403
44.78232335
44.79470092
44.87634849
44.9263502
44.91881061
44.90356429
44.92563826
44.90533992
44.89567878
44.87216743
44.85745231
44.82482477
44.80296619
44.77735186
44.75164362
44.72725526
44.69728533
44.66261644
44.64747952
44.64671731
44.6351624
44.63531166
44.67200993
44.70521527
44.72719282
44.73663857
44.74764276
44.72673893
44.724163
44.66615733
44.62153897
44.59456962
44.57527335
44.54059317
44.50326963
44.50118322
44.5209353
44.56910418
44.62575533
44.67356446
44.70664555
44.81336226
44.92102152
44.98749229
45.03147544
45.04908044
45.0429489
45.04069231
45.04069231
45.06813741
45.1253326
45.15154067
45.13915085
45.12234621
45.12885638
45.13674309
45.13028921
45.14291528
45.1484533
45.15404725
45.1505161
45.17962531
45.19578022
45.1950603
45.19360648
45.19700745
45.20510969
45.1976273
45.1973601
45.20449211
45.2183362
45.21074233
45.21385744
45.20315964
45.20011256
45.19597719
45.16937269
45.14661346
45.13988491
45.15501336
45.14791544
45.13451823
45.12047912
45.10621879
45.10787717
45.13022761
45.17792096
45.22255724
45.26701368
45.32794566
45.36890137
45.38994256
45.42095197
45.44328459
45.44328849
45.43109349
45.41485479
45.42109999
45.41941705
45.41386569
45.41968418
45.44795753
45.51379912
45.58454893
45.66252324
45.72647988
45.77426113
45.81410898
45.84185242
45.84743782
45.84563683
45.86085648
45.89117226
45.90942326
45.92015393
45.93932707
45.98536063
46.02651525
46.07542219
46.14336988
46.21275792
46.27366788
46.31675007
46.36434661
46.39189382
46.41135985
46.44694866
46.46543101
46.46945484
46.47441269
46.47689211
46.4793719
46.49425771
46.53898852
46.5711738
46.59385255
46.61879807
46.65810917
46.72582175
46.8109307
46.88552183
46.91975262
46.98140569
47.05049093
47.14303255
47.19402773
47.19349516
47.1891799
47.19899938
47.22331314
47.25638094
47.29184638
47.35065401
47.41060485
47.44311795
47.49362993
47.55501156
47.61961761
47.68148377
47.74553685
47.80327719
47.86343266
47.93691655
48.02253198
48.10609183
48.16994088
48.20159912
48.21303546
48.22962298
48.231176
48.24278001
48.27729999
48.33184371
48.37973768
48.41458036
48.46241114
48.49029599
48.52038559
48.53646604
48.55647919
48.57056418
48.5951105
48.61511528
48.66375248
48.71563105
48.76045898
48.78546719
48.79291991
48.79398358
48.77586449
48.75796469
48.7471234
48.74562661
48.76805509
48.80634438
48.84897096
48.88198635
48.90239142
48.91490608
48.89449339
48.87978787
48.88722969
48.91612495
48.98398586
49.02222833
49.04158295
49.04316872
49.03758953
49.01039651
49.00112297
49.00980576
49.04583778
49.08338617
49.08432482
49.07379697
49.08343577
49.09022742
49.10368678
49.11209684
49.1218517
49.12547988
49.11504906
49.11779479
49.11817579
49.13164376
49.12789899
49.12377159
49.13589391
49.14163343
49.1498935
49.16046055
49.17546949
49.17792347
49.18566237
49.17898242
49.16622888
49.16557698
49.17731137
49.18964807
49.18493466
49.17993902
49.18129104
49.1768642
49.17294325
49.18369169
49.16792319
49.15820122
49.18756631
49.23690443
49.25833729
49.31146336
49.35053268
49.39997718
49.46459209
49.52607664
49.58738165
49.62088156
49.66353469
49.71723866
49.76179943
49.77512705
49.79075511
49.82383557
49.84792308
49.87828405
49.8898062
49.91799803
49.9333267
49.91714149
49.89744857
49.90618811
49.92672627
49.93527749
49.9388138
49.94981751
49.95548543
49.94257539
49.91986413
49.89902482
49.85888069
49.83204117
49.8176914
49.79755027
49.7579137
49.74819905
49.75853605
49.75592697
49.73050199
49.7246962
49.69278045
49.66766053
49.63008022
49.62024502
49.62163891
49.63644933
49.62974626
49.63339632
49.62692699
49.60591626
49.5842252
49.56835638
49.57915076
49.61051112
49.63978412
49.6770654
49.68690392
49.69672572
49.70065132
49.69907595
49.70027829
49.71443526
49.72265056
49.72678192
49.71168337
49.69280283
49.67320809
49.63178024
49.58791834
49.52092805
49.47074067
49.45255642
49.41924432
49.37856598
49.32643448
49.2888841
49.2706253
49.25631233
49.21233276
49.19290516
49.15695329
49.14222298
49.15000259
49.14248067
49.12710101
49.10845447
49.10233674
49.12123448
49.12477696
49.12586164
49.11221314
49.11452484
49.12354799
49.12454415
49.1482317
49.15553537
49.17420234
49.18690329
49.19569528
49.20533312
49.20970718
49.21684498
49.22545906
49.23285123
49.23830638
49.24647246
49.26000342
49.26070875
49.25949196
49.26706103
49.26461683
49.27763152
49.28009428
49.25824034
49.22411752
49.16820091
49.09675312
49.05277818
49.02483033
48.96103091
48.91253234
48.90420397
48.90960964
48.89855603
48.89433148
48.88924597
48.88714286
48.89573364
48.89223396
48.89224807
48.88810444
48.88873036
48.86750975
48.82931695
48.79547574
48.77734644
48.76911096
48.75373499
48.71007152
48.64374752
48.56804361
48.4917299
48.41751104
48.38900098
48.34616826
48.26549665
48.18787583
48.12331651
48.06927788
48.03576176
48.01034379
47.99250351
47.98349463
47.98349463
47.98125599
47.97677974
47.97345381
47.96789681
47.96011332
47.94118763
47.92346504
47.91732265
47.9229151
47.9459324
47.96001506
47.96674147
47.94658374
47.9416844
47.90986474
47.87282294
47.87903596
47.88445348
47.87090148
47.84374378
47.81878117
47.77622553
47.70943432
47.63168502
47.55007321
47.48561746
47.41311298
47.3512599
47.30620353
47.26455669
47.2218574
47.20348586
47.17862796
47.13431166
47.06893246
47.03096492
46.97194221
46.88047093
46.8103818
46.77604544
46.7247961
46.65843144
46.59145191
46.53895931
46.49163723
46.43122098
46.40275404
46.36038459
46.30491387
46.25887062
46.24533993
46.25587678
46.26563696
46.27013296
46.27723771
46.27412653
46.258096
46.26898342
46.27908649
46.26707733
46.22739444
46.20757579
46.19938905
46.19301278
46.18717925
46.14157035
46.1514909
46.17020722
46.15122905
46.13606
46.11288667
46.06472978
45.93940036
45.76184987
45.62873383
45.5908742
45.53349787
45.39505836
45.1815231
44.92102499
44.63934869
44.31096431
43.97786363
43.63545928
43.35646059
43.14231653
42.97688859
42.75812229
42.51006594
42.21220152
41.95231488
41.68491622
41.49907463
41.35434662
41.24536808
41.12589109
41.0368137
40.99305868
40.9397647
40.85785923
40.75607092
40.64771161
40.53813928
40.43236415
40.32154575
40.1949994
40.10195345
39.9802099
39.85294932
39.73200736
39.58797303
39.4453405
39.31716534
39.24511761
39.24613884
39.26090919
39.25180018
39.28193381
39.3710265
39.51503058
39.70622855
39.93006621
40.15454747
40.43116446
40.78089152
41.11762577
41.39659094
41.60805126
41.78643735
41.92492441
42.03283053
42.11206507
42.1944373
42.28888859
42.38333442
42.50365066
42.63065846
42.75028262
42.89876577
43.08565265
43.25102744
43.38501004
43.4562913
43.52948245
43.56458413
43.59206285
43.66582081
43.81022556
43.9641929
44.10996735
44.24892437
44.34424731
44.41563134
44.45658879
44.49848704
44.56462316
44.65352551
44.73848013
44.82585776
44.91292685
44.96806534
44.98645881
45.02627855
45.11595855
45.22625218
45.29667503
45.35696316
45.38894329
45.37928622
45.35717509
45.3162423
45.305516
45.29614538
45.30816421
45.3293023
45.35200983
45.35827094
45.36082145
45.3715979
45.40570519
45.48488521
45.58512259
45.63610568
45.639705
45.63787669
45.64885171
45.62884068
45.63118578
45.64821303
45.607826
45.58628346
45.57916933
45.57743301
45.54211516
45.50402978
45.49412749
45.49193235
45.47101182
45.46228778
45.45330715
45.43368808
45.42252106
45.39572494
45.37411218
45.36564443
45.37054917
45.35197321
45.33935079
45.33588055
45.34281678
45.34712241
45.34840591
45.36994182
45.39771953
45.41911771
45.44938545
45.44659946
45.44168975
45.45987113
45.48817874
45.54018574
45.62584745
45.72128123
45.7548943
45.73371631
45.71656472
45.67587424
45.62977237
45.61148402
45.60860989
45.6382722
45.64994063
45.68994333
45.7363056
45.75264139
45.73010496
45.70237882
45.65176471
45.62183942
45.58697195
45.58267843
45.58299133
45.59260136
45.60305309
45.60905525
45.63979854
45.65835561
45.64716777
45.62874366
45.60330254
45.56882784
45.54302408
45.5378637
45.53599028
45.54955974
45.5511594
45.53209852
45.54187704
45.59077752
45.63012095
45.63635078
45.62447782
45.60778246
45.60826815
45.59884899
45.60272828
45.61290694
45.63952553
45.67101371
45.71218692
45.71032944
45.66912468
45.66118252
45.66876379
45.69316676
45.69104509
45.67654386
45.71258317
45.75823623
45.77854729
45.76170358
45.77212914
45.7919987
45.79739918
45.79509858
45.79970625
45.80969012
45.81038333
45.80159187
45.81205205
45.82732368
45.84077682
45.84267908
45.8540691
45.88173191
45.9274075
45.94729448
45.95569734
45.95119241
45.94821883
45.93425121
45.90621259
45.86087204
45.83008634
45.82222545
45.80695651
45.79301078
45.77631793
45.76637857
45.76252442
45.76807522
45.79399863
45.80200658
45.79067296
45.78182062
45.75890064
45.77326488
45.80199583
45.80823528
45.84183694
45.89565681
45.94929583
46.00097401
46.0423398
46.06839428
46.0702272
46.07509962
46.06041368
46.04264816
46.02903218
46.03688219
46.04701531
46.03717235
46.02103326
46.000024
45.98490895
45.99217131
45.98059352
45.9820941
45.99841044
46.01313761
46.02771693
46.0198597
45.99593839
45.96902258
45.98307425
45.9806349
45.96695973
45.95926216
45.94873004
45.95367326
45.95126691
45.967753
45.9819024
45.99934476
46.00002977
45.98597571
45.9937465
45.98537151
45.98771946
45.98648123
45.98169335
45.99052862
46.00997275
46.00768035
46.02934041
46.07029128
46.13476395
46.18809911
46.22980305
46.25890404
46.277943
46.26340966
46.2485485
46.24515082
46.25260552
46.29092946
46.36643843
46.46247847
46.53789802
46.63024099
46.7076422
46.75717981
46.78696638
46.79396117
46.80423266
46.81450463
46.81450463
46.81858744
46.84307706
46.87110021
46.90854307
46.95165317
46.99413697
47.03547442
47.06592552
47.09180859
47.11890077
47.13398519
47.14981062
47.16039357
47.18889501
47.21062993
47.20034846
47.20147744
47.22270375
47.22662614
47.2368746
47.27638708
47.29692561
47.28503176
47.27566358
47.27965993
47.27438544
47.27414501
47.2933948
47.33452436
47.37647224
47.37909244
47.38744773
47.43237907
47.48199212
47.50203319
47.55461243
47.59519155
47.61997183
47.66174504
47.74500696
47.79102876
47.79784211
47.79458221
47.77696883
47.74289761
47.70677853
47.67967664
47.67109813
47.64976358
47.62297844
47.62597989
47.63960342
47.65180189
47.63853124
47.63572435
47.64563109
47.65957453
47.6836783
47.70515544
47.70884867
47.71929819
47.72374331
47.73904823
47.75523285
47.76442599
47.73729243
47.72553291
47.71911515
47.70484671
47.71136155
47.7406508
47.78983933
47.82820104
47.86108145
47.91415234
47.98508822
48.0966133
48.22469168
48.34614527
48.43204094
48.47062801
48.48208927
48.48208927
48.48208927
48.47311333
48.47212408
48.49219779
48.52079311
48.53648768
48.53236725
48.53481941
48.54054387
48.53345381
48.53783803
48.54334227
48.56892916
48.60481599
48.61811259
48.62038886
48.61575431
48.62874851
48.62887052
48.62777611
48.61837096
48.63531136
48.66090766
48.68105058
48.69727594
48.70582961
48.71499025
48.73331902
48.74912236
48.77774106
48.80102277
48.81042962
48.79716263
48.81212199
48.82383366
48.8269765
48.82607255
48.80016761
48.78194438
48.78772782
48.82044889
48.82682934
48.82506955
48.83244045
48.82822324
48.83843176
48.84446199
48.85234648
48.85115305
48.83108121
48.83657011
48.8424647
48.86006455
48.87287408
48.88053865
48.88490931
48.89520375
48.89594619
48.89134421
48.90927333
48.92247832
48.96579664
49.00488534
49.04096798
49.09988414
49.10779206
49.16066225
49.17149964
49.18886254
49.19338246
49.20790267
49.20950034
49.22103831
49.24845075
49.28631636
49.3195323
49.33616547
49.364895
49.38177023
49.39658526
49.41048185
49.4213779
49.43075738
49.44853561
49.45959862
49.45875023
49.44081188
49.42989982
49.40434181
49.37100062
49.33394747
49.30642625
49.27082099
49.24212233
49.20036697
49.17117356
49.1376823
49.10274938
49.07768966
49.07561085
49.08690098
49.07656194
49.07336622
49.07611144
49.08412607
49.08544205
49.09440165
49.09800933
49.10533855
49.10999427
49.10949258
49.1182982
49.10550015
49.08058807
49.05464167
49.04472822
49.03687835
49.0359736
49.03855824
49.02483945
49.00039504
48.98439329
48.94453014
48.91327087
48.89900219
48.85845229
48.81862109
48.77693697
48.72782536
48.67735552
48.61847389
48.57259328
48.53560118
48.52253208
48.50552535
48.48430483
48.46044055
48.43198602
48.40513878
48.39288417
48.38198974
48.38072346
48.38426452
48.39260398
48.3878119
48.37104997
48.35967658
48.34832294
48.33638561
48.34126031
48.35500588
48.35195246
48.35018406
48.34604004
48.35329149
48.34742721
48.35601908
48.34614384
48.33160545
48.31472871
48.3002528
48.30234366
48.29783027
48.29600694
48.28344563
48.26566099
48.24157378
48.19850905
48.14107399
48.08744659
48.02418529
47.94316165
47.8689013
47.82211152
47.78038207
47.71616324
47.62245345
47.52611298
47.48429714
47.44679923
47.4005465
47.31944492
47.23289358
47.15922739
47.11125087
47.06770539
47.01341252
46.9613905
46.94568222
46.95352648
46.93210999
46.92996893
46.94160462
46.94759855
46.95774217
46.96388136
46.97724201
46.98847738
46.98711007
46.97140289
46.92506802
46.8803045
46.82130192
46.74755864
46.67847432
46.61700645
46.5755467
46.53514452
46.53382567
46.54775137
46.54116313
46.52934859
46.50677749
46.46203422
46.41888117
46.39336755
46.40477456
46.40262214
46.40420972
46.40095821
46.38749957
46.39003809
46.39003809
46.38063778
46.38123804
46.38296035
46.38476821
46.36895021
46.32849236
46.19647967
46.0156678
45.77175214
45.45836677
45.18275018
44.93247045
44.63008431
44.26500239
43.83756331
43.43330352
43.04459575
42.66218579
42.24906526
41.78042836
41.29437042
40.86425497
40.45332789
40.0387916
39.62533628
39.39999498
39.24979281
39.22128369
39.21775191
39.23209239
39.21843756
39.19718486
39.18878277
39.21503475
39.2697426
39.39206054
39.53487903
39.69900358
39.90349447
40.1697105
40.4367092
40.67983022
40.90592201
41.08110811
41.20574251
41.39076959
41.58925219
41.72855385
41.81398374
41.92231573
42.00497284
42.05447747
42.1235912
42.20458633
42.30689736
42.4584017
42.63763445
42.84247573
43.08373241
43.36662195
43.65892735
43.95209473
44.21255435
44.40067747
44.49902353
44.55874019
44.5975099
44.61562538
44.6413829
44.64567649
44.67520206
44.79231726
44.90079445
44.97517355
45.0640765
45.15800402
45.25287903
45.31609679
45.39202115
45.48912375
45.58831849
45.64341461
45.70963015
45.78588486
45.81775472
45.80096765
45.80622809
45.80622809
45.80890334
45.83165061
45.84488332
45.83199287
45.83381013
45.81367064
45.82270425
45.80616452
45.7924011
45.78409608
45.77610205
45.77610205
45.77548701
45.77548701
45.77352458
45.76763969
45.76371842
45.77625952
45.77282455
45.77126537
45.77367912
45.76909083
45.77666652
45.79688425
45.79980745
45.79706288
45.804304
45.81681735
45.81007708
45.79918637
45.78205696
45.76853432
45.73379092
45.69071745
45.67756643
45.67149459
45.67573527
45.66919683
45.67616047
45.68398376
45.67860348
45.67761356
45.66762389
45.67095693
45.67035636
45.6864942
45.68394326
45.66132825
45.66501595
45.70078967
45.7221787
45.7483294
45.7606312
45.77409079
45.80818287
45.85147345
45.86209378
45.86536812
45.88361604
45.92468345
45.94087289
45.96275484
45.99693911
46.02262298
46.0079933
45.98798572
45.98713006
45.974371
45.97558176
45.98685074
45.99799915
46.0092351
46.01978665
46.05737062
46.06187835
46.03904539
46.0528271
46.07983414
46.05428049
46.02324165
46.01898012
45.9993027
45.98896552
46.00445905
46.04365513
46.0509161
46.06834734
46.09207633
46.08580153
46.07488597
46.08464647
46.09610104
46.09611228
46.09616908
46.10964176
46.12154826
46.11083977
46.11746708
46.11551786
46.10429457
46.09322787
46.09221837
46.10732793
46.09158644
46.12706315
46.16621116
46.15533429
46.12682386
46.12148621
46.10962312
46.07636952
46.07586371
46.10533992
46.14793838
46.20896379
46.26227237
46.26411882
46.24890153
46.24893844
46.24637709
46.23715474
46.24787378
46.29710763
46.35102354
46.40086626
46.45850357
46.50246638
46.53500142
46.51195265
46.47392207
46.43280897
46.39854399
46.3992649
46.42119181
46.45933233
46.48592361
46.53452952
46.58416113
46.60787872
46.61544201
46.65231377
46.69996225
46.71974878
46.74137148
46.77776159
46.81229768
46.85229927
46.86897321
46.86602379
46.83435062
46.82467552
46.83475088
46.81542996
46.82041217
46.83945535
46.82956309
46.83180479
46.82609378
46.82520236
46.81580632
46.80860473
46.80044767
46.80057702
46.78446069
46.78517238
46.78901142
46.79852667
46.79638263
46.80613886
46.81666251
46.80305841
46.79231598
46.78746246
46.79191765
46.80275164
46.79946337
46.78297174
46.77523145
46.7797357
46.79502776
46.80693461
46.84167348
46.86866749
46.88663535
46.90713418
46.91179136
46.91774853
46.92551208
46.9252713
46.93131089
46.92875548
46.94526056
46.95792062
46.97146504
46.99025618
47.01008675
47.04428774
47.07926215
47.12064179
47.19355337
47.28155071
47.3583416
47.43698725
47.49180965
47.52660578
47.53341192
47.54837353
47.57421132
47.5855159
47.58259148
47.59333094
47.60708515
47.63385263
47.65855509
47.67183161
47.65833346
47.66134759
47.6524765
47.62187147
47.61875097
47.62219893
47.62886534
47.62766058
47.64953562
47.67956799
47.69913155
47.70078127
47.69338005
47.68407033
47.68654391
47.69157175
47.70411323
47.71366373
47.71881206
47.73417042
47.75229376
47.75232252
47.75308017
47.75312823
47.7317846
47.68135107
47.60253436
47.52807942
47.47657197
47.4192287
47.40126135
47.39440444
47.37649709
47.33193815
47.28699723
47.26906072
47.25562329
47.25881848
47.25392493
47.24821143
47.22358087
47.21309773
47.1903564
47.1347049
47.064673
47.00188329
46.95696758
46.91470729
46.8683782
46.81852398
46.77165961
46.68396329
46.58674729
46.51765055
46.46721439
46.40414426
46.38243499
46.35263264
46.29150068
46.2189438
46.16842464
46.11256124
46.05345147
46.01656199
46.01000923
46.01125667
46.00999419
46.00823135
44.95340396
