-7.624849
-7.671012
-7.717174
-7.763336
-7.809496
-7.855655
-7.901812
-7.947967
-7.994119
-8.040268
-8.086413
-8.132554
-8.178691
-8.224824
-8.270951
-8.317073
-8.363189
-8.409299
-8.455403
-8.501499
-8.547588
-8.593669
-8.639742
-8.685807
-8.731863
-8.777909
-8.823946
-8.869972
-8.915988
-8.961993
-9.007987
-9.053970
-9.099940
-9.145898
-9.191843
-9.237775
-9.283693
-9.329598
-9.375488
-9.421363
-9.467223
-9.513068
-9.558897
-9.604710
-9.650506
-9.696285
-9.742046
-9.787790
-9.833515
-9.879222
-9.924910
-9.970579
-10.016228
-10.061857
-10.107465
-10.153052
-10.198619
-10.244163
-10.289686
-10.335186
-10.380663
-10.426117
-10.471548
-10.516954
-10.562336
-10.607694
-10.653027
-10.698334
-10.743615
-10.788870
-10.834098
-10.879299
-10.924473
-10.969620
-11.014738
-11.059827
-11.104888
-11.149919
-11.194921
-11.239893
-11.284834
-11.329745
-11.374624
-11.419472
-11.464288
-11.509072
-11.553823
-11.598541
-11.643226
-11.687876
-11.732493
-11.777075
-11.821622
-11.866134
-11.910610
-11.955050
-11.999454
-12.043821
-12.088151
-12.132443
-12.176697
-12.220913
-12.265091
-12.309229
-12.353328
-12.397387
-12.441406
-12.485385
-12.529322
-12.573219
-12.617074
-12.660886
-12.704657
-12.748385
-12.792069
-12.835710
-12.879308
-12.922861
-12.966370
-13.009833
-13.053252
-13.096625
-13.139951
-13.183232
-13.226465
-13.269652
-13.312791
-13.355882
-13.398925
-13.441919
-13.484865
-13.527761
-13.570608
-13.613404
-13.656151
-13.698846
-13.741491
-13.784084
-13.826625
-13.869114
-13.911550
-13.953934
-13.996264
-14.038541
-14.080764
-14.122933
-14.165047
-14.207106
-14.249109
-14.291057
-14.332949
-14.374784
-14.416563
-14.458284
-14.499949
-14.541555
-14.583103
-14.624592
-14.666023
-14.707394
-14.748706
-14.789958
-14.831150
-14.872281
-14.913351
-14.954360
-14.995307
-15.036193
-15.077016
-15.117776
-15.158473
-15.199107
-15.239677
-15.280183
-15.320625
-15.361002
-15.401314
-15.441561
-15.481741
-15.521856
-15.561904
-15.601886
-15.641801
-15.681648
-15.721427
-15.761138
-15.800781
-15.840355
-15.879860
-15.919296
-15.958661
-15.997957
-16.037182
-16.076337
-16.115420
-16.154432
-16.193373
-16.232241
-16.271037
-16.309760
-16.348410
-16.386987
-16.425490
-16.463919
-16.502273
-16.540553
-16.578758
-16.616888
-16.654942
-16.692920
-16.730822
-16.768648
-16.806396
-16.844067
-16.881661
-16.919177
-16.956615
-16.993974
-17.031254
-17.068455
-17.105577
-17.142619
-17.179582
-17.216463
-17.253264
-17.289984
-17.326623
-17.363181
-17.399656
-17.436049
-17.472360
-17.508587
-17.544732
-17.580793
-17.616771
-17.652664
-17.688473
-17.724198
-17.759837
-17.795392
-17.830861
-17.866244
-17.901540
-17.936751
-17.971875
-18.006911
-18.041861
-18.076722
-18.111496
-18.146182
-18.180779
-18.215287
-18.249707
-18.284037
-18.318277
-18.352427
-18.386488
-18.420457
-18.454336
-18.488124
-18.521821
-18.555425
-18.588938
-18.622359
-18.655687
-18.688922
-18.722065
-18.755114
-18.788069
-18.820931
-18.853698
-18.886371
-18.918949
-18.951433
-18.983821
-19.016113
-19.048310
-19.080411
-19.112415
-19.144322
-19.176133
-19.207847
-19.239463
-19.270982
-19.302402
-19.333725
-19.364949
-19.396074
-19.427100
-19.458027
-19.488854
-19.519582
-19.550210
-19.580737
-19.611164
-19.641490
-19.671714
-19.701838
-19.731860
-19.761780
-19.791598
-19.821314
-19.850927
-19.880438
-19.909845
-19.939149
-19.968350
-19.997446
-20.026439
-20.055327
-20.084111
-20.112790
-20.141364
-20.169833
-20.198196
-20.226453
-20.254605
-20.282650
-20.310589
-20.338421
-20.366146
-20.393764
-20.421275
-20.448678
-20.475973
-20.503160
-20.530239
-20.557209
-20.584071
-20.610823
-20.637466
-20.664000
-20.690425
-20.716739
-20.742943
-20.769037
-20.795020
-20.820893
-20.846655
-20.872305
-20.897844
-20.923271
-20.948587
-20.973790
-20.998882
-21.023860
-21.048726
-21.073480
-21.098120
-21.122646
-21.147060
-21.171359
-21.195545
-21.219616
-21.243573
-21.267416
-21.291144
-21.314757
-21.338255
-21.361637
-21.384904
-21.408055
-21.431091
-21.454010
-21.476813
-21.499499
-21.522069
-21.544522
-21.566857
-21.589076
-21.611177
-21.633161
-21.655026
-21.676774
-21.698403
-21.719914
-21.741307
-21.762581
-21.783736
-21.804772
-21.825688
-21.846486
-21.867163
-21.887721
-21.908159
-21.928477
-21.948674
-21.968751
-21.988707
-22.008543
-22.028258
-22.047851
-22.067323
-22.086674
-22.105903
-22.125010
-22.143996
-22.162859
-22.181600
-22.200218
-22.218714
-22.237088
-22.255338
-22.273465
-22.291469
-22.309350
-22.327107
-22.344741
-22.362251
-22.379637
-22.396899
-22.414036
-22.431049
-22.447938
-22.464702
-22.481341
-22.497856
-22.514245
-22.530509
-22.546647
-22.562660
-22.578548
-22.594310
-22.609945
-22.625455
-22.640839
-22.656096
-22.671227
-22.686232
-22.701109
-22.715860
-22.730484
-22.744981
-22.759351
-22.773594
-22.787709
-22.801697
-22.815557
-22.829289
-22.842893
-22.856370
-22.869718
-22.882938
-22.896030
-22.908993
-22.921828
-22.934534
-22.947112
-22.959560
-22.971880
-22.984070
-22.996132
-23.008064
-23.019866
-23.031540
-23.043083
-23.054497
-23.065781
-23.076936
-23.087960
-23.098855
-23.109619
-23.120253
-23.130756
-23.141130
-23.151373
-23.161485
-23.171466
-23.181317
-23.191037
-23.200626
-23.210084
-23.219411
-23.228607
-23.237672
-23.246605
-23.255407
-23.264077
-23.272616
-23.281024
-23.289299
-23.297443
-23.305456
-23.313336
-23.321084
-23.328700
-23.336185
-23.343537
-23.350757
-23.357844
-23.364800
-23.371623
-23.378313
-23.384871
-23.391297
-23.397590
-23.403750
-23.409778
-23.415673
-23.421435
-23.427064
-23.432560
-23.437923
-23.443154
-23.448251
-23.453215
-23.458047
-23.462745
-23.467309
-23.471741
-23.476039
-23.480204
-23.484236
-23.488134
-23.491899
-23.495530
-23.499028
-23.502393
-23.505623
-23.508721
-23.511685
-23.514515
-23.517211
-23.519774
-23.522203
-23.524499
-23.526660
-23.528689
-23.530583
-23.532343
-23.533970
-23.535463
-23.536822
-23.538047
-23.539139
-23.540097
-23.540920
-23.541610
-23.542166
-23.542589
-23.542877
-23.543031
-23.543052
-23.542939
-23.542692
-23.542311
-23.541796
-23.541147
-23.540364
-23.539448
-23.538398
-23.537214
-23.535896
-23.534444
-23.532858
-23.531139
-23.529286
-23.527299
-23.525178
-23.522924
-23.520536
-23.518014
-23.515359
-23.512570
-23.509647
-23.506591
-23.503401
-23.500078
-23.496621
-23.493031
-23.489307
-23.485450
-23.481459
-23.477335
-23.473078
-23.468688
-23.464164
-23.459507
-23.454717
-23.449793
-23.444737
-23.439548
-23.434225
-23.428770
-23.423182
-23.417460
-23.411606
-23.405620
-23.399500
-23.393248
-23.386863
-23.380346
-23.373696
-23.366914
-23.359999
-23.352953
-23.345773
-23.338462
-23.331018
-23.323443
-23.315735
-23.307895
-23.299924
-23.291820
-23.283585
-23.275218
-23.266720
-23.258090
-23.249328
-23.240435
-23.231411
-23.222256
-23.212969
-23.203551
-23.194003
-23.184323
-23.174512
-23.164571
-23.154499
-23.144296
-23.133963
-23.123500
-23.112906
-23.102182
-23.091327
-23.080343
-23.069229
-23.057984
-23.046610
-23.035107
-23.023473
-23.011710
-22.999818
-22.987797
-22.975646
-22.963366
-22.950957
-22.938419
-22.925753
-22.912958
-22.900034
-22.886982
-22.873801
-22.860492
-22.847055
-22.833490
-22.819797
-22.805977
-22.792028
-22.777952
-22.763749
-22.749418
-22.734960
-22.720375
-22.705663
-22.690825
-22.675859
-22.660767
-22.645549
-22.630204
-22.614733
-22.599136
-22.583413
-22.567564
-22.551590
-22.535490
-22.519264
-22.502914
-22.486438
-22.469837
-22.453111
-22.436261
-22.419286
-22.402187
-22.384963
-22.367616
-22.350144
-22.332548
-22.314829
-22.296986
-22.279020
-22.260931
-22.242718
-22.224383
-22.205925
-22.187344
-22.168641
-22.149815
-22.130867
-22.111797
-22.092606
-22.073293
-22.053858
-22.034302
-22.014624
-21.994826
-21.974907
-21.954867
-21.934706
-21.914426
-21.894025
-21.873504
-21.852863
-21.832103
-21.811223
-21.790224
-21.769105
-21.747868
-21.726512
-21.705037
-21.683444
-21.661733
-21.639904
-21.617956
-21.595891
-21.573709
-21.551409
-21.528993
-21.506459
-21.483808
-21.461041
-21.438158
-21.415158
-21.392043
-21.368811
-21.345464
-21.322002
-21.298425
-21.274732
-21.250925
-21.227003
-21.202966
-21.178816
-21.154552
-21.130173
-21.105681
-21.081076
-21.056358
-21.031526
-21.006582
-20.981526
-20.956357
-20.931076
-20.905683
-20.880178
-20.854562
-20.828834
-20.802996
-20.777047
-20.750987
-20.724817
-20.698536
-20.672146
-20.645646
-20.619036
-20.592317
-20.565489
-20.538552
-20.511507
-20.484353
-20.457091
-20.429721
-20.402244
-20.374659
-20.346966
-20.319167
-20.291261
-20.263249
-20.235130
-20.206905
-20.178574
-20.150138
-20.121597
-20.092950
-20.064198
-20.035342
-20.006382
-19.977317
-19.948148
-19.918876
-19.889501
-19.860022
-19.830440
-19.800756
-19.770970
-19.741081
-19.711090
-19.680998
-19.650804
-19.620509
-19.590113
-19.559617
-19.529020
-19.498323
-19.467527
-19.436630
-19.405635
-19.374540
-19.343346
-19.312054
-19.280664
-19.249175
-19.217589
-19.185905
-19.154125
-19.122247
-19.090272
-19.058201
-19.026034
-18.993771
-18.961412
-18.928958
-18.896409
-18.863765
-18.831027
-18.798195
-18.765268
-18.732248
-18.699134
-18.665927
-18.632628
-18.599235
-18.565751
-18.532174
-18.498506
-18.464746
-18.430895
-18.396954
-18.362921
-18.328799
-18.294586
-18.260283
-18.225892
-18.191411
-18.156841
-18.122182
-18.087436
-18.052601
-18.017678
-17.982669
-17.947572
-17.912388
-17.877118
-17.841761
-17.806319
