-7.194585
-7.349502
-7.504390
-7.659219
-7.813962
-7.968588
-8.123069
-8.277376
-8.431479
-8.585351
-8.738961
-8.892282
-9.045283
-9.197938
-9.350216
-9.502090
-9.653531
-9.804510
-9.955000
-10.104971
-10.254396
-10.403247
-10.551496
-10.699114
-10.846075
-10.992351
-11.137913
-11.282736
-11.426791
-11.570052
-11.712492
-11.854083
-11.994801
-12.134617
-12.273506
-12.411442
-12.548399
-12.684351
-12.819272
-12.953138
-13.085923
-13.217602
-13.348151
-13.477545
-13.605760
-13.732771
-13.858555
-13.983089
-14.106348
-14.228310
-14.348953
-14.468252
-14.586186
-14.702733
-14.817870
-14.931577
-15.043832
-15.154613
-15.263901
-15.371673
-15.477912
-15.582595
-15.685704
-15.787220
-15.887123
-15.985394
-16.082016
-16.176969
-16.270236
-16.361801
-16.451644
-16.539750
-16.626102
-16.710684
-16.793480
-16.874475
-16.953652
-17.030998
-17.106498
-17.180137
-17.251902
-17.321780
-17.389757
-17.455820
-17.519958
-17.582157
-17.642407
-17.700696
-17.757013
-17.811348
-17.863690
-17.914029
-17.962357
-18.008664
-18.052941
-18.095180
-18.135373
-18.173513
-18.209592
-18.243604
-18.275542
-18.305400
-18.333173
-18.358856
-18.382442
-18.403930
-18.423313
-18.440589
-18.455754
-18.468805
-18.479741
-18.488558
-18.495256
-18.499832
-18.502287
-18.502620
-18.500830
-18.496918
-18.490885
-18.482731
-18.472459
-18.460071
-18.445568
-18.428953
-18.410230
-18.389401
-18.366472
-18.341445
-18.314327
-18.285122
-18.253835
-18.220472
-18.185040
-18.147545
-18.107994
-18.066395
-18.022756
-17.977084
-17.929389
-17.879679
-17.827963
-17.774252
-17.718555
-17.660882
-17.601246
-17.539656
-17.476124
-17.410663
-17.343284
-17.274001
-17.202826
-17.129772
-17.054854
-16.978085
-16.899480
-16.819053
-16.736820
-16.652796
-16.566997
-16.479438
-16.390137
-16.299111
-16.206375
-16.111948
-16.015847
-15.918091
-15.818697
-15.717685
-15.615073
-15.510881
-15.405127
-15.297833
-15.189018
-15.078702
-14.966907
-14.853653
-14.738962
-14.622854
-14.505352
-14.386478
-14.266255
-14.144704
-14.021848
-13.897711
-13.772317
-13.645687
-13.517847
-13.388820
-13.258630
-13.127302
-12.994861
-12.861331
-12.726738
-12.591106
-12.454461
-12.316830
-12.178236
-12.038708
-11.898270
-11.756949
-11.614773
-11.471766
-11.327957
-11.183372
-11.038038
-10.891983
-10.745234
-10.597818
-10.449764
-10.301099
-10.151851
-10.002048
-9.851718
-9.700889
-9.549590
-9.397848
-9.245694
-9.093154
-8.940258
-8.787034
-8.633511
-8.479719
-8.325685
-8.171439
-8.017009
-7.862425
-7.707716
-7.552911
-7.398038
-7.243127
-7.088207
-6.933307
-6.778456
-6.623683
-6.469017
-6.314487
-6.160123
-6.005952
-5.852005
-5.698310
-5.544896
-5.391791
-5.239024
-5.086625
-4.934621
-4.783042
-4.631915
-4.481269
-4.331132
-4.181533
-4.032499
-3.884059
-3.736240
-3.589070
-3.442577
-3.296788
-3.151730
-3.007432
-2.863919
-2.721219
-2.579359
-2.438365
-2.298263
-2.159081
-2.020844
-1.883577
-1.747308
-1.612061
-1.477861
-1.344735
-1.212707
-1.081801
-0.952042
-0.823456
-0.696065
-0.569893
-0.444965
-0.321304
-0.198933
-0.077875
0.041847
0.160212
0.277195
0.392777
0.506934
0.619646
0.730892
0.840649
0.948899
1.055620
1.160793
1.264398
1.366415
1.466825
1.565609
1.662750
1.758228
1.852025
1.944125
2.034509
2.123162
2.210065
2.295204
2.378561
2.460121
2.539870
2.617791
2.693871
2.768095
2.840449
2.910919
2.979493
3.046157
3.110899
3.173707
3.234569
3.293474
3.350410
3.405367
3.458335
3.509303
3.558262
3.605203
3.650117
3.692995
3.733830
3.772614
3.809340
3.844000
3.876588
3.907099
3.935526
3.961864
3.986108
4.008253
4.028296
4.046233
4.062059
4.075773
4.087372
4.096853
4.104215
4.109457
4.112577
4.113574
4.112449
4.109202
4.103833
4.096344
4.086736
4.075010
4.061169
4.045216
4.027153
4.006984
3.984712
3.960342
3.933879
3.905327
3.874692
3.841979
3.807194
3.770345
3.731438
3.690480
3.647479
3.602443
3.555381
3.506301
3.455213
3.402125
3.347049
3.289995
3.230973
3.169993
3.107069
3.042211
2.975432
2.906744
2.836160
2.763694
2.689358
2.613167
2.535136
2.455278
2.373610
2.290145
2.204900
2.117892
2.029135
1.938647
1.846445
1.752546
1.656968
1.559728
1.460846
1.360338
1.258226
1.154526
1.049260
0.942447
0.834106
0.724258
0.612924
0.500125
0.385882
0.270215
0.153148
0.034702
-0.085101
-0.206239
-0.328688
-0.452426
-0.577429
-0.703674
-0.831138
-0.959795
-1.089623
-1.220597
-1.352692
-1.485884
-1.620147
-1.755456
-1.891786
-2.029111
-2.167406
-2.306644
-2.446800
-2.587847
-2.729758
-2.872508
-3.016068
-3.160413
-3.305515
-3.451347
-3.597882
-3.745091
-3.892948
-4.041425
-4.190493
-4.340126
-4.490294
-4.640970
-4.792124
-4.943730
-5.095759
-5.248181
-5.400968
-5.554092
-5.707524
-5.861236
-6.015197
-6.169380
-6.323755
-6.478294
-6.632967
-6.787745
-6.942600
-7.097502
-7.252422
-7.407332
-7.562201
-7.717002
-7.871705
-8.026280
-8.180699
-8.334934
-8.488954
-8.642731
-8.796237
-8.949441
-9.102317
-9.254834
-9.406965
-9.558681
-9.709953
-9.860752
-10.011052
-10.160822
-10.310036
-10.458666
-10.606682
-10.754058
-10.900766
-11.046779
-11.192069
-11.336608
-11.480370
-11.623327
-11.765453
-11.906722
-12.047106
-12.186579
-12.325115
-12.462689
-12.599273
-12.734843
-12.869374
-13.002839
-13.135214
-13.266474
-13.396595
-13.525551
-13.653320
-13.779876
-13.905196
-14.029256
-14.152034
-14.273506
-14.393649
-14.512442
-14.629860
-14.745884
-14.860489
-14.973657
-15.085364
-15.195590
-15.304314
-15.411517
-15.517177
-15.621275
-15.723791
-15.824707
-15.924003
-16.021660
-16.117661
-16.211987
-16.304621
-16.395544
-16.484741
-16.572195
-16.657888
-16.741805
-16.823930
-16.904248
-16.982743
-17.059401
-17.134208
-17.207150
-17.278212
-17.347381
-17.414645
-17.479991
-17.543406
