-5.266112
-5.327941
-5.389768
-5.451595
-5.513419
-5.575241
-5.637059
-5.698874
-5.760683
-5.822487
-5.884285
-5.946077
-6.007861
-6.069637
-6.131404
-6.193162
-6.254909
-6.316646
-6.378372
-6.440085
-6.501785
-6.563473
-6.625145
-6.686804
-6.748446
-6.810073
-6.871683
-6.933275
-6.994849
-7.056404
-7.117940
-7.179456
-7.240950
-7.302424
-7.363875
-7.425303
-7.486708
-7.548088
-7.609444
-7.670774
-7.732078
-7.793355
-7.854605
-7.915826
-7.977019
-8.038182
-8.099315
-8.160417
-8.221487
-8.282525
-8.343531
-8.404503
-8.465441
-8.526343
-8.587211
-8.648042
-8.708836
-8.769593
-8.830312
-8.890992
-8.951633
-9.012233
-9.072793
-9.133311
-9.193787
-9.254220
-9.314610
-9.374955
-9.435256
-9.495512
-9.555721
-9.615884
-9.675999
-9.736067
-9.796086
-9.856055
-9.915974
-9.975843
-10.035661
-10.095426
-10.155139
-10.214799
-10.274405
-10.333956
-10.393452
-10.452892
-10.512276
-10.571602
-10.630871
-10.690082
-10.749233
-10.808325
-10.867356
-10.926326
-10.985235
-11.044081
-11.102865
-11.161585
-11.220240
-11.278831
-11.337357
-11.395816
-11.454208
-11.512533
-11.570790
-11.628979
-11.687098
-11.745147
-11.803126
-11.861033
-11.918869
-11.976632
-12.034322
-12.091939
-12.149481
-12.206948
-12.264339
-12.321655
-12.378893
-12.436054
-12.493137
-12.550142
-12.607066
-12.663911
-12.720676
-12.777359
-12.833961
-12.890480
-12.946916
-13.003268
-13.059536
-13.115719
-13.171817
-13.227829
-13.283754
-13.339591
-13.395341
-13.451002
-13.506574
-13.562057
-13.617449
-13.672750
-13.727959
-13.783076
-13.838101
-13.893032
-13.947870
-14.002612
-14.057260
-14.111812
-14.166267
-14.220626
-14.274887
-14.329050
-14.383114
-14.437079
-14.490944
-14.544709
-14.598373
-14.651935
-14.705395
-14.758752
-14.812005
-14.865155
-14.918200
-14.971140
-15.023974
-15.076703
-15.129324
-15.181838
-15.234244
-15.286541
-15.338729
-15.390807
-15.442776
-15.494633
-15.546379
-15.598013
-15.649535
-15.700943
-15.752238
-15.803419
-15.854485
-15.905435
-15.956270
-16.006988
-16.057590
-16.108073
-16.158439
-16.208686
-16.258814
-16.308823
-16.358711
-16.408478
-16.458124
-16.507648
-16.557049
-16.606328
-16.655483
-16.704514
-16.753421
-16.802202
-16.850858
-16.899387
-16.947790
-16.996066
-17.044214
-17.092234
-17.140125
-17.187886
-17.235518
-17.283020
-17.330390
-17.377630
-17.424737
-17.471712
-17.518554
-17.565262
-17.611837
-17.658277
-17.704582
-17.750752
-17.796786
-17.842683
-17.888444
-17.934067
-17.979552
-18.024898
-18.070106
-18.115174
-18.160102
-18.204890
-18.249537
-18.294043
-18.338406
-18.382628
-18.426706
-18.470641
-18.514433
-18.558080
-18.601582
-18.644939
-18.688151
-18.731216
-18.774134
-18.816906
-18.859530
-18.902006
-18.944333
-18.986512
-19.028541
-19.070420
-19.112149
-19.153727
-19.195154
-19.236429
-19.277552
-19.318522
-19.359340
-19.400003
-19.440513
-19.480869
-19.521070
-19.561116
-19.601005
-19.640739
-19.680317
-19.719737
-19.759000
-19.798105
-19.837052
-19.875840
-19.914469
-19.952938
-19.991248
-20.029397
-20.067386
-20.105213
-20.142879
-20.180382
-20.217724
-20.254902
-20.291917
-20.328769
-20.365456
-20.401979
-20.438338
-20.474531
-20.510558
-20.546420
-20.582115
-20.617643
-20.653004
-20.688197
-20.723223
-20.758080
-20.792769
-20.827288
-20.861638
-20.895818
-20.929828
-20.963667
-20.997336
-21.030833
-21.064158
-21.097312
-21.130293
-21.163101
-21.195736
-21.228198
-21.260485
-21.292599
-21.324538
-21.356302
-21.387891
-21.419305
-21.450542
-21.481603
-21.512488
-21.543196
-21.573726
-21.604079
-21.634254
-21.664251
-21.694069
-21.723708
-21.753168
-21.782449
-21.811549
-21.840470
-21.869210
-21.897769
-21.926147
-21.954344
-21.982358
-22.010191
-22.037842
-22.065310
-22.092594
-22.119696
-22.146614
-22.173349
-22.199899
-22.226264
-22.252445
-22.278442
-22.304252
-22.329878
-22.355317
-22.380570
-22.405637
-22.430518
-22.455211
-22.479717
-22.504036
-22.528167
-22.552110
-22.575865
-22.599431
-22.622809
-22.645997
-22.668997
-22.691806
-22.714426
-22.736856
-22.759096
-22.781145
-22.803004
-22.824671
-22.846148
-22.867432
-22.888526
-22.909427
-22.930136
-22.950653
-22.970977
-22.991108
-23.011047
-23.030792
-23.050343
-23.069701
-23.088865
-23.107835
-23.126611
-23.145192
-23.163579
-23.181770
-23.199767
-23.217568
-23.235174
-23.252584
-23.269798
-23.286816
-23.303638
-23.320263
-23.336692
-23.352924
-23.368959
-23.384797
-23.400438
-23.415881
-23.431126
-23.446174
-23.461024
-23.475675
-23.490128
-23.504383
-23.518439
-23.532297
-23.545955
-23.559415
-23.572675
-23.585736
-23.598597
-23.611259
-23.623721
-23.635983
-23.648045
-23.659906
-23.671568
-23.683029
-23.694289
-23.705349
-23.716208
-23.726866
-23.737323
-23.747579
-23.757634
-23.767487
-23.777139
-23.786589
-23.795837
-23.804884
-23.813729
-23.822372
-23.830812
-23.839051
-23.847087
-23.854921
-23.862553
-23.869982
-23.877208
-23.884232
-23.891053
-23.897671
-23.904086
-23.910299
-23.916308
-23.922114
-23.927717
-23.933117
-23.938313
-23.943307
-23.948096
-23.952683
-23.957065
-23.961245
-23.965220
-23.968993
-23.972561
-23.975926
-23.979087
-23.982044
-23.984797
-23.987346
-23.989692
-23.991834
-23.993772
-23.995505
-23.997035
-23.998361
-23.999483
-24.000401
-24.001115
-24.001625
-24.001930
-24.002032
-24.001930
-24.001624
-24.001113
-24.000399
-23.999481
-23.998358
-23.997032
-23.995502
-23.993767
-23.991829
-23.989687
-23.987341
-23.984791
-23.982037
-23.979080
-23.975918
-23.972553
-23.968984
-23.965212
-23.961236
-23.957056
-23.952673
-23.948086
-23.943296
-23.938302
-23.933105
-23.927705
-23.922101
-23.916295
-23.910285
-23.904072
-23.897657
-23.891038
-23.884216
-23.877192
-23.869965
-23.862536
-23.854904
-23.847069
-23.839033
-23.830794
-23.822353
-23.813709
-23.804864
-23.795817
-23.786568
-23.777117
-23.767465
-23.757611
-23.747556
-23.737300
-23.726843
-23.716184
-23.705325
-23.694264
-23.683003
-23.671542
-23.659880
-23.648018
-23.635955
-23.623693
-23.611231
-23.598569
-23.585707
-23.572646
-23.559385
-23.545925
-23.532266
-23.518408
-23.504352
-23.490096
-23.475643
-23.460991
-23.446141
-23.431093
-23.415847
-23.400403
-23.384762
-23.368924
-23.352888
-23.336656
-23.320227
-23.303601
-23.286778
-23.269760
-23.252545
-23.235135
-23.217529
-23.199727
-23.181730
-23.163538
-23.145151
-23.126569
-23.107793
-23.088823
-23.069658
-23.050300
-23.030748
-23.011002
-22.991064
-22.970932
-22.950607
-22.930090
-22.909380
-22.888479
-22.867385
-22.846100
-22.824623
-22.802955
-22.781096
-22.759047
-22.736807
-22.714376
-22.691756
-22.668946
-22.645946
-22.622757
-22.599379
-22.575812
-22.552057
-22.528114
-22.503982
-22.479663
-22.455156
-22.430463
-22.405582
-22.380514
-22.355261
-22.329821
-22.304195
-22.278384
-22.252387
-22.226206
-22.199840
-22.173289
-22.146554
-22.119636
-22.092534
-22.065249
-22.037780
-22.010129
-21.982296
-21.954281
-21.926084
-21.897706
-21.869146
-21.840406
-21.811485
-21.782384
-21.753103
-21.723642
-21.694003
-21.664184
-21.634187
-21.604012
-21.573658
-21.543128
-21.512419
-21.481534
-21.450473
-21.419235
-21.387821
-21.356232
-21.324467
-21.292528
-21.260414
-21.228125
-21.195663
-21.163028
-21.130219
-21.097238
-21.064084
-21.030759
-20.997261
-20.963592
-20.929753
-20.895742
-20.861562
-20.827211
-20.792692
-20.758003
-20.723145
-20.688119
-20.652925
-20.617564
-20.582035
-20.546340
-20.510478
-20.474450
-20.438257
-20.401898
-20.365375
-20.328687
-20.291835
-20.254819
-20.217641
-20.180299
-20.142795
-20.105129
-20.067301
-20.029312
-19.991163
-19.952853
-19.914383
-19.875754
-19.836965
-19.798018
-19.758913
-19.719649
-19.680229
-19.640651
-19.600917
-19.561027
-19.520981
-19.480779
-19.440423
-19.399913
-19.359249
-19.318431
-19.277460
-19.236337
-19.195062
-19.153634
-19.112056
-19.070327
-19.028447
-18.986418
-18.944239
-18.901911
-18.859435
-18.816811
-18.774039
-18.731120
-18.688055
-18.644843
-18.601485
-18.557983
-18.514335
-18.470544
-18.426608
-18.382529
-18.338308
-18.293944
-18.249438
-18.204791
-18.160003
-18.115074
-18.070006
-18.024798
-17.979451
-17.933965
-17.888342
-17.842581
-17.796684
-17.750650
-17.704480
-17.658174
-17.611734
-17.565159
-17.518450
-17.471607
-17.424632
-17.377525
-17.330285
-17.282914
-17.235412
-17.187780
-17.140018
-17.092127
-17.044107
-16.995959
-16.947683
-16.899280
-16.850750
-16.802094
-16.753312
-16.704405
-16.655374
-16.606218
-16.556939
-16.507538
-16.458013
-16.408367
-16.358600
-16.308711
-16.258703
-16.208575
-16.158327
-16.107961
-16.057477
-16.006875
-15.956157
-15.905322
-15.854371
-15.803305
-15.752124
-15.700829
-15.649420
-15.597898
-15.546264
-15.494518
-15.442660
-15.390692
-15.338613
-15.286425
-15.234127
-15.181721
-15.129207
-15.076585
-15.023857
-14.971022
-14.918082
-14.865037
-14.811887
-14.758633
-14.705276
-14.651816
-14.598253
-14.544590
-14.490825
-14.436959
-14.382994
-14.328930
-14.274766
-14.220505
-14.166146
-14.111690
-14.057138
-14.002491
-13.947748
-13.892910
-13.837979
-13.782954
-13.727836
-13.672627
-13.617325
-13.561933
-13.506451
-13.450878
-13.395217
-13.339467
-13.283629
-13.227704
-13.171692
-13.115594
-13.059411
-13.003143
-12.946790
-12.890354
-12.833835
-12.777233
-12.720550
-12.663785
-12.606940
-12.550015
-12.493010
-12.435927
-12.378766
-12.321527
-12.264212
-12.206820
-12.149353
-12.091811
-12.034194
-11.976504
-11.918740
-11.860905
-11.802997
-11.745018
-11.686969
-11.628849
-11.570661
-11.512404
-11.454078
-11.395686
-11.337226
-11.278701
-11.220110
-11.161454
-11.102734
-11.043950
-10.985104
-10.926195
-10.867225
-10.808193
-10.749101
-10.689950
-10.630739
-10.571470
-10.512144
-10.452760
-10.393319
-10.333823
-10.274272
-10.214666
-10.155006
-10.095293
-10.035527
-9.975710
-9.915841
-9.855922
-9.795952
-9.735933
-9.675866
-9.615750
-9.555587
-9.495378
-9.435122
-9.374821
-9.314475
-9.254085
-9.193652
-9.133176
-9.072658
-9.012098
-8.951498
-8.890857
-8.830177
-8.769458
-8.708701
-8.647907
-8.587075
-8.526208
-8.465305
-8.404367
-8.343395
-8.282390
-8.221351
-8.160281
-8.099179
-8.038046
-7.976882
-7.915690
-7.854468
-7.793219
-7.731942
-7.670637
-7.609307
-7.547952
-7.486571
-7.425166
-7.363738
-7.302287
-7.240813
-7.179319
-7.117803
-7.056267
-6.994712
-6.933138
-6.871545
-6.809936
-6.748309
-6.686666
-6.625008
-6.563335
-6.501648
-6.439948
-6.378234
-6.316509
-6.254772
-6.193024
-6.131266
-6.069499
-6.007723
-5.945939
-5.884148
-5.822350
-5.760546
-5.698736
-5.636922
-5.575103
-5.513282
-5.451457
-5.389631
-5.327803
-5.265975
-5.204146
-5.142318
-5.080492
-5.018668
-4.956846
-4.895028
-4.833213
-4.771404
-4.709600
-4.647802
-4.586010
-4.524226
-4.462450
-4.400683
-4.338925
-4.277178
-4.215441
-4.153716
-4.092002
-4.030302
-3.968615
-3.906942
-3.845284
-3.783641
-3.722015
-3.660405
-3.598813
-3.537239
-3.475683
-3.414148
-3.352632
-3.291137
-3.229664
-3.168213
-3.106785
-3.045380
-2.984000
-2.922644
-2.861314
-2.800010
-2.738733
-2.677484
-2.616262
-2.555070
-2.493907
-2.432774
-2.371672
-2.310602
-2.249563
-2.188558
-2.127586
-2.066648
-2.005746
-1.944878
-1.884047
-1.823253
-1.762496
-1.701777
-1.641097
-1.580457
-1.519857
-1.459297
-1.398779
-1.338303
-1.277870
-1.217481
-1.157135
-1.096834
-1.036579
-0.976369
-0.916207
-0.856091
-0.796024
-0.736005
-0.676036
-0.616117
-0.556248
-0.496431
-0.436665
-0.376953
-0.317293
-0.257687
-0.198136
-0.138640
-0.079200
-0.019817
0.039510
0.098779
0.157989
0.217140
0.276232
0.335263
0.394233
0.453141
0.511988
0.570771
0.629491
0.688146
0.746737
0.805262
0.863721
0.922114
0.980439
1.038696
1.096884
1.155003
1.213052
1.271030
1.328938
1.386773
1.444536
1.502226
1.559842
1.617384
1.674851
1.732243
1.789558
1.846796
1.903957
1.961040
2.018044
2.074969
2.131813
2.188578
2.245261
2.301862
2.358381
2.414817
2.471169
2.527437
2.583620
2.639717
2.695729
2.751653
2.807491
2.863240
2.918901
2.974473
3.029955
3.085347
3.140648
3.195857
3.250974
3.305999
3.360930
3.415767
3.470509
3.525157
3.579709
3.634164
3.688522
3.742783
3.796946
3.851010
3.904975
3.958840
4.012604
4.066268
4.119829
4.173289
4.226646
4.279899
4.333049
4.386094
4.439033
4.491867
4.544595
4.597216
4.649730
4.702135
4.754433
4.806620
4.858699
4.910667
4.962524
5.014270
5.065903
5.117425
5.168833
5.220128
5.271308
5.322374
5.373324
5.424158
5.474876
5.525478
5.575961
5.626327
5.676573
5.726701
5.776709
5.826597
5.876364
5.926009
5.975533
6.024934
6.074213
6.123368
6.172398
6.221305
6.270086
6.318741
6.367271
6.415673
6.463949
6.512097
6.560116
6.608007
6.655768
6.703400
6.750901
6.798271
6.845510
6.892617
6.939592
6.986433
7.033142
7.079716
7.126156
7.172461
7.218630
7.264664
7.310561
7.356321
7.401944
7.447428
7.492775
7.537982
7.583050
7.627978
7.672765
7.717412
7.761917
7.806280
7.850501
7.894580
7.938514
7.982305
8.025952
8.069454
8.112811
8.156022
8.199087
8.242005
8.284776
8.327400
8.369876
8.412203
8.454381
8.496410
8.538288
8.580017
8.621595
8.663021
8.704296
8.745419
8.786389
8.827206
8.867869
8.908379
8.948734
8.988935
9.028980
9.068870
9.108603
9.148180
9.187600
9.226862
9.265967
9.304914
9.343701
9.382330
9.420799
9.459109
9.497257
9.535246
9.573072
9.610738
9.648241
9.685582
9.722760
9.759775
9.796626
9.833313
9.869836
9.906194
9.942387
9.978414
10.014275
10.049969
10.085497
10.120858
10.156051
10.191076
10.225933
10.260621
10.295140
10.329490
10.363670
10.397679
10.431518
10.465186
10.498683
10.532008
10.565161
10.598141
10.630949
10.663584
10.696045
10.728332
10.760446
10.792384
10.824148
10.855737
10.887150
10.918387
10.949448
10.980332
11.011039
11.041569
11.071922
11.102097
11.132093
11.161911
11.191549
11.221009
11.250289
11.279389
11.308309
11.337049
11.365608
11.393985
11.422182
11.450196
11.478028
11.505679
11.533146
11.560430
11.587532
11.614449
11.641183
11.667733
11.694098
11.720279
11.746275
11.772085
11.797710
11.823149
11.848402
11.873468
11.898348
11.923041
11.947547
11.971865
11.995996
12.019939
12.043693
12.067259
12.090636
12.113824
12.136823
12.159632
12.182252
12.204682
12.226921
12.248970
12.270828
12.292495
12.313971
12.335255
12.356348
12.377249
12.397957
12.418474
12.438797
12.458928
12.478866
12.498611
12.518162
12.537520
12.556683
12.575653
12.594428
12.613009
12.631395
12.649586
12.667582
12.685383
12.702988
12.720398
12.737612
12.754629
12.771451
12.788076
12.804504
12.820736
12.836770
12.852608
12.868248
12.883690
12.898936
12.913983
12.928832
12.943483
12.957936
12.972190
12.986246
13.000103
13.013761
13.027220
13.040480
13.053540
13.066401
13.079062
13.091524
13.103785
13.115847
13.127708
13.139369
13.150830
13.162090
13.173149
13.184007
13.194665
13.205122
13.215377
13.225431
13.235284
13.244935
13.254385
13.263633
13.272679
13.281524
13.290166
13.298606
13.306844
13.314880
13.322714
13.330345
13.337773
13.344999
13.352023
13.358843
13.365461
13.371876
13.378088
13.384097
13.389902
13.395505
13.400904
13.406100
13.411093
13.415882
13.420468
13.424850
13.429029
13.433005
13.436776
13.440344
13.443708
13.446869
13.449825
13.452578
13.455127
13.457472
13.459614
13.461551
13.463284
13.464814
13.466139
13.467261
13.468178
13.468892
13.469401
13.469706
13.469808
13.469705
13.469398
13.468888
13.468173
13.467254
13.466131
13.464804
13.463274
13.461539
13.459600
13.457457
13.455111
13.452561
13.449806
13.446848
13.443686
13.440321
13.436752
13.432979
13.429002
13.424822
13.420438
13.415851
13.411060
13.406066
13.400869
13.395468
13.389864
13.384057
13.378047
13.371834
13.365417
13.358798
13.351976
13.344952
13.337725
13.330295
13.322662
13.314827
13.306790
13.298551
13.290109
13.281465
13.272620
13.263572
13.254323
13.244871
13.235219
13.225365
13.215309
13.205052
13.194594
13.183936
13.173076
13.162015
13.150754
13.139292
13.127629
13.115767
13.103704
13.091441
13.078978
13.066316
13.053453
13.040392
13.027131
13.013670
13.000011
12.986153
12.972096
12.957840
12.943386
12.928733
12.913883
12.898834
12.883588
12.868144
12.852503
12.836664
12.820628
12.804395
12.787965
12.771339
12.754516
12.737497
12.720282
12.702871
12.685265
12.667463
12.649465
12.631273
12.612885
12.594303
12.575527
12.556556
12.537391
12.518032
12.498480
12.478734
12.458794
12.438662
12.418337
12.397820
12.377110
12.356208
12.335113
12.313828
12.292351
12.270682
12.248823
12.226773
12.204532
12.182102
12.159481
12.136670
12.113670
12.090481
12.067102
12.043535
12.019779
11.995836
11.971704
11.947384
11.922877
11.898183
11.873302
11.848234
11.822980
11.797539
11.771913
11.746102
11.720105
11.693923
11.667556
11.641005
11.614270
11.587351
11.560249
11.532963
11.505494
11.477843
11.450010
11.421994
11.393796
11.365418
11.336858
11.308117
11.279196
11.250094
11.220813
11.191352
11.161712
11.131893
11.101896
11.071720
11.041366
11.010835
10.980126
10.949241
10.918179
10.886941
10.855526
10.823937
10.792172
10.760232
10.728117
10.695829
10.663366
10.630731
10.597922
10.564940
10.531786
10.498460
10.464962
10.431293
10.397453
10.363442
10.329261
10.294910
10.260390
10.225701
10.190843
10.155817
10.120622
10.085261
10.049732
10.014036
9.978174
9.942145
9.905952
9.869593
9.833069
9.796381
9.759528
9.722512
9.685333
9.647991
9.610487
9.572820
9.534992
9.497003
9.458853
9.420543
9.382073
9.343443
9.304654
9.265707
9.226601
9.187337
9.147916
9.108338
9.068604
9.028713
8.988667
8.948465
8.908109
8.867598
8.826934
8.786116
8.745144
8.704021
8.662745
8.621317
8.579739
8.538009
8.496129
8.454100
8.411921
8.369592
8.327116
8.284491
8.241719
8.198800
8.155734
8.112522
8.069164
8.025661
7.982013
7.938221
7.894286
7.850207
7.805985
7.761620
7.717114
7.672467
7.627678
7.582749
7.537680
7.492472
7.447125
7.401639
7.356016
7.310255
7.264357
7.218322
7.172152
7.125846
7.079405
7.032830
6.986121
6.939278
6.892303
6.845195
6.797955
6.750584
6.703082
6.655450
6.607687
6.559796
6.511775
6.463627
6.415351
6.366947
6.318417
6.269761
6.220979
6.172071
6.123040
6.073884
6.024605
5.975203
5.925678
5.876032
5.826264
5.776376
5.726367
5.676238
5.625991
5.575624
5.525140
5.474538
5.423819
5.372984
5.322033
5.270967
5.219785
5.168490
5.117081
5.065559
5.013924
4.962178
4.910320
4.858351
4.806272
4.754084
4.701786
4.649380
4.596865
4.544243
4.491515
4.438680
4.385740
4.332694
4.279544
4.226290
4.172932
4.119472
4.065910
4.012245
3.958480
3.904615
3.850649
3.796585
3.742421
3.688160
3.633800
3.579345
3.524792
3.470144
3.415401
3.360563
3.305632
3.250607
3.195489
3.140279
3.084978
3.029585
2.974102
2.918530
2.862868
2.807118
2.751280
2.695355
2.639343
2.583245
2.527061
2.470793
2.414440
2.358004
2.301484
2.244882
2.188199
2.131434
2.074589
2.017663
1.960659
1.903575
1.846414
1.789175
1.731860
1.674468
1.617000
1.559458
1.501841
1.444151
1.386387
1.328551
1.270643
1.212664
1.154615
1.096495
1.038307
0.980049
0.921724
0.863331
0.804872
0.746346
0.687755
0.629099
0.570379
0.511595
0.452748
0.393839
0.334869
0.275837
0.216745
0.157594
0.098383
0.039114
-0.020213
-0.079597
-0.139037
-0.198534
-0.258085
-0.317691
-0.377351
-0.437064
-0.496830
-0.556648
-0.616517
-0.676436
-0.736406
-0.796425
-0.856493
-0.916608
-0.976771
-1.036981
-1.097237
-1.157538
-1.217884
-1.278274
-1.338707
-1.399183
-1.459702
-1.520261
-1.580862
-1.641502
-1.702183
-1.762902
-1.823659
-1.884453
-1.945285
-2.006152
-2.067055
-2.127993
-2.188965
-2.249971
-2.311009
-2.372080
-2.433182
-2.494315
-2.555478
-2.616671
-2.677892
-2.739142
-2.800419
-2.861724
-2.923054
-2.984410
-3.045790
-3.107195
-3.168623
-3.230075
-3.291548
-3.353043
-3.414559
-3.476094
-3.537650
-3.599224
-3.660816
-3.722426
-3.784053
-3.845695
-3.907354
-3.969027
-4.030714
-4.092414
-4.154128
-4.215853
-4.277590
-4.339338
-4.401096
-4.462863
-4.524639
-4.586423
-4.648214
-4.710012
-4.771817
-4.833626
-4.895441
-4.957259
-5.019081
-5.080905
-5.142731
-5.204559
-5.266388
-5.328216
-5.390044
-5.451870
-5.513694
-5.575516
-5.637334
-5.699149
-5.760958
-5.822762
-5.884561
-5.946352
-6.008136
-6.069912
-6.131679
-6.193437
-6.255184
-6.316921
-6.378646
-6.440360
-6.502060
-6.563747
-6.625420
-6.687078
-6.748721
-6.810347
-6.871957
-6.933549
-6.995123
-7.056678
-7.118214
-7.179729
-7.241224
-7.302697
-7.364148
-7.425576
-7.486981
-7.548361
-7.609717
-7.671047
-7.732351
-7.793628
-7.854877
-7.916099
-7.977291
-8.038454
-8.099587
-8.160689
-8.221759
-8.282797
-8.343802
-8.404774
-8.465712
-8.526615
-8.587482
-8.648313
-8.709107
-8.769864
-8.830582
-8.891262
-8.951903
-9.012503
-9.073062
-9.133580
-9.194056
-9.254489
-9.314878
-9.375224
-9.435525
-9.495780
-9.555989
-9.616152
-9.676267
-9.736334
-9.796353
-9.856322
-9.916241
-9.976110
-10.035927
-10.095692
-10.155405
-10.215064
-10.274670
-10.334221
-10.393717
-10.453157
-10.512540
-10.571866
-10.631135
-10.690345
-10.749496
-10.808588
-10.867619
-10.926589
-10.985497
-11.044343
-11.103126
-11.161846
-11.220501
-11.279092
-11.337617
-11.396076
-11.454468
-11.512793
-11.571050
-11.629238
-11.687357
-11.745406
-11.803384
-11.861291
-11.919126
-11.976889
-12.034579
-12.092195
-12.149737
-12.207204
-12.264595
-12.321910
-12.379148
-12.436309
-12.493391
-12.550395
-12.607320
-12.664164
-12.720928
-12.777611
-12.834212
-12.890731
-12.947167
-13.003519
-13.059786
-13.115969
-13.172067
-13.228078
-13.284002
-13.339840
-13.395589
-13.451250
-13.506821
-13.562303
-13.617695
-13.672996
-13.728205
-13.783322
-13.838346
-13.893277
-13.948113
-14.002856
-14.057503
-14.112054
-14.166510
-14.220868
-14.275128
-14.329291
-14.383355
-14.437319
-14.491184
-14.544948
-14.598611
-14.652173
-14.705632
-14.758989
-14.812242
-14.865391
-14.918436
-14.971376
-15.024209
-15.076937
-15.129558
-15.182071
-15.234477
-15.286773
-15.338961
-15.391039
-15.443007
-15.494864
-15.546609
-15.598243
-15.649764
-15.701172
-15.752466
-15.803646
-15.854712
-15.905662
-15.956496
-16.007214
-16.057815
-16.108298
-16.158663
-16.208910
-16.259037
-16.309045
-16.358932
-16.408699
-16.458344
-16.507868
-16.557269
-16.606547
-16.655702
-16.704732
-16.753638
-16.802419
-16.851074
-16.899603
-16.948006
-16.996281
-17.044428
-17.092447
-17.140338
-17.188099
-17.235730
-17.283231
-17.330601
-17.377840
-17.424946
-17.471921
-17.518762
-17.565470
-17.612044
-17.658484
-17.704788
-17.750958
-17.796991
-17.842888
-17.888647
-17.934270
-17.979754
-18.025100
-18.070307
-18.115375
-18.160302
-18.205089
-18.249736
-18.294241
-18.338604
-18.382824
-18.426902
-18.470837
-18.514627
-18.558274
-18.601775
-18.645132
-18.688343
-18.731407
-18.774325
-18.817096
-18.859719
-18.902195
-18.944521
-18.986699
-19.028728
-19.070606
-19.112334
-19.153912
-19.195338
-19.236612
-19.277735
-19.318704
-19.359521
-19.400184
-19.440693
-19.481048
-19.521249
-19.561293
-19.601183
-19.640916
-19.680492
-19.719912
-19.759174
-19.798279
-19.837225
-19.876012
-19.914641
-19.953109
-19.991418
-20.029567
-20.067554
-20.105381
-20.143046
-20.180549
-20.217889
-20.255067
-20.292082
-20.328933
-20.365619
-20.402142
-20.438499
-20.474692
-20.510718
-20.546579
-20.582273
-20.617801
-20.653161
-20.688354
-20.723379
-20.758235
-20.792923
-20.827441
-20.861791
-20.895970
-20.929979
-20.963818
-20.997485
-21.030982
-21.064306
-21.097459
-21.130439
-21.163247
-21.195881
-21.228342
-21.260629
-21.292742
-21.324680
-21.356443
-21.388031
-21.419444
-21.450681
-21.481741
-21.512625
-21.543332
-21.573862
-21.604214
-21.634388
-21.664384
-21.694201
-21.723840
-21.753299
-21.782579
-21.811679
-21.840598
-21.869337
-21.897896
-21.926273
-21.954469
-21.982483
-22.010315
-22.037964
-22.065431
-22.092716
-22.119816
-22.146734
-22.173467
-22.200016
-22.226381
-22.252562
-22.278557
-22.304367
-22.329991
-22.355430
-22.380682
-22.405749
-22.430628
-22.455321
-22.479826
-22.504144
-22.528274
-22.552216
-22.575970
-22.599536
-22.622913
-22.646100
-22.669099
-22.691908
-22.714527
-22.736956
-22.759195
-22.781243
-22.803101
-22.824767
-22.846243
-22.867527
-22.888619
-22.909519
-22.930228
-22.950744
-22.971067
-22.991197
-23.011135
-23.030879
-23.050430
-23.069787
-23.088950
-23.107919
-23.126694
-23.145275
-23.163660
-23.181851
-23.199847
-23.217647
-23.235252
-23.252661
-23.269874
-23.286891
-23.303712
-23.320337
-23.336765
-23.352996
-23.369030
-23.384867
-23.400507
-23.415949
-23.431194
-23.446241
-23.461089
-23.475740
-23.490192
-23.504446
-23.518502
-23.532358
-23.546016
-23.559474
-23.572733
-23.585793
-23.598654
-23.611315
-23.623776
-23.636037
-23.648098
-23.659959
-23.671619
-23.683079
-23.694339
-23.705398
-23.716256
-23.726913
-23.737369
-23.747624
-23.757678
-23.767530
-23.777181
-23.786630
-23.795878
-23.804924
-23.813768
-23.822410
-23.830849
-23.839087
-23.847122
-23.854956
-23.862586
-23.870014
-23.877240
-23.884263
-23.891083
-23.897700
-23.904114
-23.910326
-23.916334
-23.922139
-23.927742
-23.933140
-23.938336
-23.943328
-23.948117
-23.952703
-23.957085
-23.961263
-23.965238
-23.969009
-23.972576
-23.975940
-23.979100
-23.982056
-23.984809
-23.987357
-23.989702
-23.991843
-23.993780
-23.995513
-23.997042
-23.998367
-23.999488
-24.000405
-24.001118
-24.001626
-24.001931
-24.002032
-24.001929
-24.001622
-24.001111
-24.000395
-23.999476
-23.998353
-23.997026
-23.995494
-23.993759
-23.991820
-23.989677
-23.987330
-23.984779
-23.982025
-23.979066
-23.975904
-23.972538
-23.968968
-23.965195
-23.961218
-23.957037
-23.952653
-23.948065
-23.943274
-23.938279
-23.933082
-23.927680
-23.922076
-23.916268
-23.910258
-23.904044
-23.897628
-23.891008
-23.884186
-23.877161
-23.869933
-23.862502
-23.854869
-23.847034
-23.838996
-23.830757
-23.822314
-23.813670
-23.804824
-23.795776
-23.786526
-23.777075
-23.767422
-23.757567
-23.747511
-23.737254
-23.726796
-23.716136
-23.705276
-23.694215
-23.682953
-23.671491
-23.659828
-23.647965
-23.635901
-23.623638
-23.611175
-23.598512
-23.585649
-23.572587
-23.559325
-23.545865
-23.532205
-23.518346
-23.504289
-23.490033
-23.475578
-23.460925
-23.446074
-23.431025
-23.415778
-23.400334
-23.384692
-23.368853
-23.352816
-23.336583
-23.320153
-23.303526
-23.286703
-23.269684
-23.252468
-23.235057
-23.217450
-23.199647
-23.181650
-23.163457
-23.145069
-23.126486
-23.107709
-23.088738
-23.069573
-23.050213
-23.030660
-23.010914
-22.990974
-22.970842
-22.950516
-22.929998
-22.909288
-22.888385
-22.867291
-22.846005
-22.824527
-22.802858
-22.780999
-22.758948
-22.736707
-22.714276
-22.691655
-22.668844
-22.645843
-22.622653
-22.599275
-22.575707
-22.551951
-22.528007
-22.503874
-22.479554
-22.455047
-22.430352
-22.405471
-22.380402
-22.355148
-22.329707
-22.304081
-22.278269
-22.252271
-22.226089
-22.199722
-22.173171
-22.146435
-22.119516
-22.092413
-22.065127
-22.037658
-22.010006
-21.982172
-21.954156
-21.925958
-21.897579
-21.869018
-21.840277
-21.811356
-21.782254
-21.752972
-21.723511
-21.693870
-21.664051
-21.634053
-21.603877
-21.573523
-21.542991
-21.512282
-21.481396
-21.450334
-21.419095
-21.387681
-21.356091
-21.324325
-21.292385
-21.260270
-21.227981
-21.195519
-21.162882
-21.130073
-21.097091
-21.063936
-21.030610
-20.997112
-20.963442
-20.929602
-20.895590
-20.861409
-20.827058
-20.792538
-20.757848
-20.722990
-20.687963
-20.652768
-20.617406
-20.581877
-20.546181
-20.510318
-20.474290
-20.438095
-20.401736
-20.365212
-20.328523
-20.291671
-20.254654
-20.217475
-20.180132
-20.142628
-20.104961
-20.067133
-20.029143
-19.990993
-19.952682
-19.914211
-19.875581
-19.836792
-19.797844
-19.758738
-19.719474
-19.680053
-19.640474
-19.600740
-19.560849
-19.520802
-19.480600
-19.440243
-19.399732
-19.359067
-19.318249
-19.277278
-19.236154
-19.194877
-19.153450
-19.111871
-19.070141
-19.028261
-18.986231
-18.944051
-18.901723
-18.859246
-18.816621
-18.773848
-18.730929
-18.687863
-18.644650
-18.601292
-18.557789
-18.514141
-18.470348
-18.426412
-18.382333
-18.338111
-18.293746
-18.249239
-18.204592
-18.159803
-18.114874
-18.069805
-18.024596
-17.979249
-17.933763
-17.888139
-17.842377
-17.796479
-17.750444
-17.704274
-17.657968
-17.611526
-17.564951
-17.518241
-17.471399
-17.424423
-17.377315
-17.330074
-17.282703
-17.235201
-17.187568
-17.139805
-17.091914
-17.043893
-16.995744
-16.947468
-16.899064
-16.850533
-16.801877
-16.753094
-16.704187
-16.655155
-16.605999
-16.556720
-16.507317
-16.457792
-16.408146
-16.358378
-16.308489
-16.258480
-16.208351
-16.158103
-16.107737
-16.057252
-16.006650
-15.955931
-15.905095
-15.854144
-15.803077
-15.751896
-15.700600
-15.649191
-15.597669
-15.546034
-15.494287
-15.442429
-15.390460
-15.338381
-15.286192
-15.233894
-15.181487
-15.128973
-15.076351
-15.023622
-14.970787
-14.917846
-14.864800
-14.811650
-14.758396
-14.705038
-14.651577
-14.598015
-14.544350
-14.490585
-14.436719
-14.382754
-14.328689
-14.274525
-14.220263
-14.165904
-14.111448
-14.056895
-14.002247
-13.947504
-13.892666
-13.837734
-13.782709
-13.727591
-13.672381
-13.617079
-13.561686
-13.506203
-13.450631
-13.394969
-13.339219
-13.283380
-13.227455
-13.171443
-13.115344
-13.059161
-13.002892
-12.946539
-12.890102
-12.833583
-12.776981
-12.720297
-12.663532
-12.606687
-12.549761
-12.492756
-12.435673
-12.378511
-12.321272
-12.263956
-12.206564
-12.149097
-12.091554
-12.033937
-11.976247
-11.918483
-11.860647
-11.802739
-11.744760
-11.686710
-11.628591
-11.570402
-11.512144
-11.453819
-11.395426
-11.336966
-11.278440
-11.219849
-11.161193
-11.102472
-11.043689
-10.984842
-10.925933
-10.866962
-10.807930
-10.748838
-10.689686
-10.630476
-10.571206
-10.511879
-10.452495
-10.393055
-10.333558
-10.274007
-10.214400
-10.154740
-10.095027
-10.035261
-9.975443
-9.915574
-9.855655
-9.795685
-9.735666
-9.675598
-9.615482
-9.555319
-9.495110
-9.434854
-9.374552
-9.314206
-9.253816
-9.193383
-9.132907
-9.072388
-9.011828
-8.951228
-8.890587
-8.829907
-8.769188
-8.708431
-8.647636
-8.586804
-8.525937
-8.465034
-8.404096
-8.343123
-8.282118
-8.221079
-8.160009
-8.098906
-8.037773
-7.976610
-7.915417
-7.854196
-7.792946
-7.731669
-7.670364
-7.609034
-7.547678
-7.486298
-7.424893
-7.363464
-7.302013
-7.240540
-7.179045
-7.117529
-7.055993
-6.994438
-6.932864
-6.871271
-6.809661
-6.748035
-6.686392
-6.624734
-6.563061
-6.501373
-6.439673
-6.377959
-6.316234
-6.254497
-6.192749
-6.130991
-6.069224
-6.007448
-5.945664
-5.883873
-5.822075
-5.760270
-5.698461
-5.636646
-5.574828
-5.513006
-5.451182
-5.389356
-5.327528
-5.265699
-5.203871
-5.142043
-5.080217
-5.018392
-4.956571
-4.894752
-4.832938
-4.771129
-4.709325
-4.647526
-4.585735
-4.523951
-4.462175
-4.400408
-4.338651
-4.276903
-4.215166
-4.153441
-4.091728
-4.030027
-3.968340
-3.906667
-3.845009
-3.783367
-3.721740
-3.660131
-3.598538
-3.536964
-3.475409
-3.413874
-3.352358
-3.290864
-3.229391
-3.167940
-3.106512
-3.045107
-2.983727
-2.922371
-2.861041
-2.799737
-2.738460
-2.677211
-2.615990
-2.554797
-2.493634
-2.432502
-2.371400
-2.310330
-2.249292
-2.188286
-2.127315
-2.066377
-2.005475
-1.944607
-1.883776
-1.822982
-1.762225
-1.701507
-1.640827
-1.580187
-1.519587
-1.459028
-1.398510
-1.338034
-1.277601
-1.217212
-1.156866
-1.096566
-1.036310
-0.976101
-0.915939
-0.855824
-0.795757
-0.735738
-0.675769
-0.615850
-0.555982
-0.496165
-0.436399
-0.376687
-0.317028
-0.257422
-0.197871
-0.138376
-0.078936
-0.019552
0.039774
0.099042
0.158252
0.217403
0.276495
0.335525
0.394495
0.453404
0.512250
0.571033
0.629752
0.688407
0.746998
0.805523
0.863981
0.922373
0.980698
1.038955
1.097143
1.155261
1.213310
1.271288
1.329195
1.387030
1.444793
1.502483
1.560099
1.617640
1.675107
1.732498
1.789813
1.847051
1.904211
1.961294
2.018297
2.075222
2.132066
2.188830
2.245513
2.302114
2.358632
2.415068
2.471419
2.527687
2.583870
2.639967
2.695978
2.751902
2.807739
2.863488
2.919149
2.974721
3.030202
3.085594
3.140894
3.196103
3.251220
3.306244
3.361174
3.416011
3.470753
3.525400
3.579951
3.634406
3.688764
3.743025
3.797187
3.851250
3.905215
3.959079
4.012843
4.066506
4.120068
4.173527
4.226883
4.280136
4.333285
4.386329
4.439269
4.492102
4.544830
4.597450
4.649963
4.702369
4.754665
4.806853
4.858930
4.910898
4.962755
5.014500
5.066133
5.117654
5.169062
5.220356
5.271536
5.322601
5.373551
5.424384
5.475102
5.525703
5.576186
5.626551
5.676797
5.726924
5.776932
5.826819
5.876585
5.926230
5.975753
6.025154
6.074432
6.123586
6.172617
6.221522
6.270303
6.318958
6.367487
6.415889
6.464164
6.512311
6.560330
6.608220
6.655980
6.703611
6.751112
6.798482
6.845720
6.892827
6.939801
6.986642
7.033349
7.079923
7.126362
7.172667
7.218836
7.264869
7.310765
7.356524
7.402147
7.447631
7.492976
7.538183
7.583250
7.628177
7.672964
7.717610
7.762115
7.806478
7.850698
7.894776
7.938710
7.982500
8.026146
8.069648
8.113004
8.156214
8.199278
8.242196
8.284967
8.327590
8.370064
8.412391
8.454568
8.496596
8.538475
8.580202
8.621779
8.663205
8.704479
8.745601
8.786571
8.827387
8.868050
8.908559
8.948914
8.989113
9.029158
9.069047
9.108780
9.148356
9.187775
9.227037
9.266141
9.305087
9.343874
9.382502
9.420970
9.459279
9.497427
9.535414
9.573241
9.610905
9.648408
9.685748
9.722925
9.759939
9.796790
9.833476
9.869998
9.906355
9.942547
9.978574
10.014434
10.050128
10.085655
10.121015
10.156207
10.191232
10.226088
10.260775
10.295294
10.329642
10.363821
10.397830
10.431668
10.465336
10.498832
10.532156
10.565308
10.598288
10.631095
10.663729
10.696189
10.728476
10.760588
10.792526
10.824289
10.855877
10.887289
10.918526
10.949586
10.980469
11.011176
11.041705
11.072057
11.102231
11.132226
11.162043
11.191681
11.221140
11.250419
11.279519
11.308438
11.337177
11.365735
11.394111
11.422307
11.450320
11.478152
11.505801
11.533268
11.560552
11.587652
11.614569
11.641302
11.667851
11.694215
11.720395
11.746390
11.772200
11.797824
11.823262
11.848514
11.873580
11.898459
11.923151
11.947656
11.971973
11.996103
12.020045
12.043798
12.067364
12.090740
12.113927
12.136925
12.159734
12.182352
12.204781
12.227019
12.249067
12.270925
12.292591
12.314066
12.335349
12.356441
12.377341
12.398049
12.418565
12.438887
12.459017
12.478955
12.498698
12.518249
12.537605
12.556768
12.575737
12.594511
12.613091
12.631476
12.649667
12.667662
12.685462
12.703066
12.720475
12.737688
12.754705
12.771525
12.788149
12.804577
12.820807
12.836841
12.852678
12.868317
12.883759
12.899003
12.914049
12.928898
12.943548
12.958000
12.972253
12.986308
13.000164
13.013821
13.027279
13.040538
13.053598
13.066458
13.079118
13.091579
13.103839
13.115900
13.127760
13.139420
13.150880
13.162139
13.173198
13.184055
13.194712
13.205168
13.215422
13.225475
13.235327
13.244978
13.254427
13.263674
13.272719
13.281563
13.290204
13.298643
13.306881
13.314916
13.322748
13.330378
13.337806
13.345031
13.352054
13.358873
13.365490
13.371904
