-4.524564382
-4.531247856
-4.536912636
-4.534775581
-4.551837138
-4.575141828
-4.599476165
-4.63189909
-4.652150155
-4.668343664
-4.682431931
-4.706698373
-4.730950139
-4.759225319
-4.804401414
-4.850587353
-4.87475636
-4.88465341
-4.894550181
-4.909259681
-4.942970432
-4.968631776
-5.012227722
-5.045956859
-5.07701296
-5.133159949
-5.206835294
-5.262818699
-5.334212476
-5.429020136
-5.51581117
-5.594795851
-5.673892619
-5.747176596
-5.818425972
-5.906321849
-5.973360573
-6.036547339
-6.119193447
-6.214348939
-6.320067607
-6.43556402
-6.560831976
-6.703723966
-6.832944155
-6.953539617
-7.025260747
-7.08562271
-7.142135411
-7.184589759
-7.227063002
-7.297782684
-7.373558258
-7.448945007
-7.534571917
-7.603345038
-7.66233568
-7.680105493
-7.687194386
-7.706134459
-7.723912479
-7.77520408
-7.832445574
-7.907515269
-7.988567635
-8.100268987
-8.237603112
-8.38959359
-8.536273363
-8.651480786
-8.753875196
-8.844350616
-8.907861502
-8.945767929
-8.984872122
-9.020138222
-9.05296739
-9.073109288
-9.092033458
-9.123450517
-9.162493703
-9.202053986
-9.267419836
-9.349191113
-9.432116725
-9.527708022
-9.629525089
-9.734869163
-9.832209028
-9.90349333
-9.947222563
-9.994694125
-10.04220017
-10.09213681
-10.14830304
-10.21190428
-10.26919506
-10.32270252
-10.36000402
-10.39582234
-10.43039707
-10.46700513
-10.52882196
-10.60882225
-10.72394715
-10.85617077
-10.98485945
-11.1002178
-11.1975525
-11.2961519
-11.37535512
-11.43997355
-11.48524446
-11.52921589
-11.58074005
-11.66767995
-11.77184744
-11.87624401
-12.00127331
-12.14522029
-12.29962043
-12.43426292
-12.56381664
-12.69317172
-12.80296913
-12.89224344
-12.96946666
-13.06370908
-13.12548022
-13.17533672
-13.22364919
-13.2880371
-13.35243008
-13.43607825
-13.54397725
-13.64922787
-13.76574082
-13.86899973
-13.9905924
-14.12719268
-14.28023248
-14.44161618
-14.61087621
-14.78286767
-14.9465107
-15.06918686
-15.15031043
-15.20072421
-15.24898624
-15.28480137
-15.3274731
-15.35822047
-15.3742843
-15.3938488
-15.41968595
-15.4552914
-15.49926503
-15.55297925
-15.63175558
-15.72644854
-15.85436601
-16.01529099
-16.20549543
-16.39245403
-16.5500729
-16.71122724
-16.83839649
-16.94684423
-17.03452419
-17.08925213
-17.09934586
-17.08090976
-17.03790211
-16.98876852
-16.95193034
-16.9436179
-16.94084745
-16.94757999
-16.95094563
-16.96104006
-16.97532114
-16.98682518
-17.01791603
-17.06937141
-17.13083675
-17.18887752
-17.27330917
-17.36094419
-17.45595254
-17.55973602
-17.67137496
-17.78092569
-17.87342801
-17.93143397
-17.96448566
-18.0065493
-18.03216916
-18.05086895
-18.05595405
-18.06570857
-18.08718998
-18.11987492
-18.16693153
-18.21953206
-18.27301712
-18.3381696
-18.40825527
-18.48622662
-18.55103233
-18.60941133
-18.67224411
-18.72241355
-18.7693052
-18.82300826
-18.85834707
-18.90731131
-18.9440773
-18.97257949
-19.00079276
-19.01209743
-19.00511013
-18.98434896
-18.95743704
-18.92593527
-18.9100959
-18.88361468
-18.86301195
-18.86523116
-18.87183766
-18.89372329
-18.91401426
-18.93721772
-18.96993449
-18.99693245
-19.03416671
-19.05133193
-19.04592951
-19.03141516
-19.01074999
-18.9778012
-18.92962481
-18.87874946
-18.83290461
-18.80252781
-18.78099917
-18.76855178
-18.7550052
-18.77313891
-18.79634975
-18.82263529
-18.85488321
-18.89980851
-18.94275824
-18.96885517
-19.00035329
-19.03993677
-19.08001377
-19.10693617
-19.12208924
-19.13083152
-19.10152278
-19.05542956
-19.02122373
-18.99919203
-19.01938088
-19.05118193
-19.09174691
-19.12256584
-19.15008253
-19.15787898
-19.15859607
-19.15654912
-19.14448206
-19.11812946
-19.10093658
-19.08494177
-19.06575771
-19.04397241
-19.05267972
-19.06314354
-19.08326979
-19.09914454
-19.1149449
-19.13351014
-19.12768912
-19.11134081
-19.10874202
-19.11354666
-19.13534643
-19.15537272
-19.18276289
-19.21098592
-19.22663785
-19.22663785
-19.22663785
-19.21146562
-19.18103562
-19.13655584
-19.08162459
-19.08947925
-19.15067891
-19.22503221
-19.24196793
-19.20573716
-19.15010651
-19.10786832
-19.08243749
-19.0698996
-19.06469322
-19.06208958
-19.06208958
-19.05003125
-19.0440025
-19.04721313
-19.03234188
-19.00368092
-18.95400796
-18.89096118
-18.81584622
-18.72099603
-18.63561475
-18.59170723
-18.5480636
-18.53149559
-18.52689218
-18.50395924
-18.49878404
-18.5101275
-18.53162135
-18.57682211
-18.62182164
-18.63394497
-18.61926727
-18.57493668
-18.48109554
-18.37460547
-18.25592938
-18.11073
-17.95162286
-17.79399149
-17.62236622
-17.4568226
-17.30197153
-17.16118757
-17.05570424
-16.98543197
-16.92486345
-16.87782104
-16.85137748
-16.84212162
-16.82238734
-16.7845013
-16.72748824
-16.66463867
-16.57380629
-16.45048817
-16.30268046
-16.14825419
-15.9621437
-15.758855
-15.53767679
-15.26947405
-14.95875953
-14.64309313
-14.33348677
-14.01258665
-13.68686612
-13.39621194
-13.13010783
-12.88094524
-12.68534628
-12.5620896
-12.47384101
-12.39586479
-12.32922396
-12.23550299
-12.12709258
-11.99945233
-11.84943389
-11.64585575
-11.4019955
-11.12399579
-10.83992771
-10.56107291
-10.3003712
-10.06092464
-9.847069888
-9.68299814
-9.535395579
-9.401534725
-9.299858525
-9.203764338
-9.104188776
-8.982327327
-8.846971038
-8.681184239
-8.498226474
-8.291059177
-8.072285904
-7.859229519
-7.622879319
-7.37593997
-7.1558912
-6.961810406
-6.780413864
-6.610969272
-6.465273057
-6.335851818
-6.209642753
-6.091722672
-5.961718973
-5.82701775
-5.683671051
-5.53060588
-5.370599644
-5.198372836
-4.99972472
-4.814527239
-4.62425364
-4.425476996
-4.246239027
-4.051538736
-3.864074605
-3.67852379
-3.496606949
-3.321734948
-3.152185637
-2.987942088
-2.815112675
-2.647630167
-2.492533551
-2.33756211
-2.191456126
-2.045226732
-1.900702797
-1.757849688
-1.630731277
-1.516645104
-1.401844389
-1.297232868
-1.221748578
-1.152583629
-1.093070679
-1.032720438
-0.959364401
-0.87284871
-0.772481173
-0.656735227
-0.525657112
-0.379301219
-0.234603674
-0.106881453
-0.00841987
0.071719282
0.15479473
0.210170467
0.257496092
0.301196649
0.355108912
0.412665432
0.470229462
0.533552452
0.621022934
0.718706607
0.816408295
0.926552036
1.029247444
1.161920193
1.313556088
1.485210449
1.655101566
1.823063881
1.991705368
2.164255637
2.328087295
2.495136402
2.685501391
2.881568267
3.075186553
3.274624948
3.463551218
3.622324247
3.747518223
3.853983735
3.91186321
3.960919259
3.991232329
4.00943709
4.036472966
4.071800659
4.124798935
4.190473039
4.243491424
4.292679848
4.340085265
4.420181989
4.517452476
4.618603782
4.719791483
4.842586849
4.993034322
5.165149827
5.34233604
5.514145628
5.681664634
5.835921844
5.964174081
6.057965133
6.136044666
6.190371646
6.240762116
6.282262402
6.328703376
6.37413111
6.463983119
6.580502164
6.695076352
6.823525859
6.968858805
7.116170963
7.266331007
7.412472552
7.553663725
7.706821736
7.876013855
8.033220313
8.198487871
8.370157069
8.534712918
8.677445155
8.803188738
8.889566527
8.94061414
8.968939798
8.973746538
8.978553194
9.000398703
9.049074615
9.098443396
9.166401729
9.244379751
9.29739264
9.373738221
9.484471943
9.604033636
9.732117223
9.875865899
10.01902708
10.17836924
10.32957745
10.49837133
10.66144044
10.81766059
10.95984695
11.09376603
11.21905013
11.36729895
11.54117351
11.71097597
11.89424758
12.09184377
12.27911198
12.44513306
12.61173652
12.75044376
12.84542418
12.89587796
12.91474666
12.91995478
12.92020054
12.92020054
12.9159604
12.91669833
12.91766712
12.90544695
12.88875048
12.87255889
12.85163633
12.83571911
12.82748949
12.84584868
12.88007337
12.90588958
12.94140226
12.97591357
13.0024804
13.0245814
13.05164126
13.09211057
13.15868428
13.25563726
13.37433161
13.50186189
13.65214892
13.81603371
13.96853243
14.08580506
14.1934926
14.26570216
14.31038064
14.327733
14.31855514
14.31775238
14.32921866
14.34129534
14.36276554
14.38054575
14.39053284
14.41360245
14.43237778
14.46384042
14.51230386
14.56958055
14.61808348
14.65742492
14.66548642
14.67374075
14.67787569
14.67789428
14.68785728
14.68376885
14.67594511
14.65913971
14.63765739
14.62048356
14.61678328
14.60781458
14.60820214
14.60820214
14.60820214
14.59922628
14.59044514
14.58205483
14.58287047
14.58820223
14.60235166
14.61109244
14.62942295
14.65712165
14.65319586
14.62623354
14.59848753
14.57068892
14.54361807
14.51572435
14.49719052
14.48802347
14.47987079
14.45400362
14.41491942
14.37159159
14.32424211
14.29383081
14.28950529
14.30676526
14.3554148
14.40813981
14.45678285
14.49235665
14.51914293
14.54122974
14.55902333
14.56842618
14.58644468
14.59609235
14.6056317
14.62851552
14.64738225
14.63902563
14.6256686
14.60687436
14.56509103
14.5351231
14.50933466
14.47520887
14.43686238
14.39429347
14.35202046
14.31442175
14.29113068
14.26827312
14.25011779
14.22299471
14.19609473
14.16516364
14.12527886
14.08609185
14.03326425
13.97081247
13.90343077
13.82546981
13.73705798
13.64951244
13.56141183
13.47874674
13.40541033
13.34959964
13.29776992
13.25487486
13.23377971
13.23114893
13.21137819
13.16462135
13.12709172
13.09376202
13.06096639
13.0236704
12.98636287
12.93529189
12.88027884
12.82497182
12.75589093
12.67751777
12.5859439
12.47998009
12.36468704
12.25507934
12.14033844
12.02589064
11.91011251
11.79327455
11.68599994
11.59798359
11.54446459
11.50968549
11.49655405
11.49696577
11.50178217
11.4839275
11.46564174
11.45675805
11.45719253
11.48742409
11.52646029
11.5753487
11.62494037
11.69992606
11.78834548
11.86510736
11.93764446
11.99720991
12.00662695
11.96614638
11.90846308
11.83218939
11.77490562
11.72145074
11.68076741
11.65870734
11.65009318
11.64561271
11.62734326
11.60599277
11.56120774
11.49888179
11.42763351
11.35678241
11.27703359
11.20143351
11.12512479
11.05776947
11.00458272
10.95065188
10.90119273
10.84126986
10.77163379
10.69186997
10.58409783
10.46883008
10.34391317
10.1953976
10.03171763
9.853652803
9.65491321
9.460353918
9.261683746
9.057668259
8.863259633
8.699150635
8.543518065
8.407459867
8.295713373
8.187279203
8.028020702
7.864083773
7.674560879
7.452131428
7.231525499
7.017466994
6.80130436
6.56446242
6.30511085
6.03627299
5.765229524
5.4946416
5.250596432
5.002830952
4.776316072
4.579935917
4.416465754
4.27345407
4.144398683
4.020352561
3.906547603
3.788100319
3.660978131
3.523245257
3.381840822
3.213293577
3.030228181
2.840077742
2.636701132
2.414647261
2.20263033
1.996215494
1.792806452
1.58583021
1.385626474
1.226551849
1.070888916
0.921731586
0.793897762
0.682081604
0.55821118
0.467774488
0.370753487
0.229657759
0.094991718
-0.040199397
-0.206664186
-0.375744652
-0.58057454
-0.812244687
-1.03407543
-1.244450488
-1.443794751
-1.630280745
-1.802552675
-1.933478013
-2.053897008
-2.154571254
-2.232779062
-2.291396111
-2.311079788
-2.316053978
-2.325005889
-2.335944259
-2.346879477
-2.356817838
-2.359874
-2.3707966
-2.375444574
-2.404073688
-2.446505214
-2.496851335
-2.576784758
-2.663050215
-2.727275352
-2.779649694
-2.814671564
-2.818675194
-2.795651763
-2.783106786
-2.776494978
-2.760339858
-2.713293673
-2.640332321
-2.528801954
-2.379389687
-2.184548279
-1.938511997
-1.656165862
-1.352058716
-0.998818719
-0.614738603
-0.236847543
0.119333421
0.458937212
0.759909575
1.003938457
1.198116895
1.337378782
1.426718368
1.47939081
1.517712364
1.537503478
