-6.424203
-6.424629
-6.425906
-6.428035
-6.431015
-6.434845
-6.439527
-6.445059
-6.451441
-6.458673
-6.466753
-6.475683
-6.485460
-6.496084
-6.507555
-6.519871
-6.533032
-6.547037
-6.561884
-6.577574
-6.594104
-6.611474
-6.629682
-6.648727
-6.668607
-6.689322
-6.710870
-6.733249
-6.756457
-6.780494
-6.805357
-6.831044
-6.857555
-6.884886
-6.913037
-6.942004
-6.971786
-7.002381
-7.033787
-7.066002
-7.099022
-7.132847
-7.167473
-7.202898
-7.239119
-7.276135
-7.313942
-7.352538
-7.391919
-7.432084
-7.473029
-7.514752
-7.557250
-7.600518
-7.644556
-7.689359
-7.734924
-7.781248
-7.828327
-7.876160
-7.924741
-7.974068
-8.024137
-8.074944
-8.126487
-8.178761
-8.231763
-8.285488
-8.339934
-8.395096
-8.450971
-8.507554
-8.564842
-8.622830
-8.681514
-8.740891
-8.800956
-8.861704
-8.923132
-8.985235
-9.048009
-9.111450
-9.175552
-9.240311
-9.305724
-9.371784
-9.438488
-9.505831
-9.573808
-9.642414
-9.711645
-9.781495
-9.851960
-9.923034
-9.994714
-10.066992
-10.139865
-10.213328
-10.287374
-10.362000
-10.437199
-10.512966
-10.589297
-10.666185
-10.743625
-10.821612
-10.900140
-10.979204
-11.058798
-11.138917
-11.219554
-11.300704
-11.382362
-11.464522
-11.547177
-11.630323
-11.713952
-11.798060
-11.882640
-11.967687
-12.053193
-12.139155
-12.225564
-12.312416
-12.399703
-12.487421
-12.575562
-12.664120
-12.753090
-12.842465
-12.932238
-13.022404
-13.112956
-13.203887
-13.295191
-13.386862
-13.478893
-13.571278
-13.664010
-13.757083
-13.850490
-13.944225
-14.038280
-14.132649
-14.227327
-14.322305
-14.417577
-14.513137
-14.608977
-14.705092
-14.801473
-14.898115
-14.995011
-15.092153
-15.189536
-15.287151
-15.384993
-15.483053
-15.581326
-15.679805
-15.778481
-15.877350
-15.976403
-16.075633
-16.175034
-16.274598
-16.374319
-16.474189
-16.574201
-16.674349
-16.774625
-16.875022
-16.975534
-17.076152
-17.176870
-17.277681
-17.378578
-17.479554
-17.580600
-17.681711
-17.782880
-17.884098
-17.985359
-18.086656
-18.187981
-18.289328
-18.390690
-18.492058
-18.593427
-18.694788
-18.796135
-18.897460
-18.998757
-19.100018
-19.201236
-19.302405
-19.403516
-19.504562
-19.605538
-19.706434
-19.807245
-19.907963
-20.008582
-20.109093
-20.209490
-20.309766
-20.409914
-20.509926
-20.609796
-20.709517
-20.809081
-20.908482
-21.007712
-21.106764
-21.205632
-21.304309
-21.402787
-21.501060
-21.599121
-21.696962
-21.794577
-21.891959
-21.989101
-22.085997
-22.182639
-22.279020
-22.375134
-22.470975
-22.566534
-22.661806
-22.756784
-22.851461
-22.945830
-23.039885
-23.133619
-23.227026
-23.320098
-23.412830
-23.505215
-23.597246
-23.688916
-23.780220
-23.871151
-23.961702
-24.051868
-24.141641
-24.231015
-24.319985
-24.408543
-24.496684
-24.584401
-24.671688
-24.758539
-24.844948
-24.930909
-25.016416
-25.101462
-25.186041
-25.270149
-25.353778
-25.436923
-25.519578
-25.601737
-25.683394
-25.764544
-25.845181
-25.925299
-26.004893
-26.083956
-26.162484
-26.240470
-26.317910
-26.394798
-26.471128
-26.546895
-26.622093
-26.696718
-26.770764
-26.844226
-26.917099
-26.989377
-27.061055
-27.132129
-27.202594
-27.272443
-27.341673
-27.410279
-27.478255
-27.545598
-27.612301
-27.678361
-27.743773
-27.808532
-27.872634
-27.936074
-27.998847
-28.060950
-28.122377
-28.183125
-28.243189
-28.302565
-28.361249
-28.419236
-28.476523
-28.533106
-28.588980
-28.644141
-28.698586
-28.752312
-28.805313
-28.857586
-28.909128
-28.959935
-29.010003
-29.059330
-29.107910
-29.155742
-29.202821
-29.249144
-29.294708
-29.339511
-29.383547
-29.426816
-29.469312
-29.511034
-29.551979
-29.592143
-29.631524
-29.670119
-29.707925
-29.744940
-29.781161
-29.816585
-29.851211
-29.885034
-29.918054
-29.950268
-29.981673
-30.012268
-30.042049
-30.071016
-30.099166
-30.126496
-30.153006
-30.178693
-30.203555
-30.227591
-30.250799
-30.273177
-30.294724
-30.315438
-30.335318
-30.354362
-30.372569
-30.389938
-30.406468
-30.422157
-30.437003
-30.451008
-30.464168
-30.476483
-30.487953
-30.498577
-30.508353
-30.517282
-30.525361
-30.532592
-30.538974
-30.544505
-30.549186
-30.553016
-30.555995
-30.558123
-30.559399
-30.559824
-30.559398
-30.558120
-30.555991
-30.553010
-30.549178
-30.544496
-30.538963
-30.532580
-30.525348
-30.517267
-30.508337
-30.498559
-30.487934
-30.476463
-30.464146
-30.450984
-30.436978
-30.422130
-30.406440
-30.389909
-30.372538
-30.354330
-30.335284
-30.315403
-30.294687
-30.273139
-30.250759
-30.227550
-30.203512
-30.178649
-30.152960
-30.126449
-30.099117
-30.070966
-30.041998
-30.012215
-29.981619
-29.950212
-29.917997
-29.884976
-29.851151
-29.816524
-29.781098
-29.744876
-29.707860
-29.670052
-29.631456
-29.592074
-29.551908
-29.510962
-29.469239
-29.426741
-29.383471
-29.339433
-29.294629
-29.249064
-29.202739
-29.155659
-29.107826
-29.059244
-29.009916
-28.959847
-28.909038
-28.857495
-28.805221
-28.752218
-28.698492
-28.644045
-28.588883
-28.533007
-28.476424
-28.419135
-28.361147
-28.302462
-28.243084
-28.183019
-28.122270
-28.060841
-27.998738
-27.935963
-27.872522
-27.808419
-27.743659
-27.678246
-27.612185
-27.545481
-27.478137
-27.410160
-27.341553
-27.272322
-27.202471
-27.132006
-27.060931
-26.989251
-26.916972
-26.844098
-26.770635
-26.696588
-26.621962
-26.546763
-26.470995
-26.394664
-26.317775
-26.240334
-26.162347
-26.083818
-26.004754
-25.925160
-25.845041
-25.764403
-25.683252
-25.601594
-25.519434
-25.436778
-25.353632
-25.270002
-25.185894
-25.101313
-25.016266
-24.930759
-24.844798
-24.758388
-24.671536
-24.584248
-24.496530
-24.408388
-24.319829
-24.230859
-24.141484
-24.051710
-23.961544
-23.870992
-23.780061
-23.688756
-23.597085
-23.505053
-23.412668
-23.319936
-23.226863
-23.133456
-23.039721
-22.945665
-22.851295
-22.756618
-22.661640
-22.566367
-22.470807
-22.374967
-22.278852
-22.182470
-22.085828
-21.988932
-21.891789
-21.794407
-21.696791
-21.598949
-21.500888
-21.402615
-21.304137
-21.205460
-21.106591
-21.007538
-20.908308
-20.808907
-20.709343
-20.609622
-20.509751
-20.409739
-20.309591
-20.209315
-20.108917
-20.008406
-19.907787
-19.807069
-19.706258
-19.605361
-19.504386
-19.403339
-19.302228
-19.201059
-19.099841
-18.998580
-18.897283
-18.795957
-18.694610
-18.593249
-18.491881
-18.390512
-18.289151
-18.187804
-18.086479
-17.985182
-17.883921
-17.782703
-17.681534
-17.580423
-17.479377
-17.378402
-17.277505
-17.176694
-17.075976
-16.975358
-16.874847
-16.774450
-16.674174
-16.574026
-16.474014
-16.374144
-16.274424
-16.174860
-16.075459
-15.976229
-15.877177
-15.778309
-15.679632
-15.581154
-15.482882
-15.384821
-15.286980
-15.189365
-15.091983
-14.994841
-14.897946
-14.801304
-14.704923
-14.608809
-14.512969
-14.417410
-14.322138
