-3.348714856
-3.393622255
-3.442779777
-3.457118735
-3.413843705
-3.372052475
-3.36065565
-3.36834115
-3.405934267
-3.458638721
-3.51825888
-3.56456331
-3.598587269
-3.625074215
-3.632574412
-3.651010095
-3.687129072
-3.718865243
-3.709932315
-3.654948027
-3.570554581
-3.456436946
-3.359995339
-3.260255948
-3.155407641
-3.074335186
-2.991557132
-2.937470973
-2.894953996
-2.860409894
-2.859327067
-2.900719741
-2.952294462
-3.020387717
-3.101455646
-3.189639773
-3.295042385
-3.402317777
-3.532960976
-3.66506092
-3.807304308
-3.945652733
-4.077997035
-4.16433707
-4.197480452
-4.162956456
-4.074450937
-3.935703055
-3.805570426
-3.694504612
-3.602516059
-3.512588071
-3.406392431
-3.279966317
-3.155563358
-3.011292335
-2.884520546
-2.777195936
-2.705416604
-2.650895609
-2.602751574
-2.552645214
-2.490257867
-2.435981768
-2.372713747
-2.328096775
-2.289335793
-2.244071891
-2.193115482
-2.125226465
-2.034467412
-1.91093382
-1.788722663
-1.663381306
-1.538191193
-1.441231903
-1.367198488
-1.369258672
-1.386801833
-1.42385063
-1.4542413
-1.484885095
-1.534268137
-1.575114565
-1.629549907
-1.696766298
-1.775887007
-1.844802028
-1.909473131
-1.962228366
-2.021136745
-2.075831791
-2.151723315
-2.255810693
-2.359978095
-2.467731413
-2.593582859
-2.727629437
-2.874914671
-3.041263171
-3.220251215
-3.372265462
-3.511348541
-3.590040097
-3.614264413
-3.617435065
-3.617716188
-3.620105451
-3.614316236
-3.621700643
-3.626181122
-3.637774416
-3.646202994
-3.653575984
-3.657788276
-3.661999952
-3.6693689
-3.689944411
-3.723743365
-3.753584991
-3.769155724
-3.803802246
-3.860747978
-3.935249174
-4.008767256
-4.075181877
-4.14165488
-4.245993265
-4.373918072
-4.500948683
-4.6035666
-4.703040283
-4.798634056
-4.852281716
-4.87514398
-4.882799994
-4.890453892
-4.90247737
-4.913403355
-4.923233101
-4.936206988
-4.950271836
-4.960094486
-4.972095287
-4.988335388
-5.007728431
-5.014269511
-5.016449494
-5.019719193
-5.024078188
-5.03463053
-5.051380274
-5.063258851
-5.084835474
-5.139726953
-5.200959135
-5.276689245
-5.351565152
-5.441807219
-5.52474375
-5.619245129
-5.721309378
-5.821396178
-5.928670836
-6.03066563
-6.138265968
-6.231168437
-6.296826871
-6.368016704
-6.439393517
-6.515148703
-6.587607556
-6.642001258
-6.690862192
-6.730010955
-6.735334003
-6.740656854
-6.759486991
-6.786683306
-6.836859878
-6.886995432
-6.943330623
-6.991298168
-7.02671541
-7.055847368
-7.094659308
-7.123470081
-7.16288198
-7.207586918
-7.256431602
-7.322301326
-7.407704224
-7.523791694
-7.649075307
-7.773492247
-7.891829064
-8.014105007
-8.130951973
-8.230718753
-8.321589762
-8.387303656
-8.43605064
-8.464457017
-8.451036155
-8.436815275
-8.416844247
-8.3864183
-8.35599751
-8.332872268
-8.308428704
-8.290925068
-8.256364568
-8.230416065
-8.20564717
-8.18713245
-8.159011733
-8.138316906
-8.109043445
-8.079781888
-8.050532252
-8.015064873
-7.967164721
-7.937963631
-7.907773785
-7.849236533
-7.795796521
-7.745728134
-7.692201427
-7.631360788
-7.574434921
-7.548460106
-7.523644934
-7.496148284
-7.447084461
-7.399211939
-7.352528816
-7.309904524
-7.272294381
-7.23660981
-7.198271799
-7.140543938
-7.0837767
-7.004517538
-6.922935196
-6.842279628
-6.759061255
-6.677774633
-6.591492231
-6.52693219
-6.485254189
-6.456901602
-6.434906731
-6.422185763
-6.406794756
-6.381191242
-6.328230636
-6.250858391
-6.138949631
-5.994596746
-5.85307492
-5.684803486
-5.535919176
-5.430697991
-5.35461396
-5.29041926
-5.238344953
-5.207092319
-5.201882923
-5.201882923
-5.201882923
-5.201882923
-5.201882923
-5.210158773
-5.249269959
-5.312846819
-5.413140546
-5.580031299
-5.753457966
-5.918920338
-6.051716621
-6.164991628
-6.260947933
-6.316386551
-6.343478423
-6.365578385
-6.399051586
-6.431378934
-6.47099617
-6.540942015
-6.639466471
-6.720251116
-6.786033198
-6.84734612
-6.896345088
-6.921793286
-6.940970372
-6.966539142
-6.983412731
-6.992741998
-6.997981979
-7.029009764
-7.068609781
-7.132060277
-7.214077686
-7.323894519
-7.464876016
-7.636899582
-7.812641403
-7.972460612
-8.111722853
-8.207160614
-8.257320564
-8.275058267
-8.276237266
-8.272236507
-8.272236507
-8.273415322
-8.283774681
-8.292954017
-8.296953569
-8.30495137
-8.320941759
-8.338105796
-8.353631895
-8.366343382
-8.398569262
-8.459010736
-8.545272575
-8.664075667
-8.79466867
-8.900528142
-8.984500713
-9.038725173
-9.065637049
-9.071972046
-9.07711532
-9.07711532
-9.082258358
-9.09649413
-9.119817126
-9.144692733
-9.178634099
-9.209806573
-9.23988035
-9.26371997
-9.304239046
-9.351369914
-9.39843779
-9.443149198
-9.477265308
-9.484399808
-9.489917996
-9.509447551
-9.517256329
-9.510358982
-9.523667647
-9.543167226
-9.570448389
-9.58602807
-9.589921904
-9.590027474
-9.57763062
-9.579044453
-9.585756762
-9.61533953
-9.689038809
-9.785256233
-9.892695188
-10.00126516
-10.09840799
-10.17044098
-10.21587814
-10.24363194
-10.24247676
-10.23003138
-10.2113657
-10.20042946
-10.17555122
-10.13589065
-10.09859696
-10.06131469
-10.04267784
-10.01663637
-9.982001293
-9.954782041
-9.939980821
-9.931386752
-9.904184161
-9.870789288
-9.840532572
-9.825754467
-9.807119684
-9.797400697
-9.775313561
-9.756799776
-9.743327099
-9.721016917
-9.667100522
-9.591696099
-9.533302451
-9.496071335
-9.488508876
-9.499037918
-9.520335921
-9.546619028
-9.584108578
-9.623930931
-9.668759938
-9.722431929
-9.77726782
-9.825572739
-9.882693719
-9.944798022
-9.992174295
-10.03365028
-10.05186328
-10.07093995
-10.09146991
-10.07585213
-10.06258288
-10.05519763
-10.03782503
-10.01077851
-9.972889803
-9.944117504
-9.89455049
-9.800515554
-9.662135556
-9.496445827
-9.324863114
-9.13632209
-8.971362074
-8.824925009
-8.715217549
-8.660402729
-8.642136759
-8.642136759
-8.642136759
-8.642136759
-8.643254622
-8.644372428
-8.639401497
-8.633313132
-8.627225086
-8.610078959
-8.592934857
-8.578021675
-8.569192879
-8.536020058
-8.502850265
-8.477985839
-8.443168187
-8.402260236
-8.355265038
-8.298309334
-8.222550914
-8.137382133
-8.070427241
-8.008442087
-7.946444949
-7.885515365
-7.825643723
-7.780723803
-7.73364748
-7.69548476
-7.664454369
-7.652672957
-7.616636525
-7.555293889
-7.472258523
-7.425438834
-7.371476839
-7.303281762
-7.243223176
-7.19920701
-7.159140918
-7.117050046
-7.07893076
-7.058955976
-7.046861819
-7.029759139
-7.005577445
-6.971448196
-6.925242203
-6.857020887
-6.789852607
-6.704608645
-6.608434421
-6.495257595
-6.376959629
-6.256694219
-6.136558453
-6.01055636
-5.862790119
-5.706340092
-5.583844171
-5.484269887
-5.38777903
-5.304308685
-5.252639913
-5.230794202
-5.218871405
-5.212910497
-5.200989662
-5.185109413
-5.147391745
-5.083879871
-4.998604255
-4.881598163
-4.726882411
-4.550420328
-4.342323653
-4.126487277
-3.908899585
-3.695514724
-3.500016639
-3.320527355
-3.167788268
-3.041853118
-2.921862171
-2.80649878
-2.701070846
-2.609679759
-2.535005673
-2.45536235
-2.396478862
-2.353369713
-2.310260906
-2.275295636
-2.247954798
-2.210665908
-2.141880514
-2.04160658
-1.908108839
-1.767329085
-1.590132106
-1.388854191
-1.175305896
-0.934463372
-0.72596168
-0.522474547
-0.3314184
-0.166831189
-0.038640279
0.07463988
0.165655099
0.254087597
0.315309446
0.361640024
0.395418748
0.417687966
0.439168105
0.459860212
0.472179343
0.48710805
0.49784983
0.503615032
0.514357121
0.520910554
0.536630003
0.553137981
0.584580602
0.627557868
0.676304798
0.733448921
0.787973585
0.8459201
0.899673468
0.947665467
0.999753567
1.046814656
1.08655573
1.127811529
1.179001721
1.2301909
1.289817855
1.341008575
1.396422805
1.473207663
1.543559504
1.625334985
1.715586506
1.81159482
1.908399483
1.996744695
2.059490352
2.105850854
2.137313121
2.168777739
2.210931238
2.246661932
2.278133739
2.304607705
2.329611901
2.36598436
2.411572913
2.459247963
2.497644004
2.523224515
2.543911208
2.564653744
2.591128918
2.6276148
2.664829389
2.712057988
2.758567327
2.815756755
2.857989647
2.888765414
2.928709023
2.980694782
3.019928202
3.047063409
3.083434661
3.108495383
3.13427232
3.155750376
3.176516286
3.197283169
3.238109117
3.290391227
3.347694399
3.415663979
3.482227308
3.553032424
3.595213756
3.620931006
3.636693397
3.651756049
3.65817693
3.673939662
3.693326051
3.723458298
3.759314984
3.805222919
3.859103205
3.913696187
3.966922693
4.031514443
4.090503824
4.162557031
4.242125287
4.352114126
4.488938269
4.624999159
4.720498868
4.796050457
4.837389391
4.848129114
4.853829065
4.863908404
4.870268019
4.875967444
4.881666709
4.882428432
4.878253847
4.898515681
4.918884474
4.930045982
4.93079307
4.927282001
4.939467692
4.95550565
4.977158017
5.023705146
5.095804019
5.152234808
5.193530973
5.199205911
5.168598533
5.120320825
5.056333998
4.997913739
4.955716343
4.907243453
4.854502278
4.80748084
4.749247178
4.667472579
4.596498945
4.524153201
4.460257014
4.400565804
4.352088278
4.311315973
4.264364173
4.213751681
4.146263647
4.070353735
3.988106663
3.888228323
3.788317595
3.708035694
3.605856123
3.521316261
3.45789397
3.42708357
3.406103056
3.417004584
3.426419456
3.426419456
3.431498787
3.43224187
3.431664011
3.421092375
3.407095404
3.391199282
3.402440698
3.405790073
3.430622155
3.459797678
3.495380662
3.519657972
3.529775102
3.528588542
3.513293352
3.49593488
3.48801025
3.491029524
3.509001715
3.519968723
3.537187412
3.54800933
3.536301712
3.487901398
3.422085775
3.359642739
3.327649799
3.310608273
3.310608273
3.310608273
3.310608273
3.304927066
3.29924551
3.287881351
3.253780498
3.196917825
3.134328584
3.031819038
2.906375524
2.76812244
2.624203174
2.464534606
2.28093331
2.088063541
1.891979274
1.704982268
1.504427821
1.336554665
1.203206455
1.092911161
1.023186061
0.988304933
0.982309131
0.987488763
0.970901933
0.95926743
0.942677432
0.901940229
0.832065528
0.751354916
0.670583201
0.591278416
0.519300577
0.476746722
0.47244001
0.47244001
0.461638649
0.444992129
0.417540745
0.383349644
0.340542762
0.260529433
0.18050106
0.082880779
-0.010485152
-0.105473342
-0.199404682
-0.299303086
-0.413753404
-0.544370843
-0.681010131
-0.832238266
-0.991160938
-1.156178782
-1.318793283
-1.460519504
-1.598176896
-1.740282257
-1.878582456
-1.991476008
-2.058414273
-2.116960735
-2.160580963
-2.192777471
-2.225453049
-2.25540248
-2.284103187
-2.334775858
-2.407962612
-2.491975391
-2.581084339
-2.673780616
-2.796926368
-2.955896032
-3.124364752
-3.283581411
-3.423251051
-3.59638025
-3.777011295
-3.959105217
-4.128337932
-4.275348976
-4.39373694
-4.468166809
-4.49595831
-4.480253645
-4.437022473
-4.398451385
-4.362783018
-4.294297965
-4.150659723
-3.938880703
-3.64803704
