-5.631510699
-5.631539443
-5.480386205
-5.128771712
-4.658769398
-4.248372062
-3.942161791
-3.713894806
-3.524050971
-3.34910558
-3.184543487
-3.095741535
-3.12248706
-3.169073835
-3.223790355
-3.303824558
-3.401517241
-3.475328895
-3.59612045
-3.699543455
-3.786391217
-3.933394058
-4.143764212
-4.380137314
-4.606106279
-4.828304894
-5.002483581
-5.027031638
-4.967464885
-4.945226135
-4.956607754
-4.946277626
-4.973678262
-5.074721947
-5.185209268
-5.266678108
-5.350681653
-5.407914641
-5.465509546
-5.546453741
-5.649269567
-5.716361709
-5.773993284
-5.789892123
-5.791939941
-5.784532219
-5.781156435
-5.806789958
-5.875525177
-5.998337928
-6.209302586
-6.517609168
-6.867899896
-7.172194092
-7.446066931
-7.6990891
-7.891027575
-8.06336881
-8.216512294
-8.311133075
-8.42661172
-8.546089751
-8.654253462
-8.838436635
-9.189830561
-9.651253652
-10.10852247
-10.55141235
-10.90770323
-10.99323877
-10.90218491
-10.84237552
-10.80382594
-10.76803103
-10.8052296
-11.00140766
-11.1203424
-11.14128836
-11.14128836
-11.14128836
-11.12842805
-11.14161017
-11.19635227
-11.23179635
-11.23555816
-11.27099269
-11.37562969
-11.44857728
-11.49121538
-11.60707423
-11.71868863
-11.7871548
-11.86767809
-11.94740792
-11.98178007
-12.06906586
-12.19622644
-12.26637506
-12.28756603
-12.40904491
-12.56364755
-12.62519263
-12.66157008
-12.76553519
-12.84954986
-12.93464117
-13.03552036
-13.06594523
-13.1034015
-13.17176709
-13.27447345
-13.42409246
-13.61755251
-13.79938637
-14.01388526
-14.14887432
-14.16658134
-14.16679674
-14.19413634
-14.18762166
-14.18436685
-14.22969265
-14.28668009
-14.35881496
-14.44163204
-14.55186011
-14.68942218
-14.88912762
-15.08866115
-15.32075709
-15.498356
-15.62305007
-15.75692369
-15.87872867
-15.94544122
-15.96052706
-15.98157701
-16.01279395
-16.06999588
-16.10170536
-16.10904133
-16.03726968
-15.95296081
-15.90320855
-15.83329086
-15.79869327
-15.84402042
-15.89212792
-15.91789028
-15.97732391
-16.03161918
-16.00209727
-15.91135109
-15.80147024
-15.69439487
-15.58789843
-15.48277748
-15.4417951
-15.43849288
-15.48287299
-15.52143285
-15.51332776
-15.44211244
-15.41721613
-15.39877511
-15.41350363
-15.46785832
-15.54744618
-15.56846245
-15.56852221
-15.56064866
-15.4815803
-15.35978284
-15.30519169
-15.27258482
-15.18228875
-15.09594346
-15.11827967
-15.20251744
-15.26621195
-15.34156043
-15.43566939
-15.49752282
-15.46344961
-15.39807663
-15.35936539
-15.25622339
-15.12482004
-15.04239088
-15.02142157
-15.06444975
-15.1794658
-15.31619731
-15.439288
-15.50987782
-15.54860823
-15.51665666
-15.38620863
-15.24170384
-15.15040663
-15.06176906
-15.05664418
-15.11940866
-15.18056867
-15.18687034
-15.22812999
-15.27008571
-15.14331721
-14.85836384
-14.54608059
-14.22922106
-13.90306818
-13.73908303
-13.71984622
-13.73415958
-13.72311558
-13.71741318
-13.68901609
-13.58669045
-13.43290874
-13.30952193
-13.16234542
-12.94575249
-12.73430607
-12.55504526
-12.37613876
-12.21887795
-12.143856
-12.07276709
-11.97140549
-11.87136622
-11.71816297
-11.47144518
-11.1514513
-10.80792981
-10.50683812
-10.26647437
-10.03976951
-9.835866401
-9.657917499
-9.536499816
-9.379166357
-9.198944513
-8.987627712
-8.696216599
-8.424112251
-8.181001204
-7.872930059
-7.480071444
-7.118385378
-6.765082766
-6.41428978
-6.129109631
-5.913192511
-5.68523937
-5.496205896
-5.345061848
-5.162811467
-4.996805267
-4.88056967
-4.764794463
-4.595321136
-4.479137396
-4.374235181
-4.221124486
-3.996665708
-3.839862952
-3.663674327
-3.449261071
-3.271141904
-3.147288962
-3.025453317
-2.822287151
-2.546224402
-2.190143155
-1.720405184
-1.269440708
-0.942318033
-0.724843782
-0.644163782
-0.634047798
-0.650051107
-0.650051107
-0.636588437
-0.598907693
-0.538008752
-0.49244709
-0.450350014
-0.353453244
-0.226083923
-0.114911128
-0.00190066
0.140077765
0.314279097
0.495422313
0.654927138
0.794854326
0.861947217
0.894695599
0.9434697
1.054961962
1.177172067
1.26807336
1.382870468
1.542818987
1.67689284
1.815400461
1.966242071
2.086578776
2.192446705
2.348912197
2.574852899
2.80069117
3.028534625
3.270159605
3.548599341
3.858102886
4.178301846
4.493292475
4.838635944
5.145591661
5.252665162
5.295462545
5.344211617
5.350494655
5.350494655
5.387827745
5.461657948
5.537930269
5.630895072
5.759445785
5.899759232
6.088007731
6.317866425
6.579869578
6.838523027
7.032258297
7.206840192
7.391513859
7.556401354
7.671785117
7.740689485
7.779526606
7.827041684
7.886853685
7.927330451
7.978989222
8.068513142
8.138782368
8.142691905
8.172110317
8.261975247
8.393237936
8.508810102
8.530252007
8.454482236
8.222503453
7.965389133
7.8188472
7.784747942
7.779191981
7.756554251
7.757653655
7.775283849
7.756673051
7.781331378
7.817104898
7.823419462
7.786740379
7.754032959
7.725682147
7.684576556
7.64014995
7.624826922
7.650503712
7.671978821
7.654927613
7.581259284
7.441752982
7.233247586
6.979492506
6.756455505
6.559743567
6.410327081
6.366425744
6.338131219
6.212704241
6.065190523
5.890382156
5.679112496
5.48982408
5.3061426
5.137054265
5.01201202
4.980374381
5.000554225
5.016071008
4.99473619
4.981532579
4.973877709
4.924871413
4.799788359
4.635019422
4.440326454
4.201110747
3.92030773
3.666379044
3.450754251
3.225870177
2.960011234
2.725093117
2.544495232
2.329255146
2.133309682
2.007179645
1.904467649
1.758412666
1.606871424
1.472727905
1.361069123
1.28459808
1.196288463
1.155050256
1.137371469
1.054828667
0.938287268
0.804773352
0.574822624
0.215439757
-0.204205942
-0.638592528
-1.05504266
-1.464997135
-1.85325357
-2.179210167
-2.489990919
-2.721417232
-2.866145462
-3.004533103
-3.179064933
-3.293987079
-3.382689869
-3.521937242
-3.754248666
-4.011866825
-4.290992836
-4.531945371
-4.643666917
-4.704064771
-4.753911113
-4.802186561
-4.853605568
-5.00808703
-5.280256818
-5.569908889
-5.840777107
-6.148205138
-6.406542896
-6.595454074
-6.859340995
-7.252299137
-7.605992506
-7.826730995
-7.97744679
-8.124889359
-8.21428843
-8.219704581
-8.24084996
-8.386062184
-8.600725323
-8.858131131
-9.015940828
-9.103542305
-9.240037203
-9.451434298
-9.59289407
-9.691490083
-9.753796561
-9.764397732
-9.722675778
-9.701066474
-9.703661871
-9.669960264
-9.557868141
-9.480908232
-9.396714428
-9.271586516
-8.978006919
-8.514510348
-8.101783215
-7.837148547
-7.685617542
-7.690908826
-7.764675981
-7.780600736
-7.686243484
-7.548612243
-7.322080238
-6.973538062
-6.628813524
-6.28803758
-5.870808011
-5.399517633
-4.988137884
-4.573939583
-4.202170995
-3.967101007
-3.905596956
-3.987753462
-4.179956921
-4.470992667
-4.864560296
-5.216814612
-5.453758072
-5.636934014
-5.752313965
-5.804429243
-5.921239976
-6.112883716
-6.25896217
-6.335732001
-6.361229771
-6.356515243
-6.281303197
-6.075110368
-5.777341271
-5.486545704
-5.203670697
-4.87895928
-4.584671677
-4.371935467
-4.1728934
-3.933343761
-3.708639535
-3.531162436
-3.409697763
-3.368600914
-3.434192783
-3.574994581
-3.792190391
-4.058801582
-4.259970519
-4.38177893
-4.455563207
-4.550638223
-4.556248282
-4.481391317
-4.471861688
-4.479109893
-4.456394811
-4.404088766
-4.376548373
-4.326659891
-4.291670451
-4.30205464
-4.281420093
-4.222301617
-4.162126605
-4.125330208
-4.071701077
-4.002694643
-4.068919824
-4.222248219
-4.320217213
-4.345195518
-4.452151921
-4.696491064
-5.079148935
-5.655445311
-6.380280806
-7.171178026
-7.846623956
-8.151753148
-8.141171783
-8.054289764
-8.015307215
-8.046711329
-8.123561215
-8.264982639
-8.498790698
-8.612794525
-8.602565048
-8.593685768
-8.606036246
-8.622008177
-8.645487784
-8.743210305
-8.870284396
-8.928377897
-8.943058198
-8.998390716
-9.087247583
-9.153372693
-9.27304152
-9.445131832
-9.558378593
-9.579197958
-9.611279716
-9.622536992
-9.615653085
-9.689006779
-9.77333489
-9.779689283
-9.789017405
-9.83001676
-9.849893512
-9.874887355
-9.9397379
-9.958515579
-9.964874768
-10.04301139
-10.17666051
-10.2394198
-10.28306404
-10.35408823
-10.44025708
-10.55915222
-10.70871231
-10.78035488
-10.8660968
-10.99543259
-11.09558531
-11.20034034
-11.39192237
-11.56996797
-11.67931
-11.78599062
-11.94497584
-12.00199494
-11.94968735
-11.91259572
-11.92551557
-11.95664113
-11.98781827
-12.02697761
-12.08910408
-12.18340117
-12.25722586
-12.26930754
-12.27987206
-12.28508909
-12.24795405
-12.20956264
-12.21209231
-12.23014911
-12.14440255
-12.05356133
-12.0167449
-12.02888803
-12.12440935
-12.26315507
-12.39508172
-12.50115462
-12.58918941
-12.63636812
-12.59923756
-12.58004923
-12.57484233
-12.50574236
-12.30014284
-12.02056357
-11.77809003
-11.5501075
-11.40779547
-11.37336924
-11.38417562
-11.41412068
-11.45571251
-11.43267763
-11.31831421
-11.22898006
-11.12969881
-11.04068132
-10.98798145
-10.9467373
-10.94100868
-10.93329186
-10.89886511
-10.84383662
-10.79449367
-10.72640018
-10.63889553
-10.58177472
-10.6066558
-10.6134626
-10.56371233
-10.46734806
-10.31352257
-10.12952031
-9.963723104
-9.851954358
-9.764340201
-9.660472285
-9.616336736
-9.606670304
-9.544415887
-9.42292694
-9.235490577
-8.964853924
-8.676074162
-8.446473633
-8.277130953
-8.153212839
-8.138875842
-8.145188637
-8.133683813
-8.050974441
-7.861884963
-7.63602621
-7.373816601
-7.126991035
-6.921796541
-6.737567816
-6.540374744
-6.393997158
-6.30162553
-6.23180124
-6.149931671
-6.020191557
-5.844421659
-5.670764623
-5.480823351
-5.242028777
-4.994171351
-4.734271057
-4.405286255
-3.978042037
-3.576321933
-3.161765218
-2.708168312
-2.278700021
-1.894304509
-1.49106549
-1.19302255
-1.037251357
-0.951982715
-0.915769546
-0.915769546
-0.909828733
-0.904744696
-0.82944058
-0.631097806
-0.469971251
-0.317317397
-0.146030039
0.043422176
0.182274105
0.266185018
0.332728777
0.375236335
0.37956611
0.423690038
0.501350163
0.570379964
0.634350784
0.777507125
0.985671262
1.135971112
1.237114768
1.327470538
1.398735655
1.480330827
1.617095892
1.814770206
1.975671901
2.133659461
2.331107901
2.472173243
2.55851008
2.672853826
2.774700091
2.844815884
2.898825619
2.937265556
2.942440462
2.948263511
2.977877619
3.029642386
3.083871477
3.225874913
3.384207239
3.482232805
3.538990785
3.588675714
3.641896539
3.713787054
3.722424449
3.668848554
3.579736164
3.372892134
3.138686964
2.931646244
2.720087559
2.509638563
2.335190037
2.141015658
1.909384251
1.686318181
1.4394035
1.1345696
0.808355572
0.566780178
0.393360628
0.211249989
-0.010952418
-0.251363815
-0.484528087
-0.769441151
-1.086666842
-1.442720498
-1.858792672
-2.265203037
-2.591114527
-2.929505587
-3.32597125
-3.733097017
-4.059644147
-4.294995543
-4.529771899
-4.769628826
-5.01469481
-5.309036976
-5.676509104
-6.046616413
-6.384420274
-6.638067949
-6.829832724
-6.974354666
-7.05613248
-7.011020983
-6.973513563
-7.08349023
-7.256699461
-7.328337578
-7.36933858
-7.537498002
-7.753625076
-7.892640066
-7.972833163
-8.028819239
-8.120761701
-8.169917018
-8.163622688
-8.142221475
-8.234731557
-8.350568151
-8.391218393
-8.371607265
-8.385404284
-8.492192082
-8.566785895
-8.5814853
-4.102461699
