-4,401667183
-4,48517398
-4,575275363
-4,668600207
-4,748674864
-4,808340548
-4,854932903
-4,876704924
-4,892712715
-4,925410967
-4,961120969
-5,024512944
-5,086288113
-5,135072455
-5,191712656
-5,227870298
-5,245813328
-5,24104413
-5,224924035
-5,209948125
-5,232950603
-5,281054811
-5,343068968
-5,381225236
-5,418214763
-5,470868046
-5,54927928
-5,638409822
-5,716039137
-5,786461197
-5,837510363
-5,875634004
-5,909660959
-5,904915946
-5,910313341
-5,929525925
-5,96084063
-6,018938327
-6,093042089
-6,172725797
-6,224484391
-6,269312774
-6,274958423
-6,274958423
-6,28787111
-6,294327972
-6,294327972
-6,311688336
-6,344395854
-6,399304979
-6,48764541
-6,592774067
-6,743601546
-6,942799257
-7,194792323
-7,419937622
-7,569485296
-7,663558892
-7,68300202
-7,685117508
-7,685117508
-7,685117508
-7,687232838
-7,693715264
-7,700198313
-7,726132773
-7,749576556
-7,780756878
-7,823668069
-7,85884484
-7,883551569
-7,907005961
-7,910985847
-7,9016021
-7,894065544
-7,898341938
-7,90637906
-7,905120764
-7,911798766
-7,926214642
-7,948371173
-7,965302996
-7,983496977
-7,979709179
-7,978446489
-8,01483167
-8,081129528
-8,134066946
-8,171348959
-8,210308888
-8,242784794
-8,28826526
-8,345484772
-8,438705036
-8,561948075
-8,71481682
-8,910506975
-9,15881589
-9,460048154
-9,794851941
-10,17382371
-10,51407192
-10,78154211
-10,8832103
-10,90033329
-10,8219625
-10,75354648
-10,71391409
-10,68749911
-10,68089619
-10,69219855
-10,71617593
-10,75049436
-10,78134316
-10,80033101
-10,81285776
-10,82400902
-10,8395842
-10,85088351
-10,87485598
-10,91287533
-10,96218494
-11,00419141
-11,04192835
-11,08545059
-11,14341682
-11,21788363
-11,3115969
-11,41228198
-11,51893194
-11,59914211
-11,66775312
-11,68886537
-11,69550449
-11,69550449
-11,69550449
-11,70112966
-11,7298926
-11,7741336
-11,80926387
-11,83453872
-11,86087879
-11,91764456
-11,98348081
-12,02028546
-12,04379425
-12,07610715
-12,10841119
-12,14351158
-12,19087205
-12,23468314
-12,2802194
-12,31349789
-12,32156298
-12,33138264
-12,35383619
-12,39453112
-12,46887307
-12,55999696
-12,69135684
-12,85850801
-13,03475205
-13,16909822
-13,2677372
-13,33099017
-13,34580214
-13,34723733
-13,34341795
-13,34628739
-13,34915659
-13,3590573
-13,37728263
-13,39516782
-13,41305287
-13,43653326
-13,45585411
-13,47389042
-13,49575255
-13,52685893
-13,59708518
-13,67006667
-13,74627515
-13,83768897
-13,94445412
-14,03956844
-14,12682233
-14,2114609
-14,30253702
-14,3912672
-14,4843456
-14,62828246
-14,81423449
-15,03573574
-15,25002436
-15,4561167
-15,63173662
-15,75557592
-15,83091537
-15,85277948
-15,86357895
-15,86357895
-15,86357895
-15,86761962
-15,87569957
-15,88825062
-15,90738544
-15,92397009
-15,94607911
-15,96967562
-15,99177604
-16,01237966
-16,03148553
-16,04526094
-16,06579869
-16,09966183
-16,12572509
-16,16934501
-16,19669348
-16,2265615
-16,25367233
-16,29706286
-16,36497982
-16,44134482
-16,51538933
-16,58937452
-16,70511691
-16,84906286
-16,98286629
-17,11364173
-17,24462203
-17,36051063
-17,46930813
-17,5967587
-17,71767213
-17,84615796
-17,97046509
-18,07397859
-18,14464152
-18,20370369
-18,25269804
-18,28843947
-18,29041117
-18,27308628
-18,26629113
-18,26782122
-18,27866339
-18,29256446
-18,31035373
-18,3398028
-18,38936682
-18,45220773
-18,53798949
-18,64139862
-18,74173081
-18,83331457
-18,89174836
-18,93313976
-18,95300518
-18,95300518
-18,95300518
-18,94773997
-18,94862309
-18,9555358
-18,9586069
-18,96398371
-18,95279851
-18,96365858
-18,9905279
-19,04040687
-19,09639972
-19,1601176
-19,22454043
-19,32322677
-19,45459196
-19,60783463
-19,78055148
-19,93090824
-20,0763825
-20,21785996
-20,34567255
-20,40393622
-20,41074969
-20,40393627
-20,39338248
-20,37820999
-20,36457585
-20,34412682
-20,34412682
-20,34412682
-20,33049531
-20,31686552
-20,31158533
-20,30016088
-20,27885498
-20,25534609
-20,26214414
-20,28169977
-20,31246112
-20,33132858
-20,36598997
-20,40590145
-20,46902761
-20,55005024
-20,649781
-20,72518115
-20,76419637
-20,7878273
-20,82370138
-20,83414978
-20,83784658
-20,83842361
-20,81638809
-20,78232214
-20,74884773
-20,70857794
-20,66244958
-20,62987461
-20,59578579
-20,58581151
-20,59102843
-20,60978135
-20,62324676
-20,65149779
-20,69905757
-20,74961412
-20,79211369
-20,8241924
-20,8584259
-20,89177419
-20,91364992
-20,93863478
-20,93672244
-20,94150261
-20,92736741
-20,93881012
-20,97117692
-21,00188601
-21,05853918
-21,12558618
-21,17908152
-21,23251064
-21,29039586
-21,31172935
-21,34045403
-21,355388
-21,36700338
-21,36003064
-21,32750315
-21,28817716
-21,24885848
-21,22314949
-21,18914637
-21,18003537
-21,17092198
-21,16527767
-21,1558156
-21,12112357
-21,03903507
-20,93067889
-20,82555287
-20,73241192
-20,62690897
-20,54708602
-20,50333904
-20,49713584
-20,51544043
-20,53374065
-20,553504
-20,56392412
-20,55931371
-20,51882364
-20,45674777
-20,38500016
-20,29463308
-20,20140584
-20,10967517
-20,0298543
-19,97975492
-19,969961
-19,97488791
-20,01925254
-20,07810625
-20,1409982
-20,15164165
-20,12684715
-20,04110132
-19,90725138
-19,77971288
-19,67863968
-19,63149454
-19,6261728
-19,6545237
-19,69103151
-19,69918275
-19,70059657
-19,70483748
-19,71133462
-19,7215008
-19,75114928
-19,79518224
-19,8645639
-19,94966703
-20,03720296
-20,13975591
-20,24018929
-20,32445693
-20,35189724
-20,32554399
-20,23752293
-20,13638733
-20,02184586
-19,89840978
-19,79353146
-19,74664947
-19,75550836
-19,77385358
-19,78440625
-19,79859893
-19,80882235
-19,7817512
-19,76366571
-19,7349486
-19,69862021
-19,66503806
-19,63452724
-19,60400689
-19,57883156
-19,57653338
-19,59495042
-19,65000611
-19,71637069
-19,73916084
-19,72330269
-19,66330422
-19,5741257
-19,46831751
-19,35796974
-19,26778284
-19,21707213
-19,2101722
-19,24230501
-19,28875057
-19,32806762
-19,33460755
-19,29462585
-19,23726283
-19,16661815
-19,07274299
-18,97500388
-18,8907102
-18,85002831
-18,84238843
-18,84765941
-18,87120664
-18,90141374
-18,92596084
-18,9139068
-18,85789317
-18,75997236
-18,62126181
-18,47472805
-18,33498832
-18,22860755
-18,1653845
-18,13795109
-18,14372739
-18,15570809
-18,17687584
-18,19803744
-18,21919287
-18,23004222
-18,22697927
-18,18165707
-18,09522578
-17,9478645
-17,74273125
-17,51311771
-17,27232488
-17,04508394
-16,83745949
-16,66294068
-16,55136075
-16,51497662
-16,51718296
-16,54159259
-16,56727918
-16,57943688
-16,56581981
-16,52756493
-16,46839259
-16,39896694
-16,30986584
-16,19740921
-16,08873451
-15,98415198
-15,91847097
-15,86900269
-15,82725629
-15,79623176
-15,76702903
-15,73664908
-15,69854988
-15,63055153
-15,51703353
-15,36060998
-15,20712252
-15,04982241
-14,89496377
-14,72606502
-14,57032516
-14,40399592
-14,23780205
-14,08246163
-13,96922212
-13,89756834
-13,84044132
-13,78778392
-13,74270852
-13,66841945
-13,57581133
-13,46006635
-13,34971068
-13,22921306
-13,12331688
-13,01640282
-12,93270055
-12,8554836
-12,78350598
-12,70344024
-12,61929099
-12,52748805
-12,43998676
-12,36812414
-12,29093536
-12,22297403
-12,14689473
-12,0751261
-12,00724282
-11,94297354
-11,86654809
-11,7464477
-11,6020149
-11,4150532
-11,16454156
-10,89066168
-10,5740306
-10,24805504
-9,918391978
-9,60391811
-9,318193613
-9,088560028
-8,929930295
-8,849008022
-8,832491701
-8,832491701
-8,832491701
-8,832491701
-8,832491701
-8,832491701
-8,832491701
-8,832491701
-8,832491701
-8,832491701
-8,832491701
-8,832491701
-8,832491701
-8,832491701
-8,826220222
-8,819949067
-8,803433971
-8,776674127
-8,72086194
-8,648542372
-8,55972058
-8,437892196
-8,30583129
-8,173786599
-8,062268138
-7,973516168
-7,874518756
-7,783570976
-7,711354374
-7,663688771
-7,626680502
-7,587466458
-7,523338818
-7,424071727
-7,258944574
-7,029918651
-6,758185021
-6,436874691
-6,081533673
-5,70553281
-5,353232265
-5,025786976
-4,792310861
-4,653788426
-4,582436287
-4,545789505
-4,541851027
-4,556737212
-4,565005692
-4,558901184
-4,5503112
-4,546995916
-4,536748883
-4,532602798
-4,5085
-4,495461445
-4,472927496
-4,436375641
-4,381570544
-4,345048939
-4,316574975
-4,316574975
-4,306356895
-4,300272558
-4,273752083
-4,228984749
-4,167926391
-4,0803648
-3,964380155
-3,803724704
-3,598762405
-3,360371312
-3,132933933
-2,931336857
-2,768903442
-2,627189819
-2,515910005
-2,452779105
-2,431567388
-2,42505152
-2,421973662
-2,425411124
-2,428847833
-2,421296842
-2,406197526
-2,387760498
-2,367791238
-2,321158605
-2,262562919
-2,192795001
-2,11786446
-2,0669321
-2,052681025
-2,04887209
-2,047348134
-2,041367393
-2,041367393
-2,039081631
-2,021131203
-2,001655232
-1,971749443
-1,950622571
-1,944647452
-1,933458779
-1,923276059
-1,890962697
-1,832312354
-1,779634442
-1,738892783
-1,710532548
-1,703298638
-1,696064441
-1,685126234
-1,685126234
-1,67494175
-1,668976471
-1,668223192
-1,661744
-1,648785124
-1,627603156
-1,60521656
-1,545343402
-1,469109327
-1,35193385
-1,185353031
-1,001664945
-0,807204302
-0,576103856
-0,289525214
0,062723321
0,445948405
0,855063979
1,217345954
1,471244377
1,596934673
1,6371929
1,650125807
1,657771011
1,657771011
1,663596148
1,675245371
1,686893462
1,698539617
1,742151286
1,793049602
1,845326963
1,890057121
1,940426411
2,01609725
2,105614525
2,217534328
2,340870484
2,478056177
2,631800415
2,826149602
3,049043503
3,270479128
3,482423159
3,681712731
3,875345806
4,072008829
4,277914239
4,487770438
4,666752965
4,808750727
4,904551575
4,956965517
4,980751223
5,01923876
5,078934098
5,145121889
5,242651402
5,371691095
5,546994152
5,749456755
5,972340238
6,176840833
6,337841973
6,44118433
6,497415559
6,542896967
6,585783436
6,643466152
6,690619187
6,746950312
6,788611086
6,843860275
6,889988638
6,938077907
6,974438275
6,99763208
7,01477329
7,041105926
7,065928279
7,112102575
7,198296291
7,306776295
7,426375785
7,551376766
7,688328497
7,841286307
8,034757183
8,237958126
8,421786223
8,555067694
8,605791771
8,607152393
8,60196646
8,622954713
8,683952205
8,769276394
8,854137098
8,965655031
9,085949575
9,195669765
9,251068397
9,274790948
9,272366944
9,265806769
9,290033408
9,324334925
9,347626468
9,355281372
9,362935457
9,365547232
9,365982608
9,365982608
9,366418006
9,368159828
9,369902013
9,372951713
9,386538432
9,411085869
9,429703692
9,453790887
9,479162973
9,516324011
9,547982404
9,553602644
9,560085484
9,563968107
9,56698914
9,569147677
9,56957945
9,575898848
9,581781061
9,598994044
9,631688946
9,668106664
9,71413273
9,766884183
9,842167352
9,90995132
9,971443205
10,02331397
10,05552192
10,09651394
10,12327728
10,1546417
10,19562988
10,23324865
10,27085924
10,30220975
10,32771801
10,33816734
10,34359676
10,34861639
10,35445496
10,35569581
10,37076617
10,39627245
10,42761409
10,46356614
10,49449761
10,52421397
10,54550904
10,58145958
10,6282545
10,68930662
10,74533984
10,81139748
10,87324462
10,94552366
11,02705942
11,12405447
11,23109595
11,34316207
11,43939845
11,53954904
11,63544073
11,72275844
11,76459441
11,79641417
11,84259105
11,91415895
11,998971
12,05505768
12,06564768
12,03110413
11,990499
11,95632953
11,9171878
11,88340803
11,87464202
11,90166802
11,95703031
12,04719192
12,1521067
12,25343917
12,36388942
12,48877442
12,61806054
12,71452911
12,79051829
12,83009168
12,84348646
12,83291568
12,82760039
12,82228473
12,82295634
12,81831288
12,80303878
12,79308056
12,77881986
12,75460808
12,73476073
12,72017155
12,72023324
12,72527123
12,73030925
12,73064989
12,74106593
12,76659424
12,79184528
12,81737229
12,83322295
12,83408763
12,80928493
12,78516569
12,76098934
12,75580868
12,76594869
12,77602273
12,79079365
12,79617107
12,7965112
12,79120035
12,79154071
12,77662985
12,75178036
12,72230792
12,6928419
12,68366662
12,68345951
12,69284198
12,69753381
12,70795335
12,72844632
12,75866895
12,77316528
12,79331587
12,80380301
12,78931463
12,75359019
12,7237924
12,67239876
12,62595735
12,57488898
12,53445248
12,49898089
12,49437126
12,49011861
12,49047502
12,48054595
12,46068906
12,45119708
12,45654961
12,49191649
12,55568047
12,64433769
12,73435328
12,82916554
12,93341406
13,04780137
13,14808791
13,19739463
13,1897505
13,1050363
12,96973668
12,78750724
12,61621838
12,52303379
12,51815492
12,56269618
12,59818545
12,61846519
12,62470349
12,61412613
12,61883678
12,61919568
12,61928898
12,6043601
12,58409583
12,55750285
12,51560712
12,45739559
12,36410299
12,2436097
12,1390851
12,07558949
12,08849578
12,17599709
12,32457014
12,49323451
12,68343735
12,8192289
12,84243959
12,71920043
12,45829823
12,07582004
11,6963042
11,46875941
11,37166791
11,42109078
11,52146885
11,606034
11,67157087
11,67671879
11,65305437
11,60436062
11,5514834
11,51417549
11,49872434
11,49329234
11,46754252
11,42619801
11,3951487
11,36338124
11,33661644
11,28349875
11,22491362
11,15170494
11,08716979
11,01123588
10,93538941
10,86389834
10,78793836
10,69625549
10,5745442
10,43407595
10,26560737
10,08583452
9,939525372
9,847996675
9,809043716
9,8287529
9,884191398
9,94887976
10,02972364
10,10067252
10,13714105
10,11572782
10,05893262
9,987059706
9,887544444
9,801420013
9,733679836
9,658258066
9,563901725
9,469964875
9,408788461
9,387061195
9,382356929
9,372088254
9,372088254
9,360957533
9,333124309
9,278298729
9,220960313
9,157449873
9,060694038
8,954571314
8,819649486
8,628845932
8,423010759
8,216019683
7,997482567
7,794112109
7,597957091
7,415883025
7,211856867
6,981979936
6,776278732
6,593965098
6,410644409
6,226291614
6,055444503
5,912922495
5,783328729
5,65502061
5,510690207
5,36774548
5,228823237
5,089982085
4,955812073
4,84268891
4,740885993
4,650717235
4,587812371
4,533403418
4,457941702
4,369922868
4,264192281
4,112036974
3,942744334
3,749053523
3,535750183
3,332141295
3,131154047
2,930273634
2,755048028
2,594560218
2,459353499
2,37134506
2,294388726
2,211386054
2,12745381
2,043450275
1,942226565
1,834013081
1,69557056
1,562968623
1,436231125
1,336422237
1,269694294
1,214697269
1,181523192
1,161551178
1,119181808
1,045592034
0,977088357
0,893627294
0,798844568
0,700295102
0,611103583
0,533093186
0,448204688
0,396215932
0,35372892
0,322497112
0,309347509
0,297142175
0,277883875
0,246408542
0,208812816
0,165674791
0,110876216
0,042704371
-0,028587428
-0,0898169
-0,138826243
-0,180165167
-0,236777862
-0,272006028
-0,319513189
-0,350197796
-0,377736442
-0,400715091
-0,425276754
-0,443701753
-0,455986871
-0,462129966
-0,496428194
-0,531714257
-0,560860037
-0,589024415
-0,633438137
-0,671702644
-0,728426478
-0,768299651
-0,785160257
-0,785160257
-0,785160257
-0,79647762
-0,821106042
-0,845740166
-0,901187785
-0,979708711
-1,067365871
-1,1723182
-1,31032796
-1,499119318
-1,726720742
-1,955170557
-2,19835496
-2,428728309
-2,657782256
-2,886279961
-3,111321329
-3,314932718
-3,473687038
-3,622040541
-3,741202141
-3,832928331
-3,916151019
-4,018042281
-4,148458405
-4,418024128
-4,846654474
-5,389769924
-6,001986553
-6,686768831
-7,408099805
-8,144219953
-8,890774657
-9,564840213
-10,10118326
-10,43505631
-10,56604619
-10,55270202
-10,46025011
-10,36210752
-10,3101783
-10,30400386
-10,35606043
-10,38737919
-10,41395142
-10,41802044
-10,41748111
-10,39902117
-10,38325587
-10,3777798
-10,35528734
-10,30265372
-10,23662778
-10,08161708
-9,75663046
-9,286208636
-8,744058061
-8,221446822
-7,728735575
-7,31262834
-7,003765223
-6,750987724
-6,524734761
-6,251216056
-5,916981887
-5,508587273
-5,079140888
-4,714438916
-4,461259847
-4,354300222
-4,381740219
-4,587057789
-4,90281704
-5,28482914
-5,615294828
-5,813646222
-5,847601773
-5,75780485
-5,624215581
-5,553928489
-5,577542289
-5,657274118
-5,786674122
-5,953355852
-6,086243173
-6,127051884
-6,064016879
-5,913669424
-5,664025581
-5,297100537
-4,891045533
-4,543052383
-4,287264985
-4,076191285
-3,900924991
-3,773
-3,674268121
-3,608812413
-3,598441318
-3,613566467
-3,645066065
-3,670120402
-3,726194627
-3,807892077
-3,92974915
-4,058666744
-4,178728933
-4,290961408
-4,399409213
-4,516127335
-4,640439136
-4,77270029
-4,848366617
-4,858018498
-4,788956381
-4,666104204
-4,519134618
-4,456437143
-4,440375597
-4,42578765
-4,410564705
-4,382368707
-4,36266141
-4,348255324
-4,33536025
-4,319679335
-4,303361823
-4,297375939
-4,269520455
-4,228242542
-4,205862065
-4,222385363
-4,281511289
-4,368651108
-4,43761648
-4,490245709
-4,544954686
-4,602455664
-4,654905922
-4,687589966
-4,682926784
-4,642170117
-4,591461534
-4,504029926
-4,413160602
-4,336481241
-4,281436417
-4,262391357
-4,292015466
-4,356374909
-4,423549391
-4,47327502
-4,501010122
-4,51162002
-4,487569424
-4,45686752
-4,443290895
-4,433265595
-4,440400242
-4,457138354
-4,468811087
-4,476123222
-4,502823511
-4,549199439
-4,616526543
-4,68472324
-4,749306135
-4,828112985
-4,894589246
-4,936353472
-4,965103834
-4,967307285
-4,957347129
-4,948490731
-4,950676744
-4,973829742
-5,009106978
-5,065310177
-5,138574128
-5,222049592
-5,335785643
-5,462194592
-5,572493298
-5,633656235
-5,6658577
-5,691698942
-5,713568361
-5,7671496
-5,874909889
-5,997263804
-6,130342043
-6,247639173
-6,352809663
-6,467360967
-6,584602873
-6,690640304
-6,767199486
-6,801367996
-6,80686418
-6,80686418
-6,80686418
-6,819631346
-6,866751811
-6,925742302
-7,008194422
-7,091694892
-7,179236806
-7,265899091
-7,335774092
-7,390669211
-7,407770401
-7,407770401
-7,452052878
-7,538443382
-7,663920689
-7,813506115
-7,973798109
-8,134820611
-8,268289598
-8,385412086
-8,494967399
-8,565907643
-8,585262004
-8,585262004
-8,598452699
-8,634975567
-8,697176467
-8,807879549
-8,914367723
-9,013455888
-9,07781178
-9,135746609
-9,213096279
-9,281109803
-9,327123726
-9,381827015
-9,436194371
-9,503998664
-9,567152101
-9,641023746
-9,698746954
-9,755192381
-9,830804757
-9,930063786
-10,05974172
-10,19519407
-10,35464782
-10,50783112
-10,66765133
-10,86355138
-11,08777666
-11,3161138
-11,51875933
-11,68526998
-11,77860253
-11,84033161
-11,88219116
-11,89717402
-11,90127732
-11,90127732
-11,90782566
-11,92747264
-11,94632736
-11,95310285
-11,95965276
-11,95965276
-11,97819189
-12,01856368
-12,08423733
-12,15823728
-12,27178626
-12,40915454
-12,56035574
-12,70077642
-12,80546555
-12,85603277
-12,88047137
-12,93200552
-12,99704488
-13,0767674
-13,16876899
-13,28603285
-13,430013
-13,59397102
-13,82027753
-14,0796103
-14,37321997
-14,65316046
-14,9128107
-15,12571665
-15,2655133
-15,28589602
-15,27401174
-15,26736176
-15,26877768
-15,27019344
-15,27174031
-15,27341559
-15,29628962
-15,31804093
-15,31575622
-15,28532038
-15,24964692
-15,23533686
-15,23049221
-15,27225152
-15,31270196
-15,34907531
-15,35978816
-15,35978816
-15,35707914
-15,36772497
-15,39170605
-15,43705107
-15,4999707
-15,55138979
-15,59486909
-15,66986215
-15,76772773
-15,85879568
-15,94307798
-16,02058605
-16,0888357
-16,16765844
-16,25843712
-16,34277502
-16,38133735
-16,37225807
-16,31774511
-16,2804653
-16,27518269
-16,27518269
-16,26850361
-16,26322409
-16,26990772
-16,27519401
-16,26462519
-16,25794401
-16,2565487
-16,27129405
-16,28713531
-16,30715646
-16,32438905
-16,32575231
-16,32569028
-16,32559493
-16,31352321
-16,34122092
-16,37696781
-16,40465871
-16,39791269
-16,35390898
-16,29905669
-16,22975081
-16,17907493
-16,17311276
-16,21626715
-16,27656313
-16,31429784
-16,36803372
-16,4041309
-16,43616759
-16,45333147
-16,44894694
-16,41413075
-16,3796897
-16,35197271
-16,33265598
-16,34785194
-16,38934548
-16,44368949
-16,50464253
-16,54455793
-16,54212182
-16,53413869
-16,49342469
-16,41453033
-16,33062937
-16,28498861
-16,29340784
-16,30582861
-16,3338756
-16,37738548
-16,43284272
-16,49871934
-16,54362402
-16,59496979
-16,63791334
-16,64145621
-16,60962172
-16,52917003
-16,41458858
-16,25928279
-16,11433185
-15,9901661
-15,91897826
-15,89339536
-15,91385321
-15,95832242
-15,99904646
-16,03359677
-16,05025022
-16,02692583
-15,95929279
-15,8601884
-15,73602804
-15,59092245
-15,44849296
-15,32593312
-15,25559947
-15,22958055
-15,22321379
-15,24420966
-15,27290505
-15,28540804
-15,26625318
-15,176844
-15,01602249
-14,8072084
-14,59241829
-14,42899076
-14,33467343
-14,30035939
-14,30111125
-14,30717567
-14,31081337
-14,29122226
-14,25204841
-14,18946273
-14,10615613
-13,98642469
-13,83297264
-13,68223169
-13,54578465
-13,48070705
-13,47151755
-13,45970137
-13,44932527
-13,42332585
-13,36476771
-13,28403184
-13,14360644
-12,92671028
-12,68039253
-12,43170054
-12,17790937
-11,91257786
-11,62817767
-11,35892642
-11,12588538
-10,91359538
-10,69622063
-10,45832451
-10,20283616
-9,968608504
-9,752218578
-9,567075022
-9,434829368
-9,388500491
-9,384483113
-9,38657039
-9,389700788
-9,391787374
-9,394916735
-9,382228376
-9,356855567
-9,315825758
-9,259139901
-9,198195548
-9,126888169
-9,047186194
-8,97992049
-8,901268541
-8,801608177
-8,708309786
-8,615810502
-8,507709537
-8,383804816
-8,224463697
-8,045200797
-7,838099656
-7,613617898
-7,420198492
-7,240495071
-7,073717348
-6,928195234
-6,785123698
-6,68351649
-6,627587106
-6,604793836
-6,595402674
-6,591291132
-6,560158232
-6,505187815
-6,424480241
-6,30855098
-6,131877384
-5,941550353
-5,726677899
-5,474933988
-5,178348367
-4,845216672
-4,498219911
-4,155374652
-3,864304744
-3,619805479
-3,43494329
-3,306488647
-3,26588287
-3,265044773
-3,265044773
-3,262530149
-3,259176546
-3,250754379
-3,237263813
-3,197088329
-3,135592872
-3,028137174
-2,898916186
-2,740068254
-2,58594449
-2,438264787
-2,293422357
-2,174502523
-2,060711774
-1,94415036
-1,835905083
-1,705301383
-1,547282279
-1,398985515
-1,254551508
-1,127697933
-0,97254902
-0,785610124
-0,563213418
-0,334912974
-0,128690874
0,095874358
0,306171653
0,480710955
0,611499494
0,704056386
0,727577043
0,72830354
0,72830354
0,7356853
0,772601702
0,860816187
0,982978707
1,13293692
1,281228502
1,454994864
1,646846168
1,862321668
2,085205692
2,344475316
2,616239518
2,887980346
3,129233994
3,332208306
3,479414249
3,6000207
3,687867338
3,734741421
3,770196414
3,807619958
3,848813386
3,863592067
3,874473585
3,8847221
3,896237111
3,913509217
3,946825388
3,985263951
4,004425979
4,049244605
4,135160466
4,230728468
4,333993808
4,440495636
4,559749706
4,678933692
4,780190173
4,856314619
4,907954047
4,960203532
5,000354072
5,049574474
5,098203094
5,125088472
5,130828751
5,138368908
5,142570567
5,158833225
5,187154756
5,222393491
5,261540284
5,302193389
5,341037909
5,361528691
5,362123654
5,367246009
5,369030683
5,386775703
5,403924783
5,425600861
5,447276933
5,495150843
5,584589699
5,676367857
5,781743554
5,918997282
6,074488088
6,247563262
6,469930145
6,707929964
6,930257826
7,109793155
7,230292192
7,24807316
7,221874214
7,19462099
7,20058214
7,206004008
7,201200359
7,202061104
7,208038789
7,219672229
7,228374868
7,230936495
7,21958072
7,21675602
7,218940546
7,222764417
7,228775781
7,239341542
7,247329608
7,254281769
7,259597367
7,222056293
7,159293589
7,075822231
7,034423233
7,040583101
7,053442169
7,0545617
7,057360951
7,062961251
7,073653503
7,078696671
7,082620481
7,11879205
7,161170584
7,209192623
7,236595156
7,275043094
7,309303734
7,333519441
7,360945335
7,394166656
7,405914888
7,369319455
7,337630283
7,321972866
7,31309535
7,278658915
7,235369135
7,184262308
7,164276404
7,165416681
7,165986854
7,16655705
7,151768045
7,111342116
7,087252296
7,075102753
7,109215644
7,136289646
7,113464695
7,034941008
6,945951708
6,851437861
6,821257656
6,877124205
7,052396456
7,300592551
7,605654161
7,873252788
8,039676497
8,080325796
7,974333739
7,744933862
7,440223413
7,11705843
6,875172197
6,760199565
6,792537383
6,856321346
6,884620571
6,89121648
6,86359436
6,812749877
6,725042608
6,632585756
6,517412959
6,379450536
6,212925178
6,02469497
5,829819752
5,62319432
5,43979355
5,272851357
5,097779752
4,882434038
4,651495341
4,431978845
4,21168618
3,984091343
3,774894241
3,625197114
3,506012147
3,421890994
3,350454216
3,296271534
3,272091596
3,265461406
3,269540012
3,223796895
3,135889382
3,024424423
2,892813412
2,72726904
2,534116605
2,32425916
2,111184936
1,891709069
1,615100656
1,306965109
0,978357562
0,623293885
0,291092989
-0,040374398
-0,341626497
-0,625473585
-0,895817757
-1,115961736
-1,268734444
-1,409479994
-1,540928799
-1,652415367
-1,73220817
-1,818204975
-1,910420785
-2,015027509
-2,114584666
-2,196751951
-2,256339054
-2,286795222
-2,312102146
-2,330219293
-2,348338047
-2,375088578
-2,427596219
-2,486324639
-2,529605637
-2,571889434
-2,635899577
-2,71649399
-2,822875103
-2,941012147
-3,095173394
-3,23644422
-3,375205583
-3,483188602
-3,587313084
-3,704824328
-3,819153327
-3,966019307
-4,146164039
-4,350076682
-4,568712039
-4,783254267
-4,988523512
-5,249953299
-5,599547833
-5,970926341
-6,328481692
-6,639110362
-6,898510973
-7,062030192
-7,106608579
-7,125829037
-7,123591406
-7,114943966
-7,108536003
-7,11838218
-7,12437512
-7,130366936
-7,138753533
-7,150267147
-7,168037834
-7,177887243
-7,197132324
-7,233538301
-7,290846836
-7,410098398
-7,569813752
-7,764173967
-7,944743895
-8,107580351
-8,235895718
-8,37368338
-8,557820153
-8,784329646
-9,028535782
-9,244385959
-9,402645697
-9,48153713
-9,500228819
-9,487472745
-9,398063902
-9,23226419
-9,013148076
-8,73237596
-8,394227728
-8,032214397
-7,718972437
-7,464326059
-7,221921637
-6,95509649
-6,734029106
-6,576871005
-6,414072095
-6,143396486
-5,763200445
-5,344615237
-4,957541039
-4,63586462
-4,406296303
-4,267854262
-4,183818661
-4,120716504
-4,154350431
-4,316332231
-4,513851352
-4,660590664
-4,724941054
-4,736665295
-4,732367263
-4,692413991
-4,585086156
-4,453137324
-4,387198758
-4,434110987
-4,515585868
-4,589575058
-4,631007649
-4,664588079
-4,672888972
-4,65331338
-4,614805188
-4,630549148
-4,657741375
-4,618285733
-4,517937225
-4,423634605
-4,378756107
-4,365799349
-4,365111389
-4,324845619
-4,271476659
-4,163745714
-3,997027028
-3,815336848
-3,652387157
-3,478434301
-3,3232058
-3,178503415
-3,11483099
-3,155104753
-3,250514903
-3,352883022
-3,423046934
-3,462633271
-3,480115924
-3,468182102
-3,44418171
-3,399357909
-3,378250498
-3,3641132
-3,366913967
-3,375718794
-3,382055677
-3,408630468
-3,433998358
-3,437679185
-3,465874341
-3,508869297
-3,521446101
-3,525704154
-3,580280022
-3,642558893
-3,709290502
-3,779304278
-3,844892015
-3,898723995
-3,929929454
-3,974773889
-4,013313095
-4,03293006
-4,067717578
-4,100820697
-4,129478017
-4,181087542
-4,280808197
-4,407461129
-4,581403196
-4,7415788
-4,883030577
-5,020132888
-5,162520584
-5,285087693
-5,434875419
-5,653846732
-5,924791831
-6,166792004
-6,397960288
-6,625902801
-6,828861891
-6,930137384
-7,000248289
-7,066118649
-7,14499037
-7,222772598
-7,279319942
-7,352030363
-7,401446724
-7,420825235
-7,432841442
-7,440584894
-7,440584894
-7,441741847
-7,446014278
-7,452600608
-7,457228694
-7,460699219
-7,470756018
-7,489359042
-7,496299195
-7,51160366
-7,55272248
-7,63923079
-7,755614182
-7,920146488
-8,131886334
-8,414429716
-8,685387592
-8,917257875
-9,067761548
-9,166863529
-9,21623962
-9,216381056
-9,209919044
-9,209919044
-9,230323559
-9,244729528
-9,275927674
-9,346680934
-9,455116162
-9,611352901
-9,809065225
-10,00571552
-10,17472737
-10,27413974
-10,32415799
-10,32659565
-10,32659565
-10,32659565
-10,32659565
-10,32659565
-10,32659565
-10,32659565
-10,32659565
-10,32659565
-10,33898428
-10,34311255
-10,34724063
-10,34724063
-10,36496827
-10,39047528
-10,41185178
-10,43444531
-10,45459302
-10,47183812
-10,49853957
-10,56577826
-10,66710689
-10,78144057
-10,91644954
-11,05048172
-11,16192798
-11,24074387
-11,29622167
-11,332079
-11,36545215
-11,39351499
-11,40981302
-11,40016173
-11,44775439
-11,48846118
-11,52915637
-11,57388555
-11,61455541
-11,65678175
-11,71110214
-11,76942551
-11,81841236
-11,86456
-11,92645415
-11,99232209
-12,06090849
-12,12790905
-12,17507261
-12,22467209
-12,28075778
-12,33435753
-12,36850765
-12,37370613
-12,35418597
-12,31639383
-12,24330863
-12,16621403
-12,11108566
-12,08870692
-12,11853072
-12,16402347
-12,20919212
-12,27001019
-12,31251267
-12,30789586
-12,29405892
-12,30771861
-12,39856057
-12,52605691
-12,64443107
-12,69370498
-12,64784368
-12,57356107
-12,49016652
-12,41076258
-12,35339374
-12,31046401
-12,28052554
-12,28173342
-12,27776175
-12,26201361
-12,22412801
-12,17577285
-12,13788065
-12,12343193
-12,08302844
-11,98777372
-11,82070597
-11,59783318
-11,3866894
-11,18650178
-11,03840955
-10,96582527
-10,94647228
-10,92944652
-10,92003171
-10,90764642
-10,8641619
-10,77044877
-10,63531909
-10,45644542
-10,22065003
-9,976772614
-9,779789383
-9,636359342
-9,558738924
-9,540922608
-9,548689279
-9,555343886
-9,552269463
-9,527776916
-9,489385239
-9,445714462
-9,370093226
-9,292520949
-9,236323584
-9,173632774
-9,089507129
-8,960882135
-8,808065208
-8,615080014
-8,41494296
-8,214041251
-8,016636087
-7,844608456
-7,701087963
-7,605042107
-7,576433388
-7,575285014
-7,587696733
-7,577028082
-7,539155412
-7,50760401
-7,488677164
-7,482368881
-7,482368881
-7,446693521
-7,365938318
-7,264074313
-7,181989199
-7,091738695
-6,995368198
-6,912626228
-6,824757825
-6,716043205
-6,586481657
-6,456954892
-6,311753759
-6,141501972
-5,963201469
-5,776801593
-5,612557787
-5,496273081
-5,423626893
-5,36747659
-5,309325665
-5,280256149
-5,2511906
-5,213916335
-5,145390207
-5,04362614
-4,892132582
-4,713758335
-4,511722978
-4,299561186
-4,109343525
-3,952289037
-3,836718804
-3,750502439
-3,676656237
-3,615155503
-3,54702107
-3,468486895
-3,361135931
-3,218289751
-3,05708554
-2,848141499
-2,581746253
-2,282554807
-1,969794894
-1,626210626
-1,289112298
-0,958373815
-0,683218063
-0,472273534
-0,321464507
-0,240890082
-0,203772521
-0,192837092
-0,184773186
-0,184260107
-0,182426171
-0,178504399
-0,175366188
-0,163916908
-0,123052915
-0,065840479
-0,001882066
0,060516706
0,133276598
0,200871355
0,278078118
0,349337319
0,420622801
0,489590672
0,542217926
0,580852449
0,615063101
0,646962037
0,687142008
0,756159093
0,8609401
1,013185849
1,198073635
1,392582477
1,595998653
1,821773345
2,052310792
2,251223649
2,428839841
2,576068753
2,711966697
2,854910063
2,992557644
3,08839352
3,159857073
3,218799388
3,274604884
3,33494746
3,399138735
3,448371398
3,487820484
3,525192521
3,548920759
3,556927047
3,559693531
3,533812538
3,487865951
3,458912337
3,429906348
3,423059776
3,416151059
3,415814698
3,397955226
3,343895222
3,284079381
3,230171641
3,218970107
3,224203773
3,224203773
3,224915353
3,227761994
3,246307172
3,242821158
3,212079561
3,191100138
3,197478428
3,253815591
3,310360492
3,346444185
3,324150741
3,238843167
3,124118193
2,964361123
2,7926424
2,568404066
2,316417421
2,045086261
1,823287264
1,628391993
1,473762798
1,380949714
1,34541768
1,354354137
1,363292312
1,368573014
1,369384019
1,371006128
1,368305047
1,358036556
1,342635082
1,31615509
1,248552453
1,144545701
1,015224017
0,867990978
0,693069295
0,517888902
0,355303155
0,206391082
0,053078733
-0,102978121
-0,229994132
-0,321871653
-0,385454411
-0,431874106
-0,481661568
-0,542619087
-0,64761961
-0,81402879
-1,024884333
-1,277714348
-1,569031748
-1,912128799
-2,270563424
-2,626640417
-2,957815154
-3,264037053
-3,528775278
-3,742461256
-3,904553174
-4,006559909
-4,04691606
-4,052084152
-4,052084152
-4,052084152
-4,052084152
-4,054175509
-4,065993761
-4,073471253
-4,075562892
-4,075562892
-4,083040849
-4,089473082
-4,09569024
-4,115390658
-4,180621228
-4,262289719
-4,333429585
-4,393820703
-4,450967015
-4,524949597
-4,587342227
-4,668503685
-4,815097497
-5,009065732
-5,24710615
-5,478181594
-5,639868095
-5,806060553
-5,955321715
-6,069124131
-6,151220094
-4,422822426
