11.5965
11.5539
11.4985
11.4517
11.4125
11.3991
11.3896
11.3491
11.2921
11.1923
11.0910
11.0053
10.9166
10.8684
10.8583
10.8560
10.8831
10.8988
10.9105
10.9378
10.9767
11.0270
11.1008
11.1706
11.2249
11.2908
11.3245
11.3179
11.2857
11.2320
11.1518
11.0933
11.0380
11.0027
10.9953
11.0120
11.0649
11.1574
11.2335
11.3145
11.3792
11.4157
11.4608
11.5085
11.5430
11.5647
11.5963
11.6225
11.6492
11.6832
11.7331
11.7558
11.7649
11.7582
11.7022
11.6344
11.5467
11.4669
11.3947
11.3309
11.2677
11.1855
11.0771
10.9092
10.6897
10.3994
10.0763
9.7583
9.4470
9.1662
8.8893
8.6482
8.4851
8.3706
8.2898
8.2413
8.1882
8.1438
8.1228
8.1054
8.0845
8.0073
7.8811
7.7114
7.5064
7.2843
7.0956
6.9180
6.7325
6.5616
6.4148
6.2746
6.1429
6.0385
5.9194
5.8043
5.6852
5.5638
5.3940
5.1903
4.9471
4.6953
4.4654
4.2783
4.1213
3.9934
3.8908
3.8285
3.7899
3.7639
3.7296
3.6710
3.5783
3.4826
3.3781
3.3001
3.2631
3.2173
3.1312
3.0071
2.8408
2.6344
2.4092
2.1699
1.9433
1.7306
1.5683
1.4578
1.3826
1.3236
1.2618
1.1948
1.0974
0.9834
0.8582
0.7444
0.6182
0.4767
0.3112
0.1492
-0.0270
-0.2262
-0.4231
-0.6075
-0.7866
-0.9488
-1.0642
-1.1819
-1.3086
-1.4429
-1.6062
-1.7912
-1.9789
-2.1425
-2.2845
-2.3922
-2.4806
-2.5712
-2.6572
-2.7514
-2.8782
-3.0327
-3.1917
-3.3382
-3.5166
-3.7314
-3.9695
-4.2440
-4.5907
-5.0169
-5.4867
-5.9802
-6.4571
-6.8764
-7.1984
-7.4554
-7.6062
-7.6745
-7.6997
-7.7141
-7.7516
-7.8213
-7.9180
-8.1008
-8.3393
-8.5564
-8.7897
-9.0193
-9.2200
-9.3835
-9.5419
-9.6808
-9.8062
-9.9619
-10.1610
-10.3608
-10.5609
-10.7789
-10.9539
-11.1183
-11.3164
-11.4968
-11.6552
-11.8025
-11.9421
-12.0853
-12.2249
-12.3947
-12.6054
-12.8641
-13.1605
-13.4662
-13.7492
-13.9778
-14.1418
-14.2407
-14.2906
-14.3333
-14.4241
-14.5563
-14.7125
-14.8916
-15.0813
-15.2527
-15.4058
-15.5450
-15.6832
-15.8089
-15.9175
-16.0208
-16.1456
-16.2761
-16.3983
-16.4984
-16.5959
-16.6522
-16.7038
-16.7557
-16.8004
-16.8450
-16.8935
-16.9487
-17.0366
-17.1115
-17.1656
-17.2451
-17.3146
-17.3896
-17.4809
-17.5785
-17.6531
-17.7141
-17.7782
-17.8715
-17.9612
-18.0315
-18.1242
-18.2328
-18.3411
-18.4623
-18.5700
-18.6774
-18.7944
-18.9338
-19.0792
-19.2243
-19.3655
-19.4904
-19.6180
-19.7612
-19.8665
-19.9438
-20.0425
-20.1287
-20.1994
-20.2520
-20.2854
-20.2823
-20.2342
-20.1566
-20.0618
-19.9709
-19.9246
-19.9224
-19.9857
-20.0523
-20.1131
-20.1571
-20.1903
-20.2454
-20.3183
-20.4237
-20.5574
-20.6807
-20.8006
-20.9112
-20.9766
-20.9915
-20.9857
-20.9269
-20.8127
-20.6355
-20.4272
-20.2286
-20.0188
-19.8474
-19.7365
-19.6537
-19.5637
-19.4905
-19.4169
-19.3120
-19.2077
-19.0893
-18.9567
-18.7810
-18.5603
-18.3289
-18.0801
-17.8291
-17.5979
-17.3725
-17.1614
-16.9725
-16.8063
-16.7167
-16.7037
-16.7575
-16.9192
-17.0946
-17.2370
-17.3168
-17.3322
-17.3193
-17.3040
-17.2973
-17.3009
-17.3173
-17.3391
-17.3349
-17.3215
-17.2903
-17.2364
-17.1684
-17.0912
-17.0031
-16.9065
-16.7866
-16.6392
-16.4595
-16.2718
-16.0718
-15.8632
-15.6810
-15.5316
-15.4024
-15.2957
-15.2443
-15.2209
-15.1968
-15.1554
-15.0986
-15.0019
-14.8811
-14.7043
-14.4753
-14.2151
-13.9420
-13.6316
-13.3150
-12.9954
-12.6737
-12.3629
-12.1322
-11.9658
-11.8560
-11.8198
-11.8210
-11.7795
-11.7180
-11.6205
-11.4623
-11.3002
-11.1358
-10.9801
-10.8610
-10.7590
-10.6740
-10.5996
-10.5344
-10.4758
-10.4341
-10.3437
-10.1844
-9.9811
-9.7309
-9.4627
-9.1758
-8.8909
-8.6096
-8.3318
-8.0657
-7.8350
-7.6097
-7.3961
-7.2112
-7.0550
-6.9141
-6.7817
-6.6510
-6.5287
-6.3882
-6.2260
-6.0639
-5.8419
-5.5950
-5.3301
-5.0406
-4.7595
-4.4918
-4.2463
-4.0156
-3.7562
-3.5088
-3.2692
-3.0228
-2.7942
-2.5662
-2.3241
-2.0650
-1.8035
-1.5473
-1.3215
-1.1083
-0.9422
-0.8030
-0.6804
-0.5871
-0.4995
-0.4057
-0.2905
-0.1514
0.0186
0.2065
0.4122
0.6559
0.8761
1.1011
1.3013
1.4659
1.6150
1.7361
1.8257
1.9088
1.9788
2.0509
2.1642
2.3073
2.4854
2.7097
2.9777
3.2510
3.5223
3.7988
4.0808
4.3627
4.6355
4.8718
5.1010
5.3394
5.5877
5.8042
5.9999
6.1676
6.3197
6.4276
6.5073
6.5714
6.6341
6.7450
6.8796
7.0258
7.1674
7.3011
7.4118
7.5371
7.6936
7.8228
7.9516
8.1029
8.2385
8.3774
8.5315
8.6908
8.8737
9.0961
9.3196
9.5744
9.8437
10.0857
10.3202
10.5233
10.6989
10.8396
10.9802
11.0744
11.1368
11.1909
11.2336
11.2733
11.3281
11.3822
11.4324
11.4823
11.5510
11.6274
11.7158
11.8269
11.9498
12.0537
12.1723
12.2937
12.4114
12.4976
12.5836
12.6969
12.7914
12.8516
12.9236
12.9760
13.0208
13.0578
13.0941
13.1389
13.1723
13.2255
13.2702
13.2993
13.3204
13.3440
13.3550
13.3500
13.3330
13.2960
13.2627
13.2211
13.1523
13.0742
12.9876
12.9174
12.8886
12.8901
12.9047
12.9183
12.9280
12.9071
12.8701
12.8001
12.7180
12.6155
12.5005
12.3929
12.2733
12.1580
12.0506
11.9764
11.9540
11.9717
11.9790
11.9699
11.9526
11.9480
11.9720
11.9956
12.0525
12.1539
12.3003
12.4809
12.6760
12.8761
13.0797
13.2716
13.4490
13.5734
13.6860
13.7715
13.7974
13.7397
13.5718
