11.8953
11.8939
11.8718
11.8270
11.7675
11.6790
11.5760
11.4760
11.3955
11.3690
11.3712
11.3567
11.3291
11.2298
11.1064
10.9897
10.8995
10.8525
10.8185
10.8004
10.7683
10.7225
10.6780
10.6268
10.6105
10.6077
10.6274
10.6431
10.6707
10.6812
10.6638
10.6022
10.5265
10.4828
10.4787
10.5075
10.5191
10.5270
10.5205
10.4924
10.4844
10.4892
10.5147
10.5150
10.4825
10.4490
10.4001
10.3554
10.3140
10.3008
10.3119
10.3306
10.3651
10.3833
10.3768
10.3500
10.3253
10.2925
10.2597
10.2556
10.2594
10.2552
10.2468
10.2384
10.2288
10.2366
10.2478
10.2615
10.2647
10.2743
10.2809
10.2407
10.1327
9.9883
9.8533
9.8060
9.8272
9.8790
9.9108
9.9111
9.8469
9.7330
9.5986
9.4655
9.4033
9.3982
9.4221
9.4079
9.3702
9.2973
9.2161
9.1268
9.0539
8.9727
8.8736
8.7691
8.6630
8.5766
8.5356
8.5139
8.4546
8.3135
8.1201
7.9136
7.7836
7.7227
7.7076
7.6975
7.6752
7.6170
7.5402
7.4381
7.3319
7.2468
7.1869
7.1590
7.1550
7.1467
7.1156
7.0553
6.9510
6.8017
6.6205
6.4411
6.2918
6.1805
6.0800
6.0073
5.9296
5.7958
5.6189
5.4386
5.3226
5.2580
5.2308
5.2167
5.2167
5.2167
5.2116
5.2036
5.1945
5.1854
5.1410
5.0674
4.9673
4.8691
4.7770
4.6809
4.5848
4.5007
4.4303
4.3908
4.3759
4.3634
4.3452
4.2805
4.1763
4.0264
3.8570
3.6407
3.4101
3.2079
3.0444
2.9267
2.8600
2.8021
2.7350
2.6094
2.4618
2.2760
2.0349
1.7496
1.4706
1.2371
1.0219
0.8384
0.6800
0.5506
0.4539
0.3923
0.3739
0.3673
0.3634
0.3478
0.3361
0.3322
0.3127
0.2957
0.2826
0.2277
0.1362
0.0408
-0.0412
-0.1115
-0.1454
-0.1991
-0.2726
-0.3673
-0.4687
-0.5621
-0.6279
-0.6894
-0.7456
-0.8125
-0.9490
-1.1325
-1.3674
-1.6077
-1.8381
-2.1194
-2.4422
-2.7943
-3.1149
-3.3624
-3.5419
-3.6664
-3.7686
-3.8333
-3.9051
-3.9992
-4.1157
-4.2474
-4.3850
-4.5347
-4.6592
-4.7785
-4.8922
-4.9920
-5.1057
-5.2241
-5.3787
-5.5831
-5.8155
-6.0396
-6.2456
-6.4611
-6.6452
-6.8256
-7.0134
-7.1864
-7.3221
-7.4001
-7.4352
-7.4537
-7.4741
-7.5243
-7.5894
-7.6728
-7.7359
-7.7915
-7.8473
-7.9029
-7.9864
-8.0682
-8.1538
-8.2502
-8.3671
-8.4843
-8.6146
-8.7600
-8.9017
-9.0154
-9.1379
-9.2750
-9.4583
-9.6845
-9.9596
-10.2326
-10.4679
-10.6880
-10.8980
-11.0730
-11.2087
-11.2904
-11.3486
-11.3912
-11.3912
-11.4251
-11.4972
-11.6177
-11.7754
-11.9511
-12.1001
-12.2025
-12.2730
-12.2874
-12.2943
-12.3358
-12.4004
-12.4722
-12.5414
-12.6084
-12.6785
-12.7590
-12.8656
-12.9559
-13.0520
-13.1488
-13.2594
-13.3508
-13.4314
-13.5456
-13.6505
-13.7428
-13.8047
-13.8490
-13.8937
-13.9584
-14.0685
-14.2393
-14.4069
-14.5599
-14.7156
-14.8287
-14.9210
-14.9946
-15.0609
-15.1157
-15.1834
-15.2430
-15.2828
-15.3213
-15.3609
-15.3992
-15.4667
-15.5365
-15.6003
-15.6607
-15.7268
-15.7920
-15.8782
-15.9494
-16.0068
-16.0370
-16.0611
-16.0887
-16.1233
-16.1834
-16.2724
-16.4267
-16.6063
-16.7807
-16.9188
-17.0296
-17.1012
-17.1385
-17.1521
-17.1768
-17.2403
-17.3123
-17.3850
-17.4797
-17.5651
-17.6366
-17.7249
-17.8296
-17.9532
-18.0414
-18.1130
-18.1769
-18.2071
-18.2140
-18.2140
-18.2140
-18.2173
-18.2275
-18.2446
-18.2619
-18.2925
-18.3265
-18.3574
-18.3947
-18.4421
-18.4960
-18.5312
-18.5479
-18.5602
-18.5739
-18.5744
-18.5747
-18.5816
-18.5855
-18.5962
-18.6148
-18.6466
-18.6941
-18.7165
-18.7542
-18.7690
-18.7868
-18.7880
-18.7882
-18.7948
-18.8049
-18.8252
-18.8555
-18.8966
-18.9467
-19.0193
-19.1039
-19.2077
-19.3123
-19.4281
-19.4886
-19.5078
-19.5064
-19.4973
-19.4973
-19.4973
-19.4942
-19.4918
-19.5023
-19.5206
-19.5418
-19.5668
-19.5777
-19.5463
-19.4595
-19.3472
-19.2698
-19.2485
-19.2332
-19.2273
-19.1764
-19.0757
-19.0179
-19.0087
-19.0609
-19.1067
-19.1199
-19.1201
-19.1233
-19.1351
-19.1418
-19.1491
-19.1850
-19.2213
-19.2547
-19.2856
-19.3417
-19.4225
-19.4882
-19.5508
-19.5988
-19.5923
-19.5732
-19.5297
-19.4820
-19.4751
-19.4946
-19.5107
-19.5177
-19.5108
-19.5109
-19.4820
-19.4146
-19.3264
-19.2259
-19.1191
-19.0376
-18.9849
-18.9706
-18.9675
-18.9431
-18.8777
-18.7599
-18.5946
-18.4452
-18.3802
-18.3932
-18.4508
-18.4867
-18.5057
-18.4537
-18.3813
-18.2879
-18.1949
-18.1345
-18.1235
-18.1499
-18.1630
-18.1202
-18.0271
-17.8989
-17.7620
-17.6884
-17.6796
-17.6917
-17.6854
-17.6698
-17.6219
-17.5797
-17.5354
-17.4828
-17.4336
-17.3521
-17.2597
-17.1458
-17.0289
-16.9056
-16.7659
-16.6199
-16.4796
-16.3216
-16.1509
-15.9834
-15.8588
-15.7866
-15.7336
-15.6933
-15.6789
-15.6677
-15.6356
-15.6108
-15.5652
-15.5051
-15.4191
-15.2920
-15.1578
-15.0550
-15.0036
-14.9974
-14.9977
-14.9851
-14.8937
-14.7348
-14.5561
-14.4014
-14.2826
-14.2145
-14.1808
-14.1415
-14.0445
-13.8689
-13.6470
-13.4077
-13.1939
-13.0925
-13.0507
-13.0233
-12.9660
-12.8536
-12.7040
-12.5015
-12.2969
-12.0825
-11.8813
-11.6955
-11.5088
-11.3430
-11.1970
-11.0937
-11.0498
-11.0268
-11.0147
-10.9708
-10.9106
-10.8174
-10.7154
-10.5884
-10.4527
-10.3192
-10.2261
-10.1695
-10.1553
-10.1345
-10.0873
-10.0065
-9.8961
-9.7844
-9.7077
-9.6746
-9.6558
-9.6315
-9.5703
-9.4929
-9.3759
-9.2452
-9.1025
-8.9777
-8.8373
-8.6501
-8.4081
-8.0882
-7.7664
-7.5219
-7.3841
-7.3580
-7.3511
-7.3511
-7.3339
-7.3114
-7.2993
-7.2940
-7.2853
-7.2452
-7.1684
-7.0796
-6.9927
-6.9059
-6.8399
-6.7722
-6.7150
-6.6558
-6.5496
-6.4138
-6.2328
-6.0743
-5.9541
-5.8897
-5.8793
-5.8689
-5.8393
-5.7942
-5.7300
-5.6519
-5.5826
-5.5530
-5.5495
-5.5355
-5.5113
-5.4575
-5.3654
-5.2198
-5.0343
-4.8680
-4.7312
-4.6447
-4.6120
-4.6033
-4.5895
-4.5344
-4.4497
-4.3356
-4.2287
-4.1424
-4.0769
-4.0165
-3.9408
-3.8615
-3.8219
-3.7771
-3.7527
-3.7477
-3.7289
-3.6893
-3.6496
-3.6359
-3.6222
-3.5877
-3.5394
-3.5186
-3.5150
-3.5221
-3.5373
-3.5545
-3.5667
-3.5717
-3.5803
-3.5803
-3.5803
-3.5803
-3.5803
-3.5803
-3.5803
-3.5803
-3.5803
-3.5717
-3.5630
-3.5630
-3.5630
-3.5630
-3.5630
-3.5630
-3.5630
-3.5630
-3.5630
-3.5559
-3.5523
-3.5614
-3.5436
-3.5034
-3.4336
-3.3480
-3.2587
-3.2015
-3.1943
-3.2233
-3.2284
-3.2315
-3.2315
-3.2350
-3.2350
-3.2350
-3.2401
-3.2544
-3.2357
-3.2603
-3.2838
-3.2874
-3.2874
-3.2874
-3.2945
-3.2945
-3.2981
-3.3017
-3.3144
-3.3206
-3.3284
-3.2940
-3.2281
-3.1350
-3.0652
-3.0450
-3.0450
-3.0450
-3.0314
-2.9904
-2.9223
-2.8440
-2.7530
-2.6878
-2.6434
-2.6262
-2.6191
-2.6106
-2.6106
-2.5798
-2.5441
-2.4804
-2.4361
-2.4239
-2.4204
-2.4026
-2.3500
-2.2695
-2.1485
-1.9846
-1.7692
-1.5280
-1.2857
-1.0565
-0.9066
-0.8145
-0.7601
-0.7419
-0.7347
-0.7109
-0.6664
-0.6227
-0.5765
-0.5289
-0.4935
-0.4310
-0.3711
-0.2782
-0.2036
-0.1389
-0.0670
-0.0012
0.0778
0.1677
0.2358
0.2991
0.3198
0.3332
0.3369
0.3369
0.3503
0.3893
0.4368
0.5012
0.5643
0.6091
0.6503
0.6903
0.7292
0.7499
0.7499
0.7584
0.7935
0.8736
0.9634
1.0473
1.0825
1.0825
1.0861
1.0946
1.1188
1.1829
1.2374
1.2664
1.2785
1.2870
1.3003
1.3512
1.4227
1.5318
1.6564
1.7724
1.8888
1.9872
2.0709
2.1477
2.2203
2.2712
2.3123
2.3486
2.3958
2.4827
2.5864
2.6758
2.7440
2.7843
2.8218
2.8885
2.9817
3.0834
3.1639
3.2507
3.3488
3.4553
3.5460
3.5881
3.6124
3.6309
3.6541
3.7126
3.7933
3.8890
3.9865
4.0962
4.1985
4.2972
4.4007
4.4687
4.4929
4.5013
4.5013
4.5013
4.5060
4.5153
4.5312
4.5581
4.5954
4.6531
4.7118
4.7658
4.7900
4.7899
4.7861
4.7861
4.7898
4.8010
4.8122
4.8345
4.8550
4.8746
4.8904
4.9406
4.9844
5.0515
5.1268
5.2086
5.2804
5.3233
5.3457
5.3737
5.4034
5.4482
5.5070
5.5972
5.7080
5.8048
5.8795
5.9579
6.0275
6.1018
6.1670
6.2154
6.2525
6.2655
6.2731
6.2769
6.3068
6.3404
6.3534
6.3722
6.3993
6.4476
6.5277
6.6350
6.7711
6.8919
6.9938
7.1192
7.2722
7.4047
7.5255
7.6079
7.6608
7.6846
7.6930
7.6930
7.7128
7.7449
7.7972
7.8789
7.9796
8.0957
8.1945
8.2845
8.3601
8.4196
8.4616
8.5305
8.6032
8.6995
8.8095
8.9071
9.0119
9.1694
9.3550
9.5587
9.7623
9.9363
10.0568
10.1376
10.1992
10.2262
10.2262
10.2262
10.2262
10.2302
10.2340
10.2416
10.2415
10.2608
10.2792
10.2903
10.3170
10.3631
10.4016
10.4364
10.4751
10.5136
10.5441
10.5976
10.6708
10.7637
10.8606
10.9456
11.0587
11.1842
11.2931
11.4137
11.5345
11.6520
11.7578
11.8317
11.8822
11.8977
11.8933
11.8845
11.8923
11.8918
11.9108
11.9458
11.9645
11.9895
12.0416
12.0877
12.1415
12.1919
12.2335
12.2644
12.2943
12.3633
12.4763
12.6096
12.7553
12.9088
13.0302
13.1343
13.2011
13.1993
13.1465
13.1162
13.1083
13.1083
13.1042
13.0870
13.0697
13.0568
13.0522
13.0350
13.0001
12.9556
12.9021
12.8459
12.8147
12.8505
12.9362
13.0102
13.0449
13.0450
13.0540
13.1297
13.2769
13.4437
13.6044
13.7219
13.8398
13.9354
14.0682
14.1935
14.2922
14.3634
14.3907
14.3819
14.3474
14.3045
14.2659
14.2487
14.2406
14.2321
14.2063
14.1414
14.0505
13.9686
13.9378
13.9378
13.9378
13.9418
13.9418
13.9376
13.8858
13.8292
13.7867
13.7517
13.7469
13.7850
13.8685
13.9854
14.0733
14.1494
14.2338
14.3738
14.6246
14.9778
