-6.860300
-6.860587
-6.861448
-6.862882
-6.864891
-6.867473
-6.870628
-6.874357
-6.878659
-6.883533
-6.888979
-6.894998
-6.901588
-6.908749
-6.916480
-6.924782
-6.933653
-6.943093
-6.953102
-6.963677
-6.974820
-6.986528
-6.998802
-7.011640
-7.025042
-7.039006
-7.053532
-7.068618
-7.084264
-7.100469
-7.117230
-7.134548
-7.152421
-7.170848
-7.189828
-7.209358
-7.229439
-7.250068
-7.271244
-7.292965
-7.315231
-7.338039
-7.361388
-7.385277
-7.409703
-7.434666
-7.460163
-7.486192
-7.512752
-7.539841
-7.567457
-7.595599
-7.624264
-7.653450
-7.683155
-7.713377
-7.744115
-7.775366
-7.807127
-7.839397
-7.872174
-7.905455
-7.939238
-7.973520
-8.008300
-8.043574
-8.079341
-8.115598
-8.152342
-8.189571
-8.227282
-8.265474
-8.304142
-8.343285
-8.382899
-8.422983
-8.463532
-8.504545
-8.546019
-8.587951
-8.630338
-8.673176
-8.716464
-8.760197
-8.804374
-8.848990
-8.894044
-8.939531
-8.985449
-9.031795
-9.078565
-9.125756
-9.173364
-9.221388
-9.269822
-9.318665
-9.367912
-9.417560
-9.467606
-9.518046
-9.568878
-9.620096
-9.671698
-9.723681
-9.776040
-9.828772
-9.881873
-9.935341
-9.989170
-10.043358
-10.097900
-10.152794
-10.208034
-10.263618
-10.319541
-10.375799
-10.432390
-10.489308
-10.546550
-10.604113
-10.661991
-10.720181
-10.778679
-10.837481
-10.896583
-10.955981
-11.015671
-11.075648
-11.135909
-11.196450
-11.257265
-11.318351
-11.379705
-11.441321
-11.503195
-11.565323
-11.627701
-11.690324
-11.753189
-11.816291
-11.879625
-11.943187
-12.006973
-12.070978
-12.135198
-12.199629
-12.264266
-12.329104
-12.394140
-12.459368
-12.524784
-12.590385
-12.656164
-12.722118
-12.788242
-12.854532
-12.920982
-12.987589
-13.054348
-13.121254
-13.188303
-13.255489
-13.322809
-13.390258
-13.457831
-13.525523
-13.593330
-13.661247
-13.729269
-13.797392
-13.865611
-13.933921
-14.002319
-14.070797
-14.139354
-14.207982
-14.276678
-14.345438
-14.414255
-14.483126
-14.552046
-14.621010
-14.690013
-14.759051
-14.828118
-14.897211
-14.966324
-15.035452
-15.104591
-15.173736
-15.242882
-15.312024
-15.381159
-15.450280
-15.519383
-15.588464
-15.657517
-15.726538
-15.795523
-15.864465
-15.933362
-16.002207
-16.070996
-16.139725
-16.208388
-16.276982
-16.345500
-16.413939
-16.482294
-16.550560
-16.618732
-16.686806
-16.754776
-16.822639
-16.890390
-16.958024
-17.025536
-17.092921
-17.160176
-17.227295
-17.294273
-17.361107
-17.427791
-17.494321
-17.560693
-17.626901
-17.692942
-17.758810
-17.824501
-17.890011
-17.955335
-18.020468
-18.085407
-18.150146
-18.214682
-18.279009
-18.343123
-18.407020
-18.470696
-18.534146
-18.597365
-18.660350
-18.723096
-18.785599
-18.847853
-18.909856
-18.971603
-19.033090
-19.094311
-19.155264
-19.215944
-19.276347
-19.336468
-19.396303
-19.455849
-19.515101
-19.574055
-19.632708
-19.691054
-19.749090
-19.806812
-19.864217
-19.921299
-19.978056
-20.034482
-20.090576
-20.146331
-20.201745
-20.256815
-20.311535
-20.365902
-20.419913
-20.473564
-20.526850
-20.579770
-20.632318
-20.684491
-20.736286
-20.787698
-20.838725
-20.889364
-20.939609
-20.989459
-21.038909
-21.087956
-21.136597
-21.184829
-21.232647
-21.280050
-21.327033
-21.373593
-21.419727
-21.465433
-21.510706
-21.555543
-21.599943
-21.643900
-21.687414
-21.730479
-21.773095
-21.815256
-21.856962
-21.898208
-21.938992
-21.979312
-22.019163
-22.058545
-22.097453
-22.135886
-22.173840
-22.211313
-22.248302
-22.284806
-22.320820
-22.356344
-22.391373
-22.425907
-22.459943
-22.493477
-22.526509
-22.559035
-22.591054
-22.622563
-22.653560
-22.684043
-22.714010
-22.743458
-22.772387
-22.800793
-22.828675
-22.856030
-22.882858
-22.909155
-22.934922
-22.960154
-22.984852
-23.009012
-23.032634
-23.055716
-23.078256
-23.100252
-23.121704
-23.142609
-23.162967
-23.182776
-23.202033
-23.220740
-23.238892
-23.256491
-23.273534
-23.290020
-23.305948
-23.321317
-23.336127
-23.350375
-23.364060
-23.377183
-23.389742
-23.401736
-23.413165
-23.424027
-23.434322
-23.444049
-23.453208
-23.461797
-23.469817
-23.477266
-23.484145
-23.490452
-23.496187
-23.501351
-23.505942
-23.509960
-23.513405
-23.516277
-23.518575
-23.520299
-23.521450
-23.522027
-23.522030
-23.521459
-23.520314
-23.518595
-23.516303
-23.513437
-23.509998
-23.505986
-23.501401
-23.496243
-23.490514
-23.484212
-23.477340
-23.469896
-23.461883
-23.453299
-23.444146
-23.434425
-23.424136
-23.413280
-23.401857
-23.389868
-23.377315
-23.364198
-23.350518
-23.336276
-23.321472
-23.306109
-23.290187
-23.273706
-23.256669
-23.239076
-23.220929
-23.202229
-23.182976
-23.163173
-23.142821
-23.121922
-23.100475
-23.078484
-23.055950
-23.032874
-23.009258
-22.985103
-22.960411
-22.935184
-22.909423
-22.883131
-22.856309
-22.828958
-22.801082
-22.772681
-22.743758
-22.714315
-22.684354
-22.653876
-22.622884
-22.591381
-22.559367
-22.526846
-22.493819
-22.460290
-22.426260
-22.391731
-22.356706
-22.321188
-22.285178
-22.248680
-22.211695
-22.174227
-22.136278
-22.097851
-22.058947
-22.019571
-21.979724
-21.939409
-21.898630
-21.857388
-21.815687
-21.773530
-21.730920
-21.687859
-21.644350
-21.600397
-21.556002
-21.511169
-21.465900
-21.420199
-21.374069
-21.327513
-21.280535
-21.233137
-21.185322
-21.137095
-21.088458
-21.039415
-20.989969
-20.940124
-20.889882
-20.839248
-20.788225
-20.736816
-20.685025
-20.632856
-20.580312
-20.527396
-20.474113
-20.420466
-20.366459
-20.312095
-20.257379
-20.202313
-20.146902
-20.091150
-20.035061
-19.978637
-19.921884
-19.864805
-19.807404
-19.749685
-19.691652
-19.633309
-19.574660
-19.515709
-19.456460
-19.396917
-19.337084
-19.276966
-19.216566
-19.155889
-19.094939
-19.033720
-18.972237
-18.910492
-18.848492
-18.786240
-18.723740
-18.660996
-18.598014
-18.534797
-18.471349
-18.407676
-18.343781
-18.279669
-18.215344
-18.150810
-18.086073
-18.021137
-17.956005
-17.890683
-17.825175
-17.759486
-17.693619
-17.627581
-17.561374
-17.495004
-17.428476
-17.361793
-17.294961
-17.227984
-17.160866
-17.093613
-17.026229
-16.958718
-16.891086
-16.823336
-16.755474
-16.687505
-16.619432
-16.551261
-16.482996
-16.414642
-16.346204
-16.277686
-16.209094
-16.140431
-16.071703
-16.002914
-15.934070
-15.865174
-15.796231
-15.727248
-15.658227
-15.589174
-15.520093
-15.450990
-15.381869
-15.312735
-15.243593
-15.174446
-15.105301
-15.036162
-14.967034
-14.897921
-14.828828
-14.759761
-14.690723
-14.621719
-14.552755
-14.483834
-14.414963
-14.346145
-14.277385
-14.208688
-14.140059
-14.071502
-14.003022
-13.934624
-13.866313
-13.798093
-13.729969
-13.661945
-13.594027
-13.526219
-13.458526
-13.390952
-13.323502
-13.256181
-13.188993
-13.121943
-13.055035
-12.988275
-12.921666
-12.855214
-12.788923
-12.722797
-12.656841
-12.591060
-12.525458
-12.460039
-12.394809
-12.329771
-12.264931
-12.200292
-12.135859
-12.071637
-12.007629
-11.943841
-11.880277
-11.816940
-11.753836
-11.690969
-11.628343
-11.565963
-11.503832
-11.441955
-11.380337
-11.318981
-11.257891
-11.197073
-11.136530
-11.076266
-11.016286
-10.956593
-10.897192
-10.838087
-10.779282
-10.720781
-10.662587
-10.604706
-10.547140
-10.489895
-10.432973
-10.376379
-10.320117
-10.264191
-10.208604
-10.153360
-10.098463
-10.043917
-9.989725
-9.935892
-9.882421
-9.829316
-9.776580
-9.724217
-9.672231
-9.620624
-9.569402
-9.518567
-9.468123
-9.418073
-9.368420
-9.319169
-9.270322
-9.221883
-9.173856
-9.126243
-9.079048
-9.032273
-8.985923
-8.940001
-8.894509
-8.849451
-8.804830
-8.760649
-8.716911
-8.673619
-8.630776
-8.588384
-8.546448
-8.504969
-8.463951
-8.423397
-8.383309
-8.343689
-8.304542
-8.265869
-8.227672
-8.189956
-8.152722
-8.115973
-8.079711
-8.043939
-8.008660
-7.973875
-7.939587
-7.905800
-7.872513
-7.839732
-7.807456
-7.775689
-7.744434
-7.713691
-7.683463
-7.653752
-7.624561
-7.595891
-7.567744
-7.540122
-7.513028
-7.486462
-7.460427
-7.434925
-7.409957
-7.385525
-7.361631
-7.338276
-7.315462
-7.293191
-7.271464
-7.250282
-7.229648
-7.209562
-7.190026
-7.171041
-7.152608
-7.134729
-7.117406
-7.100638
-7.084428
-7.068776
-7.053684
-7.039153
-7.025183
-7.011775
-6.998931
-6.986652
-6.974937
-6.963789
-6.953207
-6.943193
-6.933747
-6.924870
-6.916563
-6.908825
-6.901658
-6.895063
-6.889038
-6.883586
-6.878706
-6.874398
-6.870664
-6.867502
-6.864915
-6.862900
