48.93903617
49.01250275
49.1047718
49.21468134
49.31712878
49.41605658
49.56218744
49.71696536
49.87048414
50.02957001
50.19041531
50.34548878
50.48734588
50.6160204
50.75199162
50.88966194
51.03281792
51.1629092
51.27688949
51.3927245
51.52148839
51.63558035
51.73924272
51.84440989
51.94063829
52.03434786
52.11764897
52.21190396
52.30043465
52.38639556
52.44740226
52.50187206
52.56253754
52.64203758
52.71999744
52.7985979
52.87209906
52.94333906
53.00473622
53.05105885
53.07425944
53.08569248
53.09576316
53.11964513
53.14739773
53.1752331
53.21696714
53.26537814
53.30337236
53.33171065
53.3576567
53.38473835
53.40193663
53.40254027
53.39873827
53.39363436
53.38850708
53.38344568
53.38501278
53.38558513
53.37748601
53.36725297
53.36134386
53.34694992
53.33041652
53.313935
53.29243471
53.27066105
53.25381613
53.23944054
53.22869706
53.22274254
53.21561045
53.20375619
53.19582074
53.18522392
53.17466009
53.16684252
53.15402189
53.14745264
53.13818968
53.12938158
53.12565997
53.11649442
53.11124412
53.11493959
53.11054082
53.1004613
53.10406068
53.10624937
53.096993
53.09283236
53.09401218
53.09439419
53.09034839
53.10036692
53.12643138
53.14858507
53.1469059
53.15704865
53.1725531
53.19596647
53.22336439
53.2573404
53.25661308
53.26918436
53.30805137
53.33825534
53.38056082
53.4127477
53.44228138
53.47686736
53.50482166
53.55942596
53.63131448
53.71007915
53.75495875
53.79490868
53.86890102
53.94188144
53.98925875
54.04021537
54.09753518
54.14794849
54.18820321
54.26225838
54.33730606
54.38796488
54.43387237
54.49016258
54.52010533
54.54384461
54.59697527
54.65435263
54.6823765
54.74102278
54.80204123
54.85731979
54.88960132
54.91800428
54.94832495
54.96807558
54.9804647
54.98304385
54.99331477
54.99638179
54.99316548
54.98781314
54.98567501
55.0011722
55.00531397
55.00211257
55.00412267
55.01240791
55.02270721
55.03219946
55.0570684
55.07779596
55.0854484
55.12172318
55.15906823
55.17668336
55.19251241
55.22551716
55.27052428
55.28416265
55.29288653
55.31075128
55.3335981
55.35158376
55.35455719
55.36709257
55.37665333
55.36365278
55.35166692
55.35976195
55.37024209
55.37443336
55.38964451
55.40600353
55.41399613
55.42004371
55.42222132
55.41920921
55.43229133
55.42401124
55.42328986
55.43525328
55.46514376
55.46834726
55.48010424
55.49357854
55.51035415
55.51293106
55.51809965
55.53609508
55.5489462
55.54976988
55.56636294
55.60208821
55.631367
55.63660885
55.66339997
55.69590193
55.74550542
55.79180442
55.87344127
55.95917224
56.0205265
56.06571406
56.13770963
56.21861903
56.23877068
56.26374151
56.30953192
56.36673504
56.41719046
56.47411559
56.53954574
56.59160641
56.63927742
56.6859777
56.72622793
56.77430946
56.82135241
56.86741817
56.9190167
56.9819188
57.04356372
57.09204098
57.14285716
57.22617041
57.29158486
57.34373568
57.3779782
57.42664844
57.47430348
57.50631295
57.53417234
57.57645802
57.61909639
57.62871576
57.64946708
57.69924296
57.76937866
57.84119128
57.93579172
58.05252433
58.19105609
58.34775461
58.49150934
58.6370594
58.73935861
58.82861516
58.90207052
58.95811746
58.96750662
58.97750522
58.98106487
58.98106487
58.98106487
58.98224442
58.98342437
58.98342437
58.98342437
58.98578519
58.98932926
58.99524325
59.00591083
59.01779756
59.03210887
59.0524708
59.07534983
59.09376238
59.1181206
59.14966622
59.18137619
59.21115605
59.24446361
59.27800771
59.31702731
59.3655146
59.40829646
59.40521862
59.40017978
59.40786456
59.40946427
59.40980971
59.43168832
59.43628442
59.44285961
59.45880481
59.47890907
59.48459959
59.49758852
59.50391502
59.5048476
59.50627848
59.50451575
59.48456039
59.46325057
59.4593377
59.46090546
59.46832069
59.46899759
59.48819092
59.49676577
59.49417368
59.4882746
59.4941457
59.50955089
59.52921295
59.53160941
59.5375568
59.54541107
59.54677212
59.54449142
59.55960107
59.56283084
59.56152286
59.58403717
59.62409904
59.65436783
59.68097599
59.72083115
59.79066232
59.86151846
59.91258319
59.9441341
59.94025092
59.92941332
59.93026657
59.93026657
59.93026657
59.93026657
59.93026657
59.92644623
59.92262602
59.9126187
59.91347564
59.90669678
59.89610418
59.89488041
59.88281138
59.86930396
59.86812242
59.86079141
59.87784568
59.89711952
59.94570358
59.98937736
60.02393258
60.03658452
60.05526331
60.06268422
60.06483595
60.08143456
60.10371919
60.12130661
60.1404111
60.16695155
60.18914656
60.20046767
60.21684095
60.23175866
60.23749538
60.24175186
60.24152376
60.24452214
60.24752171
60.2520233
60.25802983
60.28401179
60.32247593
60.34765717
60.39060799
60.46443652
60.52253513
60.54462902
60.55960469
60.57744238
60.58338581
60.59363785
60.62499392
60.63513905
60.60880109
60.59563462
60.5959464
60.58771699
60.59087839
60.60967097
60.63322267
60.6599965
60.68686958
60.72496307
60.74291124
60.75432541
60.77915461
60.80211086
60.80246489
60.80089435
60.80313743
60.80498873
60.80356036
60.80848924
60.80586877
60.81011033
60.81303743
60.8146931
60.81544022
60.81809026
60.8269798
60.85309679
60.86957936
60.86235725
60.86560999
60.87295592
60.87626701
60.87599707
60.87625408
60.87828833
60.87933337
60.88203766
60.88366456
60.88366654
60.88377887
60.8875175
60.88851754
60.90466232
60.9209077
60.92337359
60.93952286
60.96405836
60.98900372
61.02047978
61.04104908
61.04901515
61.06537774
61.0781193
61.08627584
61.0880259
61.08608326
61.08965702
61.09247866
61.0910623
61.09307886
61.09035319
61.1012354
61.11021378
61.1173592
61.1227547
61.13577637
61.16646083
61.17894367
61.17638987
61.17638987
61.1783473
61.1783473
61.1783473
61.1783473
61.17670825
61.17297265
61.17153953
61.1731556
61.17622144
61.17683431
61.17142046
61.16610958
61.16898955
61.17445686
61.17400463
61.16600239
61.16411308
61.16874126
61.16691385
61.16353241
61.15931395
61.17014112
61.19690082
61.21003904
61.24099344
61.2728156
61.28749466
61.29544885
61.29844934
61.29552409
61.30144984
61.33938967
61.35326208
61.37352012
61.39143278
61.3814553
61.38531485
61.38513493
61.38936514
61.39130474
61.39196052
61.39897196
61.41301808
61.40855582
61.40234377
61.40062091
61.42787508
61.46490082
61.51549246
61.56473453
61.61330604
61.63894057
61.64364004
61.67800703
61.71702821
61.74298337
61.73948801
61.74786367
61.7767359
61.79681178
61.81923924
61.84991419
61.87497518
61.89008945
61.89575555
61.88453093
61.88991917
61.89869492
61.90549398
61.89267071
61.88188789
61.87465535
61.86023527
61.8471377
61.84518595
61.83535538
61.82710142
61.81499689
61.81066531
61.79602598
61.78769533
61.77412375
61.76310004
61.75705087
61.75160614
61.7359875
61.73214722
61.72691316
61.72157561
61.7199961
61.70561311
61.69561213
61.71446384
61.7297604
61.71971058
61.67425374
61.61482338
61.58460422
61.57745299
61.55932702
61.5253646
61.49489201
61.47049841
61.44593136
61.40640766
61.37486837
61.35588888
61.33905518
61.35133554
61.346439
61.30710894
61.25599445
61.23611393
61.22039352
61.18830287
61.15933824
61.14594974
61.12281107
61.09736569
61.07625836
61.05691258
61.03886897
61.02333692
61.01346253
60.99588132
60.98889852
60.97186722
60.95186737
60.94491282
60.92257538
60.89820871
60.88572824
60.87635809
60.86402005
60.84188708
60.81593654
60.82487915
60.82186981
60.81839069
60.81612108
60.81405119
60.81318923
60.80178113
60.79741892
60.79523155
60.79215833
60.76304401
60.72972497
60.70830097
60.68396849
60.65876375
60.62623538
60.58767502
60.55452269
60.54188474
60.54463681
60.52789024
60.49985713
60.51237918
60.51478686
60.51114208
60.50560375
60.50006622
60.49729778
60.48534703
60.47181928
60.47074506
60.47276426
60.47943752
60.48222972
60.49112758
60.46960762
60.44566783
60.44579138
60.4530267
60.44337935
60.4110375
60.38528984
60.36575015
60.33731972
60.30480443
60.28178086
60.25789612
60.22745441
60.20284301
60.18707996
60.18027734
60.15888925
60.11430744
60.08081706
60.06468415
60.03565722
59.98892354
59.90377193
59.84810132
59.79775349
59.76149296
59.72894479
59.69351494
59.67306193
59.65532522
59.64101207
59.63011494
59.6060157
59.57369484
59.5585423
59.55399859
59.54142506
59.51933407
59.52380874
59.53022658
59.51827781
59.4889453
59.4478896
59.40103092
59.34387637
59.29736459
59.23950859
59.19976326
59.18815201
59.14978133
59.08271609
59.00434716
58.93566254
58.8791177
58.80565799
58.72836143
58.65923593
58.62746815
58.59020112
58.55102365
58.51462729
58.50419956
58.47229186
58.42801813
58.37216788
58.31802016
58.25909998
58.20925691
58.1684037
58.14548652
58.13065051
58.10388289
58.05664062
57.98538148
57.9164685
57.85976249
57.82390733
57.82069022
57.80871228
57.76358702
57.71480603
57.66515066
57.61962083
57.57155725
57.52060565
57.46358719
57.43231666
57.44150122
57.44366153
57.45391872
57.46580017
57.48245329
57.50390026
57.54246274
57.56573658
57.59505048
57.63376463
57.67387177
57.71183748
57.74270713
57.77091368
57.78411566
57.79466735
57.80491213
57.8052618
57.81314405
57.8359151
57.84497545
57.85747678
57.85832976
57.86181311
57.88178933
57.88195433
57.89090657
57.894349
57.89231474
57.86519442
57.83535595
57.8213002
57.82674071
57.81999802
57.82701659
57.85454004
57.87905363
57.87853658
57.87263315
57.87367766
57.8765055
57.85750648
57.85535026
57.87834056
57.89357218
57.88492248
57.8899823
57.90327814
57.90151594
57.88120074
57.87085009
57.8546327
57.83472011
57.8202174
57.83190125
57.85435115
57.85830362
57.85932834
57.87084811
57.88872619
57.89842159
57.92293294
57.94374392
57.97352972
58.00925024
58.05202577
58.0736904
58.09664784
58.12578829
58.15658336
58.16645116
58.19426039
58.21490123
58.2363672
58.2469866
58.27079861
58.2961962
58.3256454
58.34567218
58.3636148
58.39530088
58.40373079
58.43125134
58.46058662
58.5033805
58.53382102
58.56669588
58.59326748
58.63268334
58.67585143
58.69774139
58.7155301
58.7557018
58.76493612
58.78282106
58.79241232
58.82713188
58.86445567
58.93396265
58.99886414
59.07066132
59.13651269
59.19168869
59.25240684
59.30579714
59.34013206
59.35904766
59.35516435
59.3518992
59.35630074
59.36837821
59.38669638
59.39986879
59.42140195
59.43470161
59.44120921
59.45191824
59.45850174
59.4747421
59.48448779
59.50134392
59.53302551
59.59987176
59.68326764
59.79636986
59.91540443
60.01145647
60.01621072
60.02670234
60.04459547
60.04919976
60.06647803
60.085054
60.11798932
60.15552919
60.17877386
60.20528554
60.23036329
60.24442103
60.24251957
60.23013137
60.21781062
60.21577452
60.21850428
60.21832542
60.21191603
60.2116313
60.199656
60.1904189
60.18437185
60.16972751
60.15913636
60.14617211
60.13330752
60.12241026
60.10824178
60.09926921
60.08205258
60.07860962
60.07860962
60.08060203
60.0556139
60.00861227
59.97461857
59.90901101
59.78610528
59.64007579
59.4888001
59.27895164
59.05511634
58.7963677
58.53235238
58.28248985
58.02185664
57.74215234
57.41347234
57.05568079
56.67670589
56.26158067
55.88652419
55.51905876
55.15650664
54.78349232
54.42338854
54.03907938
53.62593918
53.20310503
52.79397829
52.38037609
51.93905204
51.50321629
51.05769029
50.59105894
50.08952573
49.54853086
49.00865046
48.45196422
47.8560658
47.28585695
46.848839
46.55631552
46.27641308
45.9891997
45.67616354
45.38211757
45.11336135
44.89534975
44.67686692
44.42143794
44.16051433
43.88132654
43.57010315
43.28952857
43.07325832
42.94684759
42.95162401
42.98384521
43.02578504
43.07113892
43.2033591
43.32894812
43.40322545
43.45246752
43.53697946
43.62867287
43.68764598
43.72937329
43.76539768
43.830871
43.95205016
44.10615013
44.27107001
44.44526658
44.63652785
44.84681546
45.11579833
45.3865702
45.66096612
45.91828362
46.20962267
46.53002812
46.88294886
47.24173859
47.64904122
48.0209602
48.34676339
48.651893
48.9278559
49.17384516
49.420701
49.63678262
49.86379636
50.11247234
50.32218497
50.48231008
50.62741451
50.79343064
50.96082842
51.13963114
51.337546
51.5637115
51.76995688
51.9799141
52.19109852
52.41255096
52.62551923
52.86988516
53.11821992
53.4160077
53.75333225
54.08838798
54.42488766
54.79571143
55.15179067
55.42361339
55.62028362
55.74185773
55.803502
55.83134106
55.8446126
55.85449373
55.84830134
55.84609246
55.84001689
55.83243758
55.83647388
55.84986964
55.8515566
55.8508731
55.84322845
55.84751634
55.84186595
55.82873908
55.81275256
55.78910014
55.76913553
55.7566915
55.74481414
55.73592103
55.73295948
55.72800618
55.70625562
55.68746964
55.67860399
55.67122572
55.64456594
55.62343169
55.60189549
55.58872955
55.56685081
55.52767229
55.48292891
55.43878111
55.37985539
55.31046272
55.23802297
55.18055598
55.12288769
55.0917873
55.06039704
55.03421748
55.02235477
55.02235477
55.02616218
55.02217855
55.02217855
55.01844335
55.00724222
54.98858864
54.96891022
54.95056723
54.93493566
54.94165842
54.95183852
54.94800538
54.93457332
54.93518461
54.94917635
54.97952777
55.00261193
55.04281147
55.07409019
55.10047963
55.12697388
55.16444498
55.1818051
55.17809114
55.17906306
55.18632214
55.20429275
55.20832442
55.21744681
55.23378749
55.23424487
55.22167556
55.21723456
55.22326682
55.23600469
55.22542054
55.20968574
55.21972738
55.24617793
55.23693133
55.2279028
55.22462972
55.21747862
55.22474126
55.22512776
55.22272496
55.21305346
55.20342868
55.18663537
55.17895548
55.17476329
55.17145696
55.17241303
55.15549921
55.13241782
55.13098589
55.12615957
55.12206638
55.10833574
55.10430486
55.10257038
55.11415034
55.11269636
55.11436814
55.13658071
55.15905846
55.1818018
55.19950471
55.22125237
55.2301365
55.25406704
55.28345024
55.32114284
55.34113979
55.35883808
55.35869262
55.36299622
55.38278711
55.385458
55.37863927
55.40243768
55.45019172
55.47716038
55.48776974
55.49220494
55.48600992
55.48056492
55.48456676
55.48698078
55.49284316
55.47590783
55.46243564
55.46073324
55.45859312
55.45590811
55.45449835
55.4620275
55.45944532
55.46616662
55.49501351
55.53667099
55.53926532
55.54490938
55.55848096
55.55483234
55.54157783
55.54779041
55.55167926
55.54536887
55.52910673
55.52618003
55.53323582
55.53434555
55.53224173
55.552299
55.57391888
55.59237301
55.60636448
55.61746436
55.65090049
55.6907402
55.73220972
55.75620257
55.75821742
55.77073445
55.77462594
55.77438874
55.77874975
55.78804744
55.77598
55.76608897
55.7534996
55.73492945
55.72600506
55.71741952
55.7039967
55.68927382
55.68289531
55.69795057
55.70942718
55.7301793
55.72903182
55.73684939
55.76286606
55.77166162
55.76750956
55.76310485
55.77740824
55.80075824
55.8116852
55.81770784
55.80797851
55.80571432
55.84508411
55.87125416
55.87912981
55.88664629
55.90946302
55.92217145
55.95640895
55.98922982
56.00918308
56.01373008
56.01983587
56.03277583
56.06607336
56.08588748
56.08668199
56.08065619
56.09392958
56.11657735
56.11121538
56.092278
56.10137174
56.11759111
56.14330854
56.16997808
56.20819208
56.25397404
56.29775897
56.33637042
56.38167335
56.39604907
56.39828185
56.41048697
56.40343012
56.3938085
56.38975756
56.37240061
56.36319942
56.36877391
56.37939912
56.3913962
56.38088201
56.3618843
56.35000166
56.35833812
56.36383104
56.37337042
56.40379853
56.44067906
56.45384369
56.48943208
56.51691698
56.52844217
56.5484865
56.56731208
56.57124515
56.58686682
56.62363199
56.65585688
56.68768776
56.70391808
56.70583393
56.73194894
56.76220678
56.7796713
56.78123471
56.78464229
56.78239327
56.77834325
56.77640417
56.77659676
56.76911447
56.77761091
56.77635691
56.78370614
56.78460599
56.78684128
56.80101174
56.8170805
56.81539565
56.81329724
56.81031919
56.79080048
56.77683594
56.78080135
56.78904502
56.78232886
56.77857148
56.78001384
56.77351759
56.76707731
56.76424024
56.75505304
56.74610291
56.73929303
56.73848664
56.72080379
56.71663958
56.70698735
56.67880337
56.6506772
56.62742237
56.6205222
56.63312569
56.62177673
56.60776176
56.60815776
56.63944321
56.64889494
56.64949844
56.64582436
56.63530184
56.64077456
56.63960438
56.62873339
56.62106921
56.62038796
56.61766453
56.61506044
56.60798431
56.60339414
56.6081241
56.610708
56.61126372
56.605362
56.60357102
56.60645008
56.60070108
56.6003786
56.60178044
56.60151618
56.59932181
56.60173794
56.59590724
56.58241486
56.57582515
56.56961666
56.55960578
56.55158137
56.54505727
56.54647931
56.5513381
56.55217616
56.55549253
56.55720418
56.54911469
56.54987633
56.55750817
56.55899911
56.54513396
56.52355949
56.51907254
56.521516
56.50910707
56.4766624
56.45528896
56.45007562
56.42438802
56.38539707
56.33926412
56.2930302
56.28570592
56.27879783
56.26847978
56.2440388
56.21122214
56.20096456
56.19431928
56.17139801
56.14264286
56.10721644
56.06976738
56.01652914
55.98260237
55.95824018
55.93705616
55.90824532
55.89768928
55.89188392
55.8853387
55.8569414
55.81634098
55.77494102
55.76104921
55.73816107
55.70702465
55.65307889
55.61019644
55.59792916
55.61322782
55.61085565
55.57732778
55.54814311
55.51088572
55.49008991
55.46274954
55.43132324
55.42188366
55.40984117
55.37749496
55.32901031
55.31347219
55.31821482
55.32422504
55.3028949
55.27353454
55.25786904
55.24609649
55.21827577
55.18942255
55.16781494
55.16427312
55.150385
55.12638635
55.10392285
55.0752514
55.03224078
55.00484735
55.00135186
54.98120232
54.9641697
54.95827075
54.96945194
54.97860944
54.98997874
54.98071709
54.97608019
54.98290156
54.99588956
55.00439908
54.99474103
54.99197128
54.97629852
54.95592313
54.92680288
54.88564316
54.85482552
54.82442909
54.79991854
54.77588358
54.74662763
54.71608032
54.66957712
54.63801842
54.61448956
54.5726907
54.526395
54.47754682
54.44049692
54.39370636
54.34077304
54.28175993
54.21291018
54.1290915
54.04697615
53.97517831
53.92377025
53.86968589
53.81615369
53.74356702
53.67296352
53.61109816
53.57142714
53.51127566
53.45299674
53.4137769
53.39756954
53.36120064
53.3109097
53.22529595
53.14583353
53.06888598
52.99682216
52.93186193
52.85275961
52.8144342
52.78899635
52.78364348
52.77561617
52.751424
52.71275948
52.66737155
52.62286471
52.55655781
52.48743562
52.41099653
52.30561459
52.2186823
52.14762986
52.09925807
52.07863175
52.0896556
52.09846435
52.09960259
52.10147131
52.13465176
52.20260905
52.28976628
52.40721578
52.5398647
52.66096202
52.77200821
52.8578428
52.90834428
52.94213866
52.97941955
53.0454305
53.15530612
53.29009963
53.40471246
53.4906211
53.54717874
53.58440485
53.59731538
53.6052532
53.6117637
53.62850605
53.64282119
53.64856609
53.6650855
53.67053155
53.67609179
53.68956001
53.70144569
53.71436189
53.72385572
53.73062138
53.72874236
53.74045723
53.75724077
53.78358229
53.82663145
53.88435967
53.9636654
54.03025597
54.06617053
54.06261538
54.05518628
54.04166935
54.02615024
54.00015614
53.97514531
53.95567874
53.91827694
53.84684633
53.80188396
53.80248443
53.81161619
53.80163118
53.80163118
53.80163118
53.83343196
53.87210004
53.89888007
53.91023194
53.93451716
53.96840935
54.01902805
54.06736553
54.12079358
54.14437103
54.1593422
54.18191869
54.19006072
54.20395108
54.22140926
54.2307476
54.25047725
54.26670058
54.28300139
54.29677678
54.31850305
54.33826068
54.3575732
54.38255038
54.40346974
54.4464162
54.49611658
54.54292391
54.59095805
54.64134047
54.67636456
54.68777081
54.69449766
54.71660423
54.76585277
54.81300343
54.86046377
54.89717284
54.93027276
54.96038209
54.97381732
54.99094656
55.02108678
55.04794258
55.05526066
55.06712917
55.08639563
55.0933742
55.10368961
55.12180846
55.14685836
55.16777429
55.189438
55.20882074
55.21986334
55.23460325
55.23886368
55.23854701
55.23073142
55.22395666
55.23469908
55.24717176
55.25557158
55.26894516
55.28176738
55.29699239
55.2911341
55.29502559
55.29982168
55.31172847
55.3196659
55.32977366
55.35557003
55.37952499
55.37932699
55.36783718
55.34741494
55.33778989
55.34021526
55.32854936
55.31538619
55.31688967
55.3207974
55.32314951
55.33064552
55.33656533
55.34761808
55.35280054
55.36361754
55.37417912
55.37936065
55.37886222
55.37987572
55.37633442
55.37275682
55.38138791
55.41456558
55.45711261
55.4876846
55.47279184
55.47189199
55.51110088
55.57370399
55.61254604
55.63946018
55.69673129
55.79135034
55.89827615
55.98937872
56.05742789
56.10616915
56.13232693
56.1483021
56.17526957
56.21105279
56.22736152
56.23484803
56.2409533
56.26124711
56.27103517
56.26711794
56.27325132
56.29306624
56.32478003
56.32858506
56.33434066
56.35238651
56.36021213
56.34949703
56.34413308
56.3349769
56.32025071
56.31079265
56.3197338
56.3235288
56.32776534
56.32308356
56.3365931
56.34060472
56.32493579
56.3170278
56.32888404
56.35079802
56.35633252
56.34996008
56.34038296
56.34329012
56.34576737
56.34525442
56.36552711
56.36626261
56.36385744
56.36004858
56.35135546
56.34720062
56.34493339
56.32871825
56.30042233
56.28893384
56.28969654
56.29542151
56.29525084
56.29654048
56.2978981
56.30303039
56.3066299
56.31875687
56.3168001
56.2803454
56.25255161
56.23908431
56.22572934
56.20445345
56.17844654
56.1787153
56.1683665
56.15206648
56.15893206
56.17488004
56.15876191
56.14865243
56.13707959
56.13322229
56.13849437
56.10689489
56.03062489
55.88913726
55.72696206
55.51631158
55.25500662
54.92868678
54.54618338
54.14199529
53.73449928
53.28509102
52.79285365
52.23973379
51.66224224
51.07901106
50.53487063
49.98854652
49.46271317
48.9007695
48.27310792
47.55858994
46.79832894
46.07307896
45.45095702
44.97157157
44.60182703
44.27842201
43.93303688
43.41943518
42.77522792
42.0242621
41.1680441
40.27756088
39.40201043
38.58160574
37.82763178
37.21996938
36.8665502
36.73707457
36.7472985
36.79100462
36.85185926
36.91283336
36.97398197
37.03725696
37.12628146
37.26747842
37.42675847
37.59913265
37.78044811
37.97627302
38.17408676
38.41683516
38.73401545
39.12240737
39.54133762
39.90118783
40.24556342
40.62108455
41.03433563
41.46408288
41.89321818
42.31492056
42.69062754
42.96450101
43.17064871
43.31688662
43.41792391
43.5005468
43.55016138
43.5542972
43.55975963
43.56398416
43.54971179
43.54292633
43.54292633
43.54292633
43.55815754
43.59744576
43.64585003
43.66545876
43.70754696
43.76638028
43.85129443
43.92292806
43.95332278
43.96164894
43.97418854
43.99462003
44.021703
44.03795405
44.03710489
44.05580705
44.0886864
44.11740221
44.12362482
44.13193462
44.15066713
44.19022384
44.2514816
44.31575795
44.38551467
44.44818761
44.52345506
44.58410154
44.63853583
44.68765198
44.76313208
44.86990807
44.9767985
45.08940414
45.19060234
45.27705455
45.35512502
45.41007742
45.46158025
45.50379266
45.54918205
45.61453222
45.65563675
45.6945687
45.724166
45.77492555
45.8045478
45.82773017
45.85716247
45.9035214
45.94865814
46.05355603
46.20965818
46.40863511
46.61043671
46.8236641
47.04492619
47.29264901
47.51206522
47.72063089
47.90916583
48.02851706
48.11423892
48.14816543
48.17042512
48.16970651
48.15655033
48.14020807
48.15082114
48.22241873
48.28202689
48.35013863
48.4133467
48.46458514
48.52112258
48.59927002
48.68268425
48.77654536
48.9031488
49.0397494
49.17107316
49.28826791
49.38718528
49.49007466
49.60346965
49.68975779
49.76876533
49.86203746
49.95730054
50.03950789
50.1235519
50.24265589
50.35868878
50.46586393
50.58878761
50.71595734
50.84363975
50.94059586
50.99964342
51.032685
51.07096658
51.11498621
51.13718372
51.18202822
51.23621092
51.28918595
51.32046269
51.33644815
51.3303545
51.32670352
51.33970525
51.351142
51.35940282
51.36739291
51.3861513
51.39379146
51.40228645
51.41902788
51.42040807
51.41616982
51.4349583
51.466133
51.49645538
51.49679528
51.48665122
51.464318
51.46119541
51.48559192
51.54473174
51.6030772
51.63849346
51.67753378
51.70958074
51.77613923
51.85255271
51.94787624
52.03476617
52.11675955
52.20361872
52.23730565
52.27006409
52.3138737
52.35282215
52.39043647
52.4189783
52.43224153
52.46582484
52.51135771
52.54721472
52.56758826
52.58020363
52.61212955
52.64949967
52.64042639
52.64338966
52.64464168
52.64496745
52.65063157
52.64336167
52.63068545
52.61686307
52.60793023
52.60502821
52.58885689
52.57808767
52.57808767
52.57808767
52.58600794
52.57466755
52.57466755
52.57466755
52.56242442
52.56063186
52.55917973
52.55380786
52.55213291
52.54477919
52.53154817
52.52349736
52.51602457
52.50431551
52.50478174
52.49501242
52.49537858
52.49882048
52.50226793
52.49670796
52.50293572
52.49371604
52.492011
52.47177685
52.46071565
52.45177106
52.43149309
52.40559232
52.39703093
52.39703093
52.39223893
52.38697055
52.38507582
52.37748199
52.3728979
52.35020987
52.32200398
52.30391074
52.29110383
52.27522027
52.27402792
52.26927275
52.27363271
52.29543422
52.31017968
52.29693955
52.27910002
52.28157383
52.30433696
52.33437779
52.37758258
52.44927494
52.50070294
52.53620222
52.53330113
52.51734444
52.5278758
52.53231852
52.55877409
52.57595495
52.58475169
52.60392205
52.62392771
52.6236876
52.61686716
52.5918496
52.58258491
52.58091762
52.56602538
52.55607337
52.53735353
52.53704412
52.52781402
52.52481128
52.52472971
52.51542067
52.49700892
52.48320713
52.47115777
52.466594
52.46824348
52.46368961
52.45459402
52.45501853
52.44635299
52.43771174
52.43321873
52.42421052
52.42883699
52.4380688
52.44909938
52.45859124
52.45462438
52.46882573
52.48318838
52.51005725
52.54653017
52.57436184
52.59827773
52.6248855
52.6263181
52.6123228
52.58802899
52.58897516
52.59853672
52.60785935
52.61283707
52.62114053
52.61977472
52.61203042
52.59140436
52.5775268
52.56652804
52.57045438
52.54799563
52.54246536
52.53164255
52.53501647
52.52425794
52.51552574
52.50883744
52.49480993
52.47849644
52.45857725
52.43647226
52.43136439
52.42903103
52.43506343
52.45631279
52.49927206
52.53454483
52.57610609
52.61001002
52.62777049
52.64519608
52.66563654
52.70481533
52.74213714
52.76640719
52.78468417
52.78545584
52.78334648
52.78046202
52.77192967
52.76949718
52.77762521
52.78473631
52.7862254
52.78959008
52.79052108
52.79294209
52.80247157
52.81022855
52.82134097
52.82257794
52.83051061
52.84432468
52.87364478
52.89643379
52.91393144
52.94680354
52.99073076
53.01783947
53.04462359
53.05497991
53.06484876
53.06682348
53.07347351
53.08335305
53.0848267
53.08606908
53.10240078
53.12203274
53.14990058
53.18162916
53.20691112
53.23019434
53.24719858
53.26448213
53.29455912
53.32905032
53.37004332
53.40610757
53.44702625
53.47819541
53.50328399
53.51824883
53.52409458
53.54851286
53.57725006
53.5880169
53.6035108
53.63506922
53.6688603
53.68713055
53.70303787
53.71934172
53.71763377
53.71600291
53.71661632
53.71731697
53.71810488
53.71856292
53.71241
53.70790643
53.7143347
53.7123143
53.71713626
53.70425333
53.68351349
53.66991089
53.66356393
53.65092863
53.64038671
53.6371015
53.61584831
53.60196587
53.60399616
53.58926905
53.59280784
53.58175007
53.58890764
53.58749471
53.58719441
53.59010765
53.59399729
53.59764722
53.58992456
53.60011536
53.62138782
53.62094245
53.6162616
53.5943129
53.57442235
53.54815224
53.51535605
53.50447186
53.51309198
53.50287664
53.47348446
53.44007882
53.41159111
53.39517361
53.37663896
53.36234336
53.36401884
53.36895392
53.36275969
53.36920222
53.35650355
53.34325471
53.32990687
53.33810196
53.3363032
53.32380728
53.30417004
53.27068758
53.23527488
53.23478767
53.26024255
53.2663985
53.27195425
53.2660957
53.26627046
53.25390668
53.2506942
53.24822356
53.24170183
53.23200881
53.22969472
53.22135496
53.22490536
53.21286049
53.2028248
53.19299858
53.18884877
53.19021655
53.17611618
53.17712492
53.2063319
53.2120545
53.20488228
53.19784853
53.18991652
53.17807585
53.15073628
53.13403286
53.11221683
53.08896622
53.08820695
53.10300719
53.10202999
53.09191061
53.08938149
53.09264822
53.10193746
53.1082398
53.0996961
53.08157831
53.07047737
53.04770988
53.03958779
53.03499881
53.02507624
53.02456553
53.03666267
53.03999725
53.02044224
52.98987632
52.95513194
52.90978862
52.87497455
52.84372302
52.8158264
52.80542309
52.80001663
52.78382089
52.77489637
52.77473586
52.76052382
52.7323368
52.69977451
52.67384905
52.64967629
52.63944629
52.62088194
52.6070882
52.58464411
52.56996954
52.53842484
52.50551777
52.47708985
52.45284805
52.43050652
52.42063358
52.44073349
52.47427086
52.49323886
52.48464593
52.46088408
52.43074307
52.40996534
52.41725095
52.42687111
52.42123986
52.43031697
52.42512066
52.41229937
52.39167754
52.39522886
52.41734388
52.42352056
52.43243504
52.44359868
52.45917838
52.45097273
52.45780637
52.47475543
52.49974356
52.5197801
52.54063148
52.56046013
52.5531835
52.53080065
52.51229518
52.48942842
52.46055104
52.42742089
52.40530667
52.38247925
52.36407079
52.33464311
52.33439548
52.33426229
52.32161906
52.30284668
52.31643727
52.32496553
52.31788175
52.31091373
52.31399844
52.2944899
52.27597544
52.26890302
52.2725581
47.57235424
