-4.158044
-4.310161
-4.462266
-4.614345
-4.766387
-4.918378
-5.070306
-5.222159
-5.373923
-5.525587
-5.677138
-5.828563
-5.979849
-6.130985
-6.281957
-6.432753
-6.583362
-6.733769
-6.883963
-7.033931
-7.183661
-7.333140
-7.482357
-7.631298
-7.779952
-7.928305
-8.076347
-8.224064
-8.371444
-8.518475
-8.665146
-8.811443
-8.957355
-9.102869
-9.247974
-9.392657
-9.536907
-9.680711
-9.824058
-9.966936
-10.109333
-10.251237
-10.392637
-10.533520
-10.673875
-10.813691
-10.952955
-11.091657
-11.229785
-11.367327
-11.504272
-11.640609
-11.776326
-11.911412
-12.045856
-12.179647
-12.312774
-12.445225
-12.576991
-12.708059
-12.838419
-12.968060
-13.096971
-13.225143
-13.352563
-13.479223
-13.605110
-13.730215
-13.854527
-13.978037
-14.100733
-14.222605
-14.343645
-14.463841
-14.583183
-14.701662
-14.819269
-14.935992
-15.051823
-15.166751
-15.280768
-15.393864
-15.506030
-15.617255
-15.727532
-15.836851
-15.945203
-16.052578
-16.158969
-16.264366
-16.368760
-16.472143
-16.574506
-16.675842
-16.776140
-16.875394
-16.973595
-17.070734
-17.166804
-17.261797
-17.355704
-17.448519
-17.540233
-17.630840
-17.720330
-17.808697
-17.895934
-17.982033
-18.066988
-18.150791
-18.233435
-18.314913
-18.395219
-18.474346
-18.552288
-18.629037
-18.704589
-18.778935
-18.852071
-18.923990
-18.994687
-19.064155
-19.132388
-19.199381
-19.265129
-19.329626
-19.392866
-19.454845
-19.515557
-19.574998
-19.633162
-19.690044
-19.745640
-19.799945
-19.852955
-19.904665
-19.955072
-20.004170
-20.051956
-20.098426
-20.143575
-20.187401
-20.229900
-20.271068
-20.310901
-20.349397
-20.386552
-20.422363
-20.456827
-20.489942
-20.521704
-20.552111
-20.581161
-20.608850
-20.635178
-20.660140
-20.683737
-20.705964
-20.726822
-20.746307
-20.764419
-20.781156
-20.796516
-20.810498
-20.823101
-20.834324
-20.844167
-20.852627
-20.859705
-20.865400
-20.869711
-20.872639
-20.874182
-20.874342
-20.873116
-20.870507
-20.866514
-20.861137
-20.854377
-20.846234
-20.836710
-20.825804
-20.813518
-20.799853
-20.784810
-20.768390
-20.750594
-20.731424
-20.710882
-20.688969
-20.665688
-20.641039
-20.615025
-20.587649
-20.558912
-20.528817
-20.497366
-20.464562
-20.430408
-20.394906
-20.358060
-20.319872
-20.280346
-20.239485
-20.197292
-20.153771
-20.108925
-20.062759
-20.015275
-19.966478
-19.916372
-19.864962
-19.812250
-19.758242
-19.702943
-19.646356
-19.588487
-19.529339
-19.468919
-19.407231
-19.344280
-19.280072
-19.214611
-19.147904
-19.079955
-19.010771
-18.940356
-18.868718
-18.795861
-18.721792
-18.646518
-18.570043
-18.492375
-18.413520
-18.333484
-18.252275
-18.169898
-18.086362
-18.001671
-17.915835
-17.828859
-17.740751
-17.651518
-17.561168
-17.469708
-17.377145
-17.283488
-17.188744
-17.092921
-16.996027
-16.898070
-16.799058
-16.698999
-16.597901
-16.495773
-16.392624
-16.288461
-16.183294
-16.077132
-15.969982
-15.861854
-15.752756
-15.642699
-15.531691
-15.419741
-15.306858
-15.193052
-15.078332
-14.962708
-14.846189
-14.728785
-14.610506
-14.491361
-14.371360
-14.250514
-14.128832
-14.006324
-13.883001
-13.758872
-13.633949
-13.508241
-13.381758
-13.254512
-13.126512
-12.997770
-12.868295
-12.738100
-12.607193
-12.475588
-12.343293
-12.210320
-12.076681
-11.942386
-11.807447
-11.671874
-11.535678
-11.398872
-11.261467
-11.123472
-10.984902
-10.845766
-10.706076
-10.565843
-10.425081
-10.283799
-10.142010
-9.999725
-9.856957
-9.713717
-9.570016
-9.425868
-9.281283
-9.136274
-8.990853
-8.845031
-8.698822
-8.552236
-8.405287
-8.257986
-8.110345
-7.962377
-7.814094
-7.665509
-7.516632
-7.367478
-7.218058
-7.068384
-6.918470
-6.768327
-6.617968
-6.467405
-6.316651
-6.165718
-6.014618
-5.863366
-5.711971
-5.560449
-5.408810
-5.257067
-5.105234
-4.953322
-4.801344
-4.649313
-4.497241
-4.345141
-4.193026
-4.040907
-3.888799
-3.736713
-3.584661
-3.432657
-3.280714
-3.128842
-2.977056
-2.825368
-2.673791
-2.522336
-2.371016
-2.219845
-2.068834
-1.917996
-1.767343
-1.616889
-1.466645
-1.316624
-1.166838
-1.017300
-0.868022
-0.719016
-0.570295
-0.421871
-0.273757
-0.125964
0.021494
0.168607
0.315362
0.461745
0.607747
0.753354
0.898554
1.043335
1.187686
1.331594
1.475047
1.618034
1.760542
1.902561
2.044077
2.185080
2.325558
2.465499
2.604891
2.743723
2.881984
3.019662
3.156745
3.293223
3.429083
3.564316
3.698908
3.832851
3.966131
4.098739
4.230663
4.361892
4.492416
4.622223
4.751304
4.879646
5.007240
5.134076
5.260141
5.385427
5.509923
5.633617
5.756502
5.878565
5.999797
6.120187
6.239727
6.358406
6.476213
6.593140
6.709177
6.824314
6.938542
7.051850
7.164230
7.275673
7.386169
7.495709
7.604284
7.711885
7.818502
7.924129
8.028754
8.132371
8.234969
8.336542
8.437079
8.536574
8.635018
8.732402
8.828718
8.923960
9.018118
9.111184
9.203152
9.294014
9.383762
9.472388
9.559885
9.646247
9.731465
9.815533
9.898444
9.980191
10.060768
10.140167
10.218381
10.295406
10.371233
10.445857
10.519272
10.591472
10.662450
10.732201
10.800718
10.867997
10.934032
10.998817
11.062347
11.124616
11.185620
11.245353
11.303811
11.360989
11.416881
11.471483
11.524792
11.576801
11.627508
11.676907
11.724995
11.771768
11.817221
11.861352
11.904156
11.945630
11.985771
12.024575
12.062038
12.098159
12.132933
12.166358
12.198432
12.229151
12.258513
12.286515
12.313156
12.338433
12.362343
12.384886
12.406059
12.425860
12.444288
12.461340
12.477017
12.491316
12.504237
12.515777
12.525937
12.534716
12.542112
12.548125
12.552754
12.556000
12.557862
12.558339
12.557433
12.555142
12.551467
12.546408
12.539966
12.532141
12.522934
12.512346
12.500378
12.487029
12.472303
12.456199
12.438720
12.419866
12.399639
12.378042
12.355075
12.330740
12.305040
12.277977
12.249552
12.219769
12.188630
12.156137
12.122293
12.087101
12.050564
12.012684
11.973466
11.932911
11.891024
11.847808
11.803267
11.757404
11.710223
11.661728
11.611922
11.560811
11.508399
11.454689
11.399686
11.343394
11.285819
11.226966
11.166838
11.105441
11.042780
10.978860
10.913687
10.847266
10.779602
10.710701
10.640569
10.569212
10.496635
10.422844
10.347846
10.271647
10.194253
10.115670
10.035905
9.954965
9.872857
9.789586
9.705160
9.619587
9.532872
9.445024
9.356049
9.265955
9.174750
9.082440
8.989034
8.894539
8.798964
8.702315
8.604602
8.505831
8.406012
8.305153
8.203261
8.100346
7.996416
7.891479
7.785544
7.678621
7.570717
7.461842
7.352004
7.241214
7.129480
7.016810
6.903216
6.788705
6.673288
6.556974
6.439773
6.321694
6.202748
6.082943
5.962290
5.840800
5.718481
5.595344
5.471400
5.346658
5.221129
5.094824
4.967752
4.839925
4.711352
4.582045
4.452015
4.321271
4.189825
4.057688
3.924870
3.791383
3.657238
3.522446
3.387018
3.250964
3.114298
2.977029
2.839169
2.700730
2.561723
2.422159
2.282051
2.141409
2.000245
1.858572
1.716400
1.573742
1.430609
1.287014
1.142967
0.998482
0.853569
0.708242
0.562511
0.416390
0.269890
0.123023
-0.024198
-0.171762
-0.319656
-0.467867
-0.616384
-0.765195
-0.914286
-1.063646
-1.213263
-1.363123
-1.513215
-1.663525
-1.814042
-1.964754
-2.115647
-2.266709
-2.417927
-2.569290
-2.720784
-2.872398
-3.024118
-3.175931
-3.327826
-3.479790
-3.631810
-3.783874
-3.935968
-4.088081
-4.240200
-4.392312
-4.544404
-4.696465
-4.848481
-5.000439
-5.152328
-5.304135
-5.455847
-5.607451
-5.758935
-5.910287
-6.061493
-6.212542
-6.363421
-6.514117
-6.664619
-6.814912
-6.964986
-7.114827
-7.264423
-7.413762
-7.562831
-7.711619
-7.860112
-8.008298
-8.156166
-8.303703
-8.450896
-8.597734
-8.744204
-8.890295
-9.035993
-9.181288
-9.326167
-9.470617
-9.614628
-9.758187
-9.901282
-10.043902
-10.186034
-10.327667
-10.468789
-10.609389
-10.749454
-10.888973
-11.027935
-11.166329
-11.304141
-11.441363
-11.577980
-11.713984
-11.849362
-11.984103
-12.118195
-12.251629
-12.384392
-12.516475
-12.647865
-12.778552
-12.908525
-13.037773
-13.166286
-13.294054
-13.421064
-13.547308
-13.672774
-13.797452
-13.921332
-14.044403
-14.166656
-14.288080
-14.408665
-14.528401
-14.647279
-14.765288
-14.882418
-14.998661
-15.114005
-15.228443
-15.341964
-15.454558
-15.566217
-15.676932
-15.786692
-15.895490
-16.003315
-16.110160
-16.216015
-16.320872
-16.424721
-16.527554
-16.629363
-16.730140
-16.829875
-16.928561
-17.026190
-17.122752
-17.218242
-17.312649
-17.405968
-17.498189
-17.589306
-17.679310
-17.768195
-17.855953
-17.942576
-18.028058
-18.112391
-18.195569
-18.277584
-18.358430
-18.438101
-18.516588
-18.593887
-18.669990
-18.744892
-18.818585
-18.891065
-18.962324
-19.032358
-19.101159
-19.168724
-19.235045
-19.300118
-19.363937
-19.426497
-19.487792
-19.547818
-19.606570
-19.664042
-19.720230
-19.775129
-19.828736
-19.881044
-19.932051
-19.981751
-20.030141
-20.077217
-20.122974
-20.167409
-20.210519
-20.252299
-20.292747
-20.331858
-20.369630
-20.406060
-20.441144
-20.474880
-20.507264
-20.538295
-20.567969
-20.596284
-20.623238
-20.648829
-20.673054
-20.695911
-20.717399
-20.737516
-20.756260
-20.773629
-20.789622
-20.804238
-20.817476
-20.829334
-20.839811
-20.848907
-20.856621
-20.862953
-20.867900
-20.871464
-20.873644
-20.874440
-20.873852
-20.871879
-20.868522
-20.863782
-20.857658
-20.850151
-20.841262
-20.830991
-20.819340
-20.806309
-20.791900
-20.776113
-20.758949
-20.740411
-20.720500
-20.699218
-20.676565
-20.652545
-20.627159
-20.600409
-20.572297
-20.542827
-20.511999
-20.479817
-20.446284
-20.411401
-20.375173
-20.337602
-20.298691
-20.258444
-20.216863
-20.173952
-20.129715
-20.084156
-20.037277
-19.989084
-19.939580
-19.888769
-19.836655
-19.783243
-19.728537
-19.672541
-19.615261
-19.556701
-19.496866
-19.435760
-19.373389
-19.309759
-19.244873
-19.178739
-19.111360
-19.042743
-18.972894
-18.901818
-18.829521
-18.756009
-18.681288
-18.605364
-18.528244
-18.449934
-18.370441
-18.289770
-18.207930
-18.124926
-18.040765
-17.955455
-17.869002
-17.781414
-17.692697
-17.602860
-17.511910
-17.419853
-17.326699
-17.232454
-17.137126
-17.040724
-16.943254
-16.844726
-16.745148
-16.644527
-16.542872
-16.440191
-16.336493
-16.231787
-16.126081
-16.019384
-15.911705
-15.803053
-15.693436
-15.582864
-15.471346
-15.358891
-15.245508
-15.131207
-15.015998
-14.899889
-14.782891
-14.665013
-14.546265
-14.426657
-14.306199
-14.184900
-14.062770
-13.939821
-13.816062
-13.691502
-13.566154
-13.440026
-13.313129
-13.185475
-13.057073
-12.927934
-12.798069
-12.667488
-12.536202
-12.404223
-12.271561
-12.138227
-12.004233
-11.869588
-11.734305
-11.598394
-11.461868
-11.324736
-11.187012
-11.048705
-10.909827
-10.770390
-10.630406
-10.489886
-10.348841
-10.207284
-10.065226
-9.922679
-9.779654
-9.636164
-9.492220
-9.347834
-9.203019
-9.057786
-8.912147
-8.766115
-8.619701
-8.472917
-8.325776
-8.178290
-8.030471
-7.882331
-7.733883
-7.585139
-7.436111
-7.286812
-7.137254
-6.987448
-6.837409
-6.687148
-6.536677
-6.386009
-6.235157
-6.084132
-5.932949
-5.781618
-5.630153
-5.478566
-5.326869
-5.175076
-5.023199
-4.871249
-4.719241
-4.567187
-4.415098
-4.262988
-4.110870
-3.958755
-3.806657
-3.654588
-3.502561
-3.350588
-3.198682
-3.046855
-2.895120
-2.743490
-2.591977
-2.440594
-2.289353
-2.138267
-1.987348
-1.836608
-1.686061
-1.535719
-1.385594
-1.235698
-1.086044
-0.936645
-0.787513
-0.638659
-0.490097
-0.341839
-0.193897
-0.046283
0.100990
0.247911
0.394467
0.540646
0.686435
0.831824
0.976799
1.121350
1.265463
1.409126
1.552329
1.695059
1.837305
1.979053
2.120294
2.261015
2.401204
2.540850
2.679941
2.818466
2.956414
3.093772
3.230529
3.366675
3.502198
3.637086
3.771329
3.904915
4.037834
4.170073
4.301624
4.432473
4.562611
4.692027
4.820711
4.948650
5.075836
5.202257
5.327903
5.452763
5.576827
5.700086
5.822528
5.944143
6.064922
6.184854
6.303930
6.422139
6.539473
6.655920
6.771472
6.886119
6.999852
7.112660
7.224535
7.335467
7.445448
7.554468
7.662518
7.769589
7.875672
7.980759
8.084841
8.187909
8.289954
8.390969
8.490944
8.589872
8.687745
8.784553
8.880290
8.974947
9.068517
9.160991
9.252362
9.342623
9.431766
9.519784
9.606669
9.692414
9.777012
9.860456
9.942739
10.023855
10.103796
10.182556
10.260129
10.336507
10.411686
10.485657
10.558417
10.629957
10.700273
10.769359
10.837208
10.903816
10.969176
11.033284
11.096134
11.157721
11.218039
11.277084
11.334851
11.391335
11.446531
11.500435
11.553042
11.604349
11.654350
11.703041
11.750419
11.796480
11.841220
11.884635
11.926721
11.967475
12.006894
12.044975
12.081713
12.117107
12.151153
12.183848
12.215191
12.245177
12.273805
12.301072
12.326977
12.351516
12.374688
12.396491
12.416923
12.435983
12.453668
12.469978
12.484911
12.498466
12.510641
12.521436
12.530850
12.538882
12.545531
12.550797
12.554679
12.557177
12.558292
12.558021
12.556367
12.553329
12.548906
12.543100
12.535912
12.527340
12.517387
12.506054
12.493340
12.479247
12.463777
12.446930
12.428708
12.409112
12.388145
12.365808
12.342102
12.317029
12.290593
12.262794
12.233636
12.203120
12.171249
12.138027
12.103454
12.067535
12.030273
11.991669
11.951729
11.910454
11.867849
11.823917
11.778661
11.732086
11.684195
11.634991
11.584480
11.532666
11.479552
11.425143
11.369444
11.312459
11.254192
11.194650
11.133836
11.071756
11.008414
10.943817
10.877969
10.810876
10.742544
10.672977
10.602183
10.530166
10.456933
10.382489
10.306842
10.229996
10.151959
10.072738
9.992337
9.910765
9.828028
9.744133
9.659086
9.572896
9.485568
9.397110
9.307530
9.216835
9.125032
9.032130
8.938135
8.843055
8.746899
8.649674
8.551389
8.452051
8.351669
8.250251
8.147806
8.044341
7.939866
7.834390
7.727920
7.620466
7.512036
7.402640
7.292287
7.180986
7.068745
6.955575
6.841485
6.726483
6.610581
6.493786
6.376110
6.257561
6.138150
6.017886
5.896780
5.774840
5.652079
5.528504
5.404128
5.278960
5.153011
5.026290
4.898809
4.770578
4.641607
4.511908
4.381491
4.250367
4.118546
3.986040
3.852860
3.719016
3.584520
3.449383
3.313615
3.177230
3.040236
2.902647
2.764473
2.625725
2.486416
2.346557
2.206159
2.065234
1.923793
1.781850
1.639414
1.496498
1.353113
1.209273
1.064988
0.920270
0.775132
0.629586
0.483643
0.337315
0.190615
0.043556
-0.103852
-0.251596
-0.399663
-0.548041
-0.696718
-0.845682
-0.994920
-1.144420
-1.294169
-1.444156
-1.594367
-1.744791
-1.895415
-2.046226
-2.197211
-2.348360
-2.499658
-2.651093
-2.802653
-2.954326
-3.106098
-3.257957
-3.409891
-3.561886
-3.713931
-3.866013
-4.018119
-4.170237
-4.322353
-4.474456
-4.626533
-4.778571
-4.930558
-5.082480
-5.234326
-5.386083
-5.537739
-5.689280
-5.840694
-5.991969
-6.143092
-6.294050
-6.444832
-6.595425
-6.745815
-6.895991
-7.045941
-7.195651
-7.345110
-7.494305
-7.643224
-7.791854
-7.940183
-8.088199
-8.235889
-8.383242
-8.530245
-8.676886
-8.823152
-8.969033
-9.114515
-9.259586
-9.404235
-9.548450
-9.692218
-9.835528
-9.978368
-10.120725
-10.262589
-10.403948
-10.544789
-10.685102
-10.824874
-10.964093
-11.102750
-11.240831
-11.378325
-11.515222
-11.651510
-11.787177
-11.922212
-12.056604
-12.190342
-12.323415
-12.455812
-12.587522
-12.718533
-12.848836
-12.978419
-13.107272
-13.235384
-13.362744
-13.489341
-13.615166
-13.740208
-13.864456
-13.987901
-14.110532
-14.232338
-14.353310
-14.473438
-14.592712
-14.711121
-14.828657
-14.945309
-15.061068
-15.175924
-15.289867
-15.402889
-15.514979
-15.626129
-15.736330
-15.845571
-15.953845
-16.061142
-16.167453
-16.272770
-16.377084
-16.480385
-16.582667
-16.683919
-16.784134
-16.883304
-16.981420
-17.078474
-17.174458
-17.269364
-17.363184
-17.455911
-17.547537
-17.638054
-17.727454
-17.815731
-17.902877
-17.988885
-18.073747
-18.157458
-18.240008
-18.321393
-18.401605
-18.480637
-18.558483
-18.635137
-18.710592
-18.784842
-18.857881
-18.929702
-19.000300
-19.069669
-19.137803
-19.204697
-19.270345
-19.334741
-19.397881
-19.459758
-19.520369
-19.579707
-19.637768
-19.694547
-19.750040
-19.804242
-19.857148
-19.908754
-19.959055
-20.008048
-20.055729
-20.102093
-20.147137
-20.190857
-20.233249
-20.274310
-20.314036
-20.352424
