-2.162475722
-2.266603882
-2.4141303
-2.596874286
-2.782993043
-2.966865563
-3.117094615
-3.266099425
-3.416372592
-3.550065815
-3.664626875
-3.817796506
-4.002615493
-4.150310898
-4.24310375
-4.2958162
-4.31348059
-4.317788371
-4.344117704
-4.400562304
-4.46437738
-4.531420914
-4.66494519
-4.910781699
-5.286753926
-5.784581277
-6.336045898
-6.807667055
-7.236059843
-7.523908528
-7.726791162
-7.966717452
-8.155481541
-8.219920398
-8.181800458
-8.181187007
-8.241447171
-8.316025122
-8.438595258
-8.584961014
-8.655222364
-8.668328722
-8.674119091
-8.733208168
-8.83281375
-8.879915292
-8.932990356
-9.091237273
-9.268291317
-9.434560157
-9.6668466
-9.943566716
-10.13565323
-10.24382799
-10.33859763
-10.38498149
-10.36087856
-10.285798
-10.26198186
-10.26364855
-10.26364855
-10.26766599
-10.28774646
-10.34792068
-10.40807679
-10.4793913
-10.52268189
-10.50489552
-10.50153303
-10.54608561
-10.60861738
-10.68703037
-10.79411006
-10.88915284
-10.94481847
-10.94860935
-10.93988444
-10.96946694
-11.00177738
-10.97361549
-10.9606901
-11.00585862
-11.06533275
-11.08371167
-11.09509317
-11.15698728
-11.2441547
-11.26595154
-11.26580132
-11.32777681
-11.47606367
-11.59323127
-11.62983559
-11.61516191
-11.52337369
-11.39836795
-11.29893087
-11.22343769
-11.17580781
-11.1714974
-11.16990685
-11.10981797
-10.97950249
-10.79211892
-10.55422313
-10.30118962
-10.14206042
-10.05188341
-10.02662481
-10.04597456
-10.06718172
-10.06423334
-10.06799483
-10.12536511
-10.17710525
-10.16685041
-10.11236724
-10.08491619
-10.04311655
-9.933855308
-9.777492983
-9.664843336
-9.613324322
-9.604021256
-9.612995456
-9.636136469
-9.632912927
-9.573855389
-9.488530992
-9.354181828
-9.160184137
-8.977737719
-8.827779305
-8.738582824
-8.670061695
-8.597310215
-8.544326329
-8.496837369
-8.435778139
-8.34780905
-8.259750048
-8.139456691
-7.968319681
-7.73927854
-7.509947092
-7.335783171
-7.196838752
-7.112283488
-7.076207817
-7.066915305
-7.032892957
-6.940547339
-6.842033476
-6.722904334
-6.560583993
-6.412619625
-6.262757482
-6.049820106
-5.806560152
-5.610435951
-5.465520843
-5.300210349
-5.136958689
-5.030937111
-4.92709205
-4.80878901
-4.708112407
-4.590151714
-4.438641674
-4.251426995
-3.976836749
-3.605116501
-3.228049286
-2.854870476
-2.526425568
-2.323655967
-2.217933112
-2.108930003
-2.011242306
-1.936485912
-1.818437062
-1.644441612
-1.500241313
-1.385948512
-1.237759464
-1.108268252
-1.06614704
-1.037412911
-1.034922109
-1.034922109
-1.032547336
-0.947068602
-0.868530514
-0.784786033
-0.690710948
-0.625513086
-0.626332421
-0.631421017
-0.555069264
-0.495793508
-0.479703047
-0.455882744
-0.421871873
-0.416779745
-0.374409669
-0.240923996
-0.113236975
-0.007447867
0.123172355
0.230769193
0.289342976
0.342012478
0.424558203
0.511442118
0.662784303
0.865787075
1.034627089
1.196315696
1.369645774
1.504321099
1.655952129
1.901965497
2.212312158
2.549602919
2.926332469
3.251003999
3.408122565
3.449982234
3.458235272
3.375958678
3.337713981
3.339506018
3.350186187
3.349953391
3.370209149
3.415434729
3.41969602
3.389215288
3.38125073
3.428147437
3.470610484
3.517520804
3.565821103
3.614124274
3.662430958
3.743279597
3.81285133
3.85679012
3.917205015
3.977573419
3.989225375
3.971966394
3.979837401
3.992246329
3.943886603
3.960844557
4.056599264
4.149972297
4.240928472
4.307478729
4.322768629
4.281772863
4.307901011
4.353279771
4.339352848
4.320489003
4.324217143
4.325360134
4.31347468
4.284306563
4.209417402
4.090646505
3.934861351
3.760831293
3.636274152
3.516265614
3.364645427
3.200223458
3.029794856
2.858927176
2.674105371
2.484823606
2.305674931
2.12845917
1.960120846
1.787890542
1.590846108
1.357272901
1.106903353
0.866263999
0.651957901
0.536269491
0.500977991
0.43528307
0.30892496
0.194357569
0.120867917
0.041150689
-0.059864612
-0.199108513
-0.377877288
-0.564793169
-0.807368759
-1.088293603
-1.388617313
-1.677147622
-1.892042532
-2.073987171
-2.175801642
-2.223861133
-2.246159659
-2.31228751
-2.444667276
-2.619114112
-2.765305075
-2.942743553
-3.130560653
-3.345154386
-3.648470852
-4.041716723
-4.403845926
-4.641431224
-4.84089153
-5.09184586
-5.327331368
-5.530972923
-5.699132142
-5.836590971
-5.918974679
-5.971368307
-6.018067685
-6.055889
-6.06322319
-6.067777871
-6.091691277
-6.124460131
-6.118992719
-6.129468281
-6.140828498
-6.155590094
-6.122912471
-6.136499477
-6.187164811
-6.241908355
-6.270658117
-6.29355101
-6.326046351
-6.353219363
-6.428876788
-6.507237133
-6.534297183
-6.574499189
-6.776531236
-7.040360337
-7.271242064
-7.463666565
-7.708232071
-7.926639731
-7.968488929
-7.908964704
-7.858738806
-7.868586772
-7.857163479
-7.731238865
-7.514938516
-7.28355662
-7.037962977
-6.71082252
-6.440304934
-6.268902106
-6.165985474
-6.175766202
-6.138975644
-6.017622634
-5.871281127
-5.749920931
-5.616038719
-5.462258331
-5.313409675
-5.177240883
-5.058289439
-4.947855312
-4.790977289
-4.61456497
-4.371049964
