-2.162476
-2.329093
-2.495658
-2.662120
-2.828427
-2.994529
-3.160372
-3.325906
-3.491080
-3.655842
-3.820142
-3.983928
-4.147150
-4.309758
-4.471700
-4.632927
-4.793389
-4.953035
-5.111818
-5.269687
-5.426593
-5.582488
-5.737324
-5.891053
-6.043626
-6.194998
-6.345120
-6.493947
-6.641432
-6.787530
-6.932195
-7.075383
-7.217049
-7.357149
-7.495640
-7.632480
-7.767625
-7.901033
-8.032664
-8.162477
-8.290432
-8.416488
-8.540607
-8.662750
-8.782880
-8.900959
-9.016951
-9.130820
-9.242531
-9.352048
-9.459338
-9.564368
-9.667105
-9.767518
-9.865575
-9.961246
-10.054502
-10.145312
-10.233650
-10.319488
-10.402800
-10.483559
-10.561740
-10.637320
-10.710274
-10.780581
-10.848219
-10.913166
-10.975402
-11.034909
-11.091667
-11.145660
-11.196870
-11.245281
-11.290880
-11.333650
-11.373580
-11.410657
-11.444869
-11.476206
-11.504657
-11.530215
-11.552872
-11.572620
-11.589453
-11.603365
-11.614354
-11.622415
-11.627545
-11.629744
-11.629010
-11.625344
-11.618747
-11.609221
-11.596768
-11.581394
-11.563101
-11.541897
-11.517788
-11.490781
-11.460884
-11.428107
-11.392460
-11.353954
-11.312601
-11.268414
-11.221406
-11.171592
-11.118988
-11.063609
-11.005473
-10.944598
-10.881003
-10.814707
-10.745731
-10.674096
-10.599825
-10.522940
-10.443466
-10.361427
-10.276848
-10.189755
-10.100176
-10.008139
-9.913671
-9.816802
-9.717562
-9.615982
-9.512094
-9.405929
-9.297520
-9.186901
-9.074106
-8.959170
-8.842129
-8.723019
-8.601877
-8.478740
-8.353647
-8.226636
-8.097747
-7.967019
-7.834493
-7.700210
-7.564212
-7.426541
-7.287239
-7.146350
-7.003917
-6.859984
-6.714596
-6.567799
-6.419636
-6.270156
-6.119402
-5.967423
-5.814266
-5.659977
-5.504605
-5.348198
-5.190804
-5.032471
-4.873250
-4.713190
-4.552339
-4.390748
-4.228466
-4.065545
-3.902034
-3.737985
-3.573447
-3.408472
-3.243112
-3.077416
-2.911438
-2.745227
-2.578836
-2.412315
-2.245718
-2.079094
-1.912497
-1.745977
-1.579586
-1.413375
-1.247397
-1.081702
-0.916341
-0.751367
-0.586830
-0.422781
-0.259270
-0.096349
0.065931
0.227522
0.388372
0.548432
0.707653
0.865984
1.023377
1.179784
1.335155
1.489443
1.642599
1.794577
1.945329
2.094809
2.242970
2.389767
2.535153
2.679085
2.821517
2.962404
3.101705
3.239375
3.375371
3.509653
3.642177
3.772903
3.901791
4.028801
4.153892
4.277027
4.398168
4.517276
4.634316
4.749250
4.862043
4.972660
5.081067
5.187230
5.291117
5.392695
5.491933
5.588799
5.683265
5.775301
5.864878
5.951968
6.036545
6.118582
6.198054
6.274937
6.349206
6.420838
6.489812
6.556105
6.619699
6.680571
6.738705
6.794081
6.846684
6.896495
6.943501
6.987686
7.029036
7.067540
7.103184
7.135959
7.165853
7.192858
7.216965
7.238167
7.256456
7.271829
7.284279
7.293802
7.300397
7.304061
7.304792
7.302591
7.297458
7.289395
7.278404
7.264488
7.247653
7.227903
7.205244
7.179683
7.151229
7.119890
7.085675
7.048596
7.008664
6.965891
6.920291
6.871877
6.820664
6.766670
6.709909
6.650400
6.588161
6.523212
6.455572
6.385263
6.312306
6.236724
6.158541
6.077780
5.994466
5.908626
5.820286
5.729473
5.636216
5.540543
5.442484
5.342069
5.239330
5.134298
5.027006
4.917487
4.805775
4.691904
4.575910
4.457829
4.337698
4.215553
4.091432
3.965374
3.837418
3.707604
3.575971
3.442561
3.307415
3.170574
3.032081
2.891980
2.750313
2.607124
2.462457
2.316358
2.168872
2.020044
1.869921
1.718548
1.565973
1.412244
1.257407
1.101511
0.944604
0.786734
0.627951
0.468304
0.307841
0.146614
-0.015329
-0.177937
-0.341160
-0.504946
-0.669247
-0.834009
-0.999183
-1.164718
-1.330561
-1.496663
-1.662970
-1.829432
-1.995998
-2.162615
-2.329232
-2.495797
-2.662259
-2.828566
-2.994667
-3.160510
-3.326044
-3.491218
-3.655980
-3.820279
-3.984065
-4.147286
-4.309893
-4.471835
-4.633061
-4.793522
-4.953168
-5.111950
-5.269818
-5.426723
-5.582618
-5.737453
-5.891181
-6.043753
-6.195124
-6.345245
-6.494071
