-1.680800
-1.682653
-1.688212
-1.697476
-1.710441
-1.727103
-1.747458
-1.771500
-1.799220
-1.830611
-1.865664
-1.904366
-1.946708
-1.992676
-2.042256
-2.095432
-2.152190
-2.212512
-2.276379
-2.343772
-2.414672
-2.489055
-2.566901
-2.648184
-2.732882
-2.820967
-2.912413
-3.007194
-3.105279
-3.206639
-3.311244
-3.419062
-3.530060
-3.644205
-3.761462
-3.881796
-4.005169
-4.131546
-4.260887
-4.393154
-4.528305
-4.666302
-4.807100
-4.950659
-5.096935
-5.245883
-5.397458
-5.551614
-5.708305
-5.867483
-6.029100
-6.193107
-6.359454
-6.528092
-6.698969
-6.872032
-7.047231
-7.224512
-7.403820
-7.585103
-7.768304
-7.953369
-8.140242
-8.328865
-8.519182
-8.711136
-8.904667
-9.099718
-9.296230
-9.494142
-9.693395
-9.893929
-10.095683
-10.298596
-10.502606
-10.707652
-10.913672
-11.120603
-11.328383
-11.536948
-11.746235
-11.956182
-12.166725
-12.377799
-12.589342
-12.801288
-13.013574
-13.226136
-13.438909
-13.651828
-13.864830
-14.077850
-14.290822
-14.503684
-14.716370
-14.928816
-15.140958
-15.352731
-15.564071
-15.774915
-15.985198
-16.194857
-16.403828
-16.612049
-16.819455
-17.025985
-17.231575
-17.436164
-17.639690
-17.842090
-18.043305
-18.243271
-18.441930
-18.639222
-18.835085
-19.029461
-19.222292
-19.413518
-19.603083
-19.790928
-19.976996
-20.161232
-20.343579
-20.523983
-20.702388
-20.878741
-21.052988
-21.225077
-21.394955
-21.562572
-21.727875
-21.890816
-22.051345
-22.209413
-22.364972
-22.517976
-22.668378
-22.816132
-22.961194
-23.103520
-23.243066
-23.379791
-23.513653
-23.644612
-23.772628
-23.897662
-24.019676
-24.138633
-24.254498
-24.367235
-24.476811
-24.583191
-24.686344
-24.786239
-24.882845
-24.976133
-25.066074
-25.152643
-25.235811
-25.315555
-25.391850
-25.464673
-25.534002
-25.599815
-25.662094
-25.720819
-25.775972
-25.827537
-25.875497
-25.919840
-25.960550
-25.997616
-26.031027
-26.060772
-26.086843
-26.109231
-26.127930
-26.142934
-26.154239
-26.161840
-26.165737
-26.165927
-26.162411
-26.155189
-26.144264
-26.129640
-26.111320
-26.089310
-26.063617
-26.034248
-26.001213
-25.964521
-25.924184
-25.880214
-25.832624
-25.781428
-25.726642
-25.668283
-25.606368
-25.540917
-25.471948
-25.399482
-25.323542
-25.244151
-25.161333
-25.075112
-24.985515
-24.892570
-24.796303
-24.696744
-24.593924
-24.487873
-24.378624
-24.266210
-24.150665
-24.032023
-23.910320
-23.785595
-23.657883
-23.527225
-23.393659
-23.257225
-23.117966
-22.975924
-22.831140
-22.683660
-22.533528
-22.380789
-22.225490
-22.067677
-21.907399
-21.744703
-21.579640
-21.412258
-21.242610
-21.070745
-20.896717
-20.720578
-20.542381
-20.362180
-20.180029
-19.995985
-19.810102
-19.622436
-19.433046
-19.241987
-19.049319
-18.855098
-18.659385
-18.462237
-18.263716
-18.063880
-17.862791
-17.660510
-17.457097
-17.252614
-17.047124
-16.840687
-16.633368
-16.425228
-16.216331
-16.006739
-15.796517
-15.585728
-15.374436
-15.162704
-14.950598
-14.738180
-14.525516
-14.312669
-14.099705
-13.886687
-13.673680
-13.460749
-13.247959
-13.035372
-12.823055
-12.611071
-12.399484
-12.188359
-11.977759
-11.767748
-11.558389
-11.349747
-11.141884
-10.934863
-10.728747
-10.523598
-10.319479
-10.116450
-9.914575
-9.713913
-9.514525
-9.316473
-9.119815
-8.924611
-8.730921
-8.538803
-8.348315
-8.159516
-7.972461
-7.787208
-7.603812
-7.422331
-7.242817
-7.065326
-6.889911
-6.716626
-6.545522
-6.376653
-6.210068
-6.045818
-5.883954
-5.724523
-5.567575
-5.413157
-5.261315
-5.112095
-4.965543
-4.821704
-4.680620
-4.542334
-4.406888
-4.274324
-4.144681
-4.017999
-3.894315
-3.773668
-3.656094
-3.541628
-3.430305
-3.322160
-3.217223
-3.115529
-3.017106
-2.921985
-2.830195
-2.741764
-2.656718
-2.575083
-2.496884
-2.422144
-2.350886
-2.283132
-2.218902
-2.158216
-2.101091
-2.047546
-1.997597
-1.951258
-1.908544
-1.869467
-1.834039
-1.802272
-1.774175
-1.749756
-1.729022
-1.711980
-1.698636
-1.688992
-1.683053
-1.680820
-1.682292
-1.687472
-1.696355
-1.708940
-1.725224
-1.745200
-1.768864
-1.796207
-1.827222
-1.861899
-1.900228
-1.942197
-1.987793
-2.037003
-2.089811
-2.146202
-2.206159
-2.269663
-2.336696
-2.407236
-2.481263
-2.558755
-2.639687
-2.724035
-2.811774
-2.902877
-2.997316
-3.095064
-3.196089
-3.300363
-3.407853
-3.518526
-3.632350
-3.749289
-3.869309
-3.992372
-4.118442
-4.247481
-4.379449
-4.514307
-4.652013
-4.792526
-4.935804
-5.081803
-5.230478
-5.381786
-5.535679
-5.692112
-5.851037
-6.012406
-6.176171
-6.342280
-6.510685
-6.681334
-6.854176
-7.029158
-7.206228
-7.385331
-7.566413
-7.749420
-7.934297
-8.120986
-8.309433
-8.499579
-8.691367
-8.884739
-9.079637
-9.276001
-9.473773
-9.672891
-9.873296
-10.074928
-10.277725
-10.481625
-10.686568
-10.892491
-11.099331
-11.307026
-11.515514
-11.724730
-11.934613
-12.145097
-12.356120
-12.567617
-12.779525
-12.991779
-13.204316
-13.417070
-13.629977
-13.842973
-14.055994
-14.268975
-14.481851
-14.694558
-14.907031
-15.119207
-15.331021
-15.542408
-15.753306
-15.963650
-16.173376
-16.382420
-16.590721
-16.798214
-17.004836
-17.210526
-17.415221
-17.618858
-17.821377
-18.022716
-18.222813
-18.421609
-18.619043
-18.815056
-19.009588
-19.202580
-19.393973
-19.583711
-19.771735
-19.957988
-20.142414
-20.324958
-20.505564
-20.684176
-20.860742
-21.035208
-21.207521
-21.377628
-21.545479
-21.711022
-21.874208
-22.034986
-22.193309
-22.349128
-22.502396
-22.653067
-22.801095
-22.946435
-23.089044
-23.228877
-23.365894
-23.500052
-23.631310
-23.759630
-23.884971
-24.007297
-24.126570
-24.242753
-24.355813
-24.465714
-24.572424
-24.675910
-24.776140
-24.873085
-24.966714
-25.057001
-25.143916
-25.227435
-25.307531
-25.384181
-25.457361
-25.527050
-25.593225
-25.655867
-25.714957
-25.770478
-25.822412
-25.870743
-25.915457
-25.956541
-25.993981
-26.027768
-26.057889
-26.084337
-26.107104
-26.126181
-26.141565
-26.153249
-26.161231
-26.165508
-26.166078
-26.162942
-26.156101
-26.145556
-26.131310
-26.113369
-26.091738
-26.066422
-26.037430
-26.004771
-25.968454
-25.928490
-25.884892
-25.837673
-25.786847
-25.732428
-25.674435
-25.612884
-25.547794
-25.479185
-25.407078
-25.331493
-25.252455
-25.169988
-25.084115
-24.994863
-24.902259
-24.806332
-24.707110
-24.604623
-24.498902
-24.389980
-24.277889
-24.162663
-24.044337
-23.922947
-23.798530
-23.671123
-23.540765
-23.407496
-23.271355
-23.132384
-22.990625
-22.846121
-22.698915
-22.549053
-22.396580
-22.241541
-22.083984
-21.923956
-21.761506
-21.596683
-21.429538
-21.260119
-21.088480
-20.914671
-20.738746
-20.560758
-20.380760
-20.198807
-20.014954
-19.829257
-19.641772
-19.452556
-19.261666
-19.069160
-18.875096
-18.679533
-18.482530
-18.284146
-18.084443
-17.883480
-17.681318
-17.478018
-17.273642
-17.068252
-16.861910
-16.654679
-16.446620
-16.237798
-16.028274
-15.818114
-15.607380
-15.396137
-15.184447
-14.972376
-14.759987
-14.547345
-14.334514
-14.121559
-13.908544
-13.695533
-13.482592
-13.269783
-13.057173
-12.844825
-12.632804
-12.421173
-12.209998
-11.999341
-11.789267
-11.579838
-11.371120
-11.163174
-10.956064
-10.749852
-10.544601
-10.340373
