5.2969
5.2891
5.2853
5.2814
5.2814
5.2814
5.2814
5.2814
5.2863
5.2863
5.2863
5.2863
5.2863
5.2863
5.2863
5.2863
5.2863
5.2863
5.2863
5.2863
5.2863
5.2863
5.2863
5.2863
5.2942
5.3021
5.3021
5.3021
5.3021
5.3021
5.3021
5.3021
5.3021
5.3021
5.3021
5.3021
5.3060
5.3148
5.3197
5.3393
5.3549
5.3774
5.4321
5.4682
5.5022
5.5361
5.5504
5.5638
5.5754
5.5751
5.5836
5.5824
5.5686
5.5625
5.5397
5.5229
5.4816
5.4421
5.3802
5.2807
5.1766
5.0796
5.0023
4.9561
4.9293
4.9188
4.9036
4.8921
4.8886
4.9141
4.9203
4.9378
4.9347
4.9219
4.8927
4.8829
4.8897
4.9160
4.9472
4.9626
4.9665
4.9665
4.9589
4.9540
4.9540
4.9540
4.9540
4.9346
4.9268
4.9395
4.9405
4.9142
4.9007
4.8824
4.8717
4.8824
4.9067
4.9233
4.9223
4.9124
4.8782
4.8236
4.7692
4.7392
4.7318
4.7418
4.7355
4.7098
4.6436
4.5407
4.4251
4.3170
4.2368
4.1885
4.1933
4.2136
4.2330
4.2523
4.2610
4.2793
4.2965
4.3185
4.3704
4.4328
4.5123
4.5830
4.6364
4.6495
4.6739
4.6772
4.6835
4.6840
4.6828
4.6692
4.6461
4.6345
4.6191
4.6114
4.6114
4.6114
4.6075
4.6075
4.6075
4.6075
4.6075
4.6075
4.6075
4.6075
4.6075
4.6075
4.6075
4.6075
4.6075
4.6149
4.6148
4.6033
4.5839
4.5721
4.5527
4.5296
4.5140
4.5102
4.5099
4.4982
4.4866
4.4749
4.4747
4.4630
4.4438
4.4272
4.4155
4.3998
4.3796
4.3717
4.3789
4.3901
4.3937
4.3974
4.3972
4.3972
4.3848
4.3799
4.3655
4.3642
4.3631
4.3705
4.3741
4.3815
4.3775
4.3811
4.3810
4.3762
4.3586
4.3376
4.3117
4.2895
4.2777
4.2545
4.2503
4.2584
4.2759
4.2848
4.2850
4.2882
4.2961
4.3014
4.3021
4.3076
4.3064
4.3054
4.3092
4.3013
4.2859
4.2704
4.2588
4.2356
4.2162
4.2044
4.1966
4.1923
4.1915
4.1679
4.1554
4.1470
4.1274
4.1081
4.1042
4.1004
4.0849
4.0618
4.0426
4.0194
3.9848
3.9424
3.8895
3.8183
3.7462
3.6886
3.6579
3.6579
3.6579
3.6579
3.6579
3.6616
3.6654
3.6654
3.6690
3.6801
3.6910
3.7030
3.7187
3.7295
3.7404
3.7589
3.7746
3.7856
3.7965
3.8225
3.8561
3.8934
3.9308
3.9907
4.0431
4.0956
4.1293
4.1555
4.1668
4.1705
4.1705
4.1705
4.1705
4.1705
4.1705
4.1705
4.1628
4.1551
4.1511
4.1472
4.1356
4.1240
4.1238
4.1386
4.1458
4.1569
4.1718
4.1791
4.1900
4.2009
4.2193
4.2339
4.2362
4.2015
4.1755
4.1506
4.1332
4.1082
4.0699
4.0228
3.9641
3.8845
3.8068
3.7498
3.6926
3.6653
3.6628
3.6736
3.6835
3.6981
3.7118
3.7216
3.7173
3.7027
3.6850
3.6663
3.6475
3.6126
3.5805
3.5529
3.5326
3.5274
3.5146
3.5179
3.5337
3.5297
3.5098
3.4875
3.4529
3.4277
3.3777
3.3181
3.2507
3.1795
3.0997
3.0122
2.9179
2.8284
2.7504
2.7119
2.6907
2.6859
2.6859
2.6821
2.6744
2.6619
2.6389
2.6034
2.5371
2.4583
2.3622
2.2613
2.1718
2.0986
2.0476
2.0178
1.9967
1.9928
1.9776
1.9661
1.9547
1.9471
1.9356
1.9356
1.9345
1.9417
1.9412
1.9219
1.8938
1.8485
1.7983
1.7346
1.6613
1.6066
1.5642
1.5340
1.5214
1.5360
1.5468
1.5579
1.5653
1.5688
1.5786
1.5858
1.6004
1.6262
1.6442
1.6450
1.6474
1.6396
1.6354
1.6265
1.6239
1.6384
1.6616
1.6687
1.6560
1.6348
1.6072
1.5511
1.4815
1.4070
1.3510
1.3048
1.2623
1.2361
1.2210
1.2157
1.1830
1.1280
1.0731
1.0008
0.9208
0.8321
0.7587
0.6912
0.6325
0.5765
0.5503
0.5291
0.4956
0.4695
0.4433
0.4233
0.3956
0.3559
0.3210
0.2986
0.2812
0.2725
0.2676
0.2676
0.2551
0.2327
0.1941
0.1543
0.1070
0.0372
-0.0238
-0.0872
-0.1221
-0.1396
-0.1445
-0.1445
-0.1620
-0.1794
-0.1981
-0.2056
-0.2193
-0.2330
-0.2455
-0.2679
-0.3252
-0.3913
-0.4499
-0.5161
-0.5524
-0.5886
-0.6073
-0.6148
-0.6111
-0.6161
-0.6161
-0.6162
-0.6189
-0.6277
-0.6464
-0.6589
-0.6852
-0.7126
-0.7601
-0.8251
-0.9000
-0.9750
-1.0462
-1.1000
-1.1525
-1.1851
-1.2077
-1.2164
-1.2091
-1.2091
-1.2091
-1.2179
-1.2442
-1.2717
-1.2980
-1.3380
-1.3758
-1.4210
-1.4749
-1.5251
-1.5790
-1.6242
-1.6619
-1.6820
-1.6948
-1.7050
-1.7065
-1.7079
-1.7044
-1.6985
-1.6977
-1.7079
-1.7270
-1.7635
-1.8124
-1.8752
-1.9542
-2.0471
-2.1464
-2.2406
-2.2998
-2.3465
-2.3732
-2.3899
-2.4065
-2.4232
-2.4224
-2.4252
-2.4266
-2.4419
-2.4558
-2.4696
-2.4901
-2.4966
-2.5156
-2.5206
-2.5410
-2.5679
-2.5926
-2.6340
-2.6645
-2.6877
-2.7117
-2.7190
-2.7206
-2.7132
-2.7184
-2.7323
-2.7589
-2.8082
-2.8701
-2.9311
-3.0033
-3.0820
-3.1520
-3.2242
-3.2875
-3.3244
-3.3421
-3.3473
-3.3473
-3.3561
-3.3738
-3.4217
-3.4733
-3.5589
-3.6453
-3.7338
-3.8090
-3.8635
-3.9055
-3.9454
-3.9859
-4.0317
-4.0827
-4.1462
-4.2407
-4.3388
-4.4464
-4.5685
-4.6957
-4.8088
-4.8822
-4.9092
-4.9129
-4.9129
-4.9129
-4.9129
-4.9129
-4.9129
-4.9129
-4.9129
-4.9129
-4.9202
-4.9275
-4.9275
-4.9275
-4.9275
-4.9311
-4.9311
-4.9311
-4.9311
-4.9311
-4.9311
-4.9311
-4.9363
-4.9451
-4.9555
-4.9763
-5.0112
-5.0518
-5.0955
-5.1305
-5.1888
-5.2561
-5.3390
-5.4538
-5.5545
-5.6553
-5.7311
-5.7734
-5.8000
-5.8000
-5.8053
-5.8053
-5.8178
-5.8355
-5.8727
-5.9275
-5.9966
-6.0709
-6.1488
-6.2659
-6.3828
-6.5353
-6.6809
-6.8106
-6.9101
-6.9670
-6.9937
-7.0025
-7.0025
-7.0114
-7.0383
-7.0954
-7.1649
-7.2433
-7.3484
-7.4536
-7.5355
-7.6068
-7.6477
-7.6887
-7.7260
-7.7474
-7.7849
-7.8117
-7.8456
-7.8867
-7.9509
-8.0276
-8.1079
-8.1827
-8.2488
-8.3183
-8.3861
-8.4378
-8.4930
-8.5304
-8.5767
-8.5999
-8.6178
-8.6249
-8.6392
-8.6641
-8.7122
-8.7745
-8.8387
-8.9313
-9.0186
-9.0936
-9.1294
-9.1510
-9.1564
-9.1618
-9.1618
-9.1744
-9.2014
-9.2230
-9.2499
-9.2823
-9.2985
-9.3110
-9.3145
-9.3359
-9.3750
-9.4621
-9.5620
-9.6461
-9.7569
-9.8517
-9.9199
-9.9739
-10.0101
-10.0373
-10.0536
-10.0839
-10.1231
-10.1980
-10.3141
-10.4497
-10.6017
-10.7556
-10.9081
-11.0338
-11.1381
-11.1957
-11.2246
-11.2246
-11.2246
-11.2314
-11.2404
-11.2473
-11.2578
-11.2722
-11.2866
-11.3314
-11.3872
-11.4465
-11.5238
-11.6135
-11.7176
-11.8204
-11.9266
-11.9914
-12.0203
-12.0293
-12.0293
-12.0348
-12.0612
-12.0897
-12.1327
-12.1936
-12.2566
-12.2975
-12.3141
-12.3197
-12.3252
-12.3308
-12.3419
-12.3475
-12.3820
-12.4188
-12.4750
-12.5313
-12.5940
-12.6421
-12.6978
-12.7480
-12.8150
-12.8933
-12.9919
-13.0998
-13.1952
-13.2739
-13.3413
-13.3786
-13.4034
-13.4147
-13.4217
-13.4288
-13.4325
-13.4395
-13.4501
-13.4700
-13.5130
-13.5575
-13.6364
-13.7311
-13.8530
-13.9622
-14.0644
-14.1392
-14.2249
-14.2808
-14.3094
-14.3163
-14.3163
-14.3196
-14.3296
-14.3464
-14.3631
-14.3799
-14.4002
-14.4275
-14.4582
-14.4821
-14.5150
-14.5569
-14.5911
-14.6240
-14.6565
-14.6957
-14.7136
-14.7236
-14.7302
-14.7434
-14.7599
-14.7865
-14.8162
-14.8482
-14.8713
-14.8877
-14.9141
-14.9503
-14.9996
-15.0456
-15.0850
-15.1258
-15.1680
-15.2159
-15.2800
-15.3563
-15.4349
-15.4944
-15.5599
-15.6196
-15.7006
-15.7761
-15.8509
-15.9028
-15.9491
-15.9757
-15.9956
-16.0122
-16.0255
-16.0423
-16.0684
-16.1127
-16.1523
-16.2011
-16.2622
-16.3455
-16.4500
-16.5646
-16.6647
-16.7525
-16.8166
-16.8684
-16.8942
-16.9010
-16.9132
-16.9132
-16.9221
-16.9221
-16.9319
-16.9740
-17.0256
-17.1085
-17.2292
-17.3673
-17.5080
-17.6399
-17.7302
-17.7932
-17.8090
-17.8123
-17.8123
-17.8123
-17.8157
-17.8281
-17.8462
-17.8834
-17.9420
-18.0360
-18.1434
-18.2671
-18.4141
-18.5394
-18.6460
-18.7269
-18.7732
-18.7816
-18.7816
-18.7816
-18.7816
-18.7816
-18.7816
-18.7816
-18.8181
-18.8693
-18.9329
-18.9840
-19.0205
-19.0427
-19.0559
-19.0659
-19.0874
-19.1239
-19.1670
-19.2366
-19.2971
-19.3726
-19.4547
-19.5186
-19.5825
-19.6190
-19.6405
-19.6529
-19.6654
-19.6887
-19.7128
-19.7402
-19.7708
-19.7924
-19.8013
-19.8044
-19.8044
-19.8341
-19.8824
-19.9632
-20.0529
-20.1546
-20.2829
-20.3989
-20.4969
-20.5623
-20.5923
-20.6017
-20.6080
-20.6141
-20.6438
-20.7009
-20.7911
-20.8751
-20.9536
-21.0055
-21.0431
-21.0653
-21.0816
-21.0946
-21.1194
-21.1533
-21.1774
-21.2171
-21.2563
-21.2993
-21.3547
-21.4304
-21.5067
-21.5856
-21.6469
-21.6932
-21.7185
-21.7373
-21.7471
-21.7632
-21.7794
-21.7956
-21.8117
-21.8279
-21.8440
-21.8731
-21.9113
-21.9403
-21.9628
-21.9885
-22.0111
-22.0271
-22.0368
-22.0432
-22.0496
-22.0625
-22.0790
-22.1074
-22.1603
-22.2342
-22.3230
-22.4143
-22.4965
-22.5512
-22.5936
-22.6118
-22.6305
-22.6374
-22.6538
-22.6794
-22.7161
-22.7707
-22.8135
-22.8445
-22.9055
-22.9697
-23.0375
-23.1084
-23.1702
-23.2197
-23.2510
-23.2676
-23.2926
-23.3142
-23.3506
-23.3930
-23.4416
-23.4934
-23.5605
-23.6336
-23.7130
-23.7864
-23.8450
-23.9005
-23.9409
-23.9722
-24.0004
-24.0314
-24.0593
-24.0872
-24.1180
-24.1398
-24.1648
-24.1987
-24.2388
-24.2934
-24.3509
-24.4146
-24.4755
-24.5395
-24.5762
-24.6159
-24.6468
-24.6839
-24.7301
-24.7701
-24.8255
-24.8896
-24.9535
-25.0352
-25.1115
-25.1848
-25.2613
-25.3348
-25.4112
-25.4844
-25.5423
-25.5849
-25.6152
-25.6273
-25.6363
-25.6363
-25.6363
-25.6363
-25.6363
-25.6363
-25.6363
-25.6455
-25.6485
-25.6605
-25.6756
-25.6786
-25.6847
-25.6968
-25.7239
-25.7395
-25.7522
-25.7705
-25.7981
-25.8401
-25.8884
-25.9245
-25.9608
-25.9854
-26.0128
-26.0342
-26.0497
-26.0620
-26.0681
-26.0741
-26.0922
-26.1048
-26.1289
-26.1680
-26.2131
-26.2732
-26.3542
-26.4412
-26.5339
-26.6297
-26.7111
-26.7775
-26.8317
-26.8738
-26.9063
-26.9239
-26.9298
-26.9328
-26.9268
-26.9118
-26.8998
-26.8788
-26.8548
-26.8308
-26.8189
-26.8069
-26.8039
-26.7918
-26.7707
-26.7469
-26.7319
-26.7171
-26.7259
-26.7444
-26.7839
-26.8318
-26.8771
-26.9250
-26.9581
-26.9853
-27.0149
-27.0298
-27.0445
-27.0445
-27.0445
-27.0445
-27.0445
-27.0474
-27.0532
-27.0564
-27.0687
-27.0841
-27.0942
-27.1190
-27.1466
-27.1800
-27.2219
-27.2576
-27.2930
-27.3256
-27.3550
-27.3756
-27.3960
-27.4161
-27.4363
-27.4484
-27.4667
-27.4905
-27.5146
-27.5412
-27.5707
-27.5997
-27.6283
-27.6457
-27.6547
-27.6608
-27.6667
-27.6726
-27.6728
-27.6761
-27.6824
-27.6918
-27.6873
-27.6767
-27.6431
-27.5938
-27.5504
-27.5090
-27.4648
-27.4238
-27.4092
-27.4006
-27.4006
-27.3975
-27.3891
-27.3687
-27.3428
-27.3204
-27.3036
-27.2929
-27.2909
-27.2860
-27.2810
-27.2698
-27.2498
-27.2121
-27.1573
-27.0939
-27.0419
-27.0076
-26.9818
-26.9823
-26.9916
-26.9952
-27.0012
-27.0046
-27.0049
-27.0083
-27.0170
-27.0204
-27.0266
-27.0330
-27.0394
-27.0462
-27.0499
-27.0561
-27.0625
-27.0659
-27.0719
-27.0752
-27.0815
-27.0822
-27.0855
-27.0921
-27.1041
-27.1078
-27.1173
-27.1242
-27.1339
-27.1406
-27.1498
-27.1586
-27.1644
-27.1673
-27.1674
-27.1672
-27.1645
-27.1589
-27.1621
-27.1709
-27.1746
-27.1835
-27.1841
-27.1986
-27.2042
-27.2189
-27.2108
-27.2084
-27.2061
-27.2043
-27.2022
-27.1738
-27.1422
-27.0965
-27.0504
-26.9959
-26.9563
-26.9258
-26.9178
-26.9069
-26.9047
-26.9024
-26.8970
-26.8856
-26.8655
-26.8395
-26.8135
-26.8020
-26.7992
-26.7791
-26.7563
-26.7333
-26.7103
-26.6935
-26.6764
-26.6594
-26.6600
-26.6550
-26.6669
-26.6650
-26.6714
-26.6750
-26.6642
-26.6504
-26.6486
-26.6413
-26.6308
-26.6149
-26.5896
-26.5585
-26.5272
-26.5068
-26.4928
-26.4877
-26.4882
-26.4743
-26.4543
-26.4193
-26.3844
-26.3556
-26.3240
-26.3102
-26.3054
-26.2893
-26.2673
-26.2012
-26.1264
-26.0457
-25.9707
-25.9191
-25.8902
-25.8762
-25.8823
-25.8854
-25.8828
-25.8829
-25.8831
-25.8832
-25.8835
-25.8781
-25.8786
-25.8793
-25.8800
-25.8835
-25.8784
-25.8763
-25.8650
-25.8504
-25.8440
-25.8461
-25.8625
-25.8644
-25.8407
-25.8000
-25.7305
-25.6641
-25.6091
-25.5798
-25.5765
-25.5791
-25.5875
-25.5786
-25.5697
-25.5489
-25.5428
-25.5340
-25.5079
-25.4674
-25.4269
-25.3976
-25.3715
-25.3370
-25.2969
-25.2568
-25.2169
-25.1626
-25.1171
-25.0885
-25.0601
-25.0230
-24.9974
-24.9689
-24.9346
-24.9063
-24.8896
-24.8726
-24.8528
-24.8446
-24.8306
-24.8226
-24.8173
-24.8149
-24.8095
-24.7984
-24.7902
-24.7846
-24.7736
-24.7479
-24.7020
-24.6335
-24.5420
-24.4331
-24.3043
-24.1726
-24.0470
-23.9441
-23.8588
-23.8191
-23.8139
-23.8172
-23.8148
-23.8094
-23.8152
-23.8125
-23.8039
-23.7923
-23.7923
-23.7896
-23.7752
-23.7552
-23.7208
-23.6778
-23.6406
-23.5918
-23.5346
-23.4688
-23.4000
-23.3171
-23.2171
-23.1027
-22.9799
-22.8515
-22.7460
-22.6719
-22.6377
-22.6320
-22.6377
-22.6377
-22.6349
-22.6378
-22.6350
-22.6323
-22.6325
-22.6327
-22.6329
-22.6331
-22.6277
-22.6280
-22.6256
-22.6261
-22.6210
-22.6016
-22.5851
-22.5513
-22.5174
-22.4776
-22.4463
-22.4093
-22.3779
-22.3437
-22.3151
-22.2838
-22.2695
-22.2439
-22.2125
-22.1869
-22.1441
-22.1128
-22.0757
-22.0330
-21.9817
-21.9276
-21.8764
-21.8309
-21.7882
-21.7626
-21.7455
-21.7314
-21.7116
-21.6891
-21.6693
-21.6383
-21.6044
-21.5477
-21.4852
-21.4143
-21.3206
-21.2212
-21.1161
-20.9941
-20.8690
-20.7726
-20.6931
-20.6419
-20.6107
-20.5966
-20.5937
-20.5881
-20.5795
-20.5739
-20.5597
-20.5455
-20.5313
-20.5030
-20.4746
-20.4321
-20.3924
-20.3499
-20.3045
-20.2562
-20.2164
-20.1825
-20.1456
-20.1229
-20.0944
-20.0461
-20.0008
-19.9469
-19.8816
-19.8306
-19.7824
-19.7256
-19.6691
-19.6064
-19.5156
-19.4247
-19.3230
-19.2265
-19.1472
-19.0819
-19.0311
-18.9970
-18.9715
-18.9518
-18.9262
-18.8896
-18.8414
-18.7736
-18.7028
-18.6210
-18.5473
-18.4651
-18.3918
-18.3326
-18.2594
-18.1858
-18.1037
-18.0050
-17.8918
-17.7616
-17.6320
-17.5104
-17.4114
-17.3294
-17.2728
-17.2418
-17.2218
-17.2188
-17.2188
-17.2133
-17.2048
-17.1823
-17.1568
-17.1258
-17.0918
-17.0608
-17.0438
-17.0353
-17.0268
-17.0268
-17.0183
-17.0098
-16.9959
-16.9704
-16.9363
-16.8999
-16.8714
-16.8404
-16.7979
-16.7585
-16.7160
-16.6680
-16.6140
-16.5545
-16.4950
-16.4325
-16.3815
-16.3366
-16.3002
-16.2608
-16.2129
-16.1565
-16.0807
-15.9958
-15.9055
-15.8036
-15.7055
-15.6014
-15.5003
-15.4015
-15.3229
-15.2666
-15.2435
-15.2288
-15.2196
-15.2103
-15.2018
-15.1872
-15.1733
-15.1278
-15.0854
-15.0322
-14.9558
-14.8710
-14.7747
-14.6783
-14.5927
-14.5231
-14.4773
-14.4462
-14.4088
-14.3807
-14.3379
-14.2928
-14.2307
-14.1824
-14.1350
-14.0992
-14.0603
-14.0223
-13.9650
-13.9130
-13.8365
-13.7547
-13.6621
-13.5718
-13.5048
-13.4410
-13.4071
-13.3964
-13.3964
-13.3964
-13.3910
-13.3857
-13.3687
-13.3687
-13.3687
-13.3549
-13.3294
-13.3018
-13.2678
-13.2285
-13.1807
-13.1266
-13.0651
-13.0067
-12.9430
-12.8900
-12.8412
-12.8030
-12.7511
-12.6981
-12.6431
-12.5838
-12.5213
-12.4471
-12.3645
-12.2512
-12.1432
-12.0331
-11.9388
-11.8510
-11.7547
-11.6648
-11.5835
-11.4989
-11.4313
-11.3785
-11.3552
-11.3299
-11.3109
-11.2993
-11.2824
-11.2687
-11.2518
-11.2213
-11.1939
-11.1549
-11.1075
-11.0685
-11.0075
-10.9452
-10.8705
-10.7979
-10.7148
-10.6286
-10.5424
-10.4497
-10.3726
-10.3155
-10.2805
-10.2636
-10.2604
-10.2455
-10.2235
-10.1865
-10.1360
-10.0855
-10.0182
-9.9457
-9.8687
-9.7762
-9.7057
-9.6332
-9.5711
-9.5053
-9.4381
-9.3555
-9.2934
-9.2412
-9.1974
-9.1773
-9.1605
-9.1554
-9.1521
-9.1386
-9.1302
-9.0999
-9.0697
-9.0361
-8.9974
-8.9620
-8.9369
-8.9168
-8.8982
-8.8647
-8.8312
-8.7875
-8.7423
-8.6953
-8.6599
-8.6199
-8.5678
-8.5041
-8.4321
-8.3499
-8.2862
-8.2226
-8.1891
-8.1724
-8.1724
-8.1640
-8.1640
-8.1590
-8.1523
-8.1305
-8.0970
-8.0484
-7.9964
-7.9363
-7.8760
-7.8174
-7.7740
-7.7388
-7.7105
-7.6837
-7.6485
-7.5967
-7.5399
-7.4730
-7.3995
-7.3411
-7.2962
-7.2528
-7.2077
-7.1694
-7.1277
-7.0777
-7.0193
-6.9643
-6.8909
-6.8075
-6.7492
-6.6992
-6.6509
-6.6192
-6.5876
-6.5526
-6.5177
-6.4544
-6.3843
-6.3026
-6.2159
-6.1226
-6.0277
-5.9295
-5.8347
-5.7400
-5.6370
-5.5208
-5.4312
-5.3317
-5.2571
-5.2041
-5.1841
-5.1841
-5.1841
-5.1808
-5.1725
-5.1642
-5.1476
-5.1194
-5.0664
-5.0018
-4.9221
-4.8405
-4.7522
-4.6590
-4.5677
-4.4778
-4.3914
-4.3214
-4.2548
-4.2048
-4.1664
-4.1426
-4.1189
-4.0805
-4.0391
-3.9978
-3.9448
-3.8869
-3.8092
-3.7445
-3.6833
-3.6401
-3.5988
-3.5589
-3.5094
-3.4531
-3.3823
-3.3060
-3.2366
-3.1755
-3.1275
-3.0911
-3.0760
-3.0726
-3.0643
-3.0478
-3.0128
-2.9600
-2.8989
-2.8262
-2.7596
-2.6965
-2.6334
-2.5915
-2.5449
-2.4920
-2.4461
-2.4111
-2.3549
-2.3055
-2.2493
-2.2048
-2.1753
-2.1403
-2.0910
-2.0219
-1.9410
-1.8520
-1.7665
-1.7021
-1.6413
-1.6015
-1.5735
-1.5571
-1.5372
-1.5173
-1.4880
-1.4518
-1.4155
-1.3711
-1.3383
-1.3137
-1.2926
-1.2726
-1.2563
-1.2446
-1.2165
-1.1753
-1.1283
-1.0684
-1.0050
-0.9403
-0.8463
-0.7441
-0.6066
-0.4503
-0.2694
-0.0908
0.0796
0.2217
0.3225
0.3857
0.4209
0.4431
0.4607
0.4677
0.4783
0.4900
0.5087
0.5509
0.5884
0.6258
0.6621
0.6996
0.7418
0.7676
0.7946
0.8204
0.8543
0.8755
0.9084
0.9342
0.9776
1.0328
1.0823
1.1352
1.2093
1.3033
1.4138
1.5304
1.6379
1.7418
1.8222
1.8837
1.9263
1.9582
1.9830
2.0080
2.0340
2.0519
2.0661
2.0958
2.1244
2.1602
2.2150
2.2779
2.3481
2.4245
2.4963
2.5681
2.6373
2.7055
2.7929
2.8776
2.9579
3.0574
3.1307
3.2030
3.2499
3.2896
3.3148
3.3328
3.3509
3.3654
3.3727
3.3763
3.3908
3.3981
3.4126
3.4271
3.4489
3.4780
3.5143
3.5615
3.6270
3.6889
3.7507
3.8090
3.8601
3.9038
3.9256
3.9402
3.9511
3.9584
3.9730
3.9877
3.9976
4.0268
4.0661
4.1136
4.1685
4.2189
4.2775
4.3398
4.3912
4.4270
4.4600
4.4857
4.5078
4.5225
4.5436
4.5731
4.6089
4.6641
4.7341
4.8143
4.8953
4.9681
5.0184
5.0596
5.0895
5.1150
5.1370
5.1656
5.1834
5.1907
5.2037
5.2055
5.2120
5.2184
5.2249
5.2370
5.2492
5.2521
5.2550
5.2700
5.2850
5.3083
5.3194
5.3426
5.3743
5.4040
5.4190
5.4256
5.4208
5.4214
5.4092
5.3732
5.3485
5.3276
5.3226
5.3223
5.3344
5.3671
5.4120
5.4567
5.4937
5.5290
5.5682
5.6159
5.6363
5.6576
5.6678
5.6781
5.6819
5.6810
5.6717
5.6585
5.6415
5.6283
5.5941
5.5637
5.5287
5.5006
5.4696
5.4594
5.4407
5.4127
5.3800
5.3426
5.3212
5.3216
5.3449
5.3837
5.4331
5.4791
5.5258
5.5646
5.5931
5.6151
5.6409
5.6724
5.7166
5.7978
5.8902
5.9704
6.0108
6.0098
5.9756
5.9111
5.8189
5.7207
5.6082
5.5078
5.4173
5.3026
5.1702
5.0543
4.9213
4.7749
4.6414
4.5201
4.4100
4.2979
4.1678
4.0128
3.8574
3.7127
3.6130
3.5708
3.5395
3.5397
3.5032
3.4328
3.3257
3.2173
3.1416
3.0902
3.0660
3.0797
3.1015
3.1069
3.1069
3.0948
3.0866
3.0826
3.0690
3.0555
3.0514
3.0473
3.0392
3.0352
3.0270
2.9960
2.9611
2.8993
2.8132
2.7219
2.6172
2.5142
2.4073
2.3196
2.2498
2.2338
2.2312
2.2327
2.2115
2.1610
2.1041
2.0646
2.0421
2.0498
2.1096
2.1729
2.2175
2.2473
2.2314
2.1467
2.0272
1.9142
1.8051
1.6989
1.6096
1.5103
1.4189
1.3072
1.1919
1.0792
0.9679
0.8760
0.7982
0.7688
0.7775
0.8218
0.8875
0.9797
1.0781
1.1562
1.2015
1.2330
1.2418
1.2380
1.2006
1.1407
1.0735
1.0175
0.9765
0.9315
0.8839
0.8314
0.7753
0.7229
0.6892
0.6592
0.6355
0.6129
0.5540
0.4390
0.3006
0.1625
0.0547
-0.0167
-0.0482
-0.0413
-0.0024
0.0275
0.0475
0.0625
0.0674
0.0774
0.0899
0.1085
0.1421
0.1842
0.2238
0.2619
0.3048
0.3613
0.4238
0.4963
0.5613
0.6202
0.6543
0.6736
0.6808
0.6856
0.6781
0.6729
0.6640
0.6577
0.6722
0.7003
0.7284
0.7333
0.7467
0.7504
0.7613
0.7833
0.7882
0.7955
0.8235
0.8479
0.8930
0.9283
0.9527
0.9698
0.9698
0.9698
0.9698
0.9659
0.9622
0.9658
0.9658
0.9766
0.9800
0.9872
0.9905
0.9938
0.9973
1.0008
1.0043
1.0004
0.9965
0.9890
0.9963
1.0072
0.9995
0.9737
0.9650
0.9649
0.9572
0.9361
0.9138
0.8889
0.8637
0.8324
0.8048
0.7787
0.7477
0.7267
0.7180
0.7094
0.7129
0.7127
0.6977
0.6888
0.6750
0.6611
0.6545
0.6565
0.6587
0.6657
0.6691
0.6726
0.6675
0.6638
0.6587
0.6413
0.6154
0.5978
0.5875
0.5709
0.5554
0.5336
0.5056
0.4730
0.4541
0.4353
0.4215
0.4129
0.4129
0.4129
0.4129
0.4005
0.3659
0.3138
0.2360
0.1421
0.0433
-0.0556
-0.1372
-0.2027
-0.2412
-0.2746
-0.2883
-0.2861
-0.2863
-0.2792
-0.2721
-0.2772
-0.2737
-0.2752
-0.2816
-0.2870
-0.2814
-0.2954
-0.3105
-0.3330
-0.3433
-0.3549
-0.3897
-0.4368
-0.4901
-0.5409
-0.5720
-0.6009
-0.6040
-0.5897
-0.5718
-0.5649
-0.5543
-0.5399
-0.5365
-0.5417
-0.5677
-0.5937
-0.6113
-0.6264
-0.6365
-0.6417
-0.6432
-0.6361
-0.6340
-0.6442
-0.6546
-0.6662
-0.6730
-0.6775
-0.7017
-0.7431
-0.8018
-0.8554
-0.9055
-0.9483
-0.9848
-1.0212
-1.0588
-1.0987
-1.1387
-1.1764
-1.2115
-1.2491
-1.2877
-1.3349
-1.3711
-1.4233
-1.4843
-1.5503
-1.5938
-1.6163
-1.6201
-1.6251
-1.6288
-1.6288
-1.6338
-1.6425
-1.6426
-1.6476
-1.6404
-1.6334
-1.6227
-1.6208
-1.6151
-1.6167
-1.6518
-1.6868
-1.7530
-1.8140
-1.8729
-1.9058
-1.9299
-1.9504
-1.9653
-1.9839
-1.9901
-2.0034
-2.0203
-2.0444
-2.0619
-2.0757
-2.0844
-2.0932
-2.0947
-2.1224
-2.1603
-2.2193
-2.2855
-2.3430
-2.4055
-2.4492
-2.4667
-2.4842
-2.4980
-2.5118
-2.5242
-2.5454
-2.5679
-2.5942
-2.6356
-2.6880
-2.7455
-2.7980
-2.8381
-2.8694
-2.8957
-2.9233
-2.9619
-3.0020
-3.0334
-3.0734
-3.1172
-3.1748
-3.2237
-3.2638
-3.3076
-3.3477
-3.3915
-3.4440
-3.5083
-3.5799
-3.6339
-3.6829
-3.7056
-3.7128
-3.7128
-3.7179
-3.7354
-3.7829
-3.8421
-3.9226
-4.0206
-4.1098
-4.1851
-4.2376
-4.2835
-4.3185
-4.3433
-4.3764
-4.4115
-4.4533
-4.4972
-4.5515
-4.6145
-4.6673
-4.7252
-4.7692
-4.8131
-4.8343
-4.8431
-4.8431
-4.8483
-4.8483
-4.8483
-4.8483
-4.8519
-4.8519
-4.8695
-4.8922
-4.9274
-4.9730
-5.0273
-5.0941
-5.1748
-5.2592
-5.3364
-5.4084
-5.4576
-5.5033
-5.5401
-5.5525
-5.5613
-5.5613
-5.5701
-5.5789
-5.5965
-5.6177
-5.6497
-5.6993
-5.7613
-5.8285
-5.9045
-5.9837
-6.0594
-6.1103
-6.1455
-6.1684
-6.1684
-6.1719
-6.1791
-6.1827
-6.1827
-6.1863
-6.1986
-6.2198
-6.2482
-6.2941
-6.3417
-6.3893
-6.4440
-6.5040
-6.5551
-6.6134
-6.6716
-6.7192
-6.7720
-6.8196
-6.8602
-6.8972
-6.9184
-6.9448
-6.9782
-7.0205
-7.0680
-7.1225
-7.1718
-7.2299
-7.2792
-7.3180
-7.3673
-7.4131
-7.4607
-7.5188
-7.5769
-7.6598
-7.7585
-7.8607
-7.9488
-8.0140
-8.0546
-8.0687
-8.0687
-8.0687
-8.0757
-8.0898
-8.1144
-8.1584
-8.2130
-8.2940
-8.3820
-8.4683
-8.5457
-8.6322
-8.6922
-8.7434
-8.7858
-8.8123
-8.8352
-8.8352
-8.8475
-8.8652
-8.8951
-8.9286
-8.9761
-9.0237
-9.0783
-9.1347
-9.2125
-9.2956
-9.4034
-9.5043
-9.6086
-9.7042
-9.7645
-9.8017
-9.8159
-9.8194
-9.8263
-9.8475
-9.8755
-9.9159
-9.9617
-9.9967
-10.0405
-10.0966
-10.1581
-10.2550
-10.3591
-10.4685
-10.5707
-10.6379
-10.6679
-10.6837
-10.6871
-10.6906
-10.6975
-10.7044
-10.7202
-10.7448
-10.7744
-10.8265
-10.8909
-10.9626
-11.0357
-11.1196
-11.2123
-11.3035
-11.3899
-11.4640
-11.5206
-11.5662
-11.5805
-11.5805
-11.5805
-11.5805
-11.5928
-11.6071
-11.6248
-11.6548
-11.6970
-11.7535
-11.8120
-11.8670
-11.9397
-12.0002
-12.0661
-12.1225
-12.1832
-12.2451
-12.3037
-12.3569
-12.4012
-12.4421
-12.4563
-12.4795
-12.4795
-12.4883
-12.4917
-12.4984
-12.5160
-12.5337
-12.5479
-12.5799
-12.6118
-12.6493
-12.6935
-12.7310
-12.7630
-12.8074
-12.8661
-12.9316
-13.0115
-13.0981
-13.2056
-13.3252
-13.4514
-13.5743
-13.6606
-13.7138
-13.7295
-13.7394
-13.7494
-13.7727
-13.8115
-13.8659
-13.9260
-13.9906
-14.0541
-14.1220
-14.1810
-14.2466
-14.2875
-14.3251
-14.3482
-14.3714
-14.3867
-14.4076
-14.4294
-14.4635
-14.5030
-14.5756
-14.6604
-14.7506
-14.8463
-14.9333
-15.0113
-15.0617
-15.0944
-15.1139
-15.1333
-15.1462
-15.1624
-15.1688
-15.1850
-15.2091
-15.2397
-15.2857
-15.3393
-15.3854
-15.4434
-15.4871
-15.5177
-15.5340
-15.5592
-15.5822
-15.6108
-15.6482
-15.6735
-15.6932
-15.7193
-15.7509
-15.7729
-15.8027
-15.8446
-15.9040
-15.9636
-16.0486
-16.1392
-16.2393
-16.3241
-16.4000
-16.4591
-16.4830
-16.5109
-16.5333
-16.5623
-16.5914
-16.6206
-16.6522
-16.6783
-16.7099
-16.7446
-16.7784
-16.7969
-16.8267
-16.8620
-16.8972
-16.9467
-17.0281
-17.1359
-17.2491
-17.3512
-17.4422
-17.5078
-17.5472
-17.5754
-17.6068
-17.6415
-17.6897
-17.7515
-17.8254
-17.9169
-17.9948
-18.0726
-18.1271
-18.1672
-18.1929
-18.2273
-18.2497
-18.2922
-18.3282
-18.3755
-18.4285
-18.4726
-18.5142
-18.5439
-18.5704
-18.5888
-18.6192
-18.6439
-18.6687
-18.6996
-18.7306
-18.7617
-18.7864
-18.8085
-18.8275
-18.8496
-18.8741
-18.9024
-18.9336
-18.9526
-18.9684
-18.9804
-18.9892
-18.9980
-19.0075
-19.0201
-19.0447
-19.0700
-19.1166
-19.1639
-19.2301
-19.3012
-19.3720
-19.4390
-19.5031
-19.5513
-19.5757
-19.5882
-19.5976
-19.6101
-19.6257
-19.6476
-19.6757
-19.7100
-19.7412
-19.7754
-19.8096
-19.8349
-19.8510
-19.8638
-19.8765
-19.8863
-19.8991
-19.9119
-19.9248
-19.9376
-19.9441
-19.9475
-19.9540
-19.9636
-19.9763
-19.9829
-19.9926
-20.0053
-20.0180
-20.0307
-20.0436
-20.0448
-20.0551
-20.0648
-20.0683
-20.0632
-20.0696
-20.0729
-20.0671
-20.0643
-20.0591
-20.0658
-20.0755
-20.0795
-20.0722
-20.0705
-20.0717
-20.0666
-20.0674
-20.0738
-20.0738
-20.0738
-20.0738
-20.0738
-20.0738
-20.0738
-20.0739
-20.0770
-20.0800
-20.0800
-20.0800
-20.0831
-20.0924
-20.0925
-20.0987
-20.1050
-20.1111
-20.1143
-20.1268
-20.1362
-20.1427
-20.1492
-20.1649
-20.1683
-20.1839
-20.1963
-20.2057
-20.2210
-20.2397
-20.2585
-20.2894
-20.3294
-20.3751
-20.4031
-20.4159
-20.4347
-20.4441
-20.4528
-20.4528
-20.4499
-20.4590
-20.4740
-20.4773
-20.4776
-20.4871
-20.5053
-20.5150
-20.5309
-20.5527
-20.5750
-20.6086
-20.6362
-20.6612
-20.6860
-20.7132
-20.7342
-20.7549
-20.7694
-20.7751
-20.7751
-20.7721
-20.7752
-20.7752
-20.7752
-20.7926
-20.8129
-20.8621
-20.9142
-20.9776
-21.0269
-21.0471
-21.0471
-21.0471
-21.0471
-21.0471
-21.0471
-21.0471
-21.0471
-21.0471
-21.0471
-21.0501
-21.0501
-21.0531
-21.0531
-21.0531
-21.0531
-21.0531
-21.0619
-21.0676
-21.0733
-21.0881
-21.1086
-21.1177
-21.1268
-21.1359
-21.1419
-21.1449
-21.1480
-21.1537
-21.1597
-21.1686
-21.2035
-21.2441
-21.2817
-21.3137
-21.3251
-21.3338
-21.3368
-21.3486
-21.3662
-21.3869
-21.4135
-21.4576
-21.4989
-21.5400
-21.5815
-21.6193
-21.6685
-21.7086
-21.7315
-21.7544
-21.7861
-21.8121
-21.8353
-21.8528
-21.8619
-21.8679
-21.8709
-21.8709
-21.8709
-21.8742
-21.8805
-21.8868
-21.8901
-21.8966
-21.9062
-21.9158
-21.9225
-21.9323
-21.9479
-21.9549
-21.9617
-21.9775
-21.9814
-21.9908
-21.9973
-22.0005
-22.0066
-22.0039
-22.0069
-22.0070
-22.0100
-22.0042
-22.0073
-22.0135
-22.0169
-22.0204
-22.0240
-22.0304
-22.0338
-22.0342
-22.0347
-22.0350
-22.0325
-22.0300
-22.0305
-22.0312
-22.0377
-22.0443
-22.0482
-22.0579
-22.0648
-22.0660
-22.0529
-22.0514
-22.0614
-22.0714
-22.0727
-22.0540
-22.0524
-22.0391
-22.0399
-22.0462
-22.0377
-22.0119
-21.9976
-21.9806
-21.9691
-21.9523
-21.9268
-21.9044
-21.8877
-21.8741
-21.8576
-21.8556
-21.8481
-21.8374
-21.8240
-21.8137
-21.8031
-21.8012
-21.8077
-21.8081
-21.8143
-21.8146
-21.8210
-21.8276
-21.8372
-21.8472
-21.8514
-21.8583
-21.8679
-21.8654
-21.8655
-21.8569
-21.8569
-21.8569
-21.8569
-21.8628
-21.8602
-21.8780
-21.8844
-21.8937
-21.9002
-21.9127
-21.9193
-21.9259
-21.9325
-21.9389
-21.9423
-21.9427
-21.9457
-21.9428
-21.9458
-21.9460
-21.9374
-21.9290
-21.9293
-21.9209
-21.9100
-21.9081
-21.8981
-21.8652
-21.8209
-21.7475
-21.6567
-21.5858
-21.5374
-21.5233
-21.5177
-21.5177
-21.5206
-21.5177
-21.5178
-21.5208
-21.5181
-21.5154
-21.5010
-21.4781
-21.4351
-21.3922
-21.3468
-21.3160
-21.2737
-21.2374
-21.2211
-21.2046
-21.1794
-21.1627
-21.1372
-21.1029
-21.0629
-21.0256
-20.9942
-20.9570
-20.9198
-20.8914
-20.8572
-20.8144
-20.7543
-20.6914
-20.6255
-20.5654
-20.5052
-20.4654
-20.4339
-20.4285
-20.4230
-20.4089
-20.3891
-20.3693
-20.3236
-20.2835
-20.2209
-20.1697
-20.1012
-20.0357
-19.9616
-19.9020
-19.8362
-19.7762
-19.7279
-19.6964
-19.6678
-19.6506
-19.6221
-19.5993
-19.5623
-19.5253
-19.4740
-19.4082
-19.3341
-19.2371
-19.1198
-18.9741
-18.8228
-18.6772
-18.5519
-18.4404
-18.3635
-18.3123
-18.2865
-18.2753
-18.2753
-18.2753
-18.2723
-18.2723
-18.2723
-18.2612
-18.2410
-18.2269
-18.2042
-18.1815
-18.1527
-18.1189
-18.0881
-18.0684
-18.0544
-18.0489
-18.0408
-18.0409
-18.0410
-18.0386
-18.0356
-18.0270
-18.0073
-17.9703
-17.9247
-17.8590
-17.7766
-17.6654
-17.5315
-17.3982
-17.2735
-17.1666
-17.0714
-16.9928
-16.9339
-16.9088
-16.8953
-16.8898
-16.8898
-16.8787
-16.8622
-16.8450
-16.8254
-16.8003
-16.7776
-16.7470
-16.7109
-16.6741
-16.6350
-16.5927
-16.5505
-16.4912
-16.4429
-16.3719
-16.3010
-16.2074
-16.1280
-16.0516
-15.9924
-15.9496
-15.8958
-15.8530
-15.8048
-15.7596
-15.6942
-15.6149
-15.5301
-15.4398
-15.3380
-15.2416
-15.1623
-15.0924
-15.0280
-14.9659
-14.8983
-14.8300
-14.7454
-14.6631
-14.5732
-14.4622
-14.3598
-14.2582
-14.1590
-14.0736
-14.0054
-13.9434
-13.8976
-13.8720
-13.8496
-13.8272
-13.8016
-13.7738
-13.7343
-13.6980
-13.6586
-13.6084
-13.5636
-13.5081
-13.4463
-13.3697
-13.2941
-13.2301
-13.1599
-13.0853
-13.0172
-12.9459
-12.8747
-12.7960
-12.7281
-12.6633
-12.5751
-12.4795
-12.3883
-12.2971
-12.2209
-12.1617
-12.0961
-12.0412
-11.9830
-11.9354
-11.8911
-11.8552
-11.8245
-11.8023
-11.7770
-11.7580
-11.7274
-11.6883
-11.6388
-11.5723
-11.5019
-11.4367
-11.3800
-11.3454
-11.3160
-11.2751
-11.2100
-11.1438
-11.0543
-10.9713
-10.8987
-10.8294
-10.7841
-10.7400
-10.7044
-10.6688
-10.6196
-10.5704
-10.5096
-10.4436
-10.3609
-10.2885
-10.2110
-10.1471
-10.0967
-10.0496
-10.0076
-9.9573
-9.8812
-9.7955
-9.6930
-9.5905
-9.5082
-9.4360
-9.3858
-9.3490
-9.3272
-9.3137
-9.2886
-9.2719
-9.2384
-9.1984
-9.1598
-9.1078
-9.0627
-9.0293
-9.0009
-8.9875
-8.9707
-8.9573
-8.9391
-8.9093
-8.8614
-8.7919
-8.7006
-8.6027
-8.4961
-8.4062
-8.3229
-8.2763
-8.2461
-8.2276
-8.2243
-8.2210
-8.2159
-8.2127
-8.1909
-8.1607
-8.1341
-8.0926
-8.0459
-7.9927
-7.9278
-7.8647
-7.7847
-7.7048
-7.6114
-7.5281
-7.4413
-7.3712
-7.3045
-7.2577
-7.2093
-7.1708
-7.1324
-7.0972
-7.0722
-7.0521
-7.0304
-6.9986
-6.9602
-6.9317
-6.9083
-6.8848
-6.8447
-6.7912
-6.7176
-6.6273
-6.5337
-6.4401
-6.3480
-6.2590
-6.1751
-6.1064
-6.0428
-5.9808
-5.9138
-5.8401
-5.7766
-5.7232
-5.6731
-5.6163
-5.5778
-5.5408
-5.5122
-5.4803
-5.4365
-5.3860
-5.3206
-5.2468
-5.1695
-5.0886
-5.0179
-4.9708
-4.9438
-4.9270
-4.9167
-4.8876
-4.8422
-4.7934
-4.7397
-4.6541
-4.5901
-4.5396
-4.5005
-4.4717
-4.4394
-4.4190
-4.3951
-4.3780
-4.3609
-4.3333
-4.2953
-4.2489
-4.2009
-4.1496
-4.0967
-4.0487
-4.0141
-3.9898
-3.9657
-3.9415
-3.9160
-3.8840
-3.8402
-3.7945
-3.7522
-3.7148
-3.6655
-3.6226
-3.5798
-3.5417
-3.5022
-3.4556
-3.4039
-3.3507
-3.2995
-3.2497
-3.2124
-3.1970
-3.1900
-3.1900
-3.1830
-3.1726
-3.1622
-3.1518
-3.1310
-3.0984
-3.0504
-2.9974
-2.9375
-2.8895
-2.8463
-2.8150
-2.7836
-2.7523
-2.7195
-2.6853
-2.6560
-2.6455
-2.6231
-2.6043
-2.5784
-2.5512
-2.5155
-2.4833
-2.4407
-2.3883
-2.3217
-2.2418
-2.1740
-2.1110
-2.0565
-2.0151
-1.9759
-1.9499
-1.9310
-1.9191
-1.9037
-1.8918
-1.8667
-1.8358
-1.8037
-1.7512
-1.6974
-1.6365
-1.5877
-1.5247
-1.4556
-1.3780
-1.3101
-1.2458
-1.1969
-1.1614
-1.1413
-1.1343
-1.1343
-1.1343
-1.1308
-1.1224
-1.1155
-1.0919
-1.0514
-1.0039
-0.9479
-0.8932
-0.8386
-0.7839
-0.7412
-0.7202
-0.6993
-0.6712
-0.6346
-0.6063
-0.5780
-0.5532
-0.5378
-0.5236
-0.5094
-0.5024
-0.4798
-0.4573
-0.4359
-0.4110
-0.3862
-0.3506
-0.3185
-0.2795
-0.2391
-0.1999
-0.1607
-0.1107
-0.0679
-0.0215
0.0213
0.0642
0.0999
0.1211
0.1352
0.1457
0.1563
0.1635
0.1622
0.1537
0.1355
0.1149
0.0968
0.0931
0.0930
0.0988
0.1226
0.1512
0.1859
0.2360
0.2801
0.3157
0.3549
0.4062
0.4417
0.4712
0.4814
0.4821
0.4962
0.4901
0.4804
0.4526
0.4392
0.4114
0.3907
0.3687
0.3453
0.3425
0.3565
0.4081
0.4743
0.5575
0.6444
0.7315
0.7954
0.8583
0.8918
0.9107
0.9104
0.9079
0.9067
0.9018
0.9018
0.9091
0.9055
0.8970
0.8715
0.8204
0.7510
0.6754
0.6097
0.5536
0.5161
0.5080
0.5170
0.5345
0.5470
0.5391
0.5370
0.5150
0.5143
0.5106
0.5473
0.5986
0.6844
0.7642
0.7981
0.7579
0.6684
0.5201
0.3036
-0.0086
-0.3802
-0.7794
-1.1734
-1.5352
-1.8815
-2.1641
-2.4710
-2.8327
-3.2106
-3.5788
-3.9098
-4.1977
-4.4435
-4.6521
-4.8034
-4.8948
-4.9287
-4.9050
-4.8695
-4.8538
-4.9404
-5.0607
-5.1927
-5.3415
-5.4782
-5.6020
-5.6554
-5.6433
-5.5881
-5.5642
-5.5875
-5.6487
-5.6861
-5.6978
-5.6906
-5.6843
-5.7092
-5.7327
-5.7383
-5.7383
-5.7266
-5.6915
-5.7122
-5.7006
-5.7006
-5.7085
-5.7163
-5.7038
-5.6868
-5.5740
-5.3695
-5.0965
-4.7895
-4.4938
-4.2185
-4.0375
-3.8723
-3.7527
-3.6748
-3.6365
-3.6198
-3.6496
-3.7061
-3.7856
-3.8514
-3.9039
-3.9275
-3.9017
-3.8478
-3.7584
-3.6835
-3.6133
-3.5706
-3.5437
-3.5021
-3.4434
-3.3636
-3.2736
-3.1549
-3.0563
-2.9742
-2.9167
-2.8685
-2.8339
-2.7793
-2.7492
-2.7484
-2.7613
-2.7786
-2.7845
-2.7883
-2.7883
-2.7996
-2.8223
-2.8508
-2.8686
-2.8981
-2.9368
-2.9663
-2.9898
-3.0000
-2.9806
-2.9520
-2.9234
-2.8792
-2.8351
-2.7883
-2.7710
-2.7799
-2.8349
-2.9137
-3.0115
-3.1119
-3.1957
-3.2811
-3.3663
-3.4219
-3.4552
-3.4593
-3.4747
-3.4884
-3.5079
-3.5454
-3.5999
-3.6723
-3.7558
-3.8228
-3.8769
-3.9003
-3.8984
-3.8837
-3.8511
-3.8259
-3.8003
-3.7759
-3.7600
-3.7495
-3.7336
-3.7162
-3.6898
-3.6581
-3.6354
-3.6220
-3.6176
-3.6290
-3.6258
-3.6205
-3.6084
-3.6052
-3.6031
-3.6214
-3.6616
-3.7196
-3.7713
-3.8318
-3.8719
-3.8744
-3.8644
-3.8229
-3.8030
-3.7757
-3.7730
-3.7610
-3.7719
-3.7791
-3.7828
-3.7812
-3.7801
-3.7936
-3.8305
-3.8906
-3.9485
-4.0063
-4.0784
-4.1433
-4.1829
-4.2155
-4.2300
-4.2482
-4.2700
-4.2881
-4.3026
-4.3208
-4.3389
-4.3571
-4.3788
-4.4042
-4.4368
-4.4766
-4.5128
-4.5510
-4.5783
-4.6108
-4.6361
-4.6458
-4.6358
-4.6201
-4.5941
-4.5681
-4.5369
-4.4953
-4.4330
-4.3708
-4.3138
-4.2620
-4.2155
-4.1793
-4.1638
-4.1587
-4.1535
-4.1535
-4.1535
-4.1484
-4.1484
-4.1432
-4.1432
-4.1432
-4.1432
-4.1432
-4.1432
-4.1432
-4.1396
-4.1361
-4.1363
-4.1293
-4.1258
-4.1259
-4.1296
-4.1296
-4.1296
-4.1261
-4.1261
-4.1226
-4.1227
-4.1228
-4.1229
-4.1282
-4.1335
-4.1300
-4.1389
-4.1653
-4.1969
-4.2321
-4.2549
-4.2813
-4.2990
-4.3182
-4.3287
-4.3552
-4.3728
-4.3870
-4.4062
-4.4450
-4.4906
-4.5310
-4.5785
-4.6101
-4.6225
-4.6278
-4.6243
-4.6280
-4.6528
-4.6899
-4.7251
-4.7602
-4.7938
-4.8326
-4.8641
-4.8889
-4.9190
-4.9367
-4.9631
-4.9772
-4.9860
-4.9985
-5.0161
-5.0285
-5.0424
-5.0600
-5.0653
-5.0706
-5.0600
-5.0530
-5.0620
-5.0762
-5.0991
-5.1097
-5.1202
-5.1555
-5.1784
-5.1926
-5.2067
-5.2208
-5.2437
-5.2594
-5.2613
-5.2826
-5.3195
-5.3599
-5.4075
-5.4675
-5.5202
-5.5678
-5.5995
-5.6171
-5.6347
-5.6576
-5.6716
-5.7033
-5.7473
-5.8141
-5.8898
-5.9619
-6.0324
-6.0817
-6.0993
-6.1011
-6.0975
-6.0941
-6.0906
-6.0871
-6.0979
-6.1209
-6.1509
-6.1861
-6.2161
-6.2461
-6.2725
-6.2937
-6.3078
-6.3166
-6.3306
-6.3571
-6.3818
-6.4382
-6.5158
-6.6056
-6.6937
-6.7695
-6.8312
-6.8700
-6.8894
-6.8929
-6.8929
-6.8894
-6.8982
-6.9071
-6.9335
-6.9476
-6.9565
-6.9741
-6.9918
-6.9989
-7.0131
-7.0308
-7.0538
-7.0855
-7.0997
-7.1068
-7.1121
-7.1245
-7.1264
-7.1247
-7.1248
-7.1320
-7.1427
-7.1480
-7.1552
-7.1711
-7.1764
-7.1729
-7.1730
-7.1747
-7.1889
-7.2102
-7.2314
-7.2703
-7.3128
-7.3852
-7.4683
-7.5496
-7.6362
-7.7176
-7.7936
-7.8732
-7.9492
-8.0111
-8.0694
-8.1118
-8.1364
-8.1400
-8.1400
-8.1400
-8.1400
-8.1435
-8.1575
-8.1855
-8.2274
-8.2870
-8.3677
-8.4502
-8.5294
-8.5824
-8.6019
-8.6019
-8.6019
-8.6054
-8.6142
-8.6196
-8.6319
-8.6442
-8.6704
-8.6809
-8.7143
-8.7442
-8.7707
-8.8095
-8.8429
-8.8606
-8.8694
-8.8694
-8.8694
-8.8694
-8.8694
-8.8748
-8.8748
-8.8836
-8.8943
-8.9120
-8.9473
-9.0022
-9.0835
-9.1757
-9.2767
-9.3724
-9.4627
-9.5211
-9.5442
-9.5531
-9.5565
-9.5565
-9.5673
-9.5815
-9.6115
-9.6665
-9.7358
-9.8281
-9.9259
-10.0449
-10.1659
-10.2584
-10.3332
-10.3775
-10.3864
-10.3864
-10.3898
-10.3932
-10.4001
-10.4206
-10.4568
-10.5373
-10.6409
-10.7609
-10.8938
-11.0110
-11.0962
-11.1228
-11.1228
-11.1262
-11.1364
-11.1364
-11.1364
-11.1399
-11.1501
-11.1693
-11.1830
-11.2090
-11.2370
-11.2595
-11.2841
-11.3053
-11.3142
-11.3497
-11.3838
-11.4370
-11.4882
-11.5292
-11.5606
-11.5729
-11.5797
-11.5886
-11.6152
-11.6474
-11.7096
-11.7684
-11.8238
-11.8915
-11.9559
-12.0202
-12.0723
-12.1134
-12.1558
-12.2025
-12.2423
-12.2944
-12.3520
-12.4218
-12.5093
-12.6101
-12.7176
-12.8108
-12.8875
-12.9487
-12.9788
-12.9979
-13.0259
-13.0651
-13.1008
-13.1476
-13.2067
-13.2747
-13.3337
-13.3872
-13.4285
-13.4587
-13.4867
-13.5136
-13.5606
-13.6154
-13.6758
-13.7574
-13.8245
-13.8860
-13.9508
-13.9943
-14.0278
-14.0613
-14.0937
-14.1227
-14.1506
-14.1942
-14.2288
-14.2534
-14.2723
-14.2846
-14.2958
-14.2958
-14.3081
-14.3114
-14.3203
-14.3438
-14.3561
-14.3918
-14.4243
-14.4712
-14.5070
-14.5249
-14.5282
-14.5371
-14.5525
-14.5865
-14.6570
-14.7467
-14.8289
-14.9136
-15.0105
-15.1099
-15.1947
-15.2772
-15.3395
-15.3896
-15.4260
-15.4457
-15.4808
-15.5072
-15.5337
-15.5634
-15.6054
-15.6318
-15.6705
-15.7081
-15.7580
-15.7914
-15.8304
-15.8605
-15.9019
-15.9353
-15.9834
-16.0305
-16.0784
-16.1128
-16.1521
-16.2013
-16.2781
-16.3711
-16.4729
-16.5746
-16.6656
-16.7386
-16.7995
-16.8513
-16.8869
-16.9063
-16.9063
-16.9039
-16.9071
-16.9071
-16.9071
-16.9071
-16.9071
-16.9103
-16.9168
-16.9265
-16.9362
-16.9491
-16.9653
-16.9686
-16.9719
-16.9753
-16.9850
-16.9916
-16.9981
-17.0014
-17.0167
-17.0321
-17.0498
-17.0587
-17.0676
-17.0829
-17.0983
-17.1194
-17.1437
-17.1776
-17.2140
-17.2624
-17.3044
-17.3464
-17.3987
-17.4303
-17.4746
-17.5123
-17.5444
-17.5543
-17.5608
-17.5666
-17.5666
-17.5698
-17.5698
-17.5698
-17.5762
-17.5858
-17.6018
-17.6146
-17.6340
-17.6566
-17.6759
-17.6921
-17.7019
-17.7148
-17.7277
-17.7404
-17.7595
-17.7692
-17.7851
-17.8043
-17.8234
-17.8460
-17.8718
-17.9134
-17.9643
-18.0121
-18.0472
-18.0697
-18.0864
-18.0961
-18.0994
-18.0994
-18.1026
-18.1026
-18.1026
-18.1095
-18.1190
-18.1381
-18.1570
-18.1748
-18.2009
-18.2270
-18.2589
-18.2845
-18.3043
-18.3234
-18.3274
-18.3218
-18.3018
-18.2906
-18.2793
-18.2707
-18.2538
-18.2433
-18.2329
-18.2169
-18.1928
-18.1742
-18.1437
-18.1162
-18.0788
-18.0564
-18.0454
-18.0551
-18.0587
-18.0691
-18.0757
-18.0828
-18.0899
-18.0971
-18.1011
-18.1051
-18.0885
-18.0863
-18.0904
-18.1002
-18.1131
-18.1202
-18.1211
-18.1282
-18.1320
-18.1414
-18.1447
-18.1423
-18.1454
-18.1486
-18.1456
-18.1375
-18.1264
-18.1034
-18.0867
-18.0758
-18.0623
-18.0489
-18.0362
-18.0442
-18.0428
-18.0275
-18.0066
-17.9789
-17.9486
-17.9169
-17.8826
-17.8508
-17.8222
-17.7935
-17.7705
-17.7475
-17.7159
-17.6849
-17.6478
-17.6169
-17.5806
-17.5617
-17.5454
-17.5408
-17.5212
-17.5045
-17.4847
-17.4674
-17.4531
-17.4301
-17.4072
-17.3817
-17.3620
-17.3479
-17.3401
-17.3291
-17.3300
-17.3397
-17.3463
-17.3473
-17.3451
-17.3311
-17.3289
-17.3242
-17.3244
-17.3189
-17.3079
-17.2968
-17.2653
-17.2313
-17.1799
-17.1062
-17.0232
-16.9322
-16.8523
-16.7978
-16.7781
-16.7843
-16.7875
-16.7875
-16.7844
-16.7844
-16.7844
-16.7844
-16.7844
-16.7844
-16.7844
-16.7813
-16.7639
-16.7442
-16.7190
-16.6819
-16.6511
-16.6196
-16.5881
-16.5540
-16.5256
-16.5059
-16.4830
-16.4515
-16.4175
-16.3804
-16.3345
-16.2832
-16.2374
-16.1916
-16.1514
-16.1033
-16.0521
-16.0065
-15.9726
-15.9355
-15.8953
-15.8527
-15.8015
-15.7613
-15.7242
-15.7100
-15.6982
-15.6840
-15.6699
-15.6581
-15.6415
-15.6132
-15.5959
-15.5588
-15.5274
-15.4848
-15.4360
-15.3848
-15.3447
-15.3274
-15.3077
-15.3023
-15.2763
-15.2567
-15.2252
-15.1993
-15.1765
-15.1481
-15.1340
-15.1167
-15.0970
-15.0852
-15.0427
-14.9797
-14.9026
-14.8169
-14.7248
-14.6250
-14.5361
-14.4591
-14.3963
-14.3366
-14.2933
-14.2565
-14.2314
-14.2228
-14.2119
-14.2032
-14.1773
-14.1318
-14.0831
-14.0257
-13.9630
-13.9056
-13.8515
-13.8138
-13.7824
-13.7597
-13.7369
-13.7142
-13.6764
-13.6169
-13.5542
-13.4883
-13.4397
-13.4084
-13.3748
-13.3576
-13.3349
-13.3035
-13.2690
-13.2290
-13.2031
-13.1686
-13.1373
-13.1038
-13.0747
-13.0466
-13.0121
-12.9894
-12.9721
-12.9581
-12.9409
-12.9150
-12.8632
-12.8093
-12.7435
-12.6637
-12.5774
-12.4977
-12.4319
-12.3802
-12.3198
-12.2660
-12.2261
-12.1917
-12.1658
-12.1432
-12.1141
-12.0796
-12.0549
-12.0226
-11.9741
-11.9224
-11.8567
-11.7964
-11.7480
-11.7222
-11.7029
-11.6996
-11.6857
-11.6770
-11.6717
-11.6598
-11.6459
-11.6200
-11.5910
-11.5545
-11.5114
-11.4663
-11.4200
-11.3770
-11.3308
-11.3050
-11.2825
-11.2653
-11.2567
-11.2448
-11.2276
-11.2051
-11.1761
-11.1397
-11.0947
-11.0583
-11.0186
-10.9823
-10.9393
-10.8911
-10.8342
-10.7827
-10.7345
-10.6797
-10.6196
-10.5628
-10.5146
-10.4684
-10.4254
-10.3858
-10.3463
-10.2948
-10.2434
-10.1952
-10.1490
-10.1095
-10.0547
-9.9861
-9.9089
-9.8317
-9.7665
-9.7236
-9.6946
-9.6827
-9.6675
-9.6504
-9.6314
-9.6057
-9.5663
-9.5235
-9.4807
-9.4380
-9.3900
-9.3472
-9.3097
-9.2722
-9.2243
-9.1782
-9.1322
-9.0880
-9.0201
-8.9352
-8.8435
-8.7622
-8.6861
-8.6304
-8.5899
-8.5665
-8.5497
-8.5326
-8.5274
-8.5241
-8.5207
-8.5122
-8.4951
-8.4814
-8.4609
-8.4405
-8.4234
-8.4030
-8.3810
-8.3624
-8.3356
-8.2916
-8.2529
-8.2022
-8.1481
-8.0909
-8.0318
-7.9675
-7.9201
-7.8726
-7.8438
-7.8183
-7.7857
-7.7634
-7.7429
-7.7258
-7.7258
-7.7172
-7.7120
-7.7068
-7.6983
-7.6915
-7.6830
-7.6625
-7.6420
-7.6165
-7.5687
-7.5175
-7.4596
-7.4034
-7.3471
-7.2960
-7.2467
-7.2024
-7.1665
-7.1374
-7.1168
-7.1049
-7.1015
-7.0980
-7.0946
-7.0878
-7.0810
-7.0605
-7.0348
-6.9937
-6.9458
-6.8705
-6.7850
-6.6943
-6.6327
-6.5899
-6.5831
-6.5796
-6.5796
-6.5728
-6.5506
-6.5163
-6.4804
-6.4478
-6.4187
-6.3930
-6.3742
-6.3433
-6.3210
-6.2901
-6.2558
-6.2370
-6.2164
-6.1958
-6.1718
-6.1495
-6.1289
-6.1031
-6.0619
-6.0190
-5.9640
-5.9090
-5.8747
-5.8437
-5.8299
-5.8231
-5.8197
-5.8094
-5.7819
-5.7424
-5.7130
-5.6768
-5.6269
-5.5975
-5.5612
-5.5370
-5.5042
-5.4817
-5.4644
-5.4401
-5.4177
-5.3970
-5.3780
-5.3676
-5.3537
-5.3503
-5.3364
-5.3225
-5.3086
-5.2843
-5.2530
-5.2112
-5.1609
-5.1191
-5.0669
-5.0270
-4.9749
-4.9435
-4.9190
-4.8929
-4.8825
-4.8583
-4.8376
-4.8064
-4.7682
-4.7163
-4.6694
-4.6261
-4.5930
-4.5633
-4.5423
-4.5248
-4.5073
-4.4793
-4.4512
-4.4162
-4.3847
-4.3532
-4.3252
-4.2866
-4.2585
-4.2269
-4.1988
-4.1619
-4.1236
-4.0852
-4.0417
-3.9896
-3.9633
-3.9599
-3.9565
-3.9565
-3.9601
-3.9601
-3.9708
-3.9780
-3.9780
-3.9780
-3.9780
-3.9918
-4.0005
-4.0056
-4.0056
-4.0138
-4.0047
-3.9957
-3.9710
-3.9442
-3.9332
-3.9120
-3.8979
-3.8923
-3.8884
-3.9017
-3.9099
-3.9037
-3.9067
-3.9088
-3.9080
-3.8939
-3.8610
-3.8076
-3.7148
-3.5916
-3.4445
-3.2809
-3.1217
4.0876
