5.6350
5.7809
5.9935
6.2083
6.3861
6.5097
6.5649
6.5794
6.5432
6.4874
6.4229
6.3631
6.3184
6.2810
6.2743
6.2719
6.2674
6.2446
6.2288
6.2267
6.2097
6.1838
6.1333
6.0869
6.0317
5.9911
5.9493
5.9214
5.8732
5.7892
5.6926
5.5938
5.5464
5.5313
5.5465
5.5694
5.5998
5.6458
5.6956
5.7270
5.7370
5.7407
5.7338
5.7421
5.7520
5.7504
5.7413
5.7259
5.7192
5.7206
5.7204
5.7076
5.7034
5.6979
5.6932
5.6885
5.6560
5.5949
5.4671
5.3260
5.1975
5.0689
4.9519
4.8387
4.6965
4.4951
4.2374
3.9235
3.6059
3.3042
3.0576
2.8777
2.7554
2.6662
2.6089
2.5827
2.5336
2.4531
2.3571
2.2800
2.2646
2.2848
2.3268
2.3901
2.4457
2.5466
2.6666
2.8043
2.9578
3.1154
3.2847
3.4571
3.6126
3.7496
3.8820
4.0053
4.0966
4.1644
4.1804
4.1570
4.1282
4.1004
4.0779
4.0367
3.9622
3.8578
3.7310
3.6164
3.4823
3.3372
3.2138
3.0928
3.0205
2.9550
2.9286
2.9158
2.8729
2.7924
2.6826
2.5512
2.3491
2.1076
1.8813
1.6699
1.4712
1.3218
1.2393
1.1699
1.1195
1.0778
1.0425
0.9984
0.9480
0.8685
0.7574
0.6426
0.5228
0.3825
0.2420
0.0950
-0.0737
-0.2374
-0.3997
-0.5797
-0.7573
-0.9136
-1.0480
-1.2202
-1.4240
-1.6266
-1.8008
-1.9479
-2.0607
-2.1363
-2.1992
-2.2845
-2.3897
-2.5429
-2.7390
-2.9772
-3.2118
-3.4797
-3.7349
-3.9643
-4.1827
-4.3441
-4.4709
-4.5459
-4.5979
-4.6602
-4.7461
-4.7958
-4.8330
-4.8760
-4.9332
-5.0150
-5.1419
-5.3246
-5.5445
-5.8000
-6.1158
-6.4869
-6.8883
-7.3019
-7.7064
-8.0733
-8.4083
-8.6772
-8.8517
-8.9263
-8.9403
-8.9509
-8.9723
-9.0112
-9.0733
-9.1390
-9.2290
-9.3348
-9.4570
-9.5775
-9.6922
-9.8033
-9.9078
-10.0039
-10.0889
-10.1842
-10.2834
-10.4039
-10.5173
-10.6345
-10.7336
-10.8589
-10.9959
-11.1665
-11.3513
-11.5510
-11.7537
-11.9842
-12.2365
-12.4813
-12.7042
-12.9335
-13.1587
-13.3400
-13.4717
-13.5502
-13.5955
-13.6066
-13.6326
-13.6751
-13.7143
-13.7806
-13.9082
-14.0934
-14.3083
-14.5405
-14.7787
-14.9968
-15.1682
-15.3229
-15.4752
-15.6266
-15.7411
-15.8211
-15.8908
-15.9726
-16.0545
-16.1645
-16.3185
-16.4892
-16.6969
-16.9271
-17.1673
-17.3908
-17.6064
-17.8156
-17.9965
-18.1692
-18.3155
-18.4265
-18.5261
-18.6423
-18.7586
-18.8614
-18.9983
-19.1841
-19.3858
-19.5769
-19.7465
-19.9098
-20.0467
-20.1467
-20.2174
-20.2864
-20.3845
-20.5075
-20.6463
-20.7786
-20.8804
-20.9354
-20.9652
-21.0109
-21.0724
-21.1262
-21.1516
-21.1591
-21.1661
-21.1724
-21.1888
-21.1732
-21.1536
-21.1085
-21.0550
-21.0068
-20.9541
-20.9350
-20.9431
-20.9407
-20.9322
-20.8915
-20.8069
-20.6557
-20.4463
-20.2049
-19.9927
-19.8123
-19.6308
-19.4641
-19.3304
-19.2684
-19.1888
-19.0774
-18.9529
-18.8487
-18.7674
-18.7359
-18.7303
-18.7364
-18.7137
-18.6652
-18.6044
-18.5118
-18.4430
-18.4114
-18.4058
-18.4266
-18.4730
-18.5500
-18.6249
-18.7335
-18.8136
-18.8469
-18.8744
-18.9233
-18.9711
-19.0165
-19.0710
-19.1000
-19.1084
-19.0972
-19.1108
-19.1079
-19.1143
-19.1118
-19.1088
-19.1088
-19.1057
-19.1000
-19.1061
-19.1465
-19.1640
-19.1860
-19.2062
-19.2556
-19.3056
-19.3546
-19.4275
-19.5179
-19.6477
-19.7590
-19.8672
-19.9681
-20.0769
-20.1827
-20.3043
-20.4538
-20.6054
-20.7617
-20.9172
-21.0779
-21.2129
-21.3400
-21.4841
-21.6142
-21.7566
-21.9284
-22.0743
-22.1786
-22.2784
-22.3900
-22.5073
-22.6423
-22.7481
-22.8533
-22.9631
-23.0775
-23.1481
-23.2013
-23.2542
-23.3100
-23.3803
-23.4366
-23.4732
-23.4839
-23.4712
-23.4695
-23.4791
-23.4745
-23.4813
-23.5082
-23.5439
-23.5890
-23.6399
-23.7045
-23.7887
-23.8758
-23.9630
-24.0531
-24.1512
-24.2378
-24.3050
-24.3560
-24.3528
-24.3626
-24.3802
-24.3945
-24.3860
-24.3745
-24.3575
-24.3518
-24.3266
-24.2880
-24.2272
-24.1474
-24.0710
-23.9778
-23.9098
-23.8671
-23.8411
-23.8123
-23.7947
-23.8075
-23.8144
-23.8070
-23.7716
-23.7331
-23.7025
-23.6690
-23.6245
-23.5828
-23.5325
-23.4908
-23.4549
-23.4193
-23.3726
-23.3179
-23.2634
-23.1801
-23.0825
-22.9877
-22.9207
-22.8788
-22.8427
-22.8183
-22.7883
-22.7476
-22.6932
-22.6248
-22.5590
-22.4761
-22.3706
-22.2565
-22.1336
-21.9936
-21.8786
-21.7945
-21.7524
-21.7554
-21.7554
-21.7612
-21.7587
-21.7478
-21.7428
-21.7607
-21.8097
-21.8672
-21.9333
-21.9738
-21.9945
-21.9927
-21.9938
-22.0313
-22.0828
-22.1285
-22.1432
-22.1381
-22.1161
-22.0658
-21.9987
-21.9175
-21.8168
-21.6853
-21.5426
-21.3719
-21.1900
-21.0195
-20.8632
-20.7126
-20.5898
-20.4866
-20.4027
-20.3131
-20.2040
-20.0645
-19.9059
-19.7497
-19.5875
-19.4282
-19.2779
-19.1386
-19.0020
-18.8690
-18.7077
-18.5405
-18.3370
-18.1478
-18.0127
-17.9201
-17.8719
-17.8380
-17.7982
-17.7496
-17.6848
-17.5916
-17.4842
-17.3548
-17.2142
-17.0689
-16.9153
-16.7654
-16.6548
-16.5572
-16.4709
-16.3996
-16.3540
-16.3266
-16.3023
-16.2870
-16.2651
-16.2258
-16.1479
-16.0481
-15.9353
-15.8052
-15.6578
-15.5142
-15.3895
-15.2710
-15.1541
-15.0124
-14.8691
-14.6980
-14.5404
-14.3933
-14.2523
-14.1249
-14.0172
-13.9270
-13.8491
-13.7891
-13.7517
-13.7153
-13.6872
-13.6352
-13.5937
-13.5407
-13.4960
-13.4535
-13.3966
-13.3355
-13.2643
-13.1870
-13.1016
-13.0306
-12.9844
-12.9495
-12.9156
-12.8551
-12.7608
-12.6513
-12.5030
-12.3353
-12.1505
-12.0026
-11.8668
-11.7393
-11.6242
-11.5274
-11.4439
-11.3480
-11.2300
-11.1059
-10.9736
-10.8434
-10.6969
-10.5355
-10.3710
-10.2249
-10.0822
-9.9473
-9.7961
-9.6340
-9.4656
-9.3050
-9.1511
-8.9875
-8.8356
-8.7016
-8.5774
-8.4696
-8.3490
-8.1928
-7.9865
-7.7574
-7.5298
-7.3229
-7.1676
-7.0787
-7.0270
-7.0060
-6.9865
-6.9686
-6.9493
-6.9187
-6.8945
-6.8655
-6.8251
-6.7655
-6.6753
-6.5964
-6.5237
-6.4625
-6.3950
-6.3420
-6.2795
-6.2169
-6.1643
-6.1083
-6.0359
-5.9750
-5.8915
-5.8063
-5.7291
-5.6441
-5.5495
-5.4352
-5.2787
-5.1121
-4.9289
-4.7163
-4.4866
-4.2338
-3.9467
-3.5409
-3.0656
-2.5959
-2.2091
-1.9704
-1.9046
-1.9117
-1.9416
-1.9324
-1.8831
-1.7994
-1.6903
-1.5592
-1.4234
-1.3015
-1.1900
-1.1336
-1.1084
-1.0878
-1.0661
-1.0315
-0.9866
-0.9095
-0.8106
-0.6910
-0.5324
-0.3642
-0.1623
0.0857
0.3476
0.6262
0.9234
1.2323
1.5525
1.8431
2.0849
2.2380
2.3359
2.4096
2.4800
2.5295
2.5504
2.5256
2.4855
2.4375
2.3844
2.3240
2.2176
2.0566
1.8344
1.5353
1.1694
0.7772
0.4311
0.1463
-0.0429
-0.1100
-0.0998
-0.0117
0.0580
0.1043
0.1363
0.1653
0.2200
0.3037
0.4098
0.5054
0.6338
0.7663
0.9137
1.0847
1.2798
1.4710
1.6797
1.9226
2.1662
2.3722
2.5770
2.7415
2.8908
3.0011
3.0718
3.1117
3.1344
3.1454
3.1572
3.1726
3.1990
3.2388
3.2860
3.3242
3.3917
3.4665
3.5950
3.7660
3.9704
4.1802
4.3901
4.5815
4.7351
4.8538
4.9291
5.0090
5.0809
5.1584
5.2550
5.3816
5.4971
5.5698
5.6342
5.6949
5.7597
5.8244
5.8715
5.8480
5.7859
5.6889
5.6183
5.5993
5.6119
5.6322
5.6697
5.7062
5.7455
5.7466
5.7416
5.7281
5.7213
5.7169
5.7094
5.7166
5.7203
5.7197
5.7317
5.7874
5.8705
5.9756
6.1033
6.2310
6.3627
6.4612
6.5560
6.6397
6.7350
6.8263
6.9207
6.9935
7.0837
7.1346
7.1347
7.0759
7.0018
6.9233
6.8818
6.8602
6.8764
6.9267
7.0044
7.0820
7.1596
7.2373
7.3261
7.4025
7.4640
7.4997
7.5152
7.4960
7.4413
7.3761
7.3269
7.3070
7.3031
7.3031
7.3031
7.3031
7.3031
7.3031
7.2857
7.2637
7.2266
7.1813
7.1507
7.1325
7.1180
7.0916
7.0521
6.9991
6.9195
6.8420
6.7686
6.7103
6.6796
6.6477
6.6556
6.7438
6.8768
7.0735
7.2880
7.4953
7.7485
8.0266
8.2795
8.4862
8.6018
8.5936
8.4711
8.2379
7.8840
7.4165
6.7910
6.0875
5.4145
4.8009
4.3061
3.9650
3.7150
3.5873
3.4993
3.4165
3.3319
3.2714
3.2467
3.3202
3.4101
3.5366
3.6286
3.7181
3.7578
3.7462
3.7068
3.6718
3.6522
3.6098
3.5724
3.4826
3.3856
3.2820
3.2015
3.1473
3.1210
3.1155
3.0778
3.0466
3.0339
3.0118
2.9551
2.9163
2.9117
2.9248
2.9301
2.9095
2.8741
2.8129
2.7447
2.7073
2.6867
2.6384
2.5853
2.5346
2.4714
2.4109
2.3580
2.3051
2.2559
2.2105
2.2278
2.2778
2.3376
2.3709
2.3964
2.3989
2.3611
2.2942
2.1846
2.0625
1.9292
1.7996
1.7129
1.6639
1.6358
1.5868
1.5476
1.5227
1.4880
1.4458
1.4306
1.4201
1.4168
1.3649
1.3006
1.2403
1.1981
1.1467
1.0861
1.0484
1.0433
1.0543
1.0576
1.0718
1.1120
1.1571
1.1933
1.2187
1.2445
1.2531
1.2455
1.2565
1.3008
1.3954
1.4644
1.5273
1.5752
1.6080
1.6143
1.6334
1.6602
1.6820
1.7003
1.7074
1.6958
1.6614
1.5917
1.5309
1.4810
1.4200
1.3382
1.2366
1.1488
1.0934
1.0477
0.9737
0.8748
0.7437
0.6018
0.4386
0.2692
0.0987
-0.0716
-0.2329
-0.3717
-0.4659
-0.5154
-0.5377
-0.5785
-0.6046
-0.6053
-0.5989
-0.6001
-0.6442
-0.6983
-0.7572
-0.8275
-0.8597
-0.8707
-0.8654
-0.8576
-0.8488
-0.8462
-0.8693
-0.9172
-0.9905
-1.1033
-1.2432
-1.3936
-1.5271
-1.6311
-1.6781
-1.6585
-1.6029
-1.5416
-1.4945
-1.4693
-1.4660
-1.4587
-1.4587
-1.4624
-1.4716
-1.4905
-1.4956
-1.4956
-1.5067
-1.5120
-1.5368
-1.5827
-1.6484
-1.7301
-1.8466
-1.9607
-2.0624
-2.1679
-2.2771
-2.4011
-2.5360
-2.6747
-2.7986
-2.9349
-3.1036
-3.2688
-3.4087
-3.5369
-3.6202
-3.6637
-3.6796
-3.7118
-3.7651
-3.8214
-3.8575
-3.8921
-3.9454
-3.9968
-4.0538
-4.1166
-4.1751
-4.2336
-4.2907
-4.3538
-4.4120
-4.4550
-4.4963
-4.5515
-4.6227
-4.7257
-4.8636
-5.0378
-5.2096
-5.3344
-5.4506
-5.5514
-5.6666
-5.7699
-5.8543
-5.9247
-5.9934
-6.0724
-6.1774
-6.2891
-6.3939
-6.4936
-6.5846
-6.6774
-6.7437
-6.7664
-6.7961
-6.8240
-6.8745
-6.9268
-6.9913
-7.0559
-7.1083
-7.1696
-7.2854
-7.4241
-7.5893
-7.7492
-7.8969
-8.0166
-8.0870
-8.1382
-8.1807
-8.2178
-8.2390
-8.2656
-8.2957
-8.3487
-8.4265
-8.4901
-8.5502
-8.6138
-8.6863
-8.7764
-8.8807
-8.9797
-9.0648
-9.1231
-9.1638
-9.1811
-9.2073
-9.2389
-9.2701
-9.3243
-9.4050
-9.5350
-9.6673
-9.7960
-9.9336
-10.0694
-10.2301
-10.4330
-10.6583
-10.8843
-11.0871
-11.2438
-11.3442
-11.3815
-11.3957
-11.3957
-11.3992
-11.3992
-11.4046
-11.4149
-11.4321
-11.4390
-11.4553
-11.4607
-11.4805
-11.5105
-11.5732
-11.6747
-11.8166
-11.9874
-12.1474
-12.2671
-12.3102
-12.3390
-12.3685
-12.4124
-12.4377
-12.4536
-12.4609
-12.4714
-12.4923
-12.5168
-12.5671
-12.6222
-12.6963
-12.7882
-12.8811
-12.9982
-13.0973
-13.1710
-13.2124
-13.2466
-13.2635
-13.2669
-13.2704
-13.2794
-13.3158
-13.3390
-13.3635
-13.4168
-13.4888
-13.5854
-13.7255
-13.8845
-14.0312
-14.1600
-14.2567
-14.3067
-14.3278
-14.3400
-14.3400
-14.3367
-14.3367
-14.3567
-14.3789
-14.4231
-14.4872
-14.5551
-14.6230
-14.6876
-14.7757
-14.8627
-14.9521
-15.0569
-15.1806
-15.2849
-15.3914
-15.4723
-15.5240
-15.5611
-15.5749
-15.5919
-15.6088
-15.6357
-15.6792
-15.7497
-15.8583
-15.9972
-16.1516
-16.3141
-16.4955
-16.6781
-16.8578
-17.0649
-17.2554
-17.4001
-17.4671
-17.4915
-17.4915
-17.4915
-17.4972
-17.5086
-17.5274
-17.5538
-17.6127
-17.6937
-17.7731
-17.8327
-17.8843
-17.9505
-18.0109
-18.0714
-18.1420
-18.2279
-18.3188
-18.3950
-18.4660
-18.5624
-18.6644
-18.7637
-18.8601
-18.9379
-18.9968
-19.0801
-19.1595
-19.2164
-19.2544
-19.2627
-19.3006
-19.3554
-19.3954
-19.4246
-19.4569
-19.4863
-19.5247
-19.5783
-19.6441
-19.7303
-19.8222
-19.9170
-19.9991
-20.0630
-20.1301
-20.1825
-20.2374
-20.2868
-20.3516
-20.4275
-20.4914
-20.5310
-20.5848
-20.6330
-20.6699
-20.7006
-20.7495
-20.8075
-20.8690
-20.9367
-21.0248
-21.1270
-21.2003
-21.2642
-21.3338
-21.4033
-21.4671
-21.5397
-21.6178
-21.6603
-21.6593
-21.6548
-21.6589
-21.6393
-21.5992
-21.5622
-21.5345
-21.5212
-21.5228
-21.5505
-21.6042
-21.6323
-21.6294
-21.6093
-21.5777
-21.5315
-21.4452
-21.3590
-21.2729
-21.2123
-21.1574
-21.1342
-21.1248
-21.0892
-20.9993
-20.9038
-20.8221
-20.7316
-20.6322
-20.5133
-20.4148
-20.3049
-20.1897
-20.0691
-19.9427
-19.8051
-19.6618
-19.5016
-19.3358
-19.1787
-19.0553
-18.9690
-18.9269
-18.9128
-18.9128
-18.9158
-18.9248
-18.9338
-18.9429
-18.9669
-18.9909
-19.0031
-19.0221
-19.0645
-19.1155
-19.1785
-19.2445
-19.3135
-19.3942
-19.4806
-19.5523
-19.5885
-19.6158
-19.6144
-19.5933
-19.5350
-19.4317
-19.2886
-19.1516
-18.9912
-18.8279
-18.6481
-18.4354
-18.2060
-17.9772
-17.7616
-17.5620
-17.3877
-17.2309
-17.0970
-16.9831
-16.8692
-16.8029
-16.7813
-16.7704
-16.7397
-16.6753
-16.5977
-16.5323
-16.4463
-16.3254
-16.1631
-15.9870
-15.8154
-15.6929
-15.6035
-15.5064
-15.3917
-15.2678
-15.1287
-15.0035
-14.8597
-14.7000
-14.5266
-14.3607
-14.1992
-14.0355
-13.8843
-13.7467
-13.5976
-13.4653
-13.3122
-13.1652
-13.0308
-12.9332
-12.8440
-12.7581
-12.6438
-12.5369
-12.4427
-12.3381
-12.2345
-12.1383
-12.0494
-11.9657
-11.8756
-11.7751
-11.6580
-11.5421
-11.4219
-11.2947
-11.1758
-11.0622
-10.9307
-10.7985
-10.6650
-10.5333
-10.3836
-10.2320
-10.0638
-9.8462
-9.6105
-9.3813
-9.1755
-8.9918
-8.8527
-8.7250
-8.6074
-8.5144
-8.4232
-8.3320
-8.2489
-8.1741
-8.0944
-8.0148
-7.9417
-7.8606
-7.7446
-7.5906
-7.4198
-7.2474
-7.0782
-6.9273
-6.7794
-6.6548
-6.5568
-6.5070
-6.4821
-6.4787
-6.4670
-6.4469
-6.4151
-6.3580
-6.2524
-6.1298
-5.9955
-5.8630
-5.7355
-5.6230
-5.5373
-5.4616
-5.3923
-5.2992
-5.1707
-5.0090
-4.8361
-4.7055
-4.6205
-4.5916
-4.5798
-4.5764
-4.5564
-4.5280
-4.4780
-4.4441
-4.4122
-4.3748
-4.3173
-4.2298
-4.1164
-4.0103
-3.9449
-3.8973
-3.8835
-3.8490
-3.8215
-3.7872
-3.7563
-3.7392
-3.7223
-3.7054
-3.6678
-3.6095
-3.5451
-3.4816
-3.3989
-3.2724
-3.1040
-2.8943
-2.6844
-2.4874
-2.3368
-2.2106
-2.1668
-2.1767
-2.2221
-2.2645
-2.2788
-2.2754
-2.2912
-2.3432
-2.4072
-2.4473
-2.4507
-2.4444
-2.4086
-2.3567
-2.3261
-2.2936
-2.2837
-2.2536
-2.1809
-2.1059
-2.0401
-1.9723
-1.8963
-1.7949
-1.6926
-1.5721
-1.4434
-1.3207
-1.1990
-1.0780
-0.9792
-0.9341
-0.9094
-0.8928
-0.8760
-0.8676
-0.8453
-0.7945
-0.7104
-0.6049
-0.5117
-0.4103
-0.3006
-0.1992
-0.0833
0.0079
0.0825
0.1381
0.1890
0.2471
0.3051
0.3567
0.4153
0.4535
0.4746
0.4615
0.4515
0.4626
0.4800
0.5273
0.6104
0.7098
0.7953
0.8522
0.8854
0.9187
0.9541
0.9764
1.0105
1.0416
1.0834
1.1324
1.2137
1.2879
1.3560
1.4048
1.4444
1.4878
1.5311
1.5803
1.6511
1.7040
1.7324
1.7450
1.7608
1.7912
1.8295
1.8900
1.9362
1.9777
1.9941
2.0248
2.0786
2.1193
2.1233
2.1256
2.1243
2.0930
2.0661
2.0467
2.0527
2.0632
2.0556
2.0556
2.0526
2.0422
2.0338
2.0352
2.0614
2.0522
2.0248
1.9559
1.8537
1.7807
1.7524
1.7965
1.8882
2.0109
2.0872
2.1180
2.1137
2.1211
2.1249
2.1233
2.0912
2.0020
1.8764
1.7158
1.4948
1.2480
0.9296
0.5896
0.2488
-0.0134
-0.1690
-0.2034
-0.1225
-0.0310
-0.0413
-0.1192
-0.2437
-0.3831
-0.5148
-0.6356
-0.7918
-0.9019
-1.0370
-1.2500
-1.5197
-1.7844
-2.0292
-2.2361
-2.4322
-2.5998
-2.7188
-2.7986
-2.8590
-2.9344
-3.0240
-3.1194
-3.1510
-3.0967
-3.0239
-2.9329
-2.8390
-2.7432
-2.7183
-2.7654
-2.8427
-2.9258
-3.0014
-3.0615
-3.1121
-3.1373
-3.1516
-3.1608
-3.1533
-3.1727
-3.2278
-3.3024
-3.4148
-3.4885
-3.5169
-3.5319
-3.5293
-3.5073
-3.4526
-3.4231
-3.4337
-3.4723
-3.5627
-3.6795
-3.8091
-3.8987
-3.9436
-3.9303
-3.8944
-3.8615
-3.8246
-3.7671
-3.7013
-3.6284
-3.5829
-3.5373
-3.4815
-3.4114
-3.3339
-3.2228
-3.0742
-2.9573
-2.8856
-2.8291
-2.8017
-2.8226
-2.8679
-2.8813
-2.8637
-2.8523
-2.8559
-2.8705
-2.9010
-2.9410
-3.0092
-3.1171
-3.2537
-3.3889
-3.5608
-3.7564
-3.9778
-4.2299
-4.4850
-4.7390
-4.9871
-5.2140
-5.3791
-5.4712
-5.4853
-5.4891
-5.4860
-5.4865
-5.5095
-5.5744
-5.6737
-5.8214
-5.9971
-6.2088
-6.4181
-6.5754
-6.6619
-6.6776
-6.6776
-6.6776
-6.7021
-6.7232
-6.7525
-6.7956
-6.8425
-6.8995
-6.9892
-7.1222
-7.2897
-7.4864
-7.7057
-7.9403
-8.1712
-8.3984
-8.6015
-8.7788
-8.9215
-9.0056
-9.0725
-9.1220
-9.1441
-9.1783
-9.2176
-9.3014
-9.4267
-9.5985
-9.7923
-10.0105
-10.2341
-10.4181
-10.5564
-10.6639
-10.7771
-10.8794
-11.0054
-11.1510
-11.2913
-11.4152
-11.5218
-11.6304
-11.7442
-11.8520
-11.9591
-12.1063
-12.3219
-12.5926
-12.8267
-13.0319
-13.2271
-13.3971
-13.5315
-13.6336
-13.7258
-13.8166
-13.8947
-13.9867
-14.0872
-14.2081
-14.3343
-14.4485
-14.5478
-14.6342
-14.6800
-14.7127
-14.7187
-14.7990
-14.8919
-14.9964
-15.0596
-15.1008
-15.1357
-15.1515
-15.1901
-15.2582
-15.3554
-15.4381
-15.4830
-15.4943
-15.4915
-15.4917
-15.4929
-15.5463
-15.6102
-15.6700
-15.7320
-15.7753
-15.8000
-15.8186
-15.8227
-15.8139
-15.8084
-15.7869
-15.7646
-15.7500
-15.7438
-15.7619
-15.7487
-15.7019
-15.6154
-15.4945
-15.3440
-15.1791
-15.0667
-15.0174
-15.0112
-15.0020
-14.9690
-14.9020
-14.7711
-14.5566
-14.2729
-13.9820
-13.6942
-13.4125
-13.1768
-13.0018
-12.8998
-12.8209
-12.7619
-12.6874
-12.6017
-12.5264
-12.4542
-12.4188
-12.4188
-12.4156
-12.4029
-12.3988
-12.4114
-12.4460
-12.4805
-12.5108
-12.5600
-12.6174
-12.6579
-12.6639
-12.6587
-12.6504
-12.6369
-12.5941
-12.5470
-12.4876
-12.4440
-12.3942
-12.3464
-12.2864
-12.2209
-12.1389
-12.0237
-11.8816
-11.7334
-11.6181
-11.5145
-11.4232
-11.3358
-11.2376
-11.1032
-10.9445
-10.7610
-10.5675
-10.3577
-10.1415
-9.9052
-9.6445
-9.3812
-9.1243
-8.8742
-8.6440
-8.3992
-8.1628
-7.9477
-7.7495
-7.5631
-7.3603
-7.1227
-6.8553
-6.5464
-6.2361
-5.9119
-5.6004
-5.3116
-5.0516
-4.8450
-4.6882
-4.5732
-4.5185
-4.5346
-4.5720
-4.6155
-4.6204
-4.6204
-4.6427
-4.7116
-4.7952
-4.8977
-4.9621
-4.9634
-4.8935
-4.7660
-4.5898
-4.3848
-4.1827
-3.9877
-3.8103
-3.6500
-3.5387
-3.4837
-3.4600
-3.4638
-3.4638
-3.4555
-3.4370
-3.3889
-3.3203
-3.2392
-3.1539
-3.0572
-2.9844
-2.8952
-2.7882
-2.6741
-2.5558
-2.4855
-2.4231
-2.3675
-2.3471
-2.3474
-2.3474
-2.3474
-2.3474
-2.3474
-2.3474
-2.3405
-2.3492
-2.3507
-2.3555
-2.3465
-2.3366
-2.3469
-2.3631
-2.3587
-2.3243
-2.2726
-2.2183
-2.1853
-2.1601
-2.1459
-2.1451
-2.1736
-2.1959
-2.2347
-2.2849
-2.3447
-2.4101
-2.4655
-2.5053
-2.5188
-2.5281
-2.4853
-2.3832
-2.2065
-1.9782
-1.6859
-1.3879
-1.1023
-0.8942
-0.8268
5.4199
