11.894600
11.893455
11.890021
11.884299
11.876288
11.865991
11.853408
11.838541
11.821394
11.801967
11.780264
11.756287
11.730041
11.701529
11.670754
11.637722
11.602437
11.564904
11.525128
11.483115
11.438871
11.392402
11.343715
11.292817
11.239714
11.184414
11.126926
11.067257
11.005416
10.941411
10.875252
10.806948
10.736508
10.663943
10.589263
10.512479
10.433600
10.352639
10.269607
10.184516
10.097378
10.008204
9.917009
9.823804
9.728603
9.631419
9.532266
9.431159
9.328110
9.223136
9.116251
9.007470
8.896808
8.784281
8.669906
8.553697
8.435673
8.315848
8.194242
8.070869
7.945749
7.818899
7.690336
7.560079
7.428147
7.294558
7.159330
7.022484
6.884039
6.744013
6.602428
6.459302
6.314657
6.168513
6.020890
5.871809
5.721292
5.569360
5.416034
5.261336
5.105288
4.947912
4.789230
4.629265
4.468039
4.305576
4.141898
3.977029
3.810991
3.643808
3.475505
3.306104
3.135630
2.964107
2.791559
2.618011
2.443488
2.268013
2.091612
1.914309
1.736131
1.557102
1.377247
1.196592
1.015163
0.832984
0.650083
0.466485
0.282216
0.097302
-0.088231
-0.274357
-0.461049
-0.648280
-0.836025
-1.024257
-1.212948
-1.402073
-1.591604
-1.781515
-1.971778
-2.162367
-2.353256
-2.544416
-2.735820
-2.927443
-3.119255
-3.311231
-3.503344
-3.695565
-3.887868
-4.080225
-4.272609
-4.464994
-4.657351
-4.849654
-5.041875
-5.233987
-5.425963
-5.617776
-5.809398
-6.000803
-6.191962
-6.382850
-6.573439
-6.763703
-6.953613
-7.143144
-7.332269
-7.520960
-7.709191
-7.896935
-8.084167
-8.270858
-8.456983
-8.642516
-8.827430
-9.011699
-9.195297
-9.378197
-9.560375
-9.741804
-9.922458
-10.102312
-10.281341
-10.459519
-10.636821
-10.813221
-10.988696
-11.163219
-11.336766
-11.509313
-11.680836
-11.851309
-12.020709
-12.189012
-12.356194
-12.522231
-12.687100
-12.850777
-13.013239
-13.174464
-13.334428
-13.493109
-13.650484
-13.806532
-13.961229
-14.114554
-14.266486
-14.417002
-14.566081
-14.713704
-14.859847
-15.004491
-15.147616
-15.289200
-15.429225
-15.567669
-15.704514
-15.839741
-15.973329
-16.105260
-16.235516
-16.364077
-16.490927
-16.616046
-16.739417
-16.861023
-16.980846
-17.098870
-17.215077
-17.329451
-17.441977
-17.552638
-17.661418
-17.768302
-17.873275
-17.976322
-18.077428
-18.176579
-18.273762
-18.368962
-18.462166
-18.553360
-18.642532
-18.729669
-18.814759
-18.897790
-18.978750
-19.057627
-19.134410
-19.209089
-19.281652
-19.352091
-19.420394
-19.486551
-19.550555
-19.612395
-19.672062
-19.729549
-19.784847
-19.837949
-19.888846
-19.937532
-19.983999
-20.028242
-20.070253
-20.110028
-20.147560
-20.182843
-20.215874
-20.246647
-20.275158
-20.301403
-20.325378
-20.347079
-20.366505
-20.383651
-20.398516
-20.411098
-20.421394
-20.429403
-20.435124
-20.438557
-20.439700
-20.438554
-20.435119
-20.429394
-20.421382
-20.411084
-20.398499
-20.383632
-20.366482
-20.347054
-20.325349
-20.301372
-20.275124
-20.246610
-20.215835
-20.182801
-20.147515
-20.109980
-20.070203
-20.028189
-19.983943
-19.937473
-19.888784
-19.837884
-19.784780
-19.729480
-19.671990
-19.612320
-19.550477
-19.486471
-19.420311
-19.352005
-19.281564
-19.208998
-19.134316
-19.057530
-18.978651
-18.897689
-18.814656
-18.729563
-18.642423
-18.553249
-18.462052
-18.368846
-18.273643
-18.176458
-18.077304
-17.976196
-17.873146
-17.768171
-17.661284
-17.552502
-17.441839
-17.329311
-17.214935
-17.098725
-16.980699
-16.860874
-16.739266
-16.615893
-16.490771
-16.363920
-16.235356
-16.105098
-15.973165
-15.839575
-15.704346
-15.567499
-15.429053
-15.289026
-15.147440
-15.004314
-14.859667
-14.713522
-14.565898
-14.416817
-14.266299
-14.114366
-13.961039
-13.806340
-13.650291
-13.492914
-13.334232
-13.174266
-13.013039
-12.850575
-12.686897
-12.522026
-12.355988
-12.188805
-12.020500
-11.851099
-11.680625
-11.509101
-11.336553
-11.163004
-10.988480
-10.813004
-10.636602
-10.459300
-10.281121
-10.102091
-9.922236
-9.741580
-9.560150
-9.377972
-9.195070
-9.011472
-8.827202
-8.642287
-8.456754
-8.270628
-8.083936
-7.896704
-7.708959
-7.520727
-7.332035
-7.142910
-6.953379
-6.763468
-6.573204
-6.382615
-6.191726
-6.000566
-5.809162
-5.617539
-5.425726
-5.233750
-5.041638
-4.849417
-4.657114
-4.464756
-4.272372
-4.079987
-3.887630
-3.695327
-3.503106
-3.310994
-3.119018
-2.927206
-2.735584
-2.544179
-2.353020
-2.162132
-1.971543
-1.781280
-1.591370
-1.401839
-1.212715
-1.024024
-0.835793
-0.648049
-0.460818
-0.274127
-0.088002
0.097530
0.282444
0.466712
0.650310
0.833210
1.015387
1.196815
1.377469
1.557323
1.736351
1.914529
2.091830
2.268230
2.443704
2.618226
2.791773
2.964320
3.135841
3.306314
3.475713
3.644015
3.811196
3.977233
4.142101
4.305777
4.468239
4.629463
4.789427
4.948107
5.105481
5.261528
5.416224
5.569548
5.721479
5.871994
6.021073
6.168694
6.314837
6.459480
6.602604
6.744187
6.884211
7.022654
7.159498
7.294724
7.428311
7.560241
7.690496
7.819056
7.945905
8.071023
8.194393
8.315997
8.435820
8.553842
8.670048
8.784421
8.896946
9.007605
9.116384
9.223267
9.328239
9.431285
9.532390
9.631540
9.728721
9.823920
9.917123
10.008316
10.097487
10.184623
10.269711
10.352741
10.433699
10.512575
10.589357
10.664034
10.736597
10.807033
10.875335
10.941492
11.005494
11.067332
11.126998
11.184484
11.239781
11.292881
11.343777
11.392461
11.438927
11.483169
11.525179
11.564952
11.602482
11.637764
11.670794
11.701565
11.730075
11.756318
11.780292
11.801992
11.821416
11.838561
11.853425
11.866005
11.876299
11.884307
11.890027
11.893458
11.894600
11.893452
11.890016
11.884290
11.876277
11.865976
11.853391
11.838522
11.821371
11.801941
11.780235
11.756256
11.730007
11.701492
11.670715
11.637680
11.602392
11.564856
11.525078
11.483062
11.438815
11.392344
11.343654
11.292752
11.239647
11.184345
11.126854
11.067182
11.005338
10.941331
10.875169
10.806862
10.736420
10.663852
10.589170
10.512382
10.433502
