-4.609319315
-4.78402179
-4.91786064
-5.032436778
-5.163506382
-5.303258099
-5.44335632
-5.602367521
-5.785307826
-5.968821226
-6.216283758
-6.54619912
-6.930381082
-7.312409754
-7.675032815
-7.98434595
-8.277725288
-8.560749784
-8.7948894
-9.02655882
-9.216455557
-9.359382221
-9.517499465
-9.653829429
-9.772853978
-9.900634777
-10.0687046
-10.2434523
-10.42730816
-10.64075823
-10.8718606
-11.15243998
-11.45327603
-11.77048558
-12.10644751
-12.41806102
-12.71221345
-13.02981749
-13.33491611
-13.59302756
-13.82142396
-13.96718341
-14.07283924
-14.16739919
-14.26549831
-14.34566149
-14.44341385
-14.55115811
-14.6645692
-14.81528755
-15.00777501
-15.22569035
-15.45059507
-15.67985297
-15.88626074
-16.09426352
-16.27207306
-16.39708072
-16.50169301
-16.59728352
-16.68130647
-16.72107321
-16.75047468
-16.82377559
-16.94556062
-17.09094742
-17.23906688
-17.40501906
-17.51085258
-17.54524843
-17.57481648
-17.61735897
-17.64625403
-17.67641847
-17.67993893
-17.66785525
-17.64536266
-17.60666799
-17.57453098
-17.55861207
-17.5182454
-17.49074062
-17.4975262
-17.51565577
-17.58587706
-17.68746265
-17.78380154
-17.84819278
-17.87724992
-17.83995959
-17.7500061
-17.61806794
-17.44150144
-17.2564747
-17.09623286
-16.94963455
-16.8001366
-16.66548498
-16.52721279
-16.38110777
-16.24663479
-16.12133215
-16.057246
-16.03760969
-16.09669973
-16.169531
-16.22924299
-16.27989387
-16.29631265
-16.26465538
-16.15197271
-15.98758681
-15.74175462
-15.43800611
-15.13568022
-14.83777587
-14.58444944
-14.36134795
-14.19343464
-14.08475998
-14.03364957
-14.00287916
-13.97502574
-13.89839248
-13.74502858
-13.5265386
-13.22339121
-12.82018288
-12.40016067
-11.9697026
-11.5399163
-11.13424337
-10.74350685
-10.3762742
-10.04821566
-9.797295289
-9.613942882
-9.453133486
-9.26225809
-9.084625412
-8.885711467
-8.635282406
-8.324336403
-7.987519714
-7.554248803
-7.069704934
-6.573031258
-6.030971134
-5.488093824
-4.98954678
-4.514225874
-4.077027618
-3.744762516
-3.514788749
-3.363257123
-3.258079587
-3.15057284
-3.028573409
-2.854854734
-2.604279106
-2.266474767
-1.817341749
-1.303419378
-0.763046376
-0.206458126
0.328411398
0.801969652
1.206387365
1.528315186
1.782298089
1.98011293
2.162068555
2.319545402
2.464462044
2.631103279
2.799908594
2.96455543
3.165198696
3.388280356
3.639369544
3.905050398
4.21825488
4.543301924
4.881534178
5.226104178
5.578762304
5.913109749
6.201794361
6.442284695
6.663937719
6.8774483
7.116634728
7.369312565
7.654898704
7.970798342
8.303339807
8.652400128
9.009085319
9.385081267
9.750005085
10.04587964
10.30744948
10.53695477
10.75206556
10.94652779
11.11807652
11.24100612
11.34757323
11.41046535
11.47296891
11.56092092
11.66853949
11.79655182
11.9636562
12.16856167
12.34670326
12.53642822
12.72557232
12.89529243
13.05992324
13.23809308
13.42963326
13.62274092
13.81111982
14.00898835
14.21286628
14.39586645
14.5539128
14.71130408
14.87440079
15.04830015
15.23718798
15.43559454
15.63925722
15.83258519
15.99547743
16.11321065
16.18430082
16.24568769
16.28636429
16.31708746
16.36774333
16.4240564
16.48004463
16.52070557
16.55136203
16.54137652
16.53629286
16.57165564
16.61760107
16.66325257
16.72431767
16.77476335
16.81029953
16.82575276
16.79970744
16.74298431
16.68110552
16.5932458
16.44932099
16.28442189
16.10764693
15.90276753
15.68586821
15.45185601
15.17646901
14.8763483
14.59090926
14.31965569
14.09382026
13.96712561
13.91464212
13.94687101
14.06887578
14.21029782
14.33733761
14.4443721
14.51490589
14.5742298
14.57089742
14.52518929
14.45817989
14.33439626
14.15795755
13.95400449
13.75009118
13.56110965
13.36331064
13.20331139
13.08005065
12.96225473
12.86546643
12.75753669
12.59647984
12.41421087
12.23040205
11.9972266
11.75812358
11.50901033
11.26112864
11.02780093
10.79966388
10.56887482
10.38232758
10.24354435
10.10313198
9.956983687
9.789885594
9.577819173
9.295606191
8.988176374
8.653708682
8.247762527
7.803673216
7.311973566
6.769764351
6.206396888
5.643941234
5.092660107
4.622428872
4.24901585
3.974228447
3.818574548
3.780201714
3.768714396
3.768714396
3.762733436
3.740079391
3.673380845
3.610091578
3.506120348
3.339189204
3.120014671
2.858837375
2.548918021
2.23140597
1.918296357
1.642211783
1.380016962
1.172798122
1.036988889
0.904668996
0.830446993
0.775430437
0.705102729
0.609338931
0.489745603
0.339587838
0.147441474
-0.088076968
-0.337006415
-0.581401789
-0.794272273
-1.047907512
-1.346625193
-1.730382293
-2.179865523
-2.591910674
-2.925919513
-3.147433931
-3.238422029
-3.196961999
-3.108794308
-3.008433382
-2.917879004
-2.845306372
-2.796332336
-2.736152171
-2.64649813
-2.56454639
-2.498858864
-2.465777465
-2.441998483
-2.405834413
-2.337501643
-2.218580999
-2.065037078
-1.873533678
-1.653735781
-1.420959405
-1.242172027
-1.086646566
-1.001367128
-0.973621191
-1.006169895
-1.103848854
-1.247742974
-1.415194059
-1.586737288
-1.754832584
-1.906682496
-2.063541689
-2.176052082
-2.247664634
-2.291193116
-2.336187203
-2.376785549
-2.375983216
-2.355769138
-2.334153416
-2.322910428
-2.333715324
-2.357855715
-2.391293236
-2.426135523
-2.43009987
-2.381501498
-2.295081595
-2.188270863
-2.089028329
-1.980250539
-1.9132007
-1.882229841
-1.897440873
-1.919310087
-1.978222447
-2.072454537
-2.209477027
-2.393227123
-2.544345952
-2.7076911
-2.845896873
-2.943408178
-2.993082503
-2.993082503
-2.987500467
-3.022692161
-3.084618081
-3.167266536
-3.271423055
-3.422537973
-3.603840865
-3.795983349
-4.026875312
-4.225644057
-4.402810816
-4.603913246
-4.843589961
-5.128153459
-5.380834258
-5.563362554
-5.740434207
-5.881820296
-6.010123342
-6.164965322
-6.378549652
-6.597788247
-6.863690975
-7.148713457
-7.429663013
-7.699585401
-7.989564687
-8.297370534
-8.608302722
-8.939137943
-9.247039148
-9.532876133
-9.794508549
-10.01432355
-10.19644273
-10.35495388
-10.49762949
-10.62530553
-10.729882
-10.80457407
-10.85650488
-10.88976277
-10.91189108
-10.93591794
-10.97344444
-11.0364568
-11.12472337
-11.24908024
-11.40001895
-11.56790371
-11.73959935
-11.89122963
-12.03604923
-12.16324616
-12.27062917
-12.37398524
-12.47330048
-12.56983137
-12.65183177
-12.71559081
-12.80520403
-12.89493683
-12.98719135
-13.10160392
-13.24075489
-13.36943922
-13.48621199
-13.61187838
-13.70727508
-13.79466185
-13.90532468
-13.97411843
-14.01810815
-14.03337931
-13.9782113
-13.8878764
-13.73395505
-13.54905436
-13.3721139
-13.19794483
-13.03949074
-12.93922065
-12.88929454
-12.84709744
-12.7752926
-12.72544608
-12.66791813
-12.54888053
-12.41945256
-12.2848014
-12.13894665
-12.00982027
-11.91675592
-11.84150135
-11.8016191
-11.77850093
-11.78603168
-11.77692649
-11.77749185
-11.73659358
-11.6254515
-11.43831253
-11.20047192
-10.95199778
-10.69779048
-10.47785694
-10.34062684
-10.24792214
-10.17829415
-10.13367428
-10.05179673
-9.877412462
-9.609123474
-9.258550685
-8.883705975
-8.475477995
-8.100532781
-7.777362933
-7.451358495
-7.190802264
-7.016723977
-6.881956547
-6.792131447
-6.756764368
-6.713301848
-6.65983617
-6.569490529
-6.408910885
-6.169784168
-5.854465527
-5.46947417
-5.033599946
-4.599806979
-4.197463522
-3.840480914
-3.546304155
-3.284454025
-3.082454561
-2.927721628
-2.787702808
-2.674306956
-2.566241775
-2.474619235
-2.367851948
-2.209992516
-2.033370717
-1.825388111
-1.557279659
-1.278215235
-0.98485922
-0.659795005
-0.356999405
-0.061598651
0.198009069
0.449031506
0.650277905
0.808529063
0.955394365
1.071184255
1.247194678
1.48771337
1.756376412
2.087941423
2.514092873
2.991767309
3.575511246
4.182733139
4.707848143
5.164036855
5.597122617
5.973924208
6.285992481
6.551227853
6.743106242
6.868853851
6.957346657
7.04232409
7.14202287
7.267157385
7.443161816
7.697544633
7.973963536
8.235294124
8.497831415
8.772194714
9.092160006
9.408884263
9.669743883
9.873407571
10.03064915
10.13326589
10.2145191
10.29109185
10.32721562
10.37833075
10.47003791
10.55627371
10.65916745
10.78851137
10.87380701
10.88641447
10.90255345
10.94954942
10.99555087
11.04657838
11.07357681
11.06881954
11.04416289
11.02289317
10.97817487
10.95318071
10.96826625
11.01321425
11.02835282
11.08358579
11.11267213
11.09465688
11.02550406
10.90110978
10.7384594
10.5258717
10.33506305
10.19381715
10.06585119
9.982199071
9.943724468
9.911017182
9.901672353
9.905210966
9.887281531
9.852100908
9.787173836
9.672545016
9.541362115
9.403595185
9.316254831
9.272609816
9.224986259
9.168902755
9.054087666
8.849529398
8.567432663
8.276629436
8.014412594
7.800531074
7.633582453
7.489176317
7.348487465
7.176129758
7.002382121
6.815125968
6.581316693
6.300875212
5.99625911
5.670200041
5.27882074
4.900222968
4.586904441
4.316485377
4.074761856
3.873700384
3.695868328
3.565745911
3.459907741
3.380663563
3.322648438
3.239899694
3.127484936
2.96831803
2.741137023
2.467070923
2.172278839
1.845940506
1.53006814
1.238215273
0.989548291
0.82059203
0.727624598
0.653932574
0.599535309
0.515466819
0.373579758
0.176945062
-0.060342884
-0.300563413
-0.544773156
-0.79440584
-0.996557423
-1.194415892
-1.403909072
-1.58588284
-1.740198725
-1.90769068
-2.117293867
-2.316999101
-2.471767116
-2.590897331
-2.684428074
-2.71333804
-2.71717472
-2.717932419
-2.704057377
-2.603965255
-2.417331274
-2.178765589
-1.897427973
-1.654268969
-1.463786621
-1.370455044
-1.354812463
-1.393571399
-1.445448125
-1.525126441
-1.603572161
-1.631700314
-1.650280534
-1.653863742
-1.663828632
-1.704280924
-1.748260402
-1.790214907
-1.837980651
-1.900984592
-1.930466036
-1.988464701
-2.076363586
-2.16413951
-2.262623038
-2.306915427
-2.298414912
-2.281198339
-2.263678154
-2.230309064
-2.250822131
-2.308978349
-2.356746672
-2.377000062
-2.383802097
-2.367230712
-2.353643054
-2.315303853
-2.264145428
-2.213053856
-2.178096837
-2.159760636
-2.156666815
-2.150433637
-2.133937868
-2.122286882
-2.11702853
-2.106337306
-2.119838247
-2.148594414
-2.209347567
-2.279270389
-2.381009286
-2.510045973
-2.661623546
-2.806934405
-2.966632199
-3.087142734
-3.148258165
-3.164694091
-3.181570747
-3.200012483
-3.220595598
-3.249769667
-3.313800536
-3.376767177
-3.41698772
-3.487718733
-3.582066419
-3.681140118
-3.817854648
-3.960911292
-4.097222573
-4.19993419
-4.267678735
-4.305410577
-4.357285057
-4.420132899
-4.494821055
-4.590380622
-4.662768961
-4.719863999
-4.76932372
-4.795991011
-4.820541166
-4.863371398
-4.959689771
-5.081618055
-5.192727672
-5.286896057
-5.382863068
-5.486239228
-5.596822258
-5.737133703
-5.923164553
-6.092384098
-6.274545518
-6.494210906
-6.7088424
-6.939629008
-7.226542583
-7.50123866
-7.725584223
-7.918042328
-8.083503164
-8.19478009
-8.270281947
-8.335237696
-8.383088642
-8.401217034
-8.406963195
-8.441322186
-8.447978546
-8.463339468
-8.493238627
-8.526157966
-8.564240677
-8.650626626
-8.743973856
-8.822231313
-8.917254615
-8.999399225
-9.042065057
-9.062366484
-9.025097492
-8.982564003
-8.96136026
-8.899513941
-8.825667759
-8.758517482
-8.666088432
-8.560700884
-8.452472477
-8.349211984
-8.267201034
-8.209001033
-8.179294996
-8.17208857
-8.174478054
-8.184301567
-8.19965455
-8.20470666
-8.166592174
-8.102289854
-8.012406996
-7.901598953
-7.776413929
-7.679286925
-7.575913873
-7.487791878
-7.40284632
-7.286895655
-7.133975407
-6.960470661
-6.789265888
-6.648261831
-6.48260575
-6.353294197
-6.237573797
-6.114771251
-5.97256031
-5.83355838
-5.692536304
-5.527974836
-5.332491678
-5.075783831
-4.744778466
-4.362435102
-3.954428549
-3.551577201
-3.179388093
-2.851606787
-2.54832871
-2.28938772
-2.121509666
-1.982006485
-1.867472413
-1.771902676
-1.696151312
-1.601660734
-1.485831349
-1.362213386
-1.20520068
-1.04630196
-0.883111827
-0.713890893
-0.527577241
-0.324483145
-0.112029393
0.101904391
0.343730504
0.578656247
0.816241399
1.043438852
1.259510344
1.452701793
1.644379925
1.832244757
2.011917404
2.168082221
2.314658954
2.478931299
2.632248449
2.770183049
2.960864136
3.208029038
3.45831219
3.722846989
4.014014808
4.284197694
4.527004322
4.802217949
5.065426435
5.299610353
5.487331833
5.617658479
5.705029234
5.744099946
5.736653941
5.70845447
5.714482045
5.730285431
5.766106367
5.790011504
5.802101871
5.821856326
5.898516344
5.99014946
6.059381606
6.124596836
6.180748406
6.213956006
6.225932234
6.239053053
6.242977223
6.215298751
6.195812201
6.157835611
6.095204115
6.032478165
5.978977152
5.939800678
5.890849835
5.815467578
5.690112717
5.493196648
5.244509392
5.008220158
4.788007506
4.54426581
4.309368136
4.091598367
3.891775145
3.733834777
3.656085245
3.581216619
3.497164626
3.419703232
3.322479295
3.176898084
2.986491735
2.757816956
2.523351852
2.244110397
1.965830077
1.660154908
1.349972266
1.005049364
0.646701242
0.317155496
-0.004263726
-0.237001512
-0.417393458
-0.567302827
-0.687138701
-0.768887238
-0.804225739
-0.811462222
-0.836041617
-0.852679779
-0.887594371
-0.944768017
-1.031464553
-1.112093068
-1.245550844
-1.38571975
-1.514271211
-1.643137529
-1.772534359
-1.901274103
-1.997416808
-2.098579401
-2.182825421
-2.28529485
-2.385862992
-2.481366485
-2.538055912
-2.543764412
-2.549684535
-2.551194076
-2.504626608
-2.363119339
-2.157166751
-4.423227382
