10.9866
10.8344
10.7204
10.6800
10.7136
10.8034
10.8905
10.9596
10.9835
10.9372
10.8832
10.8149
10.7258
10.6516
10.5381
10.3874
10.2280
10.0583
9.8775
9.7462
9.6381
9.5446
9.4669
9.3693
9.2679
9.1407
9.0325
8.9383
8.8385
8.7201
8.5981
8.4517
8.2921
8.1058
7.9007
7.7052
7.5057
7.3209
7.1585
7.0110
6.8751
6.7265
6.5792
6.4427
6.3199
6.2289
6.1062
5.9493
5.7727
5.5444
5.2839
4.9728
4.6192
4.2393
3.8888
3.5747
3.2906
3.0671
2.8678
2.7059
2.5558
2.3976
2.2215
2.0106
1.7674
1.5136
1.2493
0.9589
0.6517
0.3577
0.0790
-0.1559
-0.3807
-0.5747
-0.7659
-0.9661
-1.1846
-1.4365
-1.7392
-2.0989
-2.5270
-3.0022
-3.4996
-3.9843
-4.4405
-4.8365
-5.1872
-5.4414
-5.6118
-5.7351
-5.8347
-5.9767
-6.1851
-6.4829
-6.8499
-7.3245
-7.8555
-8.4633
-9.0834
-9.6828
-10.2371
-10.7350
-11.1273
-11.4183
-11.6250
-11.7696
-11.8878
-11.9982
-12.1711
-12.4031
-12.7168
-13.1196
-13.5473
-14.0060
-14.4602
-14.8515
-15.1330
-15.3104
-15.4123
-15.4706
-15.4981
-15.5210
-15.5936
-15.7053
-15.8679
-16.0689
-16.2800
-16.5287
-16.7564
-16.9859
-17.2026
-17.3934
-17.5644
-17.7281
-17.8552
-17.9321
-17.9668
-17.9946
-18.0448
-18.1326
-18.2548
-18.4119
-18.5893
-18.7518
-18.9177
-19.0914
-19.2650
-19.4417
-19.6238
-19.8224
-19.9981
-20.1421
-20.2817
-20.4187
-20.5299
-20.6040
-20.6605
-20.6986
-20.7587
-20.8499
-20.9570
-21.0684
-21.1804
-21.2657
-21.3242
-21.3610
-21.3344
-21.2862
-21.2311
-21.1599
-21.0851
-21.0073
-20.9111
-20.7614
-20.5411
-20.2821
-20.0259
-19.7376
-19.4497
-19.1477
-18.8269
-18.4446
-18.0686
-17.7407
-17.5045
-17.3961
-17.3768
-17.4191
-17.4857
-17.5246
-17.4947
-17.4150
-17.2907
-17.1381
-16.9503
-16.7722
-16.6036
-16.4107
-16.1941
-15.9712
-15.7261
-15.4730
-15.2248
-14.9919
-14.8173
-14.6817
-14.5829
-14.4919
-14.3940
-14.2665
-14.0952
-13.9000
-13.6699
-13.4325
-13.1708
-12.8874
-12.5647
-12.2357
-11.9255
-11.6242
-11.3296
-11.0467
-10.7892
-10.5350
-10.2970
-10.0690
-9.8519
-9.6153
-9.3775
-9.1203
-8.8352
-8.5347
-8.2034
-7.8809
-7.5811
-7.2934
-7.0403
-6.7771
-6.5330
-6.3115
-6.1316
-5.9846
-5.8480
-5.7045
-5.5351
-5.3261
-5.0897
-4.8034
-4.4861
-4.1932
-3.8934
-3.6023
-3.3386
-3.0857
-2.8522
-2.6631
-2.4863
-2.3181
-2.1343
-1.9150
-1.6596
-1.3635
-1.0330
-0.6855
-0.3075
0.0807
0.4777
0.8615
1.2395
1.5998
1.9081
2.1826
2.4060
2.5819
2.7341
2.8798
3.0060
3.1527
3.3313
3.5220
3.7324
3.9672
4.1907
4.4093
4.6175
4.8305
5.0135
5.2078
5.3665
5.5045
5.6387
5.7439
5.8567
5.9768
6.1261
6.3197
6.5444
6.7731
7.0110
7.2045
7.3805
7.5359
7.6812
7.8328
7.9807
8.1439
8.3109
8.4946
8.6843
8.8776
9.1019
9.3607
9.6602
9.9852
10.3293
10.6607
10.9767
11.2359
11.4338
11.5726
11.6686
11.7139
11.7166
11.7034
11.6989
11.6989
11.7028
11.7106
11.7259
11.7531
11.7999
11.8381
11.8680
11.8961
11.9388
11.9992
12.0635
12.1198
12.1479
12.1574
12.1389
12.1309
12.1457
12.1532
12.1565
12.1431
12.1331
12.1147
12.0822
12.0616
12.0724
12.1320
12.2200
12.3464
12.4962
12.6686
12.8577
13.0133
13.0738
12.9699
12.7476
12.4936
12.3326
12.2554
12.2604
12.2492
12.2130
12.1336
12.0580
11.9803
11.9094
11.8522
11.7851
11.7239
11.6596
11.5909
11.5388
11.5295
11.5349
11.5313
11.5325
11.4561
11.2980
11.0344
10.7036
10.3166
9.8813
9.4660
9.0803
8.7555
8.5161
8.3574
8.2497
8.2307
8.2581
8.2962
8.3539
8.4408
8.4996
8.5136
8.4525
8.3270
8.1435
7.9043
7.6386
7.4284
7.2402
7.1072
7.0477
7.0647
7.1540
7.3068
7.4546
7.5824
7.6320
7.5953
7.5119
7.3959
7.2906
7.2030
7.1999
7.2457
7.2998
7.3307
7.3307
7.2922
7.2455
7.1899
7.1364
7.0975
7.0865
7.0995
7.1447
7.1762
7.1930
7.1801
7.1551
7.1313
7.0976
7.0642
6.9754
6.8304
6.6526
6.4821
6.3049
6.1702
6.0743
5.9956
5.9284
5.8259
5.6561
5.4276
5.1781
4.9313
4.7084
4.4796
4.2750
4.0869
3.8835
3.6697
3.4194
3.1889
2.9799
2.8004
2.6531
2.5464
2.4766
2.4311
2.3852
2.3226
2.2203
2.0669
1.8558
1.5998
1.3293
1.0548
0.7929
0.5449
0.3352
0.1500
-0.0199
-0.1743
-0.3300
-0.4819
-0.6504
-0.8156
-1.0051
-1.2052
-1.4288
-1.6864
-1.9865
-2.3118
-2.6502
-2.9459
-3.2161
-3.4608
-3.6993
-3.9160
-4.1311
-4.3620
-4.6187
-4.9119
-5.2288
-5.5708
-5.9233
-6.2370
-6.5177
-6.7872
-7.0167
-7.2389
-7.4483
-7.6794
-7.9264
-8.2095
-8.4963
-8.7825
-9.0181
-9.2210
-9.4025
-9.5596
-9.6949
-9.8483
-10.0287
-10.2406
-10.4437
-10.6626
-10.8873
-11.1168
-11.3039
-11.4759
-11.6414
-11.7986
-11.9687
-12.1547
-12.3451
-12.5428
-12.7630
-12.9984
-13.2726
-13.5598
-13.8462
-14.1204
-14.3347
-14.5089
-14.6660
-14.7923
-14.8916
-14.9968
-15.0661
-15.1273
-15.1690
-15.2307
-15.2970
-15.3960
-15.5356
-15.6975
-15.8699
-16.0295
-16.1883
-16.3333
-16.4388
-16.5212
-16.5813
-16.6094
-16.6304
-16.6121
-16.5669
-16.4826
-16.3895
-16.3251
-16.2900
-16.2674
-16.2611
-16.2670
-16.2980
-16.3458
-16.4047
-16.4125
-16.3653
-16.2786
-16.1579
-16.0185
-15.9261
-15.8570
-15.7939
-15.7026
-15.5800
-15.4455
-15.3412
-15.2437
-15.1546
-15.0280
-14.7961
-14.5075
-14.1948
-13.9142
-13.7077
-13.5503
-13.4502
-13.3589
-13.2227
-13.0437
-12.8440
-12.6357
-12.4100
-12.1647
-11.8681
-11.4929
-11.0197
-10.4959
-9.9675
-9.4822
-9.1102
-8.7950
-8.5461
-8.3720
-8.2433
-8.1180
-7.9875
-7.8363
-7.6555
-7.4714
-7.2629
-7.0353
-6.8079
-6.5619
-6.3282
-6.1586
-6.0513
-5.9699
-5.8939
-5.7989
-5.6642
-5.4778
-5.2571
-5.0296
-4.8123
-4.6053
-4.3883
-4.1814
-3.9418
-3.6919
-3.4421
-3.2204
-3.0032
-2.7712
-2.5242
-2.2629
-1.9837
-1.6986
-1.4146
-1.1633
-0.9456
-0.7958
-0.6560
-0.5274
-0.3720
-0.1962
0.0245
0.2563
0.4957
0.7660
1.0718
1.3801
1.6945
1.9857
2.2731
2.5165
2.7580
2.9473
3.0870
3.2119
3.2901
3.3803
3.5073
3.6738
3.8824
4.1041
4.3533
4.6197
4.8548
5.0797
5.2996
5.5051
5.6919
5.8525
5.9981
6.1181
6.2276
6.3165
6.3762
6.4294
6.5016
6.6091
6.7516
6.9071
7.0672
7.2249
7.3705
7.4884
7.5719
7.6249
7.6584
7.6828
7.7174
7.7588
7.7787
7.7615
7.7339
7.6923
7.6787
7.7181
7.7664
7.8211
7.8391
7.8386
7.8070
7.7486
7.6473
7.5287
7.4371
7.3623
7.3387
7.3352
7.3336
7.3139
7.2959
7.3453
7.4450
7.5758
7.6954
7.7567
7.6994
7.5041
7.1948
6.8003
6.3620
5.9414
5.5435
5.1978
4.9284
4.7030
4.5240
4.3721
4.2740
4.2209
4.1808
4.1860
4.2171
4.2275
4.2254
4.1901
4.1400
4.0834
4.0152
3.9646
3.9285
3.9145
3.8837
3.7949
3.6200
3.3558
3.0540
2.7276
2.4534
2.2558
2.1989
2.2401
2.3700
2.5351
2.6924
2.8129
2.8978
2.9577
3.0037
3.0585
3.0839
3.0878
3.0596
2.9885
2.8997
2.7971
2.6826
2.6420
2.6306
2.6875
2.7445
2.7322
2.6846
2.6305
2.6001
2.6114
2.6393
2.6385
2.6125
2.5752
2.5437
2.5246
2.5105
2.5003
2.5054
2.5030
2.4663
2.3878
2.2926
2.1958
2.0762
1.9577
1.8317
1.7109
1.5926
1.4985
1.4144
1.3276
1.2391
1.1466
1.0720
0.9936
0.9407
0.9031
0.8820
0.8543
0.8278
0.7795
0.7031
0.5816
0.4141
0.1827
-0.1016
-0.3807
-0.6771
-0.9725
-1.2228
-1.4497
-1.6360
-1.7674
-1.8666
-1.9590
-2.0581
-2.1769
-2.3181
-2.4842
-2.6361
-2.8046
-2.9641
-3.1200
-3.2600
-3.4148
-3.5840
-3.7605
-3.9537
-4.1354
-4.2897
-4.4170
-4.5258
-4.6399
-4.7671
-4.9326
-5.1488
-5.3905
-5.6516
-5.9217
-6.2094
-6.4950
-6.7642
-6.9845
-7.1633
-7.2897
-7.3892
-7.4525
-7.5100
-7.5763
-7.6699
-7.7633
-7.8712
-7.9989
-8.1482
-8.3422
-8.5706
-8.8171
-9.0495
-9.2452
-9.3971
-9.5258
-9.6504
-9.7482
-9.8259
-9.9015
-9.9819
-10.0608
-10.1472
-10.2530
-10.4128
-10.6072
-10.8200
-11.0261
-11.1993
-11.3575
-11.4811
-11.5852
-11.6510
-11.7040
-11.7407
-11.7671
-11.7676
-11.7277
-11.6286
-11.5050
-11.3466
-11.1984
-11.0515
-10.9178
-10.8101
-10.7237
-10.6531
-10.6099
-10.5721
-10.5412
-10.5028
-10.4486
-10.3665
-10.2667
-10.1902
-10.1302
-10.0872
-10.0600
-10.0279
-9.9646
-9.8604
-9.7073
-9.5419
-9.3679
-9.2184
-9.0955
-8.9800
-8.8136
-8.5800
-8.2990
-7.9726
-7.6357
-7.3151
-7.0314
-6.7920
-6.5845
-6.4070
-6.2543
-6.1281
-6.0371
-5.9705
-5.8917
-5.8181
-5.7077
-5.5747
-5.3804
-5.1598
-4.9358
-4.7274
-4.5349
-4.3321
-4.1327
-3.9385
-3.7515
-3.5717
-3.3972
-3.2059
-3.0315
-2.8559
-2.6976
-2.5322
-2.3683
-2.1842
-1.9639
-1.6958
-1.3849
-1.0546
-0.6885
-0.3050
0.0466
0.3555
0.5892
0.7528
0.8659
0.9472
1.0051
1.0555
1.1072
1.1724
1.2536
1.3321
1.4093
1.5165
1.6647
1.8231
2.0118
2.2019
2.3418
2.4580
2.5505
2.6600
2.7648
2.8700
2.9299
2.9536
2.9470
2.9271
2.9084
2.9060
2.9097
2.9247
2.9172
2.8684
2.8159
2.7596
2.7370
2.7370
2.7194
2.6667
2.6014
2.5412
2.4932
2.4590
2.4396
2.4442
2.4542
2.4656
2.4533
2.4234
2.3973
2.4296
2.5529
2.7369
11.3369
