8.3714
8.3701
8.2987
8.1583
8.0047
7.8476
7.7019
7.5761
7.4329
7.2930
7.1766
7.0697
6.9976
6.9669
6.9501
6.9225
6.8950
6.8722
6.8525
6.8667
6.9023
6.9582
7.0188
7.0679
7.0737
7.0520
7.0061
6.9508
6.8919
6.8108
6.7289
6.6599
6.5891
6.5113
6.4008
6.2833
6.1732
6.0990
6.0269
5.9712
5.9402
5.9501
5.9978
6.0549
6.1136
6.1700
6.2310
6.2981
6.3604
6.4139
6.4657
6.5230
6.5644
6.5706
6.5690
6.5463
6.5460
6.5473
6.5442
6.5324
6.5246
6.5127
6.4928
6.4775
6.4390
6.4070
6.3554
6.2929
6.2336
6.1525
6.0629
6.0046
5.9812
5.9657
5.9585
5.9484
5.9538
5.9601
5.9780
6.0076
6.0418
6.0719
6.0832
6.0988
6.1278
6.1760
6.2281
6.2720
6.3302
6.4147
6.5209
6.6003
6.6415
6.6548
6.6258
6.6001
6.5955
6.5908
6.5690
6.5389
6.4753
6.4198
6.3729
6.3142
6.2555
6.1828
6.0937
5.9956
5.9096
5.8406
5.8133
5.8135
5.8306
5.8437
5.8509
5.8465
5.8341
5.8320
5.8023
5.7626
5.6675
5.5796
5.5030
5.4530
5.4351
5.4321
5.4354
5.4373
5.4248
5.3919
5.3543
5.3128
5.2548
5.1773
5.0726
4.9671
4.8478
4.7245
4.5915
4.4763
4.3763
4.2859
4.2288
4.2012
4.2073
4.2297
4.2318
4.1947
4.1319
4.0324
3.9362
3.8428
3.7724
3.7259
3.7051
3.6964
3.6743
3.6295
3.5591
3.4965
3.4393
3.3781
3.3446
3.3056
3.2733
3.2381
3.2048
3.1668
3.1008
3.0425
2.9753
2.9106
2.8671
2.8235
2.7562
2.6618
2.5829
2.5110
2.4593
2.4142
2.3949
2.3628
2.3233
2.2889
2.2566
2.2030
2.1094
1.9982
1.8919
1.7905
1.6929
1.5991
1.5151
1.4311
1.3461
1.2633
1.1617
1.0501
0.9434
0.8768
0.8279
0.7803
0.7553
0.7151
0.6748
0.6610
0.6461
0.6249
0.5886
0.5409
0.4795
0.3916
0.2772
0.1701
0.0542
-0.0366
-0.0857
-0.1210
-0.1652
-0.2421
-0.3330
-0.4315
-0.5439
-0.6703
-0.8006
-0.9094
-0.9550
-0.9676
-0.9750
-1.0074
-1.0891
-1.1732
-1.2425
-1.2956
-1.3539
-1.4336
-1.5337
-1.6398
-1.7572
-1.8723
-1.9697
-2.0606
-2.1501
-2.2365
-2.3468
-2.4675
-2.5983
-2.7123
-2.8432
-2.9718
-3.0952
-3.2118
-3.2929
-3.3505
-3.4083
-3.4801
-3.5638
-3.6437
-3.7236
-3.8443
-4.0115
-4.1954
-4.3866
-4.5977
-4.7820
-4.9327
-5.0693
-5.1783
-5.2874
-5.3875
-5.4714
-5.5378
-5.5791
-5.6563
-5.7837
-5.9785
-6.2211
-6.4917
-6.7692
-7.0269
-7.2523
-7.4545
-7.6280
-7.7537
-7.8333
-7.8670
-7.8812
-7.8865
-7.9007
-7.9379
-8.0142
-8.1275
-8.2727
-8.4322
-8.5864
-8.7070
-8.7798
-8.8118
-8.8366
-8.8525
-8.8683
-8.9197
-9.0046
-9.1378
-9.2975
-9.4712
-9.6678
-9.8698
-10.0629
-10.2520
-10.4089
-10.5360
-10.6291
-10.6777
-10.7304
-10.7833
-10.8266
-10.8852
-10.9609
-11.0694
-11.2419
-11.4422
-11.6516
-11.8548
-12.0393
-12.1942
-12.3084
-12.3779
-12.4191
-12.4334
-12.4443
-12.4552
-12.4673
-12.4829
-12.5093
-12.5262
-12.5531
-12.5900
-12.6358
-12.6895
-12.7565
-12.8268
-12.8870
-12.9205
-12.9272
-12.9415
-12.9415
-12.9524
-12.9591
-12.9691
-13.0023
-13.0563
-13.1180
-13.1720
-13.2207
-13.2618
-13.3071
-13.3380
-13.3679
-13.3935
-13.4069
-13.4103
-13.4136
-13.4136
-13.4136
-13.4136
-13.4325
-13.4832
-13.5406
-13.6287
-13.7288
-13.8521
-13.9557
-14.0396
-14.1114
-14.1765
-14.2218
-14.2395
-14.2461
-14.2461
-14.2671
-14.3079
-14.3432
-14.3906
-14.4391
-14.4756
-14.5142
-14.5616
-14.6245
-14.6776
-14.7592
-14.8419
-14.9400
-15.0051
-15.0669
-15.1055
-15.1276
-15.1410
-15.1642
-15.1973
-15.2336
-15.2764
-15.3255
-15.3810
-15.4300
-15.4725
-15.5245
-15.5763
-15.6249
-15.6637
-15.7025
-15.7413
-15.7897
-15.8477
-15.9058
-15.9701
-16.0313
-16.0892
-16.1534
-16.2143
-16.2785
-16.3337
-16.3975
-16.4431
-16.4657
-16.4701
-16.4830
-16.4864
-16.4896
-16.4785
-16.4643
-16.4533
-16.4550
-16.4743
-16.4936
-16.4877
-16.4747
-16.4634
-16.4639
-16.4500
-16.4417
-16.4263
-16.3832
-16.3685
-16.3458
-16.3548
-16.3875
-16.4352
-16.4861
-16.5397
-16.5705
-16.6011
-16.6254
-16.6566
-16.7065
-16.7807
-16.8628
-16.9355
-17.0011
-17.0315
-17.0211
-16.9748
-16.9019
-16.8296
-16.7763
-16.7214
-16.6916
-16.6417
-16.5979
-16.5386
-16.4723
-16.4100
-16.3680
-16.3548
-16.3580
-16.3387
-16.3014
-16.2292
-16.1313
-16.0000
-15.8487
-15.6889
-15.5463
-15.4519
-15.4024
-15.3840
-15.3795
-15.3804
-15.3697
-15.3341
-15.2784
-15.1972
-15.1021
-15.0101
-14.9066
-14.8232
-14.7569
-14.7162
-14.6754
-14.6369
-14.5899
-14.5367
-14.4673
-14.3694
-14.2746
-14.1713
-14.0628
-13.9373
-13.8173
-13.7089
-13.6345
-13.5686
-13.5187
-13.4920
-13.4697
-13.4398
-13.3868
-13.3316
-13.2563
-13.1757
-13.1036
-13.0421
-12.9955
-12.9626
-12.9614
-12.9508
-12.9264
-12.8798
-12.8333
-12.7836
-12.7392
-12.6852
-12.6186
-12.5562
-12.5012
-12.4410
-12.3831
-12.3442
-12.3138
-12.2960
-12.2822
-12.2873
-12.3157
-12.3377
-12.3493
-12.3547
-12.3634
-12.3761
-12.3909
-12.4109
-12.4214
-12.4108
-12.3667
-12.2933
-12.2127
-12.1113
-11.9892
-11.8745
-11.7496
-11.6352
-11.5221
-11.3893
-11.2471
-11.0974
-10.9588
-10.8362
-10.7419
-10.6792
-10.6216
-10.5539
-10.4608
-10.3741
-10.2945
-10.2252
-10.1643
-10.0984
-10.0325
-9.9566
-9.8606
-9.7528
-9.6617
-9.5762
-9.5063
-9.4612
-9.4311
-9.4060
-9.3628
-9.2981
-9.2123
-9.1019
-8.9751
-8.8547
-8.7262
-8.5817
-8.4387
-8.2927
-8.1598
-8.0352
-7.9122
-7.7859
-7.6826
-7.5891
-7.5072
-7.4318
-7.3646
-7.3106
-7.2467
-7.1550
-7.0404
-6.9078
-6.7703
-6.6361
-6.5069
-6.3940
-6.2861
-6.1999
-6.1397
-6.0924
-6.0320
-5.9554
-5.8543
-5.7662
-5.6733
-5.5852
-5.5084
-5.4349
-5.3548
-5.2931
-5.2231
-5.1645
-5.1221
-5.0750
-5.0149
-4.9511
-4.8775
-4.7844
-4.6563
-4.4900
-4.2959
-4.0782
-3.8303
-3.5772
-3.3272
-3.1228
-2.9982
-2.9649
-2.9615
-2.9647
-2.9509
-2.9263
-2.9051
-2.8818
-2.8469
-2.8059
-2.7545
-2.6928
-2.6030
-2.5188
-2.4148
-2.3132
-2.1918
-2.0856
-1.9664
-1.8461
-1.7317
-1.6079
-1.4981
-1.3930
-1.2938
-1.2073
-1.1641
-1.1571
-1.1571
-1.1571
-1.1454
-1.1303
-1.1035
-1.0616
-1.0162
-0.9558
-0.8803
-0.7838
-0.6638
-0.5345
-0.3944
-0.2822
-0.1885
-0.1229
-0.0831
-0.0586
-0.0481
-0.0376
0.0006
0.0551
0.1328
0.2386
0.3851
0.5619
0.7530
0.9503
1.1304
1.2861
1.3796
1.4065
1.4065
1.3995
1.4031
1.4067
1.4067
1.4067
1.4102
1.4208
1.4350
1.4525
1.4771
1.5206
1.5825
1.6419
1.7024
1.7247
1.7319
1.7390
1.7588
1.7786
1.8182
1.8496
1.8765
1.9155
1.9814
2.0757
2.2042
2.3614
2.5640
2.7905
3.0648
3.3252
3.5825
3.8076
3.9722
4.0793
4.1357
4.1766
4.2265
4.2633
4.2781
4.2819
4.2967
4.3115
4.3372
4.3931
4.4596
4.5345
4.6149
4.7162
4.8342
4.9647
5.0959
5.2552
5.4330
5.5933
5.7106
5.7804
5.8184
5.8516
5.8733
5.9065
5.9286
5.9359
5.9356
5.9503
5.9760
6.0076
6.0688
6.1581
6.2927
6.4404
6.5736
6.7146
6.8334
6.9150
6.9409
6.9364
6.9364
6.9364
6.9364
6.9076
6.8499
6.7842
6.7253
6.6699
6.6330
6.6227
6.6638
6.7436
6.8179
6.8356
6.8032
6.7113
6.6297
6.5502
6.5290
6.5585
6.6002
6.6302
6.6404
6.6357
6.6336
6.6783
6.7761
6.9502
7.1574
7.3965
7.6508
7.8748
8.0592
8.1779
8.2030
8.1714
8.1242
8.0805
8.0732
8.0732
8.0634
8.0536
8.0354
8.0036
7.9567
7.8915
7.8183
7.7348
7.6254
7.5494
7.5218
7.5251
7.5244
7.5052
7.4737
7.4452
7.4268
7.3991
7.3754
7.3515
7.3352
7.3374
7.3564
7.3793
7.4253
7.4894
7.5653
7.6768
7.8128
7.9619
8.0724
8.1897
8.3001
8.4808
8.7396
9.0525
9.3821
9.6697
9.9031
10.0456
10.0827
10.0190
9.9009
9.7415
9.5214
9.3069
9.1333
