11.408200
11.408140
11.407961
11.407661
11.407243
11.406704
11.406046
11.405268
11.404370
11.403353
11.402216
11.400960
11.399584
11.398088
11.396473
11.394738
11.392883
11.390909
11.388815
11.386602
11.384270
11.381817
11.379246
11.376555
11.373744
11.370814
11.367764
11.364596
11.361307
11.357900
11.354373
11.350727
11.346961
11.343077
11.339073
11.334950
11.330708
11.326346
11.321866
11.317267
11.312548
11.307711
11.302754
11.297679
11.292485
11.287172
11.281740
11.276190
11.270520
11.264732
11.258826
11.252801
11.246657
11.240395
11.234014
11.227515
11.220897
11.214162
11.207308
11.200335
11.193245
11.186036
11.178710
11.171265
11.163703
11.156022
11.148224
11.140308
11.132274
11.124122
11.115853
11.107467
11.098963
11.090341
11.081602
11.072746
11.063772
11.054682
11.045474
11.036149
11.026707
11.017149
11.007473
10.997681
10.987772
10.977747
10.967605
10.957346
10.946971
10.936480
10.925872
10.915149
10.904309
10.893353
10.882281
10.871094
10.859791
10.848372
10.836837
10.825187
10.813421
10.801540
10.789544
10.777433
10.765207
10.752865
10.740409
10.727838
10.715152
10.702352
10.689437
10.676407
10.663263
10.650005
10.636633
10.623147
10.609547
10.595833
10.582005
10.568064
10.554008
10.539840
10.525558
10.511163
10.496655
10.482034
10.467299
10.452452
10.437493
10.422420
10.407236
10.391938
10.376529
10.361007
10.345374
10.329628
10.313771
10.297801
10.281721
10.265529
10.249225
10.232810
10.216284
10.199648
10.182900
10.166041
10.149072
10.131993
10.114803
10.097502
10.080092
10.062572
10.044941
10.027201
10.009352
9.991393
9.973324
9.955147
9.936860
9.918464
9.899960
9.881346
9.862625
9.843794
9.824856
9.805809
9.786655
9.767392
9.748022
9.728544
9.708959
9.689267
9.669467
9.649561
9.629547
9.609427
9.589200
9.568867
9.548427
9.527882
9.507230
9.486473
9.465610
9.444641
9.423567
9.402388
9.381104
9.359715
9.338221
9.316623
9.294920
9.273112
9.251201
9.229186
9.207067
9.184844
9.162518
9.140089
9.117556
9.094920
9.072182
9.049341
9.026397
9.003352
8.980204
8.956954
8.933602
8.910148
8.886594
8.862937
8.839180
8.815322
8.791363
8.767303
8.743143
8.718883
8.694522
8.670062
8.645502
8.620842
8.596083
8.571225
8.546268
8.521212
8.496058
8.470805
8.445453
8.420004
8.394457
8.368812
8.343069
8.317229
8.291292
8.265258
8.239128
8.212900
8.186577
8.160157
8.133641
8.107029
8.080322
8.053519
8.026621
7.999628
7.972540
7.945358
7.918081
7.890710
7.863245
7.835686
7.808033
7.780287
7.752448
7.724515
7.696490
7.668372
7.640162
7.611860
7.583465
7.554979
7.526401
7.497732
7.468972
7.440120
7.411178
7.382146
7.353023
7.323810
7.294507
7.265114
7.235632
7.206061
7.176400
7.146651
7.116813
7.086887
7.056872
7.026770
6.996579
6.966302
6.935937
6.905485
6.874946
6.844320
6.813608
6.782810
6.751926
6.720956
6.689901
6.658760
6.627534
6.596224
6.564828
6.533349
6.501785
6.470138
6.438406
6.406592
6.374694
6.342713
6.310649
6.278503
6.246275
6.213964
6.181572
6.149098
6.116542
6.083906
6.051189
6.018391
5.985513
5.952554
5.919516
5.886398
5.853201
5.819924
5.786568
5.753134
5.719622
5.686031
5.652362
5.618615
5.584791
5.550890
5.516912
5.482857
5.448725
5.414517
5.380234
5.345874
5.311439
5.276929
5.242344
5.207684
5.172950
5.138141
5.103258
5.068302
5.033272
4.998169
4.962993
4.927745
4.892424
4.857031
4.821565
4.786029
4.750420
4.714741
4.678991
4.643170
4.607279
4.571317
4.535286
4.499185
4.463015
4.426776
4.390468
4.354092
4.317647
4.281135
4.244554
4.207906
4.171191
4.134409
4.097561
4.060646
4.023664
3.986617
3.949505
3.912327
3.875084
3.837776
3.800404
3.762968
3.725468
3.687904
3.650276
3.612586
3.574832
3.537016
3.499138
3.461198
3.423196
3.385132
3.347008
3.308822
3.270576
3.232269
3.193902
3.155476
3.116990
3.078445
3.039841
3.001178
2.962456
2.923677
2.884840
2.845945
2.806993
2.767984
2.728918
2.689796
2.650618
2.611384
2.572095
2.532750
2.493350
2.453895
2.414386
2.374823
2.335206
2.295536
2.255812
2.216036
2.176206
2.136325
2.096391
2.056405
2.016368
1.976280
1.936141
1.895951
1.855711
1.815420
1.775080
1.734691
1.694252
1.653765
1.613229
1.572645
1.532012
1.491332
1.450605
1.409831
1.369009
1.328142
1.287228
1.246268
1.205262
1.164212
1.123116
1.081976
1.040791
0.999562
0.958289
0.916973
0.875613
0.834211
0.792766
0.751279
0.709750
0.668179
0.626566
0.584913
0.543219
0.501484
0.459709
0.417895
0.376040
0.334147
0.292215
0.250243
0.208234
0.166187
0.124101
0.081979
0.039819
-0.002378
-0.044611
-0.086880
-0.129185
-0.171526
-0.213901
-0.256312
-0.298758
-0.341238
-0.383752
-0.426299
-0.468880
-0.511494
-0.554141
-0.596821
-0.639532
-0.682276
-0.725051
-0.767857
-0.810694
-0.853562
-0.896460
-0.939388
-0.982345
-1.025332
-1.068348
-1.111393
-1.154466
-1.197568
-1.240697
-1.283853
-1.327037
-1.370247
-1.413484
-1.456748
-1.500037
-1.543352
-1.586692
-1.630056
-1.673446
-1.716860
-1.760298
-1.803759
-1.847244
-1.890752
-1.934283
-1.977836
-2.021412
-2.065009
-2.108627
-2.152267
-2.195927
-2.239608
-2.283309
-2.327030
-2.370771
-2.414531
-2.458309
-2.502107
-2.545922
-2.589756
-2.633607
-2.677475
-2.721361
-2.765263
-2.809181
-2.853116
-2.897066
-2.941032
-2.985013
-3.029008
-3.073018
-3.117042
-3.161080
-3.205131
-3.249196
-3.293273
-3.337363
-3.381465
-3.425579
-3.469704
-3.513841
-3.557988
-3.602146
-3.646315
-3.690493
-3.734681
-3.778878
-3.823084
-3.867299
-3.911522
-3.955753
-3.999992
-4.044238
-4.088491
-4.132751
-4.177017
-4.221290
-4.265568
-4.309851
-4.354140
-4.398433
-4.442731
-4.487033
-4.531339
-4.575648
-4.619960
-4.664275
-4.708593
-4.752913
-4.797235
-4.841558
-4.885883
-4.930208
-4.974534
-5.018861
-5.063187
-5.107513
-5.151838
-5.196162
-5.240484
-5.284805
-5.329124
-5.373441
-5.417755
-5.462066
-5.506374
-5.550678
-5.594978
-5.639274
-5.683565
-5.727852
-5.772133
-5.816408
-5.860678
-5.904941
-5.949198
-5.993448
-6.037691
-6.081927
-6.126154
-6.170374
-6.214585
-6.258787
-6.302980
-6.347163
-6.391337
-6.435501
-6.479654
-6.523797
-6.567929
-6.612049
-6.656158
-6.700254
-6.744338
-6.788410
-6.832469
-6.876514
-6.920546
-6.964563
-7.008567
-7.052556
-7.096530
-7.140489
-7.184432
-7.228359
-7.272271
-7.316165
-7.360043
-7.403904
-7.447747
-7.491573
-7.535380
-7.579169
-7.622940
-7.666691
-7.710423
-7.754135
-7.797827
-7.841499
-7.885150
-7.928780
-7.972389
-8.015977
-8.059542
-8.103085
-8.146606
-8.190103
-8.233578
-8.277029
-8.320456
-8.363859
-8.407238
-8.450592
-8.493920
-8.537224
-8.580501
-8.623753
-8.666978
-8.710177
-8.753348
-8.796493
-8.839609
-8.882698
-8.925759
-8.968791
-9.011794
-9.054768
-9.097712
-9.140627
-9.183511
-9.226365
-9.269188
-9.311981
-9.354742
-9.397471
-9.440168
-9.482833
-9.525465
-9.568065
-9.610631
-9.653163
-9.695662
-9.738127
-9.780557
-9.822952
-9.865312
-9.907637
-9.949926
-9.992179
-10.034396
-10.076576
-10.118719
-10.160825
-10.202893
-10.244924
-10.286916
-10.328870
-10.370785
-10.412661
-10.454498
-10.496295
-10.538051
-10.579768
-10.621444
-10.663079
-10.704673
-10.746225
-10.787736
-10.829204
-10.870630
-10.912013
-10.953353
-10.994650
-11.035903
-11.077113
-11.118278
-11.159398
-11.200474
-11.241504
-11.282489
-11.323429
-11.364322
-11.405169
-11.445969
-11.486723
-11.527429
-11.568088
-11.608699
-11.649261
-11.689776
-11.730241
-11.770658
-11.811025
-11.851343
-11.891611
-11.931829
-11.971996
-12.012112
-12.052178
-12.092192
-12.132154
-12.172065
-12.211923
-12.251729
-12.291482
-12.331182
-12.370828
-12.410421
-12.449960
-12.489445
-12.528875
-12.568250
-12.607570
-12.646835
-12.686044
-12.725197
-12.764294
-12.803335
-12.842318
-12.881245
-12.920114
-12.958925
-12.997678
-13.036374
-13.075010
-13.113588
-13.152107
-13.190566
-13.228966
-13.267306
-13.305586
-13.343805
-13.381963
-13.420061
-13.458097
-13.496071
-13.533984
-13.571834
-13.609622
-13.647347
-13.685010
-13.722609
-13.760144
-13.797616
-13.835024
-13.872367
-13.909646
-13.946860
-13.984008
-14.021092
-14.058109
-14.095061
-14.131946
-14.168765
-14.205517
-14.242202
-14.278820
-14.315370
-14.351852
-14.388267
-14.424612
-14.460890
-14.497098
-14.533237
-14.569307
-14.605307
-14.641237
-14.677097
-14.712886
-14.748604
-14.784252
-14.819828
-14.855333
-14.890766
-14.926127
-14.961416
-14.996632
-15.031775
-15.066846
-15.101842
-15.136766
-15.171615
-15.206391
-15.241092
-15.275718
-15.310270
-15.344747
-15.379148
-15.413473
-15.447723
-15.481897
-15.515994
-15.550015
-15.583959
-15.617826
-15.651615
-15.685327
-15.718961
-15.752517
-15.785995
-15.819394
-15.852714
-15.885955
-15.919117
-15.952199
-15.985202
-16.018125
-16.050967
-16.083729
-16.116410
-16.149010
-16.181529
-16.213966
-16.246322
-16.278596
-16.310788
-16.342897
-16.374924
-16.406868
-16.438728
-16.470506
-16.502200
-16.533810
-16.565336
-16.596778
-16.628135
-16.659408
-16.690595
-16.721698
-16.752715
-16.783647
-16.814492
-16.845252
-16.875925
-16.906512
-16.937012
-16.967426
-16.997752
-17.027990
-17.058141
-17.088204
-17.118179
-17.148066
-17.177865
-17.207574
-17.237195
-17.266726
-17.296169
-17.325521
-17.354784
-17.383957
-17.413039
-17.442032
-17.470933
-17.499744
-17.528463
-17.557092
-17.585629
-17.614074
-17.642427
-17.670688
-17.698857
-17.726934
-17.754917
-17.782808
-17.810606
-17.838310
-17.865921
-17.893438
-17.920861
-17.948190
-17.975425
-18.002565
-18.029610
-18.056561
-18.083416
-18.110176
-18.136841
-18.163410
-18.189883
-18.216260
-18.242540
-18.268724
-18.294812
-18.320802
-18.346696
-18.372492
-18.398191
-18.423793
-18.449296
-18.474702
-18.500009
-18.525218
-18.550328
-18.575340
-18.600253
-18.625067
-18.649781
-18.674397
-18.698912
-18.723328
-18.747643
-18.771859
-18.795974
-18.819989
-18.843903
-18.867716
-18.891428
-18.915039
-18.938549
-18.961957
-18.985263
-19.008467
-19.031570
-19.054570
-19.077467
-19.100263
-19.122955
-19.145545
-19.168031
-19.190414
-19.212694
-19.234871
-19.256943
-19.278912
-19.300777
-19.322537
-19.344194
-19.365745
-19.387192
-19.408534
-19.429772
-19.450904
-19.471931
-19.492852
-19.513668
-19.534378
-19.554982
-19.575480
-19.595872
-19.616158
-19.636337
-19.656410
-19.676375
-19.696234
-19.715986
-19.735630
-19.755168
-19.774597
-19.793919
-19.813133
-19.832240
-19.851238
-19.870128
-19.888910
-19.907583
-19.926148
-19.944603
-19.962950
-19.981188
-19.999317
-20.017337
-20.035247
-20.053048
-20.070739
-20.088320
-20.105791
-20.123152
-20.140403
-20.157544
-20.174574
-20.191493
-20.208302
-20.225001
-20.241588
-20.258064
-20.274429
-20.290683
-20.306825
-20.322856
-20.338775
-20.354583
-20.370278
-20.385862
-20.401333
-20.416693
-20.431940
-20.447074
-20.462096
-20.477005
-20.491802
-20.506486
-20.521056
-20.535514
-20.549859
-20.564090
-20.578207
-20.592212
-20.606102
-20.619879
-20.633542
-20.647092
-20.660527
-20.673848
-20.687055
-20.700148
-20.713126
-20.725990
-20.738739
-20.751373
-20.763893
-20.776298
-20.788588
-20.800763
-20.812823
-20.824767
-20.836597
-20.848311
-20.859909
-20.871392
-20.882759
-20.894011
-20.905147
-20.916166
-20.927070
-20.937858
-20.948530
-20.959085
-20.969525
-20.979848
-20.990054
-21.000144
-21.010118
-21.019974
-21.029714
-21.039338
-21.048844
-21.058233
-21.067506
-21.076661
-21.085699
-21.094620
-21.103424
-21.112111
-21.120680
-21.129131
-21.137465
-21.145682
-21.153781
-21.161762
-21.169625
-21.177371
-21.184999
-21.192509
-21.199901
-21.207174
-21.214330
-21.221368
-21.228287
-21.235088
-21.241771
-21.248336
-21.254782
-21.261110
-21.267319
-21.273410
-21.279382
-21.285235
-21.290970
-21.296586
-21.302084
-21.307462
-21.312722
-21.317863
-21.322885
-21.327789
-21.332573
-21.337238
-21.341784
-21.346211
-21.350519
-21.354708
-21.358778
-21.362729
-21.366560
-21.370272
-21.373865
-21.377338
-21.380693
-21.383927
-21.387043
-21.390039
-21.392915
-21.395673
-21.398310
-21.400829
-21.403227
-21.405507
-21.407666
-21.409707
-21.411627
-21.413428
-21.415110
-21.416672
-21.418114
-21.419436
-21.420639
-21.421723
-21.422686
-21.423531
-21.424255
-21.424860
-21.425345
-21.425710
-21.425956
-21.426082
-21.426088
-21.425975
-21.425742
-21.425389
-21.424917
-21.424324
-21.423613
-21.422781
-21.421830
-21.420760
-21.419569
-21.418259
-21.416830
-21.415280
-21.413612
-21.411823
-21.409915
-21.407888
-21.405741
-21.403474
-21.401088
-21.398582
-21.395957
-21.393212
-21.390348
-21.387365
-21.384262
-21.381040
-21.377698
-21.374237
-21.370657
-21.366958
-21.363139
-21.359201
-21.355144
-21.350968
-21.346672
-21.342258
-21.337724
-21.333071
-21.328300
-21.323409
-21.318400
-21.313271
-21.308024
-21.302658
-21.297173
-21.291569
-21.285847
-21.280006
-21.274046
-21.267968
-21.261771
-21.255456
-21.249022
-21.242470
-21.235800
-21.229011
-21.222104
-21.215079
-21.207936
-21.200675
-21.193295
-21.185798
-21.178183
-21.170450
-21.162599
-21.154630
-21.146543
-21.138339
-21.130018
-21.121578
-21.113022
-21.104348
-21.095556
-21.086648
-21.077622
-21.068479
-21.059219
-21.049842
-21.040348
-21.030737
-21.021009
-21.011165
-21.001204
-20.991126
-20.980932
-20.970621
-20.960194
-20.949651
-20.938991
-20.928216
-20.917324
-20.906317
-20.895193
-20.883954
-20.872599
-20.861128
-20.849542
-20.837840
-20.826023
-20.814090
-20.802043
-20.789880
-20.777602
-20.765209
-20.752702
-20.740079
-20.727342
-20.714491
-20.701524
-20.688444
-20.675249
-20.661940
-20.648517
-20.634980
-20.621328
-20.607564
-20.593685
-20.579693
-20.565587
-20.551368
-20.537035
-20.522590
-20.508031
-20.493359
-20.478574
-20.463677
-20.448667
-20.433544
-20.418309
-20.402962
-20.387502
-20.371930
-20.356247
-20.340451
-20.324544
-20.308525
-20.292394
-20.276152
-20.259799
-20.243334
-20.226759
-20.210072
-20.193275
-20.176367
-20.159348
-20.142219
-20.124980
-20.107631
-20.090171
-20.072601
-20.054922
-20.037133
-20.019235
-20.001227
-19.983109
-19.964883
-19.946547
-19.928103
-19.909550
-19.890888
-19.872118
-19.853239
-19.834252
-19.815157
-19.795955
-19.776644
-19.757226
-19.737700
-19.718067
-19.698326
-19.678479
-19.658524
-19.638463
-19.618295
-19.598021
-19.577640
-19.557153
-19.536560
-19.515861
-19.495057
-19.474146
-19.453131
-19.432010
-19.410784
-19.389452
-19.368016
-19.346476
-19.324831
-19.303081
-19.281227
-19.259270
-19.237208
-19.215042
-19.192774
-19.170401
-19.147926
-19.125347
-19.102665
-19.079881
-19.056994
-19.034005
-19.010913
-18.987720
-18.964424
-18.941027
-18.917528
-18.893928
-18.870226
-18.846424
-18.822521
-18.798516
-18.774412
-18.750207
-18.725902
-18.701497
-18.676992
-18.652387
-18.627683
-18.602880
-18.577977
-18.552976
-18.527876
-18.502677
-18.477380
-18.451985
-18.426492
-18.400901
-18.375212
-18.349426
-18.323543
-18.297563
-18.271486
-18.245312
-18.219041
-18.192674
-18.166212
-18.139653
-18.112998
-18.086248
-18.059403
-18.032463
-18.005427
-17.978297
-17.951072
-17.923753
-17.896340
-17.868833
-17.841232
-17.813538
-17.785750
-17.757869
-17.729895
-17.701828
-17.673669
-17.645418
-17.617074
-17.588639
-17.560111
-17.531493
-17.502783
-17.473982
-17.445090
-17.416107
-17.387034
-17.357871
-17.328618
-17.299274
-17.269842
-17.240320
-17.210708
-17.181008
-17.151219
-17.121342
-17.091376
-17.061322
-17.031180
-17.000951
-16.970634
-16.940230
-16.909739
-16.879162
-16.848497
-16.817747
-16.786910
-16.755988
-16.724980
-16.693886
-16.662707
-16.631444
-16.600095
-16.568662
-16.537145
-16.505544
-16.473859
-16.442090
-16.410238
-16.378303
-16.346285
-16.314185
-16.282002
-16.249737
-16.217389
-16.184961
-16.152450
-16.119859
-16.087186
-16.054433
-16.021599
-15.988685
-15.955691
-15.922617
-15.889463
-15.856230
-15.822918
-15.789528
-15.756058
-15.722511
-15.688885
-15.655181
-15.621400
-15.587541
-15.553605
-15.519593
-15.485504
-15.451338
-15.417096
-15.382779
-15.348385
-15.313917
-15.279373
-15.244754
-15.210061
-15.175294
-15.140452
-15.105536
-15.070547
-15.035485
-15.000349
-14.965141
-14.929859
-14.894506
-14.859081
-14.823583
-14.788015
-14.752375
-14.716664
-14.680882
-14.645029
-14.609107
-14.573114
-14.537052
-14.500920
-14.464719
-14.428449
-14.392110
-14.355704
-14.319228
-14.282685
-14.246075
-14.209397
-14.172652
-14.135840
-14.098962
-14.062017
-14.025006
-13.987930
-13.950788
-13.913581
-13.876309
-13.838973
-13.801572
-13.764107
-13.726578
-13.688986
-13.651330
-13.613611
-13.575830
-13.537986
-13.500080
-13.462112
-13.424083
-13.385992
-13.347840
-13.309627
-13.271354
-13.233020
-13.194627
-13.156174
-13.117661
-13.079090
-13.040459
-13.001770
-12.963023
-12.924218
-12.885355
-12.846434
-12.807457
-12.768422
-12.729331
-12.690184
-12.650981
-12.611722
-12.572408
-12.533038
-12.493614
-12.454135
-12.414602
-12.375015
-12.335374
-12.295679
-12.255932
-12.216132
-12.176279
-12.136374
-12.096417
-12.056408
-12.016348
-11.976237
-11.936075
-11.895863
-11.855600
-11.815288
-11.774926
-11.734514
-11.694054
-11.653545
-11.612987
-11.572381
-11.531728
-11.491026
-11.450278
-11.409483
-11.368640
-11.327752
-11.286818
-11.245837
-11.204812
-11.163741
-11.122625
-11.081465
-11.040260
-10.999011
-10.957719
-10.916384
-10.875005
-10.833584
-10.792120
-10.750614
-10.709066
-10.667476
-10.625845
-10.584174
-10.542462
-10.500709
-10.458916
-10.417084
-10.375212
-10.333301
-10.291351
-10.249363
-10.207337
-10.165272
-10.123170
-10.081031
-10.038855
-9.996642
-9.954393
-9.912107
-9.869786
-9.827430
-9.785038
-9.742612
-9.700151
-9.657656
-9.615127
-9.572564
-9.529968
-9.487339
-9.444678
-9.401984
-9.359258
-9.316501
-9.273712
-9.230892
-9.188041
-9.145160
-9.102248
-9.059307
-9.016336
-8.973336
-8.930307
-8.887250
-8.844164
-8.801050
-8.757909
-8.714740
-8.671544
-8.628322
-8.585073
-8.541798
-8.498498
-8.455171
-8.411820
-8.368444
-8.325044
-8.281619
-8.238171
-8.194698
-8.151203
-8.107685
-8.064144
-8.020581
-7.976996
-7.933389
-7.889761
-7.846112
-7.802443
-7.758753
-7.715043
-7.671313
-7.627564
-7.583795
-7.540008
-7.496203
-7.452379
-7.408538
-7.364679
-7.320803
-7.276910
-7.233000
-7.189074
-7.145133
-7.101176
-7.057203
-7.013216
-6.969214
-6.925198
-6.881167
-6.837123
-6.793066
-6.748996
-6.704913
-6.660818
-6.616710
-6.572591
-6.528461
-6.484319
-6.440167
-6.396004
-6.351832
-6.307649
-6.263457
-6.219256
-6.175046
-6.130827
-6.086600
-6.042366
-5.998124
-5.953874
-5.909618
-5.865355
-5.821086
-5.776811
-5.732531
-5.688245
-5.643954
-5.599659
-5.555359
-5.511056
-5.466748
-5.422438
-5.378124
-5.333807
-5.289489
-5.245168
-5.200845
-5.156521
-5.112196
-5.067871
-5.023545
-4.979218
-4.934892
-4.890567
-4.846242
-4.801918
-4.757597
-4.713276
-4.668958
-4.624643
-4.580330
-4.536021
-4.491714
-4.447412
-4.403114
-4.358820
-4.314531
-4.270247
-4.225968
-4.181695
-4.137428
-4.093168
-4.048914
-4.004667
-3.960427
-3.916195
-3.871971
-3.827756
-3.783549
-3.739351
-3.695162
-3.650982
-3.606813
-3.562654
-3.518505
-3.474367
-3.430241
-3.386126
-3.342023
-3.297931
-3.253853
-3.209787
-3.165734
-3.121695
-3.077669
-3.033658
-2.989661
-2.945679
-2.901711
-2.857760
-2.813823
-2.769903
-2.725999
-2.682112
-2.638242
-2.594389
-2.550553
-2.506736
-2.462936
-2.419156
-2.375394
-2.331651
-2.287928
-2.244225
-2.200542
-2.156879
-2.113237
-2.069617
-2.026017
-1.982440
-1.938884
-1.895351
-1.851841
-1.808353
-1.764889
-1.721449
-1.678032
-1.634640
-1.591273
-1.547930
-1.504613
-1.461321
-1.418055
-1.374815
-1.331602
-1.288415
-1.245256
-1.202124
-1.159019
-1.115943
-1.072895
-1.029876
-0.986886
-0.943926
-0.900994
-0.858093
-0.815222
-0.772382
-0.729573
-0.686794
-0.644048
-0.601333
-0.558650
-0.515999
-0.473382
-0.430797
-0.388246
-0.345729
-0.303245
-0.260796
-0.218381
-0.176002
-0.133657
-0.091348
-0.049075
-0.006839
0.035362
0.077525
0.119652
0.161741
0.203793
0.245806
0.287781
0.329718
0.371615
0.413474
0.455293
0.497072
0.538811
0.580509
0.622167
0.663783
0.705359
0.746892
0.788384
0.829834
0.871240
0.912604
0.953925
0.995203
1.036436
1.077626
1.118771
1.159871
1.200927
1.241937
1.282902
1.323820
1.364693
1.405519
1.446299
1.487031
1.527716
1.568353
1.608943
1.649484
1.689976
1.730420
1.770815
1.811160
1.851456
1.891701
1.931896
1.972041
2.012135
2.052177
2.092168
2.132107
2.171995
2.211829
2.251612
2.291341
2.331017
2.370639
2.410208
2.449723
2.489183
2.528589
2.567940
2.607235
2.646475
2.685659
2.724787
2.763859
2.802874
2.841832
2.880733
2.919576
2.958361
2.997089
3.035758
3.074368
3.112920
3.151412
3.189845
3.228218
3.266531
3.304783
3.342975
3.381107
3.419177
3.457185
3.495132
3.533017
3.570839
3.608599
3.646296
3.683931
3.721501
3.759008
3.796451
3.833830
3.871145
3.908395
3.945579
3.982699
4.019753
4.056741
4.093663
4.130519
4.167308
4.204030
4.240685
4.277272
4.313792
4.350244
4.386628
4.422943
4.459189
4.495367
4.531475
4.567513
4.603482
4.639381
4.675209
4.710967
4.746654
4.782269
4.817814
4.853286
4.888687
4.924016
4.959272
4.994456
5.029567
5.064604
5.099568
5.134458
5.169275
5.204017
5.238685
5.273278
5.307796
5.342239
5.376606
5.410898
5.445114
5.479253
5.513317
5.547303
5.581212
5.615045
5.648799
5.682477
5.716076
5.749597
5.783039
5.816403
5.849688
5.882894
5.916020
5.949067
5.982034
6.014921
6.047727
6.080453
6.113098
6.145661
6.178144
6.210545
6.242864
6.275101
6.307256
6.339329
6.371318
6.403225
6.435049
6.466789
6.498445
6.530018
6.561506
6.592910
6.624230
6.655464
6.686614
6.717678
6.748657
6.779551
6.810358
6.841079
6.871714
6.902262
6.932723
6.963097
6.993384
7.023584
7.053695
7.083719
7.113655
7.143502
7.173261
7.202931
7.232511
7.262003
7.291405
7.320718
7.349940
7.379073
7.408115
7.437066
7.465927
7.494697
7.523376
7.551964
7.580460
7.608864
7.637176
7.665396
7.693523
7.721558
7.749501
7.777350
7.805106
7.832768
7.860337
7.887812
7.915193
7.942480
7.969672
7.996770
8.023773
8.050681
8.077494
8.104212
8.130833
8.157359
8.183789
8.210123
8.236361
8.262502
8.288546
8.314493
8.340343
8.366096
8.391751
8.417309
8.442769
8.468130
8.493394
8.518559
8.543625
8.568593
8.593461
8.618231
8.642901
8.667471
8.691942
8.716313
8.740584
8.764755
8.788825
8.812795
8.836664
8.860432
8.884099
8.907664
8.931128
8.954491
8.977752
9.000910
9.023967
9.046921
9.069773
9.092523
9.115169
9.137713
9.160153
9.182490
9.204724
9.226854
9.248880
9.270802
9.292620
9.314334
9.335944
9.357449
9.378849
9.400144
9.421334
9.442419
9.463399
9.484273
9.505042
9.525705
9.546261
9.566712
9.587057
9.607295
9.627426
9.647451
9.667369
9.687180
9.706883
9.726480
9.745969
9.765351
9.784624
9.803790
9.822848
9.841798
9.860640
9.879373
9.897998
9.916514
9.934921
9.953219
9.971409
9.989489
10.007459
10.025320
10.043072
10.060714
10.078246
10.095668
10.112980
10.130181
10.147273
10.164253
10.181124
10.197883
10.214532
10.231069
10.247496
10.263811
10.280015
10.296108
10.312088
10.327958
10.343715
10.359361
10.374894
10.390315
10.405624
10.420821
10.435905
10.450877
10.465736
10.480482
10.495115
10.509635
10.524042
10.538336
10.552517
10.566584
10.580537
10.594377
10.608103
10.621715
10.635214
10.648598
10.661868
10.675024
10.688065
10.700992
10.713805
10.726503
10.739086
10.751554
10.763908
10.776147
10.788270
10.800278
10.812171
10.823949
10.835611
10.847158
10.858589
10.869905
10.881105
10.892189
10.903157
10.914009
10.924745
10.935364
10.945868
10.956255
10.966526
10.976680
10.986718
10.996640
11.006444
11.016132
11.025703
11.035157
11.044494
11.053714
11.062817
11.071803
11.080672
11.089423
11.098057
11.106574
11.114973
11.123254
11.131418
11.139464
11.147393
11.155204
11.162897
11.170472
11.177929
11.185268
11.192489
11.199592
11.206576
11.213443
11.220191
11.226821
11.233333
11.239726
11.246001
11.252157
11.258195
11.264114
11.269914
11.275596
11.281159
11.286604
11.291929
11.297136
11.302224
11.307193
11.312043
11.316774
11.321386
11.325879
11.330253
11.334507
11.338643
11.342659
11.346557
11.350335
11.353993
11.357533
11.360953
11.364254
11.367435
11.370497
11.373440
11.376263
11.378967
11.381551
11.384016
11.386361
11.388587
11.390694
11.392680
11.394547
11.396295
11.397923
11.399431
11.400820
11.402089
11.403239
11.404269
11.405179
11.405969
11.406640
11.407191
11.407623
11.407935
11.408127
11.408199
11.408152
11.407985
11.407699
11.407292
11.406767
11.406121
11.405356
11.404471
11.403466
11.402342
11.401098
11.399735
11.398252
11.396649
11.394927
11.393085
11.391123
11.389042
11.386842
11.384522
11.382082
11.379523
11.376845
11.374047
11.371129
11.368092
11.364936
11.361660
11.358266
11.354751
11.351118
11.347365
11.343493
11.339502
11.335391
11.331162
11.326813
11.322345
11.317758
11.313052
11.308228
11.303284
11.298221
11.293039
11.287739
11.282320
11.276782
11.271125
11.265350
11.259456
11.253443
11.247312
11.241062
11.234694
11.228207
11.221602
11.214879
11.208037
11.201078
11.194000
11.186804
11.179490
11.172057
11.164507
11.156839
11.149053
11.141150
11.133128
11.124989
11.116733
11.108358
11.099867
11.091258
11.082531
11.073687
11.064726
11.055648
11.046452
11.037140
11.027711
11.018164
11.008501
10.998721
10.988825
10.978812
10.968682
10.958436
10.948073
10.937594
10.926999
10.916287
10.905460
10.894516
10.883457
10.872282
10.860990
10.849584
10.838061
10.826423
10.814670
10.802801
10.790817
10.778718
10.766504
10.754175
10.741731
10.729172
10.716498
10.703710
10.690807
10.677789
10.664658
10.651412
10.638052
10.624577
10.610989
10.597287
10.583472
10.569542
10.555499
10.541343
10.527073
10.512690
10.498193
10.483584
10.468862
10.454027
10.439079
10.424018
10.408845
10.393560
10.378163
10.362653
10.347031
10.331297
10.315452
10.299494
10.283425
10.267245
10.250953
10.234550
10.218036
10.201411
10.184675
10.167828
10.150870
10.133803
10.116624
10.099336
10.081937
10.064428
10.046809
10.029081
10.011243
9.993296
9.975239
9.957073
9.938797
9.920413
9.901920
9.883318
9.864608
9.845789
9.826862
