11.682100
11.681927
11.681409
11.680545
11.679336
11.677781
11.675881
11.673635
11.671045
11.668108
11.664827
11.661200
11.657229
11.652912
11.648251
11.643244
11.637893
11.632198
11.626157
11.619773
11.613044
11.605972
11.598555
11.590795
11.582691
11.574243
11.565453
11.556319
11.546843
11.537023
11.526862
11.516358
11.505512
11.494324
11.482795
11.470925
11.458713
11.446161
11.433268
11.420035
11.406462
11.392549
11.378297
11.363705
11.348775
11.333507
11.317900
11.301956
11.285674
11.269054
11.252099
11.234806
11.217178
11.199214
11.180914
11.162280
11.143311
11.124008
11.104372
11.084402
11.064099
11.043464
11.022497
11.001198
10.979568
10.957607
10.935317
10.912696
10.889746
10.866468
10.842861
10.818927
10.794665
10.770076
10.745161
10.719921
10.694355
10.668465
10.642251
10.615713
10.588852
10.561669
10.534164
10.506338
10.478191
10.449724
10.420938
10.391833
10.362410
10.332669
10.302611
10.272236
10.241546
10.210541
10.179222
10.147589
10.115643
10.083384
10.050814
10.017933
9.984741
9.951240
9.917430
9.883312
9.848886
9.814154
9.779115
9.743772
9.708124
9.672172
9.635917
9.599360
9.562501
9.525342
9.487883
9.450124
9.412068
9.373714
9.335063
9.296117
9.256875
9.217339
9.177510
9.137389
9.096975
9.056271
9.015277
8.973994
8.932422
8.890564
8.848418
8.805988
8.763272
8.720273
8.676991
8.633427
8.589582
8.545457
8.501053
8.456370
8.411411
8.366175
8.320663
8.274877
8.228818
8.182487
8.135883
8.089010
8.041867
7.994455
7.946776
7.898831
7.850620
7.802144
7.753405
7.704404
7.655141
7.605618
7.555836
7.505796
7.455498
7.404945
7.354136
7.303073
7.251758
7.200191
7.148373
7.096305
7.043989
6.991426
6.938616
6.885561
6.832263
6.778721
6.724937
6.670913
6.616650
6.562148
6.507409
6.452434
6.397224
6.341780
6.286104
6.230196
6.174058
6.117692
6.061097
6.004276
5.947230
5.889959
5.832466
5.774750
5.716815
5.658659
5.600286
5.541696
5.482891
5.423871
5.364638
5.305193
5.245537
5.185673
5.125600
5.065320
5.004835
4.944146
4.883253
4.822159
4.760865
4.699371
4.637680
4.575793
4.513710
4.451433
4.388964
4.326304
4.263453
4.200415
4.137189
4.073777
4.010181
3.946401
3.882440
3.818298
3.753977
3.689478
3.624803
3.559953
3.494929
3.429733
3.364366
3.298829
3.233124
3.167253
3.101216
3.035016
2.968652
2.902128
2.835444
2.768601
2.701602
2.634447
2.567138
2.499676
2.432064
2.364301
2.296390
2.228332
2.160129
2.091781
2.023291
1.954660
1.885889
1.816980
1.747935
1.678753
1.609438
1.539991
1.470413
1.400705
1.330869
1.260907
1.190820
1.120609
1.050276
0.979823
0.909251
0.838561
0.767755
0.696834
0.625801
0.554655
0.483400
0.412036
0.340565
0.268989
0.197308
0.125525
0.053641
-0.018342
-0.090423
-0.162601
-0.234874
-0.307240
-0.379698
-0.452246
-0.524883
-0.597607
-0.670417
-0.743310
-0.816287
-0.889345
-0.962482
-1.035697
-1.108988
-1.182355
-1.255794
-1.329306
-1.402887
-1.476538
-1.550255
-1.624038
-1.697885
-1.771794
-1.845764
-1.919793
-1.993880
-2.068023
-2.142221
-2.216472
-2.290774
-2.365126
-2.439526
-2.513973
-2.588466
-2.663001
-2.737579
-2.812197
-2.886854
-2.961548
-3.036278
-3.111042
-3.185838
-3.260666
-3.335522
-3.410407
-3.485317
-3.560252
-3.635210
-3.710190
-3.785189
-3.860207
-3.935241
-4.010290
-4.085353
-4.160428
-4.235513
-4.310606
-4.385707
-4.460813
-4.535924
-4.611036
-4.686150
-4.761262
-4.836372
-4.911478
-4.986579
-5.061672
-5.136756
-5.211831
-5.286893
-5.361941
-5.436975
-5.511992
-5.586990
-5.661969
-5.736926
-5.811860
-5.886769
-5.961653
-6.036508
-6.111334
-6.186129
-6.260891
-6.335620
-6.410312
-6.484967
-6.559584
-6.634159
-6.708693
-6.783183
-6.857628
-6.932026
-7.006376
-7.080676
-7.154925
-7.229120
-7.303261
-7.377345
-7.451372
-7.525339
-7.599245
-7.673089
-7.746869
-7.820584
-7.894231
-7.967809
-8.041318
-8.114754
-8.188117
-8.261405
-8.334617
-8.407750
-8.480804
-8.553777
-8.626667
-8.699473
-8.772193
-8.844826
-8.917370
-8.989824
-9.062186
-9.134454
-9.206628
-9.278705
-9.350684
-9.422563
-9.494342
-9.566017
-9.637589
-9.709055
-9.780414
-9.851665
-9.922805
-9.993833
-10.064749
-10.135550
-10.206234
-10.276801
-10.347249
-10.417577
-10.487782
-10.557863
-10.627820
-10.697650
-10.767352
-10.836924
-10.906366
-10.975675
-11.044850
-11.113889
-11.182792
-11.251557
-11.320182
-11.388665
-11.457006
-11.525203
-11.593254
-11.661159
-11.728915
-11.796521
-11.863975
-11.931277
-11.998425
-12.065418
-12.132253
-12.198930
-12.265447
-12.331803
-12.397996
-12.464026
-12.529890
-12.595587
-12.661116
-12.726475
-12.791663
-12.856680
-12.921522
-12.986189
-13.050680
-13.114993
-13.179127
-13.243080
-13.306851
-13.370439
-13.433843
-13.497060
-13.560091
-13.622932
-13.685584
-13.748045
-13.810312
-13.872386
-13.934265
-13.995948
-14.057432
-14.118717
-14.179802
-14.240686
-14.301366
-14.361842
-14.422112
-14.482175
-14.542031
-14.601677
-14.661112
-14.720336
-14.779346
-14.838142
-14.896722
-14.955086
-15.013231
-15.071157
-15.128862
-15.186346
-15.243606
-15.300642
-15.357453
-15.414037
-15.470394
-15.526521
-15.582418
-15.638084
-15.693517
-15.748717
-15.803681
-15.858410
-15.912901
-15.967154
-16.021167
-16.074940
-16.128470
-16.181758
-16.234802
-16.287601
-16.340153
-16.392458
-16.444514
-16.496321
-16.547876
-16.599181
-16.650232
-16.701029
-16.751571
-16.801857
-16.851886
-16.901656
-16.951168
-17.000418
-17.049408
-17.098135
-17.146598
-17.194798
-17.242731
-17.290398
-17.337798
-17.384929
-17.431790
-17.478381
-17.524700
-17.570747
-17.616521
-17.662019
-17.707243
-17.752190
-17.796860
-17.841252
-17.885364
-17.929197
-17.972748
-18.016017
-18.059004
-18.101706
-18.144124
-18.186257
-18.228102
-18.269661
-18.310931
-18.351912
-18.392603
-18.433003
-18.473112
-18.512928
-18.552450
-18.591679
-18.630612
-18.669249
-18.707590
-18.745633
-18.783378
-18.820823
-18.857969
-18.894814
-18.931357
-18.967599
-19.003537
-19.039171
-19.074501
-19.109526
-19.144245
-19.178656
-19.212761
-19.246557
-19.280044
-19.313222
-19.346089
-19.378645
-19.410889
-19.442822
-19.474440
-19.505746
-19.536737
-19.567412
-19.597772
-19.627816
-19.657543
-19.686952
-19.716042
-19.744814
-19.773267
-19.801399
-19.829211
-19.856701
-19.883870
-19.910716
-19.937240
-19.963439
-19.989315
-20.014866
-20.040092
-20.064992
-20.089565
-20.113812
-20.137732
-20.161324
-20.184588
-20.207523
-20.230128
-20.252404
-20.274350
-20.295965
-20.317249
-20.338201
-20.358821
-20.379109
-20.399064
-20.418686
-20.437974
-20.456927
-20.475547
-20.493831
-20.511780
-20.529393
-20.546670
-20.563611
-20.580215
-20.596482
-20.612411
-20.628002
-20.643256
-20.658170
-20.672746
-20.686983
-20.700881
-20.714439
-20.727656
-20.740534
-20.753071
-20.765267
-20.777122
-20.788636
-20.799808
-20.810639
-20.821127
-20.831273
-20.841077
-20.850538
-20.859656
-20.868432
-20.876863
-20.884952
-20.892697
-20.900098
-20.907155
-20.913868
-20.920237
-20.926262
-20.931942
-20.937277
-20.942268
-20.946914
-20.951215
-20.955171
-20.958782
-20.962048
-20.964969
-20.967544
-20.969774
-20.971659
-20.973198
-20.974392
-20.975240
-20.975742
-20.975900
-20.975711
-20.975177
-20.974298
-20.973073
-20.971503
-20.969587
-20.967326
-20.964720
-20.961768
-20.958471
-20.954829
-20.950842
-20.946509
-20.941832
-20.936810
-20.931444
-20.925733
-20.919677
-20.913277
-20.906533
-20.899445
-20.892013
-20.884237
-20.876117
-20.867655
-20.858849
-20.849699
-20.840207
-20.830373
-20.820196
-20.809676
-20.798815
-20.787612
-20.776068
-20.764182
-20.751955
-20.739387
-20.726479
-20.713230
-20.699642
-20.685714
-20.671446
-20.656840
-20.641894
-20.626611
-20.610989
-20.595029
-20.578732
-20.562097
-20.545126
-20.527819
-20.510175
-20.492196
-20.473882
-20.455232
-20.436248
-20.416931
-20.397279
-20.377294
-20.356976
-20.336326
-20.315344
-20.294030
-20.272385
-20.250410
-20.228104
-20.205469
-20.182504
-20.159211
-20.135589
-20.111640
-20.087363
-20.062760
-20.037831
-20.012576
-19.986995
-19.961091
-19.934862
-19.908309
-19.881434
-19.854236
-19.826717
-19.798876
-19.770715
-19.742234
-19.713433
-19.684313
-19.654876
-19.625121
-19.595048
-19.564660
-19.533956
-19.502936
-19.471603
-19.439956
-19.407995
-19.375723
-19.343139
-19.310243
-19.277038
-19.243523
-19.209699
-19.175567
-19.141127
-19.106381
-19.071329
-19.035971
-19.000310
-18.964344
-18.928075
-18.891505
-18.854633
-18.817460
-18.779987
-18.742215
-18.704146
-18.665778
-18.627114
-18.588154
-18.548899
-18.509350
-18.469508
-18.429373
-18.388947
-18.348230
-18.307222
-18.265926
-18.224342
-18.182470
-18.140312
-18.097868
-18.055140
-18.012128
-17.968833
-17.925257
-17.881399
-17.837261
-17.792845
-17.748150
-17.703177
-17.657929
-17.612405
-17.566607
-17.520536
-17.474192
-17.427576
-17.380691
-17.333535
-17.286112
-17.238421
-17.190463
-17.142240
-17.093753
-17.045002
-16.995989
-16.946715
-16.897180
-16.847386
-16.797334
-16.747025
-16.696460
-16.645640
-16.594566
-16.543239
-16.491660
-16.439831
-16.387752
-16.335425
-16.282851
-16.230030
-16.176964
-16.123654
-16.070102
-16.016307
-15.962273
-15.907998
-15.853486
-15.798736
-15.743750
-15.688529
-15.633075
-15.577389
-15.521471
-15.465323
-15.408946
-15.352341
-15.295510
-15.238453
-15.181172
-15.123669
-15.065944
-15.007998
-14.949833
-14.891450
-14.832850
-14.774035
-14.715005
-14.655763
-14.596308
-14.536643
-14.476769
-14.416687
-14.356398
-14.295904
-14.235205
-14.174304
-14.113201
-14.051897
-13.990395
-13.928695
-13.866798
-13.804707
-13.742422
-13.679944
-13.617275
-13.554416
-13.491369
-13.428134
-13.364714
-13.301110
-13.237322
-13.173352
-13.109202
-13.044873
-12.980366
-12.915683
-12.850825
-12.785794
-12.720590
-12.655215
-12.589671
-12.523959
-12.458080
-12.392036
-12.325828
-12.259457
-12.192925
-12.126234
-12.059385
-11.992378
-11.925216
-11.857900
-11.790432
-11.722812
-11.655043
-11.587125
-11.519061
-11.450851
-11.382497
-11.314001
-11.245363
-11.176586
-11.107671
-11.038619
-10.969432
-10.900111
-10.830658
-10.761073
-10.691360
-10.621518
-10.551551
-10.481458
-10.411242
-10.340903
-10.270445
-10.199867
-10.129172
-10.058360
-9.987435
-9.916396
-9.845246
-9.773986
-9.702617
-9.631141
-9.559560
-9.487875
-9.416087
-9.344199
-9.272211
-9.200125
-9.127943
-9.055666
-8.983296
-8.910834
-8.838282
-8.765641
-8.692913
-8.620100
-8.547202
-8.474222
-8.401160
-8.328020
-8.254801
-8.181506
-8.108137
-8.034694
-7.961179
-7.887594
-7.813941
-7.740221
-7.666435
-7.592585
-7.518673
-7.444701
-7.370669
-7.296579
-7.222433
-7.148233
-7.073980
-6.999676
-6.925321
-6.850919
-6.776470
-6.701976
-6.627438
-6.552858
-6.478239
-6.403580
-6.328884
-6.254153
-6.179387
-6.104590
-6.029761
-5.954903
-5.880017
-5.805106
-5.730170
-5.655210
-5.580230
-5.505230
-5.430211
-5.355176
-5.280126
-5.205063
-5.129988
-5.054903
-4.979809
-4.904708
-4.829601
-4.754491
-4.679378
-4.604265
-4.529152
-4.454042
-4.378936
-4.303836
-4.228743
-4.153659
-4.078586
-4.003524
-3.928476
-3.853443
-3.778427
-3.703430
-3.628452
-3.553496
-3.478563
-3.403655
-3.328773
-3.253919
-3.179094
-3.104300
-3.029540
-2.954813
-2.880122
-2.805469
-2.730854
-2.656280
-2.581748
-2.507260
-2.432817
-2.358421
-2.284074
-2.209776
-2.135530
-2.061337
-1.987199
-1.913117
-1.839093
-1.765128
-1.691225
-1.617384
-1.543606
-1.469895
-1.396251
-1.322676
-1.249171
-1.175738
-1.102378
-1.029093
-0.955885
-0.882755
-0.809705
-0.736736
-0.663849
-0.591047
-0.518331
-0.445702
-0.373162
-0.300712
-0.228354
-0.156090
-0.083921
-0.011849
0.060126
0.132001
0.203775
0.275446
0.347013
0.418474
0.489828
0.561074
0.632209
0.703232
0.774143
0.844938
0.915618
0.986179
1.056622
1.126944
1.197143
1.267219
1.337170
1.406995
1.476691
1.546257
1.615693
1.684996
1.754165
1.823198
1.892095
1.960853
2.029472
2.097949
2.166283
2.234474
2.302518
2.370416
2.438165
2.505764
2.573212
2.640507
2.707648
2.774634
2.841462
2.908132
2.974642
3.040990
3.107176
3.173198
3.239055
3.304744
3.370265
3.435617
3.500798
3.565806
3.630641
3.695300
3.759783
3.824088
3.888213
3.952158
4.015921
4.079501
4.142896
4.206105
4.269127
4.331960
4.394604
4.457055
4.519315
4.581380
4.643250
4.704923
4.766399
4.827675
4.888751
4.949625
5.010296
5.070763
5.131024
5.191078
5.250924
5.310560
5.369986
5.429200
5.488201
5.546987
5.605558
5.663911
5.722047
5.779963
5.837658
5.895131
5.952382
6.009408
6.066209
6.122783
6.179129
6.235246
6.291132
6.346788
6.402210
6.457399
6.512353
6.567071
6.621551
6.675794
6.729796
6.783558
6.837078
6.890354
6.943387
6.996175
7.048716
7.101009
7.153054
7.204850
7.256394
7.307687
7.358727
7.409513
7.460043
7.510318
7.560335
7.610094
7.659593
7.708832
7.757810
7.806525
7.854977
7.903164
7.951085
7.998740
8.046128
8.093247
8.140096
8.186675
8.232982
8.279016
8.324777
8.370264
8.415475
8.460410
8.505067
8.549446
8.593546
8.637366
8.680904
8.724161
8.767135
8.809824
8.852230
8.894349
8.936182
8.977727
9.018985
9.059953
9.100630
9.141018
9.181113
9.220916
9.260425
9.299640
9.338560
9.377184
9.415511
9.453541
9.491272
9.528704
9.565836
9.602668
9.639198
9.675425
9.711350
9.746970
9.782287
9.817297
9.852002
9.886400
9.920491
9.954273
9.987746
10.020910
10.053763
10.086305
10.118536
10.150453
10.182058
10.213349
10.244326
10.274988
10.305333
10.335363
10.365075
10.394470
10.423546
10.452304
10.480742
10.508860
10.536657
10.564133
10.591287
10.618119
10.644627
10.670813
10.696674
10.722210
10.747421
10.772306
10.796865
10.821098
10.845003
10.868580
10.891829
10.914749
10.937340
10.959601
10.981531
11.003131
11.024400
11.045338
11.065943
11.086216
11.106156
11.125762
11.145035
11.163974
11.182578
11.200847
11.218781
11.236379
11.253641
11.270567
11.287155
11.303407
11.319321
11.334897
11.350135
11.365035
11.379595
11.393817
11.407699
11.421242
11.434444
11.447306
11.459828
11.472009
11.483849
11.495347
11.506504
11.517319
11.527792
11.537923
11.547711
11.557157
11.566259
11.575019
