-6.516294589
-6.518100564
-6.523166266
-6.542065426
-6.565238385
-6.576605342
-6.612386622
-6.677663829
-6.768911005
-6.893594693
-7.018533316
-7.116284744
-7.150991102
-7.153509244
-7.153509244
-7.157763557
-7.174776496
-7.200282962
-7.249529702
-7.327897871
-7.438728065
-7.562168417
-7.671622458
-7.784840599
-7.884152762
-7.9826154
-8.062065047
-8.136149579
-8.203059057
-8.282038614
-8.391062362
-8.506431749
-8.607927863
-8.709434225
-8.800402196
-8.892262499
-8.971825741
-9.057335324
-9.14569026
-9.247253944
-9.359809168
-9.50858017
-9.67696213
-9.887006856
-10.11714386
-10.35627564
-10.60109794
-10.82475072
-11.04035519
-11.22726152
-11.39878898
-11.55563028
-11.68221838
-11.7955101
-11.90832243
-12.02849057
-12.13610324
-12.23043482
-12.32423367
-12.44794426
-12.60391041
-12.76506094
-12.95046173
-13.14772246
-13.35647296
-13.57673034
-13.81804707
-14.06043885
-14.28308043
-14.49233716
-14.66902314
-14.7935257
-14.89590323
-15.00745726
-15.1114185
-15.22598657
-15.32643901
-15.42057706
-15.5000771
-15.58187983
-15.65827637
-15.7324529
-15.80122173
-15.85488442
-15.91739758
-15.9913412
-16.09032636
-16.21577082
-16.33773559
-16.47061948
-16.61006252
-16.75281725
-16.88935256
-17.02946268
-17.1790896
-17.33680741
-17.48519197
-17.60497863
-17.67992909
-17.72784593
-17.74216985
-17.75344889
-17.75778389
-17.79125011
-17.84487669
-17.95165474
-18.07617061
-18.21029667
-18.34922443
-18.48554868
-18.60033913
-18.70100117
-18.76251805
-18.8003004
-18.80322789
-18.81700931
-18.80094106
-18.79092738
-18.76269641
-18.7447367
-18.77308425
-18.8293986
-18.90403798
-18.99311454
-19.07182508
-19.14293924
-19.20435126
-19.27382759
-19.33301303
-19.37016344
-19.36543168
-19.35909606
-19.33275022
-19.29144852
-19.25081522
-19.21002155
-19.16369783
-19.1377392
-19.0875682
-18.99670402
-18.87685991
-18.73608931
-18.61292101
-18.51680734
-18.47738657
-18.49111964
-18.54437674
-18.60654655
-18.67461314
-18.73187404
-18.782595
-18.84095059
-18.9253729
-19.06602847
-19.27713717
-19.54669754
-19.81858362
-20.0565469
-20.22341143
-20.3259219
-20.36401169
-20.31434438
-20.24368808
-20.12700397
-20.00445765
-19.8802142
-19.75433706
-19.66555131
-19.5999493
-19.54748811
-19.48849182
-19.39810619
-19.24591222
-19.04544896
-18.81547913
-18.54170716
-18.25607033
-17.93029874
-17.59458685
-17.26849987
-16.97740843
-16.7225236
-16.50123647
-16.27916423
-16.03467398
-15.77623418
-15.53318786
-15.34965282
-15.20742804
-15.11055028
-15.03252694
-14.99252265
-14.96093817
-14.9205421
-14.86853441
-14.79384405
-14.67849663
-14.53809388
-14.37375667
-14.19612536
-14.02736363
-13.89114282
-13.77846645
-13.68029593
-13.5952399
-13.49758531
-13.40203647
-13.32365059
-13.24124155
-13.17518238
-13.11576133
-13.04415228
-12.95919108
-12.85796282
-12.74159792
-12.61976173
-12.45135523
-12.25349715
-12.03133727
-11.80125227
-11.55436629
-11.3062902
-11.01969576
-10.76161679
-10.52678581
-10.32328547
-10.17500027
-10.0841976
-10.0335578
-9.999154165
-9.963085283
-9.918420308
-9.855232755
-9.750800346
-9.600763395
-9.433776916
-9.238492694
-8.991204594
-8.713232897
-8.447392105
-8.200172359
-7.971576981
-7.746553776
-7.542798512
-7.362013063
-7.214668689
-7.050391515
-6.864677568
-6.664173935
-6.429004573
-6.19276804
-5.945143518
-5.686459367
-5.449645322
-5.219814899
-4.994323782
-4.773789017
-4.587031904
-4.430643001
-4.304221944
-4.208044129
-4.109450925
-3.997693075
-3.873200866
-3.695897714
-3.462389957
-3.198203215
-2.881279472
-2.530461363
-2.154467442
-1.770003442
-1.373747259
-0.984474342
-0.634851999
-0.305099277
-0.003610867
0.250395818
0.468259156
0.667534814
0.807315082
0.927058849
1.026061989
1.109114123
1.168416379
1.226873041
1.275450378
1.312634722
1.354895671
1.406345365
1.481367272
1.581877791
1.719650546
1.873800803
2.045796148
2.245618923
2.444054642
2.657394102
2.902009095
3.157190718
3.429108443
3.738348063
4.079038136
4.438827365
4.787773497
5.125331143
5.440970899
5.700820373
5.896593365
6.02215647
6.071946877
6.105587367
6.140977612
6.170916554
6.214850872
6.287142491
6.384981723
6.49980504
6.647216797
6.805509683
6.984173206
7.201747165
7.444725973
7.689619263
7.917412049
8.098178035
8.216977528
8.290276914
8.331177811
8.357096848
8.371136287
8.377092602
8.395186354
8.430176452
8.48467612
8.567027499
8.684863914
8.82408178
8.967350981
9.136962011
9.291504744
9.475142506
9.676617311
9.863551864
10.03507457
10.19742528
10.31551258
10.40271462
10.47486866
10.50655849
10.53743564
10.5787216
10.61039912
10.64628134
10.6883738
10.74509379
10.79218282
10.84387942
10.89594109
10.93760164
10.9796477
11.03092737
11.08799104
11.15044198
11.20863761
11.26103838
11.33155948
11.40356875
11.45518099
11.50641065
11.5676566
11.63390903
11.72838191
11.85684933
11.99832721
12.1413679
12.27447133
12.39432227
12.52392203
12.65927235
12.81979491
13.01930111
13.22437079
13.47033013
13.72176305
13.94848162
14.11542985
14.23672179
14.29753404
14.31275086
14.29311051
14.25272088
14.20932364
14.15628997
14.10278497
14.05983481
14.01218126
13.96019502
13.87790514
13.77465524
13.6628048
13.55045514
13.45768462
13.37853047
13.33369246
13.31325803
13.30798577
13.29347618
13.23447095
13.13302015
12.98631646
12.81431112
12.61681555
12.4284687
12.25021911
12.07011655
11.91577706
11.790313
11.69929574
11.63047569
11.599932
11.56073703
11.5354664
11.53446709
11.53552446
11.53108411
11.50700296
11.47281971
11.38907961
11.26878131
11.13621341
10.99854455
10.85902824
10.69686355
10.53237981
10.37236718
10.25528262
10.17879277
10.13234009
10.10252395
10.05881138
10.01932745
9.972740548
9.91177657
9.860416576
9.839617931
9.841747139
9.831741792
9.780830186
9.739682546
9.679485707
9.54326529
9.368368243
9.199818526
9.041607623
8.911294656
8.823538395
8.752416336
8.667314718
8.571331885
8.447001614
8.292102008
8.119337884
7.941757086
7.752355985
7.538040498
7.299187277
7.037472187
6.763966039
6.481269955
6.205040788
5.955956977
5.696423305
5.445847313
5.199836752
4.973904172
4.740366797
4.514210421
4.254604932
3.986789129
3.693203826
3.416578585
3.169244084
2.949905265
2.771565872
2.641422709
2.542068697
2.455686586
2.337043304
2.17669509
1.99571642
1.783104987
1.520407035
1.269219529
1.007343823
0.75290975
0.475079935
0.149819281
-0.237966012
-0.63774122
-0.991730669
-1.272721965
-1.542416845
-1.77136362
-1.959855189
-2.088328501
-2.173838434
-2.240338359
-2.318982971
-2.409799142
-2.537071751
-2.687040575
-2.888422837
-3.135460789
-3.433085456
-3.818273482
-4.242759548
-4.69527183
-5.167096551
-5.613691188
-6.016959146
-6.384573241
-6.734424632
-7.046858612
-7.269736015
-7.42565585
-7.522409938
-7.570103752
-7.597293206
-7.621877217
-7.664550655
-7.696223571
-7.704809108
-7.636990242
-7.48258892
-7.253489486
-6.951405271
-6.61383725
-6.282066986
-5.990548833
-5.81150858
-5.78131139
-5.872183705
-6.046370563
-6.177722911
-6.260947272
-6.305950495
-6.316443191
-6.338770971
-6.368823326
-6.390135348
-6.381204912
-6.31836451
-6.201688972
-6.074363649
-5.956741092
-5.871861981
-5.832706965
-5.84690767
-5.905891896
-6.025522705
-6.20692739
-6.409804306
-6.638266788
-6.844097494
-7.013724741
-7.109236978
-7.099181636
-7.047084662
-6.970455793
-6.858658853
-6.737614775
-6.617892815
-6.522844552
-6.435806376
-6.327752949
-6.213965484
-6.102323755
-5.999383202
-5.899925033
-5.835369477
-5.834853165
-5.892903616
-5.984854329
-6.071695777
-6.116089636
-6.118625197
-6.113816853
-6.114826536
-6.146315048
-6.199023374
-6.215906817
-6.233459491
-6.255430192
-6.292567626
-6.376114054
-6.483093635
-6.587261053
-6.693525424
-6.798649713
-6.903493741
-7.00214756
-7.113130454
-7.237865452
-7.373549083
-7.489227867
-7.6055685
-7.712310783
-7.829526177
-7.958781266
-8.080847356
-8.190047339
-8.283514763
-8.394698728
-8.510260124
-8.626296902
-8.757355749
-8.8945473
-9.033116726
-9.187217426
-9.374779345
-9.573229127
-9.77961331
-10.01164272
-10.24529755
-10.45359947
-10.6179977
-10.73944069
-10.81927469
-10.86674479
-10.92220227
-10.9779321
-11.01084817
-11.03473583
-11.06897155
-11.08993612
-11.12496623
-11.17194082
-11.22555369
-11.25606821
-11.29559771
-11.34946596
-11.40253188
-11.45561695
-11.52989065
-11.64490962
-11.78341705
-11.95428162
-12.12337666
-12.28357949
-12.45782491
-12.62950918
-12.75024582
-12.84329919
-12.94998943
-13.08111659
-13.21521873
-13.34948275
-13.48638214
-13.62443977
-13.7458457
-13.85536027
-13.94753577
-14.03413596
-14.12551288
-14.23883109
-14.35504375
-14.45525036
-14.55366342
-14.65678844
-14.7481222
-14.808864
-14.84422675
-14.84956159
-14.84466742
-14.83839152
-14.83993951
-14.86609585
-14.91038575
-14.97689685
-15.0301644
-15.07008296
-15.14153412
-15.21003742
-15.30555452
-15.41184227
-15.49153547
-15.52387415
-15.49969665
-15.409434
-15.28584852
-15.18397821
-15.10520268
-15.07566886
-15.08039447
-15.12601588
-15.19616403
-15.23598724
-15.25413657
-15.27041374
-15.26880462
-15.25031277
-15.21102456
-15.13678662
-15.04414556
-14.94717625
-14.85817422
-14.79546221
-14.75638449
-14.74307562
-14.74886388
-14.76891718
-14.76028883
-14.71547326
-14.67707176
-14.62588679
-14.56193296
-14.49927317
-14.43034095
-14.32443619
-14.20953297
-14.08418083
-13.93312919
-13.75405306
-13.54574124
-13.33377773
-13.13494638
-12.95058853
-12.8237375
-12.75914149
-12.74903593
-12.74903593
-12.74269674
-12.73358803
-12.68267989
-12.60126051
-12.50698187
-12.36835134
-12.22322324
-12.08086145
-11.92828667
-11.79202156
-11.61308635
-11.40079214
-11.18764798
-11.00865128
-10.83371177
-10.66001818
-10.50928374
-10.3855027
-10.27945057
-10.19218231
-10.11852063
-10.04085045
-9.975658913
-9.898055444
-9.781053635
-9.639337027
-9.490921307
-9.350758016
-9.20043584
-9.03062869
-8.828242441
-8.607257491
-8.403130441
-8.228287022
-8.071972897
-7.919654189
-7.794657144
-7.676855043
-7.568151603
-7.437659895
-7.297929464
-7.156110829
-6.993948983
-6.813679087
-6.632043452
-6.450501634
-6.301276704
-6.182252161
-6.083378542
-6.006716685
-5.90411135
-5.787491309
-5.661852542
-5.546297295
-5.43786953
-5.317423556
-5.182896119
-5.012365756
-4.83586448
-4.626427961
-4.409127682
-4.219061171
-4.02452364
-3.841213952
-3.678266168
-3.497123139
-3.307789152
-3.135245002
-2.943557654
-2.750983727
-2.560298132
-2.322918938
-2.078441431
-1.858619196
-1.66653886
-1.529773488
-1.451675296
-1.40952012
-1.37736682
-1.348453909
-1.316896084
-1.260343294
-1.161305718
-1.029813286
-0.886695593
-0.717634882
-0.516207237
-0.2993029
-0.058442836
0.210508649
0.515815705
0.829413537
1.087523563
1.294714542
1.45304534
1.553240902
1.616073994
1.671085994
1.726746301
1.77674408
1.840459018
1.914224264
2.000136432
2.115366506
2.247687243
2.438576239
2.630769221
2.807116613
2.959243873
3.097022602
3.17556867
3.231367412
3.246400102
3.247074006
3.24909592
3.279823923
3.32625992
3.395080175
3.515766142
3.660615515
3.838289427
4.063155149
4.296919255
4.542553961
4.788115957
5.000994872
5.188941938
5.358280381
5.510302433
5.638485699
5.762924688
5.880276083
5.997119051
6.114011123
6.23697887
6.365117934
6.498437596
6.639236807
6.782399683
6.933513165
7.070047406
7.176166057
7.262552185
7.342775412
7.404887276
7.481164312
7.573264959
7.685197189
7.798779811
7.912993643
8.018631358
8.134528228
8.263686849
8.397970503
8.501999273
8.600863765
8.665816019
8.714463561
8.723591148
8.689826326
8.627589391
8.553531657
8.485129708
8.44295296
8.401342584
8.348219441
8.274583514
8.194391135
8.108579395
8.003633498
7.898721148
7.802908482
7.702717165
7.627187973
7.5467171
7.426941874
7.296626645
7.135938717
6.955518545
6.750204129
6.545181636
6.357248533
6.181559335
6.050544862
5.969268848
5.884433306
5.821017085
5.776755326
5.748187258
5.718464065
5.668707087
5.589654792
5.502326529
5.403369604
5.274508544
5.126847044
4.964215804
4.789465847
4.58581331
4.369830863
4.16671968
3.968741253
3.774765097
3.592139873
3.436892056
3.296535491
3.18689812
3.103057449
3.036743918
2.98155212
2.896178507
2.793912283
2.710173621
2.592222777
2.462502659
2.317473035
2.182088106
2.030541546
1.870797492
1.689524513
1.49782666
1.328583356
1.139729046
0.923015132
0.703036713
0.475944811
0.223557492
-0.054634866
-0.357319592
-0.655055941
-0.961271683
-1.230009161
-1.474954423
-1.750854756
-2.069706118
-2.387380612
-2.695192921
-3.015652742
-3.340204179
-3.622544301
-3.853079036
-4.063174851
-4.247046094
-4.447774337
-4.693996276
-4.964530996
-5.263959695
-5.621159286
-6.003605652
-6.320217342
-6.568150029
-6.7568036
-6.930522537
-7.038562771
-7.059848604
-6.988452682
-6.823560601
-6.598025821
-6.232318979
-5.712135697
-5.148585836
-4.626261268
-4.108095027
-3.707582097
-3.545693157
-3.666181347
-3.941657574
