9.5827
9.5469
9.4569
9.3501
9.2601
9.2076
9.1764
9.1324
9.1061
9.0968
9.0696
9.0227
8.9595
8.8805
8.8136
8.7781
8.7794
8.8023
8.8135
8.8085
8.8266
8.8304
8.8098
8.7917
8.7836
8.7672
8.7627
8.7464
8.7442
8.7718
8.8154
8.8432
8.8552
8.8564
8.8083
8.7758
8.7377
8.7385
8.7188
8.6760
8.6058
8.5424
8.5066
8.4663
8.4109
8.3350
8.2814
8.2542
8.2320
8.2389
8.2467
8.2384
8.2022
8.1257
8.0559
7.9822
7.9215
7.9107
7.8952
7.8944
7.9007
7.8989
7.8865
7.8783
7.8659
7.8414
7.8532
7.8575
7.8268
7.7796
7.6995
7.6242
7.5741
7.5554
7.5785
7.6224
7.6577
7.6680
7.6099
7.4852
7.3401
7.1833
7.0650
7.0077
6.9886
6.9912
7.0092
7.0182
7.0212
6.9952
6.9492
6.9120
6.8765
6.8419
6.8303
6.8086
6.7791
6.7405
6.6932
6.6649
6.6124
6.5606
6.4734
6.3507
6.2118
6.0980
6.0196
5.9871
5.9911
6.0068
5.9799
5.9298
5.8628
5.7654
5.6689
5.5641
5.5082
5.4228
5.3040
5.1998
5.1326
5.0622
5.0050
4.9488
4.8743
4.7681
4.6814
4.6284
4.5670
4.4867
4.4189
4.3475
4.2520
4.1791
4.0890
3.9663
3.8349
3.7293
3.6643
3.6009
3.5774
3.5746
3.5456
3.4895
3.4160
3.3497
3.2757
3.1953
3.1148
3.0407
2.9864
2.9258
2.8519
2.7539
2.6640
2.5557
2.4829
2.4113
2.3543
2.2934
2.2191
2.1581
2.0878
2.0439
1.9734
1.9042
1.8350
1.7339
1.6195
1.5023
1.3996
1.3167
1.1993
1.1102
1.0622
1.0192
0.9856
0.9587
0.8973
0.7981
0.6816
0.5520
0.4343
0.3165
0.2348
0.1731
0.1638
0.1598
0.1638
0.1519
0.1199
0.0838
0.0409
-0.0247
-0.1209
-0.2654
-0.4388
-0.5983
-0.7173
-0.7914
-0.8274
-0.8524
-0.8673
-0.8861
-0.8861
-0.8939
-0.9017
-0.9518
-1.0684
-1.1865
-1.2962
-1.3997
-1.5039
-1.5970
-1.7191
-1.8822
-2.0376
-2.1412
-2.1977
-2.2458
-2.3012
-2.3239
-2.3616
-2.3949
-2.4248
-2.4481
-2.4830
-2.5540
-2.6388
-2.7544
-2.8661
-2.9927
-3.1136
-3.2262
-3.3425
-3.4526
-3.5486
-3.6135
-3.6863
-3.7574
-3.8384
-3.9307
-4.0367
-4.1554
-4.2778
-4.4183
-4.5546
-4.6739
-4.7668
-4.8331
-4.8768
-4.8884
-4.8940
-4.9508
-5.0038
-5.0670
-5.1284
-5.1931
-5.2655
-5.3595
-5.4285
-5.4895
-5.5583
-5.6428
-5.7482
-5.8744
-5.9701
-6.0239
-6.0681
-6.1427
-6.2459
-6.3686
-6.4569
-6.5318
-6.6070
-6.7033
-6.7955
-6.8952
-6.9852
-7.0333
-7.0834
-7.1586
-7.2390
-7.3214
-7.3755
-7.4391
-7.5298
-7.6224
-7.7237
-7.8212
-7.8922
-7.9647
-8.0029
-8.0278
-8.0662
-8.1214
-8.1849
-8.2156
-8.2578
-8.3173
-8.4019
-8.4975
-8.6046
-8.7213
-8.8465
-8.9697
-9.0715
-9.1579
-9.2137
-9.2329
-9.2461
-9.3002
-9.3361
-9.3760
-9.4473
-9.5645
-9.7136
-9.8718
-10.0376
-10.2216
-10.4247
-10.5639
-10.6872
-10.7572
-10.8009
-10.8047
-10.8030
-10.8425
-10.8799
-10.9101
-10.9425
-10.9671
-10.9848
-11.0062
-11.0596
-11.1044
-11.1354
-11.1818
-11.2805
-11.4152
-11.5442
-11.6772
-11.8031
-11.9274
-12.0455
-12.1458
-12.2518
-12.3378
-12.3797
-12.3987
-12.4168
-12.4757
-12.5176
-12.5636
-12.6159
-12.6578
-12.7067
-12.7869
-12.9018
-13.0281
-13.1564
-13.2726
-13.3807
-13.4939
-13.6143
-13.6577
-13.6802
-13.6872
-13.7080
-13.7298
-13.7575
-13.8131
-13.8678
-13.9299
-14.0064
-14.0984
-14.1804
-14.2648
-14.3512
-14.4520
-14.5624
-14.6581
-14.7518
-14.8201
-14.8481
-14.8917
-14.9477
-14.9915
-15.0475
-15.1132
-15.1759
-15.2233
-15.2842
-15.3703
-15.4673
-15.5294
-15.5756
-15.6162
-15.6196
-15.6196
-15.6366
-15.7034
-15.7568
-15.8299
-15.9133
-15.9566
-15.9783
-15.9893
-16.0149
-16.0344
-16.0672
-16.1196
-16.1643
-16.2444
-16.3185
-16.3979
-16.4770
-16.5850
-16.6825
-16.7790
-16.8653
-16.9276
-16.9830
-17.0052
-17.0588
-17.1492
-17.2616
-17.3780
-17.4509
-17.4833
-17.4745
-17.4706
-17.4833
-17.5614
-17.6359
-17.6874
-17.7300
-17.7558
-17.7930
-17.8050
-17.8379
-17.8760
-17.9133
-17.9195
-17.9371
-17.9692
-18.0216
-18.0812
-18.1718
-18.2598
-18.3347
-18.4280
-18.5418
-18.6437
-18.7395
-18.8535
-18.9524
-19.0197
-19.0581
-19.0863
-19.0898
-19.0898
-19.1003
-19.1332
-19.1675
-19.2114
-19.2584
-19.3123
-19.3423
-19.3578
-19.3962
-19.4422
-19.5288
-19.6131
-19.6867
-19.7341
-19.7613
-19.7646
-19.7630
-19.7436
-19.7684
-19.8576
-20.0003
-20.1407
-20.2697
-20.3889
-20.5008
-20.6017
-20.6891
-20.7560
-20.8107
-20.8535
-20.8695
-20.8832
-20.9040
-20.9595
-20.9977
-21.0167
-21.0365
-21.0547
-21.1023
-21.1597
-21.2211
-21.2823
-21.3594
-21.4435
-21.5347
-21.6001
-21.6421
-21.6860
-21.7331
-21.7807
-21.8120
-21.8696
-21.9400
-21.9997
-22.0373
-22.0879
-22.1182
-22.1349
-22.1516
-22.1649
-22.1754
-22.1828
-22.1997
-22.2397
-22.2801
-22.3176
-22.3814
-22.4614
-22.5319
-22.6248
-22.7213
-22.8136
-22.8668
-22.9068
-22.9273
-22.9250
-22.9252
-22.9127
-22.9192
-22.9262
-22.9362
-22.9401
-22.9350
-22.9468
-22.9774
-22.9918
-22.9782
-22.9372
-22.9026
-22.8579
-22.8571
-22.9062
-22.9363
-22.9536
-22.9545
-22.9519
-22.9530
-22.9478
-22.9487
-22.9750
-22.9955
-23.0233
-23.0608
-23.0947
-23.1191
-23.1472
-23.2231
-23.2955
-23.3520
-23.4121
-23.4405
-23.4302
-23.4317
-23.4358
-23.4424
-23.4521
-23.4651
-23.4752
-23.4758
-23.4574
-23.4552
-23.4570
-23.4465
-23.4489
-23.4204
-23.3787
-23.3432
-23.3423
-23.3452
-23.3606
-23.3759
-23.3539
-23.3191
-23.2622
-23.2146
-23.1700
-23.1280
-23.1040
-23.1018
-23.0877
-23.0669
-23.0145
-22.9714
-22.9468
-22.9379
-22.9385
-22.9458
-22.9568
-22.9682
-22.9733
-22.9568
-22.8845
-22.7596
-22.6469
-22.6028
-22.6178
-22.6481
-22.6626
-22.6458
-22.6106
-22.5722
-22.5363
-22.4847
-22.4394
-22.3973
-22.3425
-22.2843
-22.2171
-22.1651
-22.1065
-22.0386
-21.9930
-21.9656
-21.9441
-21.9012
-21.8864
-21.8655
-21.8443
-21.8325
-21.8210
-21.7967
-21.7016
-21.5670
-21.4261
-21.3004
-21.1748
-21.0775
-20.9804
-20.8859
-20.8070
-20.7310
-20.6363
-20.5443
-20.4492
-20.3173
-20.1917
-20.0723
-19.9770
-19.9223
-19.8708
-19.8312
-19.7977
-19.7766
-19.7155
-19.6481
-19.5467
-19.4608
-19.4058
-19.3538
-19.3446
-19.3385
-19.3322
-19.3237
-19.2975
-19.2735
-19.2493
-19.2535
-19.2730
-19.2735
-19.2148
-19.1203
-19.0190
-18.9208
-18.8537
-18.8176
-18.7842
-18.7599
-18.7112
-18.6618
-18.5979
-18.5215
-18.4704
-18.4521
-18.4494
-18.4441
-18.4048
-18.3341
-18.2111
-18.0794
-17.9473
-17.8253
-17.7121
-17.5956
-17.5076
-17.4248
-17.3328
-17.2506
-17.1586
-17.0676
-16.9665
-16.8496
-16.7268
-16.6100
-16.5137
-16.4391
-16.3868
-16.3278
-16.2944
-16.2674
-16.2371
-16.2029
-16.1406
-16.0815
-16.0052
-15.9480
-15.8927
-15.8165
-15.7377
-15.6733
-15.6188
-15.5669
-15.5236
-15.4776
-15.4166
-15.3195
-15.2008
-15.0788
-14.9693
-14.8774
-14.7940
-14.7265
-14.6647
-14.6122
-14.5779
-14.5471
-14.5170
-14.4803
-14.4227
-14.3617
-14.2808
-14.2149
-14.1524
-14.0706
-14.0082
-13.9291
-13.8591
-13.7766
-13.7140
-13.6413
-13.5521
-13.4701
-13.3848
-13.3120
-13.2299
-13.1420
-13.0425
-12.9416
-12.8454
-12.7560
-12.6666
-12.5806
-12.5174
-12.4807
-12.4691
-12.4566
-12.4097
-12.3432
-12.2607
-12.1666
-12.0773
-11.9948
-11.9113
-11.8174
-11.7109
-11.6125
-11.5208
-11.4291
-11.3420
-11.2709
-11.1631
-11.0622
-10.9569
-10.8378
-10.7083
-10.5776
-10.4263
-10.2864
-10.1513
-10.0676
-9.9839
-9.9185
-9.8762
-9.8142
-9.7353
-9.6409
-9.5500
-9.4599
-9.3572
-9.2321
-9.0987
-8.9723
-8.8980
-8.8673
-8.8354
-8.7656
-8.6582
-8.5299
-8.4213
-8.3491
-8.2992
-8.2715
-8.2272
-8.1960
-8.1794
-8.1356
-8.0697
-7.9889
-7.8850
-7.7762
-7.6909
-7.6081
-7.5272
-7.4479
-7.4138
-7.4067
-7.3961
-7.3545
-7.2790
-7.2107
-7.1185
-7.0297
-6.9496
-6.8825
-6.8225
-6.7590
-6.6833
-6.5792
-6.4660
-6.3725
-6.2648
-6.1894
-6.1283
-6.0763
-6.0242
-5.9739
-5.8931
-5.8070
-5.7172
-5.6490
-5.5898
-5.5341
-5.4964
-5.4390
-5.3745
-5.3009
-5.1932
-5.0533
-4.8934
-4.7642
-4.6564
-4.5304
-4.3847
-4.2660
-4.1563
-4.0698
-3.9888
-3.9241
-3.8591
-3.8031
-3.7327
-3.6656
-3.5838
-3.4751
-3.3631
-3.2584
-3.1443
-3.0505
-2.9894
-2.9332
-2.8904
-2.8323
-2.7790
-2.7379
-2.7115
-2.7010
-2.6936
-2.6778
-2.6494
-2.6173
-2.5820
-2.5188
-2.4085
-2.2984
-2.2177
-2.1658
-2.1265
-2.1034
-2.0803
-2.0662
-2.0343
-1.9888
-1.9471
-1.8672
-1.7731
-1.6748
-1.5957
-1.5167
-1.4146
-1.3103
-1.2112
-1.1240
-1.0685
-1.0145
-0.9598
-0.9243
-0.9028
-0.8688
-0.8193
-0.7669
-0.7048
-0.6367
-0.5798
-0.5177
-0.4451
-0.3548
-0.2477
-0.1214
0.0159
0.1556
0.2920
0.3980
0.4934
0.5688
0.6269
0.6659
0.7047
0.7563
0.7953
0.8606
0.9598
1.0843
1.2164
1.3848
1.5470
1.6728
1.7469
1.7996
1.8284
1.8511
1.8976
1.9617
2.0347
2.1063
2.1704
2.2458
2.2860
2.3500
2.4365
2.5316
2.6345
2.7449
2.8352
2.8979
2.9507
2.9785
2.9948
3.0062
3.0176
3.0328
3.0529
3.0909
3.1449
3.2001
3.2979
3.4148
3.5388
3.6567
3.7500
3.8334
3.9038
3.9595
4.0358
4.1297
4.2293
4.3326
4.4415
4.5581
4.6675
4.7671
4.8674
4.9562
5.0152
5.0403
5.0719
5.1182
5.1686
5.2529
5.3381
5.4224
5.4765
5.5268
5.5695
5.5985
5.6148
5.6379
5.6746
5.7298
5.7820
5.8603
5.9317
5.9904
6.0736
6.1801
6.2730
6.3610
6.4306
6.4857
6.5321
6.5641
6.5952
6.6232
6.6609
6.7122
6.7899
6.8677
6.9456
7.0391
7.1404
7.2261
7.2922
7.3425
7.3822
7.3897
7.3892
7.4012
7.4340
7.4719
7.5272
7.5943
7.6644
7.7424
7.8408
7.9258
7.9768
8.0396
8.1064
8.1758
8.2412
8.3168
8.3989
8.4534
8.5014
8.5470
8.5974
8.6257
8.6618
8.7058
8.7348
8.7432
8.7508
8.7704
8.7822
8.8020
8.8167
8.8279
8.8422
8.8887
8.9598
9.0111
9.0222
9.0372
9.0519
9.0790
9.1130
9.1612
9.2379
9.2759
9.3245
9.4132
9.5117
9.5823
9.6245
9.6346
9.6561
9.6757
9.7036
9.7076
9.7005
9.6814
9.6480
9.6019
9.5891
9.5827
9.5891
9.6274
9.6670
9.6943
9.7294
9.7603
9.7834
9.7980
9.7863
9.7838
9.7727
9.7548
9.7509
9.7468
9.7265
9.7104
9.7052
9.6962
9.6889
9.6737
9.6254
9.5481
9.4852
9.4196
9.3565
9.3299
9.3172
9.2834
9.2162
9.1635
9.1614
9.1813
9.1747
9.1579
9.1176
9.0737
9.0460
9.0311
9.0531
9.0527
