11.2826
11.2913
11.2830
11.2708
11.2458
11.2065
11.1316
11.0426
10.9536
10.9021
10.9022
10.8945
10.8775
10.8602
10.8591
10.8425
10.8168
10.7943
10.7881
10.7824
10.7513
10.7360
10.7417
10.7480
10.7409
10.7295
10.7153
10.7050
10.7110
10.7216
10.7214
10.7284
10.7395
10.7217
10.6712
10.5947
10.4800
10.3279
10.1918
10.1134
10.0803
10.1008
10.1062
10.0798
10.0055
9.9334
9.8780
9.8562
9.8560
9.8599
9.8478
9.8271
9.7939
9.7680
9.7248
9.6728
9.6029
9.5102
9.4242
9.3370
9.2254
9.1149
9.0119
8.9072
8.8113
8.6847
8.5508
8.4502
8.3977
8.3882
8.3877
8.3610
8.2779
8.1562
8.0396
7.9144
7.7971
7.6740
7.5369
7.3864
7.2352
7.0900
6.9339
6.7754
6.5980
6.4125
6.2167
6.0353
5.8811
5.7654
5.6984
5.6751
5.6865
5.6786
5.6483
5.5939
5.5279
5.4394
5.3720
5.3190
5.2755
5.2305
5.1331
5.0436
4.9248
4.7785
4.6243
4.4534
4.2793
4.1179
3.9789
3.8634
3.8066
3.7725
3.7402
3.6963
3.6271
3.5292
3.3910
3.2017
2.9996
2.7747
2.5176
2.2262
1.9430
1.6977
1.4951
1.3556
1.2365
1.1606
1.1139
1.0785
1.0253
0.9582
0.8646
0.7660
0.6558
0.5468
0.4339
0.3235
0.1877
0.0058
-0.1824
-0.3747
-0.5658
-0.7174
-0.8205
-0.8776
-0.9128
-0.9696
-1.0366
-1.1341
-1.2608
-1.4122
-1.5727
-1.7154
-1.8300
-1.9254
-2.0050
-2.0831
-2.1419
-2.2105
-2.3021
-2.4250
-2.5517
-2.6718
-2.7904
-2.9120
-3.0225
-3.1174
-3.2086
-3.3125
-3.4031
-3.4870
-3.5716
-3.6965
-3.8334
-3.9725
-4.1376
-4.3095
-4.4892
-4.6852
-4.9174
-5.1859
-5.4859
-5.8029
-6.1121
-6.4019
-6.6575
-6.8790
-7.0718
-7.2432
-7.3915
-7.5182
-7.6232
-7.7480
-7.8835
-8.0369
-8.1687
-8.2969
-8.4341
-8.6041
-8.8373
-9.0976
-9.3909
-9.6965
-10.0345
-10.3753
-10.6998
-10.9478
-11.1360
-11.2717
-11.3595
-11.4358
-11.5159
-11.5965
-11.7009
-11.8096
-11.9400
-12.0497
-12.1569
-12.2636
-12.3661
-12.4586
-12.5728
-12.6969
-12.8243
-12.9527
-13.0800
-13.2209
-13.3648
-13.4878
-13.6150
-13.7216
-13.7979
-13.8652
-13.9429
-14.0479
-14.1541
-14.2833
-14.4101
-14.5461
-14.6694
-14.7971
-14.9291
-15.0574
-15.2206
-15.3669
-15.4871
-15.5959
-15.6570
-15.6843
-15.6968
-15.7127
-15.7218
-15.7453
-15.7950
-15.8594
-15.9477
-16.0464
-16.1326
-16.2098
-16.2744
-16.3334
-16.3822
-16.4239
-16.4699
-16.5225
-16.5933
-16.6798
-16.7935
-16.8741
-16.9738
-17.0683
-17.1552
-17.2477
-17.3337
-17.4076
-17.4615
-17.5078
-17.5575
-17.6136
-17.6828
-17.7551
-17.8244
-17.9175
-17.9850
-18.0456
-18.1140
-18.1601
-18.2151
-18.2849
-18.3491
-18.4294
-18.5227
-18.6140
-18.7158
-18.8261
-18.9075
-19.0071
-19.1340
-19.2907
-19.4908
-19.6786
-19.8118
-19.9058
-19.9814
-20.0438
-20.0998
-20.1404
-20.1783
-20.2319
-20.2854
-20.3211
-20.3688
-20.4077
-20.4587
-20.5157
-20.5788
-20.6573
-20.7332
-20.8032
-20.8639
-20.9303
-21.0021
-21.0585
-21.0740
-21.0772
-21.1121
-21.1585
-21.2112
-21.2551
-21.2782
-21.3075
-21.3664
-21.4010
-21.4093
-21.4328
-21.4704
-21.5020
-21.5101
-21.5035
-21.4675
-21.4433
-21.4074
-21.3720
-21.3280
-21.3041
-21.2449
-21.1740
-21.1059
-21.0546
-21.0382
-21.0332
-21.0455
-21.0463
-21.0178
-20.9487
-20.9062
-20.8611
-20.8513
-20.8305
-20.7920
-20.7130
-20.5703
-20.4161
-20.3137
-20.3062
-20.3278
-20.3461
-20.3261
-20.2604
-20.1746
-20.1057
-20.0604
-20.0523
-20.0557
-20.0711
-20.0719
-20.0527
-19.9908
-19.8830
-19.7694
-19.6815
-19.6717
-19.6822
-19.6960
-19.6293
-19.4711
-19.2732
-19.1011
-19.0179
-19.0323
-19.0634
-19.0650
-19.0293
-18.9560
-18.8913
-18.8474
-18.8148
-18.8199
-18.8276
-18.8155
-18.7749
-18.6769
-18.5702
-18.4782
-18.4218
-18.4114
-18.4207
-18.4184
-18.3563
-18.2579
-18.1343
-17.9851
-17.8367
-17.7108
-17.5934
-17.4625
-17.3004
-17.1012
-16.8984
-16.7349
-16.6191
-16.5703
-16.5473
-16.4900
-16.3577
-16.1633
-15.9396
-15.7099
-15.4795
-15.2888
-15.1174
-14.9451
-14.7534
-14.5262
-14.2841
-14.0507
-13.8173
-13.5893
-13.3581
-13.1247
-12.8978
-12.6262
-12.3804
-12.1773
-12.0211
-11.9064
-11.8375
-11.8087
-11.7864
-11.7694
-11.7069
-11.6414
-11.5644
-11.4674
-11.3927
-11.3193
-11.2250
-11.1361
-11.0480
-10.9439
-10.8327
-10.6956
-10.5509
-10.3863
-10.2335
-10.0983
-9.9883
-9.8869
-9.7706
-9.6525
-9.5177
-9.3714
-9.2520
-9.1393
-9.0317
-8.9075
-8.7647
-8.6003
-8.4143
-8.1850
-7.9509
-7.7287
-7.5101
-7.3215
-7.1480
-6.9897
-6.8448
-6.7116
-6.5784
-6.4570
-6.3291
-6.2161
-6.0982
-5.9868
-5.8602
-5.7087
-5.5356
-5.3793
-5.2383
-5.1390
-5.0378
-4.9416
-4.8355
-4.6960
-4.5208
-4.3173
-4.0426
-3.7484
-3.4646
-3.2093
-2.9883
-2.7942
-2.6015
-2.3840
-2.1569
-1.9074
-1.6080
-1.2894
-0.9104
-0.4782
-0.0353
0.3842
0.7812
1.1589
1.4706
1.7664
2.0041
2.2264
2.3939
2.5436
2.6724
2.7750
2.8566
2.9346
3.0233
3.1638
3.3370
3.5293
3.7071
3.8839
4.0745
4.2581
4.4612
4.6635
4.8705
5.0659
5.2412
5.3789
5.5002
5.6192
5.7618
5.9282
6.0954
6.2598
6.4190
6.5821
6.7490
6.8875
7.0379
7.1758
7.3434
7.5036
7.6431
7.7969
7.9534
8.1289
8.3107
8.4737
8.6323
8.7954
8.9524
9.1023
9.2693
9.4338
9.6156
9.7800
9.9453
10.0960
10.2467
10.3687
10.5057
10.6565
10.8006
10.9154
10.9984
11.0544
11.1298
11.2246
11.3235
11.3978
11.4211
11.4486
11.4757
11.5112
11.5557
11.6202
11.6767
11.7247
11.7591
11.7852
11.8162
11.8545
11.9127
12.0016
12.1324
12.2438
12.3261
12.3679
12.3896
12.4121
12.4351
12.4859
12.5656
12.6503
12.7023
12.7280
12.7254
12.6858
12.6486
12.6149
12.6064
12.6437
12.6992
12.7442
12.7442
12.7056
12.6795
12.6578
12.6366
12.6241
12.5865
12.5354
12.4721
12.4216
12.3418
12.2229
12.1243
12.0727
12.0336
11.9722
11.9099
11.8926
11.9058
11.9518
11.9558
11.9881
12.0705
12.2682
12.5417
12.8478
13.1619
13.4145
13.5580
13.5997
13.5431
13.4258
13.2054
12.9657
12.7179
12.4647
12.2157
11.9037
11.5234
11.0834
10.7203
10.4867
10.3141
10.1991
10.1331
10.1247
10.1116
10.0820
10.0235
9.9330
9.8177
9.7270
9.6409
9.5147
9.4292
9.3144
9.1564
8.9729
8.8289
8.7116
8.5903
8.4436
8.3089
8.1309
7.9676
7.8258
7.7214
7.6530
7.5817
7.5593
7.5663
7.5830
7.5957
7.6289
7.6947
7.7591
7.8186
7.8466
7.8080
7.7619
7.7256
7.6919
7.6759
7.6258
7.5502
7.4334
7.2670
7.0462
6.8170
6.6217
6.4440
6.3104
6.2447
6.2691
6.3603
6.4828
6.5994
6.6876
6.7449
6.8099
6.9030
7.0240
7.1649
7.2907
7.3441
7.3054
7.2267
7.1295
7.0370
6.9711
6.9178
6.8786
6.8315
6.7873
6.7493
6.6979
6.6312
6.5550
6.4549
6.3286
6.2072
6.1303
6.1030
6.1121
6.1271
6.1305
6.1330
6.1392
6.1578
6.1717
6.1900
6.1989
6.1868
6.1737
6.1371
6.0844
6.0542
6.0657
6.1068
6.1317
6.1481
6.1324
6.0758
6.0152
5.9826
5.9726
5.9753
5.9672
5.9273
5.8295
5.6804
5.4788
5.2340
5.0423
4.9204
4.8778
4.8710
4.8440
4.7681
4.6810
4.6155
4.5509
4.5111
4.4671
4.4186
4.3646
4.3029
4.2495
4.2164
4.1929
4.1682
4.1250
4.0893
4.0250
3.9498
3.8668
3.8062
3.7369
3.6898
3.6439
3.5944
3.5012
3.3634
3.2244
3.0649
2.9030
2.7421
2.5941
2.4482
2.3039
2.2008
2.1415
2.1250
2.1175
2.1063
2.0988
2.0791
2.0390
1.9864
1.9095
1.8052
1.6613
1.4932
1.3222
1.1363
0.9919
0.8547
0.7389
0.6572
0.6055
0.5755
0.5643
0.5367
0.5040
0.4639
0.3796
0.2649
0.1376
-0.0024
-0.1514
-0.3498
-0.5861
-0.8340
-1.0328
-1.1607
-1.1989
-1.1989
-1.1989
-1.2100
-1.2313
-1.2644
-1.3137
-1.3831
-1.4538
-1.5841
-1.7550
-1.9525
-2.1300
-2.3053
-2.4799
-2.6552
-2.7624
-2.8258
-2.8604
-2.8922
-2.9537
-3.0420
-3.1660
-3.3204
-3.5290
-3.7558
-3.9941
-4.2245
-4.4690
-4.6858
-4.8969
-5.1029
-5.3244
-5.5743
-5.8438
-6.1444
-6.4560
-6.7716
-7.1036
-7.4122
-7.6650
-7.8514
-7.9694
-8.0374
-8.0606
-8.0715
-8.1164
-8.1990
-8.3371
-8.5238
-8.7749
-9.0437
-9.3448
-9.6382
-9.9350
-10.2400
-10.5030
-10.6961
-10.8453
-10.9575
-11.0813
-11.2284
-11.4053
-11.5813
-11.7495
-11.9127
-12.0599
-12.1695
-12.2803
-12.3910
-12.5243
-12.6687
-12.8074
-12.9717
-13.1312
-13.3233
-13.5118
-13.6790
-13.8203
-13.9455
-14.0816
-14.2219
-14.3586
-14.4695
-14.5691
-14.6451
-14.7076
-14.7410
-14.7710
-14.8011
-14.8380
-14.8981
-14.9648
-15.0447
-15.1310
-15.2174
-15.2941
-15.3539
-15.4035
-15.4433
-15.4731
-15.4995
-15.5129
-15.5328
-15.5529
-15.5828
-15.6225
-15.6590
-15.7055
-15.7550
-15.8062
-15.8631
-15.9127
-15.9654
-16.0045
-16.0610
-16.1232
-16.1796
-16.2280
-16.2724
-16.3208
-16.3907
-16.4284
-16.4540
-16.4569
-16.4664
-16.4644
-16.4949
-16.5181
-16.5316
-16.4979
-16.4166
-16.3315
-16.2766
-16.2530
-16.2499
-16.2276
-16.1886
-16.1099
-15.9983
-15.8972
-15.8210
-15.7719
-15.7172
-15.6208
-15.4685
-15.2793
-15.0982
-14.9607
-14.8959
-14.8654
-14.8126
-14.6803
-14.4462
-14.1449
-13.8639
-13.6440
-13.5037
-13.4217
-13.3591
-13.3268
-13.2848
-13.2128
-13.1064
-13.0023
-12.8831
-12.7780
-12.7029
-12.6257
-12.5602
-12.4465
-12.2719
-12.1048
-11.9194
-11.7502
-11.5093
-11.2213
-10.9597
-10.6885
-10.4268
-10.1949
-9.9927
-9.8523
-9.7559
-9.6425
-9.5362
-9.3941
-9.2034
-8.9780
-8.7326
-8.4840
-8.2274
-7.9457
-7.6708
-7.3810
-7.0812
-6.7362
-6.3662
-6.0221
-5.7456
-5.4947
-5.2992
-5.1312
-4.9800
-4.7830
-4.5406
-4.2504
-3.9315
-3.6095
-3.3666
-3.1838
-3.0602
-2.9122
-2.7186
-2.4372
-2.1362
-1.8724
-1.6411
-1.4428
-1.2292
-0.9945
-0.7557
-0.5408
-0.3322
-0.1568
0.0517
0.2912
0.6063
0.9886
1.3784
1.7176
1.9932
2.2267
2.4868
2.7603
2.9701
3.1734
3.3640
3.5510
3.7855
4.0671
4.3648
4.6722
4.9748
5.2413
5.4713
5.6769
5.8505
6.0021
6.1540
6.3187
6.4856
6.6714
6.8762
7.1078
7.3814
7.6435
7.9102
8.0882
8.1940
8.3001
8.3898
8.4394
8.4695
8.4651
8.4460
8.3970
8.3175
8.2638
8.2545
8.3003
8.3112
8.3134
8.3076
8.3858
8.5951
8.8314
9.0240
9.1003
9.0658
8.9807
8.8742
8.7662
8.6430
8.4662
8.2148
7.8888
7.5368
7.2442
6.9981
6.7766
6.5550
6.2930
5.9766
5.6770
5.4420
5.2908
5.1798
5.1252
5.0815
4.9815
4.8138
4.6021
4.3493
4.0652
3.7838
3.5734
3.4415
3.4429
3.5361
3.6748
3.7984
3.8656
3.9248
3.9965
4.0917
4.1869
4.2386
4.2555
4.2577
4.1864
4.0535
3.8425
3.6114
3.3867
3.2114
3.0772
3.0212
2.9870
2.9608
2.9155
2.8599
2.7927
2.7169
2.6419
2.5844
2.5028
2.4105
2.3441
2.2779
2.2434
2.2207
2.2083
2.1537
2.0743
1.9730
1.8894
1.8392
1.8222
1.8459
1.8819
1.9053
1.9196
1.8854
1.8066
1.6830
1.5084
1.3186
1.1663
1.0696
1.0971
1.1754
1.2413
1.2257
1.1393
1.0195
0.9087
0.8488
0.8729
0.9278
0.9544
0.9685
0.9789
0.9893
0.9395
0.8490
0.7595
0.6884
0.6627
0.6543
0.6299
0.5912
0.5543
0.5332
0.5354
0.5462
0.5678
0.5865
0.6174
0.6572
0.6665
0.6529
0.6529
0.6529
0.6491
0.6528
0.6527
0.6487
0.6125
0.5118
0.3543
0.1719
-0.0216
-0.1822
-0.2478
-0.2170
-0.1737
-0.1622
-0.2134
-0.2903
-0.3759
-0.4107
-0.4334
-0.4700
-0.5353
-0.6515
-0.8119
-1.0171
-1.2190
-1.3749
-1.4342
-1.4496
-1.4648
-1.4886
-1.5472
-1.6439
-1.7510
-1.8796
-2.0621
-2.2485
-2.4488
-2.6733
-2.9425
-3.2234
-3.4699
-3.6941
-3.8420
-3.9204
-3.9399
-3.9702
-4.0303
-4.1233
-4.2210
-4.2946
-4.3296
-4.3682
-4.4366
-4.5561
-4.6983
-4.8333
-4.9334
-5.0267
-5.1233
-5.2270
-5.3500
-5.4927
-5.6703
-5.9097
-6.2165
-6.5887
-6.9558
-7.2965
-7.6020
-7.8488
-8.0563
-8.1981
-8.3259
-8.4098
-8.4696
-8.5439
-8.6397
-8.7603
-8.8682
-8.9721
-9.0860
-9.2452
-9.4269
-9.6103
-9.8116
-10.0182
-10.1716
-10.2475
-10.2852
-10.3092
-10.3297
-10.3469
-10.3674
-10.4056
-10.4329
-10.4807
-10.5285
-10.6115
-10.7202
-10.8220
-10.9075
-10.9889
-11.0498
-11.1276
-11.2120
-11.2997
-11.3536
-11.4008
-11.4445
-11.4848
-11.5251
-11.5855
-11.6558
-11.7495
-11.8263
-11.8935
-11.9635
-12.0436
-12.1476
-12.2238
-12.2365
-12.2361
-12.2718
-12.3389
-12.4244
-12.4598
-12.3948
-12.2236
-12.0513
-11.9139
-11.8069
-11.7300
-11.6846
-11.6565
-11.5991
-11.5182
-11.3974
-11.2613
-11.1187
-11.0182
-10.9695
-10.9395
-10.9255
-10.8975
-10.8489
-10.7844
-10.6952
-10.5974
-10.5064
-10.3948
-10.3065
-10.2083
-10.0810
-9.9551
-9.8835
-9.8709
-9.8755
-9.8444
-9.7803
-9.6698
-9.5297
-9.3949
-9.2978
-9.2315
-9.1974
-9.1498
-9.0595
-8.9194
-8.7675
-8.6451
-8.5793
-8.5873
-8.5939
-8.5939
-8.5560
-8.4976
-8.4151
-8.3020
-8.1973
-8.0962
-7.9558
-7.7333
-7.4257
-7.0672
-6.6509
-6.2078
-5.7994
-5.5140
-5.3164
-5.1649
-5.0302
-4.8942
-4.7262
-4.5738
-4.4398
-4.3078
-4.2006
-4.0868
-3.9578
-3.8156
-3.6664
-3.5592
-3.4638
-3.3738
-3.2658
-3.1169
-2.9111
-2.6595
-2.4164
-2.1939
-1.9726
-1.7457
-1.4796
-1.1512
-0.7843
-0.4008
-0.0292
0.3213
0.6403
0.9216
1.2069
1.4637
1.6948
1.9118
2.1309
2.2972
2.4290
2.5265
2.5926
2.6850
2.7943
2.8731
2.9269
3.0103
3.0790
3.1026
3.0497
3.0018
3.0074
3.0587
3.1353
3.2126
3.2870
3.3399
3.3601
3.3475
3.2863
3.2320
3.1754
3.1202
3.0754
3.0420
3.0034
2.9841
2.9249
2.8206
2.6722
2.5102
2.3396
2.1478
1.9862
1.9331
1.9498
1.9990
2.0597
2.1361
2.2958
2.5617
2.9099
3.2903
3.6329
3.9334
4.1764
4.2795
4.2749
4.2135
4.1513
4.0773
3.9916
3.8401
3.7004
3.4991
3.2972
3.0690
2.8372
2.6480
2.5494
2.4898
2.4816
2.5365
2.6070
13.5883
