-6.062472793
-6.182145779
-6.298853783
-6.409135505
-6.464267254
-6.484700332
-6.469370443
-6.441311134
-6.414785682
-6.398826117
-6.401177879
-6.422356225
-6.45275897
-6.493602171
-6.530859341
-6.563866944
-6.620733243
-6.676490029
-6.714985457
-6.725887126
-6.695558653
-6.613034719
-6.49190431
-6.35454247
-6.227531318
-6.124930579
-6.049711567
-5.992959309
-5.93224901
-5.8826977
-5.83830158
-5.826762383
-5.851162127
-5.883765139
-5.944897336
-5.997055895
-6.032575294
-6.045163545
-6.049358764
-6.049358764
-6.067752952
-6.110684524
-6.170099229
-6.213363209
-6.27533225
-6.343967036
-6.448736871
-6.581436922
-6.710928253
-6.822729056
-6.916714182
-6.986813249
-7.089588134
-7.206648221
-7.364737397
-7.504385822
-7.621447943
-7.707686662
-7.773339479
-7.810202061
-7.832934261
-7.86162185
-7.955953441
-8.107972068
-8.311577205
-8.553333842
-8.823229998
-9.108991888
-9.407396588
-9.68696343
-9.939819149
-10.16821647
-10.36994293
-10.57381115
-10.79665477
-11.05579133
-11.32532223
-11.56213085
-11.76759867
-11.96828577
-12.13988536
-12.2872277
-12.41269848
-12.47209423
-12.51457209
-12.56987942
-12.6701897
-12.77591158
-12.89578592
-13.04142052
-13.21774569
-13.43206633
-13.66639665
-13.92450313
-14.18459236
-14.4303978
-14.66057093
-14.87511903
-15.08665187
-15.27253895
-15.43513476
-15.55661226
-15.65247192
-15.75217865
-15.84661819
-15.93341691
-16.04083235
-16.18034696
-16.32390275
-16.43736243
-16.50714504
-16.56924104
-16.64502598
-16.73360355
-16.82995981
-16.93768499
-17.06036932
-17.2077483
-17.40436644
-17.63441637
-17.88515921
-18.16597008
-18.45395569
-18.73464323
-18.97381058
-19.17752192
-19.33573822
-19.49770025
-19.66098988
-19.82380963
-19.96229095
-20.07769171
-20.19292307
-20.30716889
-20.4121128
-20.50572779
-20.57937503
-20.66249481
-20.77452554
-20.91541373
-21.05668177
-21.22002493
-21.37622778
-21.51217197
-21.5815259
-21.60915294
-21.62789818
-21.64794681
-21.66263416
-21.65760798
-21.66095338
-21.68179754
-21.71893664
-21.75726238
-21.75961101
-21.72079107
-21.6391832
-21.5174638
-21.40155866
-21.3104058
-21.24565801
-21.23340732
-21.28366885
-21.34706315
-21.41793775
-21.48383514
-21.54917496
-21.58777575
-21.58506653
-21.54004929
-21.44258747
-21.28956371
-21.08820988
-20.87317358
-20.66539281
-20.46094215
-20.26175969
-20.04117053
-19.84924123
-19.69926026
-19.56010194
-19.45658089
-19.37891289
-19.30455985
-19.23157216
-19.13515189
-19.01301876
-18.87126732
-18.70281526
-18.50354475
-18.26999541
-18.04713624
-17.83819492
-17.67652439
-17.55169202
-17.49562822
-17.4807401
-17.49401059
-17.53702088
-17.59064548
-17.59603912
-17.52594704
-17.38050115
-17.15316711
-16.84084785
-16.4677064
-16.08032712
-15.67806015
-15.25470527
-14.85076935
-14.47601176
-14.138404
-13.83581984
-13.55127149
-13.29248225
-13.04304039
-12.83448516
-12.66885684
-12.53090811
-12.41706945
-12.31530583
-12.20311193
-12.07913566
-11.94077386
-11.77653872
-11.58506852
-11.37831758
-11.1622452
-10.92536214
-10.66529695
-10.37370866
-10.06224861
-9.73061315
-9.373877854
-9.036743444
-8.693042201
-8.396333039
-8.148454951
-7.930458687
-7.742533752
-7.573687945
-7.425132233
-7.278730087
-7.103648407
-6.908210641
-6.690745843
-6.466884425
-6.21808436
-5.93105565
-5.61904374
-5.27596854
-4.869284935
-4.403504069
-3.893410751
-3.384590217
-2.86677117
-2.345409412
-1.830406192
-1.322734994
-0.824487099
-0.341225279
0.14178273
0.634960504
1.121444855
1.595402812
2.025676647
2.404540367
2.75434804
3.080510014
3.38129515
3.637575638
3.834615257
3.975706874
4.075060301
4.139621499
4.16720282
4.182520643
4.224635999
4.313555469
4.451148005
4.662666408
4.930870668
5.224313563
5.542774256
5.866743982
6.18412821
6.527579944
6.878227214
7.231656243
7.587425417
7.935852904
8.264843342
8.551804068
8.779918289
8.940253027
9.046726673
9.163472333
9.268331781
9.414985445
9.592740276
9.774063406
9.955534558
10.11821329
10.26756917
10.40354755
10.52405932
10.65496848
10.80838338
10.98471384
11.17173408
11.35047857
11.48616713
11.60776743
11.70405853
11.78627755
11.8736891
11.96512338
12.06144024
12.15669005
12.24909211
12.33126807
12.38499898
12.39980624
12.35579447
12.29732145
12.25737969
12.25872743
12.29398252
12.35434203
12.40618448
12.44756267
12.46476776
12.44268886
12.39235437
12.31693599
12.23377142
12.21136999
12.21526854
12.2563879
12.32075835
12.38151627
12.44207321
12.43882037
12.39543792
12.28830745
12.15176546
12.00011275
11.85443058
11.66868728
11.46456639
11.23560821
11.00032926
10.75930401
10.51693001
10.29768321
10.06081058
9.780438378
9.476332
9.145183271
8.786816477
8.434000362
8.079028103
7.742962079
7.404986163
7.088763157
6.81735365
6.5765743
6.341763898
6.10469982
5.871136372
5.656999778
5.442006305
5.238359588
5.042951835
4.810374235
4.5432148
4.229176812
3.887840557
3.531789212
3.174837941
2.825147394
2.494542472
2.135685231
1.803869324
1.475604072
1.132155665
0.785068991
0.434384023
0.076516822
-0.269757147
-0.599010838
-0.891445566
-1.159486492
-1.423679307
-1.667454687
-1.87390914
-2.056266191
-2.248974327
-2.462137964
-2.707090386
-2.983474174
-3.291655987
-3.640360917
-4.018789804
-4.388563074
-4.723857749
-5.027277711
-5.294843805
-5.531475833
-5.711246055
-5.8544777
-5.961884242
-6.059173681
-6.147785461
-6.180336142
-6.163976617
-6.074111454
-5.932012741
-5.75557312
-5.548503383
-5.333326788
-5.158524231
-4.984665024
-4.828283699
-4.69903708
-4.629615875
-4.60308283
-4.622240657
-4.658475109
-4.720328666
