40.21703616
40.26156281
40.30677997
40.32682528
40.33351581
40.33796765
40.35053005
40.35874012
40.3638099
40.35315618
40.35704643
40.36558746
40.36401724
40.38037962
40.35859812
40.34565838
40.36056543
40.39005669
40.37152449
40.37487779
40.39871115
40.40079193
40.40931544
40.42636507
40.44337416
40.43908913
40.43698859
40.43536093
40.42703544
40.41779633
40.41273501
40.393917
40.35420845
40.33141328
40.29283082
40.23519376
40.1991461
40.1780482
40.1867112
40.18999264
40.21299536
40.21970486
40.21998487
40.24482177
40.26016059
40.26418996
40.2685446
40.26330193
40.26542839
40.27686095
40.27964253
40.22953358
40.1999047
40.16926357
40.1356056
40.09142469
40.09640967
40.12128672
40.13568433
40.15344097
40.17225003
40.18107039
40.19989211
40.22636618
40.22712453
40.25242853
40.3348937
40.38312746
40.35159476
40.35641188
40.34474869
40.30172669
40.25441825
40.23696915
40.24575261
40.29308025
40.29939634
40.27615109
40.27573801
40.30537039
40.31514835
40.33045456
40.33151259
40.30810904
40.25648839
40.23069725
40.22210312
40.18712159
40.13288149
40.11867938
40.12782543
40.11732898
40.12060108
40.11589566
40.07838385
40.03380088
39.9758942
39.96597582
39.93534508
39.89151246
39.85110039
39.8501189
39.86164881
39.86842588
39.86872033
39.86383517
39.86235839
39.86601642
39.85385295
39.82819832
39.83727294
39.81346792
39.79997546
39.75383853
39.69720975
39.66362172
39.64490668
39.61626505
39.62625682
39.60573395
39.58120726
39.56692126
39.55134209
39.53533069
39.53427864
39.55085179
39.53145804
39.46527654
39.43372187
39.44932317
39.41615768
39.36754429
39.39246507
39.40041009
39.37258425
39.37179672
39.40378642
39.40714878
39.38581445
39.39618138
39.39483403
39.34629354
39.30708918
39.32583116
39.32231604
39.30333983
39.29137305
39.29158804
39.30289999
39.2770662
39.23424274
39.23935185
39.2207266
39.16591033
39.11987089
39.1092639
39.09723213
39.05806407
39.05581056
39.04536752
39.00254081
38.94658722
38.91815154
38.88933055
38.8569912
38.86849443
38.88140903
38.87401165
38.84359169
38.80980915
38.80662035
38.81434339
38.79258442
38.75109057
38.71335613
38.68743287
38.68166973
38.63973053
38.60804988
38.61754306
38.61192366
38.59912572
38.58362691
38.578484
38.57848783
38.57992874
38.57848783
38.59390557
38.59907201
38.60199151
38.59323018
38.59340026
38.60546544
38.60023061
38.56322979
38.56479529
38.58678506
38.577065
38.59539843
38.62012634
38.61520626
38.60796336
38.60796336
38.61838032
38.63633487
38.68210246
38.68930868
38.6864477
38.68278912
38.66609597
38.63625509
38.63183223
38.63889308
38.6229297
38.59676278
38.59629678
38.59435182
38.55985867
38.51013874
38.51611345
38.51360881
38.48380983
38.47457306
38.50645364
38.55428524
38.52600308
38.52548034
38.52629802
38.52192078
38.52093941
38.5367544
38.52397286
38.48692941
38.49356125
38.49540382
38.47779532
38.41423248
38.36097686
38.330303
38.28994427
38.23990234
38.22281373
38.21522528
38.18440772
38.17191292
38.1741819
38.16058711
38.13495269
38.12866838
38.13713048
38.13230451
38.08405557
38.05639184
38.05773626
38.0394284
37.99431368
37.98225943
37.98573148
37.97855586
37.95416947
37.95497776
37.935947
37.90811977
37.9015388
37.90321579
37.90051428
37.88289213
37.82087474
37.79748195
37.80022353
37.77315112
37.74379616
37.74299304
37.72963442
37.70444471
37.69433323
37.70564843
37.70825316
37.70062854
37.68210823
37.67853455
37.66868862
37.64854067
37.63965521
37.61755773
37.57487246
37.57488269
37.57337874
37.55906539
37.56065374
37.56426595
37.57174824
37.58822324
37.62073979
37.62014726
37.62303095
37.62051893
37.61188727
37.59658145
37.59814207
37.59839805
37.5997854
37.58099163
37.57503379
37.57500544
37.57867737
37.57531606
37.57341494
37.58006313
37.56875834
37.58951592
37.60805003
37.6012511
37.59815766
37.62083046
37.66562636
37.64755598
37.65805323
37.66723298
37.64172886
37.62759906
37.65439373
37.66766704
37.66945019
37.66135445
37.6817316
37.70455578
37.71606559
37.72128107
37.72682633
37.7171629
37.70928623
37.71716374
37.70175272
37.69506438
37.68505308
37.66719015
37.65929772
37.65219834
37.64045166
37.61860728
37.63076732
37.65148312
37.64378221
37.63828251
37.6104992
37.61748711
37.62398863
37.64483509
37.65551635
37.66128925
37.66236826
37.65514286
37.66100314
37.67836897
37.68567924
37.69262569
37.73167548
37.7977121
37.80835358
37.79667438
37.82644401
37.89427609
37.90599301
37.91449223
37.92598419
37.92921905
37.91802538
37.90631719
37.90552669
37.88890546
37.87613881
37.87876051
37.87850995
37.88459463
37.91097209
37.90765046
37.88949078
37.87287906
37.87511711
37.89886718
37.92799153
37.93551433
37.9401987
37.95534172
37.97916925
37.97158363
37.96173462
37.98865521
37.99180559
37.9717949
37.96966982
37.97370707
37.96219144
37.9572469
37.97614169
37.98190531
37.98190531
37.9837303
37.98273083
37.98198024
37.95379062
37.94295522
37.9519702
37.96429806
37.96675772
37.95809862
37.9537029
37.94917977
37.94029324
37.95040611
37.94979478
37.93406667
37.90204748
37.89324594
37.88179317
37.86048516
37.83083547
37.82662125
37.85150833
37.86856992
37.87040351
37.86697923
37.84197821
37.80658842
37.79287597
37.78925608
37.80508879
37.76965205
37.74810678
37.73609661
37.71990265
37.70159528
37.68517395
37.67933729
37.67114711
37.64603133
37.62189071
37.61809548
37.60156347
37.57647449
37.57229388
37.58686934
37.60664459
37.59896716
37.59573566
37.60387539
37.5863313
37.58791642
37.65153118
37.67778902
37.70184432
37.69793267
37.68882646
37.69450317
37.70519269
37.73370612
37.75190867
37.75418595
37.75418595
37.7610204
37.75777843
37.77192253
37.76856894
37.77105747
37.78168379
37.78496248
37.76683992
37.75089783
37.74830096
37.75602535
37.76335822
37.76732471
37.78245659
37.79237874
37.79816498
37.81887929
37.81578131
37.8220345
37.86513312
37.9612449
38.01262609
38.04866327
38.08686288
38.13961106
38.17654035
38.16191758
38.13279984
38.13958422
38.16337113
38.15773106
38.16746753
38.22872151
38.3221862
38.37240286
38.39141144
38.41598224
38.46145494
38.49890142
38.54705165
38.59115067
38.63538305
38.67421506
38.71491279
38.76978314
38.8010664
38.81187085
38.84453003
38.87977779
38.90875492
38.91885562
38.95568353
39.0091501
39.03382063
39.05261512
39.08489559
39.10494708
39.11782526
39.13071331
39.14103092
39.14260176
39.1385224
39.14837794
39.1794629
39.20448597
39.22090053
39.26138108
39.31822694
39.3614623
39.42948453
39.52202503
39.59376945
39.62782277
39.65129154
39.6558109
39.65373613
39.65083933
39.65870009
39.66409076
39.66369846
39.66890473
39.69026576
39.70422108
39.69870984
39.72105258
39.72705122
39.72823157
39.74347307
39.73998119
39.74630333
39.76185739
39.80044961
39.81427748
39.81436291
39.81561385
39.82908089
39.83986317
39.84238564
39.85595243
39.87280207
39.87599185
39.87408205
39.89304936
39.89987274
39.89576882
39.9139225
39.98032583
40.02249192
40.07011142
40.12569734
40.14781064
40.17214171
40.19874171
40.20150877
40.20487507
40.21116989
40.22039834
40.22178182
40.21439603
40.20902212
40.21586953
40.20366498
40.21911097
40.24414514
40.23771588
40.23672321
40.23433859
40.21063741
40.18313452
40.1580086
40.14552887
40.12030618
40.11793575
40.13931596
40.19699466
40.26026496
40.3132174
40.35077572
40.38169101
40.36501116
40.35884565
40.35663908
40.35355966
40.36525103
40.35976036
40.35124185
40.34255771
40.33071795
40.31274959
40.29901105
40.30463155
40.31786103
40.33382377
40.37089791
40.38476967
40.38665691
40.38799123
40.37185801
40.33259214
40.3265312
40.32989896
40.32136874
40.33387624
40.37761632
40.40005394
40.38502982
40.38281032
40.40256553
40.43701183
40.46859227
40.51336213
40.58078869
40.61492638
40.62213866
40.60662417
40.60093236
40.58352015
40.55910375
40.54444864
40.52635486
40.50937339
40.49375674
40.50340801
40.49114124
40.49503434
40.49747857
40.50489624
40.48135101
40.45405198
40.43439902
40.40920215
40.401537
40.40684786
40.42290373
40.43636949
40.45975951
40.47912556
40.46791192
40.45336406
40.44073964
40.40748378
40.38852232
40.3903883
40.40349329
40.40852371
40.40233066
40.38814092
40.37755236
40.37769178
40.37716538
40.38142402
40.37185648
40.37641216
40.4214135
40.43411602
40.4330309
40.45532925
40.47102744
40.46247067
40.4395456
40.45468674
40.44950747
40.44920638
40.45091592
40.45321089
40.43146551
40.40890725
40.39132125
40.36552572
40.37249443
40.37579693
40.39904186
40.39567621
40.40205311
40.41219707
40.41195542
40.39759522
40.38859746
40.39315543
40.38429408
40.40323028
40.40897916
40.41026999
40.41987072
40.41779239
40.41436725
40.42365066
40.42168316
40.44700125
40.44508563
40.4340055
40.4275502
40.41451289
40.38054007
40.34683849
40.3292646
40.30731183
40.30929379
40.32261644
40.33254957
40.32331877
40.30043946
40.28102291
40.28973355
40.31206419
40.31526536
40.32414308
40.3420876
40.34321064
40.3578531
40.3624372
40.35355396
40.35369286
40.35841332
40.3768389
40.39103987
40.4020313
40.41756238
40.41853421
40.40502636
40.40037751
40.39124182
40.38306607
40.37464136
40.37065679
40.38009817
40.3807138
40.39066334
40.39726379
40.42563428
40.44929938
40.47740866
40.49661935
40.52481548
40.53112015
40.53728098
40.53936658
40.51870473
40.4850055
40.47765755
40.44443916
40.4069842
40.37369426
40.34080919
40.31269749
40.2940454
40.29970907
40.28750149
40.28219554
40.2779173
40.28168271
40.30049474
40.30392426
40.31332685
40.30943527
40.29818793
40.30829789
40.31213986
40.3290869
40.32633989
40.33045297
40.31964059
40.2979348
40.27262107
40.23373099
40.2034768
40.17336207
40.16083538
40.15712448
40.15988758
40.169543
40.19485345
40.20350054
40.20137414
40.18466047
40.18009677
40.16691726
40.17051714
40.16440401
40.15838531
40.15178335
40.16107395
40.16329898
40.18020262
40.22419959
40.27086447
40.29778408
40.32300324
40.36873589
40.39564184
40.42940695
40.48334493
40.53994906
40.64009813
40.73026212
40.81053185
40.86629481
40.93447421
40.99856411
41.04295211
41.06761848
41.10709411
41.12849838
41.1433083
41.16312091
41.20271764
41.26865386
41.32087964
41.35929766
41.38945397
41.39182278
41.38525427
41.39101852
41.38977196
41.38330873
41.37361629
41.38476011
41.37262925
41.36865488
41.39373658
41.44174614
41.50765162
41.55539747
41.61040749
41.66141403
41.68981748
41.69192592
41.69350073
41.70291111
41.6963982
41.6802261
41.67929647
41.67980712
41.68198095
41.69640414
41.6904406
41.68960765
41.68404368
41.68202979
41.69859501
41.73795071
41.77347407
41.77941544
41.7774425
41.77662883
41.77297062
41.76083088
41.72189383
41.70498179
41.68652408
41.65012192
41.62365943
41.60913338
41.59269884
41.57047038
41.56276336
41.56091181
41.53863757
41.51430872
41.49478373
41.45626072
41.40461372
41.35774446
41.33007373
41.31279311
41.27724284
41.27024866
41.2762416
41.25816277
41.28042382
41.3381378
41.37093618
41.38494729
41.41120697
41.42171191
41.41559836
41.43135862
41.44543485
41.45729765
41.4857883
41.54888999
41.65937016
41.76991635
41.83593612
41.8377722
41.84206872
41.85018689
41.85831184
41.86501521
41.87704832
41.9154334
41.95767581
41.97806477
42.00610772
42.00916394
42.00195217
41.99484623
41.99609894
41.98450451
41.96944402
41.93731966
41.89289245
41.88761065
41.91019618
41.91974749
41.92158183
41.92287398
41.94021591
41.97415693
41.99013883
41.99022162
41.99914101
42.01345452
41.99126341
41.9767766
41.98684189
42.01032625
42.02537419
42.02955719
42.0645924
42.09508931
42.08726503
42.08556226
42.1064222
42.1138987
42.09378139
42.1010677
42.10862285
42.09642229
42.08752522
42.10704789
42.12022491
42.12408984
42.14219232
42.16906314
42.13313811
42.0956844
42.09398611
42.10494786
42.10769262
42.11597806
42.1270886
42.13005637
42.1385469
42.16632629
42.18299561
42.19165088
42.24217302
42.29338976
42.31091895
42.32437988
42.34205347
42.34303885
42.33301693
42.32259875
42.32016522
42.31219683
42.30423169
42.29246202
42.28739332
42.26089234
42.25926511
42.26704924
42.28013315
42.28024738
42.30491267
42.31488822
42.29599698
42.26610653
42.264254
42.24572912
42.19429533
42.14909172
42.14488175
42.13830326
42.11054426
42.07797828
42.08581312
42.08257174
42.0525902
42.03162532
42.0388308
42.04424492
42.03796755
42.04735266
42.05022997
42.05782564
42.07503257
42.08286296
42.08633659
42.08952201
42.09761328
42.09680894
42.09800606
42.08626772
42.08208348
42.09114395
42.075963
42.07355365
42.08849462
42.06650958
42.03408951
42.02229709
42.03632297
42.04777414
42.04309675
42.05595415
42.06549161
42.0548802
42.03623945
42.02952555
42.0358189
42.01679829
41.97057468
41.92450867
41.87860073
41.825307
41.76772866
41.721108
41.69088246
41.67315068
41.66536888
41.66752855
41.68083515
41.69552186
41.70213292
41.70613902
41.71728644
41.72186883
41.71635831
41.70656102
41.69393932
41.67210673
41.64388856
41.60925358
41.57256911
41.55985518
41.54938386
41.5167065
41.5058675
41.51180316
41.49611149
41.50388651
41.51393755
41.51077979
41.50529098
41.49385331
41.5005811
41.5116931
41.51491897
41.50638013
41.50015188
41.48977985
41.47917574
41.48792453
41.48494004
41.45428307
41.41741349
41.39469248
41.40392038
41.415081
41.43223232
41.42986786
41.39809209
41.34073331
41.2793664
41.26970695
41.23471965
41.16819978
41.11162697
41.07302415
41.0606078
41.07216164
41.06409175
41.02018845
41.00687365
41.0049733
40.97583543
40.95239763
40.91138548
40.82761877
40.74415854
40.68208652
40.62209149
40.58764778
40.57528982
40.57740416
40.58251437
40.59194255
40.60085267
40.59917657
40.5474364
40.51437694
40.51089878
40.4694512
40.39084407
40.35245804
40.32825635
40.2574623
40.21838668
40.17883802
40.14998238
40.1247452
40.06618135
39.9725021
39.8964086
39.84452363
39.76848218
39.70918208
39.70228827
39.70155381
39.62737611
39.51878936
39.48401322
39.44839663
39.37749756
39.20953838
39.01043501
38.79406748
38.50832285
38.16484713
37.83522497
37.50363796
37.12527597
36.72527514
36.33344965
35.93322396
35.47370097
34.92015513
34.28313287
33.59407493
32.88608542
32.1854892
31.52533872
30.87139786
30.22488655
29.71041906
29.33717148
28.98306696
28.84573279
28.88216781
28.97454386
29.00722801
29.02430041
29.03681166
29.0975961
29.1120828
29.12235594
29.19108914
29.40694155
29.61042634
29.81100948
30.01971179
30.22769446
30.3840113
30.53483659
30.80301345
31.06168785
31.23271874
31.44540015
31.75033773
32.05051605
32.29532252
32.55312095
32.83717316
33.07436146
33.2959933
33.51189157
33.74171089
33.93509764
34.10980495
34.25190982
34.35354327
34.41954157
34.45676471
34.53735361
34.64123178
34.79432115
34.98964101
35.22737231
35.46867068
35.71028397
35.91477157
36.04596101
36.17581869
36.34742943
36.52761234
36.65994911
36.82367443
37.02511443
37.21681306
37.37817486
37.57130085
37.74823663
37.88045535
37.9927236
38.15521709
38.30781218
38.41892466
38.53883906
38.67864047
38.75083115
38.80307377
38.87917463
38.97188032
39.07154988
39.18881388
39.3365959
39.50908692
39.65535052
39.74850644
39.83342462
39.88628597
39.89151677
39.93391463
39.99130858
40.01933077
40.01154464
39.98841004
39.97056842
39.925106
39.88355104
39.90080185
39.90432096
39.88467583
39.88461325
39.87259718
39.82962557
39.76285604
39.71677169
39.66706751
39.63756174
39.62445526
39.57995398
39.51481373
39.50225714
39.51524429
39.53036463
39.53803294
39.54493146
39.5665954
39.58137012
39.59469791
39.57732036
39.5462999
39.48966096
39.46132919
39.44758636
39.42475701
39.42200861
39.44482044
39.46491998
39.4676826
39.51804813
39.57951004
39.62359962
39.6602762
39.66590052
39.64964284
39.66531973
39.66831258
39.64320916
39.57791121
39.538005
39.54491071
39.55771445
39.56179693
39.58402618
39.60044256
39.62271385
39.65610826
39.71049917
39.72779991
39.72083445
39.70632533
39.68823093
39.66838085
39.61399202
39.6054892
39.61488515
39.61178097
39.60753942
39.61224012
39.61403417
39.59953671
39.5881515
39.58815154
39.55780597
39.4982838
39.49922038
39.50253116
39.46867803
39.43320155
39.42913223
39.44403951
39.47212881
39.4724755
39.4425008
39.40405063
39.37266979
39.35138059
39.29466753
39.23278963
39.19373736
39.18412233
39.15145474
39.17850181
39.24144137
39.27204636
39.21618448
39.15401154
39.11160593
39.10164541
39.10787613
39.09042939
39.09744451
39.07227523
39.00283665
38.92753054
38.89237798
38.84390903
38.80335548
38.79623829
38.77844107
38.72340089
38.71097382
38.69876065
38.66558465
38.64989493
38.64928656
38.61269175
38.5862628
38.58945636
38.59477948
38.56114291
38.52102151
38.50979048
38.50736395
38.51545429
38.53440343
38.51757466
38.51032297
38.53101545
38.5806333
38.61080133
38.62979973
38.63577805
38.59302254
38.55571681
38.54550897
38.54041738
38.51496211
38.51168131
38.52723481
38.50855782
38.45093305
38.4291297
38.42649208
38.41399999
38.40703979
38.41551967
38.40696668
38.39761756
38.39101126
38.3946233
38.37159984
38.33695922
38.34103144
38.3696612
38.39934587
38.43174256
38.46127852
38.47588602
38.4807254
38.51250971
38.58342476
38.66675417
38.73123613
38.79176738
38.78977634
38.74126639
38.69766253
38.6712323
38.67647432
38.6574892
38.65307098
38.65482006
38.65346751
38.61509945
38.58645114
38.55994223
38.53477027
38.49672265
38.50505402
38.57342182
38.65402038
38.66649037
38.68910548
38.69879062
38.69470212
38.69797885
38.71127705
38.76825152
38.83351983
38.87718026
38.88167557
38.85843234
38.83938726
38.82510552
38.82683934
38.81314758
38.82552494
38.85633322
38.88234877
38.87347805
38.85367538
38.84449249
38.85901922
38.85631181
38.85956716
38.92464095
38.97988066
38.97517113
38.97278242
38.95874863
38.93582445
38.88439822
38.87330109
38.88928358
38.89439855
38.92765272
39.00456851
39.13687368
39.21448574
39.25294163
39.27527138
39.30311766
39.29847899
39.30068363
39.30980235
39.30800625
39.276019
39.25847806
39.22628829
39.20447493
39.17896914
39.17767386
39.1451266
39.10331436
39.09357825
39.10591568
39.12514703
39.13229018
39.13255735
39.12655026
39.13029501
39.12369002
39.13118906
39.12781054
39.09153946
39.06192384
39.07360952
39.07457368
39.06823404
39.05611144
39.04025732
39.03578021
39.04401401
39.05052173
39.02379177
39.01875862
39.02795938
39.03464646
39.03283511
39.04811316
39.07445753
39.07803097
39.0644931
39.05308193
39.01630266
38.97406496
38.97228483
38.97142437
38.96407037
38.95221981
38.94488453
38.95077691
38.95254087
38.93913179
38.93793284
38.93557777
38.92669934
38.90908905
38.91118224
38.89994467
38.90631619
38.91271331
38.94913673
38.99036497
39.03926715
39.08573454
39.10354537
39.10709895
39.16020396
39.21599356
39.22933585
39.24479645
39.26558677
39.2741984
39.25625403
39.27218069
39.30825616
39.34489197
39.36020735
39.4043702
39.47580834
39.50469865
39.55137947
39.61246916
39.67111022
39.71585056
39.73796041
39.75547378
39.7690239
39.80062098
39.85198542
39.88029796
39.90883177
39.93999928
39.96716337
39.98293429
39.97631815
39.99699465
40.02557715
40.0426375
40.06704367
40.08499618
40.09414707
40.10544802
40.14560059
40.18399259
40.20473076
40.23719835
40.26472316
40.28690392
40.29081975
40.29693938
40.32146691
40.3248887
40.3385465
40.34924584
40.34712852
40.33607375
40.35054578
40.38395992
40.39191336
40.3947434
40.38917727
40.38171767
40.39205696
40.4064337
40.43248131
40.44745758
40.48910211
40.51711309
40.54262272
40.55930873
40.57298531
40.56099043
40.56530083
40.58126204
40.58174973
40.55668085
40.5476253
40.55679897
40.54356997
40.54368977
40.55189799
40.58155336
40.60853504
40.61833855
40.66374391
40.68459205
40.70138039
40.72371479
40.77181436
40.80517386
40.80366643
40.81256235
40.83868789
40.83778552
40.84112118
40.87769144
40.9255003
40.94944457
40.95465961
41.00369024
41.02544603
41.06126428
41.11272387
41.17471294
41.19992618
41.22508923
41.26674843
41.30495803
41.31836232
41.30381671
41.31630995
41.30578176
41.30197984
41.31043125
41.31331075
41.32886032
41.3692955
41.4258906
41.45852132
41.47504968
41.50527337
41.54032091
41.56631229
41.57563388
41.60530725
41.64610237
41.67892278
41.73174028
41.788522
41.85068135
41.88377262
41.91680547
41.96157311
41.97129579
41.95574186
41.95450115
41.99209006
42.02499573
42.0387485
42.06370783
42.12096309
42.1605539
42.19427082
42.22080276
42.24144283
42.23786372
42.2391353
42.24383541
42.24439341
42.24705066
42.24627074
42.2421059
42.23017908
42.23069186
42.22853589
42.20900923
42.20293334
42.213713
42.24000266
42.2602852
42.28622107
42.29269504
42.31491189
42.33470046
42.36057696
42.39134079
42.42843908
42.45367001
42.48468195
42.52152105
42.53081155
42.529153
42.53797621
42.5257897
42.51408648
42.49475018
42.50721229
42.52450467
42.52404562
42.5238696
42.53287318
42.58743912
42.63281524
42.66607667
42.68429057
42.69346304
42.69814434
42.72107125
42.74871513
42.77196841
42.7997684
42.82725911
42.84554157
42.85019297
42.85501435
42.86909183
42.87862378
42.8926633
42.89308074
42.90727554
42.93539489
42.95046289
42.97444444
42.97994707
42.962774
42.95965029
42.96584779
42.95461418
42.93513539
42.93010047
42.91612432
42.90220679
42.87894428
42.87750021
42.89867585
42.91996368
42.92215856
42.9254756
42.93623444
42.93996827
42.94272601
42.95673652
42.95935659
42.96636932
42.96075673
42.9685214
42.97140926
42.96118975
42.95597524
42.96153986
42.98487052
43.00347227
43.01233734
43.02040679
43.01725219
43.03166716
43.04659445
43.06687422
43.08047819
43.09543745
43.13785515
43.18482395
43.21248085
43.23032875
43.24632525
43.26294036
43.28437854
43.30057869
43.31682065
43.3241929
43.36597934
43.41181903
43.43622793
43.44185402
43.4650606
43.51778824
43.55867404
43.57245637
43.58723742
43.6228311
43.61734224
43.60219605
43.58806696
43.57952572
43.55719671
43.54024472
43.50512984
43.47428997
43.43900502
43.40255672
43.3898971
43.39191549
43.34803534
43.26770813
43.17417193
43.11770367
43.05379777
42.99153232
42.95548353
42.94504693
42.9201372
42.94356266
42.95217454
42.96047871
42.95416428
42.98828971
43.00816502
42.995559
42.9973765
43.03642988
43.04989693
43.05270325
43.0788734
43.10044401
43.08887559
43.07524114
43.06978981
43.05889136
43.03379178
43.05535038
43.05744287
43.04121363
42.99713167
42.96057324
42.95597543
42.94161254
42.9169617
42.92132974
42.94673836
42.93953816
42.92316624
42.93608199
42.9318991
42.90899655
42.8987331
42.88659316
42.85215067
42.81038624
42.79689409
42.74995008
42.72203196
42.70717238
42.68718125
42.6388132
42.61000676
42.59761351
42.57469127
42.55474907
42.53602323
42.5162141
42.50429345
42.50277708
42.51443258
42.50743315
42.48984651
42.48569517
42.50666252
42.50641498
42.50236424
42.49868177
42.5003783
42.48652906
42.44439087
42.40236195
42.41297707
42.41506554
42.38114064
42.37023973
42.36008354
42.30445354
42.2476836
42.19924993
42.18316996
42.16601285
42.16499939
42.19902789
42.21940745
42.22436787
42.22938398
42.24892472
42.28318975
42.27855275
42.26491715
42.26328504
42.26360303
42.24896693
42.21593016
42.18954118
42.1982037
42.20869101
42.18974708
42.17233017
42.18176575
42.20070167
42.18700961
42.13665932
42.07731319
42.03990803
41.99964535
41.89138417
41.81265523
41.75517695
41.72016363
41.67102047
41.63100732
41.6296134
41.63302314
41.62577382
41.61243517
41.58258535
41.53702187
41.49127164
41.47185658
41.43425739
41.37923829
41.3537578
41.30352562
41.20270265
41.10384226
41.07324786
41.04265223
40.98969293
40.93985276
40.89820105
40.86824157
40.82467566
40.79275324
40.77045196
40.74815273
40.73093342
40.72938849
40.68381878
40.62049885
40.58146006
40.5637884
40.49901969
40.43812562
40.38089077
40.30221999
40.2272878
40.15813103
40.10020095
40.02246542
39.93276803
39.82722927
39.69099244
39.50007412
39.31685604
39.04595485
38.76094339
38.42021028
37.97458105
37.49032732
37.02930738
36.61336182
36.05464265
35.32620269
34.60436077
34.02049792
33.52404155
33.11400834
32.78773965
32.57149302
32.37073397
32.13551402
31.81063722
31.4279407
31.1050372
31.04690772
31.23829935
31.59541617
32.00346067
32.51417334
33.08551917
33.56173393
33.95218028
34.36104809
34.70932591
34.94324919
35.17013206
35.39118965
35.55927723
35.65559578
35.74052543
35.87225321
35.97550222
36.11547513
36.32166372
36.57444447
36.79865802
36.97505251
37.16838785
37.38350372
37.54565336
37.7072309
37.86496175
37.98244295
38.10643323
38.27140062
38.45656045
38.61421589
38.7349418
38.84694372
38.95398751
39.05272271
39.13260396
39.17424323
39.22923829
39.23821991
39.24227441
39.23461118
39.23664446
39.22991199
39.22041332
39.23707562
39.25464133
39.25641442
39.2500979
39.2500979
39.19066923
39.13359332
39.11721052
39.10189941
39.0895182
39.10472407
39.14523463
39.17227643
39.1544686
39.1231668
39.09605144
39.07214115
39.05765422
39.05351913
39.04525431
39.0173047
39.00674726
39.00469283
39.00034009
38.96764993
38.94082969
38.90411572
38.85196992
38.85164748
38.85233098
38.83470395
38.80087304
38.78187097
38.78662739
38.78139618
38.75001245
38.72815971
38.7267687
38.72996257
38.73381349
38.72582765
38.72336332
38.74257886
38.76298605
38.80469164
38.80624199
38.79694473
38.79380792
38.78035838
38.76796286
38.76129264
38.76092541
38.76501513
38.77839861
38.77662557
38.78454316
38.78183211
38.78920512
38.79792327
38.79150009
38.78510213
38.79298435
38.81064145
38.82526144
38.83308046
38.82465215
38.83752079
38.83452159
38.84500948
38.84123015
38.78891395
38.76323636
38.77302537
38.79378056
38.78292883
38.77377357
38.77377357
38.77356542
38.75849032
38.77300075
38.77770799
38.76509622
38.7402763
38.74444971
38.76357228
38.77632837
38.76824834
38.74207252
38.72152066
38.71087517
38.71266989
38.71710675
38.71802752
38.70593213
38.70391782
38.67563408
38.63818086
38.6240451
38.61692332
38.58556735
38.56637538
38.5603329
38.55729244
38.55493117
38.55254186
38.56835729
38.57309472
38.58777691
38.59249058
38.58928957
38.58725248
38.58209176
38.58200609
38.58194058
38.58688714
38.58486082
38.58495153
38.56507625
38.570316
38.56965632
38.55002999
38.51948924
38.49275527
38.46879297
38.42787773
38.38824783
38.34865538
38.33881029
38.34387376
38.3581054
38.35943946
38.35174853
38.35905924
38.36930004
38.37458722
38.36885957
38.35422385
38.3336538
38.32287889
38.31619727
38.30167804
38.294583
38.30406175
38.30682283
38.31037
38.32555339
38.32683784
38.31757823
38.31677609
38.32188351
38.34151593
38.32176282
38.32014321
38.31392364
38.28525683
38.27723137
38.28746131
38.29306745
38.27682492
38.26242774
38.28422713
38.30212728
38.28287592
38.27364181
38.26833544
38.25607445
38.24146202
38.23476835
38.23071355
38.21377406
38.1925996
38.16146867
38.12519678
38.09394311
38.06668304
38.02765415
37.97474761
37.94225483
37.92326736
37.93210434
37.9367016
37.92468938
37.92659276
37.94574627
37.94350576
37.93257338
37.93791275
37.95024315
37.95652605
37.9581567
37.96245652
37.97321394
37.98650572
37.98322669
37.98440538
37.98776336
37.99330983
37.9801328
37.9691555
37.93466042
37.91541959
37.89623545
37.88882532
37.87438414
37.83508949
37.81409468
37.80451756
37.76504616
37.72209725
37.70997673
37.69309027
37.67401475
37.66009011
37.66190526
37.66335367
37.66005306
37.66629785
37.65862081
37.65141927
37.65642769
37.6606667
37.65971464
37.66225146
37.66858209
37.66099659
37.63949077
37.62565298
37.62873205
37.60498815
37.58210993
37.57317557
37.58736878
37.62053743
37.6326533
37.65953461
37.69100228
37.72554899
37.75774841
37.77853983
37.78405223
37.78863318
37.79621556
37.81128711
37.81857252
37.82575865
37.84162442
37.84819106
37.85310572
37.86672593
37.89952734
37.91151603
37.90856437
37.91204154
37.92593719
37.93984848
37.93813044
37.92651149
37.92713538
37.92145986
37.92511359
37.94212228
37.97317076
38.01323348
38.08333674
38.12418973
38.17326566
38.22829959
38.28601092
38.31578524
38.31916384
38.3266648
38.33876063
38.3394155
38.34183591
38.35191459
38.36683868
38.39466268
38.41687586
38.43201906
38.43350219
38.44453659
38.47385083
38.49098512
38.50673892
38.522204
38.55669215
38.56964174
38.58074971
38.59810829
38.60555389
38.60555389
38.61051969
38.61797149
38.61318128
38.62040243
38.63261792
38.6559549
38.64533037
38.64297735
38.64942777
38.67145885
38.69003475
38.71588435
38.75902755
38.79200738
38.8174256
38.83772864
38.86845414
38.88506981
38.89534235
38.90819206
38.90556275
38.90556275
38.91651018
38.93581484
38.95900506
38.97838149
38.98955779
39.00802551
39.04338935
39.0969519
39.13103594
39.14165355
39.1528912
39.16665
39.173782
39.173782
39.17141795
39.16656777
39.15133182
39.15179221
39.16425903
39.18332064
39.20738102
39.23436484
39.26289604
39.27635301
39.29672026
39.32557154
39.33658959
39.34412857
39.35649927
39.35835155
39.36104439
39.37483169
39.40934197
39.41789824
39.41884392
39.44152481
39.44489287
39.44211296
39.45440492
39.48268648
39.4949759
39.49768019
39.49342753
39.50327141
39.49908697
39.49812635
39.49169344
39.4817903
39.48008134
39.47415046
39.47605683
39.47399311
39.46652139
39.47813463
39.50742554
39.51476368
39.52227219
39.54077481
39.57089882
39.56026548
39.558151
39.55264217
39.55431467
39.55465182
39.56587436
39.57077411
39.56098907
39.54989956
39.54422808
39.53806418
39.51996705
39.51725253
39.55015693
39.56422743
39.57449997
39.59895395
39.62450261
39.63384657
39.6198249
39.61753711
39.61049679
39.61394087
39.60818351
39.61497846
39.61538964
39.61957898
39.61211342
39.60049493
39.59466622
39.60259468
39.63236779
39.6389896
39.64761117
39.65610484
39.67860434
39.68794849
39.71640112
39.73193691
39.76767756
39.77506707
39.80589869
39.82432954
39.81444112
39.83119039
39.84987226
39.86278191
39.8633247
39.87324835
39.8623396
39.84878631
39.83038505
39.8157311
39.81337709
39.79706783
39.79224731
39.7921734
39.79684071
39.78734526
39.7835901
39.78455734
39.78739795
39.78737813
39.79681053
39.8062858
39.81109313
39.81592648
39.82079608
39.8257019
39.83064395
39.84031602
39.84716096
39.85701883
39.86225309
39.86747311
39.86798108
39.87054015
39.88726988
39.89019306
39.89309749
39.88923163
39.89921857
39.90172702
39.92104147
39.92598418
39.93751586
39.94425623
39.94936201
39.94983734
39.95032346
39.95082038
39.95562202
39.96237892
39.96913793
39.98852493
39.99866506
40.02769095
40.06135418
40.09021607
40.10965547
40.11525903
40.12529427
40.13513305
40.15943223
40.18395846
40.17124538
40.14961953
40.12348634
40.08801772
40.07419909
40.06727191
40.07320925
40.09693745
40.11393072
40.13342645
40.15921363
40.17015298
40.17373346
40.18929252
40.20455346
40.21590664
40.22824627
40.25130103
40.26189565
40.27037429
40.27264984
40.27691366
40.27077802
40.2576588
40.2576588
40.25486381
40.24820127
40.24411307
40.2570062
40.28322956
40.29186494
40.30329649
40.30867697
40.30867697
40.30416884
40.30226649
40.32016365
40.33020216
40.33796694
40.33831424
40.35374933
40.34564629
40.34874285
40.35302859
40.35391767
40.3538381
40.34930065
40.36078909
40.35734257
40.36340712
40.36005167
40.36449462
40.36055394
40.34994416
40.34667006
40.34629075
40.35210023
40.35017453
40.35213942
40.3574544
40.39284675
40.40889525
40.4233604
40.4322153
40.45199167
40.46945341
40.48420008
40.49390611
40.52148445
40.52773719
40.53836519
40.55449427
40.56326937
40.57069003
40.58051569
40.59337379
40.60022317
40.61992548
40.63936927
40.66420569
40.67838289
40.70037086
40.7273571
40.75660693
40.76899454
40.79689666
40.8223689
40.82215268
40.81998407
40.81678161
40.81869326
40.8255304
40.83624449
40.83522004
40.83429041
40.84894974
40.86905786
40.8739449
40.86586616
40.87832977
40.88831515
40.87771887
40.85421289
40.85726298
40.86122052
40.85236427
40.83242943
40.83233902
40.82712176
40.82191433
40.82963193
40.8348296
40.84012996
40.84041532
40.85470369
40.85753866
40.84488492
40.81945181
40.80431172
40.77641686
40.73592657
40.70275014
40.67225065
40.63419981
40.59435058
40.5803008
40.56698182
40.53403854
40.50176136
40.50816385
40.5063186
40.49159598
40.49223088
40.4953251
40.48063904
40.47153099
40.47336665
40.47766815
40.46828502
40.48191466
40.48346954
40.46485492
40.47125613
40.48292639
40.48213666
40.46693914
40.46236603
40.45662982
40.43808394
40.43000093
40.42673236
40.40770568
40.39345274
40.39281941
40.3989985
40.3939524
40.37974775
40.36319422
40.33958101
40.30894495
40.26664004
40.24037916
40.22100571
40.199606
40.16008997
40.11606656
40.07680413
40.03466159
39.97201056
39.93301447
39.8919747
39.85555243
39.84407636
39.84392774
39.85730942
39.85500235
39.85048924
39.8468071
39.84455907
39.84455907
39.83557117
39.82659011
39.8176158
39.80192709
39.75911552
39.73232261
39.71139635
39.68299473
39.66225133
39.65132289
39.65830494
39.67121924
39.67281633
39.67060924
39.67060924
39.66087023
39.66318212
39.64720519
39.61487495
39.60585533
39.59152716
39.53352493
39.49775441
39.48173645
39.47233085
39.46481351
39.46481351
39.47686802
39.48236869
39.48708164
39.48489424
39.48926947
39.49364643
39.48832576
39.48832576
39.46482528
39.41939035
39.38055974
39.33737011
39.1645811
38.97796831
38.82540659
38.66704012
38.52200229
38.40396166
38.24630618
38.03919097
37.77794739
37.46351656
38.4216393
