11.1968
11.2046
11.2123
11.2199
11.2190
11.2295
11.2394
11.2660
11.2973
11.3272
11.3519
11.3703
11.3902
11.4042
11.4169
11.4255
11.4428
11.4625
11.4737
11.4802
11.4699
11.4660
11.4627
11.4824
11.4861
11.4726
11.4677
11.4553
11.4295
11.3752
11.3175
11.2361
11.1609
11.0938
11.0397
11.0028
11.0206
11.0552
11.0792
11.1073
11.1095
11.1150
11.0858
11.0598
11.0490
11.0531
11.0618
11.0699
11.0695
11.0551
11.0542
11.0241
10.9817
10.9304
10.8733
10.8297
10.7831
10.7250
10.6445
10.5461
10.4260
10.2952
10.1773
10.0832
10.0013
9.9495
9.9242
9.8792
9.8131
9.7313
9.6372
9.5037
9.3818
9.2693
9.1998
9.1754
9.1593
9.1593
9.1511
9.1389
9.1062
9.0773
9.0365
9.0281
9.0335
9.0591
9.0436
9.0136
8.9566
8.8994
8.8506
8.8027
8.7846
8.8000
8.8154
8.8528
8.9117
8.9744
9.0230
9.0798
9.1663
9.2359
9.3175
9.4106
9.5029
9.5572
9.6035
9.6212
9.6292
9.6221
9.5934
9.5695
9.5472
9.5248
9.4844
9.4215
9.3368
9.2483
9.1736
9.1051
9.0600
9.0291
9.0154
8.9928
8.9400
8.8655
8.7771
8.6529
8.5116
8.3600
8.2162
8.0958
7.9889
7.9074
7.8688
7.8350
7.7901
7.7405
7.6948
7.6219
7.5511
7.4711
7.3755
7.2609
7.1494
7.0596
6.9757
6.9219
6.8950
6.8690
6.8551
6.8451
6.8281
6.8142
6.7775
6.7406
6.7126
6.6716
6.6467
6.6147
6.5869
6.5401
6.4902
6.4353
6.3883
6.3693
6.3284
6.3053
6.2684
6.2334
6.1744
6.1263
6.0652
6.0112
5.9882
5.9652
5.9631
5.9440
5.9341
5.9160
5.8898
5.8498
5.8078
5.7577
5.6795
5.6173
5.5481
5.4889
5.4237
5.3706
5.3303
5.2931
5.2741
5.2379
5.2138
5.1856
5.1434
5.1079
5.0476
4.9720
4.8931
4.8203
4.7306
4.6569
4.6003
4.5408
4.4681
4.4023
4.3366
4.2799
4.2202
4.1685
4.1289
4.0954
4.0618
4.0345
4.0162
3.9928
3.9625
3.9118
3.8627
3.8426
3.8429
3.8471
3.8478
3.8404
3.8405
3.8238
3.8083
3.7991
3.7837
3.7683
3.7518
3.7198
3.6513
3.5959
3.5547
3.4998
3.4340
3.3596
3.2789
3.2016
3.0993
3.0013
2.8940
2.7907
2.7149
2.6626
2.6207
2.5907
2.5737
2.5540
2.5292
2.4928
2.4537
2.4054
2.3425
2.2769
2.2190
2.1783
2.1730
2.1678
2.1638
2.1507
2.1402
2.1206
2.0681
1.9985
1.9133
1.8108
1.7043
1.6003
1.5212
1.4870
1.4646
1.4331
1.4094
1.3778
1.3317
1.2684
1.2024
1.1219
1.0268
0.9355
0.8482
0.7832
0.7368
0.7062
0.6535
0.5890
0.5376
0.4913
0.4411
0.3669
0.2900
0.1944
0.0924
-0.0096
-0.0974
-0.1599
-0.2063
-0.2513
-0.2792
-0.2885
-0.3070
-0.3256
-0.3549
-0.3642
-0.3774
-0.3906
-0.4092
-0.4278
-0.4596
-0.5447
-0.6817
-0.8692
-1.0839
-1.3003
-1.5077
-1.7090
-1.9050
-2.0732
-2.1963
-2.2812
-2.3240
-2.3760
-2.4280
-2.5065
-2.6246
-2.7839
-2.9712
-3.1750
-3.3522
-3.4935
-3.5990
-3.6506
-3.6774
-3.7019
-3.7248
-3.7587
-3.7904
-3.8260
-3.8802
-3.9510
-4.0349
-4.1337
-4.2419
-4.3443
-4.4934
-4.6630
-4.8513
-5.0192
-5.1686
-5.2976
-5.3686
-5.3967
-5.4061
-5.4304
-5.4865
-5.5539
-5.6327
-5.7302
-5.8447
-5.9612
-6.0742
-6.1893
-6.2875
-6.3781
-6.5045
-6.6551
-6.8471
-7.0746
-7.3285
-7.5654
-7.7944
-7.9951
-8.1303
-8.1845
-8.1955
-8.2211
-8.2430
-8.2612
-8.2904
-8.3306
-8.3488
-8.3430
-8.3405
-8.3587
-8.3863
-8.4118
-8.4445
-8.4591
-8.4627
-8.4923
-8.5537
-8.6267
-8.7075
-8.7974
-8.9392
-9.1018
-9.2789
-9.4736
-9.6896
-9.9167
-10.1125
-10.3069
-10.4541
-10.5489
-10.5838
-10.5911
-10.6052
-10.6159
-10.6230
-10.6230
-10.6267
-10.6375
-10.6665
-10.6955
-10.7430
-10.8012
-10.8632
-10.9106
-10.9342
-10.9149
-10.9034
-10.8825
-10.8825
-10.8711
-10.8367
-10.8101
-10.7950
-10.7950
-10.7950
-10.8059
-10.8059
-10.8059
-10.8206
-10.8498
-10.8863
-10.9322
-10.9832
-11.0488
-11.1288
-11.2196
-11.3284
-11.4371
-11.5476
-11.6616
-11.7516
-11.8092
-11.8365
-11.8401
-11.8586
-11.8735
-11.8920
-11.9280
-11.9840
-12.0403
-12.0867
-12.1436
-12.1794
-12.2115
-12.2436
-12.2881
-12.3315
-12.3600
-12.4013
-12.4508
-12.4978
-12.5482
-12.6146
-12.7131
-12.8310
-12.9846
-13.1497
-13.2860
-13.3897
-13.4819
-13.5480
-13.5957
-13.6354
-13.6712
-13.7186
-13.7658
-13.8242
-13.9444
-14.0799
-14.2353
-14.3642
-14.4813
-14.5922
-14.6667
-14.7307
-14.7960
-14.8634
-14.9332
-14.9844
-15.0426
-15.0892
-15.1567
-15.2276
-15.3207
-15.4287
-15.5274
-15.6220
-15.7062
-15.7835
-15.8839
-15.9942
-16.1040
-16.1990
-16.2693
-16.3500
-16.4003
-16.4313
-16.4471
-16.4505
-16.4537
-16.4537
-16.4673
-16.4910
-16.5350
-16.5958
-16.6771
-16.7721
-16.8671
-16.9452
-17.0163
-17.0738
-17.1086
-17.1288
-17.1322
-17.1322
-17.1297
-17.1306
-17.1475
-17.1518
-17.1551
-17.1477
-17.1495
-17.1573
-17.1775
-17.2010
-17.2223
-17.2503
-17.2941
-17.3411
-17.3847
-17.4383
-17.4919
-17.5390
-17.5795
-17.6128
-17.6429
-17.6795
-17.7261
-17.7885
-17.8508
-17.9139
-17.9869
-18.0630
-18.1324
-18.2115
-18.2715
-18.3149
-18.3579
-18.3843
-18.4040
-18.4139
-18.4270
-18.4467
-18.4831
-18.5328
-18.5825
-18.6385
-18.6917
-18.7283
-18.7612
-18.7810
-18.7909
-18.7976
-18.7977
-18.8011
-18.8110
-18.8209
-18.8376
-18.8578
-18.8877
-18.9211
-18.9641
-19.0196
-19.0683
-19.1043
-19.1372
-19.1669
-19.2062
-19.2423
-19.2938
-19.3516
-19.4127
-19.4581
-19.5065
-19.5647
-19.6167
-19.6686
-19.7142
-19.7380
-19.7703
-19.7928
-19.8060
-19.8102
-19.8239
-19.8139
-19.8222
-19.8220
-19.8108
-19.8087
-19.8124
-19.8373
-19.8684
-19.9077
-19.9194
-19.9371
-19.9213
-19.9020
-19.8769
-19.8662
-19.8765
-19.8894
-19.9085
-19.9246
-19.9414
-19.9445
-19.9774
-20.0046
-20.0592
-20.1411
-20.2076
-20.2616
-20.3036
-20.3158
-20.3157
-20.2919
-20.2587
-20.2287
-20.2073
-20.2091
-20.2166
-20.2122
-20.1935
-20.1601
-20.1267
-20.0818
-20.0542
-20.0145
-19.9707
-19.9507
-19.9361
-19.9246
-19.9188
-19.9042
-19.8636
-19.8202
-19.7592
-19.6901
-19.6124
-19.5500
-19.5030
-19.4650
-19.4447
-19.4364
-19.4427
-19.4579
-19.4475
-19.3966
-19.3044
-19.2236
-19.1449
-19.0950
-19.0706
-19.0631
-19.0726
-19.0790
-19.0822
-19.0793
-19.0361
-18.9663
-18.8995
-18.8270
-18.7492
-18.6619
-18.5837
-18.5051
-18.4204
-18.3300
-18.2282
-18.1094
-18.0108
-17.9178
-17.8566
-17.8248
-17.8191
-17.8161
-17.8099
-17.7977
-17.7884
-17.7854
-17.7855
-17.7925
-17.8022
-17.8126
-17.8147
-17.7762
-17.6951
-17.5816
-17.4736
-17.3709
-17.2695
-17.1824
-17.1096
-17.0486
-17.0081
-16.9764
-16.9629
-16.9638
-16.9622
-16.9581
-16.9278
-16.8745
-16.8149
-16.7546
-16.7056
-16.6746
-16.6630
-16.6488
-16.6346
-16.6210
-16.6187
-16.6139
-16.6147
-16.6012
-16.5759
-16.5420
-16.5174
-16.4896
-16.4619
-16.4223
-16.3827
-16.3377
-16.2920
-16.2595
-16.2176
-16.1645
-16.1107
-16.0601
-16.0174
-15.9771
-15.9392
-15.9069
-15.8517
-15.7791
-15.6954
-15.6007
-15.4910
-15.3639
-15.2314
-15.1099
-15.0216
-14.9522
-14.8892
-14.8182
-14.7424
-14.6439
-14.5138
-14.3609
-14.2080
-14.0442
-13.8677
-13.6990
-13.5398
-13.3958
-13.2572
-13.1523
-13.0820
-13.0204
-12.9739
-12.9328
-12.8711
-12.8191
-12.7640
-12.7283
-12.6872
-12.6558
-12.6103
-12.5702
-12.5205
-12.4447
-12.3538
-12.2500
-12.1526
-12.0640
-11.9947
-11.9363
-11.9017
-11.8779
-11.8400
-11.7795
-11.6909
-11.5817
-11.4574
-11.3331
-11.1990
-11.0842
-10.9694
-10.8644
-10.7661
-10.6850
-10.6385
-10.6073
-10.5814
-10.5760
-10.5707
-10.5341
-10.4577
-10.3435
-10.1948
-10.0356
-9.8678
-9.7021
-9.5312
-9.4087
-9.3146
-9.2462
-9.2084
-9.1773
-9.1410
-9.0908
-9.0459
-8.9891
-8.9222
-8.8415
-8.7575
-8.6631
-8.5877
-8.5447
-8.5208
-8.5073
-8.4819
-8.4355
-8.3686
-8.2812
-8.1680
-8.0394
-7.8836
-7.7225
-7.5577
-7.4033
-7.2678
-7.1546
-7.0655
-6.9679
-6.9029
-6.8363
-6.7611
-6.6894
-6.5816
-6.4790
-6.3780
-6.3010
-6.2410
-6.2034
-6.1776
-6.1175
-6.0334
-5.9357
-5.8483
-5.7816
-5.7389
-5.7131
-5.6856
-5.6633
-5.6325
-5.6085
-5.5965
-5.5965
-5.6000
-5.5949
-5.5915
-5.5916
-5.5882
-5.5574
-5.4821
-5.3745
-5.2754
-5.2053
-5.1573
-5.1213
-5.0939
-5.0510
-5.0201
-4.9841
-4.9190
-4.8334
-4.7256
-4.6160
-4.5165
-4.4135
-4.3310
-4.2636
-4.1947
-4.1106
-4.0334
-3.9723
-3.9162
-3.8752
-3.8631
-3.8631
-3.8581
-3.8380
-3.8073
-3.7817
-3.7511
-3.7376
-3.7190
-3.6763
-3.6216
-3.5619
-3.5051
-3.4383
-3.3665
-3.3102
-3.2519
-3.1958
-3.1175
-3.0307
-2.9299
-2.8397
-2.7525
-2.6893
-2.6106
-2.5085
-2.3796
-2.2040
-1.9936
-1.7788
-1.6036
-1.4886
-1.4376
-1.4207
-1.4065
-1.3797
-1.3276
-1.2613
-1.1937
-1.1287
-1.0664
-1.0246
-0.9694
-0.8925
-0.8155
-0.7420
-0.6748
-0.6111
-0.5559
-0.4961
-0.4181
-0.3257
-0.2284
-0.1249
-0.0348
0.0483
0.1049
0.1375
0.1617
0.1653
0.1653
0.1653
0.1653
0.1653
0.1750
0.1847
0.1847
0.1920
0.2065
0.2065
0.2065
0.2162
0.2211
0.2223
0.2404
0.2777
0.3115
0.3560
0.3958
0.4415
0.4789
0.5126
0.5295
0.5476
0.5645
0.5850
0.6151
0.6826
0.7586
0.8623
0.9660
1.0699
1.1508
1.2098
1.2567
1.2916
1.3374
1.4058
1.4985
1.6116
1.7392
1.8813
2.0171
2.1665
2.3283
2.4801
2.6254
2.7613
2.8883
3.0257
3.1642
3.3076
3.4405
3.5531
3.6454
3.7304
3.8217
3.9215
4.0011
4.0853
4.1363
4.1705
4.1853
4.1964
4.2120
4.2119
4.2156
4.2230
4.2304
4.2489
4.2673
4.3016
4.3600
4.4287
4.5178
4.6350
4.7502
4.8524
4.9629
5.0577
5.1236
5.1785
5.2369
5.3065
5.3724
5.4382
5.4911
5.5477
5.5922
5.6562
5.7332
5.8156
5.8888
5.9454
5.9899
6.0314
6.0813
6.1515
6.2330
6.3198
6.3974
6.4705
6.5444
6.6109
6.6804
6.7415
6.7951
6.8676
6.9598
7.0655
7.1688
7.2756
7.3568
7.4349
7.4804
7.5136
7.5348
7.5680
7.6170
7.6613
7.7093
7.7635
7.8214
7.8906
7.9523
8.0141
8.0646
8.1068
8.1655
8.2287
8.2987
8.3890
8.4750
8.5710
8.6708
8.7752
8.8987
9.0291
9.1519
9.2607
9.3454
9.4111
9.4592
9.4827
9.4865
9.4865
9.4903
9.4941
9.5017
9.5016
9.5092
9.5244
9.5757
9.6106
9.6768
9.7452
9.8367
9.9365
10.0525
10.1693
10.2955
10.3981
10.4600
10.4829
10.4981
10.5134
10.5250
10.5403
10.5633
10.6054
10.6559
10.7173
10.7978
10.8784
10.9634
11.0447
11.1101
11.1641
11.2104
11.2413
11.2800
11.3112
11.3463
11.3894
11.4359
11.4823
11.5408
11.6109
11.6808
11.7391
11.8044
11.8738
11.9436
12.0174
12.0836
12.1381
12.1887
12.2388
12.2851
12.3241
12.3552
12.3705
12.3692
12.3719
12.3711
12.3782
12.3851
12.3755
12.3611
12.3173
12.2577
12.2019
12.1551
12.1089
12.0915
12.0739
12.0683
12.0740
12.0916
12.1203
12.1726
12.2566
12.3579
12.4470
12.5068
12.5628
12.6154
12.6689
12.7151
12.7623
12.7732
12.7630
12.7281
12.6687
12.6171
12.5604
12.5410
12.5433
12.5611
12.5990
12.6530
12.6855
12.7092
12.7125
12.6755
12.5930
12.4930
12.4013
12.3190
12.2533
12.2253
12.2346
12.2854
12.3318
12.3731
12.3822
12.3707
12.3213
12.2170
12.1034
12.0329
11.9990
12.0330
12.1003
12.1718
12.2316
12.2492
12.2491
12.2340
12.2369
12.2403
12.2590
12.2735
12.3110
12.3600
12.4220
12.4706
12.4985
12.5134
12.5426
12.5483
12.5476
12.5385
12.5340
12.5175
12.4879
12.4569
12.4121
12.3586
12.3174
12.3181
12.3192
12.3069
12.2825
12.2375
12.2024
12.1701
12.1545
12.1455
12.1710
12.2312
12.3022
12.3754
12.4685
12.6010
12.7369
12.8534
12.9405
13.0491
13.1776
13.3215
13.4741
13.5943
13.6708
13.6642
13.5449
13.3526
13.0968
12.8146
12.5234
12.2953
12.1304
12.0383
11.9807
11.9669
11.9883
11.9934
11.9598
11.8694
11.8091
11.7918
11.7799
11.7626
11.7411
11.7109
11.6765
11.6162
11.5258
11.3788
11.2798
11.2327
11.1771
11.1428
11.1248
11.1036
11.0440
10.9741
10.9031
10.8520
10.8093
10.7537
10.6896
10.6332
10.5990
10.5734
10.5435
10.4829
10.4067
10.3210
10.2586
10.2065
10.1387
10.0649
9.9784
9.8689
9.7890
9.7312
9.7134
9.6966
9.6788
9.6355
9.5847
9.5296
9.4787
9.4403
9.3924
9.3488
9.3000
9.2532
9.1802
9.1085
9.0590
9.0127
8.9574
8.9022
8.8282
8.7532
8.6863
8.6423
8.6086
8.5916
8.5904
8.5744
8.5688
8.5891
8.5957
8.5784
8.5602
8.5504
8.5491
8.5345
8.4982
8.4622
8.4260
8.3958
8.3819
8.3866
8.3879
8.3646
8.3323
8.3023
8.2774
8.2690
8.2512
8.2118
8.1467
8.0631
7.9622
7.8562
7.7442
7.6364
7.5778
7.5550
7.5457
7.5570
7.5581
7.5601
7.5745
7.5868
7.6103
7.6378
7.6560
7.6742
7.6718
7.6582
7.6181
7.5952
7.5459
7.4793
7.4036
7.3065
7.2177
7.1569
7.1388
7.1468
7.1588
7.1909
7.2480
7.2979
7.3248
7.3438
7.3485
7.3380
7.3358
7.3547
7.3835
7.3972
7.4027
7.4041
7.3892
7.3775
7.3215
7.2787
7.2499
7.2242
7.2116
7.2098
7.2050
7.1843
7.1506
7.0910
7.0396
7.0014
6.9930
7.0005
7.0170
7.0524
7.0749
7.0613
7.0113
6.9596
6.9014
6.8311
6.7596
6.7070
6.6792
6.6682
6.6705
6.6785
6.6776
6.6532
6.6167
6.5736
6.5315
6.4961
6.4519
6.3959
6.3401
6.2922
6.2679
6.2399
6.2276
6.2390
6.2660
6.2771
6.2885
6.2999
6.3152
6.3384
6.3496
6.3532
6.3312
6.2983
6.2939
6.3120
6.3350
6.3533
6.3331
6.3060
6.2555
6.2002
6.1307
6.0602
6.0191
5.9879
5.9960
6.0271
6.0427
6.0581
6.0695
6.0850
6.1161
6.1599
6.2342
6.2621
6.2928
6.3274
6.3662
6.3973
6.3970
6.3881
6.3832
6.3832
6.3832
6.3910
6.3989
6.4025
6.4090
6.4096
6.4189
6.4093
6.3710
6.3374
6.3207
6.3230
6.3491
6.3686
6.3724
6.3585
6.3407
6.3228
6.3040
6.2812
6.2406
6.1851
6.1127
6.0124
5.9219
5.8444
5.7808
5.7579
5.7409
5.7329
5.7150
5.6732
5.6145
5.5148
5.3922
5.2666
5.1579
5.0690
4.9761
4.8793
4.7774
4.7014
4.6424
4.6064
4.5845
4.5795
4.5756
4.5638
4.5599
4.5419
4.5109
4.4749
4.4309
4.3910
4.3430
4.2861
4.2310
4.1941
4.1703
4.1505
4.1177
4.0905
4.0447
4.0008
3.9528
3.8969
3.8220
3.7409
3.6530
3.5488
3.4575
3.3724
3.2873
3.2601
3.2522
3.2521
3.2442
3.2558
3.2635
3.2790
3.2983
3.3214
3.3640
3.4302
3.5080
3.5819
3.6458
3.6863
3.6870
3.6542
3.6136
3.5769
3.5464
3.5260
3.5119
3.4966
3.4763
3.4520
3.4210
3.3966
3.3462
3.2572
3.1539
3.0687
2.9988
2.9147
2.8396
2.7668
2.7162
2.6798
2.6537
2.6173
2.5782
2.5026
2.4104
2.2921
2.1673
2.0619
1.9877
1.9409
1.9136
1.8862
1.8563
1.8277
1.7978
1.7613
1.6949
1.6102
1.5384
1.4510
1.3675
1.2682
1.1611
1.0305
0.8697
0.6878
0.5111
0.3368
0.1781
0.0560
-0.0333
-0.0923
-0.1000
-0.1039
-0.1077
-0.1208
-0.1338
-0.1545
-0.1883
-0.2357
-0.2975
-0.3671
-0.4513
-0.5422
-0.6264
-0.7145
-0.7926
-0.8715
-0.9428
-1.0049
-1.0593
-1.1107
-1.1814
-1.2605
-1.3749
-1.4886
-1.6209
-1.7449
-1.8658
-1.9645
-2.0464
-2.1175
-2.1746
-2.2264
-2.2720
-2.3216
-2.3695
-2.4136
-2.4485
-2.4894
-2.5397
-2.6031
-2.6959
-2.8112
-2.9588
-3.1151
-3.2639
-3.3755
-3.4876
-3.5922
-3.6743
-3.7514
-3.7912
-3.8268
-3.8602
-3.8902
-3.9198
-3.9346
-3.9736
-4.0236
-4.1070
-4.1663
-4.2164
-4.2720
-4.3314
-4.4188
-4.5097
-4.5932
-4.7162
-4.8580
-5.0128
-5.1360
-5.2336
-5.3015
-5.3749
-5.4540
-5.5632
-5.6852
-5.8185
-5.9535
-6.0812
-6.2183
-6.3273
-6.4212
-6.4738
-6.5094
-6.5318
-6.5505
-6.5879
-6.6424
-6.7154
-6.7885
-6.8653
-6.9328
-7.0022
-7.0867
-7.1675
-7.2502
-7.3253
-7.4024
-7.5093
-7.6388
-7.7966
-7.9446
-8.0963
-8.2370
-8.3809
-8.5302
-8.7229
-8.9322
-9.1964
-9.4476
-9.6516
-9.8021
-9.8665
-9.8957
-9.9213
-9.9688
-10.0092
-10.0570
-10.1158
-10.1926
-10.2841
-10.4032
-10.5164
-10.6112
-10.6984
-10.7818
-10.8383
-10.8635
-10.8776
-10.8953
-10.9174
-10.9267
-10.9374
-10.9573
-10.9981
-11.0695
-11.1792
-11.3285
-11.4954
-11.6529
-11.7875
-11.8754
-11.9296
-11.9664
-11.9952
-12.0168
-12.0550
-12.1040
-12.1731
-12.2645
-12.3689
-12.4732
-12.5694
-12.6597
-12.7286
-12.7749
-12.8176
-12.8623
-12.9091
-12.9466
-13.0005
-13.0582
-13.1239
-13.1932
-13.2763
-13.3732
-13.4935
-13.6112
-13.6908
-13.7597
-13.8365
-13.9088
-13.9555
-13.9939
-14.0390
-14.0631
-14.0771
-14.1012
-14.1320
-14.1421
-14.1560
-14.1975
-14.2423
-14.2802
-14.3111
-14.3562
-14.3979
-14.4361
-14.4777
-14.5298
-14.5852
-14.6475
-14.7062
-14.7718
-14.8374
-14.8856
-14.9200
-14.9486
-14.9726
-14.9829
-14.9805
-14.9769
-14.9941
-15.0079
-15.0263
-15.0493
-15.0882
-15.1270
-15.1681
-15.2043
-15.2488
-15.2672
-15.2821
-15.3138
-15.3446
-15.3722
-15.4170
-15.4548
-15.5026
-15.5469
-15.5979
-15.6420
-15.6675
-15.7000
-15.7316
-15.7657
-15.8031
-15.8373
-15.8880
-15.9453
-16.0027
-16.0534
-16.0825
-16.1272
-16.1677
-16.1956
-16.1960
-16.1660
-16.1217
-16.0511
-16.0105
-15.9805
-15.9862
-15.9964
-16.0065
-16.0100
-16.0078
-16.0089
-16.0041
-15.9935
-15.9856
-15.9811
-15.9717
-15.9636
-15.9562
-15.9314
-15.9053
-15.8917
-15.8765
-15.8744
-15.8806
-15.8825
-15.8684
-15.8600
-15.8292
-15.7958
-15.7821
-15.7864
-15.7899
-15.7999
-15.8067
-15.7978
-15.7930
-15.7736
-15.7575
-15.7448
-15.7175
-15.6696
-15.6160
-15.5614
-15.5247
-15.4929
-15.4603
-15.4401
-15.4264
-15.4300
-15.4468
-15.4513
-15.4477
-15.4418
-15.4204
-15.3795
-15.3246
-15.2337
-15.1094
-14.9875
-14.8639
-14.7597
-14.6800
-14.6297
-14.6176
-14.6309
-14.6276
-14.6309
-14.6277
-14.6311
-14.6345
-14.6380
-14.6549
-14.6784
-14.6989
-14.7230
-14.7564
-14.7875
-14.8070
-14.8295
-14.8492
-14.8786
-14.8946
-14.8844
-14.8642
-14.8471
-14.8211
-14.7651
-14.6822
-14.5562
-14.4076
-14.2419
-14.0707
-13.9085
-13.7619
-13.6558
-13.5844
-13.5374
-13.5139
-13.4872
-13.4538
-13.3858
-13.2609
-13.1159
-12.9620
-12.7837
-12.5988
-12.4150
-12.2546
-12.1065
-11.9951
-11.9083
-11.8303
-11.7880
-11.7758
-11.7490
-11.7101
-11.6511
-11.5709
-11.4763
-11.3661
-11.2572
-11.1648
-11.1114
-11.0737
-11.0293
-10.9827
-10.9327
-10.8696
-10.7942
-10.6811
-10.5736
-10.4628
-10.3753
-10.3022
-10.2434
-10.2092
-10.1750
-10.1340
-10.0630
-9.9565
-9.8343
-9.6964
-9.5674
-9.3940
-9.1885
-8.9832
-8.7955
-8.6488
-8.5375
-8.4562
-8.4189
-8.4065
-8.4011
-8.3834
-8.3392
-8.2841
-8.2010
-8.1106
-8.0078
-7.9212
-7.8258
-7.7042
-7.5842
-7.4499
-7.2891
-7.1105
-6.9373
-6.7554
-6.5895
-6.4167
-6.2652
-6.1331
-6.0150
-5.9409
-5.8845
-5.8457
-5.7981
-5.7224
-5.6008
-5.4422
-5.2659
-5.0666
-4.8442
-4.6127
-4.4042
-4.2610
-4.1456
-4.0764
-4.0444
-4.0320
-3.9967
-3.9454
-3.8537
-3.7316
-3.5990
-3.4596
-3.3145
-3.1644
-2.9983
-2.8394
-2.6939
-2.5733
-2.4382
-2.2824
-2.1478
-2.0025
-1.8681
-1.7602
-1.6625
-1.5698
-1.4830
-1.4042
-1.3100
-1.2106
-1.0877
-0.9598
-0.8605
-0.7823
-0.7157
-0.6615
-0.6058
-0.5538
-0.5092
-0.4631
-0.4208
-0.3784
-0.3462
-0.2817
-0.2099
-0.1454
-0.0697
-0.0002
0.0635
0.1284
0.1796
0.2220
0.2570
0.3084
0.4011
0.5077
0.6054
0.6943
0.7693
0.8194
0.8319
0.8481
0.8729
0.8953
0.9265
0.9476
0.9812
1.0309
1.1130
1.2099
1.3404
1.4657
1.5935
1.7065
1.8146
1.9178
2.0086
2.0981
2.1914
2.2847
2.3781
2.4767
2.5602
2.6349
2.6859
2.7107
2.7280
2.7367
2.7479
2.7742
2.8078
2.8439
2.8627
2.8788
2.8951
2.9362
3.0071
3.0842
3.1917
3.3030
3.3881
3.4773
3.5601
3.6180
3.6781
3.7269
3.7660
3.8212
3.8852
3.9693
4.0622
4.1463
4.2158
4.2865
4.3555
4.4148
4.4654
4.5111
4.5504
4.5993
4.6456
4.7005
4.7391
4.7630
4.7842
4.7929
4.8092
4.8294
4.8805
4.9451
5.0316
5.1383
5.2547
5.3681
5.4612
5.5515
5.6419
5.7237
5.7805
5.8046
5.8084
5.8133
5.8267
5.8441
5.8778
5.9288
5.9875
6.0616
6.1434
6.2156
6.2955
6.3707
6.4449
6.5269
6.6100
6.6987
6.7779
6.8746
6.9548
7.0138
7.0603
7.0952
7.1224
7.1534
7.1728
7.1883
7.1988
7.1968
7.2074
7.1988
7.2037
7.1937
7.1964
7.1971
7.1998
7.2249
7.2805
7.3740
7.4558
7.5209
7.5851
7.6504
7.7120
7.7736
7.8305
7.8970
7.9284
7.9137
7.8761
7.8313
7.7473
7.6407
7.5380
7.5018
7.5008
7.5125
7.5074
7.5133
7.5040
7.5003
7.5042
7.5206
7.5576
7.6381
7.7480
7.8541
7.9229
7.9640
7.9700
7.9239
7.8650
7.8275
7.8169
7.8251
7.8087
7.7666
7.6978
7.6120
7.5308
7.4617
7.3964
7.3883
7.4098
7.4562
7.5075
7.5520
7.6084
7.6539
7.6774
7.7002
7.7436
7.7741
7.7939
7.7980
7.8104
7.8271
7.8880
7.9887
8.0992
8.1707
8.1646
8.0772
7.9502
7.7666
7.5721
7.3797
7.2082
7.1009
7.1094
7.2460
7.4350
7.5954
7.6860
7.6769
7.5787
7.4533
7.3505
7.2876
7.2351
7.1570
7.0489
6.8861
6.6941
6.5049
6.3619
6.3018
6.2791
6.2739
6.2263
6.1570
6.0690
5.9891
5.8998
5.8087
5.6711
5.4587
5.2305
4.9964
4.7903
4.6459
4.5402
4.4759
4.4369
4.4288
4.3883
4.3479
4.2899
4.2697
4.2413
4.2129
4.1682
4.1155
4.0562
4.0010
3.9378
3.8678
3.8195
3.7752
3.7189
3.6707
3.6266
3.5997
3.5622
3.5219
3.4897
3.4428
3.3828
3.3122
3.2283
3.1923
3.1948
3.1971
3.1996
3.2233
3.2271
3.2216
3.2386
3.2606
3.2626
3.2447
3.2150
3.1986
3.1573
3.0648
2.9527
2.8422
2.7542
2.6991
2.6428
2.5812
2.5549
2.5518
2.5554
2.5811
2.6042
2.6181
2.6282
2.6564
2.6962
2.7204
2.7473
2.7675
2.7564
2.7377
2.7099
2.6873
2.6556
2.6227
2.6065
2.5983
2.6109
2.6142
2.6074
2.5863
2.5549
2.5339
2.5168
2.4880
2.4385
2.3839
2.3334
2.2752
2.2208
2.1546
2.0949
2.0481
2.0015
1.9603
1.9281
1.9125
1.9058
1.8992
1.8938
1.8613
1.7967
1.7192
1.6572
1.5964
1.5447
1.4608
1.3444
1.2535
1.1691
1.1144
1.0805
1.0675
1.0700
1.0853
1.1044
1.1120
1.1157
1.1015
1.0820
1.0496
1.0081
0.9795
0.9857
1.0009
1.0031
0.9922
0.9734
0.9262
0.8555
0.7949
0.7475
0.7288
0.7349
0.7463
0.7525
0.7278
0.6810
0.5886
0.4465
0.2612
0.0692
-0.0734
-0.1926
-0.2974
-0.3918
-0.4703
-0.5541
-0.6273
-0.7265
-0.8180
-0.9019
-1.0140
-1.1491
-1.3156
-1.4762
-1.6369
-1.7717
-1.8920
-2.0186
-2.1160
-2.1826
-2.2108
-2.2223
-2.2353
-2.2987
-2.3842
-2.4876
-2.5688
-2.6560
-2.7599
-2.8887
-3.0512
-3.2283
-3.4038
-3.5906
-3.7883
-3.9731
-4.1212
-4.2451
-4.3707
-4.4759
-4.5609
-4.6237
-4.6551
-4.6700
-4.7054
-4.7294
-4.7590
-4.7869
-4.8372
-4.8985
-4.9875
-5.0618
-5.1397
-5.2064
-5.2585
-5.3122
-5.3585
-5.4121
-5.4823
-5.5636
-5.6430
-5.7167
-5.7831
-5.8217
-5.8696
-5.9249
-5.9858
-6.0319
-6.0725
-6.1314
-6.1923
-6.2790
-6.3601
-6.4634
-6.5924
-6.7584
-6.9393
-7.1163
-7.2894
-7.4199
-7.4988
-7.5500
-7.6156
-7.6996
-7.8206
-7.9546
-8.1039
-8.2419
-8.3725
-8.4754
-8.5506
-8.5980
-8.6361
-8.6578
-8.6722
-8.6973
-8.7409
-8.7941
-8.8712
-8.9442
-9.0537
-9.1596
-9.2926
-9.4157
-9.5274
-9.6192
-9.7107
-9.8042
-9.8797
-9.9410
-9.9931
-10.0330
-10.0656
-10.0834
-10.1140
-10.1482
-10.1909
-10.2605
-10.3462
-10.4354
-10.5188
-10.5753
-10.6247
-10.6635
-10.6987
-10.7058
-10.7002
-10.6946
-10.6946
-10.6981
-10.7101
-10.7312
-10.7664
-10.8017
-10.8385
-10.8856
-10.9339
-11.0040
-11.0704
-11.1194
-11.1580
-11.2000
-11.2418
-11.2697
-11.2933
-11.3420
-11.3942
-11.4359
-11.4604
-11.4814
-11.4989
-11.5094
-11.5128
-11.5198
-11.5232
-11.5267
-11.5371
-11.5497
-11.5566
-11.5705
-11.5844
-11.5983
-11.6019
-11.6228
-11.6439
-11.6648
-11.6961
-11.6693
-11.6426
-11.5850
-11.5581
-11.5710
-11.6227
-11.6917
-11.7847
-11.8982
-12.0116
-12.1419
-12.2480
-12.3539
-12.4189
-12.4487
-12.4479
-12.3850
-12.2916
-12.1904
-12.0893
-11.9849
-11.8672
-11.7540
-11.6533
-11.5929
-11.5415
-11.4722
-11.4085
-11.3482
-11.2410
-11.0981
-10.9443
-10.7803
-10.5973
-10.4102
-10.2150
-10.0453
-9.9162
-9.8030
-9.7316
-9.6637
-9.6369
-9.6280
-9.6156
-9.5745
-9.5155
-9.4620
-9.4114
-9.3539
-9.2915
-9.2345
-9.2038
-9.1751
-9.1573
-9.1360
-9.0929
-9.0459
-8.9816
-8.9415
-8.8960
-8.8545
-8.8288
-8.8012
-8.7686
-8.7429
-8.7178
-8.6922
-8.6616
-8.6044
-8.5595
-8.4773
-8.4124
-8.3587
-8.3170
-8.2915
-8.2522
-8.2059
-8.1489
-8.0865
-8.0138
-7.9341
-7.8560
-7.7780
-7.6736
-7.5671
-7.4869
-7.4281
-7.3712
-7.2932
-7.2011
-7.0740
-6.9434
-6.8075
-6.6488
-6.4900
-6.3153
-6.1530
-6.0119
-5.8990
-5.8020
-5.7314
-5.6766
-5.6430
-5.5917
-5.5334
-5.4751
-5.4187
-5.3712
-5.3254
-5.2918
-5.2512
-5.1876
-5.0921
-4.9615
-4.8222
-4.6972
-4.5966
-4.5224
-4.4428
-4.3808
-4.3260
-4.2606
-4.2004
-4.1334
-4.0465
-3.9329
-3.7731
-3.6080
-3.4377
-3.2692
-3.1062
-2.9840
-2.9224
-2.8831
-2.8614
-2.8433
-2.7999
-2.7565
-2.6919
-2.6039
-2.5180
-2.4232
-2.3372
-2.2637
-2.1827
-2.1126
-2.0601
-2.0112
-1.9821
-1.9493
-1.9259
-1.8958
-1.8885
-1.8761
-1.8387
-1.7998
-1.7514
-1.6971
-1.6399
-1.5863
-1.5343
-1.4873
-1.4028
-1.3064
-1.2026
-1.0996
-1.0090
-0.9384
-0.8758
-0.8146
-0.7366
-0.6414
-0.5286
-0.4047
-0.2659
-0.1395
-0.0405
0.0445
0.1069
0.1508
0.1707
0.1818
0.1994
0.2257
0.2507
0.2854
0.3224
0.3896
0.4706
0.5340
0.5974
0.6708
0.7543
0.8367
0.9179
1.0079
1.0665
1.1215
1.1626
1.2038
1.2487
1.3086
1.3761
1.4586
1.5223
1.5748
1.6236
1.6460
1.6647
1.6608
1.6608
1.6645
1.6645
1.6720
1.6870
1.7171
1.7282
1.7543
1.8032
1.8521
1.9163
1.9880
2.0522
2.1164
2.1831
2.2538
2.3091
2.3596
2.4189
2.4454
2.5023
2.5757
2.6756
2.7870
2.8896
2.9937
3.0776
3.1387
3.1883
3.2418
3.2800
3.3105
3.3526
3.3717
3.3565
3.3213
3.2920
3.2347
3.1800
3.1253
3.0576
2.9799
2.9097
2.8766
2.8866
2.9007
2.9160
2.9378
2.9480
2.9711
3.0189
3.0725
3.1493
3.2174
10.4461
