-4.064722617
-4.063901251
-4.029261413
-3.979081261
-3.906383032
-3.841152757
-3.796068404
-3.756737606
-3.721330768
-3.67347231
-3.665691775
-3.656482987
-3.621761344
-3.603997363
-3.614168838
-3.653829553
-3.663863298
-3.652673403
-3.666844089
-3.688188015
-3.693701705
-3.697676049
-3.726287838
-3.781423351
-3.797199999
-3.776105124
-3.752132159
-3.710655809
-3.665457663
-3.598120846
-3.519508962
-3.448782962
-3.368397433
-3.278875398
-3.222387555
-3.19754681
-3.18527781
-3.16067491
-3.129894638
-3.09328069
-3.053889933
-3.014814474
-2.979360893
-2.979129482
-3.011230184
-3.059300529
-3.083124851
-3.074841712
-3.04822506
-3.006123663
-2.974183285
-2.94479128
-2.936205606
-2.956945322
-3.030878682
-3.088927597
-3.157476493
-3.228673574
-3.311591984
-3.34763914
-3.344034815
-3.314797063
-3.281346416
-3.241871479
-3.206526476
-3.193787696
-3.195965798
-3.188002988
-3.182875289
-3.187222438
-3.183235515
-3.171940955
-3.15755946
-3.143170559
-3.127745695
-3.1281271
-3.132677651
-3.128780302
-3.135316751
-3.153039009
-3.20028119
-3.252117221
-3.332413273
-3.422919787
-3.523554596
-3.621793817
-3.695933312
-3.757506162
-3.805522886
-3.840040973
-3.853081954
-3.860725758
-3.865718594
-3.866610355
-3.87452471
-3.899607029
-3.918807822
-3.941866108
-3.946394508
-3.932426843
-3.916302646
-3.904246636
-3.890256693
-3.88164447
-3.873029947
-3.873572095
-3.871417243
-3.870339763
-3.876266729
-3.876266729
-3.876266729
-3.876266729
-3.882194025
-3.882194025
-3.882194025
-3.882194025
-3.882194025
-3.888121654
-3.888121654
-3.888121654
-3.894049614
-3.910756204
-3.928544304
-3.957116433
-3.978679365
-3.994310672
-4.008857677
-4.019639322
-4.037440498
-4.042289186
-4.054158452
-4.066029043
-4.105713178
-4.159472523
-4.251361178
-4.366494872
-4.507592414
-4.646787688
-4.758227703
-4.83635896
-4.88936198
-4.909343299
-4.924481667
-4.951035569
-4.979370335
-5.026408703
-5.097315901
-5.179163705
-5.258124098
-5.34624675
-5.450328713
-5.533612025
-5.576132935
-5.620665125
-5.671171059
-5.717376561
-5.75588802
-5.78042889
-5.810101425
-5.860859684
-5.922431132
-6.001968995
-6.086046918
-6.151360141
-6.204388074
-6.239419914
-6.244552468
-6.24571894
-6.246885372
-6.250851427
-6.25948353
-6.276047444
-6.300075788
-6.343918599
-6.39608689
-6.449568242
-6.512264568
-6.598418316
-6.71417984
-6.851949302
-6.981631271
-7.102551867
-7.243683632
-7.418913631
-7.606825063
-7.809282055
-8.051674814
-8.272557879
-8.490830305
-8.653376252
-8.744267919
-8.796468817
-8.828794839
-8.840277465
-8.856871554
-8.8734643
-8.899302673
-8.935068432
-8.981038399
-9.033357201
-9.090760002
-9.151977943
-9.232333822
-9.296038527
-9.355879023
-9.402954432
-9.444927011
-9.481801308
-9.532650461
-9.588563093
-9.633258727
-9.684503014
-9.764373914
-9.849472362
-9.946873166
-10.04165208
-10.12002062
-10.17942295
-10.20639265
-10.21692793
-10.20514904
-10.20203047
-10.23251874
-10.26427259
-10.31369435
-10.38936021
-10.48009147
-10.58201166
-10.6825576
-10.76794669
-10.82572872
-10.86213513
-10.879806
-10.86884014
-10.85787478
-10.84078595
-10.8127346
-10.79225989
-10.79072391
-10.79323749
-10.83299611
-10.90867114
-11.00886235
-11.07802973
-11.10124308
-11.08108222
-11.05206939
-11.01542479
-11.0031688
-11.00443856
-11.01196628
-11.01721161
-11.03994996
-11.08261204
-11.12301112
-11.15864058
-11.1770681
-11.15858848
-11.14365147
-11.14200352
-11.13158261
-11.09757002
-11.04131403
-10.95434231
-10.87113636
-10.80026051
-10.73925442
-10.6747396
-10.60646868
-10.53816827
-10.45013568
-10.3523266
-10.23361214
-10.12962394
-10.06465779
-10.02305205
-10.00222744
-9.977826325
-9.97172683
-9.980247921
-9.97537639
-9.953358933
-9.922712782
-9.898227812
-9.849404728
-9.78700417
-9.709797342
-9.616638093
-9.528348993
-9.470745169
-9.431658857
-9.396006522
-9.363793041
-9.322361982
-9.265007369
-9.212602192
-9.165145576
-9.105915362
-9.01602327
-8.907610697
-8.761785192
-8.601319539
-8.419087375
-8.26005682
-8.136218177
-8.065502069
-8.001974788
-7.941804444
-7.86363026
-7.787681384
-7.695927742
-7.592229107
-7.470621861
-7.357241179
-7.271059531
-7.182772119
-7.100492683
-7.012262776
-6.946869479
-6.90009731
-6.871272111
-6.864228242
-6.864228242
-6.858261236
-6.828431011
-6.789810976
-6.730159445
-6.648819609
-6.533887882
-6.402242294
-6.254945705
-6.108800923
-5.966685206
-5.82068718
-5.690598375
-5.57247098
-5.472164139
-5.383735553
-5.297384527
-5.214978319
-5.146388333
-5.081722804
-5.017096399
-4.946639502
-4.860605779
-4.784387394
-4.71408053
-4.643820306
-4.556060638
-4.4508453
-4.318486924
-4.174624482
-4.001846478
-3.8312289
-3.653011105
-3.475016
-3.309032967
-3.170330052
-3.050953578
-2.973877117
-2.929590607
-2.885318109
-2.848637575
-2.811961309
-2.777102889
-2.734676822
-2.674663034
-2.602256667
-2.52499778
-2.416879039
-2.299077199
-2.188335542
-2.107641319
-2.020364263
-1.93229394
-1.839439202
-1.73522853
-1.609979329
-1.471149707
-1.362341077
-1.281798037
-1.203015404
-1.148483335
-1.083469891
-1.010505684
-0.932934874
-0.858556906
-0.758380535
-0.653421449
-0.556625563
-0.484761933
-0.412117638
-0.363724925
-0.32662984
-0.287095005
-0.239510058
-0.186270007
-0.121724658
-0.046682116
0.043704266
0.126035678
0.19626025
0.256791775
0.293100522
0.317302826
0.335049994
0.359253105
0.385878585
0.413263536
0.429399942
0.435852132
0.45506073
0.478250941
0.501434102
0.527016262
0.583069201
0.643877546
0.731017725
0.841978097
0.961425999
1.099913821
1.269507983
1.42639388
1.581726561
1.712344027
1.807176754
1.862213015
1.899508755
1.92638752
1.934716244
1.942291044
1.952142906
1.968263558
1.992918306
2.016807367
2.029705192
2.045905718
2.068695193
2.097981655
2.128370448
2.177834759
2.261392884
2.331350914
2.381385093
2.421128041
2.467087634
2.49181864
2.516550227
2.541282318
2.55722173
2.569089275
2.591683849
2.641701107
2.70051104
2.783218564
2.882493839
2.999577637
3.126941324
3.244662504
3.322766292
3.378291327
3.412675523
3.433408128
3.458965769
3.483093366
3.504541449
3.539752738
3.583906982
3.625375048
3.675076779
3.728903682
3.77932644
3.824214319
3.85531852
3.878768698
3.893968824
3.914001012
3.934033785
3.954770773
3.98033991
4.014872461
4.040567344
4.060854426
4.091261395
4.115561664
4.145971502
4.155200935
4.151453495
4.133332005
4.148102732
4.187628923
4.232697819
4.290757558
4.345381783
4.395865151
4.439709506
4.475267214
4.504054807
4.530085128
4.540499279
4.537229997
4.522199554
4.518102138
4.499624833
4.47646033
4.439619013
4.400140341
4.361911972
4.324394638
4.27680312
4.21913729
4.163623416
4.107585658
4.060383269
4.023449948
3.974834032
3.90789766
3.830162002
3.778924515
3.712399454
3.636562555
3.555906833
3.478444191
3.402314183
3.335530319
3.278082436
3.213688093
3.172533084
3.133739207
3.08951888
3.041418513
2.984017436
2.910325561
2.826543996
2.734250802
2.643342496
2.561168721
2.500797837
2.448930259
2.393838233
2.34013484
2.30661673
2.299782951
2.274147509
2.261051425
2.237868104
2.203778849
2.154964346
2.083487996
2.005800624
1.929194922
1.839996243
1.753730999
1.655637605
1.573932099
1.506082011
1.463060624
1.413674485
1.376105331
1.344878486
1.312781888
1.276045776
1.241034894
1.19126402
1.136861619
1.071451141
1.011536394
0.933324326
0.848675017
0.77500824
0.699788993
0.608567817
0.512647708
0.433264251
0.383347195
0.349132334
0.330623874
0.303839638
0.289959803
0.275166864
0.26128983
0.235413795
0.20120363
0.179002759
0.143243591
0.108115932
0.067438616
0.035089007
-0.004660421
-0.0518264
-0.111585479
-0.164558844
-0.207052412
-0.256979063
-0.307853469
-0.341101746
-0.375293637
-0.415047301
-0.449236507
-0.488989903
-0.518566094
-0.538921872
-0.564847834
-0.586934898
-0.610938216
-0.648008702
-0.701810305
-0.740607447
-0.778430028
-0.835898878
-0.879294761
-0.928266259
-0.989383113
-1.059714445
-1.131040942
-1.201388717
-1.267144265
-1.340504974
-1.415900403
-1.467912475
-1.503542375
-1.559048234
-1.612921794
-1.685380481
-1.791671144
-1.915016414
-2.057351849
-2.206243732
-2.357806288
-2.511321085
-2.665881512
-2.797632326
-2.896855611
-2.988836497
-3.054903213
-3.116095527
-3.147237204
-3.152616655
-3.16052629
-3.167728837
-3.167728837
-3.183150505
-3.217591634
-3.265712144
-3.340133605
-3.462875572
-3.631474345
-3.81940805
-4.017545995
-4.254674958
-4.486880088
-4.6797715
-4.817735364
-4.884970761
-4.907056225
-4.913991836
-4.923691339
-4.929470012
-4.947713928
-4.990190763
-5.05297566
-5.114156264
-5.164746998
-5.20358911
-5.244037892
-5.281729241
-5.358185886
-5.473009338
-5.574891964
-5.652554237
-5.694294425
-5.726365712
-5.775781789
-5.810682762
-5.858221527
-5.93685099
-6.023440313
-6.143900169
-6.316777339
-6.491418475
-6.675603753
-6.904440111
-7.135980665
-7.326609803
-7.498344818
-7.654137423
-7.797367141
-7.87016285
-7.882392261
-7.892472023
-7.890998748
-7.909116307
-7.911942509
-7.907182196
-7.907182196
-7.904909802
-7.901392179
-7.896506489
-7.850763122
-7.739916358
-7.5969946
-7.442585183
-7.267516431
-7.104373239
-6.93090809
-6.69324151
-6.335539349
-5.899806112
-5.368203707
-4.768200492
-4.122716865
-3.466943986
-2.837190838
-3.920459284
