11.8946
11.9120
11.9544
12.0217
12.0756
12.1553
12.2329
12.3038
12.3188
12.2713
12.1641
12.0152
11.8675
11.7262
11.6074
11.4731
11.3059
11.1255
10.9630
10.8472
10.8223
10.8355
10.8940
10.9714
11.0504
11.0986
11.1328
11.1437
11.1371
11.1044
11.0795
11.0648
11.0362
10.9716
10.8862
10.8120
10.7330
10.6744
10.6287
10.6078
10.5864
10.5693
10.5243
10.4334
10.3168
10.1867
10.0808
10.0093
9.9519
9.9181
9.8992
9.9209
9.9464
10.0165
10.0929
10.1547
10.2088
10.2478
10.2594
10.2594
10.2594
10.2594
10.2592
10.2176
10.1101
9.9911
9.8495
9.7054
9.5897
9.4860
9.3991
9.3445
9.3069
9.2965
9.2727
9.2373
9.1729
9.0758
8.9538
8.8165
8.6671
8.4848
8.2845
8.0547
7.7788
7.4807
7.1964
6.9407
6.7238
6.5814
6.4891
6.4358
6.3920
6.3260
6.2170
6.0645
5.8887
5.6788
5.4427
5.1851
4.9148
4.6677
4.4227
4.2021
4.0058
3.8399
3.7157
3.6420
3.6071
3.5906
3.5685
3.5437
3.4808
3.3917
3.2750
3.1627
3.0300
2.8921
2.7142
2.4833
2.2266
1.9771
1.7446
1.5293
1.3344
1.1714
1.0561
0.9634
0.8720
0.7476
0.5827
0.3771
0.1537
-0.0686
-0.2708
-0.4603
-0.6129
-0.7490
-0.8431
-0.9039
-0.9760
-1.0496
-1.1655
-1.3219
-1.5216
-1.7639
-2.0176
-2.2686
-2.4982
-2.6980
-2.9106
-3.1387
-3.3683
-3.6188
-3.8699
-4.1305
-4.3846
-4.6174
-4.8577
-5.1244
-5.4434
-5.8099
-6.1840
-6.5555
-6.9119
-7.2410
-7.5786
-7.9282
-8.2512
-8.5315
-8.7727
-8.9712
-9.1461
-9.2976
-9.4613
-9.6183
-9.7890
-9.9629
-10.1869
-10.4325
-10.7180
-11.0404
-11.3586
-11.6769
-11.9417
-12.1418
-12.3193
-12.4641
-12.5923
-12.6921
-12.7843
-12.8654
-12.9623
-13.0638
-13.1840
-13.3109
-13.4681
-13.6669
-13.8871
-14.1130
-14.3445
-14.5841
-14.8002
-15.0028
-15.1737
-15.2905
-15.3926
-15.4891
-15.6048
-15.7415
-15.9107
-16.0955
-16.2949
-16.4968
-16.7003
-16.9000
-17.0748
-17.2223
-17.3641
-17.5009
-17.6318
-17.7717
-17.9250
-18.1098
-18.3033
-18.4726
-18.6134
-18.7429
-18.8467
-18.9374
-18.9960
-19.0288
-19.0388
-19.0390
-19.0390
-19.0454
-19.0520
-19.0782
-19.1081
-19.1516
-19.2390
-19.3456
-19.4651
-19.5941
-19.7385
-19.8761
-19.9773
-20.0356
-20.0837
-20.1430
-20.1892
-20.2223
-20.2370
-20.2074
-20.1834
-20.1589
-20.1494
-20.1416
-20.1607
-20.1629
-20.1449
-20.1281
-20.1084
-20.0829
-20.0808
-20.0762
-20.0864
-20.1059
-20.1229
-20.1514
-20.2000
-20.2569
-20.3134
-20.3697
-20.4017
-20.4269
-20.4397
-20.4254
-20.3969
-20.3630
-20.3289
-20.3042
-20.2829
-20.2624
-20.2252
-20.1481
-20.0190
-19.8724
-19.7087
-19.5595
-19.3867
-19.2545
-19.1536
-19.0815
-19.0582
-19.0574
-19.0567
-19.0013
-18.9257
-18.8239
-18.7108
-18.5944
-18.4632
-18.3337
-18.1888
-18.0491
-17.8807
-17.6668
-17.4249
-17.1347
-16.8398
-16.5470
-16.2878
-16.0627
-15.8850
-15.7276
-15.5900
-15.4569
-15.3655
-15.3167
-15.2695
-15.2214
-15.1710
-15.0923
-14.9843
-14.8275
-14.6170
-14.3781
-14.1085
-13.8627
-13.6301
-13.4180
-13.2276
-13.0696
-12.9398
-12.8414
-12.7786
-12.7267
-12.6856
-12.6520
-12.6076
-12.5458
-12.4590
-12.3463
-12.2455
-12.1468
-12.0590
-11.9625
-11.8779
-11.7706
-11.6179
-11.4100
-11.1633
-10.9000
-10.6703
-10.4795
-10.3545
-10.2788
-10.2768
-10.2801
-10.2801
-10.2734
-10.2422
-10.2003
-10.1379
-10.0463
-9.9162
-9.7571
-9.5927
-9.4060
-9.2142
-9.0384
-8.8540
-8.6713
-8.5040
-8.3474
-8.2200
-8.0927
-7.9808
-7.8862
-7.7935
-7.7249
-7.6460
-7.5757
-7.4918
-7.3705
-7.1930
-6.9645
-6.7004
-6.4297
-6.1662
-5.9129
-5.6447
-5.3546
-5.0734
-4.8198
-4.6020
-4.4217
-4.2401
-4.0889
-3.9315
-3.7644
-3.5758
-3.3756
-3.1711
-2.9668
-2.7773
-2.6088
-2.4342
-2.2625
-2.0805
-1.8877
-1.6811
-1.4554
-1.2266
-0.9743
-0.7139
-0.4316
-0.1779
0.0921
0.3525
0.6009
0.8314
1.0324
1.2312
1.4334
1.6310
1.8671
2.1174
2.3892
2.6362
2.9064
3.1711
3.4332
3.6884
3.9303
4.1870
4.4274
4.6244
4.8097
4.9788
5.1398
5.2810
5.4222
5.5689
5.7030
5.8261
5.9449
6.0644
6.1804
6.3022
6.4145
6.5158
6.6075
6.6815
6.7724
6.8709
6.9818
7.1089
7.2415
7.3873
7.5485
7.7208
7.9024
8.1101
8.3099
8.5042
8.6907
8.8554
8.9935
9.0961
9.1768
9.2271
9.2815
9.3163
9.3284
9.3284
9.3284
9.3359
9.3397
9.3591
9.3979
9.4567
9.5381
9.6303
9.7532
9.9028
10.0719
10.2606
10.4728
10.6843
10.8955
11.0879
11.2687
11.4139
11.5438
11.6393
11.7159
11.7773
11.8310
11.8728
11.8875
11.9023
11.9210
11.9513
11.9779
11.9844
11.9582
11.9429
11.9320
11.9398
11.9791
12.0425
12.1104
12.1868
12.2516
12.3054
12.3430
12.3913
12.4483
12.5215
12.5977
12.6736
12.7563
12.8541
12.9374
13.0572
13.1893
13.3544
13.5243
13.6672
13.7709
13.7990
13.7967
13.7869
13.7858
13.7858
13.7707
13.7744
13.7765
13.7566
13.7109
13.6245
13.4318
13.1902
12.9441
12.7635
12.5979
12.4737
12.4363
12.4586
12.5399
12.6483
12.7037
12.7117
12.6314
12.4968
12.3393
12.1938
12.0408
11.9326
11.8806
11.8460
11.8052
11.7025
11.5213
11.3035
11.0929
10.9054
10.7519
10.6241
10.4774
10.3261
10.1911
10.0967
10.0143
9.9079
9.7474
9.5299
9.2914
9.0541
8.8542
8.6934
8.5701
8.4627
8.3239
8.1652
7.9911
7.8747
7.8164
7.7716
7.6867
7.4971
7.2474
7.0059
6.7962
6.6388
6.4852
6.3467
6.2316
6.1223
6.0640
6.0438
6.0616
6.1076
6.1927
6.2830
6.3495
6.3842
6.4087
6.4229
6.4286
6.4341
6.4182
6.4061
6.3746
6.3430
6.3340
6.3326
6.3498
6.3709
6.3835
6.3848
6.3408
6.2121
6.0396
5.8677
5.7817
5.8023
5.8796
5.9817
6.0588
6.1140
6.1810
6.2690
6.3296
6.3690
6.3906
6.4008
6.3865
6.3642
6.3219
6.2518
6.1480
6.0062
5.8195
5.6090
5.3719
5.1297
4.8835
4.6294
4.3722
4.1355
3.8967
3.6549
3.4071
3.1573
2.8783
2.5536
2.1739
1.8074
1.4877
1.2480
1.1115
1.0823
1.0861
1.0961
1.0961
1.0809
1.0632
1.0544
1.0214
0.9482
0.8436
0.6897
0.5181
0.3188
0.1040
-0.1360
-0.3347
-0.5244
-0.7054
-0.8549
-0.9639
-1.0391
-1.1079
-1.1601
-1.2110
-1.2782
-1.3264
-1.4203
-1.5788
-1.7869
-2.0461
-2.3397
-2.6358
-2.9356
-3.2408
-3.5008
-3.6932
-3.8044
-3.8678
-3.9191
-3.9852
-4.1014
-4.2238
-4.3828
-4.5472
-4.7457
-4.9781
-5.2106
-5.4466
-5.6645
-5.8770
-6.0756
-6.2633
-6.4295
-6.5870
-6.7159
-6.8357
-6.9573
-7.0931
-7.2502
-7.4432
-7.6754
-7.9023
-8.1060
-8.2921
-8.4102
-8.5212
-8.6268
-8.7629
-8.9420
-9.1515
-9.3737
-9.6119
-9.8234
-10.0259
-10.2283
-10.4254
-10.6120
-10.8096
-10.9953
-11.1833
-11.3443
-11.5007
-11.6571
-11.8068
-11.9518
-12.0699
-12.1812
-12.2732
-12.3632
-12.4398
-12.5290
-12.6197
-12.7081
-12.7937
-12.9014
-13.0233
-13.1991
-13.3851
-13.5653
-13.7009
-13.7815
-13.8357
-13.8795
-13.9186
-13.9710
-14.0372
-14.1294
-14.2228
-14.2947
-14.3465
-14.4073
-14.4522
-14.5037
-14.5618
-14.6230
-14.6777
-14.7190
-14.7670
-14.8219
-14.8735
-14.9381
-15.0125
-15.1000
-15.1872
-15.2644
-15.3483
-15.4122
-15.4664
-15.5073
-15.5587
-15.6156
-15.6785
-15.7249
-15.7776
-15.8139
-15.8566
-15.9059
-15.9486
-15.9790
-16.0116
-16.0581
-16.1190
-16.1897
-16.2945
-16.4201
-16.5607
-16.6682
-16.7825
-16.9323
-17.0811
-17.1810
-17.2378
-17.2180
-17.1402
-17.0107
-16.8414
-16.6657
-16.4896
-16.2909
-16.1163
-15.9753
-15.8486
-15.6990
-15.5172
-15.2985
-15.0423
-14.7959
-14.5755
-14.4133
-14.3132
-14.2729
-14.2965
-14.3384
-14.3685
-14.3754
-14.3295
-14.2346
-14.1288
-14.0298
-13.9475
-13.9064
-13.9042
-13.9042
-13.9042
-13.8783
-13.8308
-13.7281
-13.5844
-13.3925
-13.1697
-12.9160
-12.6702
-12.4193
-12.1934
-11.9814
-11.7994
-11.6570
-11.5445
-11.4438
-11.3313
-11.1923
-11.0265
-10.8265
-10.6042
-10.3918
-10.2032
-10.0318
-9.8929
-9.7730
-9.6500
-9.5186
-9.3682
-9.1976
-9.0251
-8.8273
-8.6279
-8.4339
-8.2251
-8.0300
-7.8320
-7.6174
-7.3812
-7.1503
-6.9178
-6.6819
-6.4782
-6.3304
-6.2332
-6.1630
-6.0779
-5.9745
-5.8244
-5.6292
-5.3775
-5.0944
-4.8165
-4.5559
-4.3268
-4.1080
-3.8843
-3.6510
-3.4126
-3.1579
-2.9199
-2.7069
-2.5270
-2.3740
-2.2362
-2.1176
-2.0186
-1.9177
-1.8322
-1.7317
-1.6703
-1.6017
-1.5310
-1.4664
-1.3868
-1.2885
-1.1694
-1.0317
-0.8827
-0.7129
-0.5480
-0.3668
-0.1557
0.0784
0.3300
0.5788
0.8206
1.0436
1.2538
1.4363
1.5898
1.7248
1.8367
1.9152
1.9937
2.1043
2.2516
2.4572
2.7093
3.0080
3.3255
3.6744
4.0139
4.3547
4.6646
4.9669
5.2387
5.4851
5.6982
5.8931
6.0773
6.2617
6.4203
6.5441
6.6606
6.7511
6.8081
6.8544
6.8980
6.9609
7.0265
7.0898
7.1513
7.2340
7.3280
7.4772
7.6235
7.7711
7.9032
8.0160
8.1076
8.1781
8.2041
8.2041
8.1998
8.1706
8.1416
8.1290
8.1147
8.0984
8.0625
7.9809
7.8599
7.7122
7.5651
7.4441
7.3634
7.3151
7.3316
7.4049
7.5377
7.6279
7.6904
7.7152
7.7240
7.7444
7.7894
7.8694
8.0113
8.1972
8.4003
8.5966
8.7594
8.8349
8.7809
8.5720
8.2444
7.8093
7.3890
7.0391
6.7092
6.4029
6.0511
5.7315
5.4790
5.3424
5.2478
5.1645
5.0389
4.8618
4.6618
4.4542
4.2353
3.9896
3.6738
3.3224
2.9526
2.5967
2.3058
2.0344
1.7141
1.3655
1.0412
0.7598
0.5699
0.4497
0.3863
0.3633
0.3744
0.4347
0.5031
0.5455
0.5295
0.5067
0.4815
0.4529
0.4069
0.3381
0.2652
0.2316
0.2200
0.2143
0.1862
0.1096
-0.0148
-0.1621
-0.3295
-0.4943
-0.6725
-0.8450
-0.9761
-1.0661
-1.1110
-1.1698
-1.2635
-1.3989
-1.5576
-1.7077
-1.8181
-1.8762
-1.8448
-1.7742
-1.6838
-1.5809
-1.4810
-1.3931
-1.3248
-1.2929
-1.2892
-1.2892
-1.2929
-1.2966
-1.3040
-1.3181
-1.3610
-1.3975
-1.4479
-1.5069
-1.6033
-1.7568
-1.9992
-2.3013
-2.6402
-3.0223
-3.4183
-3.8308
-4.1925
-4.4971
-4.6745
-4.7333
-4.7586
-4.7945
-4.8859
-5.0141
-5.1508
-5.3124
-5.4561
-5.6156
-5.7767
-5.9576
-6.1493
-6.3251
-6.5028
-6.6805
-6.8955
-7.1231
-7.3669
-7.6250
-7.8904
-8.1379
-8.3800
-8.6202
-8.8378
-9.0554
-9.2230
-9.3658
-9.4902
-9.5785
-9.6434
-9.7098
-9.7796
-9.8423
-9.9014
-9.9466
-9.9794
-10.0225
-10.0626
-10.0938
-10.1251
-10.1741
-10.2266
-10.3058
-10.4302
-10.5847
-10.7049
-10.7942
-10.8456
-10.8937
-10.9621
-11.0442
-11.1329
-11.2386
-11.3419
-11.4776
-11.6265
-11.7951
-11.9412
-12.0691
-12.1757
-12.2762
-12.3774
-12.4496
-12.4819
-12.4383
-12.3563
-12.2799
-12.2036
-12.1382
-12.0838
-12.0578
-12.0210
-11.9492
-11.8688
-11.7635
-11.6346
-11.4493
-11.2167
-10.9717
-10.6998
-10.4272
-10.1679
-9.9376
-9.7807
-9.7162
-9.7076
-9.7076
-9.7076
-9.6725
-9.5942
-9.4722
-9.2967
-9.1112
-8.9259
-8.7564
-8.6163
-8.5074
-8.4276
-8.3682
-8.3127
-8.2224
-8.0893
-7.9083
-7.7137
-7.5074
-7.3066
-7.1077
-6.9499
-6.8196
-6.7202
-6.6654
-6.6278
-6.5903
-6.5204
-6.4353
-6.2975
-6.1259
-5.9208
-5.7077
-5.4988
-5.3228
-5.1741
-5.0492
-4.9545
-4.8798
-4.8217
-4.7602
-4.7016
-4.6246
-4.5295
-4.3805
-4.2045
-4.0086
-3.8059
-3.5946
-3.3905
-3.1901
-2.9380
-2.6912
-2.4417
-2.2157
-2.0008
-1.7803
-1.5886
-1.4291
-1.2932
-1.1833
-1.0768
-0.9655
-0.8625
-0.7418
-0.6220
-0.4680
-0.3164
-0.1554
-0.0250
0.0743
0.1178
0.1340
0.1643
0.2122
0.2586
0.2954
0.3315
0.3851
0.4360
0.4853
0.5344
0.6130
0.7271
0.8895
1.0900
1.2783
1.4499
1.6040
1.7236
1.7929
1.8239
1.8275
1.8369
1.8462
1.8618
1.8655
1.8860
1.9185
1.9642
2.0170
2.0843
2.1456
2.2250
2.3601
2.5197
2.7050
2.8922
3.0741
3.2666
3.4533
3.6337
3.7974
3.9028
3.9641
3.9875
3.9885
3.9915
3.9746
3.9132
3.8254
3.7448
3.7651
3.8181
3.9351
4.0355
4.1713
4.3497
4.5317
4.7212
4.8607
4.8815
8.0521
