-4.608418
-4.632576
-4.656734
-4.680891
-4.705048
-4.729206
-4.753362
-4.777518
-4.801674
-4.825830
-4.849984
-4.874138
-4.898291
-4.922443
-4.946595
-4.970745
-4.994895
-5.019043
-5.043190
-5.067336
-5.091480
-5.115623
-5.139765
-5.163905
-5.188043
-5.212180
-5.236315
-5.260449
-5.284580
-5.308709
-5.332837
-5.356962
-5.381085
-5.405206
-5.429325
-5.453441
-5.477555
-5.501666
-5.525774
-5.549881
-5.573984
-5.598084
-5.622182
-5.646277
-5.670368
-5.694457
-5.718543
-5.742625
-5.766704
-5.790780
-5.814852
-5.838921
-5.862986
-5.887048
-5.911105
-5.935160
-5.959210
-5.983256
-6.007299
-6.031337
-6.055371
-6.079401
-6.103427
-6.127449
-6.151466
-6.175479
-6.199487
-6.223490
-6.247489
-6.271483
-6.295473
-6.319457
-6.343437
-6.367411
-6.391381
-6.415345
-6.439304
-6.463258
-6.487206
-6.511149
-6.535086
-6.559018
-6.582945
-6.606865
-6.630780
-6.654689
-6.678592
-6.702489
-6.726380
-6.750265
-6.774143
-6.798016
-6.821882
-6.845742
-6.869595
-6.893441
-6.917281
-6.941115
-6.964942
-6.988761
-7.012574
-7.036380
-7.060179
-7.083971
-7.107756
-7.131534
-7.155304
-7.179067
-7.202822
-7.226570
-7.250311
-7.274043
-7.297769
-7.321486
-7.345195
-7.368897
-7.392590
-7.416276
-7.439953
-7.463622
-7.487283
-7.510936
-7.534580
-7.558216
-7.581843
-7.605462
-7.629072
-7.652673
-7.676266
-7.699850
-7.723424
-7.746990
-7.770547
-7.794094
-7.817632
-7.841161
-7.864681
-7.888191
-7.911692
-7.935183
-7.958665
-7.982137
-8.005599
-8.029051
-8.052494
-8.075926
-8.099349
-8.122761
-8.146164
-8.169556
-8.192937
-8.216309
-8.239670
-8.263020
-8.286360
-8.309689
-8.333008
-8.356316
-8.379613
-8.402899
-8.426174
-8.449438
-8.472691
-8.495933
-8.519163
-8.542383
-8.565590
-8.588787
-8.611972
-8.635145
-8.658307
-8.681457
-8.704595
-8.727722
-8.750836
-8.773939
-8.797029
-8.820108
-8.843174
-8.866228
-8.889270
-8.912299
-8.935316
-8.958320
-8.981312
-9.004291
-9.027258
-9.050212
-9.073153
-9.096080
-9.118995
-9.141897
-9.164786
-9.187662
-9.210524
-9.233374
-9.256209
-9.279032
-9.301841
-9.324636
-9.347418
-9.370186
-9.392940
-9.415680
-9.438407
-9.461119
-9.483818
-9.506502
-9.529172
-9.551828
-9.574470
-9.597098
-9.619711
-9.642309
-9.664893
-9.687462
-9.710017
-9.732557
-9.755082
-9.777592
-9.800088
-9.822568
-9.845033
-9.867483
-9.889918
-9.912338
-9.934742
-9.957131
-9.979505
-10.001862
-10.024205
-10.046532
-10.068842
-10.091138
-10.113417
-10.135680
-10.157928
-10.180159
-10.202375
-10.224574
-10.246757
-10.268923
-10.291074
-10.313208
-10.335325
-10.357426
-10.379510
-10.401577
-10.423628
-10.445662
-10.467679
-10.489679
-10.511663
-10.533629
-10.555578
-10.577510
-10.599424
-10.621321
-10.643201
-10.665064
-10.686909
-10.708736
-10.730546
-10.752338
-10.774112
-10.795868
-10.817607
-10.839328
-10.861030
-10.882715
-10.904381
-10.926029
-10.947659
-10.969271
-10.990864
-11.012439
-11.033995
-11.055533
-11.077052
-11.098553
-11.120034
-11.141497
-11.162941
-11.184366
-11.205772
-11.227159
-11.248527
-11.269875
-11.291205
-11.312515
-11.333806
-11.355077
-11.376329
-11.397561
-11.418773
-11.439966
-11.461139
-11.482293
-11.503426
-11.524540
-11.545633
-11.566707
-11.587760
-11.608793
-11.629806
-11.650799
-11.671772
-11.692723
-11.713655
-11.734566
-11.755456
-11.776326
-11.797175
-11.818003
-11.838810
-11.859597
-11.880362
-11.901107
-11.921830
-11.942533
-11.963214
-11.983874
-12.004512
-12.025129
-12.045725
-12.066299
-12.086852
-12.107383
-12.127892
-12.148380
-12.168846
-12.189290
-12.209712
-12.230112
-12.250490
-12.270846
-12.291180
-12.311492
-12.331781
-12.352048
-12.372293
-12.392515
-12.412715
-12.432892
-12.453047
-12.473179
-12.493288
-12.513374
-12.533438
-12.553478
-12.573496
-12.593491
-12.613462
-12.633411
-12.653336
-12.673238
-12.693117
-12.712972
-12.732804
-12.752613
-12.772398
-12.792159
-12.811897
-12.831611
-12.851301
-12.870967
-12.890610
-12.910228
-12.929823
-12.949393
-12.968940
-12.988462
-13.007960
-13.027434
-13.046883
-13.066308
-13.085709
-13.105085
-13.124437
-13.143764
-13.163066
-13.182343
-13.201596
-13.220824
-13.240027
-13.259205
-13.278358
-13.297486
-13.316589
-13.335667
-13.354720
-13.373747
-13.392749
-13.411725
-13.430677
-13.449602
-13.468502
-13.487377
-13.506225
-13.525049
-13.543846
-13.562617
-13.581363
-13.600083
-13.618776
-13.637444
-13.656086
-13.674701
-13.693290
-13.711853
-13.730390
-13.748900
-13.767384
-13.785841
-13.804272
-13.822677
-13.841054
-13.859405
-13.877729
-13.896027
-13.914298
-13.932541
-13.950758
-13.968948
-13.987111
-14.005246
-14.023355
-14.041436
-14.059490
-14.077517
-14.095516
-14.113488
-14.131432
-14.149349
-14.167238
-14.185100
-14.202934
-14.220741
-14.238519
-14.256270
-14.273993
-14.291687
-14.309354
-14.326993
-14.344604
-14.362187
-14.379741
-14.397267
-14.414765
-14.432235
-14.449676
-14.467089
-14.484473
-14.501829
-14.519156
-14.536454
-14.553724
-14.570965
-14.588177
-14.605361
-14.622515
-14.639641
-14.656738
-14.673805
-14.690844
-14.707853
-14.724833
-14.741784
-14.758706
-14.775598
-14.792461
-14.809294
-14.826098
-14.842873
-14.859617
-14.876333
-14.893018
-14.909674
-14.926300
-14.942897
-14.959463
-14.975999
-14.992506
-15.008982
-15.025429
-15.041845
-15.058231
-15.074587
-15.090913
-15.107209
-15.123474
-15.139709
-15.155913
-15.172087
-15.188230
-15.204343
-15.220425
-15.236476
-15.252497
-15.268487
-15.284446
-15.300374
-15.316272
-15.332138
-15.347973
-15.363778
-15.379551
-15.395293
-15.411004
-15.426684
-15.442333
-15.457950
-15.473536
-15.489090
-15.504613
-15.520105
-15.535565
-15.550993
-15.566390
-15.581755
-15.597088
-15.612390
-15.627660
-15.642898
-15.658104
-15.673278
-15.688420
-15.703531
-15.718609
-15.733655
-15.748669
-15.763650
-15.778600
-15.793517
-15.808402
-15.823254
-15.838074
-15.852862
-15.867617
-15.882339
-15.897029
-15.911687
-15.926311
-15.940903
-15.955463
-15.969989
-15.984483
-15.998943
-16.013371
-16.027766
-16.042128
-16.056457
-16.070752
-16.085015
-16.099244
-16.113441
-16.127603
-16.141733
-16.155829
-16.169892
-16.183922
-16.197918
-16.211881
-16.225810
-16.239705
-16.253567
-16.267395
-16.281190
-16.294951
-16.308678
-16.322371
-16.336030
-16.349656
-16.363247
-16.376805
-16.390328
-16.403818
-16.417273
-16.430695
-16.444082
-16.457435
-16.470753
-16.484038
-16.497288
-16.510503
-16.523685
-16.536832
-16.549944
-16.563022
-16.576065
-16.589074
-16.602048
-16.614988
-16.627892
-16.640762
-16.653598
-16.666398
-16.679164
-16.691894
-16.704590
-16.717251
-16.729877
-16.742468
-16.755023
-16.767544
-16.780030
-16.792480
-16.804895
-16.817275
-16.829619
-16.841929
-16.854203
-16.866441
-16.878644
-16.890812
-16.902944
-16.915041
-16.927102
-16.939127
-16.951117
-16.963071
-16.974989
-16.986872
-16.998719
-17.010530
-17.022305
-17.034045
-17.045748
-17.057416
-17.069047
-17.080643
-17.092202
-17.103726
-17.115213
-17.126664
-17.138079
-17.149458
-17.160801
-17.172107
-17.183377
-17.194610
-17.205808
-17.216968
-17.228093
-17.239181
-17.250232
-17.261247
-17.272225
-17.283167
-17.294072
-17.304940
-17.315772
-17.326567
-17.337325
-17.348047
-17.358732
-17.369379
-17.379990
-17.390564
-17.401101
-17.411601
-17.422065
-17.432491
-17.442880
-17.453232
-17.463546
-17.473824
-17.484064
-17.494268
-17.504434
-17.514562
-17.524654
-17.534708
-17.544725
-17.554704
-17.564646
-17.574550
-17.584418
-17.594247
-17.604039
-17.613794
-17.623510
-17.633190
-17.642831
-17.652435
-17.662001
-17.671530
-17.681021
-17.690474
-17.699889
-17.709266
-17.718606
-17.727907
-17.737171
-17.746397
-17.755584
-17.764734
-17.773846
-17.782920
-17.791955
-17.800953
-17.809912
-17.818833
-17.827717
-17.836561
-17.845368
-17.854136
-17.862867
-17.871558
-17.880212
-17.888827
-17.897404
-17.905942
-17.914442
-17.922903
-17.931326
-17.939711
-17.948057
-17.956364
-17.964633
-17.972863
-17.981055
-17.989208
-17.997322
-18.005397
-18.013434
-18.021432
-18.029392
-18.037312
-18.045194
-18.053037
-18.060841
-18.068606
-18.076332
-18.084020
-18.091668
-18.099278
-18.106848
-18.114380
-18.121872
-18.129325
-18.136740
-18.144115
-18.151451
-18.158748
-18.166006
-18.173224
-18.180404
-18.187544
-18.194645
-18.201706
-18.208729
-18.215712
-18.222656
-18.229560
-18.236425
-18.243251
-18.250037
-18.256784
-18.263491
-18.270159
-18.276788
-18.283377
-18.289926
-18.296436
-18.302906
-18.309337
-18.315728
-18.322080
-18.328391
-18.334664
-18.340896
-18.347089
-18.353242
-18.359356
-18.365430
-18.371464
-18.377458
-18.383412
-18.389327
-18.395201
-18.401036
-18.406831
-18.412587
-18.418302
-18.423977
-18.429613
-18.435208
-18.440764
-18.446279
-18.451755
-18.457190
-18.462586
-18.467942
-18.473257
-18.478532
-18.483768
-18.488963
-18.494118
-18.499233
-18.504308
-18.509342
-18.514337
-18.519291
-18.524205
-18.529079
-18.533913
-18.538706
-18.543459
-18.548172
-18.552845
-18.557477
-18.562069
-18.566621
-18.571132
-18.575603
-18.580034
-18.584424
-18.588774
-18.593083
-18.597352
-18.601581
-18.605769
-18.609916
-18.614024
-18.618090
-18.622117
-18.626102
-18.630048
-18.633952
-18.637816
-18.641640
-18.645423
-18.649166
-18.652868
-18.656529
-18.660150
-18.663730
-18.667269
-18.670768
-18.674226
-18.677644
-18.681021
-18.684357
-18.687653
-18.690908
-18.694122
-18.697295
-18.700428
-18.703520
-18.706572
-18.709582
-18.712552
-18.715481
-18.718369
-18.721217
-18.724024
-18.726790
-18.729515
-18.732199
-18.734843
-18.737445
-18.740007
-18.742528
-18.745008
-18.747448
-18.749846
-18.752204
-18.754520
-18.756796
-18.759031
-18.761225
-18.763378
-18.765490
-18.767562
-18.769592
-18.771582
-18.773530
-18.775438
-18.777304
-18.779130
-18.780915
-18.782659
-18.784361
-18.786023
-18.787644
-18.789224
-18.790763
-18.792261
-18.793718
-18.795134
-18.796509
-18.797843
-18.799136
-18.800388
-18.801598
-18.802768
-18.803897
-18.804985
-18.806032
-18.807038
-18.808002
-18.808926
-18.809809
-18.810650
-18.811451
-18.812211
-18.812929
-18.813607
-18.814243
-18.814838
-18.815393
-18.815906
-18.816378
-18.816809
-18.817199
-18.817548
-18.817856
-18.818123
-18.818349
-18.818533
-18.818677
-18.818780
-18.818841
-18.818862
-18.818841
-18.818779
-18.818676
-18.818533
-18.818348
-18.818122
-18.817855
-18.817547
-18.817198
-18.816807
-18.816376
-18.815904
-18.815390
-18.814836
-18.814240
-18.813604
-18.812926
-18.812207
-18.811448
-18.810647
-18.809805
-18.808922
-18.807998
-18.807033
-18.806027
-18.804980
-18.803892
-18.802763
-18.801593
-18.800382
-18.799130
-18.797837
-18.796503
-18.795128
-18.793712
-18.792254
-18.790756
-18.789217
-18.787637
-18.786016
-18.784354
-18.782651
-18.780907
-18.779122
-18.777296
-18.775429
-18.773522
-18.771573
-18.769583
-18.767553
-18.765481
-18.763369
-18.761216
-18.759021
-18.756786
-18.754510
-18.752193
-18.749836
-18.747437
-18.744998
-18.742517
-18.739996
-18.737434
-18.734831
-18.732188
-18.729503
-18.726778
-18.724012
-18.721205
-18.718357
-18.715469
-18.712539
-18.709569
-18.706559
-18.703507
-18.700415
-18.697282
-18.694108
-18.690894
-18.687639
-18.684343
-18.681007
-18.677629
-18.674212
-18.670753
-18.667254
-18.663714
-18.660134
-18.656513
-18.652852
-18.649150
-18.645407
-18.641624
-18.637800
-18.633935
-18.630031
-18.626085
-18.622099
-18.618073
-18.614006
-18.609898
-18.605751
-18.601562
-18.597334
-18.593064
-18.588755
-18.584405
-18.580014
-18.575584
-18.571113
-18.566601
-18.562049
-18.557457
-18.552825
-18.548152
-18.543439
-18.538686
-18.533892
-18.529058
-18.524184
-18.519270
-18.514315
-18.509321
-18.504286
-18.499211
-18.494096
-18.488941
-18.483745
-18.478510
-18.473234
-18.467918
-18.462563
-18.457167
-18.451731
-18.446256
-18.440740
-18.435184
-18.429588
-18.423953
-18.418277
-18.412562
-18.406806
-18.401011
-18.395176
-18.389301
-18.383386
-18.377432
-18.371438
-18.365403
-18.359329
-18.353216
-18.347063
-18.340869
-18.334637
-18.328364
-18.322052
-18.315701
-18.309309
-18.302878
-18.296408
-18.289898
-18.283348
-18.276759
-18.270130
-18.263462
-18.256755
-18.250008
-18.243221
-18.236396
-18.229530
-18.222626
-18.215682
-18.208699
-18.201676
-18.194614
-18.187513
-18.180373
-18.173193
-18.165974
-18.158716
-18.151419
-18.144083
-18.136708
-18.129293
-18.121840
-18.114347
-18.106816
-18.099245
-18.091635
-18.083987
-18.076299
-18.068573
-18.060807
-18.053003
-18.045160
-18.037278
-18.029357
-18.021398
-18.013400
-18.005363
-17.997287
-17.989172
-17.981019
-17.972828
-17.964597
-17.956328
-17.948021
-17.939675
-17.931290
-17.922867
-17.914405
-17.905905
-17.897367
-17.888790
-17.880174
-17.871521
-17.862829
-17.854099
-17.845330
-17.836523
-17.827678
-17.818795
-17.809874
-17.800914
-17.791916
-17.782881
-17.773807
-17.764695
-17.755545
-17.746357
-17.737131
-17.727867
-17.718565
-17.709226
-17.699848
-17.690433
-17.680980
-17.671489
-17.661960
-17.652394
-17.642790
-17.633148
