-4.50682913
-4.608425096
-4.68448627
-4.743282966
-4.783929482
-4.823146639
-4.866083632
-4.941265871
-4.960532692
-4.944155048
-4.932696466
-4.880312469
-4.785875669
-4.651649785
-4.468339983
-4.300726652
-4.177349106
-4.115096281
-4.105200167
-4.117414993
-4.140676113
-4.144915016
-4.142307337
-4.136461825
-4.126716035
-4.115015706
-4.118164901
-4.12854096
-4.139839809
-4.167991182
-4.235611229
-4.329966709
-4.445722054
-4.574416027
-4.704411132
-4.831024768
-4.932514737
-4.98572108
-4.995119851
-4.99411258
-4.99105923
-4.990041366
-4.990041366
-5.002277456
-5.020624395
-5.038957808
-5.065418701
-5.099287051
-5.155394534
-5.227545427
-5.312789462
-5.389164732
-5.414625639
-5.404122144
-5.35357618
-5.251599048
-5.126817858
-5.035766833
-4.967250126
-4.931148329
-4.897729882
-4.880094525
-4.874216733
-4.870195814
-4.868176199
-4.866156426
-4.857104847
-4.856095114
-4.867662854
-4.878211998
-4.875146821
-4.88108427
-4.890914204
-4.902708576
-4.931171984
-4.975695973
-5.033353585
-5.106909357
-5.194264981
-5.26163137
-5.312033539
-5.329541677
-5.326055214
-5.311556238
-5.303900697
-5.30700806
-5.296764583
-5.307243001
-5.356235216
-5.450218492
-5.576231329
-5.6865949
-5.791707853
-5.863579524
-5.927674431
-6.040373608
-6.177578903
-6.334650179
-6.478925157
-6.588686068
-6.630415158
-6.634260702
-6.635697085
-6.676215366
-6.770985248
-6.856039159
-6.925549089
-7.006498699
-7.098838185
-7.168392903
-7.202515564
-7.237571628
-7.282295004
-7.345689142
-7.442189977
-7.570115375
-7.650456535
-7.723491616
-7.792633085
-7.868767855
-7.936879512
-7.96141034
-8.023407002
-8.126921753
-8.217617179
-8.263466928
-8.293110853
-8.353232378
-8.412351158
-8.509523601
-8.622637838
-8.71083889
-8.798460615
-8.880830503
-8.940564167
-8.985867555
-9.031314555
-9.088007729
-9.178313102
-9.288634724
-9.381610936
-9.436559162
-9.450782452
-9.464129705
-9.490145758
-9.531759577
-9.612935063
-9.72994704
-9.8188637
-9.899176248
-9.972921611
-10.04362472
-10.10848093
-10.18164549
-10.24021873
-10.32974067
-10.41509849
-10.47615999
-10.5312713
-10.56415518
-10.60933269
-10.67402092
-10.75451239
-10.86728526
-10.9772564
-11.07473647
-11.14433861
-11.17924913
-11.20837855
-11.26194856
-11.3241002
-11.38978504
-11.46971537
-11.54707632
-11.58704985
-11.61240991
-11.61841721
-11.61841721
-11.632994
-11.66930056
-11.70199926
-11.72387209
-11.76386137
-11.82440527
-11.88615622
-11.9635365
-12.07096443
-12.20843375
-12.34956648
-12.49429176
-12.60290136
-12.66451929
-12.71283408
-12.78150646
-12.85633352
-12.95278097
-13.04063563
-13.12507378
-13.2421078
-13.37831539
-13.49173028
-13.61571568
-13.74093408
-13.8383549
-13.90223235
-13.91053711
-13.91180629
-13.90347117
-13.93472319
-13.97904496
-14.04596938
-14.09150097
-14.12268902
-14.14305222
-14.14559144
-14.15036417
-14.16818239
-14.20507375
-14.24225979
-14.27085621
-14.29912255
-14.32547532
-14.34927919
-14.37085888
-14.39592059
-14.42700188
-14.46155533
-14.49990808
-14.53603892
-14.5990333
-14.66579108
-14.73122732
-14.83376252
-14.96573635
-15.08296209
-15.1776064
-15.25074662
-15.29483641
-15.34473918
-15.39080591
-15.41300058
-15.38451175
-15.354018
-15.32353164
-15.28948909
-15.25798033
-15.27115233
-15.29586048
-15.33119701
-15.38487518
-15.44444806
-15.46679308
-15.45248366
-15.44070321
-15.41243769
-15.38599998
-15.37088211
-15.36844953
-15.40808985
-15.44913435
-15.46651326
-15.48047693
-15.46075
-15.41449589
-15.38703585
-15.38391996
-15.38674456
-15.39781181
-15.40704087
-15.37239427
-15.31123581
-15.25328802
-15.22163889
-15.22596462
-15.27160509
-15.33274638
-15.39382076
-15.45020851
-15.46375656
-15.47080355
-15.46467211
-15.43163314
-15.40176995
-15.39305284
-15.3915851
-15.40172429
-15.41861441
-15.42458051
-15.41815949
-15.39462141
-15.37743233
-15.35632641
-15.34856037
-15.34996977
-15.37267616
-15.40657428
-15.44929736
-15.49407286
-15.50956726
-15.50403724
-15.45860273
-15.38586263
-15.29376467
-15.18720287
-15.09515966
-15.00313687
-14.9039147
-14.82017634
-14.77411678
-14.74645703
-14.72218492
-14.70835772
-14.72275673
-14.75227699
-14.77882435
-14.7869633
-14.76070171
-14.69082603
-14.58548238
-14.459261
-14.30280165
-14.14827278
-14.03659236
-13.95070486
-13.91820503
-13.91335513
-13.93033676
-13.95410857
-13.98805269
-14.03780784
-14.08866023
-14.11326713
-14.11831166
-14.0877569
-14.0153058
-13.93808474
-13.91960203
-13.91042583
-13.91795158
-13.94036692
-13.94374891
-13.94374891
-13.93777345
-13.93845769
-13.93992674
-13.93806594
-13.92990929
-13.91651059
-13.90756815
-13.90955268
-13.94703262
-13.99075859
-14.0433501
-14.09209483
-14.11990785
-14.14765732
-14.16828256
-14.16622852
-14.10131943
-14.01714634
-13.92340459
-13.81353624
-13.71303614
-13.62852161
-13.55815888
-13.5114947
-13.49966453
-13.49374988
-13.49710258
-13.49710258
-13.49118839
-13.44388542
-13.36115034
-13.25593002
-13.14383553
-13.00828397
-12.89053934
-12.76384572
-12.6463229
-12.52891781
-12.38818696
-12.21251272
-12.00308449
-11.80568824
-11.63088875
-11.49225657
-11.3643921
-11.27111829
-11.18573304
-11.12117261
-11.07580682
-11.06421796
-11.05263002
-11.0468365
-11.03525035
-11.02366539
-11.02366539
-11.03525035
-11.0350404
-11.03103713
-11.03245661
-11.04271857
-11.04171714
-11.0411302
-11.02317723
-10.98372598
-10.94193501
-10.88691885
-10.8297382
-10.77494863
-10.73614344
-10.72141171
-10.70945043
-10.67270732
-10.64428696
-10.63177237
-10.6053195
-10.55341761
-10.48251093
-10.39349286
-10.30042508
-10.22924669
-10.18219249
-10.14300827
-10.11742177
-10.08216322
-10.0379081
-9.984827882
-9.9058628
-9.771358447
-9.610840842
-9.449054311
-9.316491423
-9.253688894
-9.213742368
-9.189963976
-9.171894745
-9.154786673
-9.131980107
-9.120578623
-9.114878331
-9.051864081
-8.962573118
-8.844827521
-8.724291324
-8.586514051
-8.48302754
-8.412195965
-8.343459128
-8.297829735
-8.27808964
-8.271541558
-8.268498152
-8.236511795
-8.192300265
-8.144338942
-8.054113447
-7.930196818
-7.792385385
-7.666959066
-7.58283363
-7.550268191
-7.533861437
-7.49820233
-7.463618631
-7.42920797
-7.408875515
-7.40419123
-7.390100615
-7.354748666
-7.284617849
-7.231296542
-7.193858053
-7.135542977
-7.041852864
-6.910480751
-6.772160477
-6.67023615
-6.609977203
-6.570934237
-6.541508445
-6.495818585
-6.421582676
-6.348464327
-6.267092969
-6.194860247
-6.10879922
-5.983074481
-5.819664081
-5.647094438
-5.498377249
-5.409296906
-5.377970188
-5.381411801
-5.414762042
-5.439385184
-5.468338813
-5.505067041
-5.546357791
-5.523955793
-5.448075946
-5.343840557
-5.259074917
-5.229184498
-5.233660826
-5.215350016
-5.169300805
-5.080317621
-4.983345648
-4.907677921
-4.863849266
-4.860166146
-4.860166146
-4.854596926
-4.843459418
-4.854508949
-4.868189603
-4.86988954
-4.817927815
-4.741887967
-4.682457683
-4.610613672
-4.530045996
-4.469693249
-4.419885387
-4.341048039
-4.202506752
-4.057785513
-4.002874209
-4.030269016
-4.10158092
-4.224919298
-4.26444515
-4.26444515
-4.241852257
-4.248210534
-4.274307387
-4.277972919
-4.277737037
-4.276096562
-4.275276255
-4.233528067
-4.182200708
-4.168751529
-4.163038041
-4.140995531
-4.118515969
-4.114339529
-4.154670213
-4.177243984
-4.163435503
-4.140027174
-4.131545181
-4.117403961
-4.112690023
-4.106363206
-4.100843293
-4.081299553
-4.027767195
-3.94436799
-3.840538268
-3.733511806
-3.666347052
-3.625860579
-3.598762153
-3.565573216
-3.499190719
-3.395875723
-3.256790337
-3.085262568
-2.924966563
-2.771644686
-2.634614628
-2.481947699
-2.306655949
-2.188510228
-2.120397617
-2.080046763
-2.017405759
-1.91491624
-1.769590917
-1.583144376
-1.360739532
-1.108967306
-0.806578324
-0.532754145
-0.35549266
-0.25507281
-0.227843647
-0.231690044
-0.242909786
-0.218108158
-0.172833544
-0.110794491
-0.056336293
0.041171186
0.173880421
0.312612922
0.47806525
0.620168179
0.731916216
0.81287091
0.896195948
0.991507437
1.108490622
1.241432118
1.399507666
1.575204021
1.757041867
1.942238771
2.106274033
2.267876307
2.411818291
2.502120827
2.529918813
2.552472259
2.569047508
2.582037367
2.612153892
2.640962809
2.657151257
2.674634848
2.695452811
2.712331557
2.753836672
2.812951697
2.899125941
2.979023818
3.075652086
3.174011383
3.256932011
3.322625043
3.378363217
3.422554588
3.448046352
3.464479817
3.485433791
3.525047289
3.582753669
3.692351089
3.828774325
3.945890847
4.075293765
4.180874183
4.24147914
4.275683628
4.300139374
4.326807917
4.370685495
4.450708329
4.494699686
4.51450449
4.537028432
4.567483599
4.626555314
4.70061346
4.774862357
4.821769091
4.889872854
4.967152163
5.039842717
5.109109587
5.177278179
5.255671111
5.310554595
5.380151752
5.483312581
5.597131318
5.732778317
5.866975371
6.024291292
6.207775402
6.346484374
6.426036485
6.441761911
6.445146709
6.475459912
6.552126848
6.62622965
6.700393663
6.785707607
6.854757736
6.876713845
6.888192516
6.872618943
6.873901353
6.911362532
6.947888924
6.961588099
6.97531763
6.976722117
6.978126801
6.993229186
7.016527857
7.052596109
7.107928686
7.153641954
7.196204566
7.211761431
7.231424404
7.271632965
7.326551297
7.382433303
7.446116576
7.5143868
7.584470968
7.681127811
7.783690268
7.887088291
7.995902325
8.145951368
8.337717036
8.519058048
8.674568172
8.773346035
8.812499175
8.818729611
8.802044273
8.787433759
8.790744605
8.824048139
8.852766191
8.85359016
8.849834161
8.85065854
8.852719794
8.856843614
8.870952553
8.880499189
8.892109439
8.94196098
8.998886271
9.039633432
9.057506472
9.066641543
9.066641543
9.067049664
9.068682313
9.086975176
9.087817659
9.111106134
9.138955707
9.143966291
9.12573152
9.107498167
9.085919395
9.063954404
9.051107142
9.029135229
9.026623111
9.029508574
9.031570116
9.028256384
9.045712362
9.056088691
9.047832121
9.030459399
9.022623065
9.022665478
9.048844774
9.079602957
9.094551876
9.091261741
9.077274966
9.063728136
9.044420508
9.002692579
8.971286097
8.957229712
8.957648701
8.957702682
8.954051031
8.916459427
8.887194823
8.857105667
8.84807505
8.848924844
8.848924844
8.852681226
8.861501093
8.892784305
8.936155029
8.972080922
8.990575113
8.999528787
8.994817814
8.983453015
8.954560531
8.934289938
8.931851868
8.951846563
8.981069841
8.998658291
9.007150459
9.003145755
8.975849585
8.942727503
8.909172407
8.880159363
8.845727345
8.825799189
8.806298233
8.781851508
8.75410823
8.73178856
8.719010209
8.705360598
8.696261296
8.696699085
8.692149784
8.68760057
8.665295149
8.63067459
8.605260294
8.602781059
8.606838382
8.59672564
8.582361308
8.520168362
8.393890989
8.222729105
8.038304372
7.868566252
7.721902894
7.619008214
7.542869373
7.539308733
7.569478654
7.574025361
7.578710635
7.566056523
7.556471836
7.546886674
7.538359627
7.516624495
7.486306655
7.444998171
7.399581251
7.358714914
7.346606625
7.328450493
7.308778667
7.292355009
7.295841685
7.257729033
7.215505404
7.17738958
7.179424781
7.199542435
7.236552581
7.25806473
7.27041257
7.274529247
7.276772942
7.301486572
7.331858256
7.375627462
7.418408426
7.43770862
7.468919409
7.512159374
7.560020215
7.615411451
7.640968719
7.643055295
7.645229385
7.64699532
7.637643734
7.637858663
7.626008032
7.586848559
7.540242459
7.528740423
7.533895125
7.544150732
7.560432307
7.590663078
7.590751172
7.571893886
7.557300947
7.522841338
7.469836282
7.422426539
7.39151038
7.367389566
7.362738252
7.346072594
7.313921079
7.26706173
7.185567106
7.088086493
7.013715316
6.962898454
6.90586012
6.855414125
6.83498011
6.839133137
6.845229329
6.831018889
6.816700942
6.796168793
6.778229124
6.774177914
6.764451393
6.738775483
6.724997087
6.705538225
6.671207803
6.622543917
6.574970532
6.503770027
6.432681171
6.349839252
6.210682102
6.047722136
5.940082872
5.834863325
5.735918412
5.683605933
5.646857016
5.629081255
5.619896908
5.61530493
5.61530493
5.610116661
5.591284277
5.558081403
5.509771203
5.452879342
5.409756736
5.358861535
5.30187486
5.276952913
5.250938331
5.20409112
5.103807968
4.967059547
4.812854143
4.679351056
4.579800625
4.511617992
4.474233962
4.468984262
4.473086874
4.473086874
4.473086874
4.467836776
4.457335581
4.456187208
4.440431726
4.398402471
4.375070881
4.346467812
4.288592581
4.240702348
4.199369697
4.113067257
3.99995322
3.906542781
3.841299888
3.760450576
3.668790968
3.603446534
3.571596893
3.552018788
3.525457245
3.520143938
3.514830298
3.509516325
3.498887381
3.472309195
3.42444749
3.371400155
3.320254343
3.263058974
3.194464263
3.10588742
2.994091493
2.860099541
2.694546425
2.521553534
2.338092113
2.166842792
1.991122752
1.830475912
1.649537181
1.493731881
1.385904991
1.300565534
1.240826637
1.198076693
1.1613531
1.135514622
1.115120464
1.089274641
1.04302214
1.000201445
0.940184346
0.846144873
0.737064826
0.626470827
0.511746318
0.394352337
0.290439881
0.205711062
0.130449033
0.0352374
-0.099457795
-0.229443374
-0.376163891
-0.569207667
-0.761022098
-0.937348895
-1.121828735
-1.307576232
-1.432580013
-1.489041176
-1.480158288
-1.482889146
-1.502934128
-1.536425853
-1.564116637
-1.618374855
-1.706967028
-1.800449608
-1.901239189
-2.058234288
-2.243594088
-2.443520856
-2.649386051
-2.812678514
-2.928699545
-2.983298852
-2.988962516
-2.979340919
-2.939880436
-2.887886708
-2.823282607
-2.750018542
-2.644508248
-2.516657806
-2.394495482
-2.299857342
-2.285331382
-2.317086963
-2.291075808
-2.17914269
-2.038043088
-1.87701084
-1.758254666
-1.702117479
-1.710892461
-1.72877517
-1.683053618
-1.60506176
-1.483309124
-1.321545321
-1.167115573
-1.01465779
-0.923747511
-0.890053413
-0.892717222
-0.898044043
-0.884132546
-0.814503613
-0.727235755
-0.656458208
-0.615620349
-0.613135587
-0.59124805
-0.549178173
-0.474173309
-0.383032069
-0.256486424
-0.123064487
0.006500513
0.111887035
0.204997123
0.275540215
0.33107326
0.357650357
0.377319623
0.435078304
0.566118202
0.785624705
1.060062572
1.28453001
1.327312821
1.165688407
0.898310232
