-3.882878
-3.960309
-4.037740
-4.115167
-4.192589
-4.270004
-4.347411
-4.424809
-4.502195
-4.579568
-4.656926
-4.734268
-4.811591
-4.888895
-4.966178
-5.043438
-5.120673
-5.197883
-5.275064
-5.352216
-5.429336
-5.506424
-5.583478
-5.660496
-5.737476
-5.814417
-5.891317
-5.968174
-6.044988
-6.121755
-6.198475
-6.275147
-6.351767
-6.428336
-6.504850
-6.581309
-6.657711
-6.734054
-6.810337
-6.886558
-6.962715
-7.038808
-7.114833
-7.190790
-7.266677
-7.342493
-7.418235
-7.493902
-7.569493
-7.645006
-7.720440
-7.795792
-7.871061
-7.946246
-8.021345
-8.096357
-8.171279
-8.246111
-8.320850
-8.395495
-8.470045
-8.544498
-8.618852
-8.693106
-8.767258
-8.841307
-8.915251
-8.989088
-9.062817
-9.136437
-9.209946
-9.283341
-9.356623
-9.429789
-9.502837
-9.575767
-9.648576
-9.721263
-9.793826
-9.866264
-9.938576
-10.010760
-10.082814
-10.154736
-10.226527
-10.298182
-10.369702
-10.441085
-10.512329
-10.583433
-10.654395
-10.725214
-10.795888
-10.866415
-10.936795
-11.007026
-11.077106
-11.147033
-11.216807
-11.286426
-11.355888
-11.425192
-11.494336
-11.563320
-11.632140
-11.700797
-11.769288
-11.837613
-11.905769
-11.973756
-12.041571
-12.109213
-12.176682
-12.243975
-12.311091
-12.378029
-12.444787
-12.511364
-12.577758
-12.643968
-12.709993
-12.775831
-12.841481
-12.906941
-12.972211
-13.037288
-13.102171
-13.166859
-13.231351
-13.295645
-13.359740
-13.423634
-13.487327
-13.550816
-13.614101
-13.677179
-13.740051
-13.802714
-13.865167
-13.927409
-13.989438
-14.051253
-14.112853
-14.174237
-14.235403
-14.296350
-14.357077
-14.417581
-14.477864
-14.537921
-14.597754
-14.657359
-14.716737
-14.775885
-14.834803
-14.893490
-14.951943
-15.010162
-15.068145
-15.125892
-15.183401
-15.240671
-15.297700
-15.354488
-15.411034
-15.467335
-15.523391
-15.579201
-15.634763
-15.690077
-15.745141
-15.799953
-15.854514
-15.908821
-15.962874
-16.016672
-16.070212
-16.123495
-16.176518
-16.229282
-16.281784
-16.334024
-16.386000
-16.437712
-16.489158
-16.540338
-16.591249
-16.641892
-16.692265
-16.742367
-16.792196
-16.841753
-16.891035
-16.940042
-16.988772
-17.037226
-17.085401
-17.133296
-17.180912
-17.228245
-17.275297
-17.322065
-17.368549
-17.414747
-17.460659
-17.506284
-17.551620
-17.596667
-17.641424
-17.685890
-17.730064
-17.773945
-17.817532
-17.860824
-17.903820
-17.946520
-17.988922
-18.031025
-18.072829
-18.114333
-18.155536
-18.196437
-18.237035
-18.277329
-18.317318
-18.357002
-18.396380
-18.435451
-18.474214
-18.512668
-18.550812
-18.588646
-18.626169
-18.663380
-18.700279
-18.736863
-18.773134
-18.809089
-18.844728
-18.880051
-18.915057
-18.949744
-18.984113
-19.018162
-19.051891
-19.085299
-19.118385
-19.151148
-19.183589
-19.215706
-19.247499
-19.278966
-19.310108
-19.340923
-19.371411
-19.401571
-19.431403
-19.460906
-19.490079
-19.518922
-19.547435
-19.575615
-19.603464
-19.630980
-19.658163
-19.685012
-19.711527
-19.737706
-19.763551
-19.789059
-19.814230
-19.839065
-19.863562
-19.887721
-19.911541
-19.935022
-19.958163
-19.980964
-20.003424
-20.025544
-20.047321
-20.068757
-20.089850
-20.110601
-20.131008
-20.151071
-20.170789
-20.190164
-20.209193
-20.227877
-20.246214
-20.264206
-20.281851
-20.299149
-20.316099
-20.332702
-20.348957
-20.364863
-20.380421
-20.395630
-20.410489
-20.424998
-20.439157
-20.452966
-20.466425
-20.479532
-20.492289
-20.504693
-20.516747
-20.528448
-20.539797
-20.550793
-20.561437
-20.571728
-20.581666
-20.591250
-20.600481
-20.609358
-20.617881
-20.626050
-20.633865
-20.641325
-20.648431
-20.655182
-20.661578
-20.667619
-20.673305
-20.678635
-20.683611
-20.688230
-20.692494
-20.696403
-20.699955
-20.703152
-20.705993
-20.708478
-20.710606
-20.712379
-20.713796
-20.714856
-20.715561
-20.715909
-20.715901
-20.715537
-20.714816
-20.713740
-20.712307
-20.710518
-20.708373
-20.705872
-20.703016
-20.699803
-20.696234
-20.692310
-20.688030
-20.683394
-20.678403
-20.673056
-20.667354
-20.661297
-20.654885
-20.648118
-20.640997
-20.633520
-20.625690
-20.617505
-20.608965
-20.600072
-20.590826
-20.581225
-20.571272
-20.560965
-20.550305
-20.539293
-20.527928
-20.516211
-20.504142
-20.491721
-20.478949
-20.465826
-20.452352
-20.438527
-20.424352
-20.409826
-20.394952
-20.379727
-20.364154
-20.348232
-20.331961
-20.315343
-20.298377
-20.281063
-20.263402
-20.245395
-20.227042
-20.208343
-20.189298
-20.169908
-20.150174
-20.130095
-20.109673
-20.088907
-20.067798
-20.046347
-20.024554
-20.002419
-19.979943
-19.957127
-19.933970
-19.910474
-19.886639
-19.862465
-19.837953
-19.813103
-19.787916
-19.762393
-19.736534
-19.710339
-19.683809
-19.656945
-19.629747
-19.602216
-19.574352
-19.546157
-19.517630
-19.488772
-19.459583
-19.430066
-19.400219
-19.370044
-19.339541
-19.308711
-19.277555
-19.246073
-19.214265
-19.182134
-19.149679
-19.116900
-19.083800
-19.050377
-19.016634
-18.982570
-18.948187
-18.913486
-18.878466
-18.843129
-18.807475
-18.771505
-18.735221
-18.698622
-18.661710
-18.624485
-18.586948
-18.549100
-18.510941
-18.472473
-18.433697
-18.394612
-18.355220
-18.315522
-18.275519
-18.235211
-18.194600
-18.153685
-18.112469
-18.070952
-18.029134
-17.987017
-17.944602
-17.901889
-17.858879
-17.815574
-17.771973
-17.728079
-17.683892
-17.639413
-17.594643
-17.549583
-17.504233
-17.458596
-17.412671
-17.366460
-17.319963
-17.273182
-17.226118
-17.178771
-17.131143
-17.083235
-17.035048
-16.986582
-16.937839
-16.888819
-16.839525
-16.789956
-16.740114
-16.690000
-16.639615
-16.588960
-16.538037
-16.486845
-16.435387
-16.383663
-16.331675
-16.279423
-16.226909
-16.174134
-16.121099
-16.067804
-16.014252
-15.960443
-15.906379
-15.852060
-15.797488
-15.742664
-15.687589
-15.632264
-15.576690
-15.520869
-15.464802
-15.408490
-15.351934
-15.295135
-15.238095
-15.180814
-15.123294
-15.065537
-15.007543
-14.949313
-14.890849
-14.832153
-14.773224
-14.714065
-14.654678
-14.595062
-14.535219
-14.475151
-14.414859
-14.354344
-14.293608
-14.232651
-14.171475
-14.110081
-14.048471
-13.986646
-13.924608
-13.862356
-13.799894
-13.737221
-13.674341
-13.611253
-13.547959
-13.484460
-13.420759
-13.356855
-13.292751
-13.228448
-13.163948
-13.099251
-13.034358
-12.969273
-12.903995
-12.838526
-12.772867
-12.707021
-12.640988
-12.574769
-12.508366
-12.441781
-12.375015
-12.308070
-12.240945
-12.173644
-12.106168
-12.038518
-11.970695
-11.902701
-11.834537
-11.766205
-11.697706
-11.629042
-11.560214
-11.491223
-11.422071
-11.352760
-11.283291
-11.213665
-11.143885
-11.073950
-11.003863
-10.933626
-10.863239
-10.792705
-10.722025
-10.651199
-10.580231
-10.509121
-10.437871
-10.366482
-10.294955
-10.223293
-10.151497
-10.079569
-10.007509
-9.935319
-9.863002
-9.790558
-9.717989
-9.645296
-9.572482
-9.499547
-9.426493
-9.353322
-9.280036
-9.206635
-9.133121
-9.059496
-8.985762
-8.911920
-8.837971
-8.763918
-8.689761
-8.615502
-8.541144
-8.466687
-8.392132
-8.317483
-8.242739
-8.167904
-8.092977
-8.017962
-7.942859
-7.867670
-7.792397
-7.717041
-7.641604
-7.566088
-7.490493
-7.414822
-7.339077
-7.263258
-7.187368
-7.111408
-7.035379
-6.959284
-6.883124
-6.806900
-6.730614
-6.654268
-6.577864
-6.501402
-6.424885
-6.348315
-6.271692
-6.195018
-6.118296
-6.041526
-5.964711
-5.887851
-5.810950
-5.734007
-5.657025
-5.580006
-5.502950
-5.425861
-5.348739
-5.271585
-5.194403
-5.117193
-5.039956
-4.962695
-4.885411
-4.808106
-4.730782
-4.653439
-4.576080
-4.498707
-4.421320
-4.343922
-4.266515
-4.189099
-4.111677
-4.034249
-3.956819
-3.879387
-3.801955
-3.724525
-3.647099
-3.569677
-3.492262
-3.414855
-3.337458
-3.260072
-3.182700
-3.105343
-3.028002
-2.950679
-2.873376
-2.796094
-2.718835
-2.641601
-2.564393
-2.487213
-2.410062
-2.332943
-2.255857
-2.178805
-2.101788
-2.024810
-1.947871
-1.870973
-1.794117
-1.717306
-1.640541
-1.563823
-1.487154
-1.410535
-1.333969
-1.257457
-1.181001
-1.104602
-1.028261
-0.951981
-0.875763
-0.799608
-0.723519
-0.647497
-0.571543
-0.495659
-0.419847
-0.344108
-0.268444
-0.192856
-0.117347
-0.041917
0.033431
0.108697
0.183878
0.258973
0.333981
0.408899
0.483726
0.558461
0.633102
0.707648
0.782096
0.856446
0.930695
1.004843
1.078887
1.152826
1.226659
1.300383
1.373998
1.447501
1.520892
1.594168
1.667329
1.740372
1.813296
1.886099
1.958781
2.031339
2.103771
2.176078
2.248255
2.320303
2.392220
2.464004
2.535654
2.607168
2.678545
2.749782
2.820880
2.891835
2.962647
3.033315
3.103836
3.174209
3.244433
3.314506
3.384427
3.454194
3.523805
3.593260
3.662557
3.731694
3.800670
3.869484
3.938133
4.006617
4.074934
4.143082
4.211061
4.278868
4.346503
4.413964
4.481249
4.548357
4.615287
4.682037
4.748605
4.814991
4.881193
4.947210
5.013039
5.078681
5.144132
5.209393
5.274461
5.339336
5.404016
5.468498
5.532784
5.596869
5.660755
5.724438
5.787918
5.851193
5.914263
5.977125
6.039778
6.102222
6.164454
6.226474
6.288279
6.349870
6.411244
6.472400
6.533337
6.594054
6.654548
6.714820
6.774868
6.834690
6.894286
6.953653
7.012791
7.071699
7.130374
7.188817
7.247025
7.304998
7.362734
7.420233
7.477492
7.534510
7.591287
7.647822
7.704112
7.760157
7.815956
7.871507
7.926809
7.981862
8.036663
8.091212
8.145508
8.199550
8.253335
8.306864
8.360135
8.413147
8.465899
8.518389
8.570617
8.622582
8.674282
8.725716
8.776883
8.827783
8.878414
8.928774
8.978863
9.028681
9.078225
9.127495
9.176489
9.225207
9.273648
9.321811
9.369694
9.417296
9.464617
9.511656
9.558411
9.604882
9.651068
9.696967
9.742578
9.787902
9.832936
9.877680
9.922133
9.966293
10.010161
10.053735
10.097013
10.139996
10.182682
10.225071
10.267161
10.308952
10.350442
10.391631
10.432518
10.473102
10.513383
10.553359
10.593029
10.632393
10.671450
10.710199
10.748639
10.786769
10.824589
10.862098
10.899295
10.936179
10.972750
11.009006
11.044947
11.080572
11.115881
11.150872
11.185545
11.219899
11.253934
11.287648
11.321042
11.354113
11.386863
11.419289
11.451391
11.483169
11.514622
11.545749
11.576549
11.607022
11.637168
11.666985
11.696473
11.725632
11.754460
11.782957
11.811123
11.838957
11.866458
11.893625
11.920459
11.946959
11.973124
11.998953
12.024446
12.049602
12.074421
12.098903
12.123046
12.146851
12.170317
12.193443
12.216229
12.238674
12.260778
12.282540
12.303960
12.325038
12.345773
12.366164
12.386212
12.405915
12.425274
12.444287
12.462956
12.481278
12.499254
12.516883
12.534165
12.551100
12.567687
12.583927
12.599817
12.615359
12.630552
12.645395
12.659889
12.674032
12.687826
12.701268
12.714360
12.727100
12.739489
12.751527
12.763212
12.774545
12.785525
12.796153
12.806428
12.816350
12.825919
12.835134
12.843995
12.852502
12.860655
12.868454
12.875898
12.882988
12.889723
12.896103
12.902128
12.907798
12.913112
12.918071
12.922675
12.926923
12.930815
12.934352
12.937533
12.940357
12.942826
12.944939
12.946696
12.948096
12.949141
12.949829
12.950161
12.950137
12.949757
12.949020
12.947928
12.946479
12.944674
12.942513
12.939996
12.937123
12.933894
12.930310
12.926369
12.922073
12.917422
12.912414
12.907052
12.901334
12.895261
12.888833
12.882050
12.874912
12.867420
12.859573
12.851372
12.842817
12.833908
12.824645
12.815029
12.805060
12.794737
12.784061
12.773033
12.761652
12.749919
12.737835
12.725398
12.712610
12.699471
12.685981
12.672140
12.657949
12.643408
12.628518
12.613278
12.597689
12.581751
12.565465
12.548831
12.531849
12.514519
12.496843
12.478820
12.460451
12.441736
12.422676
12.403271
12.383521
12.363427
12.342989
12.322208
12.301084
12.279617
12.257808
12.235658
12.213167
12.190335
12.167164
12.143652
12.119801
12.095612
12.071085
12.046220
12.021018
11.995479
11.969605
11.943395
11.916850
11.889971
11.862758
11.835212
11.807334
11.779123
11.750581
11.721708
11.692505
11.662972
11.633111
11.602921
11.572403
11.541558
11.510387
11.478891
11.447069
11.414923
11.382453
11.349660
11.316545
11.283108
11.249350
11.215272
11.180875
11.146159
11.111125
11.075773
11.040105
11.004122
10.967823
10.931210
10.894284
10.857044
10.819493
10.781631
10.743459
10.704977
10.666186
10.627088
10.587682
10.547971
10.507954
10.467632
10.427007
10.386079
10.344849
10.303318
10.261487
10.219356
10.176928
10.134201
10.091178
10.047860
10.004246
9.960339
9.916139
9.871646
9.826863
9.781790
9.736427
9.690777
9.644839
9.598615
9.552105
9.505312
9.458235
9.410875
9.363235
9.315314
9.267114
9.218636
9.169880
9.120848
9.071541
9.021960
8.972106
8.921980
8.871583
8.820916
8.769980
8.718776
8.667306
8.615570
8.563570
8.511307
8.458781
8.405994
8.352947
8.299641
8.246077
8.192257
8.138181
8.083851
8.029267
7.974432
7.919345
7.864009
7.808425
7.752592
7.696514
7.640191
7.583624
7.526814
7.469763
7.412471
7.354941
7.297173
7.239168
7.180928
7.122453
7.063746
7.004808
6.945638
6.886240
6.826614
6.766761
6.706683
6.646381
6.585856
6.525110
6.464143
6.402957
6.341554
6.279934
6.218099
6.156051
6.093790
6.031318
5.968636
5.905746
5.842649
5.779346
5.715838
5.652127
5.588215
5.524102
5.459790
5.395281
5.330575
5.265674
5.200579
5.135293
5.069815
5.004148
4.938293
4.872252
4.806025
4.739614
4.673021
4.606247
4.539293
4.472161
4.404852
4.337367
4.269709
4.201879
4.133877
4.065705
3.997366
3.928859
3.860188
3.791352
3.722354
3.653196
3.583877
3.514401
3.444768
3.374980
3.305039
3.234946
3.164701
3.094308
3.023767
2.953080
2.882249
2.811274
2.740157
2.668901
2.597505
2.525973
2.454305
2.382503
2.310568
2.238503
2.166307
2.093984
2.021534
1.948960
1.876262
1.803442
1.730502
1.657443
1.584266
1.510974
1.437568
1.364050
1.290420
1.216681
1.142834
1.068880
0.994822
0.920661
0.846398
0.772035
0.697573
0.623015
0.548361
0.473613
0.398773
0.323843
0.248824
0.173717
0.098524
0.023247
-0.052113
-0.127553
-0.203073
-0.278671
-0.354345
-0.430094
-0.505916
-0.581810
-0.657773
-0.733805
-0.809903
-0.886066
-0.962292
-1.038581
-1.114929
-1.191336
-1.267801
-1.344320
-1.420893
-1.497518
-1.574194
-1.650919
-1.727690
-1.804508
-1.881369
-1.958273
