-5.479589063
-5.290843035
-5.142027565
-5.042313895
-4.988529512
-4.992794268
-5.048377299
-5.128970504
-5.231553398
-5.35790475
-5.498560739
-5.660014792
-5.818173267
-5.966509313
-6.097610559
-6.197973019
-6.266769575
-6.32370494
-6.343950668
-6.343557623
-6.321229709
-6.299338676
-6.281008528
-6.247870724
-6.203135336
-6.133777088
-6.025845302
-5.91834936
-5.80535999
-5.697799802
-5.583115754
-5.477409829
-5.396702882
-5.37609825
-5.384587751
-5.448216048
-5.536761298
-5.630285506
-5.709531773
-5.781077445
-5.832911667
-5.873631824
-5.897935135
-5.913676111
-5.939967417
-5.959787413
-5.990417713
-6.032841926
-6.084789812
-6.139811255
-6.203214427
-6.266572296
-6.34036157
-6.412820217
-6.480968001
-6.543943447
-6.551642607
-6.514503156
-6.419994444
-6.284005128
-6.14711873
-6.023788052
-5.93455528
-5.900291217
-5.932165395
-5.991250018
-6.085212173
-6.182964699
-6.261892779
-6.328468774
-6.378501714
-6.399445175
-6.412006028
-6.426529773
-6.441051665
-6.451213054
-6.464307833
-6.476323206
-6.487076887
-6.493638617
-6.499295704
-6.51001414
-6.518747224
-6.524223935
-6.529679415
-6.551760075
-6.557365412
-6.578308272
-6.588033622
-6.621390699
-6.673979493
-6.771775512
-6.876688549
-7.008371266
-7.153867002
-7.315934172
-7.482041141
-7.641301123
-7.812250387
-7.972339311
-8.095788411
-8.216271439
-8.297730571
-8.355824194
-8.412750565
-8.489222855
-8.596443942
-8.723566942
-8.862093632
-9.022283338
-9.192709801
-9.389832772
-9.633184992
-9.900175795
-10.17456699
-10.4489511
-10.69658862
-10.94421429
-11.16887876
-11.37604373
-11.57810146
-11.75772474
-11.91325737
-12.05462985
-12.20925956
-12.35658421
-12.4849746
-12.59553499
-12.69866362
-12.80064411
-12.90376348
-13.00031871
-13.09416545
-13.20807679
-13.31924107
-13.43896844
-13.54708762
-13.63981289
-13.73488865
-13.8274414
-13.92248834
-14.02107958
-14.12562994
-14.25118075
-14.39419658
-14.59447214
-14.81430372
-15.04504945
-15.30581317
-15.59591701
-15.90262428
-16.20981366
-16.52916238
-16.84543251
-17.15170745
-17.44335634
-17.70411525
-17.8956306
-18.05535335
-18.16974544
-18.26927279
-18.32193589
-18.36607961
-18.42013294
-18.48408085
-18.54733311
-18.62827423
-18.73246746
-18.84139758
-18.94711789
-19.07737885
-19.23792133
-19.39184773
-19.53428883
-19.62974233
-19.67495473
-19.71562243
-19.74929936
-19.76329064
-19.76499162
-19.78771268
-19.82982815
-19.87247016
-19.93795611
-20.01604025
-20.12103951
-20.24056212
-20.37352209
-20.49070699
-20.57495014
-20.63796874
-20.6704843
-20.67667478
-20.67316288
-20.67592634
-20.65721527
-20.63370114
-20.58499405
-20.53247966
-20.48226125
-20.43033753
-20.37665969
-20.32561796
-20.29305499
-20.28021743
-20.29131814
-20.3283012
-20.38436355
-20.45131014
-20.54493528
-20.65014717
-20.79558421
-20.97172659
-21.15032087
-21.32677811
-21.48501786
-21.61171939
-21.70837098
-21.76744752
-21.80580399
-21.83133858
-21.86003021
-21.87913751
-21.88550298
-21.8854837
-21.84717571
-21.77381466
-21.6476329
-21.47959099
-21.26980483
-21.02476174
-20.74968429
-20.45232966
-20.13878119
-19.80277392
-19.49526608
-19.21097198
-18.933562
-18.68425716
-18.47040491
-18.28142068
-18.10956955
-17.9622113
-17.80342182
-17.64512355
-17.47728689
-17.28150798
-17.0364329
-16.73666017
-16.41039577
-16.06120658
-15.69370635
-15.32642913
-14.9437667
-14.57727803
-14.19431022
-13.83838697
-13.49513498
-13.18757979
-12.91153365
-12.67791439
-12.47412172
-12.30102496
-12.17999612
-12.09896434
-12.05790798
-12.04025193
-12.02750583
-12.00459264
-11.9570662
-11.90469958
-11.85039666
-11.77678612
-11.67373041
-11.52674022
-11.31467494
-11.00506316
-10.65129863
-10.25058411
-9.80271751
-9.350397223
-8.900881242
-8.485908487
-8.086259184
-7.750748908
-7.444867133
-7.162187953
-6.889523063
-6.640409568
-6.408327367
-6.172630672
-5.94276343
-5.71588025
-5.479480528
-5.225533874
-4.958685341
-4.666178648
-4.37416085
-4.081931643
-3.764321934
-3.421143579
-3.052226262
-2.651619534
-2.219313196
-1.757602154
-1.272789403
-0.786363072
-0.305769872
0.161096453
0.596628665
0.994042598
1.368389828
1.694893517
1.995695007
2.247207459
2.476897275
2.681678429
2.890060017
3.088369499
3.29420576
3.524675776
3.792745873
4.086414546
4.416960519
4.762588246
5.120675717
5.488557318
5.851971443
6.213301564
6.556113416
6.88937085
7.222382135
7.540757039
7.857316847
8.148401075
8.403236702
8.590354291
8.712709282
8.799286631
8.864924703
8.957253475
9.098344924
9.263043339
9.434402692
9.601425773
9.764509857
9.918921627
10.08472973
10.23618202
10.37217336
10.49111164
10.57966133
10.64629162
10.71263233
10.80577405
10.92610321
11.06898685
11.22153883
11.35213766
11.46954226
11.57369827
11.67581735
11.76882899
11.85659159
11.95840133
12.02193653
12.08465908
12.13932413
12.19681406
12.24960019
12.29235053
12.34949617
12.41125365
12.47339246
12.53032201
12.58602394
12.66025603
12.73468041
12.81358658
12.86433543
12.89645867
12.88955305
12.84349571
12.74442505
12.61558821
12.46710114
12.29948585
12.12699137
11.98878091
11.88010331
11.81505217
11.81409863
11.83297546
11.91616702
12.02961664
12.16757612
12.30570014
12.42011572
12.51158782
12.54416286
12.53761533
12.50608665
12.43624528
12.3499998
12.23946872
12.11934731
12.00404222
11.89386897
11.77940089
11.66490186
11.55168796
11.40720623
11.25291816
11.09963304
10.94670145
10.7885459
10.62683736
10.47990745
10.32816084
10.18244801
10.02264071
9.851755832
9.645728313
9.420298819
9.162805874
8.89252566
8.58833436
8.274206113
7.947874784
7.599561463
7.267249916
6.944903025
6.64715173
6.353267405
6.061458829
5.773217254
5.504278601
5.230104061
4.953802247
4.674626172
4.399058141
4.12682051
3.858537925
3.602879991
3.342547555
3.085610723
2.825377396
2.542885309
2.221465168
1.88438946
1.54296121
1.181292258
0.803943605
0.406506927
-0.008545684
-0.425999797
-0.795849929
-1.15972499
-1.505560528
-1.843166731
-2.144753116
-2.409129216
-2.634481984
-2.821062129
-2.987553311
-3.142416067
-3.284133401
-3.423996892
-3.540330331
-3.630908904
-3.690295791
-3.731552574
-3.751656143
-3.755748974
-3.764760268
-3.785104165
-3.83559051
-3.880398357
-3.932553274
-3.98730523
-4.045301618
-4.105791785
-4.194743681
-4.304560496
-4.450734339
-4.597427418
-4.75543987
-4.914558276
-5.066535508
-5.207431897
-5.346839787
-5.479757811
-5.582214175
-5.651780072
-5.688407553
-5.680494415
-5.605481726
-5.509437902
-5.39770297
-5.342921927
-5.328997915
-5.363066775
-5.448475818
-5.513919481
-5.569449906
-5.620112035
-5.662338751
-5.689693831
-5.724088579
-5.748110541
-5.788252375
-5.842766109
-5.928890315
-6.036084185
-6.152015689
-6.296789216
-6.410048584
-6.505142296
-6.572832632
-6.590676489
-6.586861967
-6.55441718
-6.509269058
-6.457787768
-6.41610438
-6.34471823
-6.264762339
-6.163589215
-6.073707723
-6.020240632
-6.002537557
-6.034864977
-6.089057942
-6.183060693
-6.323011364
-6.52678434
-6.76047476
-6.997766946
-7.218895698
-7.413698363
-7.573279709
-7.703243888
-7.80200548
-7.868841581
-7.921342389
-7.975859417
-8.04584942
-8.118734008
-8.203831911
-8.293844714
-8.399173873
-8.533256741
-8.679556604
-8.817445663
-8.938912752
-9.047953295
-9.140186835
-9.213805852
-9.294127045
-9.380935444
-9.458604286
-9.510334146
-9.546318702
-9.592397639
-9.644628884
-9.708003809
-9.783069428
-9.887743154
-10.00518497
-10.13598073
-10.2783498
-10.43635619
-10.61050038
-10.78072489
-10.95752824
-11.1544502
-11.34878371
-11.56326426
-11.79024456
-12.00611221
-12.20462046
-12.36933571
-12.49904342
-12.59761898
-12.67237889
-12.72842451
-12.77944226
-12.83786222
-12.90247693
-12.98574802
-13.08645058
-13.22100106
-13.38061275
-13.53655317
-13.70141555
-13.84629834
-13.969932
-14.07092018
-14.16300264
-14.22372359
-14.2795719
-14.31051627
-14.35630657
-14.40454698
-14.46265918
-14.52444864
-14.60718866
-14.71452067
-14.84389538
-14.99398591
-15.1425913
-15.2970323
-15.43039495
-15.5500694
-15.65122738
-15.74242333
-15.8153651
-15.84888883
-15.86148124
-15.87192719
-15.89479084
-15.9285771
-15.96666694
-16.00619912
-16.04806118
-16.09279832
-16.15131912
-16.22146948
-16.33304615
-16.44119705
-16.55154231
-16.64470304
-16.72726457
-16.78904515
-16.84795554
-16.88217271
-16.92209868
-16.96155963
-16.9907359
-17.00625849
-17.00755832
-16.98790914
-16.91727086
-16.8004301
-16.66116148
-16.50421805
-16.30759678
-16.10327274
-15.90194696
-15.71262398
-15.53523953
-15.39435454
-15.27501577
-15.17869985
-15.12633184
-15.10578188
-15.09991214
-15.10314277
-15.1228295
-15.15590889
-15.18452923
-15.19842365
-15.19737167
-15.16539259
-15.08897746
-14.97551908
-14.81098017
-14.60989298
-14.38266659
-14.14858051
-13.92523273
-13.71554754
-13.51851728
-13.32179748
-13.12179512
-12.92209318
-12.72120495
-12.49835974
-12.23378359
-11.93681597
-11.63042733
-11.32069674
-11.01267284
-10.70344915
-10.42169606
-10.17694818
-9.943787294
-9.723086678
-9.509329279
-9.291074709
-9.093142161
-8.884843825
-8.679119891
-8.461475932
-8.250585224
-8.033228839
-7.802454014
-7.585298409
-7.381736209
-7.187784679
-7.00252296
-6.829130243
-6.6485578
-6.474311623
-6.288744745
-6.094019501
-5.88223103
-5.650133997
-5.41765158
-5.18037194
-4.910626809
-4.62089224
-4.296032125
-3.944034071
-3.565381982
-3.180951577
-2.795678661
-2.418115379
-2.076281964
-1.756866959
-1.448166462
-1.181569458
-0.951668547
-0.744880721
-0.567289132
-0.409888172
-0.273868171
-0.161775313
-0.083633043
-0.017940484
0.05186768
0.144932697
0.263318082
0.398742945
0.543689268
0.725221475
0.946189023
1.203244223
1.483595342
1.767360295
2.073111838
2.362710395
2.64373045
2.906292499
3.151467471
3.366949656
3.55999662
3.75169234
3.943299419
4.133088333
4.324671514
4.518337126
4.706790797
4.889192504
5.032560049
5.159600226
5.284794182
5.39806088
5.52101578
5.660331381
5.806082931
5.952925746
6.104141045
6.272408268
6.445763015
6.608178285
6.751834508
6.878675861
6.986688231
7.060207659
7.103543177
7.142477474
7.206294263
7.304419046
7.427121095
7.540593174
7.667050007
7.790103228
7.913351305
8.009552394
8.092079705
8.155085913
8.20388149
8.228560902
8.223267668
8.187068354
8.127478154
8.068289624
7.981663585
7.874357974
7.76655531
7.649283531
7.531974196
7.387100804
7.196687792
6.953771188
6.674476381
6.357125762
6.034844188
5.715410344
5.408617735
5.117783342
4.820859435
4.543842307
4.267505151
4.000629727
3.747025027
3.50977383
3.31386101
3.118921645
2.922994266
2.728693003
2.545462677
2.364230319
2.186311977
2.033597323
1.889321446
1.762678181
1.62025323
1.477613886
1.334173165
1.212739664
1.087630621
0.964405389
0.813085506
0.623503616
0.386899766
0.091639128
-0.232447617
-0.591040133
-0.969464513
-1.323049061
-1.629482612
-1.905461954
-2.150019292
-2.325620099
-2.48197931
-2.655547833
-2.843765283
-3.012909528
-3.190764387
-3.375428924
-3.59063637
-3.779695013
-3.975181182
-4.165635581
-4.329067509
-4.493548523
-4.642952309
-4.739724014
-4.78796774
-4.799885667
-4.775001089
-4.739690396
-4.711569461
-4.669019257
-4.592681327
-4.494005193
-4.363849074
-4.247160702
-4.174856768
-4.162594293
-4.213868125
-4.317437072
-4.503705141
-4.71858746
-4.962958796
-5.201308345
-5.440518444
-5.657417644
-5.815525658
-5.92855285
-6.034994957
-6.056177195
-6.063634412
-6.080525231
-6.113648575
-6.161980058
-6.181720221
-6.165063619
-6.137109353
-6.10282158
-6.092073187
-6.096488535
-6.107706739
-6.114947144
-6.100677203
-6.077644156
-6.041970121
-5.97037327
-5.897437028
-5.813956995
-5.744692056
-5.681376272
-5.625404751
-5.591166988
-5.589159333
-5.626888092
-5.697903587
-5.835887774
-6.025986445
-6.23829255
-6.466313515
-6.708776093
-6.945547187
-7.175711955
-7.384903037
-7.555104138
-7.688858317
-7.786504654
-7.862515588
-7.922108327
-7.990704516
-8.047148088
-8.097419105
-8.13027557
-8.149700167
-8.186381302
-8.238153972
-8.27784396
-8.315618192
-8.375400594
-8.433191479
-8.494032234
-8.555846747
-8.617593206
-8.681746594
-8.72176105
-8.766029994
-8.805212677
-8.857691872
-8.934267533
-9.017929883
-9.127775827
-9.25084784
-9.387160556
-9.512117172
-9.650303668
-9.79522501
-9.950807465
-10.10669308
-10.23536966
-10.35217392
-10.44985091
-10.52310393
-10.57174874
-10.60224208
-10.63132749
-10.66643669
-10.70648737
-10.74588911
-10.78312456
-10.82035007
-10.85135653
-10.87740623
-10.88481121
-10.91323168
-10.95794801
-11.00347418
-11.07184819
-11.14375927
-11.22177104
-11.29928566
-11.38148249
-11.45273894
-11.49945318
-11.52940993
-11.54466028
-11.52200783
-11.47820551
-11.42235144
-11.3632633
-11.29535738
-11.20862924
-11.1214269
-11.03897997
-10.98340793
-10.94787583
-10.94878036
-10.96088989
-10.96029634
-10.93166521
-10.87463692
-10.78349323
-10.66036629
-10.52086168
-10.38963023
-10.26362362
-10.15950747
-10.08899255
-10.0517125
-10.02004059
-9.980422926
-9.948186761
-9.914370948
-9.875445556
-9.815369335
-9.738034879
-9.686032011
-9.669273616
-9.685145705
-9.737812825
-9.783757673
-9.814288169
-9.832373466
-9.844863243
-9.841839496
-9.834457754
-9.806316653
-9.789013089
-9.757871396
-9.652010862
-9.475104714
-9.23682908
-8.991699296
-8.782980206
-8.636812249
-8.565218238
-8.578405837
-8.700232615
-8.87179865
-9.037237941
-9.188660526
-9.262167974
-9.255143006
-9.160125354
-9.013063817
-8.845175332
-8.693493311
-8.590434018
-8.515605027
-8.460928339
-8.400083407
-8.323767549
-8.189844258
-8.01995392
-7.834324787
-7.641964513
-7.452128811
-7.229724826
-6.987998661
-6.741989026
-6.498649369
-6.24302621
-6.014897561
-5.860637455
-5.764177825
-5.719244665
-5.736531691
-5.782355419
-5.839927259
-5.928953448
-6.029718296
-6.158115242
-6.294418993
-6.450540359
-6.629496603
-6.815521573
-7.020563085
-7.245521591
-7.466723349
-7.697914616
-7.960941375
-8.23500749
-8.508560089
-8.769209845
-9.022387964
-9.240694122
-9.397747826
-9.507581305
-9.582787305
-9.627846763
-9.674565914
-9.78657824
-9.950045038
-10.15026335
-10.35247509
-10.55180452
-10.76086419
-10.98084947
-11.2211632
-11.45989126
-11.70190036
-11.9459332
-12.17250817
-12.36953162
-12.53640203
-12.64312623
-12.69540334
-12.70293217
-12.69491448
-12.70377035
-12.73418741
-12.77511867
-12.83979392
-12.90777047
-12.96213798
-13.02803892
-13.05381506
-13.07921875
-13.09052619
-13.07088792
-13.02511583
-12.94934149
-12.85631277
-12.7163658
-12.53144163
-12.31946338
-12.06799273
-11.7906979
-11.51851655
-11.23258795
-10.95116473
-10.67207142
-10.42613713
-10.17659225
-9.926392679
-9.712240457
-9.556506786
-9.451789363
-9.379472387
-9.318992663
-9.241622074
-9.106045804
-8.899575929
-8.628642596
-8.318901509
-7.98622491
-7.636319238
-7.282906103
-6.929170781
-6.599052591
-6.284861354
-6.014612487
-5.76959235
-5.543815752
-5.314890891
-5.0621133
-4.783253775
-4.498804675
-4.199974085
-3.880804462
-3.553726967
-3.233018626
-2.926725654
-2.645363574
-2.376826871
-2.141487881
-1.92735553
-1.755277943
-1.585810095
-1.428384758
-1.265096213
-1.106132344
-0.929623053
-0.747174409
-0.568703007
-0.391818598
-0.208610053
-0.024742794
0.143706435
0.301682941
0.466488319
0.62819172
0.775217661
0.916744447
1.070843848
1.199977515
1.311789609
1.413177482
1.515952353
1.628455406
1.750686672
1.871522648
2.010216403
2.157189765
2.316413935
2.493147166
2.650962953
2.75989494
2.835244237
2.895306351
2.972911052
3.058999901
3.153593676
3.245800338
3.354981509
3.470924823
3.591768497
3.708388741
3.81411849
3.879665166
3.943464969
4.007319831
4.079183198
4.126702844
4.137708326
4.119441381
4.057217333
3.982211544
3.901663586
3.81737152
3.73056815
3.640074262
3.545879413
3.43697326
3.311474083
3.184019996
3.035621163
2.872400149
2.692370959
2.504581226
2.298457724
2.087036612
1.875242706
1.672829297
1.475793753
1.277120434
1.083140136
0.859963799
0.601732149
0.291391693
-0.047350965
-0.414714467
-0.79611143
-1.197460404
-1.604247202
-1.99073825
-2.30620419
-2.579174378
-2.787856532
-2.944347186
-3.028497617
-3.057715023
-3.063559512
-3.092571412
-3.165793491
-3.287322746
-3.452247162
-3.639825759
-3.86272395
-4.086692387
-4.290533447
-4.489668474
-4.659522378
-4.764166057
-4.837131927
-4.8942497
-4.921762505
-4.93805313
-5.002815395
-5.080450087
-5.132590271
-5.129797286
-5.030818323
-4.845768156
-4.566150808
-4.200548057
-3.774165595
-3.289279634
-2.783248121
-2.230460888
-1.769940215
-1.472729152
-1.413548255
-1.609692431
-2.038142891
-2.683960634
-3.444831119
-4.281187567
-5.156586407
-6.030021104
-6.81792283
-7.490607308
-7.997307381
-8.312345727
-8.415978265
-8.346732854
-8.141950788
-7.849860078
-5.967668387
