-6.097611
-6.154593
-6.211574
-6.268555
-6.325534
-6.382511
-6.439485
-6.496457
-6.553424
-6.610388
-6.667347
-6.724301
-6.781249
-6.838191
-6.895127
-6.952055
-7.008976
-7.065888
-7.122792
-7.179686
-7.236571
-7.293446
-7.350309
-7.407162
-7.464002
-7.520831
-7.577646
-7.634448
-7.691237
-7.748011
-7.804770
-7.861514
-7.918242
-7.974953
-8.031648
-8.088325
-8.144985
-8.201625
-8.258247
-8.314850
-8.371433
-8.427995
-8.484536
-8.541055
-8.597553
-8.654028
-8.710480
-8.766909
-8.823314
-8.879694
-8.936049
-8.992378
-9.048682
-9.104959
-9.161208
-9.217431
-9.273625
-9.329790
-9.385927
-9.442034
-9.498111
-9.554157
-9.610172
-9.666155
-9.722107
-9.778026
-9.833911
-9.889763
-9.945581
-10.001364
-10.057112
-10.112825
-10.168501
-10.224141
-10.279743
-10.335308
-10.390835
-10.446323
-10.501772
-10.557181
-10.612551
-10.667879
-10.723167
-10.778413
-10.833616
-10.888777
-10.943895
-10.998970
-11.054000
-11.108985
-11.163926
-11.218821
-11.273670
-11.328472
-11.383227
-11.437935
-11.492594
-11.547205
-11.601767
-11.656279
-11.710742
-11.765154
-11.819514
-11.873824
-11.928081
-11.982286
-12.036438
-12.090536
-12.144581
-12.198571
-12.252506
-12.306386
-12.360210
-12.413978
-12.467688
-12.521342
-12.574937
-12.628475
-12.681953
-12.735372
-12.788732
-12.842031
-12.895270
-12.948447
-13.001563
-13.054616
-13.107607
-13.160535
-13.213400
-13.266200
-13.318936
-13.371606
-13.424212
-13.476751
-13.529224
-13.581630
-13.633969
-13.686240
-13.738442
-13.790576
-13.842641
-13.894636
-13.946560
-13.998415
-14.050197
-14.101909
-14.153548
-14.205115
-14.256609
-14.308029
-14.359376
-14.410648
-14.461846
-14.512968
-14.564014
-14.614984
-14.665878
-14.716694
-14.767433
-14.818094
-14.868676
-14.919180
-14.969604
-15.019948
-15.070212
-15.120395
-15.170497
-15.220517
-15.270455
-15.320310
-15.370083
-15.419772
-15.469377
-15.518898
-15.568334
-15.617685
-15.666950
-15.716129
-15.765222
-15.814227
-15.863145
-15.911975
-15.960717
-16.009370
-16.057934
-16.106408
-16.154792
-16.203086
-16.251288
-16.299400
-16.347419
-16.395346
-16.443181
-16.490922
-16.538570
-16.586124
-16.633583
-16.680948
-16.728217
-16.775391
-16.822469
-16.869450
-16.916334
-16.963121
-17.009810
-17.056401
-17.102893
-17.149286
-17.195580
-17.241773
-17.287867
-17.333860
-17.379751
-17.425541
-17.471230
-17.516815
-17.562298
-17.607678
-17.652954
-17.698127
-17.743194
-17.788158
-17.833015
-17.877768
-17.922414
-17.966953
-18.011386
-18.055712
-18.099930
-18.144040
-18.188042
-18.231935
-18.275718
-18.319392
-18.362956
-18.406410
-18.449753
-18.492985
-18.536105
-18.579113
-18.622009
-18.664792
-18.707462
-18.750018
-18.792461
-18.834789
-18.877003
-18.919102
-18.961085
-19.002953
-19.044704
-19.086339
-19.127857
-19.169258
-19.210541
-19.251706
-19.292753
-19.333681
-19.374490
-19.415179
-19.455749
-19.496198
-19.536526
-19.576734
-19.616821
-19.656785
-19.696628
-19.736348
-19.775946
-19.815420
-19.854771
-19.893998
-19.933101
-19.972080
-20.010934
-20.049662
-20.088265
-20.126742
-20.165092
-20.203316
-20.241414
-20.279383
-20.317225
-20.354940
-20.392526
-20.429983
-20.467311
-20.504510
-20.541579
-20.578518
-20.615327
-20.652006
-20.688553
-20.724969
-20.761253
-20.797405
-20.833425
-20.869313
-20.905067
-20.940689
-20.976176
-21.011530
-21.046749
-21.081834
-21.116784
-21.151599
-21.186279
-21.220822
-21.255230
-21.289501
-21.323635
-21.357633
-21.391493
-21.425215
-21.458799
-21.492245
-21.525553
-21.558722
-21.591751
-21.624642
-21.657392
-21.690002
-21.722472
-21.754802
-21.786990
-21.819038
-21.850943
-21.882707
-21.914329
-21.945809
-21.977146
-22.008340
-22.039391
-22.070298
-22.101062
-22.131681
-22.162157
-22.192487
-22.222673
-22.252714
-22.282609
-22.312359
-22.341963
-22.371420
-22.400731
-22.429896
-22.458913
-22.487783
-22.516506
-22.545081
-22.573507
-22.601786
-22.629916
-22.657897
-22.685729
-22.713412
-22.740945
-22.768329
-22.795562
-22.822646
-22.849578
-22.876360
-22.902991
-22.929471
-22.955799
-22.981975
-23.008000
-23.033872
-23.059592
-23.085159
-23.110573
-23.135835
-23.160942
-23.185897
-23.210697
-23.235344
-23.259836
-23.284174
-23.308357
-23.332385
-23.356258
-23.379976
-23.403538
-23.426945
-23.450195
-23.473289
-23.496227
-23.519009
-23.541633
-23.564101
-23.586411
-23.608564
-23.630559
-23.652397
-23.674077
-23.695598
-23.716961
-23.738166
-23.759211
-23.780098
-23.800825
-23.821394
-23.841802
-23.862052
-23.882141
-23.902070
-23.921839
-23.941447
-23.960895
-23.980182
-23.999308
-24.018273
-24.037077
-24.055719
-24.074200
-24.092519
-24.110676
-24.128670
-24.146503
-24.164173
-24.181680
-24.199025
-24.216207
-24.233226
-24.250081
-24.266773
-24.283302
-24.299667
-24.315868
-24.331905
-24.347778
-24.363487
-24.379032
-24.394411
-24.409627
-24.424677
-24.439562
-24.454283
-24.468838
-24.483228
-24.497452
-24.511511
-24.525404
-24.539131
-24.552692
-24.566088
-24.579316
-24.592379
-24.605275
-24.618005
-24.630568
-24.642964
-24.655193
-24.667255
-24.679150
-24.690878
-24.702438
-24.713831
-24.725057
-24.736114
-24.747004
-24.757727
-24.768281
-24.778667
-24.788885
-24.798935
-24.808817
-24.818530
-24.828075
-24.837451
-24.846658
-24.855697
-24.864567
-24.873268
-24.881800
-24.890163
-24.898357
-24.906381
-24.914237
-24.921922
-24.929439
-24.936786
-24.943964
-24.950972
-24.957810
-24.964478
-24.970977
-24.977306
-24.983465
-24.989454
-24.995273
-25.000921
-25.006400
-25.011709
-25.016847
-25.021815
-25.026613
-25.031240
-25.035697
-25.039983
-25.044099
-25.048045
-25.051820
-25.055424
-25.058858
-25.062121
-25.065213
-25.068135
-25.070886
-25.073466
-25.075876
-25.078114
-25.080182
-25.082079
-25.083805
-25.085360
-25.086745
-25.087958
-25.089001
-25.089872
-25.090573
-25.091103
-25.091461
-25.091649
-25.091666
-25.091512
-25.091187
-25.090691
-25.090024
-25.089186
-25.088178
-25.086998
-25.085647
-25.084126
-25.082434
-25.080570
-25.078536
-25.076331
-25.073956
-25.071409
-25.068692
-25.065804
-25.062745
-25.059516
-25.056116
-25.052545
-25.048804
-25.044892
-25.040810
-25.036557
-25.032134
-25.027540
-25.022776
-25.017842
-25.012737
-25.007462
-25.002017
-24.996402
-24.990617
-24.984661
-24.978536
-24.972241
-24.965776
-24.959141
-24.952336
-24.945362
-24.938218
-24.930904
-24.923421
-24.915768
-24.907946
-24.899955
-24.891795
-24.883465
-24.874967
-24.866299
-24.857463
-24.848457
-24.839283
-24.829940
-24.820429
-24.810749
-24.800901
-24.790884
-24.780699
-24.770346
-24.759825
-24.749136
-24.738279
-24.727254
-24.716062
-24.704702
-24.693175
-24.681480
-24.669618
-24.657589
-24.645393
-24.633030
-24.620500
-24.607803
-24.594940
-24.581910
-24.568714
-24.555352
-24.541823
-24.528129
-24.514269
-24.500243
-24.486051
-24.471694
-24.457171
-24.442484
-24.427631
-24.412613
-24.397430
-24.382083
-24.366571
-24.350895
-24.335054
-24.319049
-24.302880
-24.286548
-24.270052
-24.253392
-24.236568
-24.219582
-24.202432
-24.185120
-24.167644
-24.150006
-24.132206
-24.114243
-24.096118
-24.077832
-24.059383
-24.040772
-24.022001
-24.003067
-23.983973
-23.964718
-23.945302
-23.925725
-23.905988
-23.886090
-23.866033
-23.845815
-23.825438
-23.804901
-23.784205
-23.763350
-23.742336
-23.721163
-23.699831
-23.678341
-23.656692
-23.634886
-23.612922
-23.590800
-23.568521
-23.546084
-23.523491
-23.500740
-23.477833
-23.454770
-23.431550
-23.408174
-23.384643
-23.360956
-23.337113
-23.313116
-23.288963
-23.264656
-23.240194
-23.215578
-23.190808
-23.165884
-23.140807
-23.115576
-23.090192
-23.064655
-23.038965
-23.013123
-22.987128
-22.960982
-22.934684
-22.908234
-22.881633
-22.854881
-22.827978
-22.800925
-22.773721
-22.746367
-22.718863
-22.691210
-22.663407
-22.635455
-22.607355
-22.579106
-22.550708
-22.522162
-22.493469
-22.464628
-22.435640
-22.406504
-22.377222
-22.347794
-22.318219
-22.288498
-22.258631
-22.228619
-22.198462
-22.168160
-22.137713
-22.107122
-22.076387
-22.045508
-22.014485
-21.983320
-21.952011
-21.920559
-21.888966
-21.857230
-21.825352
-21.793332
-21.761172
-21.728870
-21.696428
-21.663845
-21.631122
-21.598260
-21.565258
-21.532117
-21.498836
-21.465418
-21.431860
-21.398165
-21.364333
-21.330362
-21.296255
-21.262011
-21.227630
-21.193114
-21.158461
-21.123673
-21.088749
-21.053691
-21.018498
-20.983171
-20.947710
-20.912115
-20.876387
-20.840526
-20.804532
-20.768405
-20.732147
-20.695757
-20.659236
-20.622584
-20.585800
-20.548887
-20.511843
-20.474670
-20.437367
-20.399935
-20.362375
-20.324686
-20.286869
-20.248925
-20.210853
-20.172654
-20.134328
-20.095876
-20.057298
-20.018594
-19.979765
-19.940812
-19.901733
-19.862530
-19.823204
-19.783754
-19.744181
-19.704484
-19.664666
-19.624725
-19.584663
-19.544479
-19.504174
-19.463749
-19.423203
-19.382537
-19.341752
-19.300848
-19.259824
-19.218683
-19.177423
-19.136045
-19.094550
-19.052939
-19.011210
-18.969365
-18.927405
-18.885329
-18.843138
-18.800832
-18.758412
-18.715878
-18.673230
-18.630469
-18.587596
-18.544610
-18.501512
-18.458302
-18.414981
-18.371549
-18.328007
-18.284355
-18.240593
-18.196722
-18.152741
-18.108653
-18.064456
-18.020151
-17.975740
-17.931221
-17.886596
-17.841865
-17.797028
-17.752085
-17.707038
-17.661886
-17.616631
-17.571271
-17.525809
-17.480243
-17.434575
-17.388805
-17.342934
-17.296961
-17.250887
-17.204713
-17.158439
-17.112066
-17.065593
-17.019022
-16.972352
-16.925585
-16.878720
-16.831758
-16.784699
-16.737544
-16.690294
-16.642948
-16.595507
-16.547972
-16.500342
-16.452619
-16.404803
-16.356894
-16.308893
-16.260800
-16.212615
-16.164340
-16.115974
-16.067517
-16.018971
-15.970336
-15.921611
-15.872799
-15.823898
-15.774910
-15.725834
-15.676672
-15.627424
-15.578090
-15.528671
-15.479167
-15.429578
-15.379906
-15.330150
-15.280310
-15.230389
-15.180385
-15.130299
-15.080132
-15.029884
-14.979555
-14.929147
-14.878659
-14.828093
-14.777447
-14.726724
-14.675923
-14.625044
-14.574089
-14.523058
-14.471951
-14.420768
-14.369511
-14.318179
-14.266773
-14.215294
-14.163741
-14.112116
-14.060419
-14.008650
-13.956810
-13.904899
-13.852918
-13.800867
-13.748747
-13.696558
-13.644300
-13.591975
-13.539582
-13.487122
-13.434596
-13.382004
-13.329346
-13.276623
-13.223835
-13.170984
-13.118068
-13.065090
-13.012048
-12.958945
-12.905780
-12.852553
-12.799266
-12.745918
-12.692511
-12.639044
-12.585518
-12.531934
-12.478292
-12.424593
-12.370836
-12.317024
-12.263155
-12.209230
-12.155251
-12.101217
-12.047129
-11.992988
-11.938794
-11.884547
-11.830247
-11.775897
-11.721495
-11.667043
-11.612540
-11.557988
-11.503387
-11.448737
-11.394038
-11.339293
-11.284500
-11.229660
-11.174774
-11.119843
-11.064866
-11.009844
-10.954779
-10.899669
-10.844517
-10.789321
-10.734084
-10.678805
-10.623484
-10.568123
-10.512721
-10.457280
-10.401800
-10.346281
-10.290723
-10.235128
-10.179496
-10.123827
-10.068121
-10.012380
-9.956604
-9.900793
-9.844947
-9.789068
-9.733156
-9.677211
-9.621234
-9.565225
-9.509185
-9.453114
-9.397013
-9.340883
-9.284723
-9.228534
-9.172317
-9.116073
-9.059801
-9.003503
-8.947179
-8.890829
-8.834454
-8.778054
-8.721630
-8.665182
-8.608712
-8.552218
-8.495703
-8.439166
-8.382608
-8.326029
-8.269431
-8.212813
-8.156175
-8.099520
-8.042846
-7.986155
-7.929446
-7.872722
-7.815981
-7.759225
-7.702454
-7.645668
-7.588869
-7.532056
-7.475230
-7.418392
-7.361541
-7.304680
-7.247807
-7.190925
-7.134032
-7.077130
-7.020220
-6.963301
-6.906374
-6.849440
-6.792499
-6.735552
-6.678599
-6.621641
-6.564678
-6.507711
-6.450740
-6.393766
-6.336790
-6.279811
-6.222831
-6.165850
-6.108867
-6.051885
-5.994904
-5.937923
-5.880943
-5.823966
-5.766991
-5.710019
-5.653050
-5.596086
-5.539126
-5.482171
-5.425221
-5.368278
-5.311341
-5.254412
-5.197489
-5.140575
-5.083670
-5.026774
-4.969887
-4.913010
-4.856145
-4.799290
-4.742447
-4.685616
-4.628798
-4.571993
-4.515202
-4.458425
-4.401663
-4.344916
-4.288185
-4.231470
-4.174772
-4.118091
-4.061428
-4.004784
-3.948158
-3.891552
-3.834965
-3.778399
-3.721853
-3.665330
-3.608827
-3.552348
-3.495891
-3.439458
-3.383048
-3.326663
-3.270303
-3.213969
-3.157660
-3.101378
-3.045123
-2.988895
-2.932695
-2.876524
-2.820382
-2.764269
-2.708186
-2.652134
-2.596113
-2.540123
-2.484165
-2.428240
-2.372348
-2.316489
-2.260664
-2.204874
-2.149119
-2.093400
-2.037716
-1.982069
-1.926459
-1.870887
-1.815352
-1.759857
-1.704400
-1.648983
-1.593605
-1.538269
-1.482973
-1.427719
-1.372507
-1.317338
-1.262211
-1.207128
-1.152089
-1.097095
-1.042145
-0.987241
-0.932383
-0.877572
-0.822807
-0.768090
-0.713421
-0.658801
-0.604229
-0.549707
-0.495234
-0.440813
-0.386442
-0.332122
-0.277854
-0.223639
-0.169477
-0.115368
-0.061312
-0.007312
0.046635
0.100525
0.154360
0.208139
0.261861
0.315526
0.369133
0.422682
0.476172
0.529603
0.582974
0.636285
0.689536
0.742725
0.795853
0.848919
0.901923
0.954863
1.007740
1.060553
1.113302
1.165985
1.218604
1.271156
1.323642
1.376061
1.428414
1.480698
1.532914
1.585061
1.637140
1.689149
1.741087
1.792955
1.844752
1.896478
1.948131
1.999713
2.051221
2.102656
2.154017
2.205304
2.256516
2.307653
2.358715
2.409700
2.460609
2.511440
2.562195
2.612871
2.663469
2.713988
2.764427
2.814787
2.865067
2.915266
2.965384
3.015421
3.065375
3.115247
3.165036
3.214741
3.264363
3.313901
3.363354
3.412721
3.462004
3.511200
3.560309
3.609332
3.658267
3.707115
3.755874
3.804545
3.853126
3.901618
3.950020
3.998331
4.046552
4.094681
4.142719
4.190664
4.238517
4.286277
4.333943
4.381516
4.428994
4.476377
4.523666
4.570858
4.617955
