-4.371121754
-4.242790445
-4.087211141
-3.961045615
-3.804417375
-3.670041245
-3.576370286
-3.507468906
-3.500850539
-3.542774994
-3.640280826
-3.725989758
-3.784261793
-3.835599715
-3.895172909
-4.012197123
-4.086500523
-4.160492541
-4.220235937
-4.275439468
-4.284314651
-4.304040972
-4.344724212
-4.411924715
-4.490486182
-4.568918411
-4.646553276
-4.686626569
-4.764712433
-4.85875571
-4.928461191
-4.959715121
-5.050574696
-5.193407588
-5.392835311
-5.670153216
-5.991179505
-6.315331093
-6.580074444
-6.781432604
-6.876289074
-6.952505083
-7.02765109
-7.091857036
-7.228009392
-7.430163061
-7.607377711
-7.818740124
-8.058643429
-8.231933699
-8.352741009
-8.413365046
-8.40097937
-8.353802901
-8.223309581
-8.091432951
-8.004137873
-7.980456306
-8.034127953
-8.14137936
-8.223647539
-8.277563297
-8.373174867
-8.500441158
-8.62817852
-8.737989317
-8.812131916
-8.831563658
-8.843712586
-8.860329084
-8.918657466
-9.034258367
-9.190254113
-9.339853572
-9.46584786
-9.557278855
-9.654253269
-9.74991915
-9.859758246
-9.972219644
-10.06653037
-10.12490759
-10.15743001
-10.18920493
-10.3367338
-10.50775432
-10.60704082
-10.67339957
-10.73783854
-10.77567373
-10.80962181
-10.86227535
-10.92604066
-11.01037332
-11.06797267
-11.10855078
-11.15038064
-11.20391478
-11.21753521
-11.25943005
-11.36044179
-11.42791629
-11.46696478
-11.53599935
-11.62453005
-11.71699538
-11.84519175
-11.97440473
-12.08434958
-12.20532951
-12.30942132
-12.37894708
-12.43719167
-12.4828201
-12.54124468
-12.6432865
-12.77455003
-12.88890966
-12.94287531
-12.95447574
-12.94426882
-12.9302561
-12.96239616
-13.05736975
-13.13699527
-13.19984561
-13.26654293
-13.35244872
-13.44731401
-13.53579421
-13.62165456
-13.68073057
-13.73465023
-13.76273576
-13.7794017
-13.82806511
-13.929331
-14.01906195
-14.11768999
-14.2329546
-14.30465868
-14.35988907
-14.41865717
-14.46077126
-14.49777125
-14.59113373
-14.68817663
-14.79803719
-14.91047668
-15.07645486
-15.18970201
-15.26222582
-15.31684579
-15.35723865
-15.41149931
-15.49837738
-15.54333656
-15.58456346
-15.69831585
-15.85615523
-16.00597444
-16.10893221
-16.18643708
-16.1637884
-16.06880828
-15.97128865
-15.89672675
-15.89393204
-15.91589388
-15.91334939
-15.90216412
-15.89098162
-15.87249431
-15.88710788
-15.89868065
-15.85290498
-15.78351314
-15.74027068
-15.75951021
-15.81017782
-15.92057329
-16.03474855
-16.10257354
-16.08003084
-16.02529411
-15.96214159
-15.9120083
-15.89915368
-15.9005022
-15.91966796
-15.91346805
-15.82902636
-15.76019312
-15.71525692
-15.68199147
-15.68401929
-15.64108341
-15.55842619
-15.46695228
-15.32964593
-15.21166955
-15.15451326
-15.14857767
-15.178908
-15.24585474
-15.30859739
-15.31336855
-15.33107986
-15.37431362
-15.37264732
-15.30094801
-15.2122397
-15.0808038
-14.92300501
-14.79566342
-14.70812426
-14.65500144
-14.61045705
-14.56684099
-14.50845532
-14.4248161
-14.27519495
-14.08682652
-13.94101053
-13.78362012
-13.60976617
-13.50669098
-13.4865602
-13.5031804
-13.54661721
-13.58751642
-13.63183312
-13.67707282
-13.6976295
-13.64572264
-13.59185727
-13.51415883
-13.38387392
-13.2186299
-13.09573135
-13.0394655
-13.00540578
-13.01007902
-13.05780297
-13.07705638
-13.03828619
-12.9796913
-12.87805659
-12.75767151
-12.61375898
-12.45808691
-12.23214059
-11.97211812
-11.67701075
-11.3759199
-11.09883964
-10.90940105
-10.80701776
-10.77000777
-10.75639502
-10.74342177
-10.7620149
-10.73310578
-10.65159913
-10.50760261
-10.34053275
-10.13189994
-9.910033453
-9.744898555
-9.628829019
-9.549478618
-9.487522775
-9.417180816
-9.311314412
-9.171400188
-8.99522308
-8.815908563
-8.627465324
-8.429943681
-8.24153949
-8.078548762
-7.918292159
-7.827484367
-7.777548085
-7.760161932
-7.758279074
-7.714573702
-7.607541884
-7.457429794
-7.267465954
-7.071116606
-6.877540862
-6.69388273
-6.49668869
-6.332880213
-6.182545893
-6.021467233
-5.865160457
-5.708563233
-5.548071892
-5.414110411
-5.307978723
-5.194304887
-5.094411857
-4.9925227
-4.872594585
-4.742608107
-4.579352235
-4.370208563
-4.114122985
-3.817775454
-3.566773633
-3.351105503
-3.165069153
-3.016535686
-2.922151108
-2.881147212
-2.86833946
-2.842709423
-2.79105555
-2.712590113
-2.618445364
-2.467811415
-2.285914667
-2.084914585
-1.867744385
-1.600052309
-1.316637917
-1.016027463
-0.749778728
-0.571789915
-0.454314357
-0.346163604
-0.26057708
-0.18771735
-0.118648394
-0.045091119
0.025791399
0.127302721
0.237253374
0.347926965
0.445483872
0.533357055
0.600534135
0.685866545
0.781393388
0.935127805
1.105446727
1.262076701
1.393304999
1.487767189
1.517064271
1.565125088
1.603172343
1.656092886
1.731213692
1.844036656
1.955522024
2.045014714
2.129624332
2.199079486
2.26631313
2.356042182
2.462057673
2.591077412
2.751704297
2.94347789
3.120243623
3.246987031
3.344439186
3.415392183
3.494976153
3.637923842
3.81889753
4.050361554
4.308766134
4.49880807
4.628156734
4.74960645
4.874069227
5.003839027
5.189118675
5.365514054
5.572313741
5.77240467
5.887137021
5.95429726
5.990089593
6.035126801
6.113167915
6.240333623
6.400107024
6.594577472
6.793484242
6.909496244
6.962921166
6.989703412
7.037042049
7.125219219
7.293648298
7.419127684
7.48033689
7.514946546
7.547522244
7.567683278
7.617030066
7.667382475
7.735508982
7.823936005
7.928711483
8.020118267
8.124915907
8.229267239
8.313383536
8.362877594
8.386674187
8.387628445
8.38410559
8.382017802
8.423519067
8.447306854
8.498251516
8.56216403
8.6260949
8.685089504
8.741018933
8.766770738
8.718723971
8.662679853
8.621991588
8.570029978
8.517639535
8.489068788
8.484789688
8.495399155
8.520445691
8.521790723
8.536596421
8.541945441
8.576435844
8.591507502
8.580787596
8.580411498
8.556758693
8.507503757
8.453871562
8.365263993
8.326071651
8.398108588
8.498965831
8.606703389
8.699177245
8.759848092
8.765131255
8.749051219
8.739257751
8.724979976
8.710321199
8.698837435
8.655761344
8.610085895
8.569543876
8.539445167
8.492991405
8.439464616
8.381231307
8.331719726
8.271279939
8.229242532
8.171412702
8.100246736
8.052383289
8.009253504
7.97576356
7.970315435
7.964866954
7.937619216
7.890164538
7.806121712
7.652646337
7.475515319
7.31144949
7.160081268
6.984784683
6.788687437
6.646293587
6.555980939
6.522860083
6.522860083
6.522860083
6.517338702
6.480484893
6.426025635
6.356098223
6.294022743
6.224563201
6.162841877
6.117608878
6.06621761
6.045806703
6.03721395
6.01110885
5.939771377
5.826460847
5.676805097
5.514164787
5.354290712
5.23752028
5.144048747
5.04795479
4.946153089
4.817442617
4.693190532
4.601154174
4.525369317
4.395566556
4.23423064
4.064338993
3.87536538
3.676287448
3.532660281
3.478435558
3.519551639
3.550141198
3.527490303
3.480460483
3.412974702
3.330735838
3.212293076
3.081607272
2.920890606
2.733890461
2.542638472
2.333528641
2.138649566
1.966364013
1.836941783
1.750912688
1.694910157
1.638883065
1.64088267
1.675757355
1.645413703
1.559882751
1.49229879
1.417169577
1.328931647
1.268593422
1.226260375
1.198137003
1.150291079
1.111393768
1.049592152
0.946328134
0.823009939
0.696198534
0.55417759
0.441140504
0.37808232
0.339980358
0.295136218
0.260095781
0.21919958
0.154899986
0.080634814
0.053614219
0.003835503
-0.088129457
-0.148134746
-0.193946769
-0.272534125
-0.358147047
-0.423655829
-0.468594689
-0.558513113
-0.681794357
-0.809269179
-0.956973326
-1.093050672
-1.20061719
-1.304012086
-1.397519173
-1.468790133
-1.519205081
-1.629285494
-1.741041673
-1.841594213
-1.92410978
-2.007663203
-2.11140675
-2.216265703
-2.30121119
-2.403696423
-2.484562011
-2.550014081
-2.605045928
-2.660140612
-2.739332639
-2.845128639
-2.936515874
-3.058217064
-3.187245956
-3.32383059
-3.476030618
-3.667764867
-3.870683643
-4.102419145
-4.327663138
-4.542323658
-4.679487499
-4.740841637
-4.759254468
-4.763465243
-4.763465243
-4.763465243
-4.768756779
-4.802547095
-4.872254993
-4.942059495
-4.995048573
-5.028923339
-5.048822961
-5.089356335
-5.146207229
-5.219677027
-5.315658375
-5.456012972
-5.588546127
-5.709309648
-5.883258812
-6.085206449
-6.272407175
-6.526249997
-6.788053173
-6.962847043
-7.034252661
-6.976017981
-6.751697854
-6.438106491
-6.13310444
-5.842588193
-5.627778601
-5.461827032
-5.274497008
-5.034686872
-4.707543996
-4.265943042
-3.759487391
-3.271982333
-2.800279928
-2.378929687
-2.063096672
-1.862573609
