-3.852464223
-4.047687382
-4.261382056
-4.432003972
-4.503315055
-4.536308338
-4.490515908
-4.359651096
-4.198646977
-4.060039615
-3.907367153
-3.745096848
-3.594796842
-3.456595006
-3.342228642
-3.271947434
-3.276506109
-3.305559623
-3.364135129
-3.40906733
-3.443837853
-3.473902123
-3.458966259
-3.448996716
-3.465496493
-3.486136622
-3.492769242
-3.497311358
-3.516844617
-3.552445311
-3.583789669
-3.610902796
-3.670464018
-3.750532088
-3.822238162
-3.899904697
-3.995381637
-4.089544784
-4.181722106
-4.29029189
-4.389847287
-4.453797331
-4.51648668
-4.565943606
-4.635316404
-4.740927848
-4.904255945
-5.099077087
-5.274428672
-5.410416804
-5.514570889
-5.547286408
-5.552454304
-5.586518994
-5.640173849
-5.719346036
-5.846506847
-5.963333721
-6.060679723
-6.189637564
-6.343195951
-6.464135089
-6.595604668
-6.748106007
-6.869898784
-6.943826559
-7.049131512
-7.191923021
-7.303051023
-7.422550584
-7.552275801
-7.622146154
-7.628352033
-7.640484434
-7.654854737
-7.657096391
-7.689793667
-7.811019139
-7.919869923
-8.03354451
-8.172790583
-8.29145479
-8.400111199
-8.480812466
-8.499009643
-8.54571905
-8.625534008
-8.720125328
-8.824883839
-8.948197983
-9.09120119
-9.143381648
-9.152448125
-9.186488564
-9.210371701
-9.227536848
-9.271982241
-9.352294793
-9.392847014
-9.437331838
-9.493678899
-9.561896407
-9.633380738
-9.704869173
-9.78218438
-9.83396988
-9.87872263
-9.950102478
-10.01477272
-10.08960685
-10.14677224
-10.18708272
-10.21994854
-10.2606242
-10.32823834
-10.400499
-10.50041706
-10.6205
-10.70724065
-10.79757856
-10.84018661
-10.82274529
-10.79498909
-10.81165022
-10.83099865
-10.84260233
-10.84646933
-10.84646933
-10.82761679
-10.84902665
-10.87705523
-10.8509473
-10.83257759
-10.86044301
-10.90372375
-10.94068948
-10.98107572
-11.02613214
-11.02791108
-11.03091844
-11.01004415
-11.00053229
-11.03903854
-11.08179979
-11.10313112
-11.13222234
-11.1444727
-11.14020878
-11.13151869
-11.16131483
-11.1943343
-11.21081936
-11.28040432
-11.3993319
-11.50108118
-11.56781454
-11.63182842
-11.61287839
-11.55855117
-11.4619652
-11.37299935
-11.31598883
-11.29680865
-11.3281279
-11.37038892
-11.40920049
-11.40776922
-11.36521978
-11.24529316
-11.1264776
-10.98666696
-10.89352495
-10.84031668
-10.81047035
-10.81261111
-10.83973945
-10.86526493
-10.86728073
-10.84713051
-10.79066312
-10.68901909
-10.56945834
-10.47203903
-10.35495622
-10.22683877
-10.1124154
-10.04430047
-9.998366255
-9.951847519
-9.913899359
-9.882137379
-9.825753937
-9.797833726
-9.798340902
-9.789826124
-9.769007169
-9.766790287
-9.751208331
-9.67744334
-9.622149418
-9.57217447
-9.52009237
-9.454698764
-9.383202253
-9.313839226
-9.247867243
-9.205131844
-9.1585845
-9.112031682
-9.026658569
-8.915296161
-8.817706208
-8.764235071
-8.700324878
-8.643035056
-8.584494318
-8.476338931
-8.267157677
-8.083459334
-7.912834308
-7.74258422
-7.563581983
-7.376035093
-7.190378723
-7.051379898
-6.924616495
-6.797995243
-6.689575955
-6.632252898
-6.573996913
-6.489819492
-6.379885178
-6.24994209
-6.064142991
-5.85495447
-5.663246447
-5.547124135
-5.478657956
-5.463708842
-5.468801013
-5.443157131
-5.399607835
-5.362013972
-5.306697569
-5.255499924
-5.218107272
-5.155928415
-5.059077034
-4.940417703
-4.833644754
-4.703236627
-4.579935074
-4.485266387
-4.379931606
-4.28352226
-4.202214713
-4.109018056
-4.007868909
-3.912748228
-3.823184134
-3.715065883
-3.607330651
-3.518127555
-3.442813676
-3.389311087
-3.358029789
-3.338067634
-3.302941778
-3.25163245
-3.131630152
-2.996880395
-2.864454098
-2.736912429
-2.670209801
-2.660466225
-2.644740047
-2.601183729
-2.514574368
-2.394408416
-2.247869995
-2.04233385
-1.820602456
-1.613917379
-1.411317987
-1.233457352
-1.143301362
-1.101351887
-1.053811068
-0.993124287
-0.919241706
-0.795645177
-0.684246465
-0.594970072
-0.477562056
-0.350282007
-0.257247604
-0.200063719
-0.157818697
-0.087365072
0.008158748
0.151468955
0.331701364
0.524244026
0.653752158
0.713796468
0.772959106
0.835582252
0.906060981
0.943576266
0.97782917
1.040714383
1.12755055
1.219194707
1.344093982
1.466452495
1.568665966
1.670846442
1.778076355
1.867050131
1.933566175
1.95975863
1.985106981
2.042149035
2.134431595
2.255667348
2.391886951
2.537446102
2.674620228
2.785660537
2.860610466
2.904295781
2.916837237
2.967696546
3.015851882
3.078950176
3.157647192
3.203639952
3.249614948
3.287684116
3.338619195
3.387552592
3.439180862
3.494446194
3.552694877
3.612297924
3.662645518
3.717974909
3.769007186
3.80813486
3.860212539
3.887472066
3.868962128
3.796861836
3.743617786
3.679146238
3.637206589
3.626708219
3.623141835
3.607603923
3.570897463
3.51074449
3.440721737
3.36355501
3.263206515
3.17347417
3.109889231
3.039987485
3.001157202
2.991395694
2.971054584
2.947194437
2.900760941
2.835872551
2.769565961
2.703262362
2.699921522
2.732709428
2.774713953
2.833748485
2.8701065
2.897259258
2.930165573
2.977948681
3.03716653
3.102112888
3.106200262
3.130747303
3.183048334
3.243077966
3.317640699
3.446856817
3.5709765
3.638024745
3.63753118
3.599452337
3.514874711
3.443259
3.411167321
3.367680545
3.322405088
3.266501055
3.215510269
3.150904493
3.060471453
2.963968379
2.820075836
2.624312098
2.383677247
2.122128391
1.887405369
1.723146046
1.598440078
1.535328141
1.508916373
1.464112972
1.436375879
1.423837024
1.424513299
1.429453778
1.417973356
1.365405619
1.320008154
1.294207272
1.234303383
1.166103008
1.052041945
0.946275941
0.8701379
0.785038559
0.675327309
0.528560956
0.34773011
0.146717571
-0.006507721
-0.191669069
-0.319004913
-0.315382569
-0.301084638
-0.303683379
-0.378205889
-0.416594039
-0.42617064
-0.479505768
-0.551594934
-0.621099061
-0.70888036
-0.846824632
-1.033658893
-1.258660743
-1.536392181
-1.836261951
-2.053379475
-2.235747375
-2.415667576
-2.524509371
-2.612322164
-2.722574684
-2.770245656
-2.776206048
-2.772038738
-2.772038738
-2.755365256
-2.742855689
-2.78100596
-2.823328462
-2.828324166
-2.85161506
-2.911298844
-2.979346868
-3.092899312
-3.231026319
-3.361455356
-3.535829173
-3.755198887
-3.966534774
-4.231692605
-4.591756464
-4.911815746
-5.12958291
-5.26640298
-5.297864098
-5.29604199
-5.306371551
-5.334159853
-5.347682131
-5.355138721
-5.361686831
-5.380249194
-5.379354779
-5.397642799
-5.442430898
-5.50264388
-5.577253593
-5.712056531
-5.858140827
-5.962470505
-6.063755519
-6.14374339
-6.213855056
-6.281173507
-6.36289438
-6.413611291
-6.454942203
-6.486174886
-6.503333553
-6.514326849
-6.511933126
-6.508133353
-6.494226714
-6.478386916
-6.471822907
-6.466331704
-6.45969744
-6.465667534
-6.450051496
-6.373453428
-6.34954826
-6.364709664
-6.374451042
-6.353998185
-6.357240963
-6.359402563
-6.363725162
-6.360763305
-6.340059901
-6.24964373
-6.147058237
-6.025492758
-3.397803113
