11.1440
11.1166
11.0892
11.0823
11.0849
11.1158
11.2025
11.3333
11.5031
11.6529
11.7856
11.8890
11.9276
11.9166
11.8044
11.5998
11.3197
10.9664
10.5890
10.2937
10.1159
10.0808
10.1065
10.1369
10.1369
10.1208
10.0875
10.0542
9.9958
9.8935
9.7357
9.5598
9.3606
9.1735
9.0103
8.8719
8.7726
8.6814
8.5755
8.4269
8.1880
7.9076
7.6031
7.2998
7.0254
6.7834
6.6207
6.4814
6.3534
6.1721
5.9205
5.6045
5.2645
4.9186
4.6507
4.4546
4.3374
4.2642
4.2013
4.1191
3.9895
3.8174
3.5610
3.1858
2.6858
2.1510
1.6386
1.1627
0.7225
0.3673
0.0811
-0.1517
-0.3519
-0.5363
-0.7156
-0.8990
-1.0912
-1.2923
-1.5486
-1.8384
-2.1462
-2.4601
-2.8099
-3.1865
-3.5955
-3.9967
-4.3886
-4.7555
-5.1157
-5.4320
-5.7237
-6.0398
-6.4021
-6.8103
-7.2994
-7.8579
-8.4970
-9.1323
-9.7396
-10.2929
-10.7576
-11.1282
-11.3732
-11.5156
-11.5493
-11.5563
-11.5796
-11.6491
-11.7852
-11.9910
-12.2486
-12.5164
-12.8229
-13.1128
-13.4222
-13.7507
-14.0381
-14.3187
-14.5502
-14.7355
-14.9145
-15.0578
-15.2254
-15.4267
-15.6628
-15.9147
-16.2158
-16.5011
-16.8037
-17.0840
-17.3545
-17.6245
-17.8893
-18.1450
-18.4018
-18.6476
-18.8759
-19.0609
-19.2209
-19.3725
-19.5208
-19.6723
-19.8220
-19.9745
-20.1219
-20.2760
-20.4161
-20.5526
-20.6683
-20.7736
-20.8598
-20.9605
-21.0635
-21.1349
-21.1871
-21.2026
-21.2298
-21.2720
-21.3229
-21.3802
-21.4264
-21.4460
-21.4511
-21.4658
-21.4957
-21.5229
-21.5683
-21.6015
-21.5987
-21.5567
-21.4753
-21.3452
-21.1786
-20.9783
-20.7599
-20.5621
-20.3789
-20.2020
-20.0636
-19.9378
-19.8449
-19.7433
-19.6154
-19.4640
-19.2679
-19.0627
-18.8344
-18.5757
-18.3076
-18.0336
-17.7502
-17.4368
-17.1293
-16.8159
-16.4962
-16.1414
-15.7493
-15.3576
-14.9801
-14.6361
-14.3238
-14.0584
-13.8450
-13.6873
-13.5595
-13.4738
-13.4068
-13.3641
-13.3480
-13.2842
-13.1688
-12.9620
-12.7016
-12.3865
-12.0246
-11.6249
-11.2048
-10.7876
-10.4013
-10.0565
-9.7772
-9.5606
-9.4046
-9.2998
-9.1969
-9.0678
-8.8932
-8.6526
-8.3773
-8.0569
-7.6704
-7.2738
-6.8460
-6.4550
-6.1215
-5.8524
-5.6546
-5.5073
-5.3671
-5.2442
-5.1163
-4.9779
-4.7826
-4.5648
-4.3090
-4.0294
-3.7325
-3.4651
-3.2294
-3.0389
-2.8944
-2.8079
-2.7213
-2.6190
-2.4823
-2.2991
-2.0480
-1.7248
-1.3468
-0.9354
-0.4668
0.0501
0.5858
1.0630
1.4917
1.8297
2.1000
2.2814
2.3555
2.3894
2.4111
2.4610
2.5352
2.6542
2.8199
3.0198
3.2849
3.5931
3.9850
4.4413
4.9233
5.3957
5.8446
6.2565
6.6255
6.9355
7.1884
7.3890
7.5324
7.6254
7.6826
7.7438
7.8266
7.9216
8.0133
8.1032
8.1967
8.2899
8.3985
8.5388
8.6854
8.8399
9.0139
9.2036
9.3945
9.5871
9.8075
10.0429
10.2683
10.4488
10.6050
10.7453
10.8631
10.9919
11.1208
11.2652
11.4250
11.5728
11.6969
11.8168
11.9181
12.0008
12.0912
12.1530
12.1939
12.2036
12.1928
12.1833
12.1665
12.1369
12.0945
12.0227
11.9161
11.7948
11.6647
11.5506
11.4613
11.4048
11.3923
11.4240
11.4873
11.5109
11.5123
11.4766
11.4855
11.5539
11.6626
11.7924
11.8707
11.9116
11.9549
12.0232
12.0835
12.1207
12.1151
12.0602
11.9627
11.7902
11.5578
11.2651
