-5.529382668
-5.559386297
-5.594830994
-5.613253737
-5.594981006
-5.537394423
-5.449273691
-5.333612099
-5.215644991
-5.112347852
-5.037807678
-5.013916768
-5.014685712
-5.034177986
-5.085261371
-5.142433433
-5.192402972
-5.257460113
-5.318996053
-5.373891608
-5.435249938
-5.48306058
-5.484455989
-5.466750275
-5.432453762
-5.375714468
-5.282846915
-5.168957799
-5.026774423
-4.874498889
-4.746930255
-4.633013469
-4.583340602
-4.561261606
-4.603839494
-4.689273917
-4.791398298
-4.904911308
-5.012654822
-5.111319852
-5.189360489
-5.259729751
-5.315839981
-5.370383229
-5.385235645
-5.373548995
-5.344958643
-5.287026841
-5.199486229
-5.114404083
-5.042077182
-4.972835656
-4.924790081
-4.914781891
-4.943269702
-4.969010398
-4.983833318
-5.015434284
-5.055600155
-5.093880237
-5.163475594
-5.263596108
-5.385672682
-5.487723325
-5.5801991
-5.670659479
-5.746343544
-5.805246477
-5.830594682
-5.856993577
-5.910848611
-6.003340403
-6.120968459
-6.277401131
-6.456937857
-6.653226515
-6.807557739
-6.929454755
-7.020996864
-7.118835914
-7.217633096
-7.3131772
-7.415904757
-7.536365542
-7.647418097
-7.75525864
-7.842240837
-7.915582277
-7.999403584
-8.090634153
-8.179584409
-8.289679749
-8.396368571
-8.523111716
-8.64647836
-8.778448611
-8.915651991
-9.033856556
-9.144604253
-9.234504783
-9.318009744
-9.400304276
-9.473279744
-9.560092649
-9.665343149
-9.748587429
-9.835823916
-9.940934348
-10.02523704
-10.11351307
-10.21376277
-10.2979042
-10.37325538
-10.46731289
-10.56242284
-10.63912921
-10.69507323
-10.78745716
-10.89201133
-10.992065
-11.06014015
-11.15146091
-11.27674381
-11.39526855
-11.45368052
-11.48008264
-11.50897472
-11.52746258
-11.52416137
-11.50272411
-11.48935019
-11.50280815
-11.54163781
-11.58445378
-11.59308806
-11.60951371
-11.61577409
-11.59651113
-11.54548024
-11.48926868
-11.41630553
-11.34845019
-11.266604
-11.1901832
-11.12299321
-11.07941164
-11.05070316
-11.01415311
-10.98764826
-10.97380145
-10.96869909
-10.9611292
-10.96036039
-10.95876113
-10.9573033
-10.94835934
-10.89555455
-10.79864617
-10.66277299
-10.47361234
-10.25024692
-10.00007171
-9.735675695
-9.463277619
-9.204920581
-8.991711348
-8.809912946
-8.636558573
-8.487227171
-8.376345858
-8.325243151
-8.276588306
-8.257961787
-8.257961787
-8.257961787
-8.239338191
-8.21451128
-8.191923312
-8.156928817
-8.101587813
-8.056429906
-8.00729997
-7.953740731
-7.886041004
-7.818356146
-7.764850199
-7.727723801
-7.686620131
-7.62517805
-7.568745306
-7.495793094
-7.418680913
-7.329055615
-7.222072681
-7.096406427
-6.946030181
-6.792841137
-6.620578931
-6.448703663
-6.244520262
-6.036718237
-5.814946017
-5.566980949
-5.323452343
-5.076227167
-4.814220804
-4.552893305
-4.346095554
-4.158853533
-3.955791583
-3.771121147
-3.576463464
-3.385689793
-3.178736813
-2.962983728
-2.772638901
-2.626892642
-2.521742944
-2.47465032
-2.418374868
-2.361384089
-2.287441445
-2.184585525
-2.058815191
-1.899199572
-1.723425491
-1.54668002
-1.385892466
-1.218342142
-1.063538855
-0.913831924
-0.774465564
-0.661335886
-0.552435531
-0.412179347
-0.288756435
-0.173863112
-0.040937283
0.12423909
0.29180689
0.437645157
0.604810969
0.758577787
0.902037363
1.03085815
1.163118725
1.290875172
1.410480756
1.529323022
1.618925996
1.713585741
1.819069251
1.902619319
1.975148984
2.057769851
2.160707638
2.297851491
2.426941878
2.569276276
2.71317696
2.84492511
2.986402142
3.133116858
3.277510829
3.42954632
3.598416889
3.735307194
3.872958945
4.010676128
4.148457342
4.270912
4.352339547
4.414524981
4.47997066
4.551828245
4.638497926
4.758709151
4.91442422
5.071534603
5.205459523
5.300404244
5.361699454
5.381746378
5.365116569
5.343343024
5.3227768
5.292537156
5.269267126
5.238478077
5.200137032
5.190002168
5.179906147
5.152576745
5.137079579
5.090677602
5.027575577
4.934957887
4.804932885
4.669629349
4.522608328
4.387009055
4.24805517
4.125191642
4.010630778
3.908908058
3.82267867
3.752587196
3.708330089
3.657465784
3.628623055
3.593234021
3.550218867
3.50114291
3.429280864
3.366288675
3.304677692
3.20715343
3.066377342
2.856160724
2.592415793
2.288055814
1.95466258
1.606106058
1.256398873
0.921110315
0.594622538
0.299425597
0.053445851
-0.170544309
-0.358585619
-0.503538749
-0.60075736
-0.674471429
-0.716903471
-0.707685662
-0.704554987
-0.709255811
-0.708732247
-0.725623494
-0.786503982
-0.893731981
-1.025498495
-1.169645228
-1.299909309
-1.40052463
-1.477564928
-1.551227293
-1.637231454
-1.722507067
-1.822793183
-1.933666117
-2.044653038
-2.142591827
-2.23186971
-2.293109473
-2.321593045
-2.324402536
-2.305857552
-2.264314947
-2.181065602
-2.028927468
-1.828473695
-1.551954599
-1.211661637
-0.838334587
-0.449312977
-0.076686164
0.18691061
0.351186346
0.367439298
0.217652067
-0.064833308
-0.468957133
-0.973649119
-1.518461432
-2.041646374
-2.513159048
-2.91330745
-4.351894631
