44.64767348
44.65701738
44.66242792
44.67366252
44.67645261
44.69168358
44.71963533
44.73084646
44.74720652
44.75736927
44.77831168
44.79676593
44.80223287
44.81573305
44.82980572
44.8349443
44.83752445
44.83752445
44.83752445
44.84426545
44.86145923
44.8607915
44.87361523
44.8772668
44.86795576
44.85595727
44.84856937
44.83592419
44.80541199
44.76979714
44.7671926
44.77648822
44.7869691
44.802999
44.82478844
44.83281445
44.83589609
44.84705173
44.85077527
44.84899613
44.8473393
44.81938844
44.79343878
44.78135957
44.7649122
44.75070844
44.74055371
44.74353092
44.75360793
44.76643164
44.76641532
44.78155603
44.77484752
44.78570517
44.77773236
44.7772821
44.78024399
44.78059917
44.78249899
44.7900594
44.7926915
44.79784043
44.79421489
44.79657943
44.79185807
44.79751622
44.80193485
44.80203275
44.79671854
44.79815963
44.79511602
44.79834619
44.80418346
44.81911398
44.83719167
44.84512522
44.83433051
44.84020593
44.84089423
44.84701005
44.84440663
44.84133348
44.86277617
44.88320222
44.89403491
44.88656615
44.87242745
44.84944938
44.82383122
44.80071762
44.78791613
44.78393287
44.78335692
44.78278569
44.77300485
44.7710211
44.77364752
44.77336779
44.76847943
44.77138911
44.78045561
44.78344277
44.78877771
44.79033226
44.79667867
44.77956963
44.76318291
44.76041861
44.74892768
44.74777734
44.75522459
44.75812135
44.77192169
44.81389951
44.87447287
44.90652373
44.91037551
44.9004336
44.88910995
44.88746161
44.89030396
44.90073531
44.90032795
44.91585584
44.92050533
44.92679512
44.94732109
44.96148838
44.96621108
44.97093392
44.99618664
45.02925411
45.0623283
45.10812916
45.12699162
45.12694903
45.12213827
45.10306219
45.08398825
45.07915264
45.06471537
45.04388025
45.03895476
45.0277369
45.00702061
44.98794363
44.97838551
44.97671582
44.98292489
44.97328023
44.9747792
44.96221138
44.95466906
44.94264376
44.94357949
44.93043248
44.92675509
44.92463187
44.9194018
44.92817536
44.92876854
44.92408109
44.92408109
44.92247495
44.92089407
44.91929017
44.92412994
44.93107056
44.94821641
44.97313866
44.98213096
45.02171219
45.05244532
45.05338088
45.07512138
45.09543422
45.10402936
45.12962966
45.1675642
45.15335212
45.15389273
45.16620392
45.1623063
45.15961644
45.16535585
45.16094686
45.15699388
45.1530482
45.14910981
45.14977252
45.15871969
45.14740257
45.15618984
45.15924199
45.16238465
45.15533881
45.16400713
45.17846297
45.19828614
45.23793824
45.28791691
45.3052457
45.32348336
45.3340626
45.3457694
45.36071536
45.4019966
45.43408347
45.45987355
45.48816977
45.48531434
45.49033658
45.49033658
45.49033658
45.49033658
45.49033658
45.48640368
45.49307172
45.4913641
45.4891299
45.50259136
45.52405202
45.5236431
45.52655188
45.53238651
45.53378684
45.53401799
45.53700166
45.55255866
45.58279253
45.62644239
45.67524258
45.69765741
45.70715785
45.71321766
45.70850623
45.70988235
45.71837172
45.71341269
45.71390807
45.72459772
45.73899765
45.76796654
45.80672553
45.8308616
45.84032623
45.85230618
45.84257912
45.84242899
45.8423671
45.83780683
45.83780683
45.84815025
45.85332212
45.85849408
45.87918293
45.8921155
45.88696717
45.88790591
45.89496604
45.90299829
45.91723051
45.93343782
45.96024692
46.00100323
46.0448624
46.05111954
46.02723381
46.02568919
46.02658099
46.0276083
46.02912305
46.0321538
46.0252242
46.02403567
46.02928748
46.02187621
46.02076011
46.01544167
46.01061437
46.01023497
45.99469105
45.9937023
45.98858902
45.99385472
45.97407076
45.96473925
45.96998684
45.98256097
45.97018757
45.95935003
45.96346195
45.95087201
45.9529682
45.94154999
45.93242192
45.93128424
45.93901576
45.94675753
45.95226353
45.95902552
45.96013746
45.94992157
45.92936078
45.92237987
45.91826918
45.91826918
45.92451768
45.92822818
45.92059959
45.91514842
45.90781591
45.91286238
45.91414877
45.91731556
45.91321477
45.89588336
45.89093897
45.88638046
45.87745605
45.87699677
45.87193638
45.85834974
45.85607613
45.85568059
45.84589306
45.84298648
45.85769092
45.88185988
45.91548847
45.96660617
46.0179514
46.02673462
46.0175535
46.02702645
46.0645942
46.09198582
46.10105361
46.09716009
46.09110155
46.10090711
46.10788531
46.11489222
46.13276364
46.1506746
46.19289164
46.21374779
46.20930711
46.19119534
46.19596042
46.21019438
46.22050481
46.24822244
46.27002443
46.29343501
46.3192001
46.34892297
46.35982323
46.36527347
46.4034273
46.44703623
46.46884251
46.49064998
46.51245866
46.52336345
46.52336345
46.52336345
46.53125538
46.54065279
46.5524912
46.57278632
46.57278632
46.57278632
46.57823601
46.57579742
46.56941827
46.56944144
46.56562601
46.55949227
46.53683506
46.52269441
46.5187576
46.51714862
46.51714862
46.49746662
46.48092724
46.46825562
46.47046795
46.47424785
46.47648967
46.46079281
46.43751034
46.41383026
46.4049712
46.40042652
46.40204761
46.40528084
46.4331433
46.44585545
46.4476773
46.42533815
46.42028566
46.43623296
46.42796746
46.42960015
46.43450059
46.44820855
46.46745645
46.49266407
46.52839252
46.61113452
46.72709731
46.83001615
46.91919257
46.93821626
46.94373858
46.94040559
46.94040559
46.94592836
46.94002248
46.93412095
46.93583876
46.93583876
46.93583876
46.93583876
46.93917205
46.94036794
46.93943204
46.94231031
46.93591369
46.92784984
46.91050997
46.91396531
46.91396531
46.91396531
46.90714657
46.89442995
46.88765209
46.88553941
46.88553941
46.88342756
46.88131654
46.88468731
46.89439161
46.89644649
46.88890977
46.8835556
46.87108413
46.86109629
46.86459819
46.87013474
46.86048947
46.85047932
46.84903094
46.86238506
46.86478752
46.85483969
46.84527687
46.84326848
46.84121565
46.85923229
46.88607042
46.92932955
46.97821839
47.02870378
47.04981108
47.07702553
47.09552516
47.11220128
47.12514816
47.13626713
47.1397189
47.16195599
47.18975374
47.22061629
47.23637929
47.24277838
47.27281755
47.28808617
47.29830884
47.30877622
47.31750935
47.31340008
47.31689976
47.31844229
47.32895787
47.33753518
47.35335858
47.37626803
47.40278033
47.42007695
47.44320457
47.45376936
47.44815747
47.44815747
47.44815747
47.44433324
47.44599652
47.45136053
47.45314927
47.449453
47.45308095
47.4657124
47.47456645
47.49072551
47.50331433
47.51051605
47.53242469
47.57101371
47.60412185
47.6392162
47.66149417
47.68194559
47.68016052
47.68376131
47.69998301
47.70308744
47.69343615
47.68572942
47.68006589
47.67632936
47.67632403
47.67084746
47.65077079
47.63647055
47.62069802
47.59960468
47.60221127
47.6341604
47.69558871
47.76447641
47.82962401
47.84651008
47.85030053
47.85030053
47.83961876
47.82912399
47.83329308
47.84661126
47.84148345
47.83255018
47.8346579
47.83676983
47.83718525
47.8471731
47.85144564
47.86294824
47.87277825
47.8826383
47.89252446
47.90795048
47.91760318
47.93275451
47.92968727
47.94711061
47.97650278
47.99357934
48.02385064
48.05394923
48.08699179
48.09326255
48.08448777
48.06299969
48.05636807
48.04069596
48.0305725
48.03671245
48.0445007
48.06138557
48.11495147
48.17051002
48.20639942
48.23684216
48.26735784
48.28334885
48.2767701
48.27324141
48.27877779
48.29387129
48.30343438
48.31848963
48.35409011
48.41428425
48.44645295
48.48136941
48.50130575
48.50675835
48.51939494
48.55040873
48.56690567
48.59795311
48.64711891
48.67560092
48.6707461
48.67467242
48.67663609
48.69252296
48.70300216
48.71140469
48.72404043
48.74228468
48.77092419
48.78763976
48.78959953
48.7935201
48.79744202
48.78412478
48.78328282
48.80489753
48.81538093
48.82768835
48.83642363
48.8478375
48.84357924
48.84296665
48.84767855
48.86242732
48.89214576
48.92865268
48.98094393
49.02314528
49.06839995
49.10795898
49.13191308
49.14361601
49.14914742
49.15127838
49.16234225
49.16234225
49.17340641
49.18439286
49.18992437
49.18992437
49.20288913
49.20558898
49.208296
49.20614268
49.21228088
49.20883106
49.20626558
49.20809169
49.20466255
49.20660086
49.19853209
49.19724139
49.19724139
49.19384262
49.19044406
49.18529203
49.18988749
49.18011372
49.1805653
49.17468112
49.17980191
49.18280741
49.18331687
49.17007263
49.16082791
49.17042451
49.17337294
49.19206832
49.22661475
49.25156553
49.27884566
49.3171969
49.33923146
49.34592969
49.35824081
49.35940376
49.35953577
49.35969936
49.3612502
49.36066647
49.37325528
49.4089025
49.4323207
49.44477795
49.45501943
49.458372
49.4561208
49.45629909
49.45088057
49.42570809
49.40208788
49.39332657
49.38974693
49.41795171
49.47949865
49.5225847
49.51705986
49.51093218
49.49270847
49.47541716
49.45778634
49.45014482
49.44681803
49.44681803
49.44681803
49.44681803
49.44915903
49.45150032
49.45051578
49.44953205
49.4465857
49.43934549
49.42685496
49.41386122
49.41202911
49.42946529
49.46768761
49.53083424
49.65436076
49.80925944
49.9307133
50.02824958
50.08276868
50.08814752
50.09890536
50.09774991
50.094483
50.11388949
50.16019365
50.22475717
50.2731847
50.28159164
50.27923664
50.27923664
50.28226393
50.28596806
50.29506202
50.31887361
50.33102886
50.33406984
50.34686509
50.36200511
50.37997688
50.40222061
50.42681027
50.42538242
50.43319649
50.4677784
50.50197452
50.52344992
50.53840537
50.56528358
50.59852083
50.63828741
50.63716011
50.63716011
50.64041271
50.63297081
50.61854846
50.61642958
50.59218217
50.57152545
50.56136054
50.55832811
50.55598458
50.55598458
50.55598458
50.55598458
50.55598458
50.55274195
50.54949951
50.54412285
50.52688317
50.51501946
50.50012275
50.48390923
50.4652324
50.45754928
50.44577173
50.42899884
50.39403931
50.38686472
50.40630321
50.4152342
50.41717161
50.41658866
50.41336565
50.40692026
50.40873553
50.40998032
50.41123783
50.41067077
50.40177374
50.41027488
50.40485527
50.40751963
50.39815414
50.40487791
50.39981044
50.38537887
50.38276735
50.37561407
50.36525446
50.36542965
50.35816056
50.35000651
50.34039119
50.33368072
50.31644997
50.31118405
50.3105991
50.29643987
50.29007276
50.27916497
50.27093451
50.26153134
50.25910408
50.28987591
50.3117527
50.35366574
50.40153233
50.44698959
50.47963631
50.5229548
50.55102583
50.55050393
50.55016732
50.55256085
50.55767854
50.55736044
50.55389502
50.5555136
50.55983228
50.56331472
50.56251765
50.56966705
50.61382465
50.70551346
50.80238195
50.88283532
50.93620876
50.94508569
50.95874299
50.98531999
51.03443449
51.08065716
51.12871137
51.16556475
51.20265773
51.26939487
51.35334646
51.40252915
51.44858751
51.47365535
51.48717112
51.49930517
51.54206062
51.5959349
51.6435444
51.68917734
51.70623777
51.709082
51.709082
51.71409278
51.71693693
51.72262594
51.72262594
51.72574244
51.73509318
51.75609487
51.76205651
51.76490073
51.78426271
51.80485495
51.82044791
51.83604609
51.83916635
51.84484706
51.84768776
51.84768776
51.86612968
51.89110201
51.93368623
51.95977429
51.96896921
51.97493506
51.98090099
51.98090099
51.9794604
51.97261358
51.96512951
51.95720972
51.95490584
51.9494529
51.95755233
51.97027452
51.97276581
51.97434025
51.97472636
51.96512817
51.96512162
51.96310377
51.95819634
51.95819634
51.95013552
51.9438634
51.9387416
51.9318386
51.93473803
51.92983765
51.9189411
51.92148322
51.91922263
51.91826378
51.91084836
51.91501569
51.96381927
52.04564433
52.1284387
52.17191588
52.14678118
52.1327685
52.12541116
52.13892746
52.16110859
52.18419635
52.21427544
52.20931549
52.21037868
52.21332483
52.2162712
52.22216462
52.22511166
52.23418175
52.23785307
52.24347638
52.25725557
52.27614282
52.28834756
52.30937208
52.32830091
52.34668485
52.35568073
52.36594713
52.39496242
52.40878741
52.39882387
52.39879051
52.40351986
52.40626074
52.39392543
52.38765346
52.40018332
52.44758345
52.49674103
52.55924987
52.63851706
52.70379235
52.73077904
52.74783912
52.7637505
52.78285069
52.80154673
52.81983895
52.82392582
52.80760866
52.80123581
52.82968222
52.8632044
52.86870165
52.86259208
52.8515868
52.84370145
52.84209629
52.84217948
52.843944
52.84571069
52.85232831
52.84826924
52.86167481
52.88016657
52.88025928
52.88145339
52.90409551
52.9278079
52.96361016
52.99822922
53.04647024
53.10547994
53.16010515
53.26697848
53.4109872
53.54274028
53.67858147
53.74297165
53.73520338
53.78606245
53.83473866
53.84453249
53.83484045
53.8055259
53.79494694
53.81043437
53.84569709
53.87027834
53.85251693
53.85110971
53.82201875
53.80226569
53.79066358
53.7983575
53.81337997
53.81670609
53.81546845
53.80207092
53.78687766
53.74832918
53.69826064
53.69622568
53.70471603
53.69245971
53.66771909
53.64432818
53.62691354
53.63546309
53.64761092
53.65964267
53.67030002
53.66807909
53.64352813
53.62191437
53.61418399
53.61014286
53.64415862
53.67891917
53.70651762
53.7053061
53.70969196
53.72155175
53.71461028
53.70430026
53.71260363
53.73954314
53.79042505
53.82841373
53.84372962
53.86011814
53.86121751
53.86121751
53.86121751
53.86449607
53.87105374
53.87657966
53.89298132
53.91923346
53.9586335
53.99072287
54.01301557
54.03835676
54.06141718
54.0724865
54.0724865
54.08106251
54.09194092
54.10822572
54.12437856
54.13295092
54.13295092
54.13164545
54.13406072
54.13429867
54.1573926
54.15930083
54.13329115
54.06265017
54.01435921
54.01493234
54.02689042
54.03264007
54.04902739
54.07496878
54.08714457
54.09763588
54.11398367
54.1279918
54.12619614
54.12604461
54.12267578
54.12267578
54.12267578
54.12596454
54.13481284
54.13050444
54.13050444
54.13050444
54.12721434
54.1130356
54.10316708
54.08672314
54.08014683
54.08014683
54.08014683
54.04051546
54.00284871
54.00566537
54.01317523
54.01750652
54.01856871
54.04121375
54.06158943
54.04844717
54.02794358
54.00860256
54.0000323
54.02909687
54.05502723
54.07141604
54.10413364
54.09375648
54.07496028
54.06508951
54.07787892
54.0781523
54.10061456
54.11667778
54.1102513
54.08134132
54.06528673
54.05565621
54.05479222
54.04313507
54.0443122
54.05916723
54.06238941
54.03554597
53.94742722
53.81995452
53.75477985
53.74699258
53.7580094
53.80859436
53.84699282
53.8985263
53.92621308
53.91303186
53.92647457
53.95897643
54.00630349
54.05510869
54.0930669
54.10413273
54.10315453
54.10768577
54.0989832
54.11497437
54.14113225
54.16118041
54.1821178
54.19594637
54.21279616
54.22280914
54.21868788
54.22012636
54.2278198
54.23891945
54.26384482
54.26645155
54.25789777
54.25362104
54.25026951
54.25026951
54.25026951
54.25026951
54.25026951
54.25362104
54.25847831
54.25479645
54.26120054
54.27616923
54.28352838
54.27631704
54.25796473
54.24974387
54.25311403
54.26510402
54.2659407
54.26459689
54.28700818
54.30195433
54.31190117
54.31616238
54.314169
54.30422636
54.30716418
54.30692779
54.30692779
54.29645396
54.29552516
54.29665788
54.29143286
54.29995874
54.29907424
54.28561512
54.27756473
54.28135965
54.32735761
54.39780683
54.45583165
54.45268513
54.43373762
54.37563616
54.31715902
54.24262407
54.21012163
54.21790076
54.20485551
54.19750565
54.16910294
54.15420442
54.16226963
54.1883231
54.18209062
54.16446892
54.14255425
54.13418084
54.11820017
54.10145479
54.11151286
54.12499375
54.11617317
54.11531988
54.12798429
54.15373506
54.16968228
54.19794901
54.1994623
54.20188617
54.19274903
54.18440244
54.19465506
54.2193353
54.22275388
54.22275388
54.22617263
54.20453689
54.19239066
54.23904106
54.27387154
54.26999253
54.2616686
54.22819375
54.20659381
54.20927337
54.22445671
54.19227806
54.15289597
54.10941209
54.08072316
54.06967611
54.07870494
54.09526686
54.08455685
54.08962908
54.09011932
54.10370851
54.09977298
54.07815091
54.03675643
54.00567336
54.01120768
54.02156592
54.01654497
54.03190749
54.06136408
54.10316262
54.11153891
54.10980748
54.11041769
54.10832487
54.10262413
54.11555592
54.11573622
54.10842204
54.09237364
54.06635156
54.02449548
53.9790056
53.93578151
53.91185415
53.93158386
53.961485
53.98509553
54.0055569
54.00115604
53.98637474
53.98257124
53.97968335
53.97170926
54.00360161
54.06387837
54.13358824
54.20112632
54.290193
54.36373164
54.42793018
54.472897
54.52305694
54.58411804
54.65449694
54.72978806
54.8016242
54.85903386
54.9415308
55.02939454
55.07316356
55.1376511
55.1927544
55.246854
55.279116
55.29244933
55.31143611
55.314411
55.32151067
55.33892572
55.32304249
55.32381575
55.32707999
55.34484495
55.3499964
55.36168016
55.39249696
55.43085196
55.46125277
55.48129283
55.49885199
55.51543612
55.52551636
55.52936768
55.54449695
55.56687505
55.59176536
55.62335619
55.66237377
55.6985998
55.73090301
55.76968308
55.79482139
55.81996672
55.85949497
55.9022643
55.9274368
55.9486424
55.95186354
55.95508485
55.96549916
55.99088999
56.02326957
56.06646011
56.09001517
56.10339501
56.1099736
56.12697886
56.13518726
56.1459967
56.15721181
56.16203534
56.16769124
56.19697184
56.21350731
56.23412307
56.24608265
56.25100165
56.26273066
56.28427802
56.29373746
56.30896189
56.31208096
56.32311117
56.32494149
56.32586151
56.34402128
56.35649248
56.3836265
56.40821961
56.42993569
56.44969649
56.44132777
56.42999744
56.42888189
56.4246952
56.40969775
56.40579462
56.40946662
56.42813368
56.44857925
56.46749343
56.48509053
56.4711539
56.44519186
56.43036495
56.4414825
56.44802631
56.44147968
56.43322458
56.4175437
56.39756392
56.38757329
56.3844379
56.3844379
56.38130269
56.39736
56.4283213
56.44932627
56.45847243
56.49132382
56.54804192
56.59640264
56.64205234
56.69186295
56.74420545
56.79926623
56.86636974
56.91741842
56.94295918
56.95072658
56.95072654
56.94770831
56.92960264
56.91993423
56.91329949
56.91028636
56.91028636
56.90727341
56.89904266
56.91073227
56.91343123
56.92548227
56.93595285
56.93713518
56.94348727
56.95149095
56.96102079
56.96141826
56.95543446
56.95516003
56.95060395
56.95111225
56.94217663
56.94603012
56.96022482
56.96639797
56.97736195
56.97858891
56.98078868
56.98419926
56.98576109
57.00243486
57.01139835
57.02569297
57.04109821
57.0437014
57.05508932
57.06508581
57.07432844
57.08635673
57.0885814
57.09984649
57.105413
57.09669843
57.08501179
57.07630348
57.08477907
57.08564833
57.08533375
57.09071229
57.08601871
57.05490525
57.01233309
56.93579864
56.87725693
56.84762213
56.84977399
56.8428611
56.8169079
56.81275822
56.81385148
56.82500331
56.82908521
56.84662409
56.85147347
56.87146079
56.89513462
56.91150906
56.93206783
56.95112496
56.97725497
56.99088871
57.02267432
57.05026215
57.06969472
57.07121415
57.05969302
57.06450434
57.07623273
57.0759585
57.07716993
57.07310943
57.06609173
57.06609173
57.0675289
57.06491269
57.06154066
57.05879539
57.06032396
57.0697917
57.08012107
57.08560949
57.10695671
57.10883248
57.10381447
57.10154956
57.09906615
57.09441383
57.09520406
57.09965627
57.11129828
57.1163204
57.10905806
57.10488923
57.09228364
57.04531207
57.02405671
56.99876704
56.97190534
56.93673279
56.8958407
56.84089944
56.79928349
56.77086236
56.74881718
56.73379362
56.7304604
56.74880292
56.74187098
56.71767615
56.68335015
56.63276065
56.59359097
56.57706033
56.57948809
56.57317254
56.58257207
56.59122377
56.59485207
56.58819465
56.57826888
56.54917314
56.51391997
56.4820601
56.45460388
56.44306349
56.43688463
56.4234789
56.4349526
56.4290755
56.3958603
56.3603917
56.32351204
56.27250918
56.23921979
56.25280229
56.27428494
56.30087717
56.31011604
56.32581896
56.32664425
56.32502018
56.31854474
56.31220751
56.29657963
56.2934331
56.2884884
56.24339692
56.18075459
56.08664985
55.98767013
55.89888619
55.84181751
55.81449867
55.80494688
55.76556002
55.70333362
55.66389565
55.6179229
55.5838577
55.57211403
55.57211403
55.5744299
55.57205521
55.56973441
55.55831014
55.5518982
55.52942996
55.4840348
55.42715184
55.36808711
55.32098718
55.28525431
55.2506819
55.21410394
55.18500377
55.15201155
55.10507138
55.0443167
54.97920472
54.91309211
54.85970736
54.80108816
54.75170611
54.70266622
54.66751918
54.63848244
54.63203961
54.63569298
54.64027835
54.64636848
54.64699674
54.64067987
54.6343563
54.63418742
54.6117752
54.60078446
54.5835441
54.56280203
54.52759378
54.48162864
54.43026512
54.36821422
54.29939831
54.22656406
54.16264753
54.10813266
54.06564133
53.99327899
53.9185325
53.85817996
53.7949064
53.73695482
53.70231437
53.68886959
53.6905893
53.6905893
53.6905893
53.70131093
53.70575363
53.70769727
53.6989524
53.67631849
53.67391002
53.67069289
53.65058511
53.62898355
53.5948953
53.56107674
53.53363851
53.49034693
53.46545926
53.47015447
53.47015447
53.47015447
53.47015447
53.48479405
53.49700453
53.50984887
53.51695037
53.49476546
53.45902623
53.44126097
53.43518981
53.41713041
53.3935483
53.38474613
53.37974488
53.36861827
53.33597446
53.29468472
53.22878062
53.15710532
53.12364054
53.10161069
53.07130074
53.03345995
52.9901069
52.95439663
52.89902415
52.81526705
52.78299307
52.74334359
52.69040513
52.6577385
52.64178382
52.60382413
52.54289464
52.48727516
52.42281961
52.36531276
52.33035868
52.30760305
52.27830876
52.24563644
52.22681765
52.17549371
52.09827905
52.03653218
51.96755365
51.89098133
51.8249286
51.77047359
51.72401586
51.71535449
51.73012436
51.76142277
51.7925539
51.81296875
51.81122048
51.79201207
51.78520214
51.78346133
51.78694328
51.79216877
51.79391128
51.78894455
51.7811303
51.77115376
51.76724743
51.75162358
51.70569562
51.63817917
51.52117236
51.33244583
51.118162
50.87168856
50.6334087
50.42791798
50.24473163
50.12427896
50.0690932
50.0384481
50.0136941
50.0067221
49.99462884
49.96093109
49.90736983
49.84812414
49.804839
49.77347377
49.73856259
49.662869
49.55853683
49.42444781
49.26076052
49.09464902
48.93097733
48.78007879
48.59887036
48.40002051
48.2126736
48.07081758
47.96136791
47.87406268
47.8083994
47.76480226
47.72769268
47.66706891
47.55210385
47.39515539
47.20943868
46.97789751
46.72266448
46.43448763
46.12642451
45.8164691
45.4691022
45.11119708
44.76180462
44.41136628
44.04785908
43.67683491
43.23593502
42.74421432
42.231482
41.70133243
41.12897378
40.56324567
40.03323641
39.56101886
39.16369178
38.83738543
38.60427392
38.47191879
38.43275016
38.41778646
38.38033548
38.31403518
38.22388355
38.16422681
38.1510459
38.12235859
38.1026329
38.04489032
38.0060839
37.94803141
37.84090112
37.66321028
37.43135428
37.18433952
36.99588997
36.90571299
36.88443476
36.94467441
37.05693337
37.18056254
37.31426158
37.45955071
37.59965537
37.73284893
37.86505146
38.02332919
38.17702403
38.32818781
38.49008616
38.65093925
38.80576644
38.97704394
39.15121281
39.32461141
39.50829545
39.75988958
40.01102663
40.26683885
40.54283599
40.85373402
41.15499174
41.47557389
41.78116234
42.0894598
42.36584377
42.59777339
42.77541241
42.89513755
42.97645094
43.03579162
43.07128835
43.09337839
43.11649828
43.14015821
43.17547647
43.21466706
43.24449682
43.29422393
43.35391429
43.44107749
43.54531385
43.6445541
43.75781068
43.90025951
44.05881755
44.2341278
44.41752136
44.59436024
44.78260135
44.92063007
45.02528455
45.0976303
45.12644274
45.14111378
45.14600437
45.14600437
45.15908363
45.19066043
45.22223328
45.26252232
45.33375137
45.44087324
45.56540557
45.73923485
45.91999831
46.0501272
46.15832564
46.22289785
46.24190141
46.22698157
46.22327155
46.21589691
46.20699332
46.21339485
46.21985795
46.22201302
46.21765152
46.22722978
46.23680854
46.23287984
46.2376704
46.25995777
46.28705342
46.32496188
46.39029664
46.50698285
46.61402609
46.71628959
46.83268981
46.93062748
47.02241644
47.11769604
47.19137173
47.25249232
47.30700706
47.36791448
47.43441919
47.51433733
47.61194741
47.69679154
47.77816472
47.84362207
47.92990904
47.99171347
48.01626482
48.02728441
48.03032657
48.02475753
48.04771795
48.08906669
48.1261648
48.18652408
48.26070351
48.29032402
48.29469007
48.29714952
48.30305489
48.33285127
48.36037475
48.38761768
48.42802774
48.4816293
48.5060936
48.4958123
48.48381333
48.47421533
48.45399937
48.42826756
48.38634039
48.34788365
48.30894232
48.2911052
48.27813014
48.2382219
48.17742055
48.12249418
48.075036
48.03623931
48.00389838
47.96704016
47.96302996
47.96095269
47.95637278
47.96197543
47.95004399
47.92547125
47.9156319
47.94185681
47.93884159
47.93309398
47.94096725
47.96215273
47.9923289
48.01374335
48.00741915
47.99437814
47.98042034
47.96997192
47.96030003
47.96204142
47.97069242
47.9723814
47.96962151
47.98357248
48.00052071
47.99585777
47.98038496
47.98329656
47.99315346
47.98812515
47.98031619
47.97442616
47.98193128
47.9779024
47.97427858
47.96662303
47.95903025
47.95011392
47.93943572
47.9209957
47.9274635
47.9126589
47.89620385
47.88231165
47.85764548
47.8253244
47.78877947
47.77276049
47.74034092
47.73847273
47.73847273
47.73917768
47.73664028
47.74517156
47.73725452
47.73719276
47.73613629
47.73075149
47.72650246
47.72887534
47.73793984
47.72266009
47.71458735
47.70416383
47.70189699
47.70560667
47.72457977
47.72395589
47.72500706
47.73685995
47.72823869
47.71156833
47.69926711
47.67651021
47.6727073
47.66884377
47.67149887
47.66836325
47.67382429
47.66950822
47.66018094
47.65503049
47.65602112
47.6644523
47.66140602
47.65657982
47.65482193
47.64625087
47.64688746
47.65372774
47.66317121
47.65492594
47.65890298
47.68065867
47.6755059
47.67891389
47.67314572
47.67235657
47.66805484
47.66876808
47.65682092
47.63575808
47.64116482
47.63411704
47.63153831
47.67084286
47.71142909
47.69881533
47.67709652
47.6607458
47.62728481
47.61105242
47.60734079
47.61631082
47.63327349
47.64236607
47.65146788
47.65417744
47.64868278
47.63831144
47.63912533
47.63786186
47.65809015
47.6753881
47.66600939
47.6874377
47.70072533
47.69932029
47.70477527
47.72046494
47.71647626
47.71587454
47.71245836
47.70143712
47.68533282
47.67444072
47.66182493
47.65484869
47.64053116
47.64265015
47.65211851
47.63523431
47.63546673
47.63408635
47.63705522
47.64089035
47.64978525
47.67718699
47.70616885
47.7353212
47.76339099
47.8039896
47.81732646
47.83932972
47.84830643
47.85171065
47.84304609
47.84625695
47.8619395
47.88807872
47.91410568
47.94324923
47.94558864
47.92911894
47.92372653
47.91066061
47.9003302
47.88895585
47.91767691
47.94884394
47.98947719
48.02471439
48.04434838
48.03007477
48.01880386
48.01730444
48.02750036
48.02632943
48.0253194
48.03024711
48.03666959
48.05643367
48.07065948
48.0616234
48.0687723
48.08583055
48.10392953
48.12906878
48.15997618
48.16621642
48.16140511
48.19801368
48.24810758
48.2797435
48.3083502
48.33565405
48.35142498
48.35263025
48.35097793
48.34463148
48.31607846
48.30352499
48.3049537
48.30285589
48.30016101
48.29470837
48.30169526
48.3233058
48.34024059
48.35342738
48.37028055
48.37158931
48.3641114
48.36948056
48.36948056
48.37157546
48.35197731
48.34523239
48.34933974
48.37201111
48.39345045
48.40329629
48.44212984
48.49825568
48.54937974
48.60427625
48.65434265
48.70515281
48.75614227
48.81294452
48.86095259
48.92466023
48.998846
49.04058295
49.10076913
49.1345043
49.15252585
49.17524489
49.18945472
49.19374048
49.19588383
49.2012802
49.2012802
49.20342364
49.22058264
49.25066003
49.28594516
49.32697568
49.37679711
49.42025578
49.44427258
49.48800004
49.53185257
49.58464013
49.6508761
49.72727958
49.79962318
49.86679035
49.9172883
49.96688176
50.00375667
50.03160944
50.04174459
50.05651401
50.06106431
50.0656158
50.067892
50.07244528
50.07699976
50.07699976
50.07244528
50.09067707
50.10435331
50.11648761
50.13237299
50.13579137
50.15476013
50.18054608
50.20931653
50.2456622
50.2764035
50.33219023
50.38044097
50.42600565
50.45904496
50.5000811
50.54021164
50.55232598
50.56030642
50.56417003
50.56849079
50.56968171
50.59740551
50.62130532
50.62334067
50.63039201
50.6459635
50.66632063
50.66829895
50.68199998
50.69062601
50.68435323
50.67979865
50.67889122
50.6838396
50.6913218
50.71708116
50.73349162
50.74631346
50.75679161
50.76383407
50.77322805
50.77792675
50.78027654
50.77324593
50.77052193
50.77969886
50.7993234
50.84510922
50.89350413
50.95062904
50.98355093
51.02305908
51.05879774
51.08289577
51.11211458
51.15608431
51.20827073
51.25595428
51.33066152
51.41970862
51.50565447
51.58346082
51.63766925
51.68511731
51.7282798
51.73436006
51.71822738
51.70024596
51.70240987
51.70135465
51.68122063
51.66672168
51.67065085
51.66739798
51.66039602
51.67693486
51.67919091
51.67521777
51.67832569
51.67344263
51.69627664
51.71333742
51.71311861
51.70039418
51.70292149
51.70155937
51.6942588
51.68954492
51.68136089
51.67464747
51.66212258
51.64740837
51.63539431
51.63920958
51.6467723
51.63281389
51.5597189
51.48322655
51.37151701
51.2299627
51.08977595
51.00476719
50.95408006
50.93631905
50.90012447
50.86175825
50.84368976
50.81891283
50.78686663
50.76805451
50.74069826
50.72673666
50.72410401
50.71915595
50.71915595
50.72170858
50.72681465
50.74165681
50.76542015
50.79781344
50.82828358
50.87650025
50.95694778
51.02913823
51.09801119
51.1446998
51.16779746
51.18882936
51.23432327
51.28611054
51.3915472
51.50030647
51.58834262
51.64228012
51.65999008
51.65999008
51.65202121
51.62482379
51.63695894
51.64187007
51.66354463
51.67047382
51.67393868
51.66480302
51.6346103
51.60917994
51.59243642
51.5629743
51.514741
51.43011498
51.34235712
51.26704357
51.22122237
51.19536074
51.16864637
51.16611052
51.16526685
51.17132331
51.17393009
51.15248932
51.13015369
51.11055858
51.09540164
51.09416683
51.08909204
51.09504464
51.08538507
51.08116201
51.07275005
51.05529881
51.04486525
51.02711745
51.02437023
51.0344688
51.03739132
51.04513732
51.02388744
51.00827542
51.00839087
51.01497705
51.01244438
51.03662752
51.10213207
51.20216153
51.31414047
51.40797434
51.47024599
51.51389295
51.55801417
51.5796775
51.5957917
51.60055055
51.61616732
51.61984381
51.62994855
51.65193457
51.66014295
51.64358282
51.63518715
51.63324966
51.6456982
51.68674195
51.74515448
51.79342126
51.82947199
51.82825189
51.81535131
51.81121735
51.81410981
51.83563231
51.89176543
51.9680115
52.06080588
52.16873171
52.25920469
52.31522925
52.36630625
52.41456224
52.42839596
52.42154121
52.4315192
52.43400842
52.44561159
52.46471232
52.47578367
52.49143443
52.51300718
52.5272699
52.56196818
52.61572572
52.68531205
52.76596976
52.83949186
52.89487122
52.91909185
52.93054783
52.91440419
52.92865742
52.94191325
52.95462173
52.96343939
52.97421389
52.97726855
52.97715833
52.96575718
52.95179199
52.9496227
52.92887427
52.9057585
52.89675539
52.84795554
52.81987546
52.80126724
52.80830029
52.8330628
52.84875975
52.83749514
52.83196755
52.82729935
52.8274874
52.81307677
52.79729457
52.78215959
52.77527531
52.7610701
52.75265527
52.74385477
52.73984523
52.74158386
52.75280532
52.75361644
52.74420034
52.73224731
52.70608742
52.69411797
52.69427273
52.70688278
52.73220386
52.74984919
52.76489421
52.79542176
52.82618458
52.87049788
52.89843632
52.88808803
52.90492224
52.92902574
52.93974941
52.94201325
52.93707392
52.9352374
52.93341292
52.94434067
52.95526987
52.96439041
52.96504048
52.9566457
52.95321607
52.94740867
52.95316728
52.96613741
52.97490761
52.96260753
52.95581092
52.95622622
52.94448268
52.93225775
52.93481891
52.92690204
52.92985797
52.94095467
52.96005355
52.97583334
52.99151955
52.9968338
53.01778036
53.02864
53.04604326
53.06040489
53.07823963
53.11494307
53.1458826
53.15503982
53.16414421
53.17170006
53.17955422
53.1871103
53.20600312
53.24379999
53.28905842
53.33560158
53.40075203
53.43621429
53.45239191
53.44655262
53.44131009
53.44032132
53.44032132
53.44413311
53.45938175
53.45852216
53.46727985
53.47064088
53.47326516
53.4780768
53.48123119
53.48439896
53.49925585
53.51091808
53.52099626
53.53207461
53.55142696
53.57827566
53.59745758
53.60978555
53.60143695
53.61262684
53.6226161
53.63360887
53.64748151
53.6488457
53.63640789
53.62384679
53.63499352
53.64811353
53.64894976
53.65443455
53.65001089
53.65086778
53.66089302
53.65966293
53.66354145
53.6651077
53.67533964
53.6716402
53.66085631
53.64319619
53.64670792
53.65450681
53.65450681
53.64747785
53.64598996
53.64033061
53.61986561
53.61532426
53.61983361
53.62152432
53.62528991
53.61043712
53.60254022
53.58773907
53.567024
53.54040278
53.51483871
53.50905495
53.50531937
53.51343782
53.51952719
53.51473834
53.50599676
53.49624674
53.47957934
53.46778508
53.45997886
53.45032157
53.4525974
53.46183028
53.47297122
53.47613734
53.47825227
53.48224666
53.48330576
53.4843657
53.49367508
53.51822317
53.54300277
53.56714218
53.56753687
53.56493554
53.56388956
53.55024917
53.54858175
53.5253253
53.47280195
53.42705128
53.38131861
53.35084072
53.34397257
53.35348008
53.3689777
53.36769797
53.36936569
53.38143724
53.37989468
53.37835411
53.38653441
53.40123097
53.42267842
53.43183296
53.4449814
53.45688629
53.47326699
53.4785941
53.47152841
53.45543018
53.45114351
53.45015063
53.45315816
53.45236553
53.43750658
53.415515
53.38046664
53.36767898
53.35600105
53.35210868
53.33485799
53.31150658
53.29679929
53.27881524
53.2525143
53.22393355
53.17952335
53.12099805
53.06109093
53.02330614
53.00776068
52.99159448
52.97723583
52.96049806
52.92978203
52.86391789
52.81208322
52.76588697
52.73410155
52.68468747
52.61978747
52.55767305
52.50500951
52.48647346
52.48836435
52.49002693
52.48973666
52.48260714
52.47769561
52.47991872
52.46284791
52.42517789
52.3919662
52.37466061
52.38538273
52.39414116
52.39431893
52.38013551
52.36235621
52.34317444
52.3126862
52.29596906
52.29334581
52.29574924
52.31137857
52.31407997
52.31464296
52.30376451
52.31255754
52.31857042
52.31750326
52.30392646
52.30888716
52.30677444
52.30091144
52.29570074
52.29929699
52.30478886
52.3126279
52.30657346
52.27345467
52.2427414
52.1982968
52.16916785
52.15171669
52.15816021
52.17257734
52.18424472
52.18786493
52.1896763
52.1896763
52.1870486
52.19226317
52.1985227
52.19900426
52.20767245
52.21089638
52.19128355
52.19233715
52.18578458
52.1727761
52.14937693
52.12129701
52.07768733
52.01812886
51.96913879
51.92036367
51.88704552
51.86463091
51.8620714
51.85818469
51.85818469
51.85818469
51.85562525
51.85050714
51.84406113
51.83638613
51.81593102
51.7928197
51.76716034
51.73909098
51.71421244
51.70092658
51.68027474
51.64778055
51.56644284
51.50894137
51.46828782
51.4450304
51.43168035
51.41665936
51.38992866
51.37742385
51.37492371
51.37242383
51.36992423
51.36492584
51.35243463
51.3299676
51.30776019
51.2965662
51.27835647
51.25065189
51.22225375
51.20454272
51.17262311
51.13088582
51.07900239
51.02448846
50.9315761
50.84297031
50.75727695
50.69760444
50.66820039
50.65579402
50.65771013
50.6621887
50.64804981
50.63790066
50.6324599
50.62937229
50.62394279
50.61544577
50.60139722
50.57566786
50.55253118
50.52879195
50.49887295
50.47304631
50.45761192
50.43664257
50.41552697
50.3928025
50.3688382
50.32428097
50.28062318
50.23034651
50.17405195
50.12437727
50.09829086
50.08054955
50.05514998
50.016758
49.99318334
49.98985265
49.97560868
49.97453013
49.96130155
49.95354182
49.93778305
49.92541252
49.89439931
49.85505276
49.79405002
49.72247251
49.67374241
49.62325723
49.5593628
49.50239918
49.46747124
49.46534705
49.46338168
49.46032217
49.46970544
49.46829006
49.46017548
49.45872876
49.46257299
49.46441468
49.45702185
49.42920669
49.40258594
49.34658467
49.23282262
49.07428659
48.91220768
48.80108579
48.77669899
48.72595509
48.65710497
48.54197008
48.41780463
48.26765612
48.09577632
47.93574865
47.7862651
47.69749221
47.64142068
47.62658754
47.59692409
47.5659417
47.49237383
47.40767251
47.31394927
47.24346082
47.15376481
47.02786398
46.87667383
46.68795483
46.48377447
46.25561992
46.0563649
45.85733326
45.65820765
45.44168268
45.20565787
44.96630339
44.70744388
44.38274005
44.01021611
43.5313489
42.92309546
42.23758452
41.51532231
40.82777016
40.13197524
39.46505741
38.84762893
38.32063934
37.87485118
37.55551837
37.37808737
37.32472058
37.33892117
37.43453761
37.57966212
37.75165504
37.89773309
38.06381067
38.25256784
38.49277806
38.71309701
38.91915659
39.06376492
39.2016912
39.27441547
39.35825894
39.46682552
39.60290457
39.7434777
39.8964656
40.03332428
40.18881131
40.35582022
40.52249578
40.63565976
40.72069924
40.79443293
40.87073178
40.9591821
41.03717255
41.11340938
41.18795842
41.25040199
41.30094615
41.35882282
41.41483179
41.47290901
41.52067462
41.58203404
41.61917037
41.64205213
41.66481592
41.69254299
41.70170078
41.71543878
41.72459832
41.73647164
41.77173921
41.92447583
42.17877718
42.45678904
42.73371263
43.00353167
43.25173839
43.49526644
43.69789179
43.88757242
44.03960088
44.13310888
44.1629406
44.16331613
44.12919702
44.11096185
44.10860055
44.103879
44.10151876
44.09909249
44.10346718
44.10541582
44.11900141
44.12577393
44.13711026
44.14388689
44.17152897
44.2082888
44.24026893
44.28605883
44.35915048
44.43200094
44.50255614
44.57101629
44.62581706
44.65776966
44.69664952
44.74250656
44.78379974
44.83433569
44.89405748
44.97671334
45.07299146
45.18296453
45.3088308
45.43908397
45.58520828
45.71985071
45.82027073
45.88417553
45.91156406
45.91612818
45.92069366
45.92525854
45.95036717
45.97091186
45.98232543
46.01414929
46.04376388
46.07568722
46.10534663
46.13267629
46.17371413
46.20572393
46.22871577
46.26306636
46.2789996
46.30171875
46.3380225
46.36532483
46.40186901
46.44290109
46.47939996
46.50680311
46.52047569
46.52047569
46.52945665
46.56108667
46.61763636
46.68995438
46.7440409
46.78441591
46.83848266
46.91099184
46.99270574
47.08345902
47.16067221
47.20835215
47.21519023
47.21519023
47.21519023
47.21519023
47.21519023
47.20621492
47.19731141
47.19317204
47.2028006
47.19025626
47.15502739
47.1130035
47.07770241
47.06521894
47.06152026
47.0731976
47.07351306
47.07608828
47.0855111
47.09051377
47.08903247
47.09435442
47.11098454
47.11844364
47.11910871
47.12202585
47.12497276
47.13276123
47.1399854
47.14018907
47.14501232
47.14501232
47.14077893
47.14861204
47.14606482
47.14360644
47.1456294
47.14822102
47.14510549
47.15352022
47.16007619
47.15422899
47.12770005
47.10518266
47.09632885
47.08094912
47.07058293
47.07040754
47.07056558
47.06547277
47.0658459
47.06154787
47.0675218
47.07817083
47.09293488
47.09900854
47.08850267
47.07665823
47.07212756
47.06744049
47.07697329
47.08203162
47.08354752
47.08173799
47.06662085
47.05704335
47.05096073
47.05776164
47.0579009
47.06191041
47.06403196
47.06827611
47.05770942
47.04988874
47.03848658
47.03003297
47.0258064
47.02222551
47.02499702
47.01660411
46.99830456
46.97495542
46.96495893
46.95988254
46.95973689
46.95053926
46.94426276
46.93034715
46.9212801
46.91150531
46.9059578
46.90335634
46.8944489
46.88566044
46.88119764
46.86062127
46.84612107
46.83657146
46.83957389
46.83842365
46.82617848
46.79915824
46.78911323
46.78110628
46.76524341
46.76338861
46.76016756
46.75421618
46.74987356
46.75628216
46.74870338
46.73609719
46.73313522
46.72720233
46.71695038
46.72192228
46.72119823
46.70993368
46.68738234
46.67157717
46.64192815
46.62537542
46.60847625
46.58674927
46.58168415
46.571957
46.55816703
46.55504775
46.54414413
46.52515893
46.51065241
46.50310027
46.50459093
46.51239234
46.51800835
46.5277069
46.52264614
46.5139728
46.50576531
46.49625903
46.48473807
46.47438451
46.47036732
46.48828902
46.50215719
46.52872903
46.5547207
46.58627543
46.60159775
46.62814063
46.65905592
46.68616042
46.69649943
46.69577773
46.69914753
46.71675165
46.75445232
46.76977478
46.77759915
46.77845237
46.77520241
46.77857054
46.78194481
46.80523256
46.83080596
46.86433389
46.88479804
46.88479804
46.88479804
46.88991433
46.88991433
46.90070784
46.9330446
46.97665606
46.99082089
46.99238523
46.99681328
47.01192229
47.02311771
47.03875134
47.04747965
47.06930206
47.10626168
47.11489609
47.09433893
47.04906704
46.97917454
46.92691578
46.90663246
46.90156188
46.90156188
46.89467625
46.89614174
46.90469809
46.9284024
46.94317636
46.93437
46.93237159
46.93109658
46.9412842
46.97020626
47.02479843
47.08593078
47.16616898
47.24263495
47.2671005
47.25675244
47.25313071
47.25308836
47.28520352
47.30966441
47.34636636
47.36866853
47.39099399
47.39813985
47.40924453
47.4190096
47.42596037
47.42948282
47.42637627
47.41192711
47.4156431
47.40897846
47.40241186
47.40665286
47.41333264
47.42495896
47.44803901
47.45537547
47.44314846
47.44745597
47.46102902
47.47976591
47.50321576
47.53139768
47.5544941
47.57723197
47.60258879
47.61617633
47.62888507
47.64308776
47.65672995
47.68546394
47.72415461
47.75270435
47.76017799
47.7642681
47.7686443
47.7770023
47.79021407
47.79355022
47.79056431
47.80740257
47.82427934
47.84363325
47.86037913
47.88570338
47.90096187
47.93504052
47.98926764
48.04488477
48.10565121
48.16020532
48.19124048
48.20010788
48.23165178
48.27090104
48.30878813
48.32901016
48.36296781
48.39697976
48.41438623
48.43908992
48.4614359
48.4839382
48.51147351
48.56744086
48.64702736
48.72093965
48.78515722
48.84587524
48.87165398
48.89489958
48.91538945
48.92814481
48.92570166
48.92570166
48.92570166
48.91837764
48.92360319
48.92290992
48.92110109
48.9327746
48.96551359
48.98709412
49.00741909
49.01680616
49.03251701
49.04851788
49.0770826
49.11865906
49.16081806
49.20810876
49.27807782
49.34804306
49.40191272
49.45127168
49.50080028
49.52848215
49.55716189
49.55467246
49.5722807
49.61256236
49.64030833
49.63595587
49.62974087
49.63721914
49.64432365
49.64701684
49.64701684
49.65434622
49.66573261
49.68699138
49.70586066
49.71302732
49.73857187
49.7545379
49.77997798
49.80075022
49.82173828
49.85775922
49.88633308
49.89399249
49.8970014
49.88928579
49.89790013
49.90660905
49.90442986
49.9049384
49.89886511
49.89398757
49.88772212
49.88176188
49.88342831
49.87973582
49.88055718
49.88055718
49.87672285
49.87289207
49.86906485
49.86328884
49.85560846
49.84523264
49.82930398
49.81731487
49.80825638
49.80225365
49.80394495
49.84021561
49.882845
49.89367248
49.91485544
49.92318033
49.92211931
49.92842876
49.95024224
49.98133361
49.99939888
50.02616333
50.03989453
50.0494456
50.06871441
50.08446654
50.10199825
50.11485346
50.13062323
50.13482509
50.14145656
50.14502777
50.14553084
50.14395246
50.15059595
50.17030929
50.19015428
50.2068322
50.2285476
50.27034243
50.30896394
50.35478622
50.39746592
50.43852601
50.48105161
50.53603933
50.57461182
50.57629476
50.57621352
50.56755607
50.56755607
50.57857758
50.57643353
50.58535332
50.59224027
50.62006282
50.64804181
50.68439418
50.72465083
50.74989595
50.7804423
50.80322723
50.84833394
50.90076347
50.95131965
51.02468709
51.10298523
51.16634314
51.21702475
51.23140261
51.22095624
51.23245542
51.23452612
51.25508065
51.2680979
51.28465747
51.29548484
51.29461513
51.28525907
51.28020681
51.28692121
51.28433581
51.2889415
51.28371747
51.29022911
51.30447222
51.30819207
51.31693928
51.31022348
51.31174449
51.31545443
51.32314169
51.3300591
51.33600415
51.33733228
51.347004
51.37079994
51.37676762
51.37535285
51.38432251
51.37576696
51.37692373
51.3901078
51.39190342
51.40692324
51.4231583
51.44062862
51.45578619
51.47108663
51.46187088
51.46478487
51.45102274
51.45783137
51.45192933
51.43470772
51.41591786
51.39180417
51.37485959
51.35733946
51.33639081
51.32122564
51.31706771
51.30862402
51.30273772
51.30071129
51.29182028
51.27196736
51.25625031
51.24616758
51.24039332
51.22362301
51.22493571
51.23314991
51.23440805
51.23698606
51.23668302
51.22936999
51.22077373
51.19985829
51.18040253
51.17206809
51.16498825
51.1647071
51.15463835
51.13080065
51.10717002
51.09073224
51.06481237
51.02797529
50.98602136
50.92949312
50.87885449
50.84716003
50.82880775
50.82339889
50.82339889
50.82339889
50.82339889
50.82490649
50.8167966
50.8129022
50.81322573
50.80933982
50.81237219
50.821144
50.82453571
50.8198687
50.81830593
50.82257277
50.79660257
50.77101719
50.74469742
50.71336831
50.6777599
50.64949519
50.62560114
50.61430088
50.61430088
50.61859512
50.62198981
50.6218981
50.63630373
50.64914769
50.6516738
50.67256255
50.6788682
50.68606005
50.67546977
50.66693056
50.6745937
50.67202688
50.67945298
50.68536107
50.69478658
50.70496099
50.71441599
50.72042036
50.71645866
50.70907905
50.70027558
50.68679104
50.69301314
50.70280876
50.71656499
50.68802487
50.66070303
50.65591603
50.64634614
50.65438435
50.6714194
50.6680718
50.65142281
50.62996933
50.61927698
50.61355228
50.6171284
50.61883745
50.62500433
50.62831654
50.64421547
50.65098944
50.65443239
50.64861797
50.63917972
50.64568443
50.65182953
50.65182953
50.6537271
50.66087885
50.66484006
50.674632
50.6822192
50.68412323
50.66708809
50.64851632
50.63691857
50.62996347
50.63119544
50.61394125
50.61573644
50.59968312
50.57179266
50.51089215
50.43274617
50.34646462
50.26554145
50.19169418
50.09426305
50.0067011
49.94875058
49.91460183
49.91042038
49.90624984
49.90246778
49.89676733
49.90396565
49.90882838
49.9087976
49.92175406
49.91080719
49.86954969
49.78743206
49.63403659
49.3331678
48.89454549
48.39646631
47.93710527
47.62812676
47.45333476
47.34827666
47.2906506
47.22620633
47.09506383
46.89691118
46.63058721
46.33086945
46.01215372
45.67783427
45.2704094
44.76527539
44.19048042
43.50986028
42.76327943
41.94145557
41.07147189
40.15477414
39.2596747
44.88974104
