4.9399
4.9846
5.0088
5.0122
5.0268
5.0360
5.0015
4.9521
4.9152
4.8769
4.8409
4.8567
4.9191
4.9796
5.0129
5.0326
5.0316
4.9847
4.9790
4.9869
4.9869
4.9818
5.0071
5.0136
4.9895
4.9553
4.9000
4.8545
4.8302
4.7882
4.7692
4.7389
4.7247
4.7342
4.7450
4.7321
4.6843
4.6303
4.5864
4.5619
4.5765
4.5845
4.5588
4.4960
4.4395
4.4012
4.3332
4.2433
4.1632
4.1275
4.1464
4.1728
4.1523
4.1410
4.1306
4.1266
4.1213
4.1411
4.1396
4.1082
4.0887
4.0730
4.0163
3.8983
3.8103
3.7588
3.6942
3.6287
3.6024
3.5746
3.5404
3.5143
3.5038
3.4958
3.4746
3.4441
3.4240
3.3839
3.3321
3.2912
3.2831
3.2603
3.2734
3.2894
3.3171
3.3156
3.2854
3.2512
3.2142
3.1522
3.0769
3.0014
2.8994
2.7829
2.6849
2.6662
2.6556
2.6332
2.5804
2.5394
2.5275
2.4876
2.4081
2.2810
2.1050
1.9254
1.8172
1.7262
1.6458
1.5629
1.4998
1.4856
1.4647
1.4713
1.4622
1.4346
1.4175
1.4175
1.4149
1.4042
1.4132
1.4617
1.4933
1.4734
1.4679
1.5063
1.5988
1.7030
1.8533
2.0751
2.3324
2.5754
2.7870
3.0091
3.2582
3.5412
3.8684
4.1863
4.4510
4.6814
4.8386
4.9245
4.9777
5.0022
4.9962
4.9982
5.0073
5.0099
4.9842
4.9174
4.8345
4.7116
4.5491
4.4297
4.3537
4.3215
4.3425
4.3816
4.4126
4.4015
4.4243
4.4454
4.4271
4.3492
4.2533
4.1339
4.0345
3.9744
3.9464
3.9486
3.9408
3.9254
3.9370
3.9289
3.8899
3.8697
3.8530
3.8341
3.8146
3.8262
3.8250
3.8014
3.7624
3.7195
3.6544
3.6295
3.5964
3.5296
3.4210
3.3161
3.2348
3.1460
3.0845
3.0332
2.9961
2.9358
2.9281
2.9477
2.9711
2.9673
2.9452
2.9334
2.9094
2.8644
2.7893
2.6762
2.5527
2.4767
2.4648
2.5105
2.5366
2.5325
2.5205
2.5072
2.4492
2.3885
2.3264
2.2644
2.2063
2.1759
2.1573
2.1231
2.0730
1.9964
1.9000
1.8022
1.7624
1.6949
1.6166
1.4906
1.3633
1.2838
1.2424
1.2473
1.2420
1.2523
1.2508
1.2336
1.2084
1.1487
1.0747
0.9872
0.8983
0.8215
0.7474
0.6589
0.5463
0.4573
0.3791
0.3058
0.2696
0.2579
0.2290
0.1864
0.1414
0.1091
0.0837
0.0518
-0.0398
-0.1313
-0.2322
-0.3145
-0.3914
-0.4199
-0.3957
-0.3699
-0.3621
-0.3876
-0.4264
-0.4652
-0.5202
-0.5839
-0.7162
-0.9004
-1.0783
-1.2329
-1.3393
-1.4077
-1.4264
-1.4179
-1.4102
-1.4507
-1.4944
-1.5107
-1.5310
-1.5607
-1.5996
-1.6947
-1.8288
-1.9675
-2.0953
-2.1959
-2.2785
-2.3583
-2.4059
-2.4330
-2.4611
-2.5261
-2.5785
-2.6275
-2.6880
-2.8125
-2.9724
-3.1152
-3.2374
-3.3617
-3.4949
-3.5885
-3.6411
-3.6888
-3.7461
-3.7884
-3.8039
-3.8411
-3.8817
-3.9279
-3.9740
-4.0189
-4.0492
-4.0684
-4.0928
-4.1436
-4.2187
-4.3070
-4.4066
-4.4896
-4.5633
-4.6326
-4.6958
-4.7633
-4.8631
-4.9516
-5.0231
-5.0719
-5.1267
-5.1759
-5.2324
-5.3078
-5.3737
-5.4077
-5.4416
-5.4926
-5.5493
-5.6021
-5.6852
-5.8045
-5.9217
-6.0198
-6.1201
-6.2301
-6.3324
-6.4234
-6.5257
-6.6297
-6.7485
-6.8885
-7.0171
-7.1477
-7.2405
-7.3449
-7.4530
-7.5441
-7.6144
-7.6713
-7.7434
-7.8250
-7.9046
-7.9707
-8.0729
-8.1847
-8.2888
-8.3909
-8.4894
-8.5770
-8.6455
-8.6758
-8.7024
-8.7482
-8.8260
-8.9168
-9.0044
-9.1181
-9.2619
-9.4398
-9.5897
-9.6818
-9.7470
-9.8200
-9.9000
-9.9928
-10.0671
-10.1345
-10.1605
-10.2012
-10.2405
-10.2955
-10.3313
-10.3707
-10.4107
-10.4426
-10.4710
-10.5182
-10.5690
-10.6353
-10.6993
-10.7619
-10.8038
-10.8514
-10.9234
-11.0124
-11.1024
-11.1817
-11.2589
-11.3538
-11.4316
-11.5190
-11.6269
-11.7172
-11.7790
-11.8372
-11.9300
-12.0639
-12.2239
-12.3978
-12.5864
-12.7916
-12.9788
-13.1274
-13.2071
-13.2237
-13.2342
-13.2708
-13.3391
-13.4146
-13.4973
-13.5828
-13.6506
-13.7233
-13.7968
-13.8606
-13.9186
-13.9681
-14.0078
-14.0556
-14.1294
-14.2034
-14.2873
-14.3535
-14.4235
-14.5134
-14.5971
-14.6820
-14.7663
-14.8031
-14.8137
-14.8350
-14.8777
-14.9308
-14.9849
-15.0548
-15.1236
-15.1913
-15.2467
-15.3056
-15.3806
-15.4436
-15.5057
-15.5733
-15.6529
-15.7075
-15.7445
-15.7803
-15.8460
-15.9608
-16.0683
-16.1572
-16.2331
-16.2974
-16.3737
-16.4404
-16.5159
-16.5783
-16.6371
-16.6734
-16.7002
-16.7210
-16.7423
-16.7670
-16.8214
-16.8745
-16.9055
-16.9436
-16.9944
-17.0530
-17.0877
-17.1429
-17.1972
-17.2650
-17.3236
-17.3957
-17.4644
-17.5499
-17.6350
-17.6952
-17.7312
-17.7629
-17.7957
-17.7980
-17.7995
-17.7995
-17.7995
-17.7995
-17.8164
-17.8235
-17.8305
-17.8317
-17.8495
-17.8836
-17.9019
-17.9281
-17.9794
-18.0299
-18.0608
-18.0856
-18.1096
-18.1206
-18.1320
-18.1598
-18.1804
-18.1971
-18.2040
-18.2041
-18.2109
-18.2239
-18.2649
-18.2846
-18.3014
-18.3119
-18.3390
-18.3896
-18.4730
-18.5834
-18.6514
-18.7162
-18.7657
-18.8170
-18.8674
-18.8911
-18.8921
-18.8787
-18.8997
-18.9294
-18.9656
-18.9718
-18.9935
-19.0173
-19.0136
-18.9924
-19.0016
-19.0089
-18.9942
-18.9703
-18.9249
-18.8673
-18.8166
-18.7729
-18.7257
-18.7279
-18.7744
-18.8145
-18.8513
-18.8426
-18.8117
-18.7403
-18.6772
-18.6540
-18.6401
-18.6506
-18.6363
-18.5947
-18.5353
-18.4814
-18.4487
-18.4166
-18.3627
-18.2968
-18.2312
-18.1807
-18.1116
-18.0396
-17.9784
-17.9331
-17.9146
-17.9171
-17.9276
-17.9128
-17.8767
-17.8566
-17.8362
-17.8124
-17.7813
-17.7840
-17.7633
-17.7402
-17.7019
-17.6404
-17.6087
-17.5929
-17.5825
-17.5418
-17.5061
-17.4911
-17.4879
-17.4820
-17.4703
-17.4430
-17.4047
-17.3859
-17.3971
-17.4108
-17.3828
-17.3198
-17.2375
-17.1461
-17.0724
-17.0171
-16.9865
-16.9545
-16.9303
-16.8883
-16.8248
-16.7406
-16.6686
-16.6245
-16.6365
-16.6791
-16.7024
-16.6919
-16.6150
-16.5192
-16.4138
-16.3188
-16.2410
-16.1451
-16.0523
-15.9645
-15.8619
-15.7425
-15.6125
-15.4775
-15.3302
-15.2058
-15.1179
-15.0736
-15.0138
-14.9178
-14.8184
-14.7124
-14.6310
-14.5702
-14.5217
-14.4732
-14.4198
-14.3697
-14.3196
-14.2801
-14.2301
-14.1236
-13.9921
-13.8845
-13.7876
-13.6880
-13.6080
-13.5450
-13.4739
-13.3925
-13.3292
-13.2795
-13.2252
-13.1619
-13.1054
-13.0478
-12.9983
-12.9658
-12.9163
-12.8545
-12.7894
-12.7310
-12.6436
-12.5226
-12.3960
-12.2716
-12.1596
-12.0553
-11.9455
-11.8312
-11.7135
-11.6070
-11.4804
-11.3762
-11.3045
-11.2709
-11.2462
-11.2159
-11.1588
-11.0636
-10.9582
-10.8563
-10.7834
-10.7173
-10.6367
-10.5348
-10.4274
-10.3426
-10.2800
-10.2173
-10.1031
-9.9834
-9.8769
-9.7702
-9.6485
-9.5460
-9.4869
-9.4546
-9.4347
-9.4004
-9.3551
-9.2810
-9.2099
-9.1215
-8.9873
-8.8388
-8.6964
-8.5787
-8.4844
-8.4023
-8.3420
-8.2852
-8.2102
-8.1194
-8.0086
-7.8798
-7.7759
-7.7025
-7.6452
-7.5776
-7.5192
-7.4345
-7.3354
-7.2079
-7.1106
-7.0171
-6.8920
-6.7349
-6.5936
-6.4948
-6.4312
-6.4118
-6.4012
-6.3642
-6.3219
-6.2884
-6.2373
-6.1404
-6.0027
-5.8633
-5.6991
-5.5296
-5.4061
-5.2984
-5.2100
-5.1270
-5.0456
-4.9482
-4.8034
-4.6589
-4.5160
-4.3376
-4.1419
-3.9729
-3.8403
-3.7553
-3.6919
-3.6479
-3.6140
-3.5769
-3.5330
-3.4607
-3.3777
-3.2487
-3.1166
-2.9844
-2.9034
-2.8662
-2.8574
-2.8450
-2.7888
-2.7115
-2.6269
-2.5458
-2.4590
-2.3604
-2.2634
-2.1505
-2.0361
-1.9093
-1.7600
-1.6047
-1.4435
-1.3252
-1.2485
-1.1972
-1.1569
-1.1350
-1.1021
-1.0365
-0.9592
-0.8724
-0.7608
-0.6414
-0.5729
-0.5458
-0.5151
-0.4737
-0.4203
-0.3707
-0.2862
-0.1755
-0.0674
0.0191
0.1079
0.1968
0.2810
0.3489
0.4356
0.5363
0.6085
0.6831
0.7241
0.7416
0.7566
0.7752
0.8286
0.8833
0.9566
1.0510
1.1667
1.2612
1.3444
1.4201
1.5295
1.6365
1.7511
1.8483
1.9130
1.9655
1.9944
2.0184
2.0413
2.0764
2.1027
2.1439
2.1863
2.2200
2.2562
2.3011
2.3498
2.3986
2.4683
2.5704
2.6929
2.8284
2.9639
3.0555
3.1273
3.1878
3.2180
3.2256
3.2332
3.2559
3.2671
3.2823
3.2943
3.3454
3.4304
3.5395
3.6715
3.7832
3.8555
3.9348
4.0204
4.0892
4.1168
4.1358
4.1511
4.1587
4.1741
4.1931
4.2158
4.2346
4.2635
4.3230
4.3916
4.4303
4.4560
4.5047
4.5930
4.6581
4.7002
4.7142
4.7143
4.6904
4.6805
4.6635
4.6600
4.6562
4.6617
4.6794
4.6879
4.6948
4.6637
4.6248
4.5733
4.4911
4.3977
4.3309
4.3082
4.2782
4.2625
4.2372
4.1893
4.1470
4.1222
4.0755
4.0337
4.0255
4.0360
4.0207
3.9418
3.8415
3.7236
3.5631
3.3823
3.2361
3.1851
3.1791
