-0.6008
-0.5992
-0.6288
-0.6700
-0.6903
-0.6820
-0.6977
-0.7328
-0.7848
-0.8150
-0.8498
-0.8854
-0.9125
-0.9433
-0.9817
-1.0047
-0.9777
-0.9630
-0.9423
-0.9277
-0.9131
-0.8970
-0.9147
-0.8650
-0.7799
-0.7246
-0.7737
-0.9000
-1.0032
-1.0664
-1.1089
-1.1383
-1.1972
-1.2336
-1.2629
-1.2783
-1.2822
-1.3092
-1.3446
-1.4178
-1.4909
-1.5408
-1.5068
-1.4140
-1.3359
-1.3441
-1.4284
-1.5491
-1.5661
-1.5241
-1.4588
-1.4533
-1.5369
-1.6468
-1.6576
-1.5790
-1.4657
-1.3440
-1.1843
-1.0845
-1.0841
-1.1514
-1.1896
-1.1819
-1.1566
-1.0959
-1.0212
-0.9750
-0.9627
-0.9367
-0.9009
-0.8706
-0.8268
-0.7648
-0.7466
-0.7953
-0.8743
-0.9881
-1.0941
-1.1324
-1.1486
-1.1471
-1.1328
-1.0749
-1.0391
-1.0391
-1.0765
-1.1055
-1.1147
-1.1415
-1.1508
-1.1724
-1.2255
-1.2687
-1.2751
-1.2875
-1.3322
-1.3907
-1.4102
-1.4012
-1.4243
-1.4606
-1.5145
-1.5846
-1.6509
-1.7102
-1.7680
-1.8349
-1.9258
-2.0276
-2.0978
-2.1403
-2.1859
-2.2747
-2.3744
-2.4577
-2.5248
-2.5771
-2.6463
-2.7269
-2.8112
-2.8618
-2.8858
-2.8782
-2.8668
-2.8706
-2.9102
-2.9826
-3.0344
-3.0752
-3.1161
-3.1455
-3.1603
-3.1640
-3.1826
-3.2175
-3.2322
-3.2453
-3.2655
-3.3358
-3.4188
-3.5280
-3.6482
-3.7371
-3.8134
-3.8986
-3.9986
-4.0800
-4.1523
-4.2188
-4.3002
-4.3633
-4.4226
-4.4766
-4.5194
-4.5509
-4.5861
-4.6361
-4.7161
-4.8016
-4.8817
-4.9990
-5.1145
-5.2374
-5.3659
-5.4572
-5.4928
-5.4965
-5.5114
-5.5654
-5.6475
-5.7317
-5.7839
-5.8474
-5.8941
-5.9297
-5.9801
-6.0680
-6.1596
-6.2567
-6.3800
-6.5128
-6.6063
-6.6847
-6.7760
-6.8992
-7.0487
-7.1794
-7.2745
-7.3156
-7.3305
-7.3454
-7.3714
-7.3900
-7.4086
-7.4495
-7.5089
-7.5795
-7.6225
-7.6410
-7.6504
-7.6881
-7.7088
-7.7202
-7.7855
-7.8774
-7.9538
-7.9985
-8.0394
-8.0897
-8.1514
-8.1924
-8.1981
-8.2018
-8.2131
-8.2282
-8.2396
-8.2510
-8.2921
-8.3950
-8.5167
-8.6216
-8.6950
-8.7425
-8.7768
-8.8129
-8.8824
-8.9560
-9.0390
-9.0996
-9.1669
-9.2139
-9.2342
-9.2488
-9.2843
-9.3398
-9.3969
-9.4525
-9.4803
-9.5028
-9.5425
-9.5990
-9.6325
-9.6697
-9.7278
-9.8069
-9.8934
-9.9594
-9.9978
-10.0094
-10.0151
-10.0529
-10.1093
-10.1716
-10.2333
-10.2762
-10.3075
-10.3474
-10.4105
-10.4787
-10.5621
-10.6396
-10.7070
-10.7401
-10.7614
-10.7874
-10.8416
-10.9110
-10.9945
-11.0725
-11.1519
-11.2219
-11.3091
-11.3719
-11.4043
-11.4548
-11.5189
-11.5862
-11.6159
-11.6375
-11.6766
-11.7296
-11.7687
-11.8046
-11.8558
-11.9401
-12.0445
-12.1359
-12.1990
-12.2741
-12.3562
-12.4473
-12.4831
-12.5234
-12.5574
-12.5763
-12.5834
-12.5940
-12.6507
-12.7286
-12.8100
-12.8713
-12.9000
-12.9381
-13.0100
-13.1029
-13.1746
-13.2275
-13.2654
-13.3194
-13.3945
-13.4427
-13.4978
-13.5576
-13.6199
-13.6600
-13.6815
-13.7295
-13.7974
-13.8407
-13.8791
-13.8968
-13.9247
-13.9457
-13.9701
-13.9948
-14.0163
-14.0554
-14.1322
-14.2437
-14.3436
-14.4236
-14.4830
-14.5420
-14.5869
-14.6182
-14.6322
-14.6391
-14.6496
-14.6703
-14.6979
-14.7187
-14.7313
-14.7154
-14.6842
-14.6792
-14.6893
-14.7001
-14.7047
-14.7534
-14.8052
-14.8277
-14.7735
-14.6822
-14.5760
-14.5118
-14.5271
-14.5749
-14.5857
-14.5058
-14.3983
-14.3233
-14.2752
-14.2484
-14.2387
-14.2422
-14.2233
-14.1567
-14.0847
-14.0367
-13.9921
-13.9381
-13.8838
-13.8581
-13.8842
-13.9004
-13.8696
-13.7987
-13.7277
-13.6831
-13.6669
-13.6586
-13.6712
-13.6828
-13.6419
-13.5543
-13.4606
-13.3842
-13.3456
-13.3254
-13.3086
-13.2711
-13.2198
-13.1674
-13.0956
-12.9932
-12.8680
-12.7451
-12.6334
-12.5299
-12.4423
-12.3694
-12.2895
-12.2245
-12.1299
-12.0286
-11.9091
-11.7919
-11.6804
-11.5701
-11.4702
-11.4146
-11.3750
-11.3206
-11.2606
-11.1848
-11.1033
-11.0582
-11.0357
-11.0075
-10.9512
-10.9231
-10.9028
-10.8994
-10.8778
-10.8584
-10.8403
-10.8131
-10.7929
-10.7782
-10.7497
-10.6997
-10.6239
-10.5333
-10.4531
-10.4134
-10.3827
-10.3305
-10.2706
-10.2072
-10.1787
-10.1412
-10.0708
-10.0213
-9.9976
-9.9523
-9.8667
-9.7720
-9.6634
-9.5312
-9.3984
-9.3269
-9.2992
-9.2714
-9.2216
-9.1598
-9.1036
-9.0259
-8.9232
-8.8099
-8.7002
-8.6030
-8.5168
-8.4301
-8.3565
-8.2969
-8.2338
-8.1922
-8.1522
-8.0958
-8.0374
-7.9506
-7.8853
-7.8361
-7.7982
-7.7564
-7.7093
-7.6765
-7.6531
-7.6172
-7.5830
-7.5378
-7.4978
-7.4467
-7.3816
-7.3062
-7.1701
-7.0643
-6.9890
-6.9122
-6.8120
-6.6871
-6.5855
-6.5124
-6.4500
-6.3894
-6.3377
-6.2824
-6.2093
-6.1505
-6.0490
-5.9117
-5.7764
-5.7052
-5.6625
-5.6109
-5.5593
-5.5202
-5.4526
-5.3371
-5.2038
-5.0740
-4.9602
-4.8871
-4.8139
-4.7284
-4.6555
-4.5840
-4.5285
-4.4983
-4.4681
-4.4076
-4.3201
-4.2632
-4.2202
-4.1631
-4.0760
-3.9998
-3.9588
-3.9122
-3.8427
-3.7573
-3.6594
-3.5595
-3.4757
-3.4185
-3.3686
-3.3150
-3.2739
-3.2594
-3.2089
-3.1532
-3.0918
-3.0263
-2.9284
-2.7971
-2.6656
-2.5518
-2.4505
-2.3512
-2.2863
-2.2533
-2.2386
-2.2334
-2.2334
-2.2172
-2.1826
-2.1340
-2.0890
-2.0513
-2.0048
-1.9582
-1.9095
-1.8483
-1.7966
-1.7552
-1.7294
-1.6999
-1.6763
-1.6579
-1.6247
-1.5686
-1.5073
-1.4371
-1.3661
-1.3314
-1.2981
-1.2803
-1.2396
-1.2063
-1.1877
-1.1506
-1.1025
-1.0462
-1.0025
-0.9690
-0.9377
-0.8885
-0.8467
-0.7723
-0.7018
-0.6198
-0.5430
-0.4966
-0.4599
-0.4412
-0.4299
-0.4075
-0.3737
-0.3461
-0.3386
-0.3312
-0.3036
-0.2721
-0.2308
-0.1718
-0.0723
0.0164
0.0429
0.0057
-0.0282
-0.0413
-0.0430
-0.0141
0.0034
-0.0089
-0.0199
-0.0279
-0.0539
-0.0851
-0.1111
-0.1163
-0.1238
-0.1238
-0.1238
-0.1238
-0.1046
-0.0585
0.0071
0.1379
0.3101
0.4253
0.4481
0.3115
0.1098
-0.1162
-0.1950
9.2636
