-4.591766
-4.794418
-4.997044
-5.199616
-5.402107
-5.604492
-5.806743
-6.008832
-6.210735
-6.412423
-6.613871
-6.815051
-7.015937
-7.216503
-7.416721
-7.616566
-7.816011
-8.015029
-8.213595
-8.411682
-8.609263
-8.806314
-9.002807
-9.198716
-9.394016
-9.588682
-9.782686
-9.976004
-10.168610
-10.360478
-10.551583
-10.741900
-10.931404
-11.120070
-11.307872
-11.494786
-11.680786
-11.865850
-12.049951
-12.233066
-12.415171
-12.596241
-12.776252
-12.955181
-13.133004
-13.309698
-13.485238
-13.659602
-13.832767
-14.004710
-14.175408
-14.344839
-14.512980
-14.679809
-14.845303
-15.009442
-15.172203
-15.333565
-15.493506
-15.652005
-15.809042
-15.964595
-16.118644
-16.271169
-16.422149
-16.571564
-16.719396
-16.865623
-17.010227
-17.153189
-17.294490
-17.434111
-17.572033
-17.708239
-17.842710
-17.975429
-18.106377
-18.235539
-18.362896
-18.488432
-18.612130
-18.733974
-18.853947
-18.972035
-19.088220
-19.202489
-19.314825
-19.425214
-19.533642
-19.640093
-19.744554
-19.847012
-19.947452
-20.045861
-20.142226
-20.236535
-20.328775
-20.418933
-20.506999
-20.592960
-20.676804
-20.758522
-20.838101
-20.915532
-20.990804
-21.063907
-21.134832
-21.203569
-21.270109
-21.334443
-21.396564
-21.456462
-21.514129
-21.569559
-21.622743
-21.673675
-21.722348
-21.768755
-21.812891
-21.854749
-21.894325
-21.931612
-21.966606
-21.999302
-22.029696
-22.057783
-22.083561
-22.107026
-22.128175
-22.147004
-22.163511
-22.177695
-22.189553
-22.199084
-22.206286
-22.211158
-22.213701
-22.213913
-22.211795
-22.207346
-22.200568
-22.191460
-22.180026
-22.166265
-22.150180
-22.131774
-22.111047
-22.088004
-22.062646
-22.034979
-22.005004
-21.972726
-21.938150
-21.901280
-21.862121
-21.820678
-21.776956
-21.730961
-21.682700
-21.632179
-21.579404
-21.524382
-21.467122
-21.407629
-21.345913
-21.281980
-21.215841
-21.147503
-21.076976
-21.004268
-20.929390
-20.852351
-20.773162
-20.691833
-20.608375
-20.522798
-20.435115
-20.345336
-20.253474
-20.159541
-20.063549
-19.965511
-19.865439
-19.763348
-19.659250
-19.553160
-19.445091
-19.335058
-19.223075
-19.109157
-18.993319
-18.875576
-18.755945
-18.634440
-18.511078
-18.385876
-18.258849
-18.130014
-17.999390
-17.866992
-17.732838
-17.596947
-17.459335
-17.320022
-17.179026
-17.036365
-16.892058
-16.746125
-16.598584
-16.449455
-16.298758
-16.146513
-15.992740
-15.837459
-15.680690
-15.522456
-15.362775
-15.201671
-15.039163
-14.875273
-14.710024
-14.543436
-14.375532
-14.206335
-14.035866
-13.864147
-13.691203
-13.517055
-13.341727
-13.165242
-12.987623
-12.808893
-12.629077
-12.448198
-12.266280
-12.083347
-11.899423
-11.714533
-11.528701
-11.341951
-11.154309
-10.965799
-10.776446
-10.586275
-10.395311
-10.203579
-10.011106
-9.817916
-9.624034
-9.429488
-9.234301
-9.038500
-8.842112
-8.645161
-8.447674
-8.249677
-8.051197
-7.852259
-7.652890
-7.453116
-7.252963
-7.052459
-6.851629
-6.650500
-6.449099
-6.247453
-6.045587
-5.843530
-5.641306
-5.438944
-5.236470
-5.033910
-4.831293
-4.628643
-4.425988
-4.223356
-4.020772
-3.818264
-3.615858
-3.413581
-3.211460
-3.009521
-2.807792
-2.606298
-2.405068
-2.204126
-2.003500
-1.803216
-1.603302
-1.403782
-1.204684
-1.006034
-0.807858
-0.610183
-0.413034
-0.216438
-0.020420
0.174993
0.369776
0.563902
0.757347
0.950084
1.142089
1.333335
1.523797
1.713451
1.902271
2.090232
2.277309
2.463478
2.648714
2.832992
3.016289
3.198579
3.379839
3.560045
3.739172
3.917198
4.094099
4.269851
4.444431
4.617816
4.789983
4.960909
5.130572
5.298949
5.466019
5.631758
5.796145
5.959158
6.120776
6.280977
6.439740
6.597045
6.752869
6.907194
7.059997
7.211260
7.360962
7.509083
7.655603
7.800504
7.943767
8.085371
8.225299
8.363532
8.500051
8.634839
8.767878
8.899150
9.028638
9.156325
9.282193
9.406227
9.528409
9.648724
9.767156
9.883689
9.998308
10.110997
10.221741
10.330527
10.437339
10.542163
10.644986
10.745794
10.844574
10.941312
11.035996
11.128613
11.219152
11.307599
11.393944
11.478174
11.560279
11.640248
11.718071
11.793737
11.867235
11.938557
12.007693
12.074634
12.139370
12.201894
12.262197
12.320271
12.376108
12.429701
12.481044
12.530128
12.576948
12.621498
12.663771
12.703762
12.741466
12.776878
12.809992
12.840805
12.869313
12.895512
12.919398
12.940968
12.960219
12.977149
12.991756
13.004037
13.013992
13.021618
13.026914
13.029881
13.030517
13.028822
13.024798
13.018443
13.009760
12.998749
12.985411
12.969749
12.951765
12.931460
12.908838
12.883902
12.856654
12.827099
12.795240
12.761082
12.724629
12.685886
12.644858
12.601550
12.555969
12.508120
12.458009
12.405644
12.351031
12.294177
12.235090
12.173777
12.110248
12.044509
11.976571
11.906441
11.834129
11.759646
11.682999
11.604201
11.523260
11.440188
11.354997
11.267696
11.178298
11.086814
10.993257
10.897638
10.799971
10.700269
10.598544
10.494811
10.389082
10.281372
10.171695
10.060066
9.946499
9.831009
9.713612
9.594323
9.473158
9.350133
9.225264
9.098568
8.970061
8.839761
8.707684
8.573849
8.438272
8.300973
8.161968
8.021276
7.878917
7.734908
7.589269
7.442020
7.293178
7.142765
6.990800
6.837304
6.682295
6.525796
6.367827
6.208408
6.047561
5.885307
5.721667
5.556663
5.390318
5.222652
5.053688
4.883448
4.711956
4.539233
4.365302
4.190187
4.013911
3.836496
3.657967
3.478347
3.297660
3.115929
2.933179
2.749433
2.564717
2.379055
2.192470
2.004988
1.816634
1.627433
1.437409
1.246587
1.054994
0.862653
0.669592
0.475834
0.281407
0.086335
-0.109356
-0.305640
-0.502490
-0.699881
-0.897787
-1.096182
-1.295038
-1.494331
-1.694034
-1.894119
-2.094561
-2.295334
-2.496410
-2.697764
-2.899367
-3.101195
-3.303220
-3.505415
-3.707754
-3.910210
-4.112756
-4.315365
-4.518011
-4.720666
-4.923305
-5.125900
-5.328424
-5.530850
-5.733153
-5.935304
-6.137278
-6.339047
-6.540586
-6.741866
-6.942863
-7.143548
-7.343896
-7.543880
-7.743473
-7.942650
-8.141383
-8.339647
-8.537416
-8.734662
-8.931361
-9.127486
-9.323011
-9.517910
-9.712158
-9.905729
-10.098597
-10.290736
-10.482122
-10.672729
-10.862532
-11.051505
-11.239625
-11.426864
-11.613201
-11.798608
-11.983062
-12.166539
-12.349014
-12.530464
-12.710863
-12.890189
-13.068417
-13.245524
-13.421487
-13.596282
-13.769886
-13.942276
-14.113430
-14.283325
-14.451937
-14.619246
-14.785229
-14.949864
-15.113129
-15.275002
-15.435463
-15.594489
-15.752060
-15.908156
-16.062755
-16.215837
-16.367381
-16.517369
-16.665779
-16.812592
-16.957789
-17.101351
-17.243258
-17.383493
-17.522035
-17.658868
-17.793972
-17.927331
-18.058926
-18.188740
-18.316755
-18.442956
-18.567325
-18.689845
-18.810501
-18.929277
-19.046157
-19.161125
-19.274166
-19.385265
-19.494409
-19.601581
-19.706768
-19.809956
-19.911132
-20.010282
-20.107392
-20.202451
-20.295445
-20.386363
-20.475191
-20.561919
-20.646535
-20.729028
-20.809387
-20.887601
-20.963660
-21.037553
-21.109272
-21.178807
-21.246147
-21.311285
-21.374212
-21.434920
-21.493400
-21.549645
-21.603647
-21.655400
-21.704896
-21.752128
-21.797092
-21.839779
-21.880186
-21.918307
-21.954136
-21.987668
-22.018901
-22.047828
-22.074447
-22.098754
-22.120746
-22.140420
-22.157772
-22.172802
-22.185507
-22.195884
-22.203934
-22.209655
-22.213045
-22.214106
-22.212835
-22.209235
-22.203304
-22.195044
-22.184457
-22.171542
-22.156303
-22.138741
-22.118859
-22.096658
-22.072142
-22.045315
-22.016180
-21.984740
-21.951000
-21.914964
-21.876637
-21.836024
-21.793131
-21.747963
-21.700526
-21.650827
-21.598871
-21.544667
-21.488220
-21.429539
-21.368630
-21.305504
-21.240167
-21.172628
-21.102896
-21.030981
-20.956892
-20.880638
-20.802230
-20.721679
-20.638994
-20.554187
-20.467269
-20.378252
-20.287147
-20.193966
-20.098722
-20.001427
-19.902094
-19.800736
-19.697367
-19.592000
-19.484650
-19.375330
-19.264055
-19.150839
-19.035698
-18.918647
-18.799701
-18.678876
-18.556188
-18.431654
-18.305289
-18.177110
-18.047135
-17.915381
-17.781864
-17.646603
-17.509615
-17.370920
-17.230534
-17.088476
-16.944766
-16.799423
-16.652465
-16.503911
-16.353783
-16.202099
-16.048879
-15.894145
-15.737915
-15.580212
-15.421055
-15.260467
-15.098467
-14.935078
-14.770321
-14.604217
-14.436790
-14.268061
-14.098052
-13.926786
-13.754285
-13.580572
-13.405671
-13.229604
-13.052395
-12.874067
-12.694644
-12.514149
-12.332606
-12.150039
-11.966473
-11.781932
-11.596440
-11.410021
-11.222701
-11.034504
-10.845455
-10.655578
-10.464900
-10.273445
-10.081239
-9.888307
-9.694674
-9.500366
-9.305410
-9.109829
-8.913652
-8.716903
-8.519608
-8.321794
-8.123486
-7.924712
-7.725496
-7.525867
-7.325849
-7.125469
-6.924755
-6.723732
-6.522427
-6.320867
-6.119078
-5.917087
-5.714921
-5.512606
-5.310170
-5.107638
-4.905038
-4.702397
-4.499741
-4.297098
-4.094493
-3.891954
-3.689508
-3.487181
-3.285000
-3.082992
-2.881183
-2.679601
-2.478271
-2.277221
-2.076477
-1.876066
-1.676014
-1.476348
-1.277093
-1.078277
-0.879926
-0.682065
-0.484721
-0.287921
-0.091690
0.103946
0.298961
0.493330
0.687025
0.880023
1.072297
1.263822
1.454573
1.644524
1.833650
2.021926
2.209328
2.395830
2.581409
2.766038
2.949695
3.132354
3.313992
3.494584
3.674107
3.852536
4.029849
4.206022
4.381031
4.554854
4.727467
4.898847
5.068973
5.237820
5.405368
5.571594
5.736476
5.899991
6.062119
6.222839
6.382128
6.539965
6.696331
6.851204
7.004563
7.156389
7.306661
7.455360
7.602465
7.747958
7.891819
8.034029
8.174569
8.313420
8.450566
8.585986
8.719663
8.851581
8.981720
9.110064
9.236596
9.361299
9.484158
9.605154
9.724273
9.841499
9.956816
10.070209
10.181663
10.291163
10.398695
10.504244
10.607797
10.709340
10.808860
10.906342
11.001775
11.095146
11.186443
11.275652
11.362763
11.447765
11.530645
11.611392
11.689997
11.766449
11.840738
11.912853
11.982785
12.050526
12.116066
12.179396
12.240508
12.299394
12.356046
12.410457
12.462619
12.512526
12.560171
12.605548
12.648650
12.689472
12.728009
12.764256
12.798207
12.829858
12.859205
12.886245
12.910972
12.933386
12.953481
12.971257
12.986709
12.999837
13.010638
13.019112
13.025256
13.029071
13.030555
13.029709
13.026532
13.021026
13.013190
13.003026
12.990535
12.975718
12.958579
12.939118
12.917339
12.893245
12.866838
12.838122
12.807101
12.773779
12.738161
12.700251
12.660054
12.617575
12.572821
12.525796
12.476508
12.424962
12.371166
12.315127
12.256852
12.196348
12.133625
12.068689
12.001550
11.932217
11.860698
11.787004
11.711144
11.633127
11.552965
11.470668
11.386246
11.299711
11.211075
11.120349
11.027545
10.932675
10.835752
10.736789
10.635799
10.532795
10.427791
10.320800
10.211838
10.100917
9.988054
9.873262
9.756557
9.637955
9.517471
9.395121
9.270921
9.144888
9.017038
8.887389
8.755957
8.622759
8.487814
8.351140
8.212753
8.072674
7.930919
7.787508
7.642461
7.495795
7.347530
7.197687
7.046285
6.893343
6.738883
6.582924
6.425487
6.266593
6.106264
5.944519
5.781381
