42.24120665
42.28980739
42.32943921
42.35550118
42.38350573
42.41950358
42.46645649
42.51028878
42.54339807
42.56197452
42.57763036
42.58576341
42.59389826
42.5999759
42.60986235
42.6155492
42.61763457
42.62788503
42.63387161
42.63942894
42.63845703
42.64185872
42.62973473
42.62642816
42.62055145
42.60808445
42.58625322
42.55908212
42.53502337
42.50115068
42.45574171
42.40876977
42.35712096
42.30259773
42.24941531
42.19335073
42.14072085
42.08517968
42.02868169
41.99035583
41.96791271
41.95415945
41.9425104
41.92896575
41.91026672
41.90260836
41.89559773
41.88162475
41.8423771
41.81184725
41.76655716
41.7140219
41.67632346
41.6650756
41.6629274
41.64016437
41.6129536
41.57652852
41.5281709
41.49858394
41.47470935
41.47699146
41.46106445
41.45103743
41.46163865
41.47256616
41.50283765
41.53041091
41.53307118
41.52432176
41.5555751
41.57484385
41.57447497
41.58386308
41.57799631
41.55601119
41.53673393
41.51496399
41.49242096
41.48846991
41.49031876
41.49052186
41.48315355
41.46010336
41.44496204
41.43103166
41.40848004
41.39698219
41.40400637
41.41807911
41.43565747
41.43956775
41.44167642
41.42070221
41.40338017
41.41250609
41.4005739
41.39397343
41.38610669
41.39844724
41.38330674
41.38260206
41.39989514
41.40759507
41.41837738
41.43231828
41.4597932
41.48899226
41.5035727
41.51050287
41.51352701
41.50857198
41.49090713
41.46887936
41.45673439
41.44799093
41.43708557
41.42808915
41.41475245
41.38641177
41.37044235
41.33345037
41.29109161
41.22916897
41.18528236
41.16797621
41.16543939
41.1646817
41.15499886
41.12824901
41.09994119
41.06759821
41.0331789
40.99064093
40.91630239
40.83539599
40.78490671
40.76834221
40.77034765
40.77575245
40.78504978
40.76799025
40.74049107
40.71382739
40.66755047
40.62158291
40.5731489
40.53458631
40.48725651
40.47547051
40.4774133
40.48728893
40.51340334
40.52222552
40.51271246
40.4983011
40.47892568
40.46356546
40.44134644
40.42583555
40.40300359
40.39038169
40.40093133
40.41109326
40.41627642
40.42437016
40.39787584
40.38000814
40.36500049
40.35008863
40.34267656
40.34356747
40.32634957
40.30769471
40.30802826
40.28298315
40.22415864
40.11654601
40.00771566
39.94070965
39.92237915
39.94407632
39.96599527
39.99991931
40.01818847
40.0267926
40.0475933
40.07712295
40.09211016
40.11069049
40.13796693
40.19438521
40.23411447
40.31495367
40.41038711
40.55159437
40.71564141
40.87728645
41.10403221
41.37247105
41.64478908
41.90582898
42.17906311
42.43497757
42.6525919
42.86613037
43.06897923
43.25015019
43.39036328
43.49477197
43.60320154
43.67618145
43.78125081
43.89041043
43.99750567
44.14848949
44.28043898
44.40631902
44.53636877
44.66781829
44.76583796
44.84692857
44.90013435
44.95283753
44.99248723
45.02886632
45.02812579
45.03331409
45.03008098
45.05477809
45.09816587
45.13805332
45.17374
45.19938001
45.21866984
45.24445577
45.28249552
45.33340561
45.38453261
45.43373227
45.49820298
45.563009
45.64121668
45.72291211
45.78929039
45.85755041
45.92758137
45.99130648
46.06788665
46.13580106
46.19986149
46.27568524
46.35010244
46.41306562
46.48408896
46.5829468
46.67621871
46.77598334
46.87302055
46.96245926
47.03399728
47.09895433
47.13531299
47.16554283
47.17244012
47.20000876
47.20777026
47.23023381
47.23582379
47.24647837
47.24219091
47.26478616
47.27203499
47.27490388
47.29607266
47.35289355
47.42409318
47.48902103
47.56439526
47.63653337
47.71254715
47.78113246
47.83164704
47.84380242
47.84045441
47.85604033
47.86643719
47.87084326
47.94000626
48.0000436
48.08772178
48.19918708
48.325943
48.46453217
48.6058117
48.73356758
48.83710614
48.92539643
49.00843277
49.09084704
49.17178572
49.26808399
49.33764891
49.38336004
49.4185454
49.43234022
49.43608882
49.43888033
49.43943063
49.42880631
49.38994349
49.33494413
49.27722393
49.23651943
49.19584746
49.16197903
49.11934339
49.08010873
49.05644258
49.04668302
49.0289062
49.01335314
48.99416284
48.94804311
48.91092984
48.88732678
48.86710457
48.8583065
48.85156733
48.83939917
48.82293483
48.79266005
48.76153436
48.72168997
48.6981563
48.67526273
48.63338512
48.60924623
48.57023124
48.52666637
48.46299447
48.39497263
48.33466093
48.28538057
48.26339115
48.24936398
48.23786552
48.23490031
48.22573009
48.19749801
48.17003212
48.14361573
48.1186993
48.13390346
48.16007599
48.17106263
48.16786898
48.17120949
48.18013033
48.18553806
48.17829769
48.18483781
48.20403214
48.21462201
48.22625305
48.23609837
48.24692948
48.27378275
48.31774229
48.4043952
48.47244466
48.54648645
48.61409463
48.68155495
48.74456713
48.79174175
48.84232675
48.87929811
48.89493089
48.90511304
48.91351533
48.92657558
48.94257672
48.96538864
48.99268528
49.01413759
49.03506174
49.05147221
49.07469458
49.10581232
49.13383706
49.16875003
49.19053643
49.23595427
49.28632677
49.32973375
49.38641819
49.44210404
49.50201121
49.58963393
49.66067122
49.74871253
49.83159003
49.89077121
49.91650693
49.91990532
49.9231413
49.92154197
49.92859051
49.93579964
49.9404805
49.97407154
50.01911085
50.07196384
50.13455949
50.18635734
50.22282081
50.24766473
50.25975247
50.25995606
50.25082737
50.25747217
50.26563427
50.2760114
50.30414387
50.34021174
50.39869466
50.46431358
50.5410274
50.623191
50.68621105
50.74624174
50.7805717
50.79793438
50.800372
50.80063049
50.80114186
50.80070009
50.81181239
50.82869834
50.85833369
50.89327834
50.94095498
50.98114258
51.01834312
51.04240279
51.06673724
51.08987095
51.14187371
51.1952767
51.25151623
51.31450108
51.37855484
51.42568259
51.44179263
51.45146892
51.44980129
51.45609277
51.46573578
51.49451403
51.54801451
51.62417478
51.69572096
51.76478331
51.81906493
51.85444308
51.88041668
51.89724411
51.90487597
51.92425312
51.93597025
51.95478701
51.97705286
52.00324248
52.02349215
52.06626663
52.13368412
52.19169494
52.233871
52.26550836
52.28712744
52.30898313
52.32303497
52.35384487
52.40197258
52.43222011
52.45845022
52.46219809
52.46594615
52.48157061
52.50434329
52.51355079
52.53476522
52.55496041
52.58198927
52.61304464
52.65688514
52.71819442
52.79288903
52.85363293
52.87991437
52.8789167
52.8864762
52.8864762
52.86777316
52.86078881
52.8615662
52.8621907
52.86149961
52.87237482
52.9028323
52.95309635
53.0088137
53.06120139
53.1146236
53.14886269
53.18716322
53.22754791
53.24872056
53.27024787
53.29281949
53.30909841
53.34536878
53.35544517
53.3922229
53.41353186
53.43463347
53.46895248
53.48758135
53.51309448
53.52728871
53.53724264
53.53866277
53.5448516
53.55225628
53.55093288
53.55089359
53.56162338
53.56758282
53.56802023
53.56112456
53.55983169
53.56185321
53.56264288
53.57464464
53.58851392
53.60189104
53.60546185
53.61317793
53.61227792
53.60872405
53.61994339
53.63292481
53.63372497
53.64757331
53.65270805
53.6564339
53.6671877
53.69174357
53.71307444
53.71504835
53.72966559
53.7394102
53.75779474
53.76580232
53.77317975
53.79088006
53.81737854
53.85314976
53.89976065
53.92814325
53.93991135
53.94151962
53.93069061
53.93450936
53.93450936
53.93655274
53.94172996
53.9552189
53.97423856
53.98737364
53.99395095
53.98567109
53.98581594
53.97984674
53.98236055
53.98301342
53.98384367
53.99632937
54.02242669
54.05940886
54.08542311
54.10231717
54.11113677
54.11154234
54.11807389
54.13726355
54.14730531
54.16464528
54.19163555
54.22594044
54.2487898
54.28228697
54.30160785
54.30881689
54.3443531
54.38282569
54.43232386
54.47638103
54.5342384
54.57455042
54.60321016
54.62661437
54.64173477
54.63753071
54.63332007
54.63161454
54.6217934
54.61398841
54.60122375
54.5776001
54.56565228
54.55634736
54.55862435
54.57324849
54.59392379
54.60448955
54.62003797
54.6449433
54.66415679
54.69385463
54.72302544
54.74318792
54.77882365
54.82289957
54.85830963
54.90970507
54.95087265
54.98250843
55.00803837
55.0205298
55.04471891
55.04982811
55.0570547
55.06466519
55.08554623
55.09394329
55.11285885
55.13790554
55.14623743
55.15918757
55.15626445
55.16623106
55.18376082
55.17876708
55.15805498
55.1432791
55.13428699
55.11740762
55.10358018
55.0991191
55.09047747
55.07143009
55.03273167
54.98679776
54.95198619
54.92810004
54.9079008
54.91566567
54.90877465
54.91303087
54.93615658
54.93821524
54.94424214
54.94467682
54.94147587
54.9492326
54.94949761
54.95629368
54.97059006
54.98037059
54.98765419
54.98773876
54.97733983
54.96566122
54.96411031
54.95748444
54.93833005
54.91921448
54.9158677
54.9268244
54.96206232
55.0046527
55.04607749
55.08063588
55.11286624
55.1379697
55.1559142
55.17224964
55.19311059
55.19504925
55.20193647
55.21685498
55.20165074
55.15292696
55.13233579
55.10262783
55.05129961
55.00142271
54.93980551
54.91403648
54.86816974
54.81870747
54.78309108
54.75374237
54.73345225
54.72283828
54.71192251
54.69844018
54.67374938
54.64497168
54.60286709
54.56249062
54.50915203
54.46952728
54.43701766
54.38736994
54.35254551
54.31566692
54.26896482
54.22212539
54.18978103
54.15623962
54.13049846
54.12308758
54.10717413
54.10170211
54.09624
54.08376386
54.06299493
54.03943955
54.00186665
53.96408654
53.93340263
53.89715782
53.84693038
53.78417647
53.73155729
53.6713883
53.61531638
53.56930198
53.54315232
53.51540498
53.49932165
53.50450015
53.50609234
53.50396438
53.50192741
53.49403514
53.47452529
53.44915567
53.41994697
53.37353408
53.32348243
53.2688057
53.2202991
53.1683349
53.11502048
53.0821195
53.03519576
52.98438965
52.93603332
52.89694832
52.85790664
52.83152958
52.80453163
52.77926549
52.74511593
52.70632944
52.65054998
52.59480916
52.56431008
52.52959383
52.48561298
52.4401955
52.39572942
52.33538672
52.29631109
52.2720116
52.24951493
52.2224402
52.20644201
52.17697246
52.13597438
52.11005776
52.06717376
52.00267537
51.94619919
51.90215139
51.85746231
51.82937095
51.79697848
51.76970195
51.72908362
51.68239734
51.63471497
51.57256592
51.49801047
51.43825813
51.38276322
51.34211339
51.31601758
51.3257756
51.34234068
51.33359272
51.3298339
51.34056483
51.34130101
51.33684146
51.32339542
51.28787888
51.23967517
51.21411736
51.20755976
51.19730447
51.18818204
51.18328892
51.1850391
51.17833638
51.17408312
51.16578887
51.12859312
51.08768615
51.03991202
50.96531337
50.9111379
50.83592041
50.77924653
50.72737766
50.70352233
50.66970705
50.64430906
50.63002553
50.61341306
50.59848821
50.59343768
50.57515348
50.5520429
50.53050833
50.51381716
50.47849692
50.43752522
50.39108947
50.33157582
50.23748859
50.12696118
50.02347624
49.92946081
49.85690665
49.75703942
49.63523719
49.50848623
49.34942428
49.13713025
48.88208125
48.57586105
48.21230939
47.82973153
47.40504236
46.94494012
46.45952593
45.90920653
45.33948101
44.79761741
44.25497614
43.70064605
43.17173234
42.66516186
42.1615921
41.67452565
41.27544298
40.94782886
40.61747233
40.28534122
39.97642413
39.70794307
39.44913878
39.2418605
39.04723503
38.85988575
38.6764096
38.48372354
38.29824504
38.17818406
38.11665925
38.12680902
38.17713792
38.27928938
38.42138781
38.53071496
38.58964689
38.63876344
38.73168134
38.80091937
38.82409815
38.8057072
38.79985387
38.80686727
38.86595859
38.94063918
38.9952693
39.06504536
39.10765898
39.17632007
39.26884589
39.39356476
39.52303606
39.67749925
39.82063313
39.94371164
40.09600784
40.27305753
40.41710155
40.50844449
40.57361684
40.64019061
40.67481021
40.70486642
40.73894021
40.767371
40.80366079
40.86648734
40.94767153
41.0345359
41.1214728
41.18557775
41.24149496
41.30844881
41.36963436
41.43067793
41.51364397
41.62998889
41.76239886
41.88568891
42.00714674
42.12863483
42.27163759
42.41050795
42.56765433
42.68908733
42.79001221
42.90684686
43.03476941
43.22190599
43.41434748
43.60201835
43.78063659
43.94814802
44.09359603
44.23342573
44.37629299
44.52538548
44.72313034
44.87570315
45.00629921
45.12339781
45.21654582
45.27028124
45.28982577
45.29959891
45.31651139
45.31442681
45.30590254
45.3390865
45.3828179
45.41946568
45.44493459
45.44402699
45.43776914
45.44583818
45.47631422
45.51270108
45.56347012
45.58469066
45.58791154
45.61012147
45.64565228
45.69010517
45.7212496
45.7363908
45.75769642
45.7722723
45.76417435
45.7813022
45.80233975
45.83950377
45.89038681
45.94876644
46.01616294
46.10377673
46.22526597
46.36272251
46.4889866
46.62469642
46.78156792
46.9224924
47.02250436
47.14826417
47.26425056
47.33217213
47.40252185
47.48491525
47.55409065
47.61457594
47.70340991
47.78160656
47.83409385
47.87117003
47.90202058
47.91971699
47.91974598
47.92157138
47.92683835
47.91261345
47.91217659
47.90388827
47.89784463
47.88728742
47.88188029
47.88143519
47.88187938
47.86764169
47.84744232
47.83411747
47.81509492
47.77913471
47.76081901
47.74240305
47.73024864
47.72778524
47.71604172
47.7190498
47.71689563
47.7052672
47.70511288
47.69408425
47.69039424
47.67191034
47.65465691
47.63120685
47.58903907
47.54630101
47.52163868
47.5059332
47.48322029
47.46833677
47.43465908
47.40496784
47.36219575
47.32165372
47.29541336
47.2854286
47.2654919
47.23829022
47.23505629
47.23567621
47.23144595
47.23208693
47.22322458
47.21420845
47.1911701
47.16350747
47.1557807
47.15159311
47.12585591
47.11151352
47.09791678
47.06999133
47.03191861
47.01692339
46.99515606
46.9604455
46.93889692
46.92037541
46.91040068
46.91225351
46.88977435
46.87441653
46.86415483
46.86523333
46.86177979
46.86743102
46.86632889
46.85019631
46.81531821
46.7674346
46.71288971
46.68951427
46.66612655
46.62031225
46.57251947
46.52408235
46.45554341
46.38785755
46.34763569
46.31608656
46.29362311
46.26874458
46.26046031
46.25465709
46.25001599
46.22967235
46.19603102
46.18017026
46.1473623
46.11488146
46.09406349
46.0695259
46.06953357
46.06517266
46.0688334
46.08568038
46.09593061
46.09593061
46.11103149
46.09877571
46.05242169
46.00182155
45.9461773
45.90147075
45.85794654
45.83363378
45.83882426
45.83882426
45.84448312
45.8628899
45.85312459
45.83124783
45.80909799
45.75555082
45.70399304
45.6601576
45.61980511
45.60719615
45.59651724
45.59976219
45.59213348
45.56220635
45.52527459
45.50528533
45.48226613
45.45084453
45.42494999
45.39735882
45.37411703
45.36341711
45.33789441
45.31471361
45.28723969
45.25487484
45.20501498
45.17018552
45.15318332
45.1194446
45.09644385
45.09101035
45.08935839
45.09489745
45.07370771
45.0414764
45.02003126
45.00522748
44.96447096
44.92115142
44.88666736
44.84396645
44.80386353
44.79565703
44.77986117
44.77107422
44.76833975
44.75734786
44.73825214
44.71714862
44.70969093
44.70129544
44.70974349
44.72769881
44.74736772
44.77111994
44.80292622
44.81994132
44.82010651
44.8309679
44.82878109
44.82006378
44.7959142
44.76795035
44.73873721
44.73253714
44.70471624
44.68936659
44.6554366
44.63231615
44.6088254
44.59456755
44.58411123
44.56820361
44.55265383
44.54251061
44.52805342
44.50884287
44.49952234
44.48528211
44.47376983
44.4716958
44.47838679
44.47787138
44.46721755
44.44121313
44.40994642
44.39127098
44.37692961
44.38292247
44.43630303
44.50211727
44.55299094
44.59377889
44.6135367
44.64651204
44.65808981
44.65727696
44.66705417
44.6669159
44.70368159
44.75781781
44.82496642
44.89244665
44.96333603
45.01286487
45.0778952
45.12928078
45.16474196
45.19208227
45.1968082
45.20420425
45.21213044
45.21769356
45.22478373
45.24370659
45.26366759
45.28658428
45.31352837
45.3453554
45.37027694
45.40264745
45.47606767
45.57494042
45.67573367
45.78288676
45.90680614
46.02065172
46.11148082
46.22238862
46.32924438
46.4213001
46.50863341
46.59962484
46.69105645
46.78266838
46.88261505
46.95858921
47.01811517
47.05665042
47.07150447
47.07412988
47.06876955
47.06876955
47.07139563
47.071084
47.07624539
47.08413829
47.0814141
47.08404629
47.0845671
47.08856997
47.08723306
47.10558765
47.11136909
47.13771542
47.18475426
47.23589135
47.2753607
47.33539829
47.41207182
47.48174153
47.55345998
47.60876659
47.65560634
47.7100098
47.75008958
47.79166481
47.84949566
47.9296771
48.01609982
48.11562014
48.22406682
48.32973275
48.46174909
48.60583526
48.73702613
48.87064595
48.99682633
49.12811361
49.25566441
49.36152508
49.44148263
49.49060502
49.54126189
49.5856579
49.64242424
49.71871195
49.8063619
49.90619764
50.01908109
50.14726155
50.26739768
50.37161149
50.46706516
50.55537391
50.64593163
50.74222234
50.83153829
50.90831821
50.98078193
51.04041308
51.07286927
51.09266744
51.0999224
51.11443469
51.13319946
51.14797476
51.16472661
51.1795268
51.20019619
51.24008999
51.28511519
51.34632414
51.43788044
51.53711268
51.62556939
51.70167989
51.76158371
51.8048644
51.8487896
51.87930732
51.9012617
51.92013323
51.94603525
51.98687953
52.01873339
52.04607182
52.0475898
52.04609539
52.05779471
52.08314349
52.13811608
52.21028681
52.28870268
52.35286631
52.43142628
52.52176215
52.62598931
52.73123666
52.82163476
52.88944464
52.92099319
52.94070589
52.95639472
52.98504252
53.04498019
53.11558542
53.176914
53.24007436
53.3014588
53.35512302
53.40862947
53.46687651
53.54124959
53.6189508
53.70992533
53.78765394
53.86408211
53.92371362
53.98055868
54.01559031
54.02858749
54.06240373
54.09364467
54.12517716
54.16496231
54.18311923
54.20136038
54.21872478
54.2360146
54.25726616
54.2711664
54.29398451
54.30564065
54.31452176
54.31233509
54.29548679
54.27401848
54.26875301
54.27969218
54.29992178
54.31512386
54.33840062
54.36574738
54.37022939
54.37595112
54.38100149
54.36832746
54.35788804
54.3395676
54.30719282
54.29789978
54.29070317
54.2918459
54.29633437
54.31022397
54.30906743
54.31884764
54.34060896
54.34027692
54.33714468
54.32266511
54.30295463
54.27433697
54.26110311
54.26146551
54.26721444
54.28489833
54.29436817
54.28161455
54.26336342
54.26107213
54.24340028
54.24294885
54.24241721
54.23702939
54.23282026
54.24376891
54.25324483
54.24603641
54.23306959
54.22343094
54.20417795
54.1692223
54.15016993
54.10650412
54.08593003
54.07636949
54.05316073
54.03276292
54.01897707
54.00695253
54.00486976
54.007662
54.00479047
53.98318127
53.98092629
53.98044675
53.9778496
53.98951571
53.98762312
53.9818142
53.97250151
53.9764571
53.98048264
53.99504899
53.99213832
53.97685092
53.96680426
53.93148885
53.89119143
53.86234307
53.87523625
53.88810961
53.89805642
53.91390717
53.92676692
53.94474405
53.95741516
53.93453175
53.89663846
53.86845181
53.84878625
53.83376522
53.83027927
53.82703527
53.81349289
53.80944321
53.79944767
53.79213037
53.78383909
53.7729237
53.78465603
53.79113852
53.78682241
53.78863388
53.80058196
53.81085625
53.83944765
53.87214684
53.9053424
53.92177529
53.92545527
53.93273926
53.93141772
53.92330362
53.89849014
53.89466163
53.89533653
53.91179641
53.93302789
53.95802753
53.96297889
53.94592833
53.91211868
53.88437303
53.86973766
53.86371318
53.85259432
53.82515461
53.82165766
53.81413868
53.80504735
53.80047772
53.79645278
53.77100175
53.74110179
53.70330891
53.65725568
53.61292953
53.57703667
53.55505125
53.54234165
53.51656094
53.48647375
53.45568924
53.43183095
53.39786037
53.36181599
53.33246235
53.29676264
53.2715673
53.25284488
53.2375375
53.21120986
53.17155316
53.13881288
53.0924737
53.03896472
52.97354962
52.90203241
52.8499361
52.7985876
52.75208849
52.71770075
52.68799776
52.6634764
52.63906589
52.62375252
52.60386068
52.59163983
52.57635335
52.55180083
52.52283242
52.49391635
52.46917015
52.46372053
52.45696914
52.44780723
52.45269596
52.45791425
52.4637567
52.46336841
52.45894611
52.44089189
52.41699115
52.38955808
52.36223097
52.336764
52.31995887
52.32002576
52.30643965
52.28334054
52.28039563
52.28432837
52.2771901
52.26278029
52.2457996
52.21622833
52.19084036
52.17589492
52.1527065
52.13218769
52.10908363
52.08601895
52.06299373
52.04625016
52.01704164
51.98791802
51.95471276
51.9216919
51.88262708
51.84785252
51.81528195
51.78907644
51.76910054
51.74287661
51.72062474
51.70260497
51.67439755
51.65264168
51.63317075
51.60119618
51.57572925
51.5523563
51.52403758
51.51098036
51.47518318
51.44984535
51.43828921
51.42870098
51.41489496
51.39883941
51.38220437
51.36615716
51.34644814
51.33687231
51.32674627
51.31662394
51.30680629
51.3038619
51.28153945
51.25783574
51.23595856
51.21531637
51.18164159
51.16046723
51.11618884
51.0569528
50.9985428
50.95801164
50.91126686
50.85823352
50.81146543
50.77711805
50.73794884
50.72260562
50.70015717
50.67471219
50.66787911
50.66888649
50.67336139
50.66238619
50.66165408
50.65133032
50.6340647
50.61300154
50.58625641
50.57039844
50.55328724
50.53051754
50.50779968
50.48702057
50.45923645
50.43712521
50.40846625
50.39344463
50.36950464
50.34412865
50.31875535
50.28850467
50.27095531
50.23179698
50.17662238
50.12629796
50.05883642
49.98356914
49.88453232
49.75898767
49.58794586
49.40555575
49.20998504
49.03102535
48.87095137
48.68998601
48.51700358
48.35609613
48.19436388
48.03083478
47.86576582
47.66464634
47.44152886
47.19124147
46.94786928
46.73253582
46.56049116
46.41449727
46.27707601
46.12320754
45.94075802
45.73316669
45.49422952
45.19266545
44.85123241
44.48223889
44.05967045
43.6335658
43.24129868
42.92058325
42.65343736
42.39516944
42.11648111
41.8294721
41.53381001
41.24956816
40.98936131
40.74062375
40.48043102
40.16978898
39.83416626
39.51530208
39.20218429
38.88943086
38.57023968
38.24543596
37.91194178
37.5459312
37.15965143
36.70633322
36.21001286
35.72987842
35.32162925
34.99819073
34.77236318
34.67818284
34.7053196
34.81357216
34.91069151
35.08263661
35.28333595
35.49401781
35.71194328
35.92313577
36.16484946
36.38244677
36.55430757
36.71460596
36.85888483
36.9802089
37.09771597
37.18084997
37.25425836
37.32289158
37.39363078
37.47420881
37.55467889
37.65555985
37.75245959
37.81377272
37.84916246
37.90132679
37.9578849
38.03334396
38.12774527
38.26005084
38.42539697
38.58755798
38.74591177
38.9148035
39.09888848
39.27322273
39.44570768
39.61388221
39.74154298
39.84239232
39.96260014
40.09769884
40.21823395
40.33399613
40.43040187
40.52205708
40.59949591
40.70339085
40.80236728
40.89625241
41.00229072
41.10340378
41.19952626
41.30499545
41.42988805
41.56196072
41.71783416
41.90688616
42.1025036
42.30232945
42.52339162
42.73261621
42.93231249
43.14148878
43.37655315
43.61119454
43.84780723
44.08631639
44.33399968
44.56475917
44.77111175
44.96767326
45.11688199
45.2564728
45.37742915
45.4870229
45.59189231
45.68537174
45.73887203
45.79427471
45.85856093
45.94125167
46.00047503
46.06455204
46.1126755
46.14023347
46.14946351
46.15407876
46.17254138
46.18635882
46.19323872
46.18393996
46.18627
46.17025162
46.1497694
46.13863548
46.11839657
46.1003542
46.09825664
46.09602649
46.09140755
46.09140755
46.08923168
46.08952671
46.08985951
46.06933733
46.05582346
46.03304064
46.01935982
46.01038536
45.99692777
45.97868101
45.95377453
45.93119618
45.91770054
45.89963561
45.8927494
45.88355987
45.87676929
45.86551931
45.84958127
45.81318322
45.79086093
45.75972738
45.72866641
45.70015507
45.66070022
45.61683519
45.56835665
45.53142521
45.51007317
45.49967165
45.48729542
45.4886365
45.48268483
45.47988416
45.47199813
45.47148642
45.44346566
45.41774977
45.40117491
45.37562478
45.35915077
45.33253768
45.31762849
45.29437411
45.27641912
45.24468591
45.20423695
45.15956264
45.10830948
45.05229299
44.971804
44.90956534
44.87267689
44.82628346
44.78808308
44.77466496
44.77353972
44.76065339
44.74093037
44.70344037
44.67156276
44.65658451
44.61235893
44.56833806
44.53017648
44.49100495
44.46395658
44.4667133
44.46962616
44.49230251
44.52672572
44.54621539
44.584091
44.64123476
44.6828091
44.75523173
44.8566648
44.956404
45.0435134
45.12385605
45.25906555
45.40608087
45.5459613
45.647978
45.72394416
45.75521269
45.75066979
45.68617363
45.59207873
45.492704
45.42445533
45.33340174
45.19647541
45.06741154
45.05850305
45.08560102
45.11518158
45.18387482
45.28425478
45.3639126
45.44957884
45.55813008
45.72542392
45.91620604
46.10794244
46.34333216
46.64399254
46.9365501
47.18999205
47.38238847
47.5503287
47.72344849
47.90769955
48.09762382
48.25637989
48.363625
48.44855619
48.51733055
48.56619779
48.60580891
48.65008727
48.69652303
48.71590918
48.68581722
48.64263482
48.59999494
48.54447076
48.4864501
48.43292733
48.37553192
48.31126712
48.25864822
48.21477131
48.17292507
48.14076636
48.10723599
48.05439127
48.0004606
47.9551632
47.90089027
47.83917136
47.79811156
47.76491627
47.72419852
47.71534919
47.67963651
47.64008308
47.6191891
47.60708268
47.60522196
47.59527112
47.618318
47.62969921
47.6426556
47.64669477
47.63831497
47.61864923
47.60503082
47.58066107
47.55846877
47.52536867
47.50713807
47.47399454
47.43256605
47.39790832
47.37181717
47.33819837
47.30705734
47.2739664
47.24620442
47.24170611
47.25507814
47.25026466
47.23559886
47.20152063
47.15377078
47.11532219
47.08575657
47.05617975
47.02985849
47.00157296
46.96980605
46.9459573
46.94059841
46.96387609
47.01022341
47.06166152
47.10361792
47.144422
47.17609098
47.21220035
47.24903494
47.27810432
47.30463041
47.31521792
47.33766366
47.394775
47.47911516
47.5623079
47.62087484
47.67253874
47.75399259
47.80001383
47.8534958
47.9181061
47.97982839
48.03807841
48.09068484
48.13281863
48.16410131
48.18558335
48.20737219
48.22210916
48.23600664
48.24459962
48.26034509
48.28428886
48.32065024
48.33527326
48.3529939
48.3601486
48.35756293
48.3669719
48.37930476
48.38061167
48.40253109
48.44650081
48.48661282
48.54109148
48.61824855
48.70302675
48.79595728
48.87663856
48.94789865
49.019034
49.07608826
49.11820443
49.13739007
49.15316193
49.171478
49.19598868
49.22656902
49.26224164
49.31310849
49.35244436
49.4020635
49.43814453
49.48848684
49.53273413
49.57975051
49.64596444
49.72623977
49.82674929
49.92244511
49.99212185
50.06373599
50.15137116
50.23740919
50.32741893
50.44762766
50.55182117
50.65569441
50.77215236
50.87502763
50.95758384
51.05049693
51.1200222
51.17146998
51.20902217
51.23697049
51.2712045
51.3001876
51.3415718
51.39450278
51.46780317
51.54969101
51.6398823
51.74622236
51.8365725
51.91382566
51.98302659
52.03705658
52.09948516
52.17593461
52.25296746
52.33331225
52.40827828
52.48418746
52.54082088
52.60154618
52.65023991
52.69744992
52.75761116
52.8058474
52.86178748
52.93996134
53.02534267
53.11082967
53.18635922
53.24318843
53.2901489
53.34676481
53.38454891
53.42099395
53.46950246
53.52463168
53.58799447
53.6525102
53.71483996
53.76490125
53.81967838
53.86357812
53.91169473
53.97655228
54.04957314
54.114407
54.17248562
54.24163378
54.31924458
54.38485649
54.45480795
54.50699565
54.56342615
54.61038408
54.65881517
54.70311646
54.75020359
54.78226025
54.80886337
54.83696333
54.85827886
54.90317619
54.95357244
54.97245553
54.98566135
54.99452494
54.99926138
55.01216031
55.01709601
55.02651117
55.04182839
55.06591659
55.10512863
55.1297703
55.1409873
55.15911992
55.15645517
55.1578293
55.15246265
55.14230051
55.11198258
55.07358736
55.01980411
54.95798493
54.89310924
54.83222139
54.7971774
54.76618324
54.74581769
54.74029918
54.73785117
54.73540343
54.72976129
54.71923571
54.71508314
54.70481408
54.67437553
54.62868846
54.57191683
54.52246695
54.49543702
54.46324871
54.44422146
54.43971465
54.44046018
54.44123297
54.44662559
54.44479747
54.42932644
54.43077471
54.41876363
54.39947725
54.38381711
54.35997234
54.34328202
54.3117758
54.27788154
54.26583
54.24325869
54.20992415
54.19156851
54.17155818
54.13923152
54.11389602
54.10188282
54.08806345
54.05504804
54.04174906
54.03071782
54.00885584
53.99134294
53.97389154
53.94343723
53.89145935
53.84839724
53.80576224
53.74841513
53.70235722
53.66297454
53.60398745
53.57574362
53.55630568
53.54754276
53.52593909
53.48886525
53.45605673
53.42129778
53.38427359
53.34574339
53.31265232
53.27768626
53.25947134
53.2256801
53.1955857
53.17179611
53.15207002
53.11469365
53.08208314
53.05063897
53.00738164
52.95568936
52.91433077
52.8676428
52.8092528
52.75608924
52.72323777
52.69404006
52.67233371
52.64854002
52.62183924
52.59256689
52.57386916
52.56413871
50.37278458
