-5.340590114
-5.456656366
-5.541278102
-5.609336129
-5.690437149
-5.747865472
-5.763973409
-5.713808806
-5.628885858
-5.529186183
-5.376843918
-5.199423969
-5.021553755
-4.837583739
-4.681694248
-4.536276119
-4.411504994
-4.34384956
-4.339420013
-4.353012177
-4.362183177
-4.372386886
-4.371511622
-4.387591653
-4.405254692
-4.42641805
-4.456285007
-4.49588437
-4.525610814
-4.541032787
-4.55314124
-4.591352688
-4.658782308
-4.723895435
-4.780246235
-4.823542113
-4.860537936
-4.895108289
-4.927712512
-4.964594835
-4.990454984
-5.014133608
-5.030237993
-5.026277265
-5.009413951
-4.991881904
-4.988317076
-4.990111177
-5.001536696
-5.005615178
-4.986740557
-4.959954579
-4.915437034
-4.860754307
-4.830224238
-4.824915327
-4.828076971
-4.855029769
-4.891211165
-4.924139459
-4.942043244
-4.963460338
-4.992824743
-5.018888331
-5.05019622
-5.095131641
-5.129418598
-5.184358648
-5.230795807
-5.283194257
-5.332098257
-5.387987573
-5.445857503
-5.494957759
-5.558697252
-5.62379832
-5.659299329
-5.665649302
-5.665649302
-5.664529989
-5.663410633
-5.661171794
-5.66005231
-5.664913415
-5.676118915
-5.68022663
-5.68022663
-5.68022663
-5.68022663
-5.68022663
-5.684333919
-5.684333919
-5.698650813
-5.725174041
-5.78232282
-5.873468472
-5.96189874
-6.03086785
-6.068083832
-6.083754141
-6.091004345
-6.095093039
-6.101209191
-6.111413968
-6.127734838
-6.131821803
-6.131821803
-6.132957858
-6.143161814
-6.163810369
-6.190575885
-6.236182091
-6.279751515
-6.311975715
-6.329429743
-6.340771788
-6.340771788
-6.340771788
-6.340771788
-6.352351102
-6.368006012
-6.38594432
-6.398664575
-6.411384712
-6.432252584
-6.438612264
-6.438612264
-6.439755394
-6.451331529
-6.458190289
-6.465047442
-6.472550431
-6.480699178
-6.513375211
-6.546052971
-6.607278936
-6.662356653
-6.701312806
-6.735272571
-6.757873723
-6.773279727
-6.773279727
-6.801888493
-6.82436159
-6.857031643
-6.885650027
-6.928519627
-6.959102194
-6.994328415
-7.034770604
-7.067192042
-7.101712259
-7.141938988
-7.175798062
-7.226009948
-7.28260779
-7.33210764
-7.351245623
-7.383659637
-7.41416324
-7.435943151
-7.454648796
-7.487368747
-7.531462008
-7.583120961
-7.621484177
-7.657214769
-7.689131995
-7.734294537
-7.785829604
-7.859129738
-7.948988947
-8.030423884
-8.090542185
-8.130516699
-8.156286217
-8.16147772
-8.16147772
-8.16147772
-8.165480258
-8.193485926
-8.22546649
-8.269394648
-8.331600969
-8.41958911
-8.501520315
-8.586604823
-8.675599916
-8.797379097
-8.932032297
-9.066470906
-9.170027769
-9.219112161
-9.221533311
-9.221533311
-9.219112161
-9.219112161
-9.219112161
-9.219112161
-9.219112161
-9.219112161
-9.219112161
-9.219112161
-9.219112161
-9.219112161
-9.212474748
-9.207045034
-9.200104319
-9.197084779
-9.20312867
-9.20917125
-9.212796169
-9.212796169
-9.215212519
-9.225489589
-9.229114205
-9.229114167
-9.230322254
-9.228949584
-9.231195739
-9.242056645
-9.251707189
-9.269540054
-9.274679839
-9.275886108
-9.278298486
-9.286740135
-9.29879511
-9.31237195
-9.317191245
-9.318395935
-9.318395935
-9.318395935
-9.300946273
-9.285904182
-9.28702824
-9.297846312
-9.309861291
-9.329012293
-9.343761695
-9.357764007
-9.369362287
-9.387185888
-9.399867781
-9.394950592
-9.371236687
-9.343694738
-9.308484715
-9.295887896
-9.30767496
-9.365011669
-9.434985775
-9.5100644
-9.581264466
-9.660206561
-9.720153579
-9.745909429
-9.74246693
-9.737420306
-9.731177834
-9.732782681
-9.721904991
-9.702474282
-9.67128581
-9.626936161
-9.580307814
-9.525185179
-9.48323669
-9.457234976
-9.437899826
-9.447869806
-9.467163725
-9.493853195
-9.532278381
-9.574946621
-9.613672533
-9.62504464
-9.630136755
-9.641848878
-9.657458908
-9.66492485
-9.679004346
-9.69969021
-9.738652451
-9.786540848
-9.830178266
-9.858555838
-9.883034252
-9.902426552
-9.908692829
-9.913764377
-9.917694146
-9.934390951
-9.951420262
-10.00024899
-10.07911071
-10.17304528
-10.27290124
-10.35318808
-10.42359983
-10.5054186
-10.5785459
-10.60973853
-10.59470797
-10.56480589
-10.53371141
-10.53371141
-10.52749346
-10.52127583
-10.50884151
-10.47776123
-10.4366422
-10.39315564
-10.34585758
-10.30332115
-10.28059324
-10.27411383
-10.27795821
-10.27293666
-10.25431316
-10.24189908
-10.22948626
-10.19845975
-10.16123838
-10.12402842
-10.09302882
-10.06823484
-10.04344593
-10.02603521
-10.0283903
-10.02839399
-10.02337484
-10.01600517
-9.998595453
-9.980012034
-9.944027557
-9.91424254
-9.881787002
-9.871749484
-9.872088532
-9.867406718
-9.85151392
-9.816712598
-9.756002707
-9.685640461
-9.599128003
-9.507680972
-9.391655229
-9.296509397
-9.2075775
-9.157895968
-9.161305753
-9.163578476
-9.16585097
-9.16698713
-9.16698713
-9.16698713
-9.16698713
-9.16698713
-9.160832438
-9.154678065
-9.137351851
-9.123429569
-9.097197854
-9.079379561
-9.053140798
-9.025771373
-9.011831782
-9.009528472
-8.984904336
-8.942992005
-8.894947054
-8.872614106
-8.867591995
-8.868713785
-8.85642594
-8.84526022
-8.822955781
-8.81291077
-8.786703705
-8.766609894
-8.740372606
-8.702969055
-8.656654406
-8.613109357
-8.552300768
-8.498771515
-8.438010491
-8.381154546
-8.327110894
-8.266966378
-8.215157562
-8.164454209
-8.12381341
-8.077067309
-8.042559904
-8.003032384
-7.987261593
-7.970395761
-7.93410362
-7.877321015
-7.807264346
-7.743340405
-7.671200582
-7.591939345
-7.518823578
-7.457929318
-7.423530483
-7.403470206
-7.400564028
-7.402683465
-7.404802682
-7.395806186
-7.366432402
-7.33706446
-7.306646838
-7.270156374
-7.233677565
-7.204339261
-7.183184303
-7.162029319
-7.135539176
-7.084022194
-7.030430565
-6.965770273
-6.904257136
-6.832756133
-6.764368774
-6.688890843
-6.614289947
-6.549772762
-6.489288249
-6.423020151
-6.367782621
-6.321538519
-6.304435326
-6.305450482
-6.294386973
-6.270233663
-6.223966647
-6.148559737
-6.040040186
-5.884418941
-5.697902541
-5.488616076
-5.289672964
-5.101059001
-4.957624855
-4.874042772
-4.856140651
-4.856140651
-4.856140651
-4.856140651
-4.856140651
-4.856140651
-4.856140651
-4.856140651
-4.856140651
-4.856140651
-4.856140651
-4.856140651
-4.856140651
-4.856140651
-4.85214662
-4.847193087
-4.847193087
-4.840267439
-4.840267439
-4.839308482
-4.839308482
-4.839308482
-4.839308482
-4.838349475
-4.837390418
-4.837390418
-4.836431311
-4.836431311
-4.835472153
-4.835472153
-4.822583469
-4.802665902
-4.780779692
-4.733014965
-4.663375122
-4.615620513
-4.59374641
-4.59374641
-4.59374641
-4.59374641
-4.587790025
-4.561913933
-4.482339905
-4.347160233
-4.209941516
-4.10455268
-4.045018093
-4.043154754
-4.032260404
-4.032260404
-4.031328958
-4.030397464
-4.026371243
-4.020435212
-4.019504014
-3.996787384
-3.972167533
-3.937594401
-3.919890221
-3.902187466
-3.882629347
-3.854972293
-3.827317114
-3.809581395
-3.783743143
-3.77378617
-3.77378617
-3.767862658
-3.767862658
-3.757905303
-3.751982338
-3.715263634
-3.666705915
-3.606358059
-3.541982517
-3.488490683
-3.455835509
-3.420050708
-3.388313875
-3.350670619
-3.303073032
-3.267289588
-3.239615841
-3.196084458
-3.154403204
-3.121779779
-3.070176012
-2.9931889
-2.88366305
-2.727575334
-2.555748692
-2.404800183
-2.274692362
-2.211442614
-2.190651836
-2.184788634
-2.184788634
-2.184788634
-2.178925767
-2.163105394
-2.125605249
-2.074052219
-2.00581517
-1.956656958
-1.908390562
-1.86510012
-1.811841097
-1.736079035
-1.630465279
-1.514928526
-1.390175469
-1.292936672
-1.205692959
-1.141743545
-1.081935607
-1.024653704
-0.961560314
-0.900144427
-0.856983031
-0.813829364
-0.766537394
-0.701830494
-0.642119938
-0.603979099
-0.555887583
-0.497029449
-0.455569943
-0.434839977
-0.428226249
-0.417450741
-0.410019921
-0.405040747
-0.398431271
-0.39426897
-0.39426897
-0.388472837
-0.38185999
-0.364471685
-0.352063005
-0.330510957
-0.295752301
-0.242717433
-0.161577128
-0.07711097
0.039623412
0.16868106
0.284561841
0.354821778
0.376310643
0.3862591
0.3862591
0.390449285
0.394639888
0.394639888
0.398830909
0.408781179
0.417165506
0.425551507
0.445479419
0.481190783
0.534201728
0.627817785
0.749355812
0.895663305
1.051850149
1.269288658
1.51963105
1.763716506
1.99559339
2.194705889
2.353016512
2.504767429
2.669206448
2.822907208
2.92755608
2.9860322
3.019658083
3.051124303
3.078293115
3.114061994
3.138400697
3.144118099
3.148420418
3.157026293
3.174949266
3.193584065
3.215044665
3.237915597
3.274413991
3.32164578
3.377506429
3.4513452
3.519502203
3.574720301
3.625782948
3.664579783
3.694031697
3.706159447
3.727026714
3.746512396
3.773716332
3.798314035
3.812253066
3.830536583
3.856819306
3.880845749
3.884918339
3.859742349
3.840819324
3.848108517
3.880481581
3.922834971
3.979605471
4.035694567
4.081718166
4.106221136
4.10998244
4.114334778
4.113057907
4.101797621
4.090535935
4.079272849
4.068008364
4.046164606
4.015119193
3.989708621
3.957274953
3.936111701
3.921281129
3.921380834
3.921480823
3.93365348
3.945129919
3.965302281
3.980432654
3.985681357
3.997261178
3.992528815
3.971693723
3.943936558
3.905007125
3.876760962
3.852271501
3.830489947
3.818712168
3.852333665
3.900083617
3.955163371
4.011688081
4.063883326
4.106915651
4.110498544
4.105225287
4.086151539
4.059334626
4.026165175
3.986633274
3.931542996
3.886699764
3.872610282
3.890718302
3.922280084
3.978839444
4.023971294
4.063194236
4.066699452
4.042244679
3.992772675
3.92844109
3.837925232
3.748815514
3.669722257
3.623189362
3.616501104
3.630318775
3.643412401
3.649957525
3.650104511
3.659561847
3.670472468
3.686475197
3.708295699
3.728090682
3.733333429
3.737852066
3.710958373
3.691912449
3.649459623
3.61907688
3.588696591
3.562525797
3.546969547
3.540715256
3.528048941
3.505339663
3.46632277
3.428771229
3.384945453
3.359226408
3.345206589
3.348048325
3.401695996
3.491691756
3.58600287
3.626667924
3.6190887
3.535668349
3.435687531
3.32707964
3.192693998
3.084448283
2.994742622
2.950858711
2.94514689
2.963132394
2.998426647
3.024967995
3.025742287
3.020015943
3.020015943
3.020015943
3.008562202
2.991378964
2.974192573
2.951272481
2.919592125
2.885193986
2.852143364
2.823460245
2.808597804
2.798689922
2.777305875
2.745226946
2.707402796
2.653922365
2.582981998
2.501308225
2.435471546
2.356482622
2.265696855
2.149622208
2.05535586
1.960425226
1.854685836
1.751142377
1.656850005
1.559976947
1.464254382
1.391697007
1.34087748
1.301664608
1.262440361
1.218868574
1.176145184
1.152867036
1.123761533
1.09117473
1.074565085
1.041341031
0.997952035
0.942263293
0.882227221
0.814829158
0.710826847
0.6015691
0.486405512
0.394289094
0.30641101
0.226119545
0.145774822
0.070344199
-0.017805744
-0.088371149
-0.147435583
-0.198824001
-0.2459314
-0.297361481
-0.343100293
-0.382765457
-0.428339291
-0.463732923
-0.522217735
-0.580708045
-0.626335014
-0.671977444
-0.72621002
-0.800847808
-0.868565861
-0.938004367
-1.008404092
-1.078818431
-1.154216295
-1.208529765
-1.258583958
-1.283952937
-1.326418524
-1.374821672
-1.439367382
-1.512439996
-1.582942016
-1.66960344
-1.76478371
-1.882073513
-2.011297589
-2.148250171
-2.286019941
-2.39496323
-2.487054207
-2.552819585
-2.618626091
-2.672498363
-2.722855386
-2.778467705
-2.837278834
-2.879891272
-2.912298074
-2.944707054
-2.967944964
-2.984152062
-3.004567608
