-4.108574
-4.164755
-4.220936
-4.277114
-4.333290
-4.389461
-4.445628
-4.501790
-4.557944
-4.614091
-4.670230
-4.726359
-4.782478
-4.838586
-4.894681
-4.950763
-5.006831
-5.062884
-5.118920
-5.174940
-5.230942
-5.286925
-5.342888
-5.398831
-5.454751
-5.510649
-5.566524
-5.622374
-5.678198
-5.733997
-5.789767
-5.845510
-5.901223
-5.956907
-6.012559
-6.068179
-6.123766
-6.179320
-6.234838
-6.290321
-6.345767
-6.401176
-6.456546
-6.511876
-6.567166
-6.622415
-6.677622
-6.732785
-6.787904
-6.842979
-6.898007
-6.952988
-7.007922
-7.062806
-7.117642
-7.172426
-7.227159
-7.281840
-7.336467
-7.391040
-7.445558
-7.500020
-7.554424
-7.608771
-7.663059
-7.717287
-7.771455
-7.825561
-7.879604
-7.933585
-7.987500
-8.041351
-8.095136
-8.148853
-8.202503
-8.256083
-8.309594
-8.363035
-8.416404
-8.469700
-8.522923
-8.576072
-8.629146
-8.682144
-8.735065
-8.787908
-8.840673
-8.893358
-8.945962
-8.998486
-9.050927
-9.103285
-9.155559
-9.207748
-9.259851
-9.311868
-9.363798
-9.415639
-9.467391
-9.519052
-9.570623
-9.622102
-9.673489
-9.724781
-9.775980
-9.827083
-9.878090
-9.929000
-9.979812
-10.030525
-10.081139
-10.131653
-10.182065
-10.232375
-10.282583
-10.332686
-10.382685
-10.432578
-10.482365
-10.532045
-10.581617
-10.631080
-10.680434
-10.729677
-10.778808
-10.827828
-10.876734
-10.925527
-10.974205
-11.022768
-11.071215
-11.119545
-11.167756
-11.215849
-11.263823
-11.311676
-11.359408
-11.407019
-11.454506
-11.501870
-11.549110
-11.596225
-11.643214
-11.690076
-11.736811
-11.783418
-11.829895
-11.876243
-11.922460
-11.968546
-12.014500
-12.060321
-12.106008
-12.151561
-12.196978
-12.242260
-12.287405
-12.332412
-12.377281
-12.422011
-12.466602
-12.511051
-12.555360
-12.599527
-12.643551
-12.687431
-12.731167
-12.774758
-12.818204
-12.861503
-12.904655
-12.947659
-12.990515
-13.033221
-13.075778
-13.118183
-13.160437
-13.202539
-13.244488
-13.286284
-13.327925
-13.369411
-13.410742
-13.451916
-13.492933
-13.533792
-13.574493
-13.615035
-13.655417
-13.695639
-13.735699
-13.775597
-13.815333
-13.854906
-13.894315
-13.933560
-13.972639
-14.011553
-14.050300
-14.088880
-14.127292
-14.165536
-14.203610
-14.241516
-14.279250
-14.316814
-14.354206
-14.391426
-14.428473
-14.465347
-14.502046
-14.538571
-14.574920
-14.611094
-14.647091
-14.682910
-14.718552
-14.754016
-14.789301
-14.824406
-14.859331
-14.894075
-14.928638
-14.963020
-14.997218
-15.031234
-15.065066
-15.098714
-15.132177
-15.165455
-15.198547
-15.231452
-15.264171
-15.296702
-15.329045
-15.361199
-15.393164
-15.424940
-15.456525
-15.487919
-15.519122
-15.550134
-15.580953
-15.611579
-15.642012
-15.672251
-15.702295
-15.732145
-15.761799
-15.791258
-15.820520
-15.849585
-15.878453
-15.907123
-15.935594
-15.963867
-15.991941
-16.019814
-16.047488
-16.074961
-16.102232
-16.129302
-16.156170
-16.182836
-16.209298
-16.235557
-16.261613
-16.287464
-16.313110
-16.338551
-16.363786
-16.388816
-16.413639
-16.438255
-16.462664
-16.486865
-16.510858
-16.534643
-16.558219
-16.581585
-16.604742
-16.627689
-16.650425
-16.672951
-16.695265
-16.717368
-16.739258
-16.760937
-16.782403
-16.803655
-16.824695
-16.845520
-16.866132
-16.886529
-16.906711
-16.926678
-16.946430
-16.965965
-16.985285
-17.004388
-17.023275
-17.041944
-17.060396
-17.078630
-17.096646
-17.114444
-17.132023
-17.149383
-17.166525
-17.183446
-17.200148
-17.216630
-17.232891
-17.248932
-17.264752
-17.280350
-17.295727
-17.310883
-17.325817
-17.340528
-17.355017
-17.369284
-17.383327
-17.397148
-17.410744
-17.424118
-17.437267
-17.450193
-17.462894
-17.475371
-17.487623
-17.499650
-17.511452
-17.523028
-17.534380
-17.545505
-17.556405
-17.567078
-17.577526
-17.587747
-17.597741
-17.607508
-17.617049
-17.626363
-17.635449
-17.644308
-17.652939
-17.661343
-17.669519
-17.677467
-17.685187
-17.692679
-17.699942
-17.706977
-17.713783
-17.720361
-17.726709
-17.732829
-17.738720
-17.744382
-17.749814
-17.755017
-17.759991
-17.764735
-17.769250
-17.773535
-17.777590
-17.781416
-17.785012
-17.788378
-17.791513
-17.794419
-17.797095
-17.799541
-17.801756
-17.803742
-17.805497
-17.807022
-17.808317
-17.809381
-17.810215
-17.810819
-17.811192
-17.811335
-17.811248
-17.810930
-17.810382
-17.809604
-17.808595
-17.807356
-17.805887
-17.804188
-17.802258
-17.800098
-17.797708
-17.795088
-17.792238
-17.789158
-17.785848
-17.782308
-17.778538
-17.774538
-17.770308
-17.765849
-17.761161
-17.756242
-17.751095
-17.745718
-17.740112
-17.734276
-17.728212
-17.721919
-17.715397
-17.708646
-17.701666
-17.694458
-17.687022
-17.679357
-17.671464
-17.663344
-17.654995
-17.646419
-17.637615
-17.628583
-17.619325
-17.609839
-17.600127
-17.590187
-17.580021
-17.569628
-17.559010
-17.548165
-17.537094
-17.525797
-17.514275
-17.502528
-17.490555
-17.478358
-17.465935
-17.453288
-17.440417
-17.427322
-17.414003
-17.400460
-17.386694
-17.372704
-17.358492
-17.344057
-17.329399
-17.314519
-17.299417
-17.284094
-17.268548
-17.252782
-17.236795
-17.220587
-17.204158
-17.187510
-17.170642
-17.153554
-17.136246
-17.118720
-17.100975
-17.083012
-17.064830
-17.046431
-17.027815
-17.008981
-16.989930
-16.970663
-16.951179
-16.931480
-16.911565
-16.891435
-16.871090
-16.850530
-16.829756
-16.808769
-16.787568
-16.766154
-16.744527
-16.722687
-16.700636
-16.678373
-16.655898
-16.633213
-16.610317
-16.587211
-16.563895
-16.540370
-16.516636
-16.492693
-16.468542
-16.444184
-16.419618
-16.394845
-16.369865
-16.344679
-16.319288
-16.293692
-16.267890
-16.241884
-16.215675
-16.189261
-16.162645
-16.135826
-16.108805
-16.081582
-16.054158
-16.026533
-15.998707
-15.970682
-15.942458
-15.914034
-15.885412
-15.856592
-15.827575
-15.798361
-15.768950
-15.739343
-15.709540
-15.679543
-15.649351
-15.618965
-15.588386
-15.557613
-15.526648
-15.495491
-15.464143
-15.432604
-15.400875
-15.368955
-15.336847
-15.304549
-15.272064
-15.239391
-15.206530
-15.173484
-15.140251
-15.106832
-15.073229
-15.039442
-15.005471
-14.971316
-14.936979
-14.902460
-14.867760
-14.832878
-14.797817
-14.762575
-14.727155
-14.691556
-14.655779
-14.619825
-14.583694
-14.547387
-14.510905
-14.474248
-14.437416
-14.400411
-14.363233
-14.325883
-14.288360
-14.250667
-14.212803
-14.174770
-14.136567
-14.098195
-14.059656
-14.020949
-13.982076
-13.943037
-13.903832
-13.864463
-13.824929
-13.785233
-13.745374
-13.705352
-13.665170
-13.624827
-13.584323
-13.543661
-13.502840
-13.461861
-13.420725
-13.379432
-13.337983
-13.296380
-13.254621
-13.212710
-13.170645
-13.128427
-13.086058
-13.043538
-13.000868
-12.958049
-12.915081
-12.871964
-12.828701
-12.785290
-12.741734
-12.698033
-12.654188
-12.610198
-12.566066
-12.521792
-12.477376
-12.432820
-12.388123
-12.343288
-12.298314
-12.253202
-12.207954
-12.162569
-12.117049
-12.071394
-12.025606
-11.979684
-11.933630
-11.887445
-11.841129
-11.794682
-11.748107
-11.701403
-11.654572
-11.607613
-11.560529
-11.513319
-11.465985
-11.418527
-11.370947
-11.323244
-11.275420
-11.227475
-11.179411
-11.131228
-11.082927
-11.034508
-10.985974
-10.937323
-10.888558
-10.839679
-10.790687
-10.741582
-10.692366
-10.643039
-10.593603
-10.544057
-10.494403
-10.444642
-10.394774
-10.344801
-10.294723
-10.244540
-10.194255
-10.143868
-10.093378
-10.042789
-9.992099
-9.941311
-9.890425
-9.839441
-9.788361
-9.737186
-9.685916
-9.634552
-9.583095
-9.531547
-9.479907
-9.428177
-9.376357
-9.324449
-9.272453
-9.220371
-9.168202
-9.115949
-9.063611
-9.011190
-8.958686
-8.906101
-8.853436
-8.800690
-8.747866
-8.694964
-8.641985
-8.588929
-8.535798
-8.482593
-8.429314
-8.375963
-8.322539
-8.269045
-8.215481
-8.161848
-8.108147
-8.054379
-8.000544
-7.946644
-7.892679
-7.838651
-7.784560
-7.730408
-7.676194
-7.621920
-7.567588
-7.513197
-7.458749
-7.404245
-7.349685
-7.295071
-7.240403
-7.185682
-7.130910
-7.076087
-7.021214
-6.966293
