-1.904808
-1.967503
-2.030195
-2.092880
-2.155556
-2.218218
-2.280864
-2.343491
-2.406095
-2.468673
-2.531222
-2.593738
-2.656219
-2.718660
-2.781060
-2.843414
-2.905719
-2.967973
-3.030171
-3.092311
-3.154390
-3.216403
-3.278349
-3.340224
-3.402024
-3.463746
-3.525388
-3.586946
-3.648416
-3.709796
-3.771083
-3.832272
-3.893362
-3.954349
-4.015229
-4.076001
-4.136659
-4.197202
-4.257626
-4.317928
-4.378105
-4.438154
-4.498071
-4.557854
-4.617499
-4.677004
-4.736365
-4.795580
-4.854644
-4.913556
-4.972311
-5.030908
-5.089342
-5.147612
-5.205713
-5.263643
-5.321399
-5.378978
-5.436377
-5.493593
-5.550622
-5.607463
-5.664112
-5.720566
-5.776822
-5.832877
-5.888729
-5.944374
-5.999810
-6.055033
-6.110042
-6.164832
-6.219402
-6.273747
-6.327867
-6.381757
-6.435415
-6.488838
-6.542024
-6.594969
-6.647671
-6.700127
-6.752334
-6.804290
-6.855993
-6.907438
-6.958624
-7.009549
-7.060208
-7.110601
-7.160723
-7.210573
-7.260148
-7.309446
-7.358463
-7.407197
-7.455646
-7.503808
-7.551679
-7.599258
-7.646541
-7.693526
-7.740212
-7.786595
-7.832673
-7.878444
-7.923905
-7.969054
-8.013889
-8.058407
-8.102606
-8.146484
-8.190038
-8.233267
-8.276167
-8.318737
-8.360974
-8.402877
-8.444443
-8.485670
-8.526556
-8.567099
-8.607296
-8.647145
-8.686646
-8.725794
-8.764589
-8.803029
-8.841111
-8.878833
-8.916194
-8.953191
-8.989823
-9.026087
-9.061983
-9.097507
-9.132659
-9.167435
-9.201836
-9.235858
-9.269500
-9.302760
-9.335637
-9.368128
-9.400233
-9.431949
-9.463275
-9.494209
-9.524749
-9.554895
-9.584644
-9.613995
-9.642946
-9.671496
-9.699644
-9.727387
-9.754725
-9.781656
-9.808178
-9.834291
-9.859993
-9.885282
-9.910158
-9.934619
-9.958663
-9.982290
-10.005498
-10.028287
-10.050654
-10.072599
-10.094120
-10.115217
-10.135888
-10.156133
-10.175950
-10.195338
-10.214296
-10.232824
-10.250920
-10.268583
-10.285812
-10.302607
-10.318967
-10.334891
-10.350377
-10.365426
-10.380036
-10.394207
-10.407938
-10.421228
-10.434076
-10.446482
-10.458446
-10.469966
-10.481042
-10.491673
-10.501860
-10.511600
-10.520895
-10.529743
-10.538143
-10.546096
-10.553602
-10.560658
-10.567266
-10.573426
-10.579135
-10.584395
-10.589205
-10.593565
-10.597475
-10.600933
-10.603941
-10.606498
-10.608604
-10.610259
-10.611462
-10.612215
-10.612515
-10.612365
-10.611762
-10.610709
-10.609204
-10.607248
-10.604841
-10.601983
-10.598674
-10.594914
-10.590704
-10.586044
-10.580933
-10.575373
-10.569363
-10.562904
-10.555996
-10.548640
-10.540836
-10.532584
-10.523885
-10.514738
-10.505146
-10.495108
-10.484624
-10.473696
-10.462323
-10.450507
-10.438248
-10.425546
-10.412403
-10.398819
-10.384794
-10.370330
-10.355427
-10.340086
-10.324307
-10.308092
-10.291442
-10.274356
-10.256837
-10.238885
-10.220501
-10.201686
-10.182440
-10.162766
-10.142663
-10.122134
-10.101178
-10.079798
-10.057993
-10.035766
-10.013118
-9.990049
-9.966561
-9.942655
-9.918333
-9.893595
-9.868443
-9.842878
-9.816901
-9.790515
-9.763719
-9.736517
-9.708908
-9.680895
-9.652478
-9.623660
-9.594442
-9.564825
-9.534811
-9.504402
-9.473598
-9.442402
-9.410816
-9.378840
-9.346477
-9.313728
-9.280595
-9.247080
-9.213184
-9.178909
-9.144257
-9.109230
-9.073829
-9.038057
-9.001915
-8.965405
-8.928529
-8.891288
-8.853686
-8.815724
-8.777403
-8.738726
-8.699694
-8.660311
-8.620577
-8.580495
-8.540067
-8.499295
-8.458181
-8.416728
-8.374937
-8.332810
-8.290350
-8.247559
-8.204440
-8.160994
-8.117223
-8.073131
-8.028718
-7.983988
-7.938944
-7.893586
-7.847918
-7.801941
-7.755659
-7.709074
-7.662188
-7.615003
-7.567523
-7.519748
-7.471683
-7.423329
-7.374689
-7.325766
-7.276561
-7.227078
-7.177319
-7.127287
-7.076984
-7.026413
-6.975576
-6.924477
-6.873117
-6.821500
-6.769628
-6.717504
-6.665130
-6.612509
-6.559645
-6.506539
-6.453194
-6.399614
-6.345801
-6.291757
-6.237486
-6.182991
-6.128274
-6.073337
-6.018185
-5.962819
-5.907244
-5.851460
-5.795472
-5.739282
-5.682894
-5.626310
-5.569532
-5.512565
-5.455411
-5.398072
-5.340553
-5.282856
-5.224983
-5.166938
-5.108724
-5.050344
-4.991801
-4.933098
-4.874238
-4.815224
-4.756059
-4.696747
-4.637289
-4.577690
-4.517953
-4.458080
-4.398074
-4.337940
-4.277679
-4.217295
-4.156791
-4.096171
-4.035437
-3.974592
-3.913640
-3.852585
-3.791428
-3.730173
-3.668824
-3.607383
-3.545854
-3.484240
-3.422544
-3.360769
-3.298919
-3.236997
-3.175005
-3.112948
-3.050828
-2.988648
-2.926413
-2.864124
-2.801786
-2.739401
-2.676973
-2.614505
-2.552001
-2.489462
-2.426894
-2.364298
-2.301678
-2.239038
-2.176381
-2.113709
-2.051027
-1.988337
-1.925643
-1.862947
-1.800254
-1.737566
-1.674887
-1.612220
-1.549568
-1.486934
-1.424322
-1.361735
-1.299177
-1.236649
-1.174156
-1.111701
-1.049287
-0.986918
-0.924596
-0.862325
-0.800108
-0.737948
-0.675849
-0.613813
-0.551845
-0.489946
-0.428121
-0.366372
-0.304703
-0.243117
-0.181618
-0.120207
-0.058889
0.002333
0.063456
0.124478
0.185394
0.246202
0.306898
0.367480
0.427944
0.488286
0.548505
0.608597
0.668558
0.728386
0.788078
0.847630
0.907039
0.966302
1.025417
1.084380
1.143187
1.201837
1.260326
1.318650
1.376808
1.434795
1.492609
1.550248
1.607707
1.664983
1.722075
1.778979
1.835692
1.892211
1.948533
2.004656
2.060575
2.116289
2.171795
2.227090
2.282170
2.337033
2.391676
2.446097
2.500292
2.554258
2.607994
2.661495
2.714760
2.767785
2.820568
2.873106
2.925397
2.977437
3.029224
3.080755
3.132028
3.183039
3.233787
3.284268
3.334481
3.384422
3.434088
3.483478
3.532589
3.581418
3.629962
3.678219
3.726187
3.773863
3.821245
3.868330
3.915115
3.961599
4.007779
4.053652
4.099216
4.144469
4.189409
4.234032
4.278338
4.322323
4.365985
4.409321
4.452331
4.495011
4.537359
4.579374
4.621052
4.662392
4.703391
4.744048
4.784360
4.824326
4.863942
4.903208
4.942121
4.980678
5.018879
5.056721
5.094202
5.131321
5.168074
5.204461
5.240479
5.276127
5.311403
5.346304
5.380830
5.414978
5.448746
5.482134
5.515138
5.547758
5.579991
5.611836
5.643292
5.674357
5.705028
5.735305
5.765186
5.794669
5.823754
5.852437
5.880718
5.908596
5.936069
5.963135
5.989794
6.016043
6.041882
6.067308
6.092322
6.116920
6.141103
6.164869
6.188217
6.211144
6.233652
6.255737
6.277399
6.298637
6.319450
6.339837
6.359796
6.379327
6.398428
6.417099
6.435338
6.453145
6.470519
6.487458
6.503963
6.520032
6.535663
6.550858
6.565614
6.579931
6.593808
6.607244
6.620239
6.632793
6.644903
6.656571
6.667794
6.678574
6.688908
6.698797
6.708240
6.717236
6.725785
6.733887
6.741541
6.748747
6.755504
6.761813
6.767672
6.773081
6.778041
6.782550
6.786609
6.790218
6.793376
6.796083
6.798338
6.800143
6.801497
6.802399
6.802849
6.802849
6.802397
6.801493
6.800138
6.798332
6.796075
6.793367
6.790208
6.786598
6.782537
6.778026
6.773065
6.767654
6.761794
6.755484
6.748726
6.741518
6.733863
6.725760
6.717209
6.708211
6.698767
6.688877
6.678541
6.667761
6.656536
6.644867
6.632755
6.620200
6.607204
6.593766
6.579887
6.565569
6.550812
6.535616
6.519983
6.503913
6.487407
6.470466
6.453091
6.435283
6.417042
6.398370
6.379267
6.359735
6.339775
6.319387
6.298573
