-6.747704
-8.076054
-9.398282
-10.708295
-12.000054
-13.267607
-14.505113
-15.706867
-16.867332
-17.981159
-19.043215
-20.048606
-20.992697
-21.871139
-22.679882
-23.415199
-24.073702
-24.652356
-25.148493
-25.559828
-25.884465
-26.120907
-26.268065
-26.325261
-26.292231
-26.169128
-25.956518
-25.655381
-25.267106
-24.793482
-24.236691
-23.599299
-22.884245
-22.094824
-21.234673
-20.307756
-19.318347
-18.271004
-17.170554
-16.022069
-14.830841
-13.602362
-12.342292
-11.056438
-9.750727
-8.431176
-7.103867
-5.774916
-4.450449
-3.136568
-1.839331
-0.564714
0.681408
1.893292
3.065352
4.192188
5.268606
6.289644
7.250599
8.147040
8.974837
9.730174
10.409570
11.009895
11.528382
11.962641
12.310670
12.570866
12.742030
12.823373
12.814520
12.715512
12.526804
12.249268
11.884181
11.433226
10.898483
10.282414
9.587860
8.818021
7.976445
7.067011
6.093909
5.061626
3.974917
2.838792
1.658486
0.439439
-0.812731
-2.092253
-3.393230
-4.709667
-6.035497
-7.364608
-8.690877
-10.008190
-11.310477
-12.591736
-13.846062
-15.067674
-16.250942
-17.390413
-18.480836
-19.517185
-20.494684
-21.408829
-22.255405
-23.030512
-23.730578
-24.352375
-24.893039
-25.350078
-25.721385
-26.005249
-26.200362
-26.305825
-26.321152
-26.246271
-26.081529
-25.827684
-25.485906
-25.057771
-24.545251
-23.950709
-23.276885
-22.526883
-21.704161
-20.812510
-19.856039
-18.839157
-17.766549
-16.643160
-15.474166
-14.264955
-13.021100
-11.748333
-10.452519
-9.139632
-7.815721
-6.486888
-5.159257
-3.838947
-2.532042
-1.244565
0.017549
1.248485
2.442570
3.594299
4.698366
5.749683
6.743403
7.674948
8.540024
9.334644
10.055147
10.698211
11.260874
11.740541
12.135003
12.442441
12.661439
12.790987
12.830488
12.779760
12.639038
12.408968
12.090613
11.685439
11.195313
10.622494
9.969622
9.239706
8.436110
7.562537
6.623013
5.621869
4.563717
3.453436
2.296141
1.097166
-0.137963
-1.403554
-2.693774
-4.002678
-5.324232
-6.652346
-7.980900
-9.303770
-10.614861
-11.908129
-13.177615
-14.417467
-15.621972
-16.785580
