-3.036276024
-3.07529685
-3.12877125
-3.130136267
-3.09918284
-3.077326557
-3.090375197
-3.167010668
-3.260855289
-3.406167728
-3.591911478
-3.824002827
-4.061774475
-4.256653302
-4.430623912
-4.561267149
-4.689617718
-4.813169549
-4.926551322
-5.046587685
-5.180871831
-5.350860466
-5.645242774
-6.076235741
-6.55552555
-7.097070533
-7.707225405
-8.329156227
-8.969789463
-9.596772056
-10.10527287
-10.43418093
-10.61920768
-10.6796322
-10.66005367
-10.68966247
-10.74896429
-10.81010438
-10.86979158
-10.87010233
-10.86942956
-10.89231352
-10.95248191
-11.11907495
-11.32892001
-11.58333231
-11.8843506
-12.17504767
-12.4106446
-12.60020593
-12.7616497
-12.87718363
-12.98860863
-13.11096672
-13.25327367
-13.41581441
-13.61290737
-13.79136055
-13.94964489
-14.07860935
-14.16515846
-14.19101277
-14.19247613
-14.19540268
-14.20548052
-14.23603772
-14.31307335
-14.4238001
-14.56546113
-14.72638715
-14.89097515
-15.08470637
-15.27522706
-15.36514974
-15.41296827
-15.45044247
-15.48110169
-15.52001085
-15.61379886
-15.71038939
-15.82749802
-15.9841915
-16.18002395
-16.3567279
-16.53555101
-16.66783967
-16.77315389
-16.86024676
-16.95801808
-17.02596263
-17.09193257
-17.22007703
-17.3585393
-17.50603283
-17.71339277
-17.92107839
-18.14158686
-18.36892437
-18.5284347
-18.63144541
-18.67669503
-18.6244925
-18.51708123
-18.40321307
-18.26817969
-18.11496968
-17.98245346
-17.82076488
-17.68904734
-17.55805276
-17.42569265
-17.29484044
-17.17213159
-17.04236988
-16.94491708
-16.8718459
-16.85355953
-16.86470934
-16.87844217
-16.90408102
-16.93210492
-16.99113313
-17.07943992
-17.21651362
-17.38981408
-17.57915691
-17.79964431
-18.01868699
-18.19261092
-18.31474957
-18.35845362
-18.32525619
-18.19979842
-18.02635215
-17.80389066
-17.57238618
-17.33609018
-17.04096185
-16.71141751
-16.38974979
-16.04871137
-15.75071392
-15.51535575
-15.29140954
-15.11839531
-14.98814796
-14.8591887
-14.73505801
-14.59475753
-14.40553518
-14.16749497
-13.8729635
-13.49021152
-13.10755369
-12.69223267
-12.28926951
-11.95271624
-11.64686233
-11.35648984
-11.08869941
-10.83617627
-10.5616939
-10.28082001
-9.988690346
-9.666999886
-9.303246627
-8.946647215
-8.567699371
-8.186109335
-7.794066013
-7.428026489
-7.058276643
-6.707273635
-6.393184288
-6.051388015
-5.703452982
-5.345245046
-4.964529514
-4.588335491
-4.204518788
-3.820333592
-3.445894271
-3.08135124
-2.718718447
-2.404145469
-2.125736722
-1.895681211
-1.645010671
-1.371780961
-1.095277418
-0.746553483
-0.351739511
0.017361172
0.384514521
0.773627135
1.181524805
1.586755832
2.004468771
2.373661524
2.704583432
3.028184478
3.317538773
3.572857224
3.788541384
3.991262233
4.216238985
4.488036294
4.805138766
5.165168336
5.598736279
6.038503725
6.500486786
6.937894988
7.322643138
7.669522302
8.000937894
8.246445251
8.439631328
8.601097352
8.736775927
8.843446525
8.947464483
9.038784258
9.114656419
9.203791089
9.308871095
9.408969386
9.577553005
9.754576906
9.961504534
10.23743269
10.49953166
10.73684747
10.99504243
11.2565263
11.46918178
11.65019608
11.80709016
11.89439689
11.97159339
12.05715335
12.13940404
12.22066549
12.34672278
12.48866267
12.66066067
12.85705688
13.02035183
13.18778206
13.35105937
13.49973252
13.61244381
13.76322522
13.90876167
14.04479494
14.18488682
14.30055961
14.33652225
14.36316544
14.36881499
14.36433791
14.41463499
14.48039485
14.51062945
14.56123986
14.65626012
14.72172012
14.74226484
14.76675778
14.79659812
14.81098452
14.78452838
14.70973575
14.5723142
14.41353576
14.30997659
14.1932082
14.04663699
13.92992858
13.82232187
13.692096
13.59448944
13.5452456
13.4776869
13.4523163
13.46041628
13.45861027
13.41510916
13.36126713
13.21912298
12.98762103
12.68294892
12.26486128
11.74262413
11.19932387
10.70275139
10.2158989
9.837106502
9.603636923
9.48291945
9.454993761
9.475623791
9.495400176
9.497466717
9.526392782
9.586315476
9.644586862
9.728016305
9.81748376
9.819516466
9.761526441
9.661260462
9.496864235
9.270946674
9.078878379
8.895743816
8.707720591
8.518850341
8.285621325
7.94544726
7.540848998
7.07560505
6.554349834
6.056446672
5.580294694
5.087362528
4.604791463
4.162828201
3.754464115
3.430406409
3.137885095
2.858035009
2.632012288
2.482546112
2.308882206
2.062838747
1.842054665
1.613884704
1.358146066
1.139794963
0.972828546
0.733250338
0.424624777
0.092419283
-0.272413947
-0.643572844
-1.017126804
-1.415983886
-1.81407247
-2.174757388
-2.464697521
-2.690399703
-2.878373553
-3.006502418
-3.086415759
-3.097907168
-3.097907168
-3.091686102
-3.102351907
-3.11301744
-3.128125956
-3.242496856
-3.35326746
-3.483514439
-3.640294448
-3.6974493
-3.709028821
-3.672691156
-3.50494528
-3.329874045
-3.24854603
-3.208304902
-3.218968491
-3.245473757
-3.227828463
-3.15491901
-3.044728882
-2.863126715
-2.64763816
-2.417033976
-2.20515667
-2.04499022
-1.951991152
-1.945951404
-2.028570097
-2.174464035
-2.304162304
-2.443034226
-2.521024604
-2.562586689
-2.580316986
-2.579152276
-2.583467544
-2.579042187
-2.550405361
-2.566197264
-2.582534355
-2.586087315
-2.664158941
-2.772601324
-2.885595783
-3.024167274
-3.18640233
-3.291133599
-3.37226776
-3.437478508
-3.455338736
-3.423406277
-3.416417735
-3.384453277
-3.339853751
-3.249994325
-3.197619309
-3.198208486
-3.181384356
-3.209719522
-3.309272317
-3.370238906
-3.45010628
-3.58709226
-3.764572696
-3.865105813
-3.955994652
-4.068016571
-4.106139628
-4.122444766
-4.155029699
-4.200617833
-4.269200552
-4.427576548
-4.609612708
-4.79269091
-5.048840645
-5.310787331
-5.55205741
-5.776705727
-5.954512426
-6.066888895
-6.181880793
-6.251505581
-6.304773143
-6.374404857
-6.434901651
-6.477048458
-6.508619634
-6.588122651
-6.680312349
-6.825947641
-7.070002613
-7.360174306
-7.705202541
-8.138594413
-8.647195558
-9.168974361
-9.708964474
-10.22393828
-10.66149616
-10.93661873
-11.14460891
-11.28801338
-11.41615915
-11.55807345
-11.73898037
-11.89980439
-12.04827418
-12.19093622
-12.26981091
-12.30992771
-12.36683838
-12.40781186
-12.47493705
-12.56619606
-12.66445646
-12.79699346
-12.92843063
-13.0623641
-13.20909236
-13.38560396
-13.54326215
-13.66222691
-13.73882247
-13.74713949
-13.6979536
-13.62909987
-13.53678794
-13.49519498
-13.44579002
-13.39899718
-13.35479114
-13.28720076
-13.20531475
-13.15320228
-13.10873115
-13.06019558
-13.03631054
-13.04869605
-13.04158196
-13.04233689
-13.04958298
-13.03337202
-12.99238817
-12.96150726
-12.96438781
-12.95264821
-12.96003858
-12.99326534
-13.00550259
-13.01731815
-13.03906439
-13.0435017
-13.01281185
-12.98327118
-12.90487486
-12.73610118
-12.53682928
-12.2915359
-11.99726731
-11.6811784
-11.38475906
-11.01114047
-10.62688686
-10.206363
-9.801870863
-9.445993066
-9.116449241
-8.814795118
-8.591308255
-8.397973114
-8.205963503
-8.050563811
-7.922317175
-7.776381471
-7.588434445
-7.353581592
-7.112793224
-6.820961661
-6.486994859
-6.170576182
-5.859147144
-5.599647277
-5.385604688
-5.224921125
-5.127455116
-5.117444268
-5.139968008
-5.165396023
-5.198569715
-5.181802002
-5.10208571
-4.995636463
-4.814346403
-4.554645306
-4.263448646
-3.908304079
-3.526830128
-3.168149625
-2.831591464
-2.548198777
-2.306282477
-2.111466882
-1.934022341
-1.752113261
-1.562312861
-1.378763999
-1.171264718
-0.949334377
-0.717051697
-0.516889836
-0.339713605
-0.162863532
0.023561688
0.210616758
0.461309366
0.773056596
1.112919331
1.470321297
1.868302472
2.311387592
2.788572938
3.244597543
3.647077118
3.991194774
4.266923233
4.529544971
4.738781044
4.884624607
5.028521237
5.135176498
5.228487229
5.389464467
5.552078623
5.747952811
6.015146653
6.313387316
6.6172644
6.981668957
7.330720334
7.649794952
7.930789314
8.174678303
8.383458619
8.586787147
8.80900942
9.035073655
9.241706067
9.447989332
9.602941572
9.684328595
9.720177417
9.690673852
9.645413808
9.62105826
9.57606831
9.516073937
9.481197843
9.416816305
9.31242007
9.198225208
9.087545033
8.96200852
8.886867805
8.821282159
8.775182492
8.782944426
8.797053634
8.816730167
8.846390027
8.854876315
8.818075552
8.739642987
8.649282913
8.532960633
8.382008034
8.201308567
8.034975159
7.851108359
7.640867117
7.415287004
7.176819032
6.92635606
6.651798969
6.38692414
6.110707392
5.826706022
5.567029799
5.31004937
5.054944365
4.818027322
4.55059814
4.284213283
4.080257483
3.880100634
3.683201417
3.481915727
3.285565286
3.063638545
2.789608224
2.524561888
2.277867279
2.007565208
1.706716178
1.423478736
1.209143935
1.017190563
0.872420266
0.735966567
0.558476295
0.315395956
0.012207555
-0.338981437
-0.716153592
-1.080777417
-1.448306799
-1.806001997
-2.1135549
-2.411566952
-2.665920999
-2.879799366
-3.020592185
-3.169597141
-3.314415904
-3.431105581
-3.555698666
-3.718046174
-3.880234124
-4.04655694
-4.214916573
-4.343126196
-4.433887222
-4.529344177
-4.630499021
-4.69867029
-4.783910091
-4.952197518
-5.148113065
-5.290293039
-5.372286726
-5.353706124
-5.107841321
-4.783489682
-4.427040207
-4.059040678
-3.697272723
-3.40315643
-3.211566082
-3.17301784
-3.257107514
-3.425688803
-3.570636253
-3.685284074
-3.74221033
-3.741091439
-3.751507793
-3.702278951
-3.563789505
-3.409666371
-3.269351028
-3.091992635
-2.895495837
-2.693592808
-2.44444864
-2.190726899
-1.956898745
-1.729727928
-1.530483287
-1.397982641
-1.318830226
-1.326985644
-1.373093632
-1.45669083
-1.531378268
-1.576482946
-1.608598678
-1.641808586
-1.683656549
-1.724846148
-1.756575355
-1.8056326
-1.886911767
-1.984766409
-2.108747059
-2.300323206
-2.474825361
-2.648042787
-2.812890189
-2.980944281
-3.179485114
-3.378145762
-3.608499396
-3.847864534
-4.087498433
-4.398639799
-4.750146135
-5.094309078
-5.40182309
-5.655841357
-5.833758256
-5.953019728
-6.035475787
-6.068433535
-6.101220235
-6.143223728
-6.176756122
-6.238085115
-6.368132679
-6.544706839
-6.789961629
-7.122501477
-7.489413769
-7.865832122
-8.26951354
-8.599384422
-8.831101655
-9.017736718
-9.189363928
-9.348645907
-9.51903221
-9.711822932
-9.922386794
-10.10785159
-10.24891767
-10.38883694
-10.46999048
-10.47985814
-10.43577061
-10.31398815
-10.14329571
-9.990614367
-9.848415468
-9.715542943
-9.571892031
-9.490449095
-9.464684111
-9.413670484
-9.359695297
-9.307329163
-9.180258669
-9.00050408
-8.80009816
-8.604158351
-8.39001438
-8.187046164
-8.02680848
-7.871896672
-7.748069461
-7.645756702
-7.493389743
-7.336043678
-7.21572129
-7.096319634
-6.949355134
-6.775358592
-6.563930203
-6.325372511
-6.036571568
-5.699835783
-5.349785673
-4.990572573
-4.632321038
-4.275034893
-3.919740319
-3.604974553
-3.367831813
-3.200155759
-3.114152404
-3.047520693
-2.968224806
-2.876690494
-2.759207112
-2.586306554
-2.397721566
-2.187563721
-1.919132285
-1.644346484
-1.371734498
-1.040336321
-0.699534288
-0.400133694
-0.143639097
0.099251375
0.265097396
0.405153304
0.517881634
0.609109194
0.73723458
0.944223561
1.169787217
1.445436289
1.782642073
2.142809666
2.516417628
2.876296078
3.179569777
3.479097413
3.735106333
3.910288219
4.021655217
4.102854461
4.161009851
4.23295675
4.351371307
4.532229886
4.769625213
5.038407169
5.328662933
5.636259122
5.976104973
6.280823784
6.500107171
6.655083149
6.764101693
6.762073748
6.681829324
6.557101591
6.422846697
6.332380224
6.220182135
6.110417762
5.967176544
5.799061345
5.550288735
5.238284437
4.877954731
4.528751145
4.13403471
3.765138657
3.419390471
3.094643905
2.835942521
2.637988445
2.510238826
2.452242626
2.395005067
2.377180782
2.330916775
2.268600782
2.20263135
2.087847504
1.94297666
1.746969022
1.511081021
1.218110077
0.920754366
0.602426899
0.281967017
-0.049691314
-0.332104287
-0.572635847
-0.752919734
-0.854582332
-0.925466411
-0.973373684
-1.015310776
-1.051270394
-1.111230856
-1.171226019
-1.223589232
-1.247607739
-1.306347371
-1.391961108
-1.45737215
-1.52447858
-1.620765818
-1.719084238
-1.83560707
-1.951293336
-2.067852747
-2.166391216
-2.272086169
-2.372586368
-2.452418489
-2.533148471
-2.551382375
-2.568571813
-2.5766654
-2.589080166
-2.605059156
-2.623051938
-2.649680042
-2.672997194
-4.264551633
