42.78269678
42.97575307
43.22621245
43.45743243
43.70968985
43.98458392
44.28980104
44.58819171
44.888885
45.18056755
45.37809686
45.49884726
45.52886281
45.50601457
45.4612899
45.42574438
45.3809019
45.35317255
45.35326522
45.32482192
45.3024772
45.27598971
45.2827394
45.28436032
45.2381985
45.16293757
44.98516585
44.77940845
44.57474382
44.3723664
44.21514628
44.11334036
44.08722563
44.08692266
44.09372477
44.10156091
44.10508014
44.10916349
44.14043957
44.13191741
44.1446721
44.14575745
44.18483299
44.25639973
44.32311752
44.4167857
44.51161215
44.56406969
44.58942863
44.63681002
44.68061614
44.73447269
44.81543664
44.87379111
44.93385618
44.9752483
45.00594738
45.01037392
45.02498323
45.00382477
45.010112
44.99070588
44.98536744
44.97469091
44.953023
44.9128837
44.87561532
44.83961614
44.77360526
44.73141376
44.69497684
44.6166133
44.54284819
44.4505367
44.35422286
44.24323004
44.13804354
44.02192045
43.93532691
43.85041608
43.79629337
43.73819751
43.6849519
43.65227718
43.58355789
43.52547462
43.48551029
43.43677567
43.42315874
43.39442745
43.38359665
43.35568623
43.32843251
43.29615726
43.26618306
43.21152618
43.14981378
43.10109498
43.03927256
42.98180912
42.96705328
42.97146597
42.99000026
43.04468584
43.13727934
43.255506
43.37327766
43.49923958
43.58909422
43.68724952
43.81556263
43.94159159
44.09250039
44.21111
44.3177529
44.41767343
44.41773093
44.41265799
44.42150559
44.41070201
44.38679441
44.36111977
44.30763998
44.25096906
44.17869953
44.0864352
43.98157978
43.86581256
43.77107543
43.68683924
43.62576839
43.58253043
43.58004013
43.59975004
43.59672525
43.59529791
43.58432879
43.57021202
43.53914671
43.50414928
43.49505187
43.48300281
43.48038616
43.50281597
43.53305988
43.55806719
43.57914614
43.58390457
43.56395884
43.55248537
43.54993482
43.55109809
43.56684558
43.58950965
43.65094697
43.71382222
43.78252094
43.8448593
43.91276087
43.94585488
43.98428558
44.00335738
44.00848165
44.01521602
44.03103091
44.04399591
44.07317875
44.12682699
44.17693007
44.22958982
44.29090418
44.3692071
44.4411352
44.49886993
44.58372998
44.65528668
44.70831765
44.74820436
44.79471614
44.83216865
44.87497239
44.92556339
44.96269812
44.99699498
45.03508705
45.07836063
45.09601177
45.11370556
45.13953266
45.18198522
45.21787751
45.27393036
45.36127328
45.4706343
45.61753219
45.76180744
45.89961602
46.05660369
46.18318099
46.27737113
46.36600617
46.44190261
46.47257188
46.54283344
46.59487219
46.65453158
46.71844466
46.77946946
46.82756243
46.8627768
46.88121021
46.88528133
46.90143968
46.90939762
46.94191484
46.97568031
47.01342172
47.03837363
47.04993424
47.05481947
47.06960728
47.05935397
47.07002981
47.07793861
47.06889346
47.06765285
47.06795434
47.04850555
47.01640578
46.98180048
46.92946432
46.88892202
46.85218179
46.81838251
46.81422086
46.82913385
46.82986273
46.84111119
46.8671861
46.89265123
46.89667677
46.92328068
46.94035179
46.9499376
46.97119298
46.99256279
47.00468491
47.04801562
47.07942979
47.12312731
47.17496091
47.21958198
47.22700142
47.23207966
47.2456226
47.24439764
47.25593932
47.29218639
47.34145575
47.3780902
47.41310092
47.43220208
47.45722572
47.48435582
47.51989679
47.54294873
47.58826907
47.64624522
47.6890225
47.73683447
47.77724114
47.80596564
47.86448637
47.88450344
47.88591706
47.87773204
47.83129779
47.80486331
47.77842423
47.74705198
47.69243082
47.67105285
47.67829544
47.70537094
47.73434376
47.72361363
47.70756443
47.67839162
47.65296729
47.62363405
47.58365529
47.54791654
47.47191989
47.35797972
47.275653
47.21167824
47.1001989
47.02349486
46.97846663
46.94404158
46.93126034
46.92927014
46.92117641
46.94312041
46.93646829
46.93613546
46.92383362
46.91512517
46.91948411
46.8913634
46.89189071
46.89106466
46.87981801
46.88148729
46.89932325
46.90035253
46.90553409
46.91091292
46.86572555
46.77722834
46.65885227
46.54595727
46.43618473
46.3619554
46.26773783
46.14326373
46.04613148
45.93958692
45.84157506
45.75908752
45.69914375
45.64970496
45.59874133
45.54836677
45.49023527
45.4086071
45.34731926
45.2787345
45.23209659
45.20317325
45.18081238
45.10220183
44.99778774
44.90544011
44.79906155
44.73205666
44.6675803
44.61768688
44.60270361
44.63436866
44.6649209
44.67847483
44.69575061
44.69709025
44.71152033
44.70136391
44.70136391
44.70311051
44.70519967
44.70728975
44.71321742
44.72048225
44.73902679
44.74031528
44.73778991
44.71260905
44.64832792
44.51441322
44.35124742
44.14141214
43.87430868
43.61493244
43.34403394
43.07907817
42.80517097
42.42869313
41.97688099
41.51312572
40.98672963
40.46871556
39.98125449
39.52467377
39.10524787
38.77371488
38.49728762
38.32486333
38.20954906
38.15462142
38.18073441
38.24071926
38.36387244
38.60428135
38.90945025
39.23899833
39.56985035
39.89192123
40.22385128
40.54218229
40.83690515
41.12164046
41.43164393
41.73340776
42.01137319
42.30103995
42.58152259
42.85570421
43.13837862
43.37620815
43.54143204
43.69773951
43.79823714
43.88505932
43.96997184
44.04900154
44.13803329
44.22409722
44.28883637
44.40878836
44.50283454
44.58047435
44.60873105
44.62196371
44.589865
44.56226693
44.56197127
44.53147522
44.49675918
44.4744657
44.42453292
44.35349425
44.2857074
44.20594173
44.11520848
44.04995535
43.98058795
43.9227792
43.89610252
43.86794557
43.82409383
43.81307922
43.80600203
43.78826602
43.77195332
43.76543283
43.75646836
43.73485583
43.70972862
43.70851963
43.67160279
43.61257142
43.54037447
43.42501254
43.31830471
43.21102684
43.13042276
43.07745168
43.05347898
43.04405743
43.02124844
42.99951017
42.9765142
42.95095042
42.93323833
42.90570755
42.88604825
42.87235088
42.84960534
42.83224042
42.82075315
42.80699675
42.78296912
42.7634389
42.74738499
42.72362153
42.71123844
42.7030451
42.68630335
42.73219634
42.79043033
42.79778777
42.8013594
42.80335033
42.77272387
42.76324068
42.74688784
42.7413079
42.74543984
42.7398511
42.70192783
42.67495639
42.64769691
42.59335557
42.52719719
42.45676395
42.40129889
42.34242793
42.29500974
42.2635004
42.23313301
42.20350092
42.17683259
42.13194163
42.1046337
42.06471153
42.00064747
41.94432851
41.8969835
41.83148354
41.76604246
41.69851135
41.63635185
41.57286664
41.52666293
41.48423788
41.4706066
41.48001897
41.49941061
41.51642628
41.54230022
41.61829639
41.69753497
41.81340464
41.94236982
42.06698518
42.18383623
42.30531824
42.41284925
42.49671547
42.5993255
42.69009793
42.78443286
42.88033378
42.99109422
43.0934972
43.21899148
43.37179359
43.52222853
43.65380354
43.79144399
43.90266194
44.00972716
44.10229952
44.16250133
44.20030702
44.2382078
44.26428653
44.27838613
44.27546392
44.28502752
44.29029132
44.33373268
44.41165916
44.5117005
44.65962976
44.79053359
44.89967026
45.01124942
45.12777017
45.23043211
45.34132563
45.44855224
45.53084183
45.60420662
45.70014026
45.78707705
45.84856967
45.93755876
46.02575551
46.10823213
46.19188681
46.29807941
46.38562143
46.48190108
46.57660357
46.60912721
46.63105544
46.6565509
46.65320447
46.64251372
46.6594437
46.69087585
46.70713377
46.70680714
46.71474389
46.70587333
46.68439784
46.68374559
46.70994339
46.75417536
46.80748873
46.87611514
46.9308338
46.98522178
47.01209779
47.01180041
47.01070543
47.01407095
47.02368422
47.05679815
47.08296389
47.11636574
47.14653245
47.16685654
47.17815917
47.20096694
47.21876184
47.22907565
47.26061505
47.29099065
47.32392809
47.34707368
47.36968765
47.38965353
47.41550583
47.44687195
47.49529864
47.55745151
47.62770423
47.68982857
47.75985953
47.82304606
47.87849017
47.92149304
47.94293411
47.97120591
47.99406281
48.01277369
48.02393119
48.04205432
48.05692712
48.07000615
48.08586065
48.07532717
48.07851367
48.07448355
48.05494268
48.02847802
48.00005337
47.95307777
47.8937343
47.85209504
47.81028477
47.77318544
47.76422157
47.78245262
47.78332153
47.76126855
47.74985647
47.71230584
47.68642139
47.69088002
47.69159172
47.67919615
47.64460307
47.61234665
47.55138495
47.47171082
47.41748875
47.38606802
47.31587861
47.22598849
47.17063831
47.14062239
47.11407447
47.0783999
47.0302097
46.96815878
46.8838993
46.77996967
46.68763537
46.58314127
46.46880075
46.35006145
46.25207831
46.16087153
46.05786184
45.97443417
45.89873156
45.84546891
45.81593992
45.78744862
45.76737029
45.72948818
45.70733196
45.68613278
45.66991206
45.64360949
45.5925325
45.54708819
45.51078476
45.45699755
45.43330668
45.42612923
45.43278734
45.43267021
45.43200549
45.39518043
45.35858094
45.23684078
45.00914314
44.68342622
44.29682068
43.87149507
43.42683575
43.03767446
42.72711282
42.44157144
42.15112809
41.81695861
41.46006878
41.1121673
40.82915743
40.57960967
40.41383907
40.38518321
40.39622991
40.43884709
40.53384376
40.64927351
40.77528705
40.93399031
41.14984517
41.419895
41.71647389
42.04783081
42.34735901
42.62752255
42.85564981
43.04550743
43.21671402
43.34848098
43.4548488
43.53992724
43.61533745
43.65447381
43.7065161
43.78545002
43.86341636
43.92453296
43.98589921
43.99829714
43.99316836
43.98484973
43.95647189
43.91545792
43.85854161
43.80576981
43.77112884
43.77479619
43.7790411
43.7756085
43.79573997
43.81075223
43.82076227
43.81180113
43.81830384
43.80585739
43.8047452
43.79724839
43.79125856
43.76806541
43.73534772
43.71506514
43.70691358
43.68360251
43.70562994
43.69214452
43.66334491
43.65362409
43.63217311
43.55718719
43.50776276
43.48195621
43.45054057
43.42701373
43.4248772
43.42882476
43.44760153
43.45720776
43.45159506
43.44620113
43.46389797
43.47963483
43.49650133
43.53153286
43.55238408
43.57744127
43.60187373
43.6295047
43.66229274
43.70821579
43.76063977
43.82468819
43.88976903
43.97925751
44.07975542
44.19037591
44.27684793
44.34754011
44.43137587
44.49794134
44.55534486
44.60689138
44.66111782
44.70260642
44.7430812
44.78476821
44.82244906
44.84326709
44.88106017
44.94182097
44.98529389
45.05107702
45.14002129
45.23590975
45.33197541
45.4410384
45.54883013
45.65787967
45.76817878
45.87858948
45.96099033
46.03595974
46.11105216
46.15895039
46.2191305
46.29033339
46.34732967
46.40073313
46.46635764
46.53416173
46.60509379
46.68138144
46.76193562
46.83593597
46.91880099
47.00058682
47.0887163
47.17395649
47.24909096
47.28366153
47.32517786
47.36125224
47.39629338
47.41377015
47.44153207
47.46182145
47.47455104
47.48328815
47.50243452
47.50627328
47.51583413
47.5232867
47.5384174
47.53996014
47.55014209
47.57897815
47.58518543
47.60827796
47.62349003
47.61533572
47.59048902
47.57737946
47.57471347
47.55010462
47.50847382
47.47633131
47.4806635
47.48437215
47.49276383
47.49041177
47.49139402
47.48068756
47.48096199
47.48767957
47.47869757
47.46747546
47.47640202
47.47650721
47.45347773
47.41688533
47.38374534
47.35105625
47.27574361
47.21446083
47.15054362
47.06642717
46.9807693
46.90585133
46.86962085
46.84035199
46.81652581
46.79789407
46.7934347
46.77837051
46.76263815
46.72899514
46.69215879
46.63856395
46.57455908
46.50114245
46.41285356
46.31165497
46.22335562
46.15305184
46.05548509
45.98824321
45.9381638
45.8894614
45.85256235
45.83186391
45.8145751
45.79946717
45.78653224
45.76500423
45.74351405
45.73046973
45.72189705
45.7463126
45.74634595
45.74578915
45.71706731
45.68306543
45.63856536
45.58781983
45.54250269
45.49638221
45.45667345
45.40967092
45.36394529
45.31415422
45.28105644
45.2748652
45.2440793
45.23135231
45.22279149
45.21930155
45.20516625
45.19939607
45.18415534
43.32147636
