43.23053726
43.30842721
43.33795887
43.34991529
43.36505218
43.39454051
43.41377433
43.42835557
43.43884115
43.40681058
43.36607272
43.32867097
43.25302678
43.20791843
43.17609316
43.15435924
43.12845457
43.07017641
43.02645021
42.98535829
42.97216769
42.97452049
42.95232761
42.93822141
42.91378459
42.87778264
42.84361276
42.84317083
42.85946652
42.89893332
42.94294437
42.99262077
43.02447418
43.04915847
43.07033129
43.08570769
43.10526701
43.12598776
43.12967433
43.13797871
43.1654668
43.1997617
43.21000828
43.2280022
43.25042424
43.25793789
43.25923446
43.25066321
43.25148935
43.22915307
43.19381679
43.14675225
43.09542622
43.04658593
43.01336142
42.99749378
42.95626441
42.91940666
42.86399482
42.80651226
42.77608381
42.76802637
42.77124953
42.77449768
42.80228676
42.82031112
42.83747826
42.83972361
42.85693205
42.87350634
42.87664192
42.89562094
42.92395005
42.93815533
42.9406148
42.95899404
42.98420112
43.01118345
43.00934291
43.00361827
43.00361827
43.0081406
43.01178243
43.01999069
43.02377963
43.0327023
43.03588429
43.04125228
43.07679929
43.08358756
43.09162672
43.09031006
43.11926579
43.15778558
43.20127666
43.25452817
43.28816718
43.30098168
43.30948404
43.3398689
43.38064157
43.38679097
43.38781545
43.39491139
43.38712725
43.38784164
43.410157
43.45632448
43.48809562
43.51580371
43.53538547
43.54951905
43.55847176
43.54087802
43.55121245
43.58121373
43.60194651
43.60356759
43.61583808
43.60392966
43.57158282
43.55829362
43.51392405
43.4743526
43.43739578
43.41396926
43.4255166
43.42358638
43.40766609
43.38770515
43.36639021
43.30997363
43.2546129
43.21293949
43.16176791
43.0789894
43.02240513
42.99392317
42.98222959
42.97126641
42.97120335
42.96389948
42.94328607
42.90763413
42.87055676
42.83059834
42.79445929
42.78129951
42.77750555
42.78292645
42.79387965
42.80948959
42.81238648
42.82646848
42.85436033
42.90962082
42.96806474
43.06435885
43.22268019
43.38628586
43.54277998
43.70792524
43.87062055
43.99176757
44.04442507
44.07044337
44.08179044
44.06593236
44.06705718
44.08655309
44.10785104
44.12167971
44.14605982
44.16546144
44.16080654
44.15429865
44.12456399
44.08088575
44.04996388
43.99822257
43.95328327
43.88860403
43.80899307
43.71035643
43.59873077
43.49269967
43.35989431
43.22667401
43.07717691
42.95854113
42.85438231
42.75887716
42.70188874
42.66398261
42.64736097
42.63504646
42.63066225
42.61643885
42.58870579
42.57353155
42.55861508
42.52880116
42.49182832
42.49576743
42.50199581
42.50076612
42.48578073
42.47465766
42.4959245
42.52322022
42.54856294
42.56218784
42.58852926
42.60633712
42.63281312
42.63128254
42.61296025
42.61850473
42.61633708
42.62947947
42.68284868
42.77442607
42.89696653
43.01792109
43.14537095
43.26371084
43.38611244
43.50858753
43.63311263
43.73854695
43.8249249
43.89804049
43.97696897
44.03081672
44.07126276
44.09796418
44.13391803
44.14614883
44.15226961
44.16043625
44.1650722
44.16620176
44.16561474
44.17896933
44.17556201
44.15685037
44.15529597
44.1615567
44.17157906
44.15894379
44.14248861
44.13248106
44.11930377
44.11223717
44.09456737
44.08203059
44.05679743
44.0432609
44.02836808
44.00970933
43.99254045
43.98447858
43.98258672
44.00083608
43.99210816
43.97606613
43.96998132
43.95154922
43.95184583
43.93649409
43.93531176
43.94771414
43.97167923
43.9857116
44.00823128
44.03455735
44.08759401
44.15033198
44.19372047
44.23186682
44.2554406
44.28400236
44.33269872
44.38367341
44.42638713
44.47419927
44.50774048
44.5557248
44.58867146
44.62295229
44.62610068
44.61428546
44.6031543
44.59266995
44.58976292
44.57516188
44.5724924
44.56471001
44.56225676
44.55961995
44.57750597
44.58621974
44.61251982
44.65508813
44.7127228
44.77597163
44.80810277
44.82333342
44.8375396
44.84527131
44.84914841
44.87931691
44.90386409
44.90446139
44.90546034
44.935698
44.94040115
44.9249469
44.9202116
44.91639805
44.91541279
44.9041063
44.90348753
44.89621002
44.89713784
44.90168953
44.87194713
44.85594571
44.84833323
44.83532175
44.83880567
44.83856894
44.81862567
44.82299519
44.81375239
44.80426859
44.78887556
44.77268455
44.75849365
44.72944407
44.69843994
44.66972724
44.63848835
44.61477027
44.59495732
44.57100055
44.55180216
44.53526504
44.52317519
44.5087805
44.48866901
44.46898011
44.43821652
44.41106229
44.38193826
44.35255801
44.32292242
44.29433151
44.26099994
44.23285702
44.21815467
44.19285399
44.15955506
44.10473833
44.04236354
43.97101812
43.8852748
43.7842157
43.69213942
43.58657095
43.49825298
43.41554185
43.33840348
43.29908458
43.26484396
43.2327548
43.17286449
43.1131881
43.05201295
42.97139396
42.88583889
42.80487996
42.71427402
42.63444955
42.56223548
42.5083704
42.46739835
42.41359907
42.35173397
42.27757452
42.19475798
42.09779745
41.98356633
41.86636543
41.73580532
41.58967686
41.4339065
41.29583968
41.18593838
41.11925383
41.05017473
40.99374328
40.96808331
40.93469907
40.89678592
40.87241159
40.85323414
40.85504279
40.85504279
40.91959144
41.0906478
41.32843636
41.59889019
41.88918201
42.16406853
42.4637415
42.74390881
43.02415988
43.3147238
43.60921334
43.87674245
44.11309801
44.29748578
44.45542033
44.58826847
44.70567066
44.79266873
44.865859
44.9328697
45.00814047
45.07684391
45.13273945
45.20166901
45.2654948
45.36029132
45.4887817
45.63501425
45.79092121
45.89383979
45.94159234
45.9499519
45.94448027
45.92401361
45.91667348
45.93289805
45.97938453
46.05173173
46.1326568
46.21363125
46.31751246
46.41577608
46.50576256
46.58790934
46.66278906
46.64146844
46.62916876
46.61706049
46.61801925
46.61618391
46.62674373
46.62780795
46.62732224
46.61457165
46.58677867
46.55258794
46.53191347
46.4948332
46.44883769
46.38454092
46.3219476
46.23609491
46.1092225
45.99918113
45.90882877
45.80821826
45.71332721
45.64872601
45.61510746
45.59434606
45.56016288
45.52866458
45.51255151
45.50061051
45.48110258
45.4648366
45.44680684
45.44186083
45.43491251
45.47660593
45.51466603
45.55334736
45.59093245
45.61304505
45.61409676
45.59712847
45.58519554
45.56035812
45.53461731
45.50727624
45.48602139
45.46447062
45.44768064
45.44942289
45.46609256
45.48896048
45.50653406
45.54161206
45.56895009
45.58286098
45.60033261
45.60556286
45.60143192
45.60997883
45.61169732
45.61998752
45.63300609
45.64525778
45.66557522
45.68880037
45.72237827
45.76025904
45.80058863
45.83538239
45.87276996
45.90983137
45.95949801
45.99366564
46.02678338
46.07516324
46.12373472
46.1659677
46.19434767
46.23839828
46.25549132
46.27908931
46.29872035
46.29559568
46.29829306
46.33072076
46.36379609
46.37273807
46.39665229
46.43239798
46.45934611
46.47886147
46.50187397
46.52323232
46.54544229
46.55832379
46.58414495
46.61286559
46.63833107
46.63101116
46.63729329
46.62053014
46.62159776
46.60726317
46.61689764
46.6449105
46.6553672
46.67411581
46.67816081
46.6863126
46.69973113
46.71064227
46.71863317
46.74038956
46.76090502
46.78681564
46.81666507
46.85103834
46.90046086
46.94413528
47.00622473
47.0772381
47.14137534
47.20931125
47.27835317
47.33787308
47.39245709
47.44239154
47.49286782
47.53513296
47.56624485
47.60854587
47.62930349
47.64672987
47.6825303
47.69848463
47.70270988
47.70360822
47.71197789
47.71793453
47.72650214
47.72846739
47.72350604
47.72173237
47.72093925
47.72801478
47.71174655
47.68112236
47.62697814
47.56847918
47.48901886
47.37266053
47.25673101
47.14163828
47.01692938
46.8862727
46.75329827
46.64806972
46.58480728
46.53096988
46.50118136
46.48931997
46.48931997
46.48931997
46.48931997
46.48337683
46.4794167
46.46556834
46.43636502
46.40288761
46.35973043
46.29840963
46.22343014
46.14303554
46.04078502
45.94114825
45.85223939
45.75006838
45.66101818
45.62108252
45.58988657
45.5733292
45.53813669
45.49763811
45.44581503
45.33675557
45.13212593
44.86426452
44.51524711
44.04025444
43.47332047
42.79967948
42.08800375
41.38126927
40.74155896
40.16608122
39.62143677
39.04415019
38.43155734
37.81619483
37.1382446
36.45966571
35.76990952
35.07205061
34.38862209
33.73036452
33.09598172
32.48817435
31.95302215
31.51726378
31.16907685
30.92697371
30.82446043
30.83670323
30.86944104
30.97983294
31.15073517
31.41483927
31.78211859
32.20389003
32.64503941
33.10028215
33.57591847
34.06510068
34.54415393
34.96191268
35.30236368
35.59764731
35.89983497
36.2058081
36.50635193
36.79234451
37.06780355
37.32221533
37.51859624
37.69441063
37.85383249
37.99894876
38.15647579
38.3690252
38.60069603
38.84393463
39.09668767
39.33373112
39.54985877
39.73861627
39.91071423
40.05832608
40.19260743
40.32759668
40.46127115
40.60555097
40.73283856
40.86617616
40.99329274
41.14781839
41.31904961
41.48735913
41.66262373
41.83250183
41.99810491
42.16317246
42.32366647
42.49533675
42.67184174
42.84529222
43.00940466
43.16671512
43.29789322
43.3746601
43.40588297
43.41238614
43.40971915
43.41967887
43.41799553
43.3971723
43.41862438
43.44986801
43.49356765
43.54372416
43.59857497
43.65473878
43.70882289
43.7314617
43.7443474
43.75291198
43.75453373
43.77276695
43.80012211
43.84116689
43.87766306
43.89654955
43.91075646
43.91037133
43.90001503
43.87242599
43.83735495
43.81404834
43.78064425
43.74284499
43.69604613
43.67285594
43.68161389
43.69461607
43.69495768
43.69708318
43.7141074
43.72382332
43.73661452
43.76226238
43.79000939
43.82574828
43.86041809
43.86742271
43.89901556
43.91246276
43.91682142
43.90535254
43.89220091
43.84904476
43.81619417
43.81115529
43.81750638
43.82888393
43.83775203
43.84686131
43.84844369
43.84890139
43.85492448
43.85386814
43.85036909
43.85314272
43.86723987
43.89225343
43.92830744
44.00305811
44.06740642
44.14492159
44.24478502
44.33651805
44.42818415
44.50936492
44.52537143
44.51136142
44.51302973
44.51293257
44.51775772
44.53252189
44.57189942
44.60165352
44.63631415
44.67141978
44.72470879
44.77486968
44.83180246
44.85653232
44.85333812
44.85006119
44.84667066
44.84810326
44.84981316
44.85369204
44.84683532
44.85345357
44.84528774
44.85538781
44.87710731
44.89067117
44.90408968
44.93539123
44.95566496
44.96363317
44.96740343
44.97969031
44.97366
44.98476116
45.03332015
45.06189522
45.06815331
45.06943572
45.08523731
45.09544414
45.09544414
45.10268984
45.10008613
45.10363726
45.12700818
45.19941337
45.25378371
45.31376119
45.35940644
45.35418906
45.33102717
45.3243624
45.32936427
45.33560922
45.32947758
45.33112811
45.33443046
45.33443046
45.33608228
45.33608228
45.33938722
45.34434786
45.33090907
45.3191271
45.3225044
45.30967638
45.28906956
45.27541114
45.25931906
45.23860157
45.21284756
45.18571754
45.10864434
45.0413052
44.98622303
44.91899654
44.84741869
44.76778392
44.67577913
44.57078553
44.45819022
44.36319735
44.30255389
44.26659519
44.25260738
44.27629417
44.30975032
44.34255003
44.37555473
44.42242828
44.47516971
44.52659209
44.59637656
44.66304535
44.73025359
44.81580374
44.92257376
45.02413632
45.12309449
45.21894299
45.29452889
45.39923262
45.50004523
45.60389703
45.66455584
45.69138037
45.71424558
45.72458662
45.72867239
45.7547208
45.76519672
45.77659678
45.81333324
45.86380895
45.89947617
45.92854778
45.95331132
45.97814361
45.9864658
45.9782728
45.99450121
46.01997697
46.03729976
46.04101055
46.04284968
46.04205953
46.0427072
46.07913014
46.11935827
46.13782892
46.16566938
46.22358995
46.27723045
46.29485002
46.30501613
46.3114803
46.32226137
46.32482949
46.34629413
46.39547607
46.45553376
46.49154726
46.50481495
46.48573366
46.46737807
46.44517503
46.41270114
46.37052436
46.31126223
46.26952387
46.2577097
46.25265576
46.2411259
46.22524366
46.22649481
46.22945624
46.21692836
46.21142218
46.18905739
46.16525373
46.12551482
46.0911841
46.07243533
46.05241184
46.04116937
46.0345337
46.03465055
46.04158542
46.05452441
46.07536474
46.11399426
46.15267541
46.1985434
46.26101978
46.33127192
46.40400519
46.45501054
46.51047031
46.55989518
46.60598171
46.64301299
46.65075084
46.65479825
46.66627107
46.66554666
46.66785047
46.67361079
46.67254219
46.66621818
46.66037465
46.6501494
46.63566538
46.61195564
46.59102046
46.56827359
46.54902111
46.53295907
46.50062143
46.45048969
46.40436092
46.32724541
46.22960493
46.1388303
46.04188918
45.9293643
45.8121834
45.72151658
45.656636
45.60524182
45.57547775
45.54485713
45.51424133
45.50298901
45.50298901
45.50298901
45.50558948
45.50819029
45.51079144
45.51599476
45.529009
45.55506289
45.61719088
45.66948836
45.73504939
45.80081983
45.86944232
45.92503223
45.96910089
46.00898248
46.03083643
46.05779932
46.08542501
46.10576223
46.12424227
46.13864993
46.16110985
46.1556851
46.15413308
46.15462866
46.15355473
46.13939798
46.13145985
46.11760856
46.12033736
46.11752619
46.10989564
46.10612026
46.09135151
46.07740912
46.06244389
46.04612395
46.02721133
46.00347897
45.97910714
45.94373446
45.90497414
45.86100755
45.81854127
45.78928516
45.77594991
45.75072893
45.74241712
45.73888736
45.72102817
45.7124221
45.70939052
45.70480199
45.6872631
45.68525273
45.67143561
45.66773454
45.66466481
45.65810729
45.64748974
45.64290607
45.63133226
45.62228971
45.61872186
45.62054009
45.62064624
45.61667753
45.61711781
45.62152366
45.60119641
45.60083974
45.60281273
45.623121
45.62821461
45.61725334
45.5968438
45.59814309
45.57853727
45.55998
45.54627356
45.52938467
45.53545234
45.53954441
45.54083457
45.54985684
45.55578741
45.56022391
45.55693911
45.54789849
45.5476687
45.53868498
45.53461268
45.52656587
45.51479867
45.49524801
45.47756669
45.45269294
45.4544589
45.44135088
45.44618801
45.44435257
45.4426662
45.45310195
45.44930152
45.43259469
45.42624454
45.41135081
45.40672942
45.40356513
45.4005248
45.39310962
45.38991489
45.38249729
45.35807978
45.34746163
45.33319569
45.30213754
45.25489743
45.21762098
45.18583575
45.18288592
45.17052882
45.16197187
45.15501646
45.15868712
45.17333722
45.1796976
45.21410112
45.27019452
45.32174236
45.35348963
45.38086512
45.42237046
45.45788886
45.49971711
45.53703513
45.57458694
45.6355982
45.75564554
45.83920283
45.91297179
45.98680176
46.0381797
46.07563095
46.11674353
46.14674916
46.179695
46.20794043
46.24560977
46.28089692
46.29615786
46.30078514
46.31188568
46.3209004
46.32449248
46.32764856
46.32385155
46.32867161
46.33430164
46.33772896
46.34287663
46.35289026
46.35161984
46.36042851
46.37661677
46.39601451
46.41364731
46.42855613
46.44275169
46.44741929
46.46004213
46.45357423
46.45012173
46.43506217
46.39291282
46.35507594
46.3251893
46.29691455
46.28439701
46.29814848
46.31679456
46.33254026
46.34565351
46.34867486
46.34376587
46.34761984
46.36152087
46.3927012
46.42631795
46.45244771
46.45472131
46.44084633
46.42912295
46.40332154
46.36283255
46.31249374
46.27299889
46.24408468
46.2184958
46.19334195
46.13808427
46.08227828
46.03299175
45.99166066
45.96849214
45.93534416
45.92280206
45.91298315
45.91602767
45.90123798
45.88644079
45.86980146
45.83766778
45.81380217
45.79061144
45.77567396
45.75139717
45.71520951
45.6596138
45.60714528
45.54171108
45.45451003
45.36610622
45.31456397
45.273139
45.23933332
45.17454802
45.10428572
45.01781839
44.9386552
44.89907543
44.86112381
44.84163955
44.83563827
44.84302264
44.8794507
44.90817496
44.92844993
44.94119372
44.96857645
45.00452622
45.03108006
45.06024655
45.08139357
45.09031622
45.08787155
45.09394168
45.11454705
45.14354871
45.16639375
45.18519552
45.21904984
45.23535086
45.24661983
45.2387383
45.22847036
45.22957892
45.22968291
45.23185823
45.2319661
45.23419999
45.23142916
45.21753286
45.18805081
45.11551315
45.00299149
44.86957644
44.66592655
44.3544759
43.92862812
43.43509219
42.86554272
42.20759413
41.45475449
40.71168311
39.99050239
39.29787937
38.65875996
38.05696766
37.45593732
36.85737549
36.26697777
35.71562514
35.14775797
34.58399784
33.99342522
33.38906208
32.76121859
32.16096781
31.64266747
31.22490128
30.9103512
30.73514315
30.6818252
30.69586703
30.81241352
31.03745063
31.29806922
31.59737997
31.9721652
32.39146274
32.84541215
33.30405616
33.7542072
34.19325685
34.60317877
34.99277586
35.37485534
35.7692024
36.12281391
36.45863059
36.74636494
37.03122749
37.30276879
37.53765171
37.72903808
37.91122309
38.06937246
38.19264079
38.30146826
38.40873622
38.52635279
38.65185561
38.77858376
38.89747767
39.02634121
39.16647811
39.28339585
39.39168617
39.48060007
39.54072716
39.60511677
39.64415801
39.68704061
39.74408463
39.83072361
39.93110803
40.01221278
40.09019703
40.16934961
40.24024689
40.33253343
40.45986701
40.61190631
40.78174466
40.98341684
41.20239862
41.41144067
41.62536722
41.83399251
42.0285121
42.18066075
42.32522145
42.46418738
42.57008809
42.67169262
42.79653539
42.9231504
43.05980977
43.18353844
43.30357635
43.40533513
43.46699612
43.4903841
43.48694654
43.48066153
43.44775789
43.41874172
43.38927817
43.36746109
43.3413475
43.32895178
43.3432858
43.37027571
43.40587712
43.43334549
43.45580006
43.4651657
43.47527007
43.48641214
43.49398159
43.51221643
43.52177842
43.53880149
43.55857755
43.58406397
43.61071387
43.63755719
43.66958022
43.69816618
43.72209336
43.76042857
43.8179853
43.86603038
43.90461316
43.92888436
43.94843823
43.96326433
43.98294179
43.99298567
43.9885149
44.00337468
44.02305208
44.04779829
44.08265274
44.10349429
44.11031571
44.12020053
44.12759036
44.13507579
44.13296579
44.12166149
44.10048394
44.06464487
44.02644044
43.99986433
43.98213767
43.97978085
43.96489495
43.9343733
43.91170655
43.89852336
43.86634223
43.83554736
43.82772788
43.80126312
43.78250114
43.76512178
43.76295835
43.75047472
43.7013425
43.65189833
43.58360311
43.55792542
43.55529922
43.55529922
43.56522062
43.57912803
43.60761943
43.61834978
43.63005233
43.68232949
43.733646
43.78399845
43.8238796
43.88002801
43.9256512
43.96418679
43.99260979
44.01296077
44.03533577
44.03737515
44.03737515
44.04652722
44.06237211
44.08037901
44.12742175
44.15740813
44.16193482
44.14673491
44.13350244
44.10846012
44.08381031
44.04398261
44.01254857
43.99459029
43.97871236
43.94040451
43.90659981
43.86561428
43.82262438
43.78718777
43.75537507
43.72451675
43.69267546
43.66180228
43.65166998
43.64363612
43.63376592
43.61970471
43.61970471
43.61013936
43.58729229
43.56291741
43.5384971
43.52294103
43.52289431
43.51842919
43.52057834
43.52050537
43.50941244
43.50347936
43.4989906
43.49234234
43.47040309
43.45312148
43.43385146
43.42143737
43.40487436
43.39504861
43.37846125
43.36794279
43.35341569
43.34388156
43.33076925
43.32220449
43.31837905
43.30376336
43.28356334
43.26131542
43.23958288
43.24918324
43.25665671
43.26930936
43.30702481
43.37691865
43.45767023
43.5225836
43.57231303
43.63569179
43.70012367
43.75613606
43.81861212
43.87804389
43.93527493
43.98110435
44.02513513
44.06880048
44.11550485
44.14873117
44.17300774
44.19206429
44.20875827
44.22785939
44.24698426
44.27092368
44.29729976
44.32612464
44.35982076
44.38846631
44.42715031
44.45569772
44.47169834
44.49802508
44.5344424
44.56626731
44.58550364
44.61676054
44.62888982
44.6385758
44.64827766
44.65305822
44.6579954
44.65275915
44.6524701
44.66222413
44.67955387
44.70188643
44.74010999
44.78660074
44.82383126
44.85018465
44.88518021
44.92374968
44.97088176
45.00886982
45.04438306
45.06475873
45.08937334
45.10472751
45.09992525
45.09943572
45.10741458
45.1097292
45.11984372
45.1102378
45.11997491
45.11615978
45.12353332
45.1374467
45.13301667
45.13114223
45.10635722
45.09420174
45.0845816
45.06872304
45.02459209
44.97491262
44.94448631
44.94672159
44.9340743
44.94254021
44.93698926
44.93413628
44.92809939
44.91773667
44.92028242
44.91905105
44.92537511
44.9387538
44.96366694
44.99087555
45.01826138
45.05490002
45.08160223
45.10686789
45.15070061
45.19211822
45.22531422
45.24875311
45.29379035
45.32130077
45.35309745
45.37452866
45.38069109
45.38268649
45.38015501
45.37814936
45.38254804
45.38464074
45.38205854
45.38389408
45.37296919
45.36322573
45.33894435
45.32012312
45.30397425
45.28061933
45.25943468
45.23993089
45.22165243
45.20547659
45.19083172
45.17312297
45.16490303
45.15636854
45.1497354
45.13743237
45.13140484
45.13813028
45.14205104
45.13657958
45.11993385
45.12153864
45.11528296
45.09695536
45.08736586
45.07637905
45.06274591
45.06897685
45.07572624
45.09198177
45.09633242
45.09627128
45.09640602
45.09666756
45.08354317
45.06904966
45.05616479
45.05147365
45.03785129
45.04190376
45.05170388
45.05641734
45.06099848
45.0657151
45.07660604
45.09952187
45.12778565
45.15972088
45.17384014
45.19458437
45.2239806
45.26583361
45.30732707
45.34863201
45.41039081
45.48219334
45.55589681
45.65004535
45.73815998
45.82459629
45.89696332
45.98242186
46.06638002
46.12468129
46.16044168
46.1819554
46.19796149
46.2069099
46.21224752
46.22041854
46.21879287
46.22112373
46.23652013
46.23174915
46.2307026
46.21610071
46.22198697
46.21692658
46.22215482
46.21572993
46.21842502
46.2250169
46.22848749
46.23376423
46.22841668
46.22311506
46.21722737
46.21887414
46.21251985
46.18648018
46.151461
46.1075524
46.07246609
46.01746161
45.96555228
45.92461418
45.90373301
45.88616729
45.86178584
45.83516533
45.83226253
45.82287689
45.83422438
45.82323762
45.80367227
45.79208768
45.79581527
45.80062348
45.81092011
45.81373819
45.80067115
45.79315311
45.77722822
45.73994818
45.70636371
45.68831632
45.69014633
45.69470943
45.70197465
45.70640808
45.71639322
45.72642973
45.73411435
45.73454507
45.75233918
45.7678592
45.77153747
45.77050408
45.77146065
45.7652874
45.77073882
45.76743624
45.75875725
45.75461599
45.75916814
45.75865119
45.75286511
45.73138892
45.72413095
45.72230243
45.72464684
45.73278511
45.73456948
45.73140611
45.71730297
45.68352616
45.64606184
45.60840575
45.57792812
45.56382563
45.54192153
45.49180916
45.43074211
45.3720423
45.31029151
45.2646792
45.24927164
45.24009651
45.23535929
45.2298234
45.21553654
45.19312638
45.1438395
45.00394528
44.72127902
44.32398192
43.76013797
43.03421711
42.14760252
41.15658298
40.14669519
39.07003837
37.98893437
36.91811614
35.87155052
34.85105522
33.83120892
32.80345357
41.89491178
