-4.501010122
-4.51162002
-4.487569424
-4.45686752
-4.443290895
-4.433265595
-4.440400242
-4.457138354
-4.468811087
-4.476123222
-4.502823511
-4.549199439
-4.616526543
-4.68472324
-4.749306135
-4.828112985
-4.894589246
-4.936353472
-4.965103834
-4.967307285
-4.957347129
-4.948490731
-4.950676744
-4.973829742
-5.009106978
-5.065310177
-5.138574128
-5.222049592
-5.335785643
-5.462194592
-5.572493298
-5.633656235
-5.6658577
-5.691698942
-5.713568361
-5.7671496
-5.874909889
-5.997263804
-6.130342043
-6.247639173
-6.352809663
-6.467360967
-6.584602873
-6.690640304
-6.767199486
-6.801367996
-6.80686418
-6.80686418
-6.80686418
-6.819631346
-6.866751811
-6.925742302
-7.008194422
-7.091694892
-7.179236806
-7.265899091
-7.335774092
-7.390669211
-7.407770401
-7.407770401
-7.452052878
-7.538443382
-7.663920689
-7.813506115
-7.973798109
-8.134820611
-8.268289598
-8.385412086
-8.494967399
-8.565907643
-8.585262004
-8.585262004
-8.598452699
-8.634975567
-8.697176467
-8.807879549
-8.914367723
-9.013455888
-9.07781178
-9.135746609
-9.213096279
-9.281109803
-9.327123726
-9.381827015
-9.436194371
-9.503998664
-9.567152101
-9.641023746
-9.698746954
-9.755192381
-9.830804757
-9.930063786
-10.05974172
-10.19519407
-10.35464782
-10.50783112
-10.66765133
-10.86355138
-11.08777666
-11.3161138
-11.51875933
-11.68526998
-11.77860253
-11.84033161
-11.88219116
-11.89717402
-11.90127732
-11.90127732
-11.90782566
-11.92747264
-11.94632736
-11.95310285
-11.95965276
-11.95965276
-11.97819189
-12.01856368
-12.08423733
-12.15823728
-12.27178626
-12.40915454
-12.56035574
-12.70077642
-12.80546555
-12.85603277
-12.88047137
-12.93200552
-12.99704488
-13.0767674
-13.16876899
-13.28603285
-13.430013
-13.59397102
-13.82027753
-14.0796103
-14.37321997
-14.65316046
-14.9128107
-15.12571665
-15.2655133
-15.28589602
-15.27401174
-15.26736176
-15.26877768
-15.27019344
-15.27174031
-15.27341559
-15.29628962
-15.31804093
-15.31575622
-15.28532038
-15.24964692
-15.23533686
-15.23049221
-15.27225152
-15.31270196
-15.34907531
-15.35978816
-15.35978816
-15.35707914
-15.36772497
-15.39170605
-15.43705107
-15.4999707
-15.55138979
-15.59486909
-15.66986215
-15.76772773
-15.85879568
-15.94307798
-16.02058605
-16.0888357
-16.16765844
-16.25843712
-16.34277502
-16.38133735
-16.37225807
-16.31774511
-16.2804653
-16.27518269
-16.27518269
-16.26850361
-16.26322409
-16.26990772
-16.27519401
-16.26462519
-16.25794401
-16.2565487
-16.27129405
-16.28713531
-16.30715646
-16.32438905
-16.32575231
-16.32569028
-16.32559493
-16.31352321
-16.34122092
-16.37696781
-16.40465871
-16.39791269
-16.35390898
-16.29905669
-16.22975081
-16.17907493
-16.17311276
-16.21626715
-16.27656313
-16.31429784
-16.36803372
-16.4041309
-16.43616759
-16.45333147
-16.44894694
-16.41413075
-16.3796897
-16.35197271
-16.33265598
-16.34785194
-16.38934548
-16.44368949
-16.50464253
-16.54455793
-16.54212182
-16.53413869
-16.49342469
-16.41453033
-16.33062937
-16.28498861
-16.29340784
-16.30582861
-16.3338756
-16.37738548
-16.43284272
-16.49871934
-16.54362402
-16.59496979
-16.63791334
-16.64145621
-16.60962172
-16.52917003
-16.41458858
-16.25928279
-16.11433185
-15.9901661
-15.91897826
-15.89339536
-15.91385321
-15.95832242
-15.99904646
-16.03359677
-16.05025022
-16.02692583
-15.95929279
-15.8601884
-15.73602804
-15.59092245
-15.44849296
-15.32593312
-15.25559947
-15.22958055
-15.22321379
-15.24420966
-15.27290505
-15.28540804
-15.26625318
-15.176844
-15.01602249
-14.8072084
-14.59241829
-14.42899076
-14.33467343
-14.30035939
-14.30111125
-14.30717567
-14.31081337
-14.29122226
-14.25204841
-14.18946273
-14.10615613
-13.98642469
-13.83297264
-13.68223169
-13.54578465
-13.48070705
-13.47151755
-13.45970137
-13.44932527
-13.42332585
-13.36476771
-13.28403184
-13.14360644
-12.92671028
-12.68039253
-12.43170054
-12.17790937
-11.91257786
-11.62817767
-11.35892642
-11.12588538
-10.91359538
-10.69622063
-10.45832451
-10.20283616
-9.968608504
-9.752218578
-9.567075022
-9.434829368
-9.388500491
-9.384483113
-9.38657039
-9.389700788
-9.391787374
-9.394916735
-9.382228376
-9.356855567
-9.315825758
-9.259139901
-9.198195548
-9.126888169
-9.047186194
-8.97992049
-8.901268541
-8.801608177
-8.708309786
-8.615810502
-8.507709537
-8.383804816
-8.224463697
-8.045200797
-7.838099656
-7.613617898
-7.420198492
-7.240495071
-7.073717348
-6.928195234
-6.785123698
-6.68351649
-6.627587106
-6.604793836
-6.595402674
-6.591291132
-6.560158232
-6.505187815
-6.424480241
-6.30855098
-6.131877384
-5.941550353
-5.726677899
-5.474933988
-5.178348367
-4.845216672
-4.498219911
-4.155374652
-3.864304744
-3.619805479
-3.43494329
-3.306488647
-3.26588287
-3.265044773
-3.265044773
-3.262530149
-3.259176546
-3.250754379
-3.237263813
-3.197088329
-3.135592872
-3.028137174
-2.898916186
-2.740068254
-2.58594449
-2.438264787
-2.293422357
-2.174502523
-2.060711774
-1.94415036
-1.835905083
-1.705301383
-1.547282279
-1.398985515
-1.254551508
-1.127697933
-0.97254902
-0.785610124
-0.563213418
-0.334912974
-0.128690874
0.095874358
0.306171653
0.480710955
0.611499494
0.704056386
0.727577043
0.72830354
0.72830354
0.7356853
0.772601702
0.860816187
0.982978707
1.13293692
1.281228502
1.454994864
1.646846168
1.862321668
2.085205692
2.344475316
2.616239518
2.887980346
3.129233994
3.332208306
3.479414249
3.6000207
3.687867338
3.734741421
3.770196414
3.807619958
3.848813386
3.863592067
3.874473585
3.8847221
3.896237111
3.913509217
3.946825388
3.985263951
4.004425979
4.049244605
4.135160466
4.230728468
4.333993808
4.440495636
4.559749706
4.678933692
4.780190173
4.856314619
4.907954047
4.960203532
5.000354072
5.049574474
5.098203094
5.125088472
5.130828751
5.138368908
5.142570567
5.158833225
5.187154756
5.222393491
5.261540284
5.302193389
5.341037909
5.361528691
5.362123654
5.367246009
5.369030683
5.386775703
5.403924783
5.425600861
5.447276933
5.495150843
5.584589699
5.676367857
5.781743554
5.918997282
6.074488088
6.247563262
6.469930145
6.707929964
6.930257826
7.109793155
7.230292192
7.24807316
7.221874214
7.19462099
7.20058214
7.206004008
7.201200359
7.202061104
7.208038789
7.219672229
7.228374868
7.230936495
7.21958072
7.21675602
7.218940546
7.222764417
7.228775781
7.239341542
7.247329608
7.254281769
7.259597367
7.222056293
7.159293589
7.075822231
7.034423233
7.040583101
7.053442169
7.0545617
7.057360951
7.062961251
7.073653503
7.078696671
7.082620481
7.11879205
7.161170584
7.209192623
7.236595156
7.275043094
7.309303734
7.333519441
7.360945335
7.394166656
7.405914888
7.369319455
7.337630283
7.321972866
7.31309535
7.278658915
7.235369135
7.184262308
7.164276404
7.165416681
7.165986854
7.16655705
7.151768045
7.111342116
7.087252296
7.075102753
7.109215644
7.136289646
7.113464695
7.034941008
6.945951708
6.851437861
6.821257656
6.877124205
7.052396456
7.300592551
7.605654161
7.873252788
8.039676497
8.080325796
7.974333739
7.744933862
7.440223413
7.11705843
6.875172197
6.760199565
6.792537383
6.856321346
6.884620571
6.89121648
6.86359436
6.812749877
6.725042608
6.632585756
6.517412959
6.379450536
6.212925178
6.02469497
5.829819752
5.62319432
5.43979355
5.272851357
5.097779752
4.882434038
4.651495341
4.431978845
4.21168618
3.984091343
3.774894241
3.625197114
3.506012147
3.421890994
3.350454216
3.296271534
3.272091596
3.265461406
3.269540012
3.223796895
3.135889382
3.024424423
2.892813412
2.72726904
2.534116605
2.32425916
2.111184936
1.891709069
1.615100656
1.306965109
0.978357562
0.623293885
0.291092989
-0.040374398
-0.341626497
-0.625473585
-0.895817757
-1.115961736
-1.268734444
-1.409479994
-1.540928799
-1.652415367
-1.73220817
-1.818204975
-1.910420785
-2.015027509
-2.114584666
-2.196751951
-2.256339054
-2.286795222
-2.312102146
-2.330219293
-2.348338047
-2.375088578
-2.427596219
-2.486324639
-2.529605637
-2.571889434
-2.635899577
-2.71649399
-2.822875103
-2.941012147
-3.095173394
-3.23644422
-3.375205583
-3.483188602
-3.587313084
-3.704824328
-3.819153327
-3.966019307
-4.146164039
-4.350076682
-4.568712039
-4.783254267
-4.988523512
-5.249953299
-5.599547833
-5.970926341
-6.328481692
-6.639110362
-6.898510973
-7.062030192
-7.106608579
-7.125829037
-7.123591406
-7.114943966
-7.108536003
-7.11838218
-7.12437512
-7.130366936
-7.138753533
-7.150267147
-7.168037834
-7.177887243
-7.197132324
-7.233538301
-7.290846836
-7.410098398
-7.569813752
-7.764173967
-7.944743895
-8.107580351
-8.235895718
-8.37368338
-8.557820153
-8.784329646
-9.028535782
-9.244385959
-9.402645697
-9.48153713
-9.500228819
-9.487472745
-9.398063902
-9.23226419
-9.013148076
-8.73237596
-8.394227728
-8.032214397
-7.718972437
-7.464326059
