-3.250515
-3.328892
-3.407265
-3.485626
-3.563971
-3.642295
-3.720591
-3.798856
-3.877082
-3.955265
-4.033400
-4.111481
-4.189502
-4.267459
-4.345346
-4.423157
-4.500888
-4.578532
-4.656085
-4.733541
-4.810895
-4.888141
-4.965275
-5.042291
-5.119183
-5.195946
-5.272575
-5.349065
-5.425411
-5.501606
-5.577647
-5.653527
-5.729242
-5.804785
-5.880153
-5.955340
-6.030341
-6.105150
-6.179762
-6.254172
-6.328376
-6.402368
-6.476142
-6.549694
-6.623019
-6.696112
-6.768967
-6.841580
-6.913945
-6.986058
-7.057914
-7.129508
-7.200834
-7.271888
-7.342665
-7.413160
-7.483368
-7.553285
-7.622906
-7.692225
-7.761238
-7.829940
-7.898327
-7.966394
-8.034136
-8.101548
-8.168627
-8.235366
-8.301762
-8.367810
-8.433505
-8.498844
-8.563821
-8.628431
-8.692672
-8.756537
-8.820023
-8.883126
-8.945840
-9.008162
-9.070088
-9.131612
-9.192732
-9.253442
-9.313738
-9.373617
-9.433074
-9.492105
-9.550706
-9.608873
-9.666602
-9.723889
-9.780730
-9.837121
-9.893059
-9.948539
-10.003557
-10.058110
-10.112194
-10.165806
-10.218941
-10.271596
-10.323768
-10.375452
-10.426645
-10.477344
-10.527545
-10.577245
-10.626440
-10.675127
-10.723302
-10.770963
-10.818106
-10.864727
-10.910824
-10.956393
-11.001431
-11.045935
-11.089902
-11.133329
-11.176213
-11.218551
-11.260340
-11.301578
-11.342260
-11.382386
-11.421951
-11.460953
-11.499389
-11.537258
-11.574555
-11.611279
-11.647427
-11.682997
-11.717985
-11.752391
-11.786210
-11.819442
-11.852083
-11.884132
-11.915586
-11.946443
-11.976701
-12.006357
-12.035411
-12.063860
-12.091701
-12.118933
-12.145554
-12.171563
-12.196957
-12.221734
-12.245894
-12.269434
-12.292353
-12.314648
-12.336320
-12.357365
-12.377783
-12.397572
-12.416731
-12.435259
-12.453154
-12.470415
-12.487041
-12.503030
-12.518382
-12.533096
-12.547170
-12.560604
-12.573396
-12.585546
-12.597053
-12.607916
-12.618135
-12.627708
-12.636635
-12.644916
-12.652549
-12.659535
-12.665872
-12.671561
-12.676601
-12.680991
-12.684732
-12.687823
-12.690264
-12.692055
-12.693195
-12.693684
-12.693523
-12.692712
-12.691250
-12.689137
-12.686375
-12.682962
-12.678900
-12.674188
-12.668827
-12.662817
-12.656159
-12.648852
-12.640899
-12.632298
-12.623051
-12.613159
-12.602621
-12.591439
-12.579614
-12.567146
-12.554036
-12.540285
-12.525894
-12.510865
-12.495197
-12.478893
-12.461952
-12.444378
-12.426169
-12.407329
-12.387858
-12.367757
-12.347029
-12.325673
-12.303693
-12.281089
-12.257863
-12.234016
-12.209550
-12.184467
-12.158769
-12.132457
-12.105533
-12.077999
-12.049857
-12.021109
-11.991757
-11.961802
-11.931248
-11.900095
-11.868346
-11.836004
-11.803070
-11.769547
-11.735438
-11.700743
-11.665467
-11.629611
-11.593178
-11.556170
-11.518589
-11.480440
-11.441723
-11.402442
-11.362599
-11.322198
-11.281240
-11.239729
-11.197668
-11.155060
-11.111906
-11.068212
-11.023978
-10.979210
-10.933908
-10.888078
-10.841721
-10.794842
-10.747442
-10.699526
-10.651097
-10.602159
-10.552713
-10.502765
-10.452317
-10.401373
-10.349936
-10.298011
-10.245599
-10.192706
-10.139335
-10.085489
-10.031172
-9.976388
-9.921141
-9.865434
-9.809272
-9.752658
-9.695595
-9.638089
-9.580143
-9.521760
-9.462946
-9.403704
-9.344038
-9.283952
-9.223450
-9.162537
-9.101216
-9.039493
-8.977371
-8.914854
-8.851947
-8.788654
-8.724980
-8.660928
-8.596504
-8.531712
-8.466555
-8.401040
-8.335169
-8.268948
-8.202382
-8.135474
-8.068230
-8.000654
-7.932751
-7.864525
-7.795981
-7.727125
-7.657959
-7.588491
-7.518723
-7.448661
-7.378310
-7.307675
-7.236760
-7.165571
-7.094112
-7.022388
-6.950404
-6.878166
-6.805677
-6.732944
-6.659970
-6.586762
-6.513324
-6.439661
-6.365779
-6.291682
-6.217375
-6.142864
-6.068154
-5.993249
-5.918156
-5.842879
-5.767423
-5.691794
-5.615997
-5.540037
-5.463919
-5.387649
-5.311231
-5.234671
-5.157975
-5.081147
-5.004194
-4.927119
-4.849929
-4.772629
-4.695224
-4.617719
-4.540120
-4.462432
-4.384661
-4.306812
-4.228890
-4.150900
-4.072849
-3.994741
-3.916581
-3.838376
-3.760130
-3.681849
-3.603539
-3.525204
-3.446850
-3.368482
-3.290107
-3.211729
-3.133353
-3.054985
-2.976631
-2.898296
-2.819985
-2.741704
-2.663458
-2.585252
-2.507092
-2.428984
-2.350931
-2.272941
-2.195018
-2.117168
-2.039396
-1.961708
-1.884108
-1.806602
-1.729196
-1.651895
-1.574703
-1.497628
-1.420673
-1.343844
-1.267146
-1.190585
-1.114166
-1.037894
-0.961774
-0.885813
-0.810014
-0.734383
-0.658925
-0.583646
-0.508551
-0.433645
-0.358933
-0.284419
-0.210111
-0.136011
-0.062127
0.011538
0.084979
0.158189
0.231165
0.303901
0.376392
0.448633
0.520620
0.592346
0.663808
0.735000
0.805918
0.876556
0.946910
1.016974
1.086745
1.156217
1.225385
