-3.479053187
-3.403081034
-3.456981944
-3.566774382
-3.674465996
-3.737275057
-3.724492976
-3.648102147
-3.580244761
-3.574516931
-3.609922452
-3.636050178
-3.602479801
-3.472940803
-3.281156957
-3.032346028
-2.817265708
-2.707663921
-2.691689533
-2.646522009
-2.51027979
-2.222493698
-1.864360188
-1.62624252
-1.599155351
-1.753975146
-2.00929692
-2.304673522
-2.591621724
-2.881377606
-3.195834442
-3.500895511
-3.731777587
-3.929161659
-4.039332196
-4.039031515
-3.938297145
-3.850290235
-3.782316298
-3.708084175
-3.632863226
-3.630741214
-3.711038441
-3.835798742
-3.99816263
-4.198842658
-4.403253966
-4.614251635
-4.802534955
-4.967079921
-5.108252325
-5.221397117
-5.271850066
-5.223302366
-5.107050597
-4.926270343
-4.704425006
-4.487809784
-4.305760494
-4.215856744
-4.209429746
-4.263233889
-4.342018044
-4.424443995
-4.531920053
-4.599918157
-4.654113469
-4.723894815
-4.817214624
-4.921368129
-5.0348933
-5.135139548
-5.236483765
-5.315645362
-5.361284127
-5.387366376
-5.380180256
-5.339276747
-5.265225545
-5.192802533
-5.10664516
-5.012673715
-4.914999425
-4.803893932
-4.713201262
-4.652485928
-4.582134612
-4.501842902
-4.433098519
-4.417917533
-4.422046993
-4.484073508
-4.548869536
-4.600048288
-4.614031082
-4.618382975
-4.598531139
-4.588310827
-4.619081582
-4.648492712
-4.677879519
-4.710569004
-4.736580201
-4.792001958
-4.847481553
-4.921242331
-4.991343772
-5.074824024
-5.192563535
-5.326036323
-5.458821343
-5.589609787
-5.697249383
-5.817604252
-5.946474027
-6.095429859
-6.275973009
-6.454250528
-6.578756668
-6.665306218
-6.740225402
-6.821470063
-6.904710536
-6.984735371
-7.03528008
-7.121611698
-7.214264466
-7.327012696
-7.447165448
-7.560910094
-7.664125237
-7.764043998
-7.881073581
-7.970488427
-8.072613546
-8.179934293
-8.33262875
-8.47670324
-8.603866512
-8.739638633
-8.873067372
-8.984338801
-9.103044074
-9.190291248
-9.29730934
-9.414743156
-9.524612843
-9.636174516
-9.763842803
-9.893634131
-10.00186285
-10.07705874
-10.14233641
-10.21986656
-10.27304135
-10.30537432
-10.32161082
-10.32746026
-10.33382294
-10.34940021
-10.39260579
-10.46288613
-10.54225576
-10.63028184
-10.70905862
-10.76193331
-10.79810687
-10.82910166
-10.85087274
-10.88577065
-10.93338539
-10.97699739
-11.01176214
-11.06077727
-11.11960001
-11.15274729
-11.17968898
-11.22576383
-11.29854733
-11.36389225
-11.41628042
-11.46469685
-11.49262902
-11.50668164
-11.49257194
-11.50791296
-11.48974339
-11.46639725
-11.44076635
-11.41747441
-11.37512023
-11.29929182
-11.21072575
-11.13742632
-11.08316626
-11.06720302
-11.06448996
-11.0708087
-11.09782502
-11.12825416
-11.12114115
-11.08486962
-11.02340085
-10.96423807
-10.89758037
-10.81935005
-10.73478777
-10.67047032
-10.62903628
-10.58775942
-10.54691187
-10.51595502
-10.46551327
-10.41551585
-10.37171988
-10.29859962
-10.21916667
-10.15765696
-10.10312066
-10.04748352
-9.990755267
-9.963303623
-9.957360796
-9.934575101
-9.898062578
-9.846054306
-9.78524647
-9.692865508
-9.62556626
-9.577059489
-9.541559065
-9.520812379
-9.526325532
-9.553050992
-9.590424683
-9.616653935
-9.638914429
-9.643738797
-9.606986787
-9.577816952
-9.543415286
-9.504639181
-9.45326814
-9.394720459
-9.35127433
-9.321851732
-9.274176369
-9.222952352
-9.151300516
-9.057826871
-8.946734055
-8.848688011
-8.780935885
-8.749460265
-8.743651895
-8.750114526
-8.766787613
-8.794692092
-8.792181826
-8.784680194
-8.772188461
-8.740964802
-8.697265297
-8.634864729
-8.548578125
-8.47379267
-8.405280154
-8.33905597
-8.277348156
-8.25151442
-8.24731118
-8.242098866
-8.230665944
-8.218226008
-8.18936913
-8.178944912
-8.160291651
-8.137658594
-8.094627493
-8.02153103
-7.958650319
-7.905762342
-7.825859578
-7.717214913
-7.613860626
-7.515720723
-7.439206662
-7.381274213
-7.344710591
-7.340255595
-7.33808173
-7.331900849
-7.319540071
-7.297742406
-7.244308081
-7.182555683
-7.118534146
-7.054598625
-6.973518392
-6.87235702
-6.7844529
-6.708655027
-6.645195886
-6.57791973
-6.502370586
-6.426824985
-6.359373883
-6.292079335
-6.208436295
-6.092107763
-5.994096256
-5.896096616
-5.777916007
-5.68106582
-5.60350528
-5.54840551
-5.511670903
-5.468815303
-5.41575377
-5.330043509
-5.211691526
-5.068816407
-4.91372152
-4.752532073
-4.593520388
-4.45522463
-4.333332126
-4.181163172
-4.035216602
-3.884937175
-3.74373256
-3.619859773
-3.511229957
-3.441179316
-3.378021295
-3.344844175
-3.326900761
-3.316686437
-3.315843114
-3.313312821
-3.305765254
-3.286539201
-3.233782939
-3.165788345
-3.057085105
-2.912346084
-2.734397644
-2.580909901
-2.472550002
-2.399738164
-2.337202204
-2.235453732
-2.121896453
-1.988230758
-1.822302124
-1.661584492
-1.530631182
-1.415228658
-1.288933492
-1.142140318
-0.991812148
-0.846350772
-0.699182974
-0.54439334
-0.388734618
-0.222102235
-0.081827014
0.044203217
0.161346403
0.287040176
0.400804122
0.514500011
0.659669474
0.835002704
1.061830075
1.290411198
1.481634558
1.638451247
1.751957695
1.820756064
1.855818468
1.902493335
1.963826683
2.051447677
2.175770916
2.356034996
2.582846594
2.849821813
3.133964308
3.381532598
3.551774323
3.645252052
3.69293012
3.724506248
3.734177576
3.744490975
3.76511961
3.781872942
3.777256322
3.797857206
3.83846155
3.859683861
3.859542553
3.84905712
3.828227699
3.785416172
3.792466636
3.822119358
3.883467494
3.928656357
3.979678771
4.036537188
4.076597242
4.091420851
4.08164692
4.080316844
4.090006072
4.105527693
4.135966895
4.191061844
4.241022865
4.295593699
4.346290387
4.359412961
4.338116405
4.293520981
4.246914641
4.191939841
4.138261438
4.089789592
4.057536591
4.018171575
4.022963649
4.008326916
3.978139868
3.932396863
3.852173591
3.758901154
3.643393407
3.512781358
3.380717624
3.252407492
3.126713876
2.98012252
2.863271928
2.77551661
2.695558219
2.578579845
2.468068065
2.359881017
2.239748142
2.106882096
1.968687651
1.798963533
1.596984494
1.379114609
1.191664765
1.056459022
0.963152747
0.888377291
0.784428461
0.684171211
0.577923979
0.470135599
0.360866665
0.273918089
0.158462405
0.01796336
-0.158567114
-0.370785981
-0.583350357
-0.813762926
-1.048000318
-1.275270271
-1.455383257
-1.632999826
-1.830099957
-2.079374686
-2.324608758
-2.581661624
-2.881455342
-3.197655629
-3.481901582
-3.695251983
-3.840581651
-3.89553251
-3.882502368
-3.760088353
-3.592202205
-3.4512249
-3.347127897
-3.215173586
-3.002058338
-2.716095367
-2.362986263
-1.960447256
-1.488270079
-0.96301468
-0.424609023
0.089408503
0.526210018
0.823893387
0.967081955
0.907557145
0.599131618
0.020753476
-0.841940316
-1.963974414
