-5.751238
-5.826805
-5.902372
-5.977936
-6.053496
-6.129050
-6.204598
-6.280138
-6.355668
-6.431188
-6.506696
-6.582191
-6.657671
-6.733135
-6.808581
-6.884009
-6.959417
-7.034804
-7.110168
-7.185508
-7.260823
-7.336111
-7.411371
-7.486602
-7.561802
-7.636970
-7.712105
-7.787206
-7.862270
-7.937298
-8.012286
-8.087235
-8.162143
-8.237008
-8.311829
-8.386605
-8.461335
-8.536017
-8.610649
-8.685232
-8.759762
-8.834240
-8.908663
-8.983030
-9.057340
-9.131592
-9.205785
-9.279916
-9.353985
-9.427991
-9.501932
-9.575806
-9.649614
-9.723352
-9.797020
-9.870617
-9.944142
-10.017592
-10.090967
-10.164265
-10.237486
-10.310628
-10.383689
-10.456668
-10.529565
-10.602377
-10.675103
-10.747743
-10.820294
-10.892756
-10.965128
-11.037407
-11.109594
-11.181685
-11.253681
-11.325580
-11.397380
-11.469081
-11.540681
-11.612179
-11.683574
-11.754864
-11.826048
-11.897124
-11.968093
-12.038951
-12.109699
-12.180335
-12.250857
-12.321265
-12.391556
-12.461731
-12.531787
-12.601724
-12.671539
-12.741233
-12.810803
-12.880249
-12.949569
-13.018762
-13.087827
-13.156763
-13.225568
-13.294241
-13.362781
-13.431186
-13.499456
-13.567590
-13.635586
-13.703442
-13.771158
-13.838733
-13.906165
-13.973454
-14.040597
-14.107594
-14.174444
-14.241145
-14.307696
-14.374096
-14.440344
-14.506439
-14.572380
-14.638165
-14.703793
-14.769263
-14.834574
-14.899725
-14.964715
-15.029542
-15.094205
-15.158704
-15.223036
-15.287202
-15.351199
-15.415027
-15.478684
-15.542170
-15.605483
-15.668623
-15.731587
-15.794376
-15.856987
-15.919420
-15.981673
-16.043746
-16.105638
-16.167347
-16.228872
-16.290212
-16.351367
-16.412334
-16.473113
-16.533704
-16.594104
-16.654312
-16.714329
-16.774152
-16.833780
-16.893213
-16.952450
-17.011489
-17.070329
-17.128970
-17.187410
-17.245648
-17.303684
-17.361515
-17.419142
-17.476563
-17.533777
-17.590784
-17.647581
-17.704169
-17.760546
-17.816711
-17.872663
-17.928401
-17.983925
-18.039233
-18.094324
-18.149197
-18.203851
-18.258286
-18.312501
-18.366493
-18.420263
-18.473810
-18.527132
-18.580229
-18.633100
-18.685743
-18.738158
-18.790344
-18.842300
-18.894025
-18.945519
-18.996779
-19.047806
-19.098599
-19.149156
-19.199476
-19.249559
-19.299405
-19.349011
-19.398377
-19.447503
-19.496387
-19.545029
-19.593427
-19.641581
-19.689490
-19.737153
-19.784570
-19.831739
-19.878659
-19.925330
-19.971752
-20.017922
-20.063841
-20.109507
-20.154920
-20.200079
-20.244983
-20.289632
-20.334024
-20.378158
-20.422035
-20.465653
-20.509011
-20.552109
-20.594946
-20.637521
-20.679834
-20.721883
-20.763668
-20.805188
-20.846443
-20.887432
-20.928153
-20.968607
-21.008792
-21.048708
-21.088354
-21.127730
-21.166835
-21.205667
-21.244227
-21.282514
-21.320526
-21.358264
-21.395727
-21.432914
-21.469824
-21.506457
-21.542812
-21.578888
-21.614685
-21.650203
-21.685440
-21.720395
-21.755070
-21.789461
-21.823570
-21.857396
-21.890937
-21.924193
-21.957165
-21.989850
-22.022249
-22.054361
-22.086185
-22.117722
-22.148969
-22.179927
-22.210596
-22.240974
-22.271061
-22.300857
-22.330361
-22.359572
-22.388491
-22.417115
-22.445446
-22.473483
-22.501224
-22.528671
-22.555821
-22.582674
-22.609231
-22.635490
-22.661452
-22.687115
-22.712480
-22.737545
-22.762311
-22.786776
-22.810941
-22.834805
-22.858368
-22.881629
-22.904588
-22.927244
-22.949598
-22.971647
-22.993394
-23.014836
-23.035973
-23.056806
-23.077333
-23.097554
-23.117470
-23.137079
-23.156382
-23.175378
-23.194066
-23.212446
-23.230519
-23.248283
-23.265739
-23.282885
-23.299723
-23.316250
-23.332468
-23.348376
-23.363974
-23.379260
-23.394236
-23.408901
-23.423254
-23.437295
-23.451024
-23.464441
-23.477546
-23.490338
-23.502817
-23.514983
-23.526835
-23.538374
-23.549600
-23.560511
-23.571108
-23.581391
-23.591359
-23.601012
-23.610351
-23.619375
-23.628083
-23.636476
-23.644554
-23.652316
-23.659762
-23.666892
-23.673707
-23.680205
-23.686387
-23.692252
-23.697801
-23.703033
-23.707949
-23.712548
-23.716830
-23.720795
-23.724444
-23.727775
-23.730789
-23.733486
-23.735866
-23.737928
-23.739673
-23.741101
-23.742212
-23.743005
-23.743481
-23.743639
-23.743480
-23.743004
-23.742210
-23.741099
-23.739670
-23.737925
-23.735862
-23.733481
-23.730784
-23.727769
-23.724438
-23.720789
-23.716823
-23.712540
-23.707941
-23.703024
-23.697791
-23.692242
-23.686376
-23.680194
-23.673695
-23.666880
-23.659749
-23.652303
-23.644540
-23.636462
-23.628068
-23.619359
-23.610335
-23.600996
-23.591342
-23.581373
-23.571090
-23.560492
-23.549580
-23.538354
-23.526815
-23.514962
-23.502795
-23.490316
-23.477523
-23.464418
-23.451000
-23.437271
-23.423229
-23.408875
-23.394210
-23.379234
-23.363947
-23.348349
-23.332440
-23.316222
-23.299693
-23.282856
-23.265708
-23.248252
-23.230488
-23.212415
-23.194033
-23.175345
-23.156349
-23.137045
-23.117436
-23.097519
-23.077297
-23.056769
-23.035936
-23.014798
-22.993356
-22.971609
-22.949559
-22.927205
-22.904548
-22.881589
-22.858327
-22.834764
-22.810899
-22.786734
-22.762268
-22.737501
-22.712436
-22.687071
-22.661407
-22.635445
-22.609185
-22.582628
-22.555773
-22.528623
-22.501176
-22.473434
-22.445397
-22.417066
-22.388440
-22.359521
-22.330309
-22.300805
-22.271009
-22.240921
-22.210542
-22.179873
-22.148915
-22.117667
-22.086130
-22.054305
-22.022193
-21.989793
-21.957107
-21.924136
-21.890878
-21.857337
-21.823511
-21.789401
-21.755009
-21.720335
-21.685378
-21.650141
-21.614623
-21.578825
-21.542749
-21.506393
-21.469760
-21.432849
-21.395662
-21.358199
-21.320460
-21.282447
-21.244160
-21.205599
-21.166766
-21.127661
-21.088285
-21.048639
-21.008722
-20.968536
-20.928082
-20.887360
-20.846371
-20.805116
-20.763595
-20.721810
-20.679760
-20.637447
-20.594872
-20.552034
-20.508936
-20.465577
-20.421959
-20.378082
-20.333946
-20.289554
-20.244905
-20.200001
-20.154841
-20.109428
-20.063761
-20.017842
-19.971671
-19.925249
-19.878577
-19.831656
-19.784487
-19.737070
-19.689406
-19.641497
-19.593342
-19.544944
-19.496302
-19.447417
-19.398291
-19.348924
-19.299318
-19.249472
-19.199388
-19.149067
-19.098510
-19.047717
-18.996690
-18.945429
-18.893935
-18.842210
-18.790253
-18.738067
-18.685651
-18.633007
-18.580136
-18.527039
-18.473717
-18.420169
-18.366399
-18.312406
-18.258191
-18.203756
-18.149101
-18.094227
-18.039136
-17.983828
-17.928304
-17.872565
-17.816613
-17.760447
-17.704070
-17.647482
-17.590684
-17.533678
-17.476463
-17.419042
-17.361414
-17.303582
-17.245546
-17.187308
-17.128868
-17.070227
-17.011386
-16.952347
-16.893110
-16.833676
-16.774047
-16.714224
-16.654207
-16.593998
-16.533598
-16.473007
-16.412227
-16.351260
-16.290105
-16.228764
-16.167239
-16.105530
-16.043638
-15.981564
-15.919311
-15.856877
-15.794266
-15.731477
-15.668513
-15.605373
-15.542059
-15.478573
-15.414915
-15.351087
-15.287090
-15.222924
-15.158591
-15.094092
-15.029428
-14.964601
-14.899611
-14.834460
-14.769149
-14.703678
-14.638050
-14.572265
-14.506324
-14.440229
-14.373980
-14.307580
-14.241028
-14.174327
-14.107477
-14.040480
-13.973336
-13.906048
-13.838615
-13.771040
-13.703324
-13.635467
-13.567471
-13.499337
-13.431067
-13.362661
-13.294121
-13.225447
-13.156642
-13.087707
-13.018642
-12.949448
-12.880128
-12.810682
-12.741111
-12.671417
-12.601601
-12.531665
-12.461608
-12.391434
-12.321142
-12.250734
-12.180211
-12.109576
-12.038828
-11.967969
-11.897000
-11.825923
-11.754739
-11.683449
-11.612054
-11.540556
-11.468956
-11.397255
-11.325454
-11.253555
-11.181559
-11.109467
-11.037281
-10.965001
-10.892630
-10.820168
-10.747616
-10.674976
-10.602249
-10.529437
-10.456541
-10.383561
-10.310500
-10.237358
-10.164137
-10.090839
-10.017463
-9.944013
-9.870489
-9.796891
-9.723223
-9.649484
-9.575677
-9.501802
-9.427862
-9.353856
-9.279787
-9.205655
-9.131462
-9.057210
-8.982900
-8.908532
-8.834109
-8.759632
-8.685101
-8.610519
-8.535886
-8.461204
-8.386475
-8.311698
-8.236877
-8.162012
-8.087104
-8.012155
-7.937166
-7.862139
-7.787074
-7.711974
-7.636839
-7.561670
-7.486470
-7.411239
-7.335979
-7.260691
-7.185376
-7.110036
-7.034672
-6.959285
-6.883877
-6.808449
-6.733003
-6.657539
-6.582059
-6.506564
-6.431056
-6.355536
-6.280006
-6.204466
-6.128918
-6.053364
-5.977804
-5.902240
-5.826673
-5.751105
-5.675537
-5.599971
-5.524407
-5.448847
-5.373293
-5.297745
-5.222205
-5.146674
-5.071155
-4.995647
-4.920152
-4.844672
-4.769208
-4.693762
-4.618334
-4.542926
-4.467539
-4.392176
-4.316836
-4.241521
-4.166233
-4.090973
-4.015742
-3.940542
-3.865373
-3.790238
-3.715138
-3.640074
-3.565046
-3.490058
-3.415109
-3.340201
-3.265336
-3.190515
-3.115739
-3.041009
-2.966328
-2.891695
-2.817113
-2.742583
-2.668105
-2.593682
-2.519315
-2.445005
-2.370753
-2.296561
-2.222429
-2.148360
-2.074355
-2.000414
-1.926540
-1.852733
-1.778994
-1.705326
-1.631729
-1.558205
-1.484755
-1.411380
-1.338082
-1.264861
-1.191720
-1.118659
-1.045679
-0.972783
-0.899971
-0.827245
-0.754605
-0.682054
-0.609592
-0.537221
-0.464941
-0.392755
-0.320664
-0.248668
-0.176770
-0.104969
-0.033269
0.038331
0.109829
0.181223
0.252513
0.323697
0.394773
0.465742
0.536600
0.607348
0.677983
0.748505
0.818913
0.889204
0.959379
1.029434
1.099371
1.169186
1.238880
1.308450
1.377896
1.447215
1.516408
1.585473
1.654408
1.723213
1.791886
1.860425
1.928831
1.997101
2.065234
2.133229
2.201086
2.268802
2.336376
2.403808
2.471096
2.538239
2.605236
2.672085
2.738786
2.805337
2.871737
2.937985
3.004080
3.070020
3.135805
3.201432
3.266902
3.332213
3.397364
3.462353
3.527180
3.591843
3.656341
3.720673
3.784839
3.848836
3.912663
3.976321
4.039806
4.103119
4.166258
4.229222
4.292010
4.354621
4.417054
4.479307
4.541380
4.603271
4.664979
4.726504
4.787844
4.848998
4.909965
4.970744
5.031334
5.091734
5.151942
5.211958
5.271781
5.331409
5.390842
5.450078
5.509117
5.567957
5.626597
5.685037
5.743275
5.801310
5.859141
5.916768
5.974188
6.031402
6.088408
6.145205
6.201793
6.258169
6.314334
6.370286
6.426024
6.481547
6.536854
6.591945
6.646818
6.701472
6.755906
6.810120
6.864112
6.917882
6.971428
7.024750
7.077847
7.130717
7.183360
7.235775
7.287960
7.339916
7.391641
7.443134
7.494394
7.545420
7.596212
7.646769
7.697089
7.747172
7.797017
7.846622
7.895988
7.945114
7.993997
8.042638
8.091036
8.139190
8.187098
8.234761
8.282177
8.329346
8.376266
8.422937
8.469358
8.515528
8.561446
8.607112
8.652524
8.697683
8.742587
8.787235
8.831626
8.875760
8.919637
8.963254
9.006612
9.049710
9.092546
9.135121
9.177433
9.219481
9.261266
9.302786
9.344040
9.385028
9.425749
9.466202
9.506387
9.546303
9.585948
9.625324
9.664428
9.703260
9.741819
9.780105
9.818118
9.855855
9.893317
9.930504
9.967413
10.004046
10.040400
10.076476
10.112273
10.147790
10.183026
10.217981
10.252655
10.287046
10.321155
10.354979
10.388520
10.421776
10.454747
10.487432
10.519830
10.551942
10.583766
10.615301
10.646548
10.677506
10.708174
10.738552
10.768638
10.798434
10.827937
10.857148
10.886066
10.914690
10.943021
10.971057
10.998798
11.026243
11.053393
11.080246
11.106802
11.133061
11.159022
11.184685
11.210049
11.235113
11.259879
11.284344
11.308508
11.332372
11.355934
11.379195
11.402153
11.424809
11.447161
11.469211
11.490956
11.512398
11.533535
11.554367
11.574893
11.595114
11.615030
11.634638
11.653940
11.672936
11.691623
11.710003
11.728075
11.745839
11.763294
11.780440
11.797277
11.813804
11.830021
11.845929
11.861525
11.876812
11.891787
11.906451
11.920803
11.934844
11.948573
11.961989
11.975094
11.987885
12.000363
12.012529
12.024381
12.035919
12.047144
12.058055
12.068651
12.078933
12.088901
12.098554
12.107892
12.116915
12.125623
12.134016
12.142093
12.149854
12.157300
12.164429
12.171243
12.177741
12.183922
12.189787
12.195335
12.200567
12.205482
12.210081
12.214362
12.218327
12.221975
12.225305
12.228319
12.231015
12.233394
12.235456
12.237201
12.238628
12.239738
12.240531
12.241006
12.241164
12.241004
12.240527
12.239733
12.238622
12.237193
12.235446
12.233383
12.231002
12.228304
12.225289
12.221956
12.218307
12.214341
12.210057
12.205457
12.200540
12.195307
12.189757
12.183890
12.177707
12.171208
12.164393
12.157261
12.149814
12.142051
12.133972
12.125578
12.116869
12.107844
12.098504
12.088850
12.078880
12.068596
12.057998
12.047086
12.035859
12.024319
12.012466
12.000299
11.987819
11.975026
11.961920
11.948502
11.934771
11.920729
11.906375
11.891709
11.876732
11.861444
11.845846
11.829937
11.813718
11.797189
11.780351
11.763203
11.745746
11.727981
11.709908
11.691526
11.672837
11.653840
11.634536
11.614926
11.595009
11.574786
11.554258
11.533425
11.512286
11.490843
11.469096
11.447045
11.424690
11.402033
11.379073
11.355811
11.332247
11.308382
11.284216
11.259749
11.234983
11.209916
11.184551
11.158887
11.132924
11.106664
11.080106
11.053251
11.026100
10.998653
10.970910
10.942873
10.914541
10.885915
10.856995
10.827783
10.798278
10.768481
10.738393
10.708014
10.677344
10.646385
10.615137
10.583599
10.551774
10.519661
10.487261
10.454575
10.421603
10.388345
10.354803
10.320976
10.286866
10.252474
10.217799
10.182842
10.147604
10.112086
10.076287
10.040210
10.003854
9.967220
9.930309
9.893122
9.855658
9.817919
9.779905
9.741618
9.703057
9.664223
9.625118
9.585741
9.546094
9.506177
9.465991
9.425536
9.384814
9.343824
9.302569
9.261047
9.219261
9.177211
9.134898
9.092322
9.049484
9.006385
8.963026
8.919407
8.875529
8.831394
8.787001
8.742352
8.697447
8.652287
8.606873
8.561206
8.515286
8.469115
8.422692
8.376020
8.329099
8.281929
8.234512
8.186848
8.138938
8.090783
8.042384
7.993741
7.944856
7.895730
7.846363
7.796756
7.746910
7.696825
7.646504
7.595946
7.545153
7.494125
7.442864
7.391370
7.339644
7.287687
7.235500
7.183084
7.130440
7.077569
7.024471
6.971148
6.917601
6.863830
6.809836
6.755621
6.701185
6.646530
6.591656
6.536564
6.481256
6.425732
6.369993
6.314040
6.257874
6.201496
6.144908
6.088110
6.031103
5.973888
5.916466
5.858838
5.801006
5.742970
5.684731
5.626290
