-4.024974541
-4.129057918
-4.144283058
-4.058317358
-3.927398158
-3.83799162
-3.73860738
-3.659747449
-3.639060924
-3.704062987
-3.724982364
-3.748672874
-3.764247406
-3.763272388
-3.743647784
-3.762413006
-3.834242136
-3.898387301
-3.889832144
-3.875076646
-3.881974982
-3.898601753
-3.919709209
-3.974238495
-4.057244369
-4.053222769
-4.039240312
-4.063140408
-4.162491399
-4.182256105
-4.088096878
-4.02528151
-4.042822259
-4.131011054
-4.231688881
-4.361591793
-4.523238289
-4.658806367
-4.781597033
-4.859214617
-4.920047954
-4.930028729
-4.87842863
-4.837012411
-4.843680503
-4.853762989
-4.853762989
-4.867356028
-4.921686387
-4.998538548
-5.043682802
-5.066237419
-5.083869764
-5.108062007
-5.182132187
-5.281175435
-5.384770666
-5.506093068
-5.637143937
-5.758544891
-5.86317671
-5.975908938
-6.023802181
-6.043254371
-6.108117581
-6.205477495
-6.27915766
-6.360519222
-6.469338493
-6.546653374
-6.596654609
-6.648743557
-6.683673359
-6.711895463
-6.728368544
-6.739321164
-6.774259028
-6.811283477
-6.824321797
-6.83844837
-6.882182468
-6.905102581
-6.908367612
-6.914896154
-6.96930514
-7.005234667
-7.00966821
-7.022966289
-7.056018984
-7.100185132
-7.163126494
-7.241473606
-7.285570859
-7.32068964
-7.360082141
-7.436728676
-7.492766161
-7.543402083
-7.600612849
-7.66110744
-7.73903443
-7.86818586
-7.969917377
-8.037677235
-8.131660326
-8.230132958
-8.258640791
-8.264264279
-8.273310173
-8.310652591
-8.347933758
-8.398392961
-8.457504148
-8.524308595
-8.58026912
-8.620761568
-8.657980045
-8.683282742
-8.713876414
-8.738951359
-8.744425257
-8.734672625
-8.751093181
-8.803487849
-8.841751275
-8.863626765
-8.897357724
-8.943111231
-8.982469346
-9.012054978
-9.056840869
-9.129964572
-9.193308735
-9.25348716
-9.297112239
-9.336168046
-9.378646
-9.407051803
-9.458657567
-9.48274851
-9.516593643
-9.58739333
-9.695100621
-9.798451133
-9.893183808
-9.927296911
-9.936558054
-9.942344136
-9.949285266
-9.958536422
-9.966627769
-9.940512625
-9.927234502
-9.949276354
-9.989171474
-10.01545416
-10.02184518
-10.08694429
-10.1434957
-10.17487888
-10.23468208
-10.26839673
-10.27496981
-10.27496981
-10.27496981
-10.28038807
-10.29779584
-10.31289147
-10.31951151
-10.32377247
-10.32487886
-10.35709135
-10.3749608
-10.38073831
-10.38098746
-10.38238185
-10.39471897
-10.42019385
-10.45771508
-10.49820903
-10.50819308
-10.56026237
-10.61973994
-10.65200235
-10.68973132
-10.74487675
-10.80230028
-10.79393905
-10.78460905
-10.7821124
-10.78326238
-10.77652381
-10.77517557
-10.79009333
-10.82241923
-10.86011933
-10.89173097
-10.95513536
-11.00570949
-10.98635093
-10.91423462
-10.83678084
-10.79719974
-10.78483062
-10.82012942
-10.8373696
-10.84387599
-10.84387599
-10.83724332
-10.83276294
-10.79203052
-10.72800263
-10.65414427
-10.62078251
-10.61235957
-10.59095404
-10.59689256
-10.60450403
-10.61324156
-10.61972597
-10.61705357
-10.6232525
-10.65002857
-10.68102402
-10.72073722
-10.7657852
-10.78446293
-10.7880621
-10.7688395
-10.7494527
-10.7517426
-10.76047707
-10.7223119
-10.66188473
-10.59836477
-10.53631079
-10.44707422
-10.35788338
-10.32045082
-10.33166972
-10.38052633
-10.38953407
-10.37138481
-10.37633716
-10.36808275
-10.32554545
-10.29658902
-10.2877827
-10.29104399
-10.28828433
-10.28150429
-10.30799066
-10.30649932
-10.26916482
-10.20001159
-10.11655376
-10.04497658
-9.97977043
-9.8960679
-9.788489691
-9.685433447
-9.580083148
-9.469494709
-9.369953362
-9.309727589
-9.288776726
-9.242968845
-9.154524677
-9.053995669
-8.970800603
-8.867436382
-8.781421021
-8.720286678
-8.685248786
-8.647149756
-8.608040823
-8.549400162
-8.490786801
-8.428732384
-8.362214274
-8.257922533
-8.138684719
-8.049494667
-7.997056521
-7.94812561
-7.902402282
-7.873936078
-7.826013326
-7.751182616
-7.707792773
-7.663512409
-7.603111829
-7.540549078
-7.454087011
-7.34610954
-7.213353494
-7.077137215
-6.948863987
-6.804934135
-6.66978126
-6.573335962
-6.472644313
-6.365608422
-6.288632127
-6.254326495
-6.230249883
-6.21670441
-6.21029492
-6.203885774
-6.169978225
-6.110467292
-6.089396584
-6.064607715
-6.045615956
-6.012491934
-5.967501517
-5.921584783
-5.867225433
-5.807167946
-5.726094606
-5.59507978
-5.466873599
-5.319595752
-5.131833936
-4.954924647
-4.831785599
-4.774632857
-4.735658448
-4.703043373
-4.66060216
-4.628893883
-4.613789244
-4.591269134
-4.550615011
-4.469510274
-4.374884141
-4.286624005
-4.239872465
-4.195598893
-4.145021486
-4.107103108
-4.069197312
-4.014275345
-3.976398184
-3.969224351
-3.926284491
-3.847492381
-3.794540257
-3.770364359
-3.726566933
-3.675507992
-3.642323758
-3.570554296
-3.487118455
-3.420902438
-3.351360692
-3.244441262
-3.148113241
-3.067972882
-2.987911789
-2.911423439
-2.868132665
-2.830278881
-2.782464027
-2.738819633
-2.720120568
-2.678600998
-2.638755816
-2.605172141
-2.573549795
-2.536519912
-2.477195555
-2.38866304
-2.251297102
-2.133228769
-2.056860548
-1.967364301
-1.85759701
-1.810734137
-1.797002928
-1.775981367
-1.744156224
-1.711544104
-1.632164525
-1.525454699
-1.422373598
-1.320503806
-1.201139286
-1.07425062
-0.995160506
-0.912605591
-0.831244594
-0.756879519
-0.727723343
-0.679819556
-0.629390195
-0.60961862
-0.605764995
-0.563058246
-0.503470607
-0.481415741
-0.452452891
-0.377757389
-0.339032289
-0.31181672
-0.278668062
-0.213778222
-0.154144206
-0.112695657
-0.026834439
0.075913871
0.167270332
0.235741958
0.306465315
0.327692736
0.359403263
0.409471985
0.493744351
0.583296089
0.698800758
0.8418141
0.9537068
1.025161484
1.072166435
1.116774426
1.149276808
1.176486358
1.225827285
1.254549841
1.267303835
1.278621293
1.291442608
1.313494121
1.336128403
1.35102967
1.37802692
1.403586419
1.440687207
1.500552741
1.577875629
1.63387214
1.699718051
1.732630176
1.75810711
1.775442449
1.81339097
1.843600186
1.854966191
1.87093267
1.882252566
1.897469426
1.91409889
1.961176217
2.029517078
2.092575975
2.171340741
2.258362922
2.368956475
2.431538468
2.472771492
2.501477636
2.538088657
2.561469638
2.598092756
2.620789586
2.647447045
2.652020644
2.661931261
2.691344164
2.717330914
2.753310756
2.805315594
2.848707074
2.880729718
2.907404675
2.950808972
2.991617911
3.029022636
3.063799797
3.114612067
3.165427861
3.228244519
3.270361237
3.297783804
3.309828894
3.299131577
3.281744286
3.276404552
3.272410281
3.251697657
3.227676184
3.21910703
3.19784299
3.146510056
3.112608944
3.126201219
3.148414882
3.143809318
3.145888223
3.146594608
3.140581053
3.128552838
3.123266518
3.119338212
3.06934008
3.028128769
3.025114692
3.036013461
3.039485201
3.037642344
3.027735881
2.989141033
2.968613715
2.97402008
2.983344023
2.994034719
3.015417788
3.046102708
3.066133632
3.076168366
3.091554207
3.108298576
3.131646573
3.178306419
3.243774831
3.293249931
3.332694645
3.352225988
3.40327322
3.432827258
3.450966215
3.479129883
3.483177817
3.471149229
3.439742573
3.403634162
3.374223488
3.322696712
3.289324119
3.245288801
3.176442126
3.096909855
3.018764779
2.935280861
2.878541568
2.812457019
2.732123669
2.67279925
2.647673391
2.647192828
2.645991522
2.6346795
2.631531344
2.616286808
2.563945869
2.500208037
2.445439555
2.401384989
2.355117056
2.327764686
2.304254721
2.2678697
2.213267442
2.160943779
2.085736106
1.984675121
1.891134407
1.828742987
1.731248483
1.640578254
1.591104088
1.539311087
1.47214702
1.406533808
1.342489395
1.282378499
1.221485821
1.159802826
1.104758338
1.036065063
1.005659432
0.985988093
0.961718005
0.932144879
0.918521703
0.915527171
0.910215524
0.887266054
0.829274169
0.763652015
0.709462032
0.663641284
0.629343198
0.621994151
0.593824096
0.533375322
0.465939738
0.407900797
0.305511612
0.19381271
0.102168875
-0.005534322
-0.099039812
-0.164233942
-0.217982726
-0.260276543
-0.266441923
-0.266441923
-0.272607662
-0.301726922
-0.34603248
-0.390337812
-0.457366469
-0.577666958
-0.724107365
-0.846270779
-0.988815393
-1.151393755
-1.288683087
-1.408150957
-1.506929432
-1.558416186
-1.587608232
-1.637437306
-1.668592059
-1.677647134
-1.703491319
-1.736371135
-1.78718469
-1.859513963
-1.954131873
-2.085441993
-2.246577818
-2.424867625
-2.562970497
-2.692348172
-2.824513539
-2.955759624
-3.019501983
-3.051000744
-3.069904239
-3.083477183
-3.108690606
-3.147492624
-3.192619264
-3.231454944
-3.234377987
-3.244588201
-3.251876526
-3.271796022
-3.325262982
-3.391410073
-3.446499908
-3.470787778
-3.484679441
-3.530895075
-3.568015544
-3.574346366
-3.633976037
-3.716033596
-3.810882077
-3.888573308
-3.982695673
-4.055093742
-4.104002708
-4.166448364
-4.278983488
-4.423002733
-4.532446546
-4.640417336
-4.73169447
-4.783869015
-4.795849071
-4.818777399
-4.882721248
-4.910202519
-4.90576011
-4.916588266
-4.963549899
-5.00162321
-5.028744979
-5.047910631
-5.077904265
-5.105026578
-5.269149838
