-0.3530
-0.3178
-0.2836
-0.2521
-0.2194
-0.2195
-0.2498
-0.3116
-0.3784
-0.4590
-0.5666
-0.6706
-0.7588
-0.8616
-1.0104
-1.1678
-1.3722
-1.6151
-1.8554
-2.0812
-2.3043
-2.4766
-2.6210
-2.7460
-2.8539
-2.9486
-3.0456
-3.1627
-3.3098
-3.4841
-3.6666
-3.8462
-4.0140
-4.1315
-4.2404
-4.3408
-4.4162
-4.4800
-4.5388
-4.5840
-4.6355
-4.7397
-4.8696
-5.0031
-5.1720
-5.3409
-5.5013
-5.6705
-5.8484
-6.0193
-6.2200
-6.4555
-6.7207
-7.0249
-7.3723
-7.7129
-8.0938
-8.5012
-8.9036
-9.2765
-9.6182
-9.9164
-10.1883
-10.4114
-10.6017
-10.7576
-10.9151
-11.0849
-11.2879
-11.5348
-11.8154
-12.1323
-12.4663
-12.8112
-13.1346
-13.4506
-13.7908
-14.1506
-14.5117
-14.9138
-15.3425
-15.8216
-16.3307
-16.8401
-17.3450
-17.7848
-18.1676
-18.5165
-18.8077
-19.0572
-19.2719
-19.5045
-19.7267
-19.9611
-20.2333
-20.5004
-20.7720
-21.0485
-21.3326
-21.5803
-21.8039
-22.0144
-22.1831
-22.3424
-22.5043
-22.6722
-22.8265
-23.0012
-23.2135
-23.4314
-23.6581
-23.8932
-24.1488
-24.4391
-24.7767
-25.1171
-25.4610
-25.7874
-26.0849
-26.3324
-26.5298
-26.6922
-26.8193
-26.9226
-27.0024
-27.0615
-27.1472
-27.2744
-27.4521
-27.6476
-27.8850
-28.1786
-28.5117
-28.8717
-29.2035
-29.5769
-29.9441
-30.2814
-30.5714
-30.7929
-30.9511
-31.0653
-31.1683
-31.2644
-31.3566
-31.4496
-31.5361
-31.6336
-31.7182
-31.8087
-31.9123
-32.0051
-32.0856
-32.1439
-32.1671
-32.1893
-32.2065
-32.2031
-32.2054
-32.2322
-32.2433
-32.2627
-32.2941
-32.3529
-32.4077
-32.4858
-32.5751
-32.6555
-32.7468
-32.8365
-32.9051
-32.9593
-32.9832
-32.9914
-32.9903
-32.9829
-32.9663
-32.9400
-32.9012
-32.8671
-32.8321
-32.7945
-32.7699
-32.7245
-32.6800
-32.6669
-32.6965
-32.7277
-32.7694
-32.8410
-32.8876
-32.8811
-32.8368
-32.7700
-32.6789
-32.5810
-32.4979
-32.4369
-32.3713
-32.3231
-32.2815
-32.2332
-32.1875
-32.1271
-32.0776
-32.0070
-31.9147
-31.7896
-31.6115
-31.4334
-31.2559
-31.1056
-30.9848
-30.8760
-30.7816
-30.6997
-30.6002
-30.5275
-30.4806
-30.4743
-30.5129
-30.5536
-30.6008
-30.6517
-30.6984
-30.6920
-30.6226
-30.5056
-30.3178
-30.1067
-29.8936
-29.6832
-29.4980
-29.3040
-29.1357
-28.9765
-28.8429
-28.7429
-28.6487
-28.5457
-28.4263
-28.2980
-28.1533
-27.9867
-27.8120
-27.6180
-27.3915
-27.1514
-26.9070
-26.6633
-26.4443
-26.2595
-26.0937
-25.9445
-25.8137
-25.6831
-25.5434
-25.4145
-25.2877
-25.1607
-25.0643
-24.9791
-24.8725
-24.7275
-24.5469
-24.3335
-24.0926
-23.8438
-23.5514
-23.2698
-23.0045
-22.7447
-22.5205
-22.3319
-22.1733
-22.0477
-21.9138
-21.7747
-21.6111
-21.4312
-21.2542
-21.0824
-20.9242
-20.7825
-20.6653
-20.5428
-20.4288
-20.3038
-20.1410
-19.9620
-19.7618
-19.5239
-19.2752
-19.0322
-18.8199
-18.6267
-18.4605
-18.3318
-18.2252
-18.1263
-18.0489
-17.9879
-17.9268
-17.8271
-17.7031
-17.5333
-17.3370
-17.1136
-16.8815
-16.6298
-16.3582
-16.0873
-15.8112
-15.4962
-15.1376
-14.7425
-14.3414
-13.9458
-13.5904
-13.2733
-12.9712
-12.6850
-12.4079
-12.1357
-11.8645
-11.6275
-11.4308
-11.2619
-11.1315
-10.9997
-10.8661
-10.7280
-10.5887
-10.4469
-10.3084
-10.1783
-10.0451
-9.8890
-9.7298
-9.5548
-9.3843
-9.2022
-9.0237
-8.8450
-8.6693
-8.5066
-8.3341
-8.1549
-7.9739
-7.7800
-7.5616
-7.3058
-7.0339
-6.7472
-6.4630
-6.1205
-5.7635
-5.4044
-5.0610
-4.7496
-4.4904
-4.2742
-4.0822
-3.8723
-3.6648
-3.4645
-3.2816
-3.1073
-2.9695
-2.8274
-2.6889
-2.5388
-2.3663
-2.1546
-1.9614
-1.7679
-1.5755
-1.3945
-1.2120
-1.0027
-0.7966
-0.5855
-0.3904
-0.2157
-0.0630
0.0525
0.1334
0.2098
0.2863
0.3520
0.4300
0.5338
0.6648
0.8232
1.0194
1.1981
1.3771
1.5235
1.6561
1.7626
1.8196
1.8522
1.8713
1.8934
1.9285
1.9460
1.9112
1.8508
1.7736
1.7066
1.6295
1.5615
1.4840
1.4229
1.3963
1.3799
1.3785
1.3835
1.4005
1.4127
1.4065
1.4201
1.4355
1.4551
1.4728
1.4588
1.4514
1.4264
1.3955
1.3569
1.2813
1.1475
0.9577
0.7627
0.5736
0.4298
0.3343
0.2352
0.1303
-0.0012
-0.1595
-0.3522
-0.5788
-0.8504
-1.1447
