3.632000
3.631756
3.631023
3.629802
3.628092
3.625894
3.623208
3.620033
3.616370
3.612220
3.607582
3.602456
3.596843
3.590744
3.584157
3.577084
3.569524
3.561479
3.552948
3.543932
3.534431
3.524446
3.513976
3.503024
3.491588
3.479669
3.467269
3.454386
3.441023
3.427180
3.412856
3.398053
3.382772
3.367012
3.350776
3.334062
3.316873
3.299208
3.281069
3.262456
3.243371
3.223813
3.203784
3.183284
3.162315
3.140877
3.118972
3.096599
3.073761
3.050458
3.026691
3.002460
2.977768
2.952615
2.927002
2.900931
2.874402
2.847416
2.819975
2.792079
2.763731
2.734931
2.705680
2.675980
2.645831
2.615236
2.584195
2.552710
2.520782
2.488412
2.455602
2.422354
2.388668
2.354546
2.319989
2.284999
2.249578
2.213726
2.177446
2.140739
2.103606
2.066050
2.028071
1.989671
1.950852
1.911616
1.871963
1.831897
1.791418
1.750528
1.709229
1.667523
1.625412
1.582897
1.539979
1.496662
1.452946
1.408834
1.364327
1.319428
1.274137
1.228458
1.182392
1.135941
1.089106
1.041891
0.994296
0.946325
0.897978
0.849258
0.800168
0.750708
0.700882
0.650691
0.600137
0.549223
0.497951
0.446322
0.394340
0.342006
0.289322
0.236291
0.182915
0.129196
0.075137
0.020739
-0.033994
-0.089061
-0.144460
-0.200187
-0.256242
-0.312620
-0.369320
-0.426340
-0.483677
-0.541328
-0.599292
-0.657565
-0.716146
-0.775031
-0.834219
-0.893707
-0.953492
-1.013572
-1.073944
-1.134606
-1.195555
-1.256788
-1.318303
-1.380098
-1.442170
-1.504516
-1.567133
-1.630019
-1.693171
-1.756587
-1.820264
-1.884199
-1.948389
-2.012833
-2.077526
-2.142466
-2.207651
-2.273078
-2.338744
-2.404646
-2.470782
-2.537148
-2.603743
-2.670562
-2.737603
-2.804864
-2.872342
-2.940033
-3.007935
-3.076046
-3.144361
-3.212878
-3.281595
-3.350508
-3.419615
-3.488912
-3.558398
-3.628067
-3.697919
-3.767949
-3.838156
-3.908535
-3.979084
-4.049800
-4.120680
-4.191721
-4.262920
-4.334274
-4.405780
-4.477435
-4.549236
-4.621180
-4.693263
-4.765484
-4.837838
-4.910323
-4.982935
-5.055672
-5.128530
-5.201507
-5.274599
-5.347804
-5.421117
-5.494537
-5.568059
-5.641681
-5.715400
-5.789213
-5.863116
-5.937106
-6.011181
-6.085337
-6.159571
-6.233879
-6.308260
-6.382709
-6.457223
-6.531799
-6.606435
-6.681127
-6.755871
-6.830665
-6.905506
-6.980390
-7.055314
-7.130275
-7.205269
-7.280295
-7.355348
-7.430425
-7.505524
-7.580640
-7.655771
-7.730914
-7.806066
-7.881222
-7.956381
-8.031538
-8.106692
-8.181838
-8.256973
-8.332095
-8.407199
-8.482284
-8.557345
-8.632379
-8.707385
-8.782357
-8.857293
-8.932190
-9.007045
-9.081854
-9.156615
-9.231324
-9.305978
-9.380574
-9.455109
-9.529579
-9.603982
-9.678314
-9.752572
-9.826753
-9.900854
-9.974872
-10.048804
-10.122646
-10.196396
-10.270049
-10.343604
-10.417057
-10.490405
-10.563645
-10.636774
-10.709788
-10.782685
-10.855461
-10.928114
-11.000640
-11.073037
-11.145300
-11.217428
-11.289417
-11.361264
-11.432967
-11.504521
-11.575924
-11.647174
-11.718266
-11.789198
-11.859967
-11.930571
-12.001005
-12.071267
-12.141354
-12.211264
-12.280993
-12.350537
-12.419896
-12.489064
-12.558040
-12.626820
-12.695402
-12.763783
-12.831959
-12.899929
-12.967688
-13.035235
-13.102566
-13.169678
-13.236570
-13.303237
-13.369677
-13.435887
-13.501865
-13.567607
-13.633111
-13.698374
-13.763394
-13.828167
-13.892691
-13.956963
-14.020980
-14.084740
-14.148241
-14.211478
-14.274450
-14.337154
-14.399588
-14.461748
-14.523632
-14.585238
-14.646562
-14.707603
-14.768358
-14.828823
-14.888998
-14.948878
-15.008461
-15.067746
-15.126729
-15.185408
-15.243781
-15.301845
-15.359597
-15.417035
-15.474157
-15.530961
-15.587443
-15.643602
-15.699435
-15.754939
-15.810113
-15.864955
-15.919461
-15.973629
-16.027458
-16.080945
-16.134087
-16.186883
-16.239329
-16.291425
-16.343168
-16.394555
-16.445585
-16.496255
-16.546563
-16.596507
-16.646084
-16.695294
-16.744133
-16.792600
-16.840693
-16.888409
-16.935747
-16.982704
-17.029279
-17.075469
-17.121273
-17.166689
-17.211715
-17.256348
-17.300588
-17.344431
-17.387877
-17.430923
-17.473568
-17.515810
-17.557647
-17.599077
-17.640098
-17.680710
-17.720909
-17.760695
-17.800065
-17.839019
-17.877554
-17.915669
-17.953361
-17.990631
-18.027475
-18.063893
-18.099882
-18.135442
-18.170571
-18.205268
-18.239530
-18.273356
-18.306746
-18.339697
-18.372209
-18.404279
-18.435907
-18.467091
-18.497830
-18.528122
-18.557967
-18.587363
-18.616308
-18.644802
-18.672843
-18.700431
-18.727563
-18.754240
-18.780459
-18.806219
-18.831521
-18.856361
-18.880740
-18.904657
-18.928109
-18.951098
-18.973620
-18.995676
-19.017264
-19.038385
-19.059035
-19.079216
-19.098926
-19.118163
-19.136928
-19.155220
-19.173038
-19.190380
-19.207247
-19.223637
-19.239550
-19.254986
-19.269943
-19.284421
-19.298419
-19.311937
-19.324974
-19.337530
-19.349603
-19.361195
-19.372303
-19.382928
-19.393069
-19.402726
-19.411898
-19.420585
-19.428787
-19.436503
-19.443733
-19.450476
-19.456733
-19.462502
-19.467785
-19.472580
-19.476888
-19.480707
-19.484039
-19.486882
-19.489238
-19.491105
-19.492483
-19.493373
-19.493775
-19.493688
-19.493112
-19.492048
-19.490496
-19.488455
-19.485926
-19.482908
-19.479403
-19.475410
-19.470928
-19.465960
-19.460504
-19.454561
-19.448131
-19.441214
-19.433811
-19.425922
-19.417547
-19.408688
-19.399343
-19.389513
-19.379200
-19.368403
-19.357122
-19.345359
-19.333114
-19.320386
-19.307178
-19.293489
-19.279320
-19.264671
-19.249544
-19.233938
-19.217855
-19.201295
-19.184259
-19.166747
-19.148761
-19.130300
-19.111367
-19.091961
-19.072083
-19.051735
-19.030917
-19.009630
-18.987875
-18.965653
-18.942965
-18.919811
-18.896193
-18.872112
-18.847568
-18.822563
-18.797099
-18.771174
-18.744792
-18.717954
-18.690659
-18.662910
-18.634707
-18.606052
-18.576946
-18.547390
-18.517386
-18.486935
-18.456037
-18.424695
-18.392909
-18.360682
-18.328013
-18.294906
-18.261360
-18.227379
-18.192962
-18.158111
-18.122829
-18.087115
-18.050973
-18.014403
-17.977407
-17.939987
-17.902144
-17.863879
-17.825195
-17.786093
-17.746574
-17.706641
-17.666295
-17.625537
-17.584370
-17.542795
-17.500814
-17.458428
-17.415640
-17.372451
-17.328864
-17.284879
-17.240499
-17.195726
-17.150561
-17.105007
-17.059065
-17.012737
-16.966026
-16.918933
-16.871460
-16.823610
-16.775384
-16.726784
-16.677813
-16.628472
-16.578763
-16.528689
-16.478252
-16.427454
-16.376297
-16.324783
-16.272914
-16.220693
-16.168121
-16.115202
-16.061937
-16.008328
-15.954378
-15.900089
-15.845464
-15.790504
-15.735211
-15.679590
-15.623640
-15.567366
-15.510769
-15.453852
-15.396617
-15.339067
-15.281203
-15.223029
-15.164547
-15.105760
-15.046669
-14.987277
-14.927588
-14.867603
-14.807324
-14.746756
-14.685899
-14.624757
-14.563332
-14.501627
-14.439644
-14.377386
-14.314856
-14.252056
-14.188989
-14.125658
-14.062065
-13.998213
-13.934104
-13.869742
-13.805129
-13.740268
-13.675161
-13.609812
-13.544223
-13.478396
-13.412335
-13.346043
-13.279522
-13.212775
-13.145804
-13.078614
-13.011206
-12.943583
-12.875748
-12.807705
-12.739455
-12.671003
-12.602350
-12.533499
-12.464455
-12.395218
-12.325793
-12.256183
-12.186389
-12.116416
-12.046266
-11.975942
-11.905447
-11.834785
-11.763957
-11.692968
-11.621819
-11.550515
-11.479057
-11.407450
-11.335696
-11.263798
-11.191759
-11.119582
-11.047271
-10.974828
-10.902256
-10.829559
-10.756739
-10.683800
-10.610745
-10.537576
-10.464298
-10.390912
-10.317422
-10.243832
-10.170144
-10.096361
-10.022487
-9.948524
-9.874476
-9.800346
-9.726137
-9.651852
-9.577494
-9.503067
-9.428574
-9.354017
-9.279400
-9.204726
-9.129998
-9.055220
-8.980394
-8.905524
-8.830612
-8.755663
-8.680678
-8.605662
-8.530618
-8.455548
-8.380456
-8.305345
-8.230218
-8.155079
-8.079930
-8.004775
-7.929616
-7.854458
-7.779303
-7.704154
-7.629015
-7.553889
-7.478778
-7.403687
-7.328618
-7.253575
-7.178560
-7.103576
-7.028628
-6.953718
-6.878849
-6.804025
-6.729248
-6.654522
-6.579850
-6.505235
-6.430681
-6.356189
-6.281764
-6.207409
-6.133127
-6.058920
-5.984793
-5.910748
-5.836788
-5.762917
-5.689138
-5.615453
-5.541866
-5.468379
-5.394997
-5.321722
-5.248558
-5.175506
-5.102571
-5.029756
-4.957063
-4.884495
-4.812057
-4.739750
-4.667578
-4.595544
-4.523651
-4.451902
-4.380299
-4.308847
-4.237548
-4.166405
-4.095421
-4.024599
-3.953942
-3.883453
-3.813135
-3.742991
-3.673024
-3.603236
-3.533632
-3.464214
-3.394984
-3.325946
-3.257102
-3.188456
-3.120010
-3.051767
-2.983731
-2.915904
-2.848288
-2.780887
-2.713704
-2.646741
-2.580002
-2.513489
-2.447204
-2.381151
-2.315333
-2.249752
-2.184411
-2.119312
-2.054460
-1.989855
-1.925502
-1.861402
-1.797559
-1.733974
-1.670652
-1.607594
-1.544804
-1.482283
-1.420034
-1.358061
-1.296365
-1.234950
-1.173817
-1.112971
-1.052412
-0.992143
-0.932168
-0.872489
-0.813108
-0.754027
-0.695250
-0.636778
-0.578615
-0.520762
-0.463222
-0.405998
-0.349092
-0.292506
-0.236243
-0.180305
-0.124694
-0.069413
-0.014465
0.040149
0.094427
0.148365
0.201962
0.255216
0.308123
0.360683
0.412892
0.464748
0.516250
0.567395
0.618181
0.668606
0.718667
0.768363
0.817692
0.866650
0.915237
0.963451
1.011288
1.058748
1.105828
1.152526
1.198841
1.244769
1.290310
1.335462
1.380221
