47.53954758
47.55474294
47.55585996
47.57037596
47.59596989
47.60308292
47.59135114
47.60358799
47.62317249
47.62708996
47.62708996
47.62708996
47.63322111
47.66300682
47.6966038
47.73237843
47.76508893
47.80971954
47.88938047
47.98353049
48.0416996
48.08071586
48.12894947
48.19222214
48.23716726
48.26164782
48.26968452
48.27741312
48.30693596
48.32974432
48.33342531
48.32937489
48.31352592
48.312103
48.30392995
48.31536162
48.32009287
48.31687291
48.31635032
48.31992172
48.31287528
48.31854209
48.33169932
48.33591003
48.31490879
48.30528424
48.32873965
48.31725216
48.31025951
48.29954311
48.28309758
48.27063905
48.27194228
48.27066617
48.26248602
48.25007553
48.24007526
48.22925322
48.21165264
48.18882437
48.15799435
48.12609331
48.0739239
48.01235054
47.98365844
47.94373202
47.88216198
47.83035685
47.80650292
47.7928539
47.78031722
47.77490053
47.75865096
47.7315701
47.70449142
47.69131247
47.68238669
47.66690077
47.63175945
47.5717019
47.4968086
47.44687828
47.40685761
47.37889037
47.33060261
47.28145603
47.26325832
47.25789247
47.25252671
47.20960404
47.15595922
47.09923907
47.02548228
46.96152557
46.9301706
46.90432388
46.87329557
46.85937208
46.82612727
46.80548453
46.78581247
46.78359765
46.78359765
46.77387928
46.73131858
46.70950605
46.68283834
46.6574867
46.62203395
46.59865563
46.57374958
46.53622398
46.50062756
46.48634267
46.47183383
46.46575685
46.46048472
46.44466898
46.43650046
46.43887852
46.43599109
46.42099489
46.41213571
46.38132621
46.34835067
46.28424051
46.22190487
46.1602199
46.08897991
46.01730164
45.9598102
45.91080011
45.87918321
45.85315366
45.83802806
45.82297871
45.80193035
45.77992582
45.76726883
45.74569314
45.7065867
45.65180594
45.60415807
45.54439896
45.45407724
45.35855761
45.30951685
45.2259999
45.15736399
45.0805918
45.01639696
44.95857544
44.90665945
44.86030806
44.80574677
44.72307962
44.64709118
44.57761085
44.5118253
44.4474321
44.38899392
44.33420598
44.25952253
44.15999401
44.04063474
43.90148639
43.74619181
43.59240215
43.48712999
43.3720554
43.27190518
43.19778035
43.13859286
43.07441049
42.99148843
42.8753985
42.74336689
42.59056868
42.45369051
42.33742005
42.23186043
42.17696936
42.15472413
42.13694946
42.14692353
42.1938598
42.24719528
42.29494062
42.32102798
42.32064259
42.40225787
42.53927184
42.75134821
42.96400775
43.17678341
43.31595223
43.38983792
43.45718268
43.50641559
43.55204447
43.58814335
43.64492171
43.76463398
44.0159156
44.26618318
44.38336155
44.43434748
44.4534444
44.4811231
44.49866069
44.4820853
44.53793466
44.64625256
44.80166821
44.97151705
45.10309267
45.2307449
45.37315969
45.51279898
45.60972317
45.69733132
45.80107893
45.85961473
45.89387115
45.95730829
46.04662041
46.09697048
46.12298217
46.10725243
46.07202927
46.04315552
46.03654473
45.98894783
45.92379935
45.94323695
45.96545485
45.95301306
45.89879587
45.85726284
45.86262807
45.87192154
45.88929626
45.88357145
45.89006094
45.91590533
45.94704796
45.97541934
46.00079587
46.01246449
46.02115353
46.02739392
46.05037587
46.10738299
46.16602127
46.16204367
46.16123381
46.21104522
46.3154134
46.51038901
46.69200783
46.83645203
46.93736982
47.0586331
47.1428128
47.20720491
47.260026
47.33392359
47.40056228
47.45379667
47.48574194
47.50171588
47.50171588
47.49320084
47.4829974
47.47004516
47.45927974
47.44387394
47.42921148
47.39885128
47.37185782
47.32457536
47.2643593
47.16445911
47.00202456
46.83340422
46.67613738
46.54620981
46.40870922
46.29301555
46.19068982
46.10755362
46.02093436
45.97170889
45.94645176
45.93225829
45.91476256
45.9039686
45.89136512
45.88081265
45.87483415
45.87868855
45.88204838
45.90260091
45.91193254
45.91923408
45.94213303
45.94971939
45.95441031
45.96842354
45.97190149
45.97090451
45.97797449
45.97283682
45.9771189
45.9790638
45.9762567
45.97802695
45.95818923
45.93110517
45.91359944
45.93347179
45.93484446
45.9224207
45.89185189
45.86944075
45.83108006
45.79102615
45.73457531
45.64955611
45.58888933
45.50831076
45.45861143
45.43105148
45.41270554
45.40528413
45.40459392
45.39231194
45.36567282
45.32268529
45.25856733
45.19652631
45.11489334
45.03139107
44.95008236
44.89332348
44.85697341
44.8068509
44.78465425
44.7651686
44.75094182
44.75031047
44.75042587
44.76642757
44.77104231
44.77200799
44.77346322
44.78879768
44.7915194
44.80255187
44.80490777
44.81153323
44.81502929
44.81478501
44.81562169
44.81569593
44.81922134
44.81906401
44.79743977
44.77870368
44.74314619
44.70792497
44.67235169
44.63072544
44.58133953
44.52333276
44.47390755
44.39380993
44.28048235
44.18265895
44.11418275
44.09138735
44.10179049
44.09979323
44.11592226
44.13401632
44.14775943
44.15654104
44.16127615
44.16236936
44.16643681
44.16702589
44.15212248
44.15670409
44.15717495
44.16558081
44.17372437
44.18164499
44.18993449
44.19450131
44.18857548
44.18805043
44.18522051
44.18536756
44.19360031
44.19405089
44.19462353
44.19003614
44.19746058
44.19877428
44.19010634
44.20305644
44.20883486
44.2402334
44.27680877
44.30004443
44.32788979
44.3882882
44.51321015
44.66354074
44.81031075
44.97231669
45.15383512
45.35577988
45.61220601
45.90146672
46.17857598
46.42855823
46.64830513
46.8132817
46.9066453
46.90313211
46.9176632
46.92216302
46.94430633
46.97243107
46.99759746
47.02759945
47.07415499
47.15403121
47.24270183
47.33849811
47.4414852
47.52913601
47.61085358
47.69354635
47.77123166
47.83915184
47.88941983
47.94074306
47.96197256
47.98010055
47.98057156
47.99035952
48.00306483
48.05152841
48.18040887
48.36541449
48.57295319
48.80202291
49.00521172
49.227099
49.43788805
49.64106969
49.84274018
50.06071009
50.26468536
50.42901589
50.53206111
50.60359368
50.71670017
50.85446881
50.9881146
51.10535941
51.21053054
51.29704428
51.36778875
51.41016499
51.43077872
51.43196339
51.44558435
51.48612388
51.5262189
51.54078062
51.59013166
51.69059375
51.81827583
51.90408295
51.96121386
52.00639935
52.04938749
52.09181319
52.14681632
52.2410168
52.33673638
52.38800933
52.41341059
52.43412549
52.43354977
52.43843313
52.45782622
52.47008467
52.48642372
52.5109203
52.54370479
52.58489411
52.63048584
52.68892359
52.74814851
52.80824966
52.86838803
52.91456473
52.96335151
53.01330055
53.04029726
53.07489756
53.10407318
53.12917452
53.15735756
53.18514393
53.22610452
53.2588669
53.27818662
53.29290988
53.2940749
53.30300891
53.30379449
53.30846226
53.30925478
53.31860251
53.32408489
53.33895553
53.35125593
53.3653824
53.38489879
53.4094573
53.43433361
53.4465577
53.44761561
53.45333682
53.49140838
53.53227494
53.57532025
53.62249917
53.6803038
53.70606533
53.70244348
53.69085042
53.67043656
53.6780179
53.71104079
53.74565775
53.77487775
53.8068578
53.82446225
53.83804773
53.83963545
53.8486233
53.86210591
53.86066009
53.86820804
53.86982707
53.87212331
53.89519618
53.92003436
53.94282707
53.97017386
54.00070358
54.0462232
54.10243715
54.1545028
54.20472892
54.24992241
54.30052089
54.3434727
54.37028415
54.40633004
54.45600495
54.48807133
54.52743111
54.56260223
54.62666644
54.69483221
54.75217794
54.81040454
54.88313842
54.95126565
54.99042483
55.03769899
55.0916442
55.14206418
55.17698039
55.19709225
55.22002544
55.24754842
55.27048684
55.29520471
55.33650738
55.38591845
55.42405236
55.48749075
55.54039934
55.56415161
55.58693454
55.64407201
55.69770702
55.73167848
55.75369092
55.78561906
55.83207117
55.87709195
55.93766192
56.0110874
56.06939572
56.11320608
56.16853291
56.21995534
56.26707944
56.29511324
56.32176436
56.34593381
56.35942895
56.38492534
56.4020532
56.40993171
56.42349026
56.4291571
56.43959961
56.45950716
56.49000927
56.52050836
56.54544443
56.58111733
56.63047905
56.69435476
56.74599056
56.81769617
56.88702376
56.95098507
57.01614144
57.07037139
57.12487315
57.16860553
57.20743424
57.24675486
57.27686793
57.3026546
57.32635251
57.35237252
57.38555711
57.43900892
57.50540472
57.58130174
57.64087146
57.68490942
57.73238076
57.79410324
57.85583664
57.88086322
57.92598932
57.98776966
58.05431421
58.11748464
58.16980795
58.22689242
58.25920962
58.29254862
58.32586662
58.37346886
58.41391407
58.44864108
58.4891428
58.56058501
58.66062603
58.7631178
58.85641568
58.97614537
59.10344232
59.23844151
59.33341435
59.40728058
59.47790996
59.50802098
59.50630117
59.50957742
59.50477587
59.50477587
59.48838138
59.45503975
59.39970233
59.37141961
59.35555666
59.32386649
59.29537698
59.28836414
59.28962994
59.28531608
59.2746182
59.27545343
59.28160012
59.30067265
59.34996835
59.38163384
59.39132559
59.42342335
59.45711603
59.46917904
59.46502183
59.48311367
59.50444938
59.52338141
59.54939628
59.59222598
59.63759675
59.66863235
59.70479096
59.75232914
59.7673344
59.77826894
59.78972057
59.79140534
59.79439797
59.79622265
59.80417285
59.80541846
59.79797632
59.80861466
59.82097527
59.8263603
59.81403668
59.80498371
59.69609621
59.52848817
59.36235554
59.1648057
58.99499725
58.87648855
58.76774247
58.71041755
58.60399856
58.44252579
58.26835717
58.09247043
57.90547736
57.73052117
57.58568849
57.51425841
57.47423114
57.43223207
57.42860978
57.44384224
57.46980879
57.48438753
57.48776669
57.50482599
57.51671348
57.51461086
57.50915429
57.5384091
57.55730025
57.56039842
57.56688383
57.59461665
57.61043803
57.62419979
57.67270518
57.7349537
57.79519648
57.86425253
57.91096193
57.93332827
57.97609511
58.02923552
58.0757809
58.1275364
58.1810897
58.21552855
58.23251282
58.24434046
58.28895032
58.31632765
58.33337164
58.35924712
58.38358923
58.40480061
58.43149061
58.46761163
58.49732469
58.52008102
58.53774085
58.55355649
58.57583271
58.57319628
58.58405139
58.58931232
58.59293238
58.58965153
58.58999476
58.59233011
58.58287425
58.58337757
58.58272469
58.59015345
58.5985646
58.59026509
58.56652563
58.53952449
58.52059322
58.50938868
58.5123013
58.4902283
58.46315695
58.45885244
58.46615796
58.46721279
58.4728707
58.47627141
58.48837609
58.50108512
58.49255945
58.4839264
58.47481416
58.45369875
58.42546
58.40985634
58.4127006
58.39750618
58.36704335
58.33234979
58.30870991
58.28256939
58.26485615
58.26539985
58.25864544
58.24787102
58.2505488
58.24964586
58.24791643
58.25009677
58.24675977
58.2408369
58.23384074
58.2346639
58.21982059
58.20744753
58.20079758
58.1911589
58.19100918
58.18154362
58.15770203
58.14237292
58.14042365
58.13983819
58.13372148
58.13362832
58.13014634
58.12701952
58.12017944
58.11931794
58.11822417
58.1203957
58.12144417
58.11651512
58.1173159
58.10773586
58.09952799
58.07633902
58.06043449
58.05612535
58.03457617
57.98364649
57.94588744
57.92871434
57.90434115
57.86549416
57.84017787
57.81481968
57.77216824
57.72865813
57.71828053
57.71139042
57.69634512
57.67640525
57.67640525
57.66923208
57.66205946
57.66305715
57.65861737
57.64701421
57.64506856
57.6477194
57.6423078
57.63515019
57.62441482
57.62083665
57.61825901
57.6146812
57.61110354
57.60237428
57.57878007
57.54137716
57.46813213
57.35490865
57.25318989
57.128431
56.91177124
56.6748661
56.4060459
56.13752405
55.8860238
55.63061076
55.32400615
55.00384977
54.72122007
54.42164811
54.04304819
53.64172934
53.30613352
52.99304816
52.54684841
51.94977012
51.21948085
50.40354284
49.53276731
48.70710294
47.92435892
47.03565321
46.08291077
45.08767697
44.17079099
43.28879742
42.43105109
41.62889861
40.91612786
40.18678967
39.47466804
38.76326968
38.05526376
37.39917664
36.85940804
36.34313833
35.78128893
35.24884028
34.76383351
34.30279529
33.95799143
33.73280655
33.6136168
33.55802045
33.51658891
33.44453377
33.31630518
33.17218672
33.05012012
32.9301561
32.78937404
32.60037906
32.38003281
32.14727114
31.92071609
31.73029368
31.60935964
31.51759593
31.45564289
31.38754027
31.31807827
31.21811952
31.15505349
31.15864168
31.16950137
31.2067612
31.31800503
31.44390926
31.58032313
31.69499251
31.78026782
31.86277034
32.02365843
32.19802029
32.40708846
32.65632707
32.93782488
33.16152772
33.36738827
33.56671013
33.72951613
33.90498799
34.0802215
34.1996426
34.32338254
34.47711664
34.65681518
34.81335638
34.93309176
35.01475589
35.07462687
35.19448504
35.34769355
35.46063297
35.53315606
35.61206268
35.67636845
35.7378044
35.7892791
35.87581827
35.98740527
36.09308925
36.19722638
36.34076244
36.48348499
36.63796809
36.83868293
37.01975785
37.18089216
37.36603819
37.55045119
37.69598092
37.86067371
38.0758062
38.33475178
38.60983545
38.91022584
39.21952343
39.47790728
39.73686948
39.95104803
40.07010525
40.12852829
40.16838575
40.17392985
40.17203072
40.17431193
40.18305817
40.20563852
40.25927062
40.3686856
40.49315647
40.6269373
40.78313973
40.95712482
41.12422697
41.2700092
41.42877205
41.5566317
41.63738961
41.72786892
41.82506483
41.90835566
42.02631791
42.20334784
42.3998798
42.61797983
42.85213983
43.10003774
43.32633641
43.55477677
43.78389283
44.00081779
44.21623072
44.410274
44.57433234
44.71384891
44.82523743
44.94643732
45.07217913
45.18813587
45.26964792
45.34166885
45.43694275
45.56491078
45.71146753
45.85204703
46.03194391
46.1992124
46.38298005
46.55488957
46.721658
46.86152785
47.01223603
47.12213357
47.1735655
47.24951241
47.34653931
47.45977537
47.56091625
47.68632326
47.81701278
47.89735527
47.98798391
48.06022323
48.09315724
48.09665938
48.11319459
48.12307986
48.14905627
48.18357274
48.20198056
48.21330985
48.23504821
48.25245752
48.27053486
48.28692001
48.30238634
48.31361934
48.33534124
48.37164126
48.42021966
48.45918844
48.48424262
48.5054414
48.52449411
48.54132749
48.55997906
48.56449315
48.55936006
48.56079365
48.54802976
48.54492641
48.55023656
48.54971943
48.54513048
48.53737112
48.50348013
48.47629992
48.41890846
48.349198
48.32346035
48.30149928
48.23865846
48.16768028
48.08027467
47.97049377
47.85900618
47.73181374
47.60316687
47.50337847
47.43402048
47.41948098
47.41625407
47.41464123
47.41302882
47.41723428
47.41401096
47.41401096
47.41660597
47.41660597
47.4059359
47.37701443
47.35430887
47.33056131
47.28889189
47.23457956
47.18669251
47.14089479
47.12324493
47.12102039
47.11617425
47.11133187
47.11133187
47.11557622
47.12245254
47.12771883
47.12025746
47.10217095
47.10110784
47.09154667
47.06819904
47.05502607
47.03718269
47.02267041
47.00604631
46.98828335
46.97486579
46.95721385
46.95384813
46.95087021
46.94347023
46.94201932
46.93226338
46.90859253
46.87529137
46.86454629
46.84093746
46.85091722
46.8548199
46.84210294
46.83355483
46.82122108
46.80582523
46.78748304
46.77921877
46.76640516
46.75489882
46.73492922
46.7160499
46.68604561
46.65463094
46.61384799
46.57775617
46.53749879
46.48340634
46.43543907
46.40096803
46.38683733
46.38926549
46.41372113
46.56205855
46.69649967
46.77698281
46.83895319
46.91970093
47.00944425
47.13958539
47.30595375
47.44066174
47.57229672
47.71108921
47.83528873
47.88630657
47.88791292
47.8909313
47.8909313
47.87393542
47.87056883
47.8570729
47.8570729
47.8570729
47.84661563
47.82526313
47.79849923
47.7717804
47.75465831
47.72803751
47.69954295
47.67336246
47.62585505
47.55862015
47.5226667
47.48000343
47.43849891
47.42397807
47.42525544
47.41613652
47.41327252
47.41507793
47.4139053
47.40183591
47.3560008
47.28583954
47.22475432
47.15573395
47.05613266
46.91477097
46.75492142
46.58348509
46.43333776
46.2794625
46.16049721
46.04955907
45.96587747
45.91040639
45.8901737
45.88523501
45.87852902
45.87950379
45.8790426
45.8819324
45.87858642
45.87958289
45.88043946
45.84340338
45.79666029
45.74619881
45.65977468
45.54801776
45.40232867
45.29879113
45.19531469
45.09189973
44.98866356
44.88882061
44.80581292
44.78129971
44.77752961
44.76214407
44.77209235
44.7917853
44.83457054
44.91667939
44.97485585
44.98273516
44.99040408
44.99347476
44.99501077
44.99501077
45.00138067
45.01082541
45.00702868
45.01105243
45.03581515
45.05703401
45.05687233
45.04395699
45.03485298
45.03598866
45.03584361
45.01302004
44.98528609
44.95588083
44.89218722
44.79914049
44.67676016
44.53982104
44.38845981
44.21775845
44.05211121
43.94043883
43.84832179
43.77070211
43.72215423
43.6574118
43.60737529
43.56583323
43.5376107
43.50510207
43.46528104
43.44731375
43.4247312
43.40845706
43.40467558
43.39709119
43.3791756
43.35262
43.30634862
43.27868035
43.24631223
43.23687137
43.27260652
43.35781013
43.56091645
43.76997426
43.96897018
44.15016025
44.28869347
44.35916806
44.40242202
44.51510165
44.69404969
44.85131683
44.97616367
45.08168032
45.16211396
45.266174
45.37948096
45.46297307
45.52210215
45.63407777
45.78616376
45.93062928
46.04122919
46.13849936
46.20396855
46.22423441
46.24005378
46.23483273
46.21605519
46.18831419
46.14581858
46.10244975
46.07871296
46.07849478
46.10215929
46.14132003
46.17151988
46.18288225
46.20484504
46.2446823
46.27593244
46.29640743
46.35350367
46.43951477
46.49408659
46.48376558
46.45973084
46.42172146
46.36769389
46.31604711
46.29401032
46.28714817
46.26773696
46.24386099
46.26795089
46.32454625
46.37174855
46.40981818
46.44384545
46.44543928
46.4362189
46.4273239
46.40651973
46.38658707
46.3443189
46.29356376
46.25626734
46.2334837
46.22732724
46.23545674
46.2460841
46.23192375
46.22643687
46.23582208
46.24709757
46.25406185
46.25184296
46.26208765
46.28807805
46.36753602
46.52393805
46.70273527
46.87989827
47.08501269
47.26093288
47.38281158
47.47502203
47.57257963
47.6483482
47.69285574
47.72453205
47.7585258
47.80786697
47.82833864
47.82833864
47.8581252
47.93723957
47.99354838
48.02426787
48.05900643
48.0814966
48.09264099
48.10067768
48.1096382
48.11429686
48.10638211
48.10383162
48.10049148
48.09738518
48.09839445
48.09523778
48.09090501
48.07814908
48.05098126
48.02095438
47.98530902
47.95012568
47.92535343
47.90324075
47.86944021
47.82814829
47.7786136
47.73938953
47.72539437
47.71487723
47.69335307
47.68055132
47.65882834
47.63656826
47.61381113
47.59163212
47.57481602
47.56309563
47.54993879
47.54868588
47.54779952
47.54758976
47.54802494
47.55073954
47.55065155
47.54947526
47.54957268
47.54881444
47.54506417
47.54352908
47.5420286
47.54533364
47.55752175
47.59397086
47.62653156
47.66827194
47.72075082
47.763122
47.79508011
47.799098
47.80076318
47.80158445
47.82200523
47.82932303
47.84730508
47.85136858
47.88346898
47.89830181
47.89776142
47.90257058
47.90040867
47.90111528
47.90202654
47.89591719
47.90405536
47.90096165
47.90481915
47.90024484
47.89556051
47.90442881
47.9179504
47.9213854
47.91908488
47.91812668
47.92144688
47.92570083
47.95506845
47.97301783
48.00052756
48.01368938
48.02143165
48.03734492
48.03753125
48.05163787
48.04757703
48.05622363
48.05838428
48.07660231
48.0795903
48.07877983
48.07979537
48.07634541
48.07504029
48.08163725
48.08309203
48.10104231
48.09697672
48.10320656
48.12182795
48.13854376
48.15981961
48.19129523
48.22656008
48.26148278
48.29985939
48.3589563
48.42596617
48.48423439
48.54118574
48.60659768
48.65880183
48.70130878
48.74736246
48.7938769
48.83116414
48.84881005
48.86734974
48.86769571
48.86250655
48.85911218
48.85019953
48.84742753
48.84477294
48.8380565
48.82854865
48.81623589
48.79076845
48.7492963
48.68744244
48.65449709
48.63189732
48.60202545
48.57219686
48.57009983
48.57705128
48.60357789
48.61254663
48.60156265
48.6186169
48.67401529
48.72557734
48.76430446
48.79158966
48.82386538
48.86545046
48.90524927
48.91225152
48.91678835
48.90276522
48.9023532
48.9023532
48.9023532
48.9023532
48.90730123
48.92215888
48.92753594
48.9366148
48.95519846
48.98745516
49.04173049
49.10740833
49.20430924
49.28126422
49.36658511
49.49527384
49.63272891
49.72150679
49.77366883
49.7908503
49.80233666
49.79830196
49.80406271
49.81903164
49.84264374
49.86123729
49.88331361
49.91131068
49.93207756
49.95236002
49.97609632
50.00127273
50.02933635
50.06697204
50.09702771
50.13601815
50.17534113
50.21030983
50.24241059
50.26368842
50.28426447
50.31352025
50.33630501
50.3677308
50.40610407
50.44795238
50.50550876
50.55163429
50.57589209
50.5802246
50.57745266
50.574681
50.57943247
50.58062479
50.59608436
50.59574058
50.61938739
50.65788864
50.71401482
50.77179395
50.8382248
50.94147572
51.06516639
51.17227716
51.27047804
51.36971687
51.46725412
51.54101972
51.59357964
51.64158766
51.67590213
51.68366277
51.6935359
51.70065304
51.71036336
51.72201465
51.73335908
51.75155645
51.78124857
51.81431605
51.86718898
51.92620449
51.97946738
52.04513972
52.1320878
52.23907474
52.35149208
52.42741574
52.48642464
52.50365417
52.50857921
52.52339547
52.52958722
52.52958722
52.52712002
52.51972016
52.50985769
52.5073928
52.49753609
52.48029793
52.46307389
52.42485104
52.29275937
52.11736119
51.93449504
51.74835536
51.55743675
51.35589478
51.15069538
50.92410022
50.69548128
50.48446734
50.30413459
50.17434638
50.0821866
50.00946914
50.02036669
50.01691122
50.02507221
50.0626599
50.10538049
50.11930767
50.11930767
50.11485928
50.11263558
50.11777856
50.13251116
50.13987742
50.13987742
50.1471452
50.14346767
50.14202827
50.13239718
50.09834482
50.05150636
50.06020479
50.1015236
50.18365323
50.35943501
50.58223271
50.82081621
51.05207582
51.26495255
51.4208007
51.52103619
51.55289838
51.57285341
51.59801257
51.62466659
51.63148128
51.64200667
51.64283751
51.64888095
51.65730894
51.65403232
51.65515122
51.65784446
51.66367568
51.67632658
51.7012169
51.69739234
51.70383488
51.71732018
51.72088529
51.72806544
51.74457605
51.75590054
51.75259672
51.76172099
51.77718284
51.78639935
51.80137501
51.81331421
51.83632408
51.83703568
51.7886493
51.60272591
51.31106198
51.03625029
50.7742099
50.6458142
50.60436341
50.5838574
50.57472875
50.54422679
50.50904056
50.39532372
50.2510591
50.16051215
50.12334144
50.10668217
50.09190089
50.07502851
50.07344148
50.06635468
50.05719105
50.05857117
50.07468453
50.06603909
50.08296117
50.11955155
50.13564381
50.1354146
50.15203296
50.15788835
50.15882274
50.15658357
50.16544293
50.18774831
50.19302492
50.19302492
50.19302492
50.19302492
50.19302492
50.18774831
50.18774831
50.18774831
50.18774831
50.18163946
50.17732354
50.18032537
50.19088147
50.23432773
50.35526746
50.50396869
50.60308921
50.62462003
50.62403385
50.60877387
50.53655259
50.40062355
50.28452216
50.25311403
50.26534374
50.29770218
50.34292975
50.38708545
50.39255926
50.36663508
50.29954793
50.21347651
50.11149584
50.01765775
49.93414202
49.8567557
49.7986848
49.76127379
49.74398339
49.73136274
49.72956128
49.72956128
49.71879514
49.70264649
49.70264649
49.69185811
49.68647487
49.67570861
49.65415399
49.63618326
49.6146306
49.57302113
49.50297646
49.46769576
49.44622123
49.40149196
49.32630636
49.29080627
49.24600749
49.19302965
49.13780732
49.09721952
49.07200287
49.03637377
48.96597916
48.93842788
48.93645177
48.92551175
48.9147605
48.89863425
48.87175883
48.85025999
48.82338832
48.764278
48.69044503
48.63672382
48.61523771
48.58978899
48.56082275
48.54839598
48.53067644
48.50240606
48.45457067
48.43000635
48.41236571
48.36038276
48.28497528
48.22035379
48.17376728
48.12028087
48.10626449
48.08541151
48.07088945
48.06914296
48.06107188
48.04318495
48.02541236
48.01129444
48.0095509
47.9787001
47.92142096
47.89112454
47.89112454
47.84215699
47.80414232
47.79525887
47.78811758
47.74430335
47.66745872
47.55547134
47.44895583
47.37932446
47.29219849
47.01485663
46.56419751
46.05274368
45.47958227
44.8061202
44.10882137
43.40214602
42.65542979
41.85573909
41.04855128
40.27316878
39.47204389
38.626557
37.82985796
37.07325457
36.31560284
35.50103057
34.73050768
34.14804845
33.72255424
33.4336444
33.33818287
33.39140527
33.62524575
33.90273399
34.11410935
34.30606372
34.5126752
34.71989548
34.91446741
35.07921042
35.24765667
35.39924263
35.56136616
35.66971936
35.68919753
35.68484498
35.69158005
35.69552827
35.69761626
35.69761626
35.70987085
35.74036622
35.75795681
35.81836778
35.90802691
35.97160234
35.95075345
35.95173867
35.96136874
36.03919766
36.09305256
36.18878334
36.31260033
36.46524427
36.62627301
36.82133107
37.01717952
37.20967373
37.41133159
37.59364798
37.76935389
37.93988475
38.12341871
38.31530848
38.490756
38.66039173
38.83270908
39.01035816
39.15155109
39.23954459
39.33080191
39.42054948
39.48925596
39.53014229
39.58033963
39.61785492
39.64734506
39.67892219
39.74489609
39.8485648
39.94442974
40.0410992
40.14425706
40.26709772
40.34825353
40.44147065
40.55000155
40.66623669
40.78336936
40.89064849
40.96953295
41.02735177
41.07915843
41.11564717
41.15099057
41.18699023
41.20818794
41.21228089
41.22071364
41.24011528
41.24879348
41.29424281
41.38519652
41.53250603
41.65180217
41.78839783
41.91259131
41.99387289
42.05685795
42.15783741
42.27847007
42.43156579
42.60189351
42.79500087
42.99874694
43.19571455
43.38684241
43.58190175
43.80554817
44.01755706
44.21909049
44.37925749
44.56161141
44.77877131
45.00200487
45.19010176
45.35800371
45.54789476
45.71284471
45.83265973
45.91762517
45.99085356
46.05229396
46.07119636
46.0910406
46.16615608
46.2483679
46.33482813
46.42648926
46.50677291
46.56722242
46.63290594
46.68620083
46.73649004
46.80686407
46.8659012
46.90809226
46.94607948
46.98654615
47.01919985
47.00866416
47.00632064
47.00561734
47.00422539
46.99209039
46.98602645
46.9851199
46.9822377
46.9795284
46.9611672
46.93775117
46.9038446
46.89198566
46.88104309
46.87394287
46.88370356
46.86512584
46.84278316
46.82178787
46.81292553
46.79961505
46.76287461
46.71672334
46.68689028
46.66663391
46.66592415
46.66398789
46.66448836
46.66916308
46.6624689
46.66087116
46.65036555
46.63274136
46.61369962
46.59295875
46.59313645
46.5845763
46.58554758
46.58733529
46.58502618
46.58255805
46.57576889
46.54426775
46.50182628
46.46875575
46.41925763
46.37332625
46.32968381
46.27217919
46.26346736
46.24525209
46.21519892
46.1769616
46.12872394
46.1068962
46.10329956
46.08967317
46.07060522
46.05250578
46.02990964
46.00030316
45.94941586
45.8985945
45.83339525
45.78262256
45.75065122
45.7792427
45.84848067
45.86218417
45.86034201
45.86034201
45.86499615
45.87380075
45.87330139
45.91056191
46.01380497
46.11535177
46.16141652
46.2106545
46.23984397
46.19929133
46.14550883
46.09994742
46.06130283
46.0230287
45.99568149
45.98106199
45.98573625
46.00000273
46.00475852
46.00181689
45.9959363
45.99079789
45.97422243
45.95843879
45.92735697
45.89064686
45.84858409
45.79831415
45.75035324
45.70387434
45.66259812
45.61108261
45.56970337
45.53890491
45.53143078
45.52959995
45.52588025
45.52596785
45.53749655
45.53203694
45.51358929
45.48668083
45.45707089
45.43333969
45.42685539
45.42442814
45.41226843
45.38523536
45.35822162
45.31871965
45.30683368
45.33385471
45.3748723
45.43159027
45.47064397
45.50482347
45.54784171
45.58238201
45.61650797
45.64735684
45.67499435
45.69660743
45.67143815
45.63658066
45.60088433
45.57090062
45.54443471
45.51761281
45.50637
45.49606981
45.46868496
45.43674358
45.41557844
45.39788009
45.37287045
45.34133459
45.31312509
45.30016284
45.3200893
45.32606921
45.3562264
45.47249361
45.61763694
45.73087549
45.83357903
45.92716337
46.01107228
46.06853785
46.09250223
46.13370001
46.18208175
46.24028976
46.30005752
46.35692075
46.41532612
46.48469546
46.59321484
46.69185324
46.76130989
46.82735079
46.89390904
46.93675583
46.97868106
47.00085845
47.02763554
47.02854621
47.03418584
47.03652618
47.03330129
47.01126592
46.99712197
46.99073785
46.97996618
46.98000453
46.96035204
46.91232835
46.87091906
46.85157627
46.8341412
46.7989611
46.77971897
46.7539602
46.74757264
46.7390948
46.74116586
46.73323746
46.7367768
46.73831212
46.73808285
46.7457787
46.74616332
46.74671736
46.75681578
46.75944265
46.75723161
46.76279489
46.8092007
46.86878811
46.94041277
47.01522509
47.08110141
47.09651786
47.09519938
47.09286827
47.10335332
47.10916011
47.12922617
47.14578723
47.1679585
47.20613664
47.24043081
47.24477127
47.24249412
47.25179725
47.25820416
47.26441212
47.27311759
47.28578027
47.31151064
47.337984
47.38296764
47.45305445
47.51608192
47.5579803
47.5949782
47.65183415
47.71485554
47.76407709
47.81650908
47.88061309
47.92941113
47.95853711
47.97641918
48.00986512
48.03886094
48.07401252
48.10971755
48.14769222
48.18396177
48.22194685
48.25881939
48.29730002
48.3381277
48.36778541
48.38891883
48.41029716
48.42302232
48.42703309
48.44471611
48.44461304
48.44456317
48.43110612
48.41576288
48.41199044
48.4063386
48.38797564
48.38631681
48.39359279
48.40693707
48.42488216
48.45199015
48.49021932
48.52816388
48.57463879
48.61369923
48.64275939
48.66767025
48.68431586
48.70480554
48.7186596
48.75599523
48.78193527
48.8194318
48.86357823
48.90371904
48.94903427
48.99008719
49.02262852
49.07349326
49.12090014
49.17418742
49.2326139
49.29717459
49.35875539
49.42510405
49.4998622
49.57302007
49.62808245
49.69994457
49.76521969
49.82210384
49.86774592
49.89579156
49.90160405
49.90431304
49.90791021
49.91006968
49.91179811
49.92376527
49.92653279
49.94173799
49.96314021
50.01396294
50.10103752
50.19502575
50.28191083
50.37428988
50.48227243
50.56463166
50.60197148
50.6359809
50.65010772
50.6673636
50.71120794
50.74382287
50.75722025
50.76834179
50.8020566
50.84784882
50.8959322
50.93917266
50.98471397
51.02867813
51.08784799
51.16064333
51.21829646
51.27612703
51.36470626
51.42201743
51.45191854
51.48054828
51.511167
51.53718083
51.56016455
51.58063263
51.58874325
51.58558479
51.58307247
51.59466682
51.60465216
51.60320254
51.57799785
51.5494445
51.51613728
51.45841045
51.38388757
51.34028388
51.29246079
51.22751052
51.16429906
51.11985907
51.08952671
51.07385623
51.06630853
51.05114044
51.03258328
51.04268092
51.04258761
51.05170983
51.06297326
51.07283178
51.08060774
51.07641827
51.05320339
51.03708551
51.00974844
50.96989656
50.92757217
50.89831164
50.84784576
50.79075774
50.7482388
50.7001035
50.67070744
50.61598399
50.55574814
50.51167547
50.47440843
50.47706737
50.48115694
50.48115694
50.48115694
50.48115694
50.48115694
50.48115694
50.48115694
50.47920233
50.47529418
50.46553002
50.45791669
50.45051771
50.4371088
50.41381698
50.37779847
50.34305685
50.30075287
50.24334669
50.18564256
50.15329198
50.13290122
50.12116884
50.12130802
50.11106355
50.1041348
50.09906729
50.09906729
50.09906729
50.08893256
50.08800234
50.0626699
50.03733991
50.01615608
50.00602663
49.98337462
49.95834214
49.92268481
49.88471702
49.84128091
49.79935026
49.75248005
49.71591435
49.69040751
49.632091
49.56111551
49.50462012
49.47763104
49.44293397
49.40042274
49.37769061
49.32646455
49.24453395
49.12350711
48.96088551
48.75699953
48.4144275
47.98858011
47.41609357
46.66056497
45.79487335
44.90857302
44.01372704
43.10709142
42.08728176
40.90039976
39.59599912
38.22573143
36.85873725
35.51338953
33.98871767
32.41802581
30.97406281
29.8095465
47.93262575
