45.20019617
45.18657017
45.16308038
45.12717491
45.09068863
45.07732701
45.07182543
45.05822563
45.03359753
45.01625843
45.01352836
45.01629798
45.01580312
45.00567511
45.00485391
45.0088343
45.00888965
45.00565518
45.0114171
45.00135165
45.01016584
45.0145844
45.01325904
45.02148724
45.02219838
45.03882846
45.06272675
45.11687566
45.17615419
45.20229236
45.23299575
45.26919241
45.3078624
45.32727992
45.32767398
45.32085143
45.32794158
45.32580557
45.33787294
45.35248082
45.38499464
45.41624272
45.4491025
45.45929136
45.44148028
45.43696352
45.44385259
45.44777865
45.44158157
45.43787848
45.4459974
45.44878776
45.44038828
45.43271759
45.4387064
45.43141492
45.42559401
45.42414111
45.4234448
45.42428641
45.4274092
45.42076919
45.42057901
45.40259795
45.39127088
45.37798118
45.38725722
45.38548971
45.40120697
45.40792343
45.4113094
45.4087639
45.41218
45.41647608
45.41157927
45.4085855
45.39130716
45.37181763
45.34416112
45.33153017
45.31129385
45.29479749
45.27988206
45.26513853
45.27991179
45.28731623
45.32490081
45.40104207
45.48550204
45.56459589
45.62504721
45.67103364
45.70158286
45.69653831
45.68404172
45.67240272
45.6671202
45.67195054
45.6857193
45.70079497
45.73027892
45.77929974
45.8138498
45.82497543
45.82606316
45.82001214
45.80807963
45.80680177
45.81887126
45.85404216
45.88020641
45.92564835
45.9703834
45.98688009
45.98420463
45.97760693
45.98753745
46.01007807
46.02740935
46.07746149
46.13452204
46.18374004
46.24371863
46.30178628
46.35578498
46.39017564
46.40698232
46.43039164
46.43222004
46.44988644
46.48362799
46.53648474
46.59506024
46.65092211
46.70052676
46.70607867
46.71839163
46.72329564
46.71829491
46.70754025
46.70810177
46.71788241
46.72736218
46.74031382
46.75346125
46.78244973
46.79341755
46.78766291
46.80191134
46.81136414
46.84220938
46.89465063
46.96095573
47.01028083
47.04477311
47.08854904
47.11534477
47.14866689
47.17958199
47.19758127
47.21689035
47.26238742
47.31912745
47.37946765
47.42197545
47.45805509
47.48074797
47.5071372
47.51447987
47.52943181
47.54908837
47.57953345
47.62456194
47.6855996
47.77215357
47.85838349
47.94656537
48.03544299
48.13324553
48.22298139
48.31283693
48.37630432
48.42053531
48.43540705
48.43540705
48.43540705
48.42717388
48.41569766
48.4269489
48.43816732
48.48936547
48.55418032
48.61387383
48.69395921
48.75994399
48.8133813
48.84740829
48.8627189
48.86527167
48.86870534
48.88147262
48.90790322
48.93589082
48.97508639
49.01607111
49.06494924
49.12701512
49.1834887
49.24539944
49.30896638
49.36194269
49.4239403
49.4666175
49.4903859
49.49447154
49.50810442
49.53879033
49.55823875
49.58876095
49.61006689
49.62718973
49.6384761
49.63440232
49.63463341
49.62478948
49.62249484
49.63203367
49.64573712
49.64582365
49.64343749
49.64629526
49.65329922
49.66222801
49.65361292
49.65572255
49.65389817
49.64396209
49.64332259
49.66016978
49.6739315
49.68799071
49.69487851
49.70176712
49.703609
49.70146085
49.69800464
49.69218616
49.69331183
49.70374209
49.70304828
49.70534063
49.70596644
49.71120511
49.73049615
49.74134025
49.75355396
49.77531257
49.79925387
49.82258833
49.86689824
49.90471883
49.90718053
49.9133724
49.91018263
49.91274976
49.90626723
49.89351506
49.88429256
49.86749054
49.84394298
49.807656
49.79995014
49.81406635
49.85267784
49.92970639
50.01584578
50.1073171
50.20891479
50.317723
50.43415465
50.52302882
50.58978421
50.62510916
50.63877996
50.64787215
50.65131587
50.65475978
50.65352564
50.64515226
50.639583
50.65600159
50.70603531
50.81126308
50.94556962
51.07396268
51.1679839
51.24888114
51.2739282
51.25318109
51.24369578
51.27229026
51.31208945
51.34538958
51.34889231
51.33281843
51.32168324
51.29625964
51.25550381
51.20996639
51.20109435
51.21546484
51.25821225
51.28277485
51.27406396
51.26512845
51.26034826
51.26151023
51.25921503
51.25743923
51.27579762
51.27981787
51.28614124
51.30490231
51.30267038
51.28415343
51.26911399
51.26888033
51.31992501
51.382664
51.45846715
51.51219741
51.52604878
51.52329859
51.51146466
51.5119743
51.51637716
51.51116392
51.53830058
51.57250806
51.58382859
51.57749886
51.56733544
51.56797037
51.55959546
51.57768039
51.61127619
51.67394945
51.74083228
51.77888952
51.78585345
51.78906468
51.80782923
51.84271118
51.88416497
51.94398826
51.9864128
52.01845124
52.06722829
52.09684772
52.11664781
52.12632878
52.1371326
52.1471998
52.16283463
52.19110186
52.19612108
52.19903263
52.18942991
52.2037059
52.21038559
52.20582965
52.19528883
52.1840688
52.15760396
52.14395302
52.12422329
52.09419553
52.05850149
52.04184681
52.02121982
52.03182575
52.05530389
52.0718481
52.08851525
52.10530528
52.10640392
52.08449755
52.05369175
52.02208011
52.00636695
52.01787061
52.02440663
52.03967418
52.05130929
52.04725122
52.01695567
51.95517252
51.89231453
51.84053048
51.81812152
51.81220817
51.8051961
51.81408906
51.83106214
51.84463649
51.86022961
51.84868485
51.83526878
51.81891797
51.78142958
51.75715461
51.7365393
51.72012392
51.71920426
51.70293056
51.66779891
51.61258894
51.5599586
51.52285782
51.52400828
51.52772586
51.53280121
51.54970767
51.56832321
51.57533289
51.57749697
51.595419
51.63042623
51.66507171
51.69829365
51.71180126
51.73030077
51.73670549
51.7439824
51.7315856
51.70037866
51.67765924
51.67198178
51.67628239
51.68319237
51.70491877
51.72696046
51.7464877
51.75477099
51.76414664
51.74586217
51.71168668
51.66845285
51.65257223
51.63046174
51.6112724
51.6087631
51.61168339
51.61757721
51.60977116
51.60427111
51.57470716
51.54636437
51.52845567
51.513973
51.49416079
51.48399272
51.46578629
51.42241121
51.36348974
51.2894301
51.21777856
51.16812506
51.12359594
51.07784886
51.05094212
51.01298082
50.98050486
50.97074421
50.97522938
50.99077749
50.99604117
51.02851564
51.04046825
51.04259508
51.02779032
50.99213758
50.90777761
50.82003884
50.73586782
50.67036252
50.60727982
50.55793231
50.51743075
50.43392449
50.3406727
50.22691614
50.10752049
50.01689167
49.93757943
49.8575179
49.77989048
49.71855998
49.66848833
49.63897064
49.62309812
49.61630025
49.61176988
49.61530157
49.60851127
49.60752582
49.6181652
49.62610586
49.62377249
49.61475413
49.60193515
49.58094194
49.5596772
49.54541116
49.53365748
49.52873816
49.506189
49.4640762
49.40393278
49.34002988
49.26147075
49.19501331
49.16134096
49.14579859
49.14136077
49.1536172
49.15770298
49.15326786
49.13963061
49.11832823
49.09294102
49.06499739
49.02308209
48.96210089
48.89450507
48.82612355
48.75003031
48.64290402
48.5235091
48.37522886
48.21837133
48.08290784
48.01688243
48.01271463
48.04809612
48.10902149
48.15545412
48.18102049
48.16266956
48.10098259
48.05917989
48.03501361
48.02015455
47.98773602
47.93497202
47.83078268
47.62624523
47.30513381
46.95942257
46.61056634
46.31568762
46.09529201
45.93611626
45.80794232
45.66566402
45.49051711
45.27474622
45.07696971
44.88357648
44.66902616
44.33975449
43.86968796
43.33352547
42.75845265
42.14291219
41.4709448
40.78311617
40.10528286
39.49820261
38.98951279
38.57477341
38.24091041
37.98909663
37.85076541
37.81282025
37.82253505
37.8891148
38.05878705
38.29607056
38.59095745
38.98510366
39.4518336
39.90838209
40.3761627
40.80828561
41.1324836
41.3808516
41.54324555
41.64623424
41.67618834
41.69497216
41.68812064
41.70454581
41.72785438
41.76037929
41.82583214
41.93384404
42.04239195
42.16299944
42.28104668
42.39380189
42.53745693
42.65339615
42.77653325
42.86915379
42.95883735
43.03868962
43.13035587
43.23841769
43.35248071
43.4998212
43.67799435
43.86939282
44.0630863
44.23275691
44.36624925
44.49787496
44.61692035
44.71458932
44.78214346
44.82487891
44.86123569
44.90897592
44.96321785
45.0472794
45.19886729
45.3913368
45.57654728
45.72950654
45.84363219
45.92944729
45.98137448
46.0054077
46.0054077
45.9964129
46.00091022
46.02524283
46.05605236
46.08238864
46.12487137
46.16614064
46.20895305
46.22659148
46.22191145
46.22458852
46.21934173
46.20378856
46.19363495
46.15687982
46.12727059
46.12228194
46.12531345
46.12770763
46.12770763
46.14841689
46.19027353
46.23750537
46.29752159
46.34780473
46.38461816
46.38343239
46.36865443
46.36003965
46.35782594
46.35339957
46.36521771
46.35711112
46.358905
46.36818775
46.38638843
46.41567173
46.41548261
46.41976159
46.42881248
46.43697399
46.44474158
46.45495675
46.46722836
46.46369174
46.4556387
46.45175615
46.44671508
46.45012909
46.45799256
46.44728632
46.44532594
46.45802346
46.45022645
46.43901467
46.44898322
46.45095274
46.46390661
46.47383338
46.47427584
46.46189136
46.45434213
46.43337266
46.42100514
46.38451546
46.34382489
46.29722373
46.25008192
46.23020527
46.22485765
46.20710702
46.20036199
46.18416717
46.16850405
46.14880902
46.13473853
46.1222009
46.12258081
46.12537609
46.12110984
46.11833264
46.09864971
46.0940208
46.10165364
46.12286161
46.17859419
46.24641024
46.30918162
46.32518541
46.32939368
46.33623621
46.32914336
46.33065494
46.33503077
46.33940798
46.34754627
46.34973505
46.35125722
46.36089476
46.38724457
46.41144212
46.44009287
46.45713735
46.47261422
46.47482657
46.47703927
46.4836794
46.48382275
46.48679584
46.48010816
46.49646225
46.5069943
46.52387832
46.54951843
46.57348088
46.58671027
46.58959083
46.59294883
46.59271604
46.58362382
46.58695159
46.58950912
46.61366212
46.67065877
46.67637907
46.66659585
46.6544215
46.6536939
46.67291142
46.69228868
46.72519637
46.78636439
46.8297752
46.84723873
46.853576
46.85231103
46.84859599
46.85569681
46.87827571
46.92645466
46.98315575
47.04729427
47.09628709
47.12612569
47.13026615
47.13108277
47.13657064
47.13588168
47.1367078
47.1367078
47.14138243
47.13769385
47.13506028
47.16127679
47.20324042
47.25193438
47.34281033
47.44902793
47.55651257
47.65143087
47.71177243
47.74521078
47.75624826
47.75494586
47.75494586
47.75494586
47.75737161
47.75607053
47.7706344
47.79736372
47.83143678
47.85536762
47.86184135
47.86083098
47.85987837
47.87706185
47.89391947
47.92299489
47.96430696
48.01336543
48.06270641
48.10242539
48.13357617
48.16379628
48.20674803
48.239645
48.26498432
48.29035312
48.30189496
48.31858922
48.34151165
48.36562696
48.39754142
48.42057811
48.43745124
48.46057932
48.49457547
48.52328836
48.56192712
48.57588097
48.58512641
48.58981376
48.60593335
48.60014129
48.58978702
48.58935507
48.6125504
48.64234536
48.67302632
48.71085363
48.72365316
48.72182137
48.73076746
48.74539997
48.76388687
48.78356077
48.79881794
48.81949481
48.84607463
48.85648748
48.85579693
48.83233921
48.82578361
48.85112278
48.89051377
48.94040079
49.00812395
49.03486598
49.05563927
49.0730744
49.10018645
49.1545834
49.20789841
49.25882157
49.30120102
49.31913938
49.32032409
49.31904131
49.32341589
49.32458745
49.33627469
49.34813723
49.37140956
49.40401731
49.4391695
49.46377216
49.48562798
49.5067589
49.52270738
49.54572881
49.57733116
49.62200575
49.6617317
49.70593338
49.72888648
49.7331729
49.73364836
49.74707574
49.77152478
49.80586468
49.82827468
49.82842118
49.82666977
49.82954031
49.82954031
49.8222656
49.81984002
49.82312612
49.82923004
49.85225402
49.88099535
49.90854647
49.95592163
50.00188755
50.04116286
50.07521331
50.09661848
50.12670531
50.17887295
50.23963141
50.2989423
50.31027228
50.31619439
50.30307572
50.30307572
50.30914479
50.30315716
50.30242169
50.28850063
50.27386333
50.26175705
50.24217059
50.21632655
50.18783657
50.16631742
50.15644336
50.15979734
50.15947755
50.14040362
50.14026313
50.16506802
50.22381732
50.25798163
50.30876012
50.34047951
50.34811344
50.32903618
50.29990061
50.2838398
50.29518199
50.31121711
50.31417359
50.33108681
50.34663011
50.36228348
50.36204504
50.35366952
50.32768875
50.32935938
50.33517331
50.33940898
50.34471419
50.34616036
50.34590147
50.34945435
50.34129398
50.33909033
50.32269097
50.30785243
50.30616129
50.31129004
50.31792576
50.34544648
50.35863548
50.36805282
50.37736437
50.39587639
50.44037616
50.49996303
50.56584709
50.66377409
50.72706229
50.76439774
50.75556134
50.76163285
50.77704943
50.80397666
50.83006849
50.87556405
50.9126305
50.93696566
50.93232899
50.93232899
50.91865054
50.93880588
50.95790175
50.96767465
50.95997627
50.95166201
50.95157156
50.9480065
50.941453
50.92869408
50.90914353
50.86509921
50.84253362
50.83972382
50.83395979
50.84435068
50.84265565
50.84348449
50.83294298
50.79682586
50.75331914
50.72174184
50.69869317
50.6905007
50.69898391
50.71857174
50.72296378
50.71511152
50.70727511
50.70728717
50.70993062
50.69705923
50.68572871
50.65645332
50.64806654
50.6236385
50.60485755
50.5818766
50.57742429
50.57037066
50.5355719
50.47293256
50.39914809
50.33830209
50.30995841
50.27152493
50.23618889
50.20002267
50.18118069
50.15945172
50.1254864
50.09323996
50.06463799
50.03964577
50.02419799
50.00372294
50.0090611
49.99059786
49.96698105
49.92602694
49.89730988
49.8664613
49.82699394
49.78586426
49.74369006
49.70389874
49.67408819
49.65865424
49.63718846
49.60198798
49.55878668
49.48861527
49.4202194
49.35051105
49.3348227
49.34659906
49.35543374
49.34946719
49.32842326
49.30259729
49.2732606
49.23624772
49.19456181
49.13955499
49.08320148
49.03659747
48.99417279
48.95645511
48.92442141
48.91078696
48.90996194
48.90918316
48.890552
48.86343387
48.83046024
48.81166969
48.8070442
48.80720556
48.81279139
48.8170755
48.8170755
48.81279139
48.81299611
48.80598586
48.78909505
48.77892041
48.77338453
48.72767676
48.63030807
48.50045327
48.36866312
48.23798111
48.12499235
48.0506403
48.02054556
48.01365075
48.00751532
48.00822572
48.00627316
48.01992799
48.0113378
48.00727787
47.99913265
47.99557457
47.99207728
47.98807671
47.97503039
47.89247175
47.66446984
47.28017907
46.78938196
46.3077708
45.89726497
45.5954223
45.39719354
45.24696187
45.05815804
44.8217323
44.51037231
44.10403819
46.0338714
