-3.043156846
-3.323685742
-3.58009583
-3.7882691
-3.912998196
-4.00262857
-4.032280372
-3.948150097
-3.746879619
-3.631917349
-3.640139451
-3.747550903
-3.874046536
-4.033971919
-4.223370257
-4.432541534
-4.657195445
-4.833162592
-4.939227693
-4.981281748
-5.009298419
-4.973109289
-4.839830116
-4.657232575
-4.485123572
-4.335888526
-4.225435631
-4.133334651
-4.096872531
-4.187284199
-4.435284568
-4.725041168
-5.054755517
-5.42847809
-5.845110131
-6.237276765
-6.54418707
-6.734451122
-6.793209626
-6.790543298
-6.766116737
-6.805338623
-6.901117236
-6.976125207
-7.029043944
-7.070324181
-7.105824012
-7.166707267
-7.249569613
-7.382501261
-7.602846117
-7.883780142
-8.227608745
-8.617550446
-9.049563885
-9.473874267
-9.910017649
-10.34531703
-10.75399262
-11.11998446
-11.44678752
-11.72694813
-11.92426239
-12.10680383
-12.25843315
-12.33437914
-12.34682541
-12.35307298
-12.39926146
-12.44181784
-12.48195704
-12.55477383
-12.69876351
-12.86136628
-13.0724957
-13.32622535
-13.5586292
-13.74082047
-13.85773003
-13.96701064
-14.06739294
-14.14175894
-14.16436967
-14.17721535
-14.18748694
-14.19400478
-14.20179352
-14.18012127
-14.14851633
-14.09944834
-14.08348573
-14.1444125
-14.26741389
-14.41297166
-14.57935728
-14.75319771
-14.89701194
-14.9384599
-14.92359855
-14.88607406
-14.86191451
-14.83753681
-14.80164296
-14.78105774
-14.76035939
-14.69913953
-14.62010214
-14.54969382
-14.45791242
-14.33996298
-14.16990408
-13.97203313
-13.74994234
-13.57411054
-13.4339878
-13.37592338
-13.36079533
-13.36310976
-13.37567828
-13.36557627
-13.35683387
-13.39532104
-13.46328996
-13.54992289
-13.67455469
-13.8175602
-13.96926837
-14.1180532
-14.27281389
-14.42299222
-14.52948404
-14.58989243
-14.62817828
-14.62641994
-14.6182638
-14.6275084
-14.63815446
-14.62621969
-14.6031776
-14.54615522
-14.45777935
-14.3472874
-14.2273713
-14.10142731
-13.97281492
-13.78495215
-13.58213118
-13.34881412
-13.06909474
-12.77857189
-12.51561748
-12.27806595
-12.07230177
-11.89021664
-11.74999891
-11.63386653
-11.53679629
-11.45667047
-11.37632054
-11.30113353
-11.22050693
-11.13251808
-11.05612315
-10.9732845
-10.87766054
-10.75029747
-10.61242323
-10.48059129
-10.34795106
-10.19154066
-10.00380834
-9.826600091
-9.656201362
-9.501763488
-9.33694609
-9.130599126
-8.944068403
-8.776552353
-8.624923318
-8.438367556
-8.282962846
-8.192839111
-8.13815032
-8.106655483
-8.070769284
-8.033322529
-7.921562198
-7.780616355
-7.654003308
-7.543697595
-7.383256775
-7.140704028
-6.841557096
-6.529990459
-6.222032281
-5.905954516
-5.566791492
-5.209117352
-4.815047563
-4.433126096
-4.071297925
-3.76185369
-3.531765631
-3.370367607
-3.226011235
-3.090908734
-2.947795867
-2.8926259
-2.885647281
-2.8794829
-2.859511854
-2.769565186
-2.641730463
-2.526299775
-2.420968351
-2.324746132
-2.22719441
-2.111703173
-1.95417078
-1.766226456
-1.562524544
-1.349173597
-1.105391677
-0.822073032
-0.50385356
-0.132674798
0.267547817
0.652477377
0.977653934
1.32397858
1.740123767
2.214301063
2.686188526
3.111594008
3.475574475
3.796824242
4.0470112
4.22730441
4.368680977
4.483080747
4.577382549
4.694670929
4.836216647
4.994171923
5.179176989
5.417912235
5.675625562
5.966038964
6.269346219
6.568152793
6.861864594
7.126262669
7.348114846
7.509865093
7.605672618
7.663436169
7.694201053
7.723879448
7.754966525
7.793575016
7.846176651
7.941301778
8.038741757
8.156024025
8.288127029
8.383371946
8.485917704
8.598957925
8.705945839
8.781121954
8.835341342
8.879625978
8.925522732
9.012784977
9.12996241
9.237701648
9.328625779
9.430049777
9.557270208
9.671648439
9.738455462
9.769272522
9.790562523
9.827541772
9.91354609
10.05566152
10.24498925
10.45494532
10.63437865
10.79520493
10.95405722
11.10818415
11.21329938
11.23503559
11.16720214
11.09720626
11.06416941
11.05624308
11.06080883
11.06173197
11.05676701
11.07494511
11.11034794
11.12590732
11.14223435
11.17329342
11.15667848
11.10306935
11.04405176
11.02285255
10.9627967
10.86030818
10.82053561
10.85063904
10.88357473
10.88784802
10.91110489
10.9753119
11.02453274
11.04887215
11.08357026
11.10212745
11.13768043
11.1903742
11.23480612
11.24217848
11.24008009
11.23766669
11.18812067
11.06670424
10.91725174
10.74825402
10.58360824
10.40253465
10.21309273
10.03168584
9.872237672
9.715070271
9.545924171
9.390237409
9.259862974
9.099262287
8.892558437
8.680330359
8.478931126
8.224352188
7.926285841
7.62445073
7.316293618
6.958288516
6.587288542
6.241556809
5.952594437
5.675363773
5.421869095
5.258100957
5.132335644
5.005709341
4.890549762
4.80819995
4.736767449
4.663890066
4.59714523
4.531044136
4.44656563
4.294029716
4.140539937
3.979983031
3.796928979
3.538195033
3.252539494
2.947939599
2.624061512
2.235432538
1.797953471
1.341890548
0.876238501
0.374580711
-0.124804011
-0.582577542
-0.995490561
-1.352775551
-1.597499003
-1.697079347
-1.707759309
-1.659756837
-1.576575202
-1.503187174
-1.417874649
-1.350361753
-1.326364173
-1.329562666
-1.276957268
-1.117071713
-0.878496057
-0.653085828
-0.497392096
-0.361321023
-0.128445911
0.187420174
0.452478359
0.620660131
0.698632835
0.708615303
0.71898174
0.719412084
0.766246056
0.837507233
0.910950895
0.957728902
0.976065523
0.988593717
0.989458704
0.959964449
0.956032416
0.975943733
1.011744294
1.053216997
1.085990327
1.05602751
0.999011281
0.967946897
0.95052399
0.916390082
0.896664961
0.825197285
0.683397037
0.530612846
0.406936645
0.202407769
-0.044939714
-0.227424951
-0.363325263
-0.552469506
-0.747490811
-0.90795788
-0.995174918
-1.045112836
-1.050429311
-1.072877912
-1.126909723
-1.180030087
-1.255303198
-1.404569414
-1.633143011
-1.84400742
-1.981479446
-2.091072306
-2.145876316
-2.204746588
-2.270438102
-2.365271018
-2.509850125
-2.651190802
-2.7677816
-2.885504624
-3.0208651
-3.178175356
-3.344657941
-3.505087545
-3.663000047
-3.806121886
-3.900280748
-3.942740512
-3.951814567
-3.995329784
-4.091462622
-4.253852364
-4.483838697
-4.73615905
-5.014716707
-5.293963724
-5.558228519
-5.789263897
-5.973271806
-6.115760201
-6.283175016
-6.412396125
-6.530313211
-6.704286117
-6.875621858
-7.050744865
-7.27135369
-7.487478442
-7.685126931
-7.867727901
-8.051748997
-8.200924811
-8.372167412
-8.540252315
-8.666855518
-8.809082392
-9.015464387
-9.229645812
-9.3952081
-9.531581429
-9.671271232
-9.729003477
-9.760063165
-9.791994112
-9.83461945
-9.89299308
-9.922614972
-9.898141132
-9.91700118
-9.935433868
-9.915323774
-9.905640849
-9.900313215
-9.901659735
-9.956964267
-10.01876691
-10.06537594
-10.07804268
-10.08091122
-10.04928962
-9.999005207
-9.967919934
-9.96121142
-9.977004147
-9.985121176
-9.963869214
-9.941299888
-9.90996742
-9.838806475
-9.735740467
-9.619362532
-9.504419602
-9.431210661
-9.34476186
-9.217674534
-9.009071614
-8.800050958
-8.582099698
-8.366381706
-8.176954142
-8.02706354
-7.94000523
-7.855976778
-7.779513762
-7.744567314
-7.74321887
-7.746274681
-7.762206725
-7.793359453
-7.814649731
-7.807266773
-7.770731853
-7.720660381
-7.661458481
-7.558779628
-7.43545313
-7.290705304
-7.167407546
-7.078781589
-6.976932224
-6.85998667
-6.746150662
-6.648477722
-6.559729934
-6.454258413
-6.354621985
-6.29206979
-6.252596794
-6.177721352
-6.052480263
-5.923339706
-5.769971566
-5.628238733
-5.499842086
-5.368527311
-5.192617482
-4.992759481
-4.805634422
-4.566646131
-4.301179216
-4.018967062
-3.744986986
-3.499577436
-3.271017425
-3.086839535
-2.922113022
-2.784614577
-2.667773345
-2.544575863
-2.41664154
-2.307554735
-2.183859615
-2.026477359
-1.820486099
-1.612805143
-1.391963448
-1.148490516
-0.850049262
-0.529177662
-0.1895835
0.15063341
0.521540747
0.911930908
1.295679229
1.675691233
1.991652899
2.244718977
2.42675025
2.495473514
2.467150145
2.35250262
2.231684719
2.169767658
2.141672049
2.117731753
2.120886269
2.134721415
2.097356976
2.005648087
1.897724492
1.765966949
1.561515372
1.291105928
1.005794484
0.746353405
0.561502072
0.396747446
0.294693203
0.248384927
0.237404952
0.249987268
0.247806117
0.214896099
0.114111102
-0.096801217
-0.402966238
-0.774843026
-1.092447416
-1.313969367
-1.422529646
-1.385554131
-1.291167381
-1.21287497
-1.178979463
-1.192023002
-1.170602141
-1.095113601
-0.986220531
-0.879196242
-0.798968988
-0.774204148
-0.801842501
-0.842576968
-0.808960892
-0.727292609
-0.641538869
-0.567373904
-0.501126291
-0.469074215
-0.493514042
-0.57031554
-0.652226483
-0.692474279
-0.71030849
-0.747367149
-0.793015597
-0.830548863
-0.858733176
-0.837983215
-0.775253415
-0.693373888
-0.616238914
-0.578687882
-0.567679024
-0.542692544
-0.451434326
-0.364641732
-0.296538853
-0.197211933
-0.017337016
0.17742566
0.377647381
0.591820682
0.775031778
0.938069487
1.126777246
1.34926278
1.559044877
1.733629114
1.82819362
1.879866987
1.90421313
1.972121009
2.034437843
2.118034762
2.241118535
2.36349814
2.491065543
2.643780861
2.761607107
2.807255882
2.814551478
2.810706672
2.799174493
2.799174493
2.806862238
2.821148334
2.84834531
2.907277406
3.02177107
3.213512172
3.435347793
3.617029608
3.815163422
4.119364966
4.460922934
4.7964212
5.083948403
5.314786103
5.489776026
5.630548796
5.763428517
5.911819357
6.060443911
6.215622072
6.352635488
6.447256064
6.512793368
6.624905561
6.749031865
6.839215929
6.919067646
7.008024238
7.054999927
7.047944367
7.034156337
7.039526109
7.01580426
6.948954358
6.882547624
6.817116458
6.726015339
6.631119088
6.589573343
6.609985136
6.605125744
6.563370318
6.560411164
6.557957721
6.485560198
6.365628663
6.229530874
6.098494989
5.925088587
5.702358561
5.506763359
5.329964474
5.101386687
4.841131227
4.588881683
4.317860114
4.031259001
3.785265281
3.573765791
3.345572309
3.138256762
2.981765235
2.788882819
2.590062129
2.427114821
2.273900005
2.086963994
1.872104112
1.644661634
1.393009016
1.104105447
0.785615614
0.473493502
0.193945761
-0.091297572
-0.371603378
-0.641010785
-0.859721791
-1.018875557
-1.094866901
-1.150546295
-1.180273183
-1.180273183
-1.146808854
-1.141232601
-1.139564882
-1.139564882
-1.161858988
-1.204864444
-1.216760583
-1.111296558
-0.967775328
-0.935358475
-0.991135182
-1.03278409
-1.053022777
-1.094248567
-1.14005931
-1.121861318
-1.053474437
-0.974073028
-0.935206261
-0.886926008
-0.862356828
-0.883521385
-0.943272478
-18.52546347
