-3.189325039
-3.205885061
-3.266779476
-3.334195211
-3.387132966
-3.440651343
-3.410954399
-3.392620731
-3.390806331
-3.388162102
-3.436414844
-3.506073569
-3.542928236
-3.579795268
-3.584112346
-3.586248535
-3.623049581
-3.698958254
-3.779316815
-3.832631101
-3.874406599
-3.888743843
-3.898611475
-3.896560305
-3.907933797
-3.897197973
-3.918510327
-3.997651651
-4.109280131
-4.246986195
-4.370587373
-4.520383214
-4.695990617
-4.873293747
-4.997480803
-5.095997671
-5.180843168
-5.247526574
-5.278937046
-5.292636258
-5.298100521
-5.298100521
-5.307895482
-5.318822698
-5.337273528
-5.351600688
-5.372315009
-5.400541286
-5.433300901
-5.473398171
-5.52343466
-5.579305603
-5.642074067
-5.712332152
-5.833285649
-5.988962636
-6.132903164
-6.334092333
-6.522897194
-6.690088097
-6.847188629
-6.950923792
-7.076465849
-7.223068596
-7.353677039
-7.472957827
-7.546557843
-7.559216443
-7.558009553
-7.534766542
-7.5220855
-7.535948665
-7.57418785
-7.632567138
-7.74436234
-7.833505858
-7.899990742
-7.962730338
-8.001407903
-8.043343956
-8.112159557
-8.14989298
-8.208815684
-8.292022542
-8.372031892
-8.452287395
-8.506917867
-8.451897075
-8.25743554
-7.978603106
-7.667438395
-7.386688964
-7.198807834
-7.120640612
-7.118890671
-7.09022385
-6.946951258
-6.775112861
-6.591434843
-6.4317321
-6.314253648
-6.199842051
-6.137888135
-6.134168616
-6.133009618
-6.141121683
-6.191492739
-6.214663709
-6.191257212
-6.080034489
-5.944154933
-5.769590411
-5.61730411
-5.448115393
-5.220888683
-5.008266892
-4.81091914
-4.557356099
-4.308466822
-4.019581921
-3.7002501
-3.39791789
-3.102947957
-2.933778101
-2.922256126
-2.992698218
-3.105499896
-3.158383519
-3.168959385
-3.168959385
-3.168959385
-3.179534964
-3.257162745
-3.33118035
-3.428886579
-3.574127134
-3.770006879
-3.935975167
-4.115101362
-4.286634571
-4.406475279
-4.484982223
-4.586417324
-4.676307682
-4.800440482
-4.998140275
-5.244969728
-5.564744593
-5.963193575
-6.342642223
-6.654087672
-6.851730708
-6.978383055
-7.069076744
-7.086844857
-7.112889697
-7.145336
-7.205572086
-7.33348023
-7.526518859
-7.741774619
-7.932333896
-8.101720494
-8.228663084
-8.332701067
-8.392247373
-8.448057219
-8.521462606
-8.603936921
-8.699788991
-8.860465036
-9.017891199
-9.223427653
-9.463355489
-9.649582547
-9.818153451
-9.938873308
-9.996788617
-10.01389091
-10.07281794
-10.13292058
-10.20696726
-10.33037142
-10.4498739
-10.54262391
-10.63371318
-10.73543263
-10.82912658
-10.88679511
-10.9474632
-10.99795866
-11.00330937
-11.02141201
-11.04256195
-11.09907802
-11.17931464
-11.24888801
-11.28743782
-11.33135091
-11.35491074
-11.36026202
-11.37866004
-11.42041596
-11.49332973
-11.62102705
-11.74108487
-11.87305881
-12.00454266
-12.10495965
-12.15257854
-12.20745289
-12.27683248
-12.32500808
-12.38218191
-12.4649404
-12.58694258
-12.76444863
-12.92303557
-13.07031995
-13.23862111
-13.38183297
-13.47987493
-13.53784324
-13.56772202
-13.61435864
-13.6454413
-13.71186018
-13.80950073
-13.90356999
-14.00024977
-14.09427859
-14.17917465
-14.29151269
-14.41029146
-14.58988992
-14.75850041
-14.87045595
-14.9592399
-15.06450843
-15.1313838
-15.17870978
-15.24585053
-15.25234746
-15.26372257
-15.31096936
-15.35597727
-15.41749539
-15.5234116
-15.62547329
-15.72327591
-15.85549926
-15.96442074
-16.06666103
-16.18994777
-16.29883699
-16.3778874
-16.46203583
-16.54013664
-16.59238674
-16.6746334
-16.75225511
-16.76916496
-16.78171041
-16.81496107
-16.83212474
-16.86161176
-16.92399856
-17.02018887
-17.12868007
-17.2325851
-17.32459754
-17.40251714
-17.43743048
-17.43894654
-17.4534857
-17.48467562
-17.51371188
-17.55435963
-17.62394304
-17.66306063
-17.7072172
-17.75792146
-17.73554151
-17.73635575
-17.77184749
-17.81306197
-17.83415405
-17.88930418
-17.94946036
-18.00745415
-18.11253487
-18.19721025
-18.30647127
-18.37359322
-18.41333806
-18.43079395
-18.4352128
-18.41734835
-18.41966269
-18.42491772
-18.42361581
-18.44272473
-18.46750979
-18.47855702
-18.50751093
-18.5680252
-18.62281561
-18.66813688
-18.69886908
-18.74622624
-18.78349913
-18.75212351
-18.73326538
-18.75685278
-18.80202762
-18.85101012
-18.91910841
-19.00924428
-19.09451499
-19.17324498
-19.24605025
-19.29375322
-19.33643556
-19.34047888
-19.32215367
-19.33357305
-19.32180197
-19.3084523
-19.34170795
-19.38574185
-19.42305225
-19.46191126
-19.4896678
-19.52975468
-19.54850548
-19.54212902
-19.5848741
-19.62995648
-19.65362979
-19.6794961
-19.67563564
-19.60728317
-19.53183261
-19.48404225
-19.46513708
-19.45992071
-19.46878857
-19.50323964
-19.52004456
-19.49387193
-19.47652861
-19.4481618
-19.36014449
-19.26055746
-19.16531444
-19.10441947
-19.10436381
-19.16010191
-19.25394477
-19.37351593
-19.42665375
-19.42060959
-19.38283881
-19.32745697
-19.27196956
-19.26502756
-19.26502756
-19.23771306
-19.16691255
-19.09825373
-19.02959387
-18.97813543
-18.98294013
-19.01631506
-19.04498704
-19.06215094
-19.04251715
-18.99605481
-18.98085444
-18.99646661
-19.0148245
-19.0543182
-19.10372381
-19.1640857
-19.23819655
-19.29911853
-19.34202363
-19.3505973
-19.28300897
-19.14685827
-19.05441064
-19.00186348
-18.97838872
-19.06755501
-19.17315289
-19.26756143
-19.340736
-19.35267313
-19.32046331
-19.3038372
-19.26017066
-19.1788298
-19.10439042
-19.03082687
-18.9236626
-18.8971687
-18.91271295
-18.9657421
-19.00787466
-19.03295206
-19.04898837
-19.01784436
-18.96609077
-18.89897143
-18.8324361
-18.72968608
-18.62122239
-18.50888376
-18.42512575
-18.36118694
-18.33322475
-18.31057432
-18.2426405
-18.115975
-17.98973164
-17.84791517
-17.69551361
-17.61876665
-17.58513781
-17.56354147
-17.55714999
-17.55075879
-17.4996397
-17.42548251
-17.37735463
-17.32923794
-17.29732822
-17.26493666
-17.22840178
-17.18429738
-17.14553737
-17.12003592
-17.10091289
-17.07835084
-17.01411573
-16.93663186
-16.83023832
-16.73368493
-16.64987408
-16.56607521
-16.47016248
-16.39046729
-16.29056318
-16.15485199
-16.04229342
-15.94528246
-15.86108634
-15.84556626
-15.83923139
-15.83289682
-15.82939924
-15.76887709
-15.61234344
-15.33552819
-15.00527968
-14.66713894
-14.35473568
-14.10300461
-13.92921555
-13.85639833
-13.84934371
-13.85154387
-13.83898603
-13.80955804
-13.79956591
-13.7441875
-13.67508049
-13.59667982
-13.50268949
-13.42013031
-13.34792588
-13.30332714
-13.28254405
-13.2522715
-13.21466602
-13.19009448
-13.12391044
-13.02176387
-12.93123888
-12.85743358
-12.7638882
-12.67245593
-12.55399343
-12.41054996
-12.24737317
-12.09260487
-11.98298251
-11.93832368
-11.93006762
-11.92385026
-11.90520005
-11.85547968
-11.80210186
-11.73250481
-11.66139724
-11.53479446
-11.40822302
-11.28909562
-11.14427152
-11.03145238
-10.9137069
-10.78831553
-10.66020769
-10.5387658
-10.43989688
-10.36930699
-10.35794799
-10.34658944
-10.3096162
-10.24186112
-10.13780695
-9.98893385
-9.801935315
-9.564592631
-9.274341279
-8.950641439
-8.627646771
-8.30583465
-8.049505497
-7.901801108
-7.82813982
-7.837409547
-7.846673861
-7.814147955
-7.790804909
-7.718746934
-7.611869814
-7.502921327
-7.376610716
-7.274852199
-7.183164852
-7.091475009
-7.009645131
-6.921804735
-6.815487459
-6.64691803
-6.389507723
-6.126318796
-5.809142855
-5.514853804
-5.218765481
-4.962862658
-4.721256749
-4.541208491
-4.345974748
-4.149853852
-3.950948847
-3.738538808
-3.487005487
-3.23297461
-3.072483877
-2.992215974
-2.969526872
-2.963874234
-2.924089565
-2.896152774
-2.877153081
-2.877153081
-2.877153081
-2.853073335
-2.831930766
-2.820613037
-2.814379714
-2.802659084
-2.753740559
-2.658213704
-2.543379284
-2.376125105
-2.180546084
-1.937658877
-1.692953257
-1.43248036
-1.194986857
-1.101551343
-1.113943313
-1.140422462
-1.140422462
-1.140422462
-1.140422462
-1.140422462
-1.140422462
-1.136349942
-1.111158827
-1.07329018
-1.017129742
-0.952804507
-0.841181993
-0.724201456
-0.583116739
-0.45159405
-0.343213334
-0.241409891
-0.154802506
-0.080137978
0.006481012
0.154466457
0.291912419
0.392417761
0.475177491
0.557437452
0.661031983
0.765737213
0.883932477
1.064960095
1.238802853
1.381394758
1.531983483
1.708505341
1.897682548
2.095080812
2.262561631
2.436736713
2.582979456
2.707320304
2.797406805
2.8928757
2.995576016
3.114129768
3.208698435
3.288876743
3.359139419
3.429188593
3.53563979
3.668544693
3.806387223
3.945438767
4.101538076
4.223688171
4.295877351
4.359282144
4.441509878
4.549547125
4.715864789
4.917266624
5.162656903
5.394069255
5.584122293
5.723732809
5.795670264
5.807470513
5.82508627
5.879455624
5.959526566
6.035452648
6.136431479
6.228014215
6.319596643
6.440653666
6.542392104
6.647311859
6.738412046
6.809324445
6.863912015
6.936610441
7.038780049
7.132804713
7.241813094
7.373097697
7.444490521
7.457751964
7.469260552
7.494415055
7.591267089
7.788377232
8.010039371
8.218001134
8.33518673
8.373906963
8.414799662
8.446850657
8.52906988
8.657502019
8.822561106
8.990710599
9.09610417
9.188097319
9.265181984
9.333655197
9.389821546
9.459322387
9.509210635
9.548382311
9.622622438
9.66740498
9.722778303
9.778554453
9.844364852
9.942876776
10.10508312
10.27236738
10.45111509
10.63013095
10.73538325
10.8082042
10.87112737
10.92230092
11.01056946
11.14436544
11.19985785
11.23164409
11.27296141
11.34609394
11.46043315
11.60567217
11.75515353
11.8692107
11.94982541
12.00725741
12.06997476
12.11714054
12.15439137
12.20721094
12.23523865
12.24243751
12.2727625
12.33149669
12.40733262
12.4785096
12.54405772
12.6086912
12.65322312
12.6980952
12.72778475
12.73888737
12.78314282
12.85097055
12.91073238
12.96990009
13.02531689
13.06615333
13.09240077
13.11805114
13.16790267
13.24722592
13.35603712
13.46927385
13.56823639
13.63332341
13.62398809
13.57637998
13.50429437
13.47077007
13.45879443
13.45501543
13.42008453
13.39592412
13.36187526
13.31882751
13.26068806
13.18774154
13.1049556
13.02314425
12.98929052
12.98941622
13.00956175
13.02444335
13.03379085
13.04871522
13.03459154
13.02456078
13.0049829
13.00055048
13.02483022
13.05464919
13.08849876
13.11734765
13.097643
13.06804867
13.02856583
12.96967865
12.91735879
12.84408421
12.77116586
12.70816571
12.63505927
12.59069089
12.55681539
12.58075328
12.63429906
12.67272588
12.70261287
12.74590074
12.75439324
12.74016083
12.72925143
12.71768785
12.69633492
12.66088201
12.62840929
12.59162456
12.58748526
12.562004
12.51294781
12.46332124
12.40744209
12.30699604
12.21211258
12.12669888
12.00882061
11.92734615
11.86758529
11.78032632
11.68882327
11.62956183
11.56519643
11.49213321
11.41195279
11.32223776
11.21813353
11.14410732
11.09314122
11.04818016
10.97840474
10.86089316
10.74582232
10.64554579
10.53121556
10.41212402
10.30450966
10.23506097
10.22548664
10.25990223
10.323729
10.37106579
10.38399915
10.36146459
10.27453969
10.17394754
10.05587695
9.924346162
9.832856725
9.783025939
9.749912408
9.760155921
9.830350243
9.885418275
9.904261031
9.904261031
9.863004302
9.844042199
9.839330697
9.843442615
9.808926511
9.767309658
9.736311128
9.714723921
9.709432113
9.732747139
9.721776478
9.696682237
9.674970213
9.663536836
9.640286568
9.617171493
9.576067923
9.511926832
9.448616494
9.362369431
9.291610582
9.248177229
9.250703298
9.280378101
9.293906072
9.265373885
9.213329735
9.111283664
8.959785904
8.781260246
8.607823761
8.391264436
8.189470042
8.017243004
7.892990509
7.784353431
7.774490538
7.75551164
7.709178162
7.648149225
7.571006967
7.472569034
7.361887537
7.241557776
7.099608733
6.961598805
6.794768156
6.572581309
6.366770573
6.171567294
5.944068737
5.723578048
5.564008089
5.42211659
5.383510967
5.383510967
5.393711142
5.394404028
5.388722175
5.383039963
5.377357394
5.367379567
5.368073791
5.345340134
5.287479555
5.216074926
5.149187609
5.068542522
4.973159233
4.848919527
4.713589705
4.539168444
4.372310022
4.167021355
3.932519659
3.736951304
3.555573143
3.407844417
3.303103058
3.235710493
3.171959751
3.091556354
3.026438927
2.971577424
2.886036219
2.816263361
2.769719785
2.673105562
2.595659211
2.502939831
2.380607306
2.216810326
2.008635063
1.769250527
1.545285362
1.398394343
1.275550425
1.175515643
1.087165407
0.976031457
0.850666416
0.753236302
0.66164942
0.512481815
0.400108769
0.262389288
0.089155644
-0.073898746
-0.182908512
-0.274759916
-0.370156459
-0.441762895
-0.534113107
-0.624074185
-0.698739365
-0.7908001
-0.887239743
-1.011914824
-1.179757328
-1.35274381
-1.52385841
-1.690190372
-1.851665821
-1.993892956
-2.166278313
-2.321977061
-2.423654209
-2.496349948
-2.556470917
-2.597942951
-2.660960834
-2.720905164
-2.796345386
-2.915945091
-3.05695294
-3.231132607
-3.395328387
-3.5682937
-3.708293963
-3.791148381
-3.857142056
-3.874048023
-3.878415186
-3.894642858
-3.91836493
-3.940487539
-3.958570847
-4.008157485
-4.038139585
-4.094166163
-4.153299154
-4.212488616
-4.283419356
-4.416145972
-4.561407735
-4.68107414
-4.827473234
-4.937451875
-5.014233496
-5.066210243
-5.092209881
-5.068867786
-5.005440281
-4.996866691
-4.984432525
-4.928495637
-4.923408451
-4.904624488
-4.849249523
-4.814131701
-4.811157271
-4.863001236
-4.930880081
-4.870318809
-4.671919151
-4.474552055
-4.345229741
-4.210300079
-4.098499837
-4.02205075
-3.938740252
-3.739432067
-3.369729608
-2.901876848
-2.322209147
-1.69834021
-1.114042005
-0.611964703
-0.239257153
-0.015218677
0.035642951
-0.007182416
-0.12057563
-0.250233897
-0.374901227
-0.499847564
-0.57047336
-0.609205193
-0.624378892
-0.6406959
-0.640383276
-0.639027962
-0.663168637
-0.697920567
-0.764693581
-0.857728783
-0.900046792
-0.912276525
-0.918546704
-0.929520322
-0.937106369
-0.992007226
-1.143651888
-1.369349644
-1.58686873
-1.7930618
-1.991774925
-2.177355178
-2.246372115
-2.244986022
-2.217752412
-2.276577137
-2.397482251
-2.597964233
-2.86788028
-3.177747534
-3.484863107
-3.815884678
-4.077871125
-4.169824005
-4.116310867
-3.965138861
-3.813052686
-3.732386861
-3.659408286
-3.573180181
-3.431538213
-3.249637046
-3.095716869
-2.984167978
-2.945821909
-2.95475399
-2.970432052
-3.033431297
-3.1479171
-3.26369772
-3.322283035
-3.399175546
-3.442909662
-3.440555321
-3.400243552
-3.333885039
-3.261050111
-3.154606773
-3.035444858
-2.939700636
-2.863160301
-2.857256816
-2.893795167
-2.942083298
-2.957485088
-2.977918174
-3.038711806
-3.1135981
-3.171684741
-3.251142854
-3.338575443
-3.372648322
-3.372111947
-3.356403761
-3.348042133
-3.347026498
-3.368515664
-3.415753651
-3.494774594
-3.591253939
-3.633060482
-3.647735852
-3.672230303
-3.691633494
-3.778869817
-3.921328722
-4.026132842
-4.121459039
-4.242485573
-4.350001117
-4.411068054
-4.469115181
-4.570968501
-4.665536461
-4.772220442
-4.889099981
-4.996423267
-5.087511131
-5.190703702
-5.290841087
-5.391073207
-5.500933059
-5.628624709
-5.783517985
-5.954383646
-6.099324693
-6.232847153
-6.359377239
-6.418137739
-6.427154771
-6.453843516
-6.486846138
-6.545614787
-6.655359514
-6.763365509
-6.86302568
-6.974028924
-7.075974684
-7.171742457
-7.30304875
-7.454313753
-7.630249225
-7.817504051
-7.968432268
-8.120771796
-8.284845909
-8.429115811
-8.497161023
-8.513518287
-8.530044245
-8.566880288
-8.620909937
-8.698619155
-8.773243834
-8.819538007
-8.86581234
-8.908475689
-8.988554594
-9.066848456
-9.12343262
-9.224075254
-9.362548464
-9.458223941
-9.56286705
-9.728252469
-9.88399161
-9.996943306
-10.08918965
-10.12889734
-10.16405547
-10.22295361
-10.29630587
-10.45999463
-10.61488985
-10.74686035
-10.83047003
-10.90546612
-10.94971471
-11.00648442
-11.05090412
-11.09655732
-11.18124603
-11.26694394
-11.37327957
-11.49352169
-11.62398946
-11.70692977
-11.78724367
-11.85480063
-11.92623239
-12.01454025
-12.15156403
-12.29743609
-12.43432911
-12.59034762
-12.70382327
-12.79398797
-12.91619484
-12.98050891
-13.02294081
-13.08848849
-13.17837404
-13.26808661
-13.38962399
-13.55193583
-13.71257312
-13.84724259
-13.96666123
-14.02769752
-14.04167162
-14.03524125
-14.03145903
-14.03524125
-14.05414554
-14.01422018
-13.97679843
-13.99040472
-14.0407704
-14.09988737
-14.1385416
-14.19412482
-14.23465451
-14.26623857
-14.30647132
-14.34940636
-14.39620753
-14.46946501
-14.5551725
-14.62831253
-14.70873817
-14.82383834
-14.89321041
-14.86180739
-14.8512605
-14.86001492
-14.88134362
-14.89710712
-14.95475308
-15.04604836
-15.12224174
-15.15702288
-15.16415275
-15.14535929
-15.13256186
-15.14995281
-15.15746908
-15.15874416
-15.16384372
-15.13928829
-15.10176229
-15.10096183
-15.07352028
-15.05501213
-15.1027433
-15.17585209
-15.24729198
-15.31542367
-15.32988818
-15.27769268
-15.20764163
-15.12955865
-15.06895943
-15.00591867
-14.94504277
-14.94136805
-14.97127276
-15.02122365
-15.08140791
-15.08404278
-15.03715791
-14.93202037
-14.8050806
-14.65489534
-14.54663022
-14.49595093
-14.49511791
-14.5060915
-14.5278761
-14.53742165
-14.48830007
-14.40389744
-14.27150564
-14.11927125
-13.93805042
-13.76985867
-13.60300315
-13.49588959
-13.4677604
-13.47373931
-13.47971782
-13.48317485
-13.48893503
-13.4969961
-13.48206717
-13.45274906
-13.41364015
-13.33948623
-13.24815827
-13.1654637
-13.10910682
-13.0439035
-12.98875859
-12.89243038
-12.78132158
-12.71510457
-12.65371259
-12.54719877
-12.4322431
-12.36055387
-12.28148715
-12.20980461
-12.11812767
-12.06225705
-12.00418575
-11.90308145
-11.80504915
-11.71743913
-11.62363862
-11.51438586
-11.44176601
-11.36342126
-11.30235233
-11.25267554
-11.19980455
-11.14587035
-11.07112666
-10.98813138
-10.86636757
-10.70306046
-10.49246828
-10.26816854
-10.04635609
-9.873323838
-9.727215215
-9.60980844
-9.485043817
-9.390874663
-9.322607971
-9.284791357
-9.326360833
-9.426373542
-9.513455534
-9.575591897
-9.561470566
-9.450878413
-9.295738044
-9.130852097
-8.974357845
-8.89240846
-8.874071105
-8.877878308
-8.877878308
-8.886414521
-8.882496464
-8.859145293
-8.831624777
-8.81632082
-8.77972544
-8.710752193
-8.642778683
-8.552405844
-8.407792138
-8.255763474
-8.119547053
-8.008308839
-7.916482576
-7.848891826
-7.764429039
-7.728714875
-7.722663066
-7.721735261
-7.676131789
-7.608534186
-7.513259449
-7.371451169
-7.217918327
-7.053587043
-6.915579605
-6.801652859
-6.683009801
-6.563201944
-6.45071345
-6.320546326
-6.188272312
-6.068885845
-5.975370363
-5.902886821
-5.818090242
-5.746546233
-5.643517928
-5.536693231
-5.460048672
-5.366784868
-5.276595748
-5.181318599
-5.064277727
-4.939292222
-4.814246538
-4.664804467
-4.467438831
-4.278055654
-4.039315907
-3.781619016
-3.500575808
-3.229038042
-3.014510223
-2.896946456
-2.872594813
-2.893635189
-2.908971753
-2.910569714
-2.907078011
-2.918366368
-2.924808862
-2.891075285
-2.837233935
-2.759871552
-2.647518876
-2.549047378
-2.431780713
-2.331124845
-2.250845748
-2.155608617
-2.040522752
-1.91778607
-1.78083199
-1.637086062
-1.53227914
-1.455798874
-1.361341014
-1.276936119
-1.213850807
-1.113487305
-1.04828801
-0.987883614
-0.910270464
-0.817432047
-0.752504331
-0.69224264
-0.652070333
-0.623711876
-0.581272086
-0.515258999
-0.388561259
-0.192955741
0.035012364
0.279239459
0.560343123
0.790235015
0.905880446
0.970957797
1.011828562
1.031238389
1.04517552
1.11763236
1.188559448
1.246890543
1.317043501
1.392428271
1.475710219
1.629246895
1.816699903
1.995855875
2.148153898
2.237362719
2.255436817
2.267176315
2.287406254
2.313183886
2.383576642
2.468944154
2.552127493
2.679677378
2.820683343
2.96224172
3.119551441
3.265812045
3.422890437
3.553436963
3.599269243
3.626428266
3.64917005
3.69529525
3.795490109
3.941759645
4.157253807
4.421963527
4.668143726
4.89429934
5.096046116
5.227445072
5.300768081
5.352602774
5.383436658
5.434300352
5.495215254
5.545596192
5.600312014
5.706603724
5.825591664
5.946801869
6.067428212
6.18963289
6.289091194
6.384038191
6.522244644
6.646063512
6.7599687
6.855738498
6.920562571
6.980935707
7.011851215
7.023337973
7.045796988
7.086106569
7.1597302
7.279867779
7.44595549
7.64708811
7.846269046
8.03751721
8.213846412
8.342116859
8.431341233
8.480569281
8.490750601
8.494050658
8.484729992
8.481360941
8.488456316
8.495557006
8.4912658
8.448071878
8.435777756
8.435097639
8.439399735
8.425429622
8.417396643
8.424770187
8.435205365
8.437135338
8.451402441
8.434903177
8.437635659
8.447268466
8.465558233
8.500377432
8.574450243
8.653044215
8.746120925
8.84018817
8.90089365
8.94531543
8.951322395
8.94192773
8.931621429
8.937120906
8.94671397
8.976182362
8.990355112
9.025818894
9.034218398
9.024134955
8.986039925
8.906367263
8.855077948
8.805112436
8.765047054
8.775061918
8.792723001
8.79812447
8.791298095
8.78140731
8.755149144
8.730771253
8.679780844
8.619320351
8.576948972
8.510735114
8.45498754
8.431091374
8.42327769
8.384566249
8.328434987
8.305941052
8.296102372
8.296102372
8.295653429
8.301302734
8.260809255
8.178664
8.103095448
8.02267187
7.907873012
7.758184611
7.607327407
7.498836829
7.461761046
7.470414479
7.469133466
7.43935261
7.366256039
7.24979861
7.136397002
7.028784685
6.915756887
6.755920769
6.5986132
6.462159987
6.326038399
6.200199203
6.086007013
5.978543707
5.881060273
5.750515043
5.621634342
5.470179215
5.32656508
5.214067537
5.126508635
5.066442503
5.039137445
4.990326235
4.955465667
4.907976191
4.837199664
4.769093371
4.710935716
4.673495644
4.647239412
4.588374556
4.533620407
4.461884828
4.40480393
4.321039523
4.243641912
4.188954922
4.133884553
4.060034979
3.9688567
3.860221853
3.750861769
3.651422154
3.586900021
3.522357213
3.418439958
3.295377612
3.19706381
3.087250196
2.939168581
2.723953543
2.498270465
2.286307942
2.084143964
1.844307144
1.604809043
1.375392981
1.21624338
1.136166841
1.077867163
1.037036689
1.00786163
0.955324614
0.879388088
0.807688471
0.709969435
0.56815347
0.416303027
0.2584956
0.069695288
-0.102397705
-0.267497661
-0.460818431
-0.720117783
-0.978185716
-1.21783212
-1.456956615
-1.665807884
-1.822196123
-1.995908112
-2.160370554
-2.30171955
-2.445675709
-2.577423585
-2.693518035
-2.803482658
-2.914347319
-3.080389958
-3.334824528
-3.554202374
-3.741235679
-3.961926978
-4.170601856
-4.375146559
-4.579492787
-4.734135216
-4.791657887
-4.781028567
-4.789311542
-4.7968935
-4.834552236
-4.868496331
-4.887562698
-4.922911502
-4.991981658
-5.139294517
-5.299141502
-5.442612832
-5.534043655
-5.641005603
-5.696298441
-5.728231433
-5.792866867
-5.843062214
-5.846931256
-5.847898448
-5.866512402
-5.843493947
-5.741834867
-5.537049671
-5.18861077
-4.713727661
-4.20983361
-3.719727922
-3.270174548
-2.908923101
-2.629732087
-2.360291275
-2.096255757
-1.889003277
-1.803259697
-1.755744399
-1.742606292
-1.730118574
-1.70074619
-1.707214472
-1.697448081
-1.674905086
-1.63396675
-1.58799368
-1.570134735
-1.564934393
-1.559452648
-1.569404925
-1.580127381
-1.561012117
-1.569814595
-1.596230957
-1.618247828
-1.613037218
-1.645019948
-1.644368574
-1.644330858
-1.608483761
-1.580731813
-1.583119421
-1.639986304
-1.713260515
-1.789305801
-1.811467869
-1.834535991
-1.856496958
-1.884690257
-1.931015471
-1.96596293
-1.996987929
-2.047439052
-2.159358594
-2.314528649
-2.419366292
-2.442883231
-2.438215785
-2.443866321
-2.442245252
-2.49605498
-2.602543394
-2.702363084
-2.83093316
-2.963092227
-3.090607349
-3.221450322
-3.332581529
-3.409122644
-3.491870492
-3.58642941
-3.693615755
-3.809619595
-3.971022539
-4.115055119
-4.23943705
-4.356496766
-4.367140658
-4.287565006
-4.141097488
-3.960056073
-3.725924955
-3.4808617
-3.256035907
-3.041027137
-2.857597652
-2.770845087
-2.724860623
-2.746033986
-2.77326599
-2.817123879
-2.85820109
-2.918345517
-3.004166506
-3.107691218
-3.216664716
-3.330698774
-3.396595734
-3.462268125
-3.490750391
-3.449544923
-3.364626638
-3.238548164
-3.132945612
-3.024041381
-2.936074527
-2.924559185
-2.987641839
-3.086703907
-3.214739291
-3.30117734
-3.308424187
-3.303740855
-3.272313585
-3.26359623
-3.308091511
-3.358685782
-3.392380609
-3.408696282
-3.419828824
-3.432596435
-3.43705094
-3.419361447
-3.351779104
-3.301102879
-3.262967361
-3.250606638
-3.250152593
-3.283469247
-3.302346519
-3.330838446
-3.374483504
-3.422053739
-3.49175214
-3.551673817
-3.60685237
-3.657822197
-3.740167988
-3.804252742
-3.903920963
-4.035549343
-4.171464954
-4.297066223
-4.37657024
-4.415743855
-4.448483387
-4.463720934
-4.511526509
-4.638867999
-4.825394535
-5.06672967
-5.368045619
-5.674113561
-5.921752261
-6.147016221
-6.312524994
-6.434512035
-6.479011595
-6.496695293
-6.507100646
-6.524663746
-6.541348739
-6.563232333
-6.60165833
-6.681311655
-6.781628706
-6.903634707
-7.057611029
-7.246491461
-7.406978489
-7.563024578
-7.673270233
-7.730973216
-7.763657892
-7.783118176
-7.825214305
-7.877308798
-7.968213647
-8.072602989
-8.177320971
-8.281945722
-8.386476352
-8.499374547
-8.613354743
-8.672897612
-8.725613617
-8.77263564
-8.786235901
-8.798705606
-8.798705606
-8.800957524
-8.813435918
-8.844637572
-8.87186855
-8.934313969
-9.02179157
-9.071807251
-9.134891535
-9.20016893
-9.277332444
-9.3674695
-9.442277523
-9.508767744
-9.573705912
-9.603399285
-9.6056899
-9.617139347
-9.63992213
-9.66713586
-9.665792123
-9.694691603
-9.747993951
-9.781970778
-9.813086912
-9.865738509
-9.969890504
-10.04209407
-10.11245681
-10.23096924
-10.35987875
-10.48018807
-10.60115337
-10.69684134
-10.70711593
-10.69325544
-10.6489642
-10.59584131
-10.56436322
-10.54719677
-10.5243054
-10.52544842
-10.55270541
-10.58760307
-10.63677089
-10.66596852
-10.66468688
-10.64695424
-10.67063668
-10.69184282
-10.73845765
-10.79175499
-10.82141596
-10.80219777
-10.74675648
-10.70907023
-10.69651068
-10.67252251
-10.67428655
-10.68585033
-10.64393396
-10.55161272
-10.47346345
-10.35160427
-10.21193784
-10.07426197
-9.959544228
-9.853980555
-9.794372066
-9.748360439
-9.727306322
-9.72495851
-9.728844526
-9.710144473
-9.648916095
-9.637812173
-9.592775614
-9.491258808
-9.394949472
-9.278814992
-9.168450416
-9.062808861
-8.983279952
-8.915130684
-8.860455733
-8.823315742
-8.798562177
-8.773813758
-8.744987013
-8.707992353
-8.674134303
-8.619704406
-8.514756433
-8.430602151
-8.386380303
-8.336985679
-8.251114627
-8.19835576
-8.192185764
-8.200054667
-8.197819192
-8.186506766
-8.176195906
-8.147365309
-8.079476953
-7.97887589
-7.879407792
-7.793976261
-7.70652632
-7.631970136
-7.57068379
-7.566527771
-7.554227444
-7.523482322
-7.482441007
-7.441409612
-7.411487666
-7.357007818
-7.25979122
-7.139067681
-7.039526418
-6.937767407
-6.811637104
-6.650068511
-6.474522047
-6.246221248
-6.053811359
-5.915378684
-5.794338142
-5.704232967
-5.649648836
-5.601152021
-5.563673883
-5.523108827
-5.473193969
-5.423999172
-5.357946451
-5.267042316
-5.158297799
-5.019537771
-4.862999235
-4.688676097
-4.520570811
-4.3647054
-4.256930347
-4.181093656
-4.117255615
-4.097779535
-4.046720814
-3.941625772
-3.821551922
-3.680570798
-3.53890889
-3.435403144
-3.386105491
-3.371217261
-3.358020106
-3.349052316
-3.306881825
-3.235918226
-3.174607439
-3.106864872
-3.064739359
-3.017983806
-2.987643549
-2.96121337
-2.941213995
-2.918966949
-2.910800204
-2.896037445
-2.861674439
-2.826452874
-2.809250515
-2.77117911
-2.730597653
-2.667533865
-2.574558006
-2.495635722
-2.407813365
-2.325746474
-2.281628706
-2.255941668
-2.228617537
-2.196300395
-2.155557782
-2.11774224
-2.047429162
-1.946912316
-1.826453737
-1.702794507
-1.575144901
-1.445790267
-1.32985137
-1.233843561
-1.137553977
-1.006989383
-0.864904438
-0.783452893
-0.766770092
-0.753597786
-0.743515985
-0.747972008
-0.751303134
-0.715482569
-0.675457819
-0.658864596
-0.640256331
-0.614286007
-0.575920116
-0.480704402
-0.374418575
-0.312884781
-0.264593525
-0.232349839
-0.196134081
-0.164196804
-0.130735217
-0.091179526
-0.050566103
-0.028220671
-0.008244767
0.047497519
0.123226376
0.183836002
0.258651008
0.356551548
0.457924522
0.540704838
0.602749073
0.650405295
0.680357358
0.721505541
0.816478578
0.893006676
0.989550877
1.076669965
1.110087251
1.13487646
1.175993257
1.23006722
1.292347416
1.39544603
1.481284142
1.511188101
1.526123135
1.552428767
1.582993138
1.622906777
1.735842258
1.858077339
1.933116139
1.996542934
2.034104945
2.063788189
2.120619915
2.185451966
2.241104634
2.297467388
2.331685438
2.345769402
2.361236032
2.38814355
2.426541069
2.488458476
2.557473294
2.646381903
2.723867418
2.77775292
2.855163214
2.951824028
3.068565051
3.223213814
3.380588191
3.484963804
3.572271496
3.669576224
3.757592663
3.828729641
3.909920769
3.982443605
4.051899544
4.080574096
4.089385795
4.108820727
4.157431061
4.234757985
4.35528429
4.458966887
4.540223171
4.600241591
4.632137232
4.650897009
4.651523206
4.642157663
4.665310943
4.729739809
4.804830822
4.892496372
4.968275532
5.013440152
5.038587684
5.048724438
5.067620669
5.107779121
5.171170886
5.238416899
5.293139875
5.327304878
5.292810857
5.204879645
5.128954802
5.086093717
5.082356421
5.086761356
5.098189379
5.077068922
5.027231803
4.941195962
4.838950076
4.779299308
4.737135644
4.706710762
4.682453264
4.650628955
4.618800304
4.583232151
4.52834415
4.477907022
4.403613174
4.322328505
4.227985056
4.117803468
3.981773695
3.844994351
3.721478387
3.619882325
3.521892597
3.441587887
3.393394416
3.310363893
3.202219444
3.08831176
3.010163862
2.9396079
2.868862787
2.804449398
2.794401439
2.787308219
2.71714869
2.68642692
2.663059113
2.631108154
2.588281943
2.54248497
2.485087272
2.450025989
2.416391743
2.354079757
2.268152928
2.168579134
2.069757747
1.953622513
1.830093388
1.691799494
1.527375692
1.331595467
1.149962701
0.971808197
0.815761476
0.691984821
0.616360084
0.581436671
0.56123975
0.548769807
0.532847368
0.452062555
0.386808079
0.312573309
0.263412324
0.254253395
0.254253395
0.249255891
0.220916119
0.189252408
0.132545957
0.050993688
-0.008529444
-0.078695287
-0.195748418
-0.33467081
-0.503999719
-0.698015217
-0.903472312
-1.086290715
-1.249182447
-1.381675616
-1.509287224
-1.608278433
-1.68360201
-1.742987503
-1.790520481
-1.820239687
-1.81931784
-1.824340344
-1.825141958
-1.827667403
-1.847230542
-1.912666571
-2.010213968
-2.094089733
-2.206415821
-2.33651222
-2.44660033
-2.489777256
-2.506753676
-2.506753676
-2.506753676
-2.512729794
-2.565394077
-2.62823512
-2.682686953
-2.788025202
-2.88975789
-2.955367111
-3.035631591
-3.107581639
-3.161576148
-3.213248072
-3.322871179
-3.42974551
-3.526488885
-3.631616236
-3.736354048
-3.838883001
-3.964663308
-4.093724637
-4.208683905
-4.342968855
-4.448289908
-4.488841954
-4.468101712
-4.445746768
-4.445746768
-4.445746768
-4.451814966
-4.482467976
-4.492685012
-4.493713454
-4.618117532
