6.1301
5.9267
5.7115
5.5930
5.5732
5.6465
5.7185
5.7388
5.7311
5.6959
5.6988
5.7312
5.7540
5.7768
5.7729
5.7634
5.7561
5.7621
5.7793
5.8080
5.8264
5.8585
5.8627
5.8587
5.8575
5.8765
5.9250
5.9816
6.0506
6.1150
6.1640
6.2237
6.3135
6.3966
6.4632
6.5515
6.6392
6.6935
6.7128
6.7157
6.7070
6.7070
6.6943
6.6768
6.6561
6.6243
6.5941
6.5607
6.5082
6.4569
6.3885
6.3458
6.3347
6.3206
6.3199
6.3393
6.3615
6.4032
6.4154
6.3999
6.3474
6.2259
6.0497
5.8536
5.6685
5.5185
5.4311
5.4193
5.4242
5.4166
5.4089
5.3922
5.3392
5.2734
5.1808
5.0847
5.0111
4.9522
4.8925
4.8271
4.7633
4.7018
4.6682
4.6743
4.6968
4.7388
4.7830
4.8302
4.8407
4.8325
4.8402
4.9369
5.0920
5.2441
5.3488
5.3890
5.3669
5.3461
5.3496
5.4383
5.5935
5.7517
5.8619
5.8959
5.9007
5.8670
5.8978
5.9054
5.9174
5.9271
5.9515
6.0093
6.0599
6.1068
6.1433
6.1436
6.1378
6.1336
6.1729
6.2334
6.3061
6.3656
6.3769
6.3615
6.3343
6.2713
6.2547
6.2543
6.2542
6.2542
6.2542
6.2541
6.2690
6.2683
6.2557
6.2189
6.1912
6.1715
6.1720
6.1756
6.1901
6.2024
6.2092
6.2209
6.2701
6.2908
6.3106
6.2851
6.2418
6.2042
6.1864
6.2014
6.2354
6.2520
6.2230
6.1839
6.1291
6.0604
5.9873
5.8737
5.7747
5.6533
5.5516
5.4308
5.3044
5.2076
5.1253
5.0400
4.9312
4.8232
4.7117
4.5710
4.4339
4.3168
4.2160
4.1181
4.0624
4.0356
4.0218
4.0076
3.9624
3.8654
3.7823
3.7138
3.6895
3.7204
3.7622
3.8117
3.8461
3.8639
3.8643
3.8555
3.8434
3.8256
3.8037
3.8154
3.8448
3.8678
3.8819
3.8718
3.8630
3.8225
3.8003
3.8064
3.8595
3.9137
3.9738
3.9859
3.9807
3.9320
3.8492
3.7514
3.6715
3.6074
3.5720
3.5395
3.4546
3.3050
3.1007
2.8542
2.6250
2.4658
2.4098
2.4212
2.4607
2.4848
2.4495
2.3896
2.2739
2.1482
2.0215
1.9141
1.8235
1.7366
1.6608
1.6141
1.5456
1.4341
1.3022
1.1848
1.1399
1.1548
1.1586
1.1470
1.1022
1.0384
0.9542
0.8483
0.7462
0.6416
0.5395
0.4298
0.3340
0.2267
0.0991
-0.0399
-0.1878
-0.3332
-0.4341
-0.5236
-0.5979
-0.6299
-0.6464
-0.6807
-0.7303
-0.7966
-0.8796
-1.0262
-1.1893
-1.3369
-1.4614
-1.5467
-1.5797
-1.6023
-1.6174
-1.6288
-1.6591
-1.6949
-1.7082
-1.7210
-1.7602
-1.8312
-1.9207
-1.9854
-2.0301
-2.0771
-2.1246
-2.1764
-2.2902
-2.4054
-2.5178
-2.6474
-2.7391
-2.8428
-2.9211
-2.9651
-2.9807
-2.9620
-2.9792
-3.0067
-3.0560
-3.1239
-3.1942
-3.2788
-3.3641
-3.4719
-3.5775
-3.6584
-3.7415
-3.8208
-3.8822
-3.9420
-3.9832
-4.0408
-4.1217
-4.2074
-4.3349
-4.4969
-4.6690
-4.8269
-4.9636
-5.0734
-5.1742
-5.2443
-5.2787
-5.3021
-5.3329
-5.3763
-5.4522
-5.5584
-5.6864
-5.8017
-5.9228
-6.0616
-6.2243
-6.3781
-6.4902
-6.5643
-6.6150
-6.6458
-6.6876
-6.7605
-6.8442
-6.9187
-7.0074
-7.0815
-7.1430
-7.2061
-7.2314
-7.2460
-7.2841
-7.3276
-7.3822
-7.4495
-7.5329
-7.6325
-7.7444
-7.8978
-8.0818
-8.3164
-8.5370
-8.7326
-8.8738
-8.9483
-8.9470
-8.9399
-8.9399
-8.9777
-9.0590
-9.1588
-9.2585
-9.3472
-9.4235
-9.4942
-9.5846
-9.7370
-9.9115
-10.1079
-10.3098
-10.5064
-10.6936
-10.8574
-11.0213
-11.1592
-11.3110
-11.4412
-11.5619
-11.7130
-11.8760
-12.0423
-12.1933
-12.3723
-12.5586
-12.7713
-12.9836
-13.1937
-13.3700
-13.5667
-13.7653
-13.9682
-14.1897
-14.4379
-14.6642
-14.8540
-15.0270
-15.1479
-15.2756
-15.4089
-15.5788
-15.7988
-16.0469
-16.3315
-16.5925
-16.8205
-16.9980
-17.1370
-17.2331
-17.3442
-17.4866
-17.6987
-17.9766
-18.2685
-18.5464
-18.7931
-18.9792
-19.1036
-19.1896
-19.2296
-19.2309
-19.2292
-19.2325
-19.2358
-19.2625
-19.2864
-19.3066
-19.3267
-19.3434
-19.3504
-19.3581
-19.3632
-19.3736
-19.3868
-19.3968
-19.4037
-19.4273
-19.4480
-19.4789
-19.5095
-19.5335
-19.5575
-19.5976
-19.6341
-19.6615
-19.6929
-19.7268
-19.7478
-19.7898
-19.8173
-19.8205
-19.8238
-19.8207
-19.8618
-19.9021
-19.9605
-20.0515
-20.1889
-20.3094
-20.4309
-20.5449
-20.6342
-20.6702
-20.6820
-20.6885
-20.6857
-20.6971
-20.7400
-20.8291
-20.9424
-21.0831
-21.2115
-21.3216
-21.4160
-21.4526
-21.4747
-21.4940
-21.5342
-21.6055
-21.6839
-21.7887
-21.9142
-22.0854
-22.2684
-22.4912
-22.7236
-22.9173
-23.0384
-23.0831
-23.0962
-23.0874
-23.0905
-23.1000
-23.1252
-23.1475
-23.1702
-23.2049
-23.2468
-23.2887
-23.3785
-23.5169
-23.6455
-23.7623
-23.8520
-23.9028
-23.9324
-23.9584
-23.9957
-24.0080
-24.0202
-24.0388
-24.0730
-24.1289
-24.2156
-24.3539
-24.5706
-24.8266
-25.0559
-25.1837
-25.2752
-25.3417
-25.3818
-25.4120
-25.4263
-25.4405
-25.4614
-25.4795
-25.5013
-25.5327
-25.5734
-25.6257
-25.7281
-25.7955
-25.8211
-25.8429
-25.8677
-25.9158
-26.0030
-26.0919
-26.1836
-26.2673
-26.3507
-26.4643
-26.5627
-26.6351
-26.7005
-26.7652
-26.8415
-26.9348
-27.0253
-27.1164
-27.1928
-27.2210
-27.2045
-27.1238
-27.0013
-26.9217
-26.8875
-26.8841
-26.8841
-26.8841
-26.8896
-26.8779
-26.8661
-26.8454
-26.8100
-26.7425
-26.6665
-26.5734
-26.4747
-26.4060
-26.3736
-26.3467
-26.2817
-26.1642
-26.0652
-26.0148
-26.0000
-26.0000
-26.0000
-26.0000
-26.0000
-26.0000
-25.9973
-25.9829
-25.9449
-25.9190
-25.8877
-25.8500
-25.8306
-25.8263
-25.8393
-25.8489
-25.8030
-25.7305
-25.6429
-25.5705
-25.5396
-25.5144
-25.4804
-25.4283
-25.3411
-25.2599
-25.2230
-25.2326
-25.2461
-25.2510
-25.2346
-25.2361
-25.2173
-25.1923
-25.1442
-25.0783
-24.9859
-24.8755
-24.7849
-24.6794
-24.6178
-24.6207
-24.6614
-24.6850
-24.6937
-24.6442
-24.5772
-24.5598
-24.5919
-24.6327
-24.6791
-24.7143
-24.6975
-24.6281
-24.5468
-24.4949
-24.4844
-24.4999
-24.5012
-24.4419
-24.3447
-24.2206
-24.1253
-24.0386
-23.9980
-23.9949
-23.9866
-23.9582
-23.8919
-23.7940
-23.6902
-23.5864
-23.5234
-23.4544
-23.4347
-23.4120
-23.3372
-23.2388
-23.1235
-22.9736
-22.8584
-22.7694
-22.7758
-22.7877
-22.7646
-22.6923
-22.5885
-22.4881
-22.4430
-22.4298
-22.4308
-22.3795
-22.2615
-22.1148
-21.9364
-21.8244
-21.7558
-21.7077
-21.6393
-21.5390
-21.3726
-21.1976
-21.0227
-20.8995
-20.8250
-20.8022
-20.7908
-20.7652
-20.6992
-20.5874
-20.4699
-20.3870
-20.3240
-20.2639
-20.2124
-20.1210
-19.9721
-19.7858
-19.6087
-19.4490
-19.3175
-19.1911
-19.0966
-19.0023
-18.9170
-18.8201
-18.7079
-18.6078
-18.5254
-18.4284
-18.3339
-18.2083
-18.0635
-17.9219
-17.8000
-17.6954
-17.6227
-17.5758
-17.5284
-17.4659
-17.3741
-17.2350
-17.0818
-16.8969
-16.7457
-16.6344
-16.5518
-16.4661
-16.3756
-16.2869
-16.1945
-16.0863
-15.9890
-15.8784
-15.7710
-15.6324
-15.4706
-15.2771
-15.0890
-14.8893
-14.7090
-14.5436
-14.4046
-14.3084
-14.2194
-14.1506
-14.0693
-13.9899
-13.9258
-13.8715
-13.8182
-13.7478
-13.6443
-13.5037
-13.3546
-13.1887
-13.0068
-12.8517
-12.7328
-12.6765
-12.6340
-12.5767
-12.5002
-12.4132
-12.2827
-12.1299
-11.9804
-11.8637
-11.7619
-11.6674
-11.6154
-11.5645
-11.5137
-11.4628
-11.3729
-11.2483
-11.1108
-10.9682
-10.8257
-10.6547
-10.4655
-10.2998
-10.2055
-10.1281
-10.0474
-9.9460
-9.7776
-9.5722
-9.3444
-9.1340
-8.9339
-8.8130
-8.7694
-8.7313
-8.6914
-8.6390
-8.5616
-8.4269
-8.2687
-8.1057
-7.9512
-7.8118
-7.6943
-7.5670
-7.4226
-7.2311
-6.9875
-6.7470
-6.4828
-6.2438
-6.0520
-5.9104
-5.8260
-5.7737
-5.7330
-5.6691
-5.5530
-5.4285
-5.2686
-5.0955
-4.9476
-4.7991
-4.6708
-4.5562
-4.4276
-4.3443
-4.2622
-4.2018
-4.1353
-4.0557
-3.9271
-3.7855
-3.6375
-3.4772
-3.3058
-3.1509
-3.0217
-2.9100
-2.8260
-2.7584
-2.7162
-2.6972
-2.6972
-2.6784
-2.6519
-2.6099
-2.5489
-2.4735
-2.3805
-2.2658
-2.1727
-2.0902
-2.0221
-1.9696
-1.9159
-1.8396
-1.7298
-1.5604
-1.3742
-1.2143
-1.0834
-0.9596
-0.8537
-0.7513
-0.6442
-0.5523
-0.4948
-0.4554
-0.4186
-0.3592
-0.2212
0.0000
0.2723
0.5471
0.7980
0.9955
1.1599
1.3225
1.4532
1.5257
1.5910
1.6343
1.6740
1.7292
1.7916
1.8686
1.9502
2.0224
2.1104
2.2118
2.3424
2.4622
2.6038
2.7816
2.9657
3.1046
3.1962
3.2144
3.2144
3.2145
3.2192
3.2228
3.2265
3.2302
3.2469
3.2516
3.2662
3.2769
3.2764
3.2797
3.3051
3.3266
3.3999
3.4685
3.5342
3.6148
3.7399
3.8836
4.0045
4.1126
4.1938
4.2417
4.2833
4.3241
4.3807
4.4364
4.4922
4.5572
4.6018
4.6315
4.6533
4.6828
4.7301
4.8061
4.8744
4.9406
4.9801
5.0017
5.0420
5.1082
5.1716
5.2277
5.3033
5.3629
5.4114
5.4562
5.5042
5.5488
5.6160
5.6792
5.7424
5.8033
5.8651
5.9253
5.9704
6.0154
6.0550
6.0863
6.1045
6.1189
6.1590
6.2064
6.2623
6.3565
6.4424
6.5054
6.5470
6.5783
6.5768
6.5387
6.5379
6.5318
6.5165
6.5134
6.5242
6.5435
6.6140
6.6821
6.7260
6.7382
6.7425
6.7395
6.7432
6.7604
6.7470
6.7283
6.6877
6.6440
6.5902
6.5573
6.5558
6.5625
6.5626
6.5508
6.5391
6.5076
6.4801
6.4729
6.4892
6.5309
6.5771
6.6136
6.6349
6.6455
6.6574
6.6775
6.6854
6.6777
6.6432
6.6346
6.5762
6.5095
6.4173
6.3394
6.3006
6.3023
6.3125
6.3092
6.3332
6.4147
6.5370
6.6971
6.8060
6.8813
6.9697
7.1818
7.5329
7.9036
8.2741
8.6183
8.8755
9.0877
9.1540
9.0351
8.6931
8.2045
7.6316
7.0947
6.6408
6.3021
6.0707
5.9040
5.7433
5.5663
5.3842
5.1759
4.9820
4.7847
4.5934
4.4662
4.3816
4.3253
4.3025
4.2824
4.1906
3.9962
3.7127
3.4024
3.1195
2.9178
2.8252
2.8471
2.9038
2.9901
3.0145
2.9638
2.8235
2.6062
2.3548
2.0763
1.8145
1.6194
1.6117
1.7480
1.9646
2.2366
2.4667
2.6434
2.7293
2.7980
2.8147
2.8366
2.8502
2.8622
2.8752
2.8376
2.7794
2.7147
2.6435
2.5520
2.4759
2.3836
2.2891
2.1897
2.0484
1.9073
1.7592
1.6372
1.5229
1.4165
1.3581
1.3651
1.4348
1.5409
1.6355
1.6846
1.6170
1.4654
1.2928
1.1943
1.1502
1.1875
1.2300
1.2537
1.2587
1.2397
1.1980
1.1373
1.0904
1.0727
1.0688
1.0837
1.0898
1.1019
1.0987
1.1270
1.1679
1.2026
1.2196
1.1766
1.1149
1.0591
0.9883
0.9425
0.9142
0.8985
0.9280
0.9838
1.0385
1.0932
1.1353
1.1761
1.2192
1.2331
1.2398
1.2530
1.2309
1.1991
1.1589
1.1161
1.0581
1.0263
0.9991
0.9481
0.9047
0.8549
0.8014
0.7631
0.6841
0.6113
0.5244
0.4310
0.3202
0.2598
0.2307
0.2424
0.2520
0.2265
0.1834
0.0846
-0.0094
-0.1023
-0.1787
-0.2536
-0.3286
-0.3882
-0.4371
-0.4819
-0.5569
-0.6602
-0.8133
-0.9610
-1.0860
-1.1457
-1.1394
-1.1100
-1.0804
-1.1166
-1.1856
-1.2890
-1.4140
-1.5100
-1.5995
-1.6669
-1.6960
-1.7067
-1.7233
-1.7442
-1.7965
-1.8540
-1.9370
-2.0371
-2.1372
-2.2173
-2.2796
-2.3514
-2.4426
-2.5591
-2.6794
-2.8199
-2.9740
-3.1350
-3.3251
-3.5222
-3.7320
-3.9075
-4.0526
-4.1532
-4.2427
-4.3544
-4.4878
-4.6687
-4.9088
-5.1916
-5.4568
-5.7005
-5.9060
-6.0266
-6.0788
-6.0824
-6.0788
-6.0824
-6.1006
-6.1351
-6.1678
-6.2005
-6.2530
-6.3181
-6.4317
-6.5307
-6.6153
-6.6747
-6.7342
-6.8170
-6.9160
-7.0656
-7.2314
-7.3812
-7.5562
-7.7242
-7.8526
-7.9484
-8.0027
-8.0462
-8.0877
-8.1927
-8.3339
-8.5331
-8.7935
-9.0956
-9.3727
-9.5940
-9.7468
-9.8163
-9.8365
-9.8420
-9.8642
-9.9153
-10.0049
-10.1221
-10.2819
-10.4492
-10.6021
-10.7458
-10.8888
-11.0367
-11.2104
-11.4035
-11.5947
-11.7885
-11.9891
-12.1918
-12.4104
-12.6203
-12.8378
-13.0686
-13.2947
-13.5475
-13.8109
-14.0770
-14.2952
-14.4781
-14.5831
-14.6433
-14.6701
-14.6801
-14.7277
-14.8242
-14.9598
-15.1049
-15.2428
-15.3571
-15.4858
-15.6073
-15.7385
-15.8422
-15.8763
-15.8910
-15.9057
-15.9230
-15.9517
-15.9919
-16.0571
-16.1556
-16.2402
-16.3244
-16.3922
-16.4682
-16.5404
-16.6186
-16.6926
-16.7694
-16.8412
-16.9095
-16.9868
-17.0816
-17.1681
-17.2636
-17.3565
-17.4520
-17.5477
-17.6538
-17.7485
-17.8339
-17.8985
-17.9448
-17.9943
-18.0711
-18.1605
-18.2734
-18.3886
-18.4915
-18.5768
-18.6564
-18.7341
-18.8417
-18.9812
-19.1601
-19.3547
-19.5041
-19.6264
-19.7168
-19.8059
-19.9065
-20.0223
-20.1388
-20.2892
-20.4631
-20.6744
-20.9175
-21.1645
-21.3823
-21.5425
-21.6206
-21.6491
-21.6570
-21.6941
-21.7199
-21.7294
-21.7323
-21.7323
-21.7236
-21.7601
-21.7790
-21.8128
-21.8403
-21.8591
-21.8817
-21.9102
-21.9423
-21.9846
-22.0209
-22.0534
-22.0585
-22.0810
-22.0911
-22.0986
-22.1022
-22.1053
-22.0994
-22.1031
-22.1132
-22.1149
-22.1145
-22.1024
-22.0845
-22.0842
-22.0686
-22.0442
-22.0318
-22.0071
-21.9766
-21.9522
-21.9275
-21.8966
-21.8536
-21.7781
-21.6818
-21.5743
-21.4611
-21.3739
-21.3281
-21.3385
-21.3578
-21.3683
-21.3729
-21.3926
-21.3859
-21.4066
-21.4331
-21.4903
-21.5272
-21.5108
-21.4707
-21.3975
-21.3581
-21.3645
-21.3851
-21.4173
-21.4289
-21.4495
-21.4787
-21.4992
-21.5292
-21.5772
-21.6373
-21.6981
-21.7290
-21.7483
-21.7703
-21.8069
-21.8525
-21.8568
-21.8700
-21.8894
-21.9236
-21.9602
-21.9848
-21.9949
-21.9960
-22.0174
-22.0482
-22.0432
-21.9882
-21.9158
-21.8699
-21.8473
-21.8511
-21.8370
-21.7994
-21.7093
-21.5814
-21.4340
-21.3374
-21.3257
-21.3873
-21.4579
-21.4956
-21.4035
-21.2677
-21.1172
-21.0507
-21.0304
-21.0428
-21.0493
-21.0031
-20.9080
-20.7635
-20.6364
-20.5216
-20.4797
-20.4612
-20.4510
-20.4341
-20.3968
-20.3621
-20.3216
-20.2667
-20.2033
-20.1487
-20.0974
-20.0027
-19.8934
-19.7609
-19.6490
-19.5659
-19.5121
-19.5014
-19.4640
-19.4152
-19.3520
-19.2567
-19.1586
-19.0581
-18.9811
-18.8925
-18.8098
-18.6922
-18.5427
-18.3986
-18.2547
-18.1627
-18.0992
-18.0533
-18.0248
-18.0019
-17.9586
-17.8985
-17.8349
-17.7488
-17.6508
-17.5186
-17.3901
-17.2473
-17.0954
-16.9641
-16.8675
-16.7958
-16.7525
-16.7123
-16.6665
-16.6324
-16.5699
-16.4950
-16.3761
-16.2319
-16.0333
-15.8262
-15.5892
-15.3301
-15.0798
-14.8421
-14.6456
-14.5184
-14.4495
-14.4112
-14.3715
-14.3123
-14.2305
-14.1487
-14.0661
-13.9900
-13.9376
-13.8801
-13.8314
-13.7947
-13.7559
-13.7202
-13.6804
-13.6072
-13.5414
-13.4350
-13.3402
-13.2325
-13.1521
-13.0407
-12.9176
-12.7913
-12.6446
-12.4873
-12.3396
-12.1995
-12.1119
-12.0552
-11.9922
-11.9441
-11.8639
-11.7837
-11.6661
-11.5326
-11.3658
-11.2003
-11.0650
-10.9338
-10.8185
-10.7385
-10.6756
-10.6414
-10.5824
-10.5155
-10.4237
-10.3193
-10.2221
-10.1209
-10.0343
-9.9424
-9.8202
-9.6620
-9.4986
-9.3314
-9.1547
-8.9620
-8.7869
-8.6818
-8.6477
-8.6477
-8.6359
-8.5881
-8.4964
-8.3573
-8.1862
-7.9725
-7.7452
-7.4672
-7.1822
-6.9598
-6.7387
-6.5836
-6.4710
-6.4200
-6.3827
-6.3217
-6.2215
-6.0736
-5.9083
-5.7329
-5.5691
-5.4289
-5.3007
-5.2013
-5.1036
-4.9993
-4.8948
-4.7645
-4.6360
-4.4936
-4.3832
-4.2966
-4.2208
-4.1674
-4.1108
-4.0643
-4.0047
-3.9482
-3.8828
-3.7972
-3.7287
-3.6721
-3.6396
-3.5760
-3.4824
-3.3784
-3.2537
-3.1476
-3.0401
-2.9467
-2.8675
-2.7785
-2.6697
-2.5213
-2.3779
-2.2514
-2.1412
-2.0571
-1.9603
-1.8788
-1.7854
-1.6850
-1.5878
-1.4671
-1.2742
-1.0483
-0.8221
-0.6059
-0.4477
-0.3184
-0.2273
-0.1841
-0.1480
-0.1228
-0.1048
-0.0723
-0.0254
0.0461
0.1173
0.1858
0.2287
0.2752
0.3436
0.4133
0.5150
0.6277
0.7364
0.8379
0.9469
1.0747
1.2029
1.2934
1.3690
1.4261
1.4808
1.5244
1.5449
1.5584
1.5854
1.6248
1.6787
1.7530
1.8003
1.8400
1.8682
1.8722
1.8299
1.7891
1.7721
1.7768
1.7957
1.7896
1.7553
1.7083
1.6304
1.5895
1.5681
1.5664
1.5693
1.5622
1.5530
1.5173
1.4914
1.4617
1.4753
1.5339
1.5964
1.6303
1.6442
1.6569
1.6872
1.7996
2.0135
2.3139
2.6964
3.1537
3.6604
4.1077
4.4432
4.6690
4.7885
4.9145
5.0396
5.1504
5.2052
5.1756
5.0957
4.9942
4.9017
4.7939
4.6714
4.5218
4.3538
4.1773
3.9928
3.8074
3.6169
3.4421
3.2219
3.0192
2.8233
2.6974
2.5700
2.4845
2.4121
2.3304
2.2092
2.0167
1.7897
1.5634
1.3831
1.2697
1.1868
1.0985
0.9925
0.8672
0.7127
0.5951
0.4946
0.4055
0.2606
0.1076
-0.0128
-0.0558
-0.0707
-0.0800
-0.1254
-0.2217
-0.3712
-0.5058
-0.6178
-0.7093
-0.8297
-0.8968
-0.9569
-1.0065
-1.0099
-1.0279
-1.0708
-1.1726
-1.2803
-1.3971
-1.5396
-1.6854
-1.7969
-1.8596
-1.8792
-1.8464
-1.7777
-1.7040
-1.6606
-1.6433
-1.6747
-1.7419
-1.8386
-1.9062
-1.9518
-1.9575
-1.9520
-1.9314
-1.9508
-2.0078
-2.0962
-2.1935
-2.3129
-2.4321
-2.5421
-2.6645
-2.8118
-2.9591
-3.1187
-3.2924
-3.4786
-3.6806
-3.8797
-4.0565
-4.1615
-4.2048
-4.1672
-4.0888
-3.9963
-3.9496
-3.9791
-4.0226
-4.0516
-4.0481
-4.0357
-3.9810
-3.9367
-3.8514
-3.7193
-3.5227
-3.3234
-3.2162
-3.2156
-3.2964
-3.3213
-3.3105
-3.2559
-3.2219
-3.2113
-3.2188
-3.2045
-3.1866
-3.1869
-3.1981
-3.2001
-3.2249
-3.2710
-3.3171
-3.3893
-3.4660
-3.5282
-3.5712
-3.6066
-3.5951
-3.6036
-3.6103
-3.6057
-3.6053
-3.6036
-3.6086
-3.6436
-3.6686
-3.7027
-3.7220
-3.7398
-3.7597
-3.7916
-3.8324
-3.9057
-4.0150
-4.1598
-4.3455
-4.5898
-4.8375
-5.0838
-5.2909
-5.4529
-5.5562
-5.6027
-5.6330
-5.6384
-5.7152
-5.8526
-6.0238
-6.2126
-6.4016
-6.5907
-6.7334
-6.8281
-6.8531
-6.8407
-6.8318
-6.8301
-6.8408
-6.8408
-6.8515
-6.8444
-6.8266
-6.8051
-6.7695
-6.7195
-6.6909
-6.6963
-6.7893
-6.9414
-7.1096
-7.2332
-7.2727
-7.2658
-7.2552
-7.2660
-7.3199
-7.3973
-7.4836
-7.5679
-7.6290
-7.6937
-7.7638
-7.8538
-7.9673
-8.1039
-8.2531
-8.4457
-8.6583
-8.8941
-9.1637
-9.4157
-9.6047
-9.7048
-9.7244
-9.6669
-9.6380
-9.6556
-9.7083
-9.7334
-9.7389
-9.7633
-9.8127
-9.8971
-10.0276
-10.1990
-10.3828
-10.5671
-10.7585
-10.9409
-11.1065
-11.2784
-11.4067
-11.4844
-11.5052
-11.5121
-11.5316
-11.5969
-11.6982
-11.8429
-11.9925
-12.1275
-12.2686
-12.3703
-12.4461
-12.4968
-12.5418
-12.5739
-12.6047
-12.6218
-12.6286
-12.6320
-12.6423
-12.6822
-12.7317
-12.7861
-12.8667
-12.9382
-13.0323
-13.1218
-13.1976
-13.2475
-13.2848
-13.3210
-13.3414
-13.3550
-13.3685
-13.3967
-13.4542
-13.5285
-13.6390
-13.7709
-13.8859
-13.9784
-14.0427
-14.0733
-14.0803
-14.0836
-14.0903
-14.0969
-14.1093
-14.1647
-14.2301
-14.3045
-14.4037
-14.5279
-14.6553
-14.7715
-14.8269
-14.8619
-14.8766
-14.8833
-14.9000
-14.9348
-14.9696
-15.0099
-15.0637
-15.1227
-15.2203
-15.3428
-15.4915
-15.6338
-15.7837
-15.9286
-16.1144
-16.2745
-16.3991
-16.5081
-16.5629
-16.5924
-16.6185
-16.6503
-16.6846
-16.7427
-16.8243
-16.9017
-16.9685
-17.0270
-17.1177
-17.2338
-17.3434
-17.4337
-17.5174
-17.5753
-17.6107
-17.6396
-17.6536
-17.6721
-17.7214
-17.7796
-17.8499
-17.9144
-17.9513
-17.9320
-17.8800
-17.8396
-17.8276
-17.8185
-17.7879
-17.7415
-17.6572
-17.5619
-17.4654
-17.4069
-17.3691
-17.3692
-17.3599
-17.3537
-17.3272
-17.2908
-17.2487
-17.2305
-17.2067
-17.1659
-17.1334
-17.1087
-17.0871
-17.0794
-17.0862
-17.0656
-17.0335
-16.9900
-16.9630
-16.9474
-16.9571
-16.9576
-16.9506
-16.9261
-16.8788
-16.8106
-16.7489
-16.6947
-16.6759
-16.7102
-16.7692
-16.8345
-16.8363
-16.7604
-16.6644
-16.5911
-16.5692
-16.5945
-16.6357
-16.6636
-16.6612
-16.6169
-16.5646
-16.5130
-16.4741
-16.4546
-16.4612
-16.4550
-16.4383
-16.3834
-16.3140
-16.2335
-16.1635
-16.1405
-16.1413
-16.1414
-16.1448
-16.1483
-16.1254
-16.0993
-16.0685
-16.0402
-15.9830
-15.9314
-15.8478
-15.7650
-15.6839
-15.6754
-15.6733
-15.6712
-15.6284
-15.5481
-15.4391
-15.3405
-15.2850
-15.2860
-15.2990
-15.3024
-15.2675
-15.2111
-15.1262
-15.0381
-14.9732
-14.9387
-14.9272
-14.9110
-14.8535
-14.7453
-14.6333
-14.5434
-14.5224
-14.5481
-14.5857
-14.6049
-14.5545
-14.4931
-14.4332
-14.3921
-14.3757
-14.3689
-14.3448
-14.2969
-14.2293
-14.1466
-14.0521
-14.0272
-14.0013
-13.9709
-13.8806
-13.7113
-13.5247
-13.3500
-13.2352
-13.2070
-13.2199
-13.2426
-13.2361
-13.1602
-13.0616
-12.9512
-12.8343
-12.7250
-12.5886
-12.4393
-12.3355
-12.2674
-12.2435
-12.2381
-12.2154
-12.1366
-12.0295
-11.8998
-11.7656
-11.6306
-11.5009
-11.3886
-11.2849
-11.2092
-11.1228
-11.0265
-10.9149
-10.7734
-10.6028
-10.4037
-10.1981
-10.0106
-9.8992
-9.8800
-9.8766
-9.8480
-9.7896
-9.6863
-9.5505
-9.3995
-9.2447
-9.1108
-9.0301
-8.9819
-8.9460
-8.9102
-8.8725
-8.8124
-8.7318
-8.6482
-8.5716
-8.5236
-8.4711
-8.3796
-8.2760
-8.1634
-8.0695
-7.9773
-7.8901
-7.8043
-7.7034
-7.5939
-7.4810
-7.3713
-7.3011
-7.2653
-7.2449
-7.2449
-7.2347
-7.2109
-7.1817
-7.1216
-7.0511
-7.0030
-6.9757
-6.9655
-6.9398
-6.9141
-6.8713
-6.8164
-6.7530
-6.6603
-6.5572
-6.4609
-6.3783
-6.2922
-6.1961
-6.0547
-5.8803
-5.7421
-5.6400
-5.5948
-5.5740
-5.5741
-5.5722
-5.5688
-5.5691
-5.5484
-5.5102
-5.4583
-5.4359
-5.4359
-5.4273
-5.4047
-5.3633
-5.3181
-5.3063
-5.2890
-5.2472
-5.1773
-5.0832
-4.9766
-4.8609
-4.7628
-4.6490
-4.5524
-4.4508
-4.3577
-4.2874
-4.2312
-4.1958
-4.1675
-4.1498
-4.1447
-4.1360
-4.1238
-4.1044
-4.0866
-4.0476
-4.0144
-3.9478
-3.8753
-3.8047
-3.7475
-3.7108
-3.6950
-3.6950
-3.6950
-3.6915
-3.6845
-3.6777
-3.6636
-3.6498
-3.6503
-3.6413
-3.6058
-3.5631
-3.5310
-3.4881
-3.4469
-3.4078
-3.3687
-3.3368
-3.2868
-3.2259
-3.1456
-3.0636
-2.9954
-2.9214
-2.8712
-2.8532
-2.8350
-2.8421
-2.8421
-2.8421
-2.8385
-2.8387
-2.8387
-2.8438
6.1614
