-4.341760
-4.469346
-4.596927
-4.724498
-4.852051
-4.979582
-5.107086
-5.234556
-5.361987
-5.489373
-5.616710
-5.743991
-5.871212
-5.998365
-6.125446
-6.252450
-6.379370
-6.506202
-6.632939
-6.759577
-6.886109
-7.012531
-7.138836
-7.265019
-7.391075
-7.516998
-7.642783
-7.768424
-7.893915
-8.019252
-8.144429
-8.269440
-8.394280
-8.518944
-8.643425
-8.767720
-8.891821
-9.015724
-9.139424
-9.262914
-9.386191
-9.509247
-9.632078
-9.754679
-9.877045
-9.999169
-10.121046
-10.242672
-10.364041
-10.485147
-10.605986
-10.726552
-10.846840
-10.966845
-11.086561
-11.205983
-11.325106
-11.443925
-11.562435
-11.680630
-11.798505
-11.916056
-12.033276
-12.150162
-12.266707
-12.382908
-12.498758
-12.614252
-12.729387
-12.844156
-12.958554
-13.072577
-13.186220
-13.299478
-13.412345
-13.524818
-13.636890
-13.748558
-13.859815
-13.970658
-14.081082
-14.191081
-14.300652
-14.409788
-14.518486
-14.626741
-14.734548
-14.841902
-14.948798
-15.055233
-15.161201
-15.266697
-15.371718
-15.476258
-15.580314
-15.683879
-15.786951
-15.889524
-15.991594
-16.093157
-16.194207
-16.294742
-16.394755
-16.494244
-16.593203
-16.691629
-16.789517
-16.886862
-16.983661
-17.079910
-17.175603
-17.270738
-17.365309
-17.459313
-17.552745
-17.645602
-17.737880
-17.829574
-17.920680
-18.011195
-18.101115
-18.190435
-18.279152
-18.367262
-18.454761
-18.541645
-18.627911
-18.713554
-18.798571
-18.882959
-18.966713
-19.049830
-19.132306
-19.214139
-19.295323
-19.375856
-19.455734
-19.534953
-19.613511
-19.691404
-19.768628
-19.845180
-19.921056
-19.996254
-20.070771
-20.144601
-20.217744
-20.290195
-20.361951
-20.433010
-20.503367
-20.573021
-20.641968
-20.710204
-20.777728
-20.844535
-20.910624
-20.975991
-21.040633
-21.104548
-21.167733
-21.230185
-21.291901
-21.352879
-21.413115
-21.472609
-21.531356
-21.589354
-21.646601
-21.703094
-21.758831
-21.813809
-21.868026
-21.921480
-21.974168
-22.026087
-22.077237
-22.127614
-22.177216
-22.226041
-22.274087
-22.321353
-22.367835
-22.413531
-22.458441
-22.502561
-22.545890
-22.588427
-22.630168
-22.671113
-22.711259
-22.750606
-22.789150
-22.826891
-22.863826
-22.899955
-22.935275
-22.969786
-23.003485
-23.036371
-23.068443
-23.099699
-23.130138
-23.159758
-23.188559
-23.216539
-23.243697
-23.270031
-23.295541
-23.320225
-23.344082
-23.367112
-23.389313
-23.410684
-23.431225
-23.450934
-23.469811
-23.487854
-23.505064
-23.521438
-23.536978
-23.551681
-23.565547
-23.578576
-23.590767
-23.602120
-23.612633
-23.622307
-23.631142
-23.639136
-23.646289
-23.652602
-23.658073
-23.662703
-23.666491
-23.669438
-23.671543
-23.672805
-23.673226
-23.672804
-23.671541
-23.669435
-23.666488
-23.662698
-23.658067
-23.652595
-23.646282
-23.639127
-23.631132
-23.622297
-23.612622
-23.602108
-23.590754
-23.578562
-23.565532
-23.551665
-23.536961
-23.521421
-23.505045
-23.487835
-23.469790
-23.450913
-23.431203
-23.410661
-23.389289
-23.367087
-23.344056
-23.320198
-23.295513
-23.270002
-23.243667
-23.216508
-23.188527
-23.159726
-23.130104
-23.099664
-23.068407
-23.036335
-23.003448
-22.969748
-22.935237
-22.899915
-22.863786
-22.826849
-22.789107
-22.750562
-22.711215
-22.671068
-22.630122
-22.588380
-22.545843
-22.502512
-22.458391
-22.413481
-22.367783
-22.321300
-22.274034
-22.225987
-22.177161
-22.127558
-22.077180
-22.026030
-21.974109
-21.921421
-21.867966
-21.813748
-21.758769
-21.703031
-21.646537
-21.589290
-21.531291
-21.472543
-21.413049
-21.352811
-21.291832
-21.230115
-21.167663
-21.104477
-21.040561
-20.975918
-20.910551
-20.844461
-20.777653
-20.710128
-20.641891
-20.572944
-20.503290
-20.432931
-20.361872
-20.290115
-20.217663
-20.144520
-20.070688
-19.996171
-19.920972
-19.845095
-19.768542
-19.691317
-19.613424
-19.534866
-19.455645
-19.375766
-19.295233
-19.214048
-19.132215
-19.049738
-18.966620
-18.882865
-18.798477
-18.713459
-18.627815
-18.541549
-18.454664
-18.367164
-18.279054
-18.190336
-18.101015
-18.011095
-17.920579
-17.829472
-17.737778
-17.645499
-17.552642
-17.459208
-17.365204
-17.270632
-17.175497
-17.079803
-16.983554
-16.886754
-16.789408
-16.691520
-16.593094
-16.494134
-16.394644
-16.294630
-16.194095
-16.093044
-15.991481
-15.889410
-15.786836
-15.683764
-15.580198
-15.476142
-15.371601
-15.266580
-15.161083
-15.055115
-14.948680
-14.841783
-14.734428
-14.626621
-14.518366
-14.409667
-14.300530
-14.190959
-14.080959
-13.970535
-13.859692
-13.748434
-13.636766
-13.524693
-13.412220
-13.299352
-13.186094
-13.072451
-12.958427
-12.844028
-12.729259
-12.614124
-12.498629
-12.382779
-12.266578
-12.150032
-12.033146
-11.915925
-11.798374
-11.680498
-11.562303
-11.443793
-11.324974
-11.205850
-11.086428
-10.966711
-10.846707
-10.726418
-10.605852
-10.485013
-10.363906
-10.242537
-10.120911
-9.999033
-9.876909
-9.754543
-9.631942
-9.509110
-9.386053
-9.262777
-9.139286
-9.015586
-8.891683
-8.767581
-8.643287
-8.518805
-8.394141
-8.269301
-8.144290
-8.019113
-7.893776
-7.768284
-7.642643
-7.516858
-7.390935
-7.264879
-7.138695
-7.012390
-6.885968
-6.759436
-6.632798
-6.506061
-6.379229
-6.252309
-6.125305
-5.998224
-5.871070
-5.743850
-5.616569
-5.489232
-5.361845
-5.234414
-5.106944
-4.979440
-4.851909
-4.724356
-4.596785
-4.469204
-4.341618
-4.214031
-4.086450
-3.958880
-3.831326
-3.703795
-3.576292
-3.448822
-3.321391
-3.194004
-3.066667
-2.939386
-2.812166
-2.685013
-2.557931
-2.430928
-2.304007
-2.177176
-2.050439
-1.923801
-1.797269
-1.670848
-1.544543
-1.418360
-1.292304
-1.166381
-1.040596
-0.914956
-0.789464
-0.664127
-0.538951
-0.413940
-0.289100
-0.164437
-0.039955
0.084339
0.208440
0.332343
0.456042
0.579533
0.702809
0.825865
0.948696
1.071297
1.193662
1.315785
1.437663
1.559288
1.680657
1.801763
1.922602
2.043167
2.163455
2.283459
2.403175
2.522597
2.641720
2.760538
2.879047
2.997242
3.115117
3.232667
3.349888
3.466773
3.583318
3.699518
3.815367
3.930862
4.045996
4.160764
4.275162
4.389185
4.502828
4.616085
4.728952
4.841424
4.953496
5.065163
5.176420
5.287262
5.397686
5.507685
5.617254
5.726391
5.835088
5.943342
6.051148
6.158502
6.265398
6.371832
6.477799
6.583295
6.688316
6.792855
6.896910
7.000475
7.103546
7.206119
7.308188
7.409750
7.510800
7.611334
7.711347
7.810835
7.909794
8.008219
8.106106
8.203451
8.300250
8.396497
8.492190
8.587324
8.681895
8.775898
8.869330
8.962186
9.054463
9.146157
9.237262
9.327777
9.417696
9.507015
9.595732
9.683841
9.771339
9.858222
9.944487
10.030130
10.115147
10.199533
10.283287
10.366403
10.448879
10.530710
10.611894
10.692426
10.772303
10.851522
10.930079
11.007971
11.085194
11.161745
11.237621
11.312819
11.387334
11.461164
11.534306
11.606756
11.678512
11.749570
11.819926
11.889579
11.958525
12.026760
12.094283
12.161090
12.227178
12.292544
12.357185
12.421100
12.484284
12.546735
12.608450
12.669427
12.729663
12.789155
12.847902
12.905899
12.963145
13.019637
13.075373
13.130351
13.184567
13.238020
13.290707
13.342626
13.393774
13.444150
13.493752
13.542576
13.590621
13.637886
13.684367
13.730063
13.774971
13.819091
13.862419
13.904954
13.946695
13.987639
14.027784
14.067130
14.105673
14.143413
14.180348
14.216476
14.251795
14.286305
14.320003
14.352888
14.384959
14.416214
14.446652
14.476272
14.505072
14.533050
14.560207
14.586541
14.612049
14.636733
14.660589
14.683618
14.705818
14.727188
14.747728
14.767436
14.786312
14.804355
14.821563
14.837937
14.853475
14.868178
14.882043
14.895071
14.907261
14.918613
14.929125
14.938799
14.947632
14.955625
14.962778
14.969089
14.974560
14.979189
14.982976
14.985922
14.988025
14.989287
14.989707
14.989284
14.988020
14.985913
14.982965
14.979175
14.974543
14.969070
14.962755
14.955600
14.947604
14.938768
14.929092
14.918576
14.907222
14.895029
14.881998
14.868130
14.853425
14.837884
14.821507
14.804296
14.786251
14.767372
14.747661
14.727119
14.705745
14.683543
14.660511
14.636652
14.611966
14.586454
14.560118
14.532958
14.504977
14.476174
14.446552
14.416111
14.384853
14.352780
14.319892
14.286191
14.251679
14.216356
14.180226
14.143289
14.105546
14.067000
14.027652
13.987504
13.946557
13.904814
13.862276
13.818945
13.774823
13.729911
13.684213
13.637729
13.590462
13.542414
13.493587
13.443983
13.393605
13.342454
13.290532
13.237842
13.184387
13.130168
13.075188
13.019450
12.962955
12.905706
12.847707
12.788958
12.729463
12.669225
12.608245
12.546527
12.484074
12.420887
12.356971
12.292327
12.226958
12.160868
12.094059
12.026534
11.958296
11.889348
11.819693
11.749333
11.678273
11.606515
11.534063
11.460919
11.387086
11.312569
11.237369
11.161491
11.084937
11.007712
10.929818
10.851259
10.772038
10.692158
10.611624
10.530438
10.448604
10.366127
10.283008
10.199253
10.114864
10.029845
9.944200
9.857933
9.771048
9.683548
9.595436
9.506718
9.417396
9.327476
9.236959
9.145851
9.054156
8.961877
8.869019
8.775585
8.681580
8.587007
8.491872
8.396177
8.299927
8.203127
8.105780
8.007891
7.909465
7.810504
7.711014
7.610999
7.510464
7.409412
7.307848
7.205777
7.103203
7.000130
6.896563
6.792507
6.687966
6.582944
6.477446
6.371477
6.265042
6.158144
6.050789
5.942982
5.834726
5.726027
5.616889
5.507318
5.397318
5.286893
5.176049
5.064790
4.953122
4.841049
4.728576
4.615707
4.502449
4.388805
4.274781
4.160381
4.045612
3.930477
3.814981
3.699130
3.582929
3.466383
3.349497
3.232275
3.114724
2.996848
2.878652
2.760142
2.641322
2.522198
2.402776
2.283059
2.163054
2.042765
1.922199
1.801359
1.680252
1.558883
1.437256
1.315378
1.193253
1.070888
0.948286
0.825454
0.702397
0.579121
0.455629
0.331929
0.208026
0.083924
-0.040371
-0.164853
-0.289517
-0.414357
-0.539368
-0.664546
-0.789883
-0.915375
-1.041016
-1.166801
-1.292725
-1.418781
-1.544964
-1.671270
-1.797691
-1.924224
-2.050862
-2.177599
-2.304431
-2.431352
-2.558356
-2.685437
-2.812591
-2.939811
-3.067092
-3.194429
-3.321816
-3.449247
-3.576717
-3.704221
-3.831752
-3.959306
-4.086876
-4.214457
-4.342044
-4.469630
-4.597212
-4.724782
-4.852335
-4.979866
-5.107369
-5.234839
-5.362270
-5.489657
-5.616994
-5.744275
-5.871495
-5.998648
-6.125729
-6.252733
-6.379653
-6.506484
-6.633221
-6.759859
-6.886391
-7.012812
-7.139117
-7.265300
-7.391355
-7.517278
-7.643063
-7.768703
-7.894195
-8.019531
-8.144708
-8.269718
-8.394558
-8.519221
-8.643702
-8.767996
-8.892097
-9.016000
-9.139699
-9.263189
-9.386465
-9.509521
-9.632352
-9.754952
-9.877317
-9.999440
-10.121317
-10.242943
