-4.812578948
-5.084077485
-5.205918181
-5.186633284
-5.070011938
-4.864282022
-4.575770353
-4.23608633
-3.922496856
-3.663057212
-3.457385733
-3.2580332
-3.072400639
-2.913271727
-2.835187628
-2.824986464
-2.876560742
-2.93578718
-2.982616496
-3.071540263
-3.118339443
-3.19611409
-3.309206497
-3.414517591
-3.508349942
-3.58018802
-3.586993059
-3.545322397
-3.440293064
-3.362883521
-3.341493601
-3.393101563
-3.440365519
-3.445690037
-3.421550176
-3.401939035
-3.377032042
-3.355681782
-3.364530406
-3.406142699
-3.373734266
-3.288768071
-3.226892625
-3.131632779
-3.004992106
-2.981876187
-3.121369323
-3.377809677
-3.716226629
-4.014301279
-4.132140003
-4.116989265
-4.118168073
-4.203089188
-4.32995723
-4.400235186
-4.407356575
-4.383229528
-4.351730996
-4.338835381
-4.366053393
-4.358848372
-4.316992675
-4.300476462
-4.3519396
-4.394776978
-4.403339156
-4.436895875
-4.510621263
-4.540455445
-4.560845079
-4.568118449
-4.581426659
-4.577618635
-4.559121074
-4.539973972
-4.467401555
-4.313126384
-4.214964586
-4.202637286
-4.197918603
-4.188923657
-4.154774544
-4.143572958
-4.081925058
-3.960626719
-3.891965689
-3.885802616
-3.946175663
-4.062707321
-4.215797191
-4.299625957
-4.313286878
-4.312335701
-4.359805849
-4.46992773
-4.622840092
-4.823069019
-5.059721476
-5.277310363
-5.374195589
-5.415408411
-5.451817146
-5.499509961
-5.563535961
-5.672889193
-5.807300177
-5.936196094
-6.056699199
-6.160520885
-6.24591038
-6.321009284
-6.382573699
-6.400008902
-6.417389166
-6.475795922
-6.553901372
-6.604270576
-6.653516563
-6.692430087
-6.696461034
-6.693366774
-6.699504792
-6.757011004
-6.835156714
-6.932803766
-7.056168514
-7.182425482
-7.263435967
-7.30753806
-7.344451961
-7.397781209
-7.47991849
-7.544857315
-7.682687958
-7.910873181
-8.197531313
-8.499741476
-8.819573037
-9.124200307
-9.349246019
-9.526574459
-9.650822262
-9.712083879
-9.743275874
-9.755754951
-9.755754951
-9.744232348
-9.756569988
-9.810568766
-9.864566835
-9.92592379
-10.03226514
-10.20178383
-10.35009246
-10.48290005
-10.63500172
-10.7732443
-10.89248072
-11.00147295
-11.11935328
-11.24101358
-11.30783518
-11.39416333
-11.47437337
-11.49851093
-11.50013937
-11.55827549
-11.61854555
-11.62565581
-11.54040729
-11.52180693
-11.68683394
-11.80495334
-11.73999958
-11.50893149
-11.18589144
-10.87222115
-10.58066792
-10.34520425
-10.18671085
-10.06786562
-9.958072951
-9.78210534
-9.44663325
-8.92017239
-8.193800919
-7.30572521
-6.257045379
-5.241356404
-4.300473407
-3.472667439
-2.859685065
-2.552051811
-2.44190371
-2.451794537
-2.623899891
-2.958178609
-3.271119291
-3.517736702
-3.750817486
-4.000578426
-4.252901265
-4.53230187
-4.814758511
-5.049979685
-5.278758379
-5.485955583
-5.537078787
-5.531010539
-5.50067435
-5.467355194
-5.455396183
-5.481636956
-5.588059165
-5.738083563
-5.839026133
-5.924974686
-6.015273541
-6.038121742
-6.01097306
-5.98171976
-5.918605177
-5.761346978
-5.539645413
-5.309824235
-5.090009907
-4.968888094
-5.016708893
-5.177073294
-5.381821244
-5.617750334
-5.784555213
-5.832318736
-5.817212451
-5.813926933
-5.87333551
-5.994399723
-6.164164024
-6.302187118
-6.420439871
-6.498033986
-6.597992226
-6.788786683
-6.984616112
-7.140751576
-7.305511471
-7.528379773
-7.781493021
-8.005238405
-8.275205232
-8.533273178
-8.73019854
-8.920188413
-9.128622585
-9.288024421
-9.384598036
-9.443964812
-9.457056956
-9.460737348
-9.471692066
-9.511781311
-9.571000972
-9.640922499
-9.692431281
-9.757325636
-9.846261306
-9.904382565
-9.955190928
-10.01083775
-10.08996429
-10.17534635
-10.25727811
-10.3172493
-10.37399486
-10.43470081
-10.48702675
-10.52346839
-10.57120447
-10.64679762
-10.76078784
-10.88697941
-11.00044829
-11.14947748
-11.30296166
-11.42506423
-11.56725025
-11.70993399
-11.85277377
-12.02472202
-12.13670011
-12.17233604
-12.18106347
-12.22669845
-12.25818543
-12.27023677
-12.31103389
-12.35696125
-12.38428676
-12.4103924
-12.43949822
-12.4626684
-12.49005013
-12.50762292
-12.51269029
-12.52164032
-12.52830099
-12.56010778
-12.62083281
-12.69518138
-12.81373237
-12.92768656
-13.03590879
-13.13811802
-13.2227862
-13.2770935
-13.31288711
-13.33654174
-13.34023176
-13.3386078
-13.35633494
-13.36903464
-13.36843962
-13.37624906
-13.41818909
-13.45374907
-13.44829821
-13.48568409
-13.54345502
-13.63126208
-13.72988546
-13.85620759
-13.97304485
-14.06467036
-14.19254719
-14.34701906
-14.43665349
-14.48541821
-14.49720258
-14.51326647
-14.54017166
-14.59754071
-14.73620001
-14.9088066
-15.06325869
-15.20837065
-15.38884247
-15.57855968
-15.73225722
-15.818692
-15.8269855
-15.77162771
-15.71201651
-15.67078
-15.65711119
-15.65003337
-15.66190291
-15.66679784
-15.64100871
-15.60233421
-15.56598857
-15.49562734
-15.37618747
-15.27413563
-15.20653083
-15.15698091
-15.10479667
-15.08513981
-15.09756971
-15.1284726
-15.15673837
-15.19440365
-15.23167535
-15.28018437
-15.32264765
-15.36883705
-15.40899164
-15.44536684
-15.45191824
-15.44908629
-15.4534994
-15.43411374
-15.4211915
-15.43246173
-15.42910199
-15.44490292
-15.48906785
-15.47255462
-15.42886256
-15.33668828
-15.17453708
-14.99595206
-14.82066022
-14.66542164
-14.52266983
-14.43894292
-14.38258667
-14.34877391
-14.37560729
-14.42784882
-14.48792481
-14.54580048
-14.62970458
-14.70076885
-14.80905035
-14.91983449
-15.04043208
-15.15996619
-15.23235644
-15.23162425
-15.17093326
-15.04630652
-14.85859163
-14.61758629
-14.35943523
-14.07855677
-13.76915754
-13.46424672
-13.16414355
-12.8859663
-12.69445925
-12.63350527
-12.63701798
-12.63921088
-12.63424974
-12.6431064
-12.66181136
-12.69152289
-12.77902112
-12.80296965
-12.7619486
-12.69343291
-12.67446414
-12.64654858
-12.57257504
-12.56219306
-12.62279553
-12.79646926
-13.1815621
-13.78306786
-14.57940816
-15.6745084
-17.11548171
-18.79518092
-20.33676562
-21.41585362
-21.83156924
-21.51250057
-20.71021152
-19.7043372
-18.65222976
-17.56726572
-16.49827915
-15.49611635
-14.61886338
-13.82027364
-13.11991886
-12.50469078
-11.95893949
-11.6489595
-11.59334219
-11.76625776
-12.016082
-12.24638588
-12.3631952
-12.31795269
-12.17021846
-12.02677079
-11.85548502
-11.69273745
-11.63761275
-11.71459185
-11.85815942
-12.00281062
-12.05585481
-12.01786663
-11.89288194
-11.77326667
-11.73833709
-11.77128611
-11.81696036
-11.83948079
-11.83167984
-11.78588399
-11.73864649
-11.68850485
-11.61987356
-11.50934951
-11.37725417
-11.32136817
-11.38664065
-11.5346141
-11.7634783
-11.99740254
-12.18686744
-12.34356625
-12.51880223
-12.74215022
-12.92031037
-13.07091542
-13.22753983
-13.33195788
-13.40529778
-13.51551562
-13.65968513
-13.8032696
-13.94508336
-14.08394826
-14.15438847
-14.11108754
-13.93823483
-13.74005472
-13.56703838
-13.50112896
-13.51048829
-13.51426485
-13.51426485
-13.51426485
-13.50824057
-13.51198617
-13.52553652
-13.49866979
-13.43146552
-13.40117273
-13.39921449
-13.38473239
-13.36900679
-13.36826545
-13.34535785
-13.29565892
-13.25955853
-13.24769618
-13.29223718
-13.455718
-13.69860353
-13.85971885
-13.95246769
-14.02171248
-14.1052915
-14.18421383
-14.30592168
-14.44949477
-14.54190938
-14.58170795
-14.59916891
-14.59922991
-14.61159231
-14.66408702
-14.78075345
-14.89979256
-14.99860717
-15.08302086
-15.18636494
-15.32158413
-15.46727126
-15.66944132
-15.94992274
-16.21508023
-16.38188601
-16.49127648
-16.60902162
-16.71650654
-16.84708212
-17.06491475
-17.40207022
-17.68126814
-17.78809411
-17.75311566
-17.67692613
-17.58551138
-17.54389881
-17.53252792
-17.52015344
-17.51286598
-17.50022736
-17.48381427
-17.44527937
-17.374531
-17.25041845
-17.09351419
-16.87491423
-16.62014277
-16.36890307
-16.19080138
-16.11574507
-16.11995176
-16.15812625
-16.19284455
-16.23159006
-16.2679478
-16.31373305
-16.36370185
-16.39370036
-16.4133793
-16.41878871
-16.41418968
-16.38702037
-16.34605855
-16.31737867
-16.28592221
-16.28247913
-16.30546033
-16.3197014
-16.30621713
-16.27087184
-16.23066556
-16.13530783
-16.01397091
-15.89398328
-15.77433717
-15.66550224
-15.6058198
-15.57678119
-15.55246558
-15.52023312
-15.48046374
-15.46163878
-15.44026953
-15.42405565
-15.42596522
-15.42150808
-15.37185447
-15.31406872
-15.27615038
-15.23004501
-15.15323039
-15.08523924
-15.01845699
-14.95186502
-14.81673503
-14.61442727
-14.41766923
-14.19922345
-13.95861464
-13.75963809
-13.65655752
-13.594667
-13.59568941
-13.61400845
-13.63707112
-13.63591772
-13.66938673
-13.718585
-13.75188228
-13.78531829
-13.86567445
-13.91768652
-13.94762982
-13.95866802
-13.95763154
-13.92508628
-13.92922845
-13.95659797
-13.97345596
-14.02663735
-14.09614891
-14.14764659
-14.26667722
-14.43893616
-14.53664842
-14.49795681
-14.38904458
-14.26899982
-14.15117142
-14.08743554
-14.05872554
-14.02762072
-13.97089521
-13.92982442
-13.90749185
-13.88265821
-13.86471091
-13.83267766
-13.76123706
-13.69630692
-13.61746802
-13.54358587
-13.46438625
-13.36568332
-13.28767064
-13.24443723
-13.24837692
-13.26881333
-13.28344189
-13.30695843
-13.37017276
-13.43447072
-13.42076318
-13.35323829
-13.31727562
-13.29235465
-13.26933366
-13.24174503
-13.21658937
-13.19324429
-13.14882719
-13.10261281
-13.03483443
-12.93547356
-12.8236038
-12.73522241
-12.67820217
-12.65752383
-12.65625594
-12.66320325
-12.64322924
-12.63365454
-12.67118726
-12.71027286
-12.7292181
-12.74160541
-12.77224856
-12.80065995
-12.78782377
-12.78302384
-12.79733438
-12.81453623
-12.82161276
-12.83400939
-12.83717422
-12.83349393
-12.79819172
-12.73920829
-12.6471665
-12.50698124
-12.32343913
-12.14482298
-11.93963796
-11.70201752
-11.50518602
-11.39750274
-11.30501008
-11.19033515
-11.05913297
-10.94925051
-10.83698758
-10.73131131
-10.63126029
-10.54016011
-10.44655936
-10.34569462
-10.26364243
-10.22048963
-10.21508974
-10.2217151
-10.21054311
-10.1948102
-10.18341122
-10.18523078
-10.1767606
-10.13843878
-10.0603059
-9.995409764
-9.993887781
-10.0117714
-10.01176004
-10.00855305
-10.10353544
-10.25833359
-10.35719354
-10.41460884
-10.47077575
-10.55157104
-10.6325566
-10.77837023
-10.9733362
-11.14804803
-11.291541
-11.42863262
-11.55132238
-11.65053016
-11.73536038
-11.82590212
-11.9075837
-11.87959487
-11.71294428
-11.41728674
-11.00828803
-10.53149913
-9.993480268
-9.371047131
-8.723548404
-8.062375533
-7.487726959
-7.068542809
-6.804218037
-6.674885611
-6.634788881
-6.662612839
-6.715359087
-6.715359087
-6.708915
-6.71323825
-6.720613318
-6.754684914
-6.822421538
-6.846652334
-6.855032544
-6.890864146
-6.969526044
-7.0749204
-7.205843605
-7.389433829
-7.579142713
-7.803320097
-8.072677441
-8.325338161
-8.580522077
-8.866439218
-9.131159876
-9.366376804
-9.569675466
-9.622747132
-9.471842732
-9.223064234
-8.985973085
-8.757559966
-8.563826472
-8.413594853
-8.2668339
-8.132111715
-7.989879067
-7.824244456
-7.641565045
-7.449690814
-7.234703129
-7.009250331
-6.788815994
-6.63735241
-6.572757992
-6.565454865
-6.536114838
-6.462099501
-6.333703301
-6.16713807
-5.990901482
-5.806081606
-5.57854871
-5.297654855
-5.00962522
-4.746090967
-4.473252026
-4.20059051
-3.973302021
-3.764544101
-3.580352031
-3.415546664
-3.286671252
-3.177214532
-3.114609615
-3.10343911
-3.085026966
-3.073540731
-3.06594838
-3.022785226
-2.883551627
-2.735741381
-2.583490808
-2.382683315
-2.167551077
-1.946278395
-1.697471649
-1.47589882
-1.310222265
-1.168169167
-1.026472594
-0.908412094
-0.809783492
-0.658617602
-0.443762641
-0.240433267
-0.039664429
0.162188179
0.354244367
0.515590352
0.71992765
0.958557384
1.169158978
1.334699568
1.523353264
1.730143733
1.968336988
2.284336405
2.640565985
2.948163666
3.179222505
3.38912238
3.586222558
3.736137159
3.895307764
4.04099533
4.147874303
4.202440199
4.248293612
4.285808418
4.308377595
4.348559354
4.43493485
4.511913384
4.568534785
4.612932163
4.637510402
4.64818534
4.668512862
4.718308399
4.829647678
5.009757086
5.221485528
5.465870825
5.755652269
6.00186442
6.216571507
6.459279857
6.666775927
6.818325466
6.921513113
6.971977025
6.980269205
6.984652885
7.007737761
7.053428342
7.100864079
7.141338003
7.210500285
7.317049336
7.43805313
7.530556882
7.631714665
7.752482626
7.859368159
7.956175597
8.055657783
8.162225301
8.240090179
8.295663966
8.355201641
8.4078591
8.457005716
8.518505536
8.563722359
8.561275438
8.563260892
8.604786719
8.652334733
8.687112399
8.757865095
8.837423325
8.889770989
8.945327611
9.020059979
9.128057262
9.25934826
9.43017945
9.57849699
9.649079772
9.724261307
9.799581807
9.866491841
9.920461222
9.966625957
9.993074851
10.02812028
10.12330086
10.27094357
10.41090309
10.52433566
10.61321407
10.69177603
10.75718644
10.79140038
10.80682955
10.82159874
10.82662546
10.81565237
10.80568106
10.78442523
10.78475484
10.81827686
10.82517267
10.77173858
10.73399177
10.73317579
10.71215524
10.65494599
10.61659069
10.56918299
10.47754659
10.3949869
10.31839086
10.19308486
10.0806252
10.04540854
10.03188684
10.02361053
10.02057531
10.01377563
9.972167342
9.938062253
9.942552887
9.884620059
9.779726334
9.707845471
9.693513053
9.683261454
9.655764614
9.642410785
9.643189789
9.638350318
9.638740069
9.657764668
9.660114644
9.652029028
9.643949993
9.62983491
9.610495001
9.601610856
9.612099071
9.604396311
9.561302219
9.521394756
9.494375852
9.448968031
9.410394266
9.363225731
9.341818099
9.340601394
9.358770956
9.361605575
9.341508963
9.336687185
9.337093293
9.319387094
9.263444159
9.172106982
9.083264574
8.959505131
8.828698826
8.720885951
8.628508735
8.559479491
8.520696928
8.515158158
8.468991252
8.390015141
8.309325929
8.226990944
8.167447678
8.116633994
8.082045305
8.05383503
7.978837376
7.854890857
7.696469693
7.459095188
7.139915522
6.756050068
6.375941718
6.019234556
5.688231029
5.434606236
5.225478876
5.086667273
4.995470383
4.962657462
4.959662323
4.986900301
5.000118419
5.006793177
4.990154259
4.994051521
5.001609065
5.006873892
4.993176163
4.964150126
4.927224019
4.897040834
4.874947463
4.849616368
4.818681948
4.776312338
4.765565564
4.7710178
4.76451082
4.734690169
4.707994158
4.679365809
4.643777716
4.564350059
4.47275587
4.346635544
4.221896758
4.106660095
4.008177116
3.934935247
3.88534728
3.86703776
3.847984735
3.840265817
3.825374117
3.779818586
3.697943294
3.589535835
3.445501618
3.265499041
3.049704686
2.814196782
2.568815436
2.319586523
2.042717291
1.736242255
1.403202403
1.042137634
0.699286777
0.387337045
0.105344598
-0.103875357
-0.222149647
-0.248341633
-0.229531876
-0.212859025
-0.200350322
-0.200845304
-0.249439402
-0.329832736
-0.429882451
-0.56594449
-0.734823222
-0.95641914
-1.234276469
-1.544180256
-1.873125021
-2.216585105
-2.568020263
-2.899257656
-3.167657239
-3.404727855
-3.61193807
-3.722894038
-3.760985785
-3.778373053
-3.815721745
-3.83047843
-3.831172462
-3.836964028
-3.84564869
-3.86770651
-3.927677093
-3.998801136
-4.091791386
-4.187756604
-4.265236452
-4.313116475
-4.295552933
-4.203428229
-4.081602588
-3.924029314
-3.770100514
-3.662160704
-3.578563425
-3.468040286
-3.424407035
-3.497632632
-3.686513757
-4.024157979
-4.387716146
-4.673012191
-4.771676159
-4.721707494
-4.468384024
-3.980842805
-3.383146062
-2.760899063
-2.118907427
-1.524187547
-1.104822046
-0.89640571
-0.888243205
-1.225897946
-1.804788408
-2.3900867
-2.936097642
-3.416848303
-3.789282146
-4.144138141
-4.471629981
-4.696895155
-4.810354573
-4.819751554
-4.735322658
-4.582386437
-4.43092836
-4.336554628
-4.270006183
-4.224765056
-4.198981295
-4.19881056
-4.118157269
-3.984174306
-3.826513607
-3.701335277
-3.553191009
-3.402559182
-3.237643309
-3.05988283
-2.900082266
-2.809279042
-2.77593297
-2.800717647
-2.936769459
-3.085115368
-3.211887381
-3.295088164
-3.408759127
-3.47731335
-3.511627538
-3.54766577
-3.605415626
-3.715245808
-3.858406642
-3.974457428
-4.048163099
-4.046227381
-3.896370535
-3.667751968
-3.398517669
-3.10325775
-2.808203637
-2.534776955
-2.293034436
-2.05442604
-1.863411585
-1.758264915
-1.662592274
-1.527153895
-1.38587726
-1.31186979
-1.293643834
-1.329434779
-1.448530471
-1.630086071
-1.832585467
-1.995685935
-2.098599874
-2.129847022
-2.124847268
-2.110559846
-2.081997041
-2.062685901
-2.071001471
-2.131170202
-2.184669206
-2.226442474
-2.289126374
-2.389334996
-2.477806111
-2.537897027
-2.573794685
-2.599678324
-2.633871301
-2.67977561
-2.731537385
-2.805747753
-2.903436378
-2.991969197
-3.083738886
-3.131361707
-3.137234016
-3.143106662
-3.143106662
-3.143106662
-3.154852965
-3.179809921
-3.220640378
-3.279717459
-3.380504824
-3.487173273
-3.599708261
-3.725367829
-3.8459474
-3.935642479
-4.013039276
-4.091347927
-4.200144487
-4.308068839
-4.388162766
-4.445012745
-4.481873273
-4.525577406
-4.589206233
-4.655041031
-4.694688519
-4.747447917
-4.831372758
-4.929664582
-5.038630424
-5.158805272
-5.268081312
-5.371226006
-5.479417648
-5.582861242
-5.674278817
-5.787658269
-5.893308655
-5.970108373
-6.025796036
-6.040682965
-6.04861862
-6.050580868
-6.059500941
-6.091347042
-6.131224582
-6.161123434
-6.192016712
-6.221932869
-6.254822739
-6.303714624
-6.370608946
-6.430556569
-6.498530615
-6.568552982
-6.64864402
-6.721782209
-6.788954185
-6.865225664
-6.955591968
-7.011809198
-7.055032401
-7.088236985
-7.121355618
-7.153509573
-7.194733821
-7.262019389
-7.33226711
-7.385517582
-7.422856362
-7.491469168
-7.575828341
-7.650332824
-7.748025814
-7.857622973
-7.962329
-8.060107809
-8.15022409
-8.253324288
-8.347906771
-8.428724539
-8.522903795
-8.605736202
-8.658270124
-8.690952097
-8.739541795
-8.775571517
-8.785641527
-8.789587172
-8.797477137
-8.81719432
-8.826120807
-8.837943525
-8.865514669
-8.909043603
-8.951050563
-8.970160169
-9.002101276
-9.062558972
-9.132724139
-9.182895806
-9.206954539
-9.209051093
-9.209051093
-9.209051093
-9.209051093
-9.215181195
-9.241407106
-9.267516082
-9.278898
-9.285196201
-9.292260792
-9.300374471
-9.312403574
-9.320638799
-9.325603855
-9.328752033
-9.334766316
-9.335815586
-9.355031432
-9.371383133
-9.39610537
-9.435991568
-9.489739796
-9.544066743
-9.635498393
-9.795987125
-9.960802451
-10.10798856
-10.24623748
-10.36713418
-10.42342009
-10.44766807
-10.4881443
-10.53019364
-10.55636452
-10.58592174
-10.63597659
-10.67419121
-10.6640655
-10.65796157
-10.6479354
-10.65827076
-10.68491563
-10.7122355
-10.73284054
-10.74312564
-10.76867091
-10.79596685
-10.81867567
-10.827844
-10.83204044
-10.8536512
-10.84768689
-10.8365211
-10.82744419
-10.83610349
-10.819728
-10.78431544
-10.75295677
-10.75823135
-10.78429715
-10.80696168
-10.81528458
-10.81447945
-10.81055391
-10.79669574
-10.79068972
-10.79357702
-10.80823958
-10.74453033
-10.66936994
-10.62114885
-10.58453325
-10.54247405
-10.5039541
-10.46569964
-10.41550902
-10.38803346
-10.38752157
-10.44074926
-10.50734253
-10.50466458
-10.49776279
-10.51740087
-10.56344827
-10.59849675
-10.59922269
-10.52137087
-10.32106324
-10.10033879
-9.83481383
-9.519664149
-9.172288556
-8.780120991
-8.36266556
-8.007757602
-7.815066052
-7.779844849
-7.834968454
-7.894162472
-7.955373307
-8.029458646
-8.055543705
-8.000936133
-7.945879988
-7.934639081
-7.916383372
-7.898004516
-7.856264979
-7.790212638
-7.782905484
-7.891154282
-8.074888257
-8.277750087
-8.427654635
-8.537036863
-8.584941418
-8.606211709
-8.607243827
-8.589221289
-8.551783468
-8.552982981
-8.557637828
-8.495225781
-8.411549031
-8.339099724
-8.269327999
-8.252659499
-8.256704354
-8.197025619
-8.065542855
-7.907582698
-7.762225576
-7.641798689
-7.538543461
-7.401505883
-7.230206893
-7.08358467
-6.987594526
-6.916795206
-6.886932387
-6.937682853
-7.034136993
-7.174134263
-7.333411619
-7.4763008
-7.551333545
-7.576571596
-7.59639088
-7.602783057
-7.519624889
-7.477037124
-7.455902256
-7.404579146
-7.352788444
-7.312507064
-7.253296929
-7.162509171
-7.090622347
-7.016180102
-6.930781059
-6.882146819
-6.860925393
-6.815875733
-6.745611423
-6.668222601
-6.605309484
-6.552367981
-6.510683803
-6.489587152
-6.461945336
-6.420570126
-6.383225028
-6.332498034
-6.248127796
-6.158768084
-6.109594969
-6.10070705
-6.080932981
-6.037542847
-5.984734414
-5.898047314
-5.832451068
-5.846619294
-5.886252397
-5.891635656
-5.887604851
-5.91583713
-5.964199031
-6.01853807
-6.095184701
-6.209674372
-6.337482469
-6.509591408
-6.762198891
-6.99412213
-7.143279271
-7.247732553
-7.309870502
-7.339824421
-7.369887933
-7.435343813
-7.484392144
-7.527242894
-7.611416727
-7.711184069
-7.824514091
-7.972976293
-8.128837772
-8.249176738
-8.344438252
-8.424904939
-8.473005599
-8.484936545
-8.498703388
-8.504761516
-8.505656317
-8.52341026
-8.552847806
-8.587382562
-8.60348116
-8.634456541
-8.643458748
-8.645362664
-8.671494671
-8.748482497
-8.797811441
-8.848193218
-8.899634268
-8.974137391
-9.028776394
-9.083441396
-9.156368493
-9.247592308
-9.356580847
-9.481086885
-9.592430647
-9.714455659
-9.865831446
-10.01454039
-10.15136723
-10.27352523
-10.32884478
-10.34311508
-10.35925553
-10.3961989
-10.40200659
-10.40177241
-10.37545615
-10.34081901
-10.33509196
-10.35533524
-10.39529133
-10.45219534
-10.53805148
-10.65349917
-10.76597451
-10.87818895
-10.98664013
-11.08573248
-11.13853722
-11.18551937
-11.2569421
-11.30146468
-11.28765139
-11.24556061
-11.2208912
-11.19949563
-11.1945943
-11.2208102
-11.2710859
-11.30607949
-11.34049401
-11.36770508
-11.41085228
-11.46199616
-11.52266497
-11.57861186
-11.63310094
-11.69583958
-11.73835196
-11.74534537
-11.75933802
-11.77251452
-11.75800022
-11.72388926
-11.65144612
-11.54103265
-11.42568622
-11.30541757
-11.18967534
-11.08725144
-11.01596196
-10.9837577
-10.94558498
-10.92298037
-10.92244684
-10.94843834
-10.93968386
-10.9110053
-10.84477574
-10.71766455
-10.54063793
-10.35865363
-10.18605998
-10.04118167
-9.937453951
-9.870019405
-9.845126619
-9.843117601
-9.84714589
-9.854192947
-9.864254756
-9.880340372
-9.899420795
-9.922008717
-9.940815681
-9.957840226
-9.973846198
-9.987837757
-9.981139282
-9.973392795
-9.998481249
-10.02127796
-10.0333241
-10.01767097
-10.03062934
-10.07321566
-10.06513749
-9.984739764
-9.936849143
-9.943091542
-9.957750515
-9.978286698
-10.01742114
-10.0274538
-10.01368675
-10.01945991
-10.02862745
-10.00353948
-9.97490588
-9.95045157
-9.918903269
-9.85615869
-9.821375675
-9.773029581
-9.704741934
-9.622277494
-9.511487619
-9.371722843
-9.197409575
-9.051685875
-8.918725788
-8.762098246
-8.591856141
-8.420313357
-8.272863358
-8.134015785
-7.952797098
-7.761401422
-7.59794503
-7.443192209
-7.27628604
-7.133360104
-7.001774749
-6.85865913
-6.662797997
-6.483837288
-6.337819089
-6.200243326
-6.056870618
-5.931539001
-5.916113226
-6.140554742
-6.398637262
-6.587794355
-6.750516654
-6.891500384
-6.975096231
-7.071141898
-7.237234109
-7.405433717
-7.604911
-7.802908496
-7.954482079
-8.065032374
-8.182543821
-8.315675728
-8.407005619
-8.476163155
-8.514508907
-8.490765628
-8.421389825
-8.34591064
-8.240751576
-8.110282997
-7.97603724
-7.9055319
-7.877863399
-7.844087754
-7.787796317
-7.798211317
-7.879141497
-7.913091703
-7.933098596
-7.938735241
-7.915308277
-7.902954196
-7.888097731
-7.809185432
-7.702579748
-7.62569314
-7.54280215
-7.478809311
-7.480621185
-7.480621185
-7.455049669
-7.444211705
-7.446021068
-7.419872387
-7.31123569
-7.179369164
-7.061706128
-6.971396213
-6.858834578
-6.720224402
-6.576527875
-6.422818158
-6.258682565
-6.086025593
-5.894353624
-5.661170762
-5.457205694
-5.285211803
-5.131656959
-5.046576664
-4.998861191
-4.948740395
-4.940890525
-4.985520256
-5.006321265
-4.956500788
-4.879089094
-4.867704631
-4.911507709
-4.92714396
-4.940313755
-5.086001524
-5.421914532
-5.802498913
-6.094119641
-6.34781887
-6.592248302
-6.746996955
-6.867805172
-7.058831416
-7.282198207
-7.495312069
-7.790043516
-8.184934247
-8.503232564
-8.674269772
-8.745843899
-8.769076975
-8.724756377
-8.639218514
-8.535749961
-8.416958644
-8.309273447
-8.26215956
-8.238959885
-8.157797264
-8.05122266
-7.973246587
-7.905237366
-7.811959999
-7.773901989
-7.800659788
-7.775878629
-7.65998878
-7.581376653
-7.496144523
-7.385525345
-7.253149484
-7.135364418
-7.016437228
-6.858944737
-6.663539715
-6.438785495
-6.184423273
-5.926242087
-5.661416751
-5.397798645
-5.158792072
-4.984605827
-4.860242144
-4.790288155
-4.75518995
-4.73080523
-4.72495713
-4.72495713
-4.714276103
-4.683438027
-4.630047686
-4.544336511
-4.404099814
-4.190171725
-3.968944873
-3.728914891
-3.444326823
-3.131769496
-2.790568213
-2.4343486
-2.069361555
-1.780494047
-1.56759649
-1.398853759
-1.314549254
-1.297730751
-1.318832748
-1.34119632
-1.33629588
-1.331393152
-1.340013403
-1.358177463
-1.39370215
-1.386948075
-1.3803728
-1.426687618
-1.510800907
-1.555084562
-1.546820328
-1.431011198
-1.332470458
-1.258782076
-1.192286529
-1.175339622
-1.199570779
-1.230052538
-1.193294262
-1.103844637
-0.998352335
-0.823211819
-0.544320044
-0.221956115
0.100447939
0.378038493
0.599063388
0.797885498
0.993229659
1.161804571
1.276939011
1.329640627
1.329974592
1.287130309
1.254212293
1.208264262
1.154287616
1.107157971
1.074384506
1.068272362
1.067632775
1.066353716
1.065714244
1.065714244
1.070396131
1.098065894
1.114238418
1.098913804
1.08509185
1.067365611
1.039303744
1.025462905
1.038714359
1.051263568
1.040422683
1.030063356
1.032568164
1.049423419
1.024609276
0.996312092
0.970629179
0.93261501
0.887789761
0.843706607
0.833298722
0.851893471
0.869316787
0.887797647
0.893292779
0.880714396
0.87087486
0.865955215
0.865955215
0.865955215
0.867895713
0.890802432
0.896366545
0.901930322
0.930974039
0.94621832
0.987030196
1.11434531
1.256927948
1.339986087
1.382823929
1.412518734
1.426349127
1.441585867
1.497314309
1.609671177
1.746910123
1.894271477
2.035314139
2.1486109
2.187181951
2.192646517
2.204105651
2.225118357
2.236580542
2.238372811
2.26650199
2.286299312
2.270987348
2.27647537
2.292011517
2.295670449
2.299940827
2.30249578
2.295647672
2.298500521
2.316295284
2.333669232
2.357082416
2.399354138
2.445570561
2.474446217
2.487925567
2.507358797
2.512806256
2.510338234
2.526064593
2.572642405
2.65059421
2.760748137
2.869367423
2.922728232
2.958203928
3.004851876
3.07324096
3.160809035
3.275896337
3.448589718
3.672319733
3.914874719
4.17552737
4.400107278
4.597766131
4.801422047
4.952222628
5.012093722
5.018993918
5.021114714
5.023766329
5.0264187
5.038096097
5.039095229
5.04174851
5.044933382
5.05024377
5.048020433
5.061862515
5.084725261
5.068645226
5.037388843
5.003582414
4.994059372
4.988760277
4.988760277
4.988222533
4.987147127
4.986071833
4.98499665
4.984459079
4.98023452
4.965308288
4.960495438
4.934030746
4.867024801
4.790510537
4.712864007
4.678799368
4.673440138
4.681311574
4.69394436
4.697007899
4.689622321
4.651944255
4.563130486
4.460383256
4.324551861
4.16267284
4.000490735
3.921746748
3.872443595
3.850778043
3.850778043
3.854981234
3.854403276
3.882107147
3.924954758
3.919805974
3.874912384
3.817929739
3.736552423
3.636105092
3.494261296
3.367932321
3.296446283
3.291864473
3.373389802
3.509725375
3.655290594
3.791714614
3.891835353
3.946553011
3.950853415
3.969265958
4.014712361
4.117173462
4.252258785
4.368574306
4.459795564
4.561217052
4.670440776
4.761922971
4.844306189
4.971166396
5.093980398
5.140030756
5.164722939
5.162434826
5.136425714
5.114236571
5.101486389
5.073864902
5.052884885
5.043492333
5.040111772
4.975025019
4.883967161
4.789421772
4.637518598
4.469521009
4.333045161
4.192876032
4.016293108
3.833563528
3.695974578
3.629715818
3.58590636
3.575114373
3.591906179
3.616176381
3.629260604
3.644811837
3.653538058
3.670995487
3.694054292
3.72085236
3.781937791
3.86617105
3.943054048
4.006815239
4.066735682
4.137325536
4.20740025
4.223108301
4.240882133
4.292258311
4.349225076
4.394641739
4.451784523
4.507232964
4.518822725
4.506602182
4.527526244
4.544415538
4.561867833
4.58838414
4.583675773
4.54732752
4.487474699
4.422563917
4.334624146
4.27112306
4.240970388
4.223506261
4.21574322
4.219207153
4.244314594
4.282178883
4.334314328
4.382088705
4.401381326
4.413520126
4.456010688
4.507484125
4.549477322
4.58759247
4.625725791
4.623858563
4.568037487
4.489027399
4.365902955
4.21431605
4.012627729
3.782101457
3.509888023
3.221617126
2.97523545
2.781107997
2.613370151
2.502460269
2.424755348
2.360822892
2.31662275
2.292402411
2.287554865
2.273100938
2.285664523
2.336891125
2.377211613
2.415585865
2.433277913
2.461321506
2.48613551
2.454747268
2.353539963
2.248975462
2.097432092
1.933847178
1.760890332
1.633650917
1.525210651
1.444265516
1.358569021
1.251404819
1.113962965
0.934247643
0.74721736
0.578472824
0.456104848
0.387560415
0.345858668
0.325192128
0.287824362
0.269862988
0.274504024
0.285174472
0.308652456
0.318489245
0.303371176
0.303371176
0.303371176
0.250618498
0.131355726
0.024204511
-0.138131053
-0.422422827
-0.80667438
-1.245870504
-1.74819617
-2.269764044
-2.762370434
-3.171767854
-3.537201463
-3.826661558
-4.046566615
-4.197464193
-4.270233988
-4.259339248
-4.244485139
-4.200391772
-4.075914301
-3.855738343
-3.594537828
-3.312802993
-2.99505345
-2.671036002
-2.359236285
-2.078666568
-1.855130034
-1.718439431
-1.629917402
-1.545771064
-1.45916132
-1.417464258
-1.454788975
-1.574794593
-1.801300657
-2.024005045
-2.173672483
-2.205398659
-2.17504508
-2.122598919
-2.100548752
-2.145233689
-2.206985069
-2.242601961
-2.229128761
-2.217274153
-2.213039043
-2.200331395
-2.183381259
-2.113273548
-1.991758991
-1.865883284
-1.752024475
-1.606285812
-1.433702364
-1.287666046
-1.126937728
-0.9239957
-0.714952014
-0.507639203
-0.268372195
0.001141543
0.269840921
0.500502562
0.719575862
0.915850717
1.053835975
1.085226385
1.060915113
0.995217251
0.909533649
0.825302558
0.769623147
0.746745852
0.746745584
0.746745584
0.746745584
0.746745584
0.746745584
0.746745584
0.741025329
0.741025329
0.768891456
0.844474552
0.883585684
0.868455687
0.871901622
0.870320797
0.860200495
0.8522952
0.879463322
0.880877033
0.867297953
0.900932786
0.927392934
0.920918067
0.925911467
0.951695667
0.943115475
0.916641485
0.894534348
0.877544321
0.880786177
0.941737303
1.035895134
1.113458763
1.186485523
1.302483787
1.399707435
1.457342166
1.554965815
1.694042527
1.848698551
2.027272412
2.211836382
2.383328367
2.553849607
2.692009411
2.809132445
2.879577974
2.900330246
2.898448029
2.899717912
2.899112771
2.894175188
2.893659918
2.911379892
2.909074734
2.930143151
2.971507489
3.032491455
3.078483824
3.150425744
3.221250248
3.258232967
3.243472983
3.243730185
3.243801744
3.272120999
3.293391438
3.323466188
3.345285266
3.346859059
3.35295606
3.377318597
3.408468583
3.455474957
3.583632001
3.808514093
4.047283828
4.121528071
3.991210637
3.579095315
2.876760892
1.875392846
0.677155915
-0.520182362
-1.621157232
-2.572706319
-3.366396164
-3.995260385
-4.463346821
-4.773236192
-5.056606076
