9.2754
8.8613
8.5116
8.2783
8.1863
8.2061
8.2493
8.2569
8.2016
8.0299
7.7875
7.5176
7.2128
6.9060
6.6294
6.3766
6.1388
5.8997
5.6664
5.5006
5.4453
5.4801
5.5969
5.7415
5.8663
5.9396
5.9676
5.9772
5.9916
6.0361
6.1060
6.2244
6.3768
6.5618
6.7417
6.8090
6.8011
6.7313
6.7043
6.7270
6.7488
6.7582
6.7285
6.6415
6.5337
6.4640
6.4281
6.4208
6.4326
6.4327
6.4095
6.3436
6.2784
6.2248
6.1819
6.1570
6.1516
6.1310
6.0732
5.9596
5.7786
5.5712
5.3753
5.2298
5.1475
5.1213
5.1554
5.1817
5.1664
5.0806
4.9557
4.8014
4.6534
4.5432
4.4841
4.4732
4.5001
4.5169
4.5254
4.5277
4.4970
4.4509
4.4196
4.3843
4.3217
4.2453
4.1484
4.0200
3.8885
3.6905
3.4031
3.0516
2.7026
2.3681
2.0793
1.8268
1.6287
1.5029
1.4240
1.3717
1.3310
1.2929
1.2508
1.2276
1.1942
1.1492
1.0828
0.9911
0.8806
0.7813
0.6831
0.5978
0.5201
0.4334
0.3200
0.1848
0.0226
-0.1524
-0.3457
-0.5635
-0.8275
-1.1007
-1.3497
-1.5383
-1.6851
-1.7779
-1.8354
-1.8631
-1.8923
-1.9409
-2.0142
-2.1070
-2.2126
-2.3528
-2.5065
-2.6940
-2.8936
-3.1220
-3.3483
-3.5441
-3.6928
-3.8006
-3.8623
-3.9011
-3.9473
-4.0296
-4.1368
-4.2740
-4.4607
-4.6692
-4.9070
-5.1308
-5.3456
-5.5333
-5.7082
-5.8592
-5.9735
-6.0768
-6.1801
-6.2870
-6.4175
-6.5661
-6.7511
-6.9707
-7.2339
-7.5353
-7.8404
-8.1165
-8.3668
-8.5714
-8.7734
-8.9766
-9.1816
-9.3761
-9.5418
-9.6554
-9.7256
-9.7505
-9.7632
-9.7778
-9.7999
-9.8526
-9.9359
-10.0406
-10.1921
-10.3598
-10.5365
-10.7435
-10.9716
-11.2267
-11.4803
-11.7401
-11.9681
-12.1484
-12.2608
-12.2917
-12.3008
-12.3008
-12.3008
-12.3190
-12.3280
-12.3476
-12.3826
-12.4316
-12.4897
-12.5696
-12.6846
-12.8015
-12.9296
-13.0427
-13.1455
-13.2106
-13.2573
-13.2982
-13.3692
-13.4459
-13.5411
-13.6308
-13.7205
-13.8158
-13.9212
-14.0243
-14.1396
-14.2222
-14.2956
-14.3612
-14.4132
-14.4429
-14.4702
-14.5041
-14.5346
-14.5585
-14.5960
-14.6367
-14.6810
-14.7488
-14.8297
-14.9171
-15.0177
-15.1056
-15.1898
-15.2665
-15.3200
-15.3570
-15.3738
-15.3838
-15.3905
-15.3938
-15.4073
-15.4207
-15.4310
-15.4511
-15.4724
-15.4769
-15.4993
-15.5437
-15.5778
-15.6182
-15.6722
-15.7285
-15.7815
-15.8313
-15.8648
-15.9016
-15.9375
-15.9548
-15.9405
-15.9350
-15.9681
-16.0270
-16.0760
-16.0974
-16.0850
-16.0389
-15.9871
-15.9500
-15.9250
-15.8912
-15.8362
-15.7725
-15.7120
-15.6461
-15.6045
-15.5484
-15.4915
-15.4160
-15.3459
-15.2861
-15.2630
-15.2318
-15.1846
-15.0582
-14.8308
-14.5435
-14.2363
-13.9443
-13.7054
-13.5919
-13.5733
-13.5866
-13.5866
-13.5590
-13.5303
-13.5105
-13.5138
-13.5204
-13.5280
-13.5422
-13.5682
-13.5941
-13.6058
-13.6086
-13.5721
-13.5401
-13.5236
-13.5127
-13.5072
-13.4941
-13.4349
-13.3319
-13.2038
-13.0716
-12.9679
-12.8838
-12.7487
-12.5722
-12.3360
-12.0860
-11.8332
-11.5676
-11.3228
-11.1551
-11.0490
-11.0036
-10.9528
-10.9095
-10.8135
-10.6948
-10.5503
-10.3852
-10.2408
-10.1052
-9.9769
-9.8468
-9.7054
-9.5333
-9.3526
-9.1939
-9.0544
-8.9164
-8.7612
-8.5704
-8.3825
-8.1828
-7.9195
-7.6014
-7.2490
-6.8831
-6.5449
-6.2737
-6.0558
-5.8686
-5.7178
-5.5726
-5.4325
-5.2823
-5.1234
-4.9836
-4.8301
-4.7023
-4.5488
-4.3888
-4.1964
-3.9906
-3.8003
-3.6367
-3.4945
-3.3353
-3.1951
-3.0588
-2.9380
-2.8135
-2.7017
-2.5891
-2.4908
-2.3807
-2.2335
-2.0653
-1.9007
-1.7339
-1.5832
-1.4303
-1.2906
-1.1171
-0.9057
-0.6700
-0.4405
-0.2366
-0.0629
0.1025
0.2498
0.4045
0.5799
0.7701
0.9910
1.2251
1.4687
1.7173
1.9580
2.1965
2.4540
2.7220
3.0188
3.3102
3.5832
3.8359
4.0629
4.2432
4.3702
4.4611
4.5295
4.6232
4.7465
4.8615
4.9857
5.0903
5.1825
5.2691
5.3746
5.5295
5.7197
5.9220
6.1241
6.3194
6.4939
6.6537
6.7960
6.9380
7.0960
7.2576
7.3943
7.4667
7.4912
7.5091
7.5382
7.6002
7.6594
7.7149
7.7321
7.7521
7.7609
7.7734
7.7766
7.7793
7.7802
7.7956
7.8031
7.8060
7.8209
7.8760
7.9533
8.0344
8.0943
8.0996
8.0518
7.9698
7.9184
7.9289
8.0285
8.1344
8.2323
8.3027
8.3391
8.2685
8.1301
8.0288
8.0148
8.0515
8.0756
8.1252
