9.275400
9.274409
9.271436
9.266481
9.259545
9.250630
9.239736
9.226866
9.212021
9.195204
9.176416
9.155663
9.132945
9.108268
9.081635
9.053049
9.022517
8.990041
8.955628
8.919283
8.881011
8.840818
8.798711
8.754696
8.708781
8.660972
8.611276
8.559702
8.506258
8.450952
8.393792
8.334788
8.273948
8.211283
8.146802
8.080515
8.012432
7.942565
7.870923
7.797519
7.722363
7.645468
7.566846
7.486508
7.404467
7.320737
7.235329
7.148258
7.059538
6.969181
6.877203
6.783616
6.688438
6.591681
6.493361
6.393493
6.292094
6.189178
6.084763
5.978864
5.871498
5.762681
5.652431
5.540765
5.427700
5.313254
5.197445
5.080291
4.961810
4.842021
4.720943
4.598593
4.474993
4.350160
4.224114
4.096876
3.968464
3.838900
3.708202
3.576393
3.443491
3.309519
3.174496
3.038445
2.901385
2.763340
2.624330
2.484376
2.343502
2.201728
2.059078
1.915573
1.771235
1.626088
1.480154
1.333455
1.186015
1.037857
0.889004
0.739479
0.589306
0.438507
0.287107
0.135129
-0.017403
-0.170465
-0.324034
-0.478084
-0.632594
-0.787537
-0.942890
-1.098629
-1.254729
-1.411166
-1.567915
-1.724953
-1.882254
-2.039793
-2.197547
-2.355491
-2.513600
-2.671848
-2.830213
-2.988668
-3.147188
-3.305751
-3.464329
-3.622900
-3.781437
-3.939916
-4.098313
-4.256602
-4.414759
-4.572760
-4.730578
-4.888191
-5.045573
-5.202699
-5.359546
-5.516088
-5.672301
-5.828161
-5.983643
-6.138723
-6.293377
-6.447580
-6.601309
-6.754540
-6.907248
-7.059410
-7.211002
-7.362000
-7.512381
-7.662121
-7.811196
-7.959585
-8.107262
-8.254206
-8.400393
-8.545800
-8.690405
-8.834185
-8.977118
-9.119181
-9.260353
-9.400610
-9.539931
-9.678295
-9.815680
-9.952063
-10.087425
-10.221744
-10.354998
-10.487168
-10.618232
-10.748169
-10.876961
-11.004585
-11.131024
-11.256256
-11.380262
-11.503023
-11.624520
-11.744733
-11.863644
-11.981235
-12.097486
-12.212380
-12.325899
-12.438025
-12.548741
-12.658029
-12.765872
-12.872253
-12.977156
-13.080564
-13.182462
-13.282832
-13.381661
-13.478931
-13.574628
-13.668738
-13.761244
-13.852133
-13.941391
-14.029004
-14.114957
-14.199238
-14.281833
-14.362730
-14.441916
-14.519378
-14.595104
-14.669083
-14.741303
-14.811753
-14.880421
-14.947297
-15.012370
-15.075631
-15.137070
-15.196676
-15.254440
-15.310355
-15.364410
-15.416597
-15.466908
-15.515336
-15.561872
-15.606510
-15.649242
-15.690062
-15.728964
-15.765941
-15.800987
-15.834097
-15.865267
-15.894490
-15.921763
-15.947081
-15.970441
-15.991838
-16.011269
-16.028732
-16.044223
-16.057740
-16.069281
-16.078844
-16.086428
-16.092032
-16.095654
-16.097294
-16.096952
-16.094627
-16.090321
-16.084034
-16.075767
-16.065521
-16.053297
-16.039099
-16.022927
-16.004784
-15.984674
-15.962599
-15.938563
-15.912570
-15.884623
-15.854728
-15.822888
-15.789108
-15.753395
-15.715753
-15.676189
-15.634708
-15.591317
-15.546023
-15.498833
-15.449754
-15.398795
-15.345962
-15.291264
-15.234710
-15.176309
-15.116069
-15.054001
-14.990113
-14.924416
-14.856920
-14.787636
-14.716574
-14.643746
-14.569162
-14.492836
-14.414777
-14.334999
-14.253515
-14.170336
-14.085476
-13.998949
-13.910767
-13.820944
-13.729495
-13.636434
-13.541775
-13.445533
-13.347723
-13.248361
-13.147461
-13.045040
-12.941114
-12.835699
-12.728811
-12.620468
-12.510685
-12.399481
-12.286872
-12.172876
-12.057511
-11.940796
-11.822747
-11.703384
-11.582726
-11.460791
-11.337598
-11.213166
-11.087516
-10.960665
-10.832636
-10.703447
-10.573118
-10.441670
-10.309124
-10.175500
-10.040818
-9.905102
-9.768370
-9.630645
-9.491948
-9.352301
-9.211726
-9.070244
-8.927878
-8.784651
-8.640583
-8.495699
-8.350020
-8.203569
-8.056369
-7.908444
-7.759816
-7.610508
-7.460544
-7.309948
-7.158742
-7.006951
-6.854598
-6.701706
-6.548301
-6.394405
-6.240044
-6.085240
-5.930018
-5.774403
-5.618419
-5.462089
-5.305439
-5.148493
-4.991276
-4.833812
-4.676125
-4.518241
-4.360184
-4.201978
-4.043649
-3.885221
-3.726719
-3.568168
-3.409592
-3.251016
-3.092465
-2.933964
-2.775538
-2.617210
-2.459007
-2.300953
-2.143072
-1.985389
-1.827929
-1.670716
-1.513775
-1.357131
-1.200808
-1.044829
-0.889221
-0.734007
-0.579211
-0.424857
-0.270970
-0.117573
0.035309
0.187652
0.339433
0.490628
0.641214
0.791166
0.940462
1.089078
1.236990
1.384177
1.530614
1.676279
1.821149
1.965202
2.108415
2.250765
2.392231
2.532790
2.672420
2.811100
2.948807
3.085521
3.221220
3.355882
3.489488
3.622015
3.753443
3.883751
4.012920
4.140929
4.267758
4.393387
4.517797
4.640968
4.762880
4.883516
5.002856
5.120881
5.237572
5.352913
5.466884
5.579468
5.690648
5.800405
5.908723
6.015584
6.120973
6.224873
6.327267
6.428139
6.527474
6.625256
6.721470
6.816101
6.909134
7.000554
7.090348
7.178500
7.264998
7.349828
7.432977
7.514431
7.594179
7.672206
7.748502
7.823055
7.895852
7.966882
8.036135
8.103599
8.169264
8.233119
8.295155
8.355362
8.413731
8.470252
8.524917
8.577716
8.628643
8.677688
8.724844
