-6.822529705
-6.835411212
-6.845769807
-6.872178991
-6.884558135
-6.889688306
-6.892731939
-6.876586197
-6.874724131
-6.895792625
-6.927478432
-6.979231859
-7.041476756
-7.120834935
-7.180028094
-7.207285967
-7.225575048
-7.249279722
-7.306316005
-7.344355314
-7.395093203
-7.47554991
-7.576389047
-7.709069163
-7.860860325
-8.030120834
-8.167682862
-8.268454731
-8.301999484
-8.318566148
-8.360441073
-8.412579898
-8.498199609
-8.574944434
-8.648351103
-8.70784687
-8.767358364
-8.807709572
-8.841243584
-8.904784967
-8.978012274
-9.095304492
-9.209701268
-9.356526411
-9.527319414
-9.705037627
-9.90742823
-10.16341419
-10.41515702
-10.65312817
-10.83678609
-10.97021756
-11.05963364
-11.1195005
-11.16355025
-11.20059091
-11.25828602
-11.32682202
-11.42555693
-11.56064618
-11.70091158
-11.84399004
-12.01766078
-12.22790946
-12.43880173
-12.65794339
-12.88267838
-13.1364698
-13.40551903
-13.63671713
-13.8336851
-13.97898817
-14.08695029
-14.17357897
-14.26768821
-14.36061956
-14.45984916
-14.55131639
-14.63037663
-14.68817263
-14.72198092
-14.72588102
-14.72978072
-14.76096242
-14.82530769
-14.901817
-14.95806432
-14.97630266
-14.94467052
-14.80551803
-14.57782152
-14.23881005
-13.90557355
-13.67389407
-13.58892009
-13.6018591
-13.61308801
-13.59725583
-13.55360011
-13.53119758
-13.52323387
-13.55888362
-13.74915658
-14.01308268
-14.36842456
-14.75882439
-15.09660734
-15.34317357
-15.47823807
-15.50055303
-15.48744111
-15.44811267
-15.44811267
-15.45731433
-15.47962269
-15.51084727
-15.53045016
-15.55629901
-15.62573009
-15.74781215
-15.92778556
-16.18815139
-16.51592019
-16.89091153
-17.24136775
-17.53112108
-17.75115106
-17.90018185
-17.96049015
-17.96940393
-17.96940393
-17.98787756
-18.02110175
-18.07168588
-18.12541979
-18.22059181
-18.33490933
-18.46808765
-18.62319292
-18.78125549
-18.92241788
-19.0521204
-19.17044103
-19.28491233
-19.37305856
-19.41147261
-19.40496613
-19.36021113
-19.29716383
-19.23003593
-19.21131149
-19.23999705
-19.30496163
-19.38818913
-19.49268076
-19.58889285
-19.66860052
-19.73985915
-19.77359486
-19.78212495
-19.78285256
-19.79161304
-19.84964939
-19.92686914
-19.98018713
-19.99722295
-19.95702383
-19.8602703
-19.73897666
-19.58500956
-19.42804352
-19.27850686
-19.15126406
-19.0599004
-18.98655297
-18.9170083
-18.85930109
-18.83588582
-18.84227894
-18.8825805
-18.92033347
-18.95733529
-18.97100529
-18.96293384
-18.92792808
-18.84882715
-18.74274813
-18.62455943
-18.54408671
-18.51644082
-18.53146417
-18.57103485
-18.6247699
-18.67553788
-18.68956768
-18.69573946
-18.70104628
-18.72171318
-18.72862314
-18.7129738
-18.66507035
-18.57553161
-18.46133517
-18.30589081
-18.08378706
-17.84710487
-17.61267152
-17.37577978
-17.1823304
-17.01808905
-16.86426692
-16.69921787
-16.55012572
-16.43507184
-16.32647426
-16.22147479
-16.10550753
-15.97184607
-15.84991177
-15.73449414
-15.59996348
-15.44880293
-15.29264195
-15.13810595
-14.9795907
-14.80957111
-14.59774498
-14.35482652
-14.0961969
-13.81794698
-13.5451591
-13.31243542
-13.14489789
-13.01615134
-12.92419461
-12.85118013
-12.77781693
-12.71333627
-12.62696636
-12.49203762
-12.31120467
-12.13384395
-11.93245151
-11.71775596
-11.46857352
-11.22260806
-10.94157872
-10.63491708
-10.319072
-9.955937035
-9.578623291
-9.265367803
-8.979271689
-8.709123451
-8.491055996
-8.341124256
-8.257937551
-8.215532577
-8.193846174
-8.182520907
-8.176376514
-8.164088694
-8.152446595
-8.13658573
-8.096156159
-8.013087838
-7.888095357
-7.748947744
-7.549993881
-7.307421038
-7.032007721
-6.755500291
-6.470543098
-6.171120781
-5.875374734
-5.5940963
-5.333184655
-5.093633227
-4.904653437
-4.749629653
-4.596731483
-4.439749162
-4.308950165
-4.222817701
-4.184101523
-4.162778951
-4.1562295
-4.1223328
-4.03814043
-3.850258611
-3.593811677
-3.282013389
-2.961206118
-2.640031054
-2.326727138
-2.042177961
-1.754230453
-1.514917512
-1.320723104
-1.180931306
-1.119883451
-1.099895122
-1.081406291
-1.047035134
-1.011918508
-0.981720358
-0.93223845
-0.858367807
-0.790614968
-0.705822375
-0.613723744
-0.490128648
-0.346719001
-0.162203912
0.080849903
0.346140047
0.637105934
0.912089858
1.169742665
1.402294896
1.595527028
1.732026551
1.803269939
1.840951458
1.867273517
1.877962457
1.903752874
1.96226786
2.047218003
2.188520929
2.384072694
2.646018482
2.947172138
3.296513417
3.671778393
4.078687137
4.480121861
4.875611703
5.269602483
5.653316918
5.999336797
6.338403614
6.6910268
6.993161422
7.248992601
7.468647352
7.61356896
7.689417471
7.717782147
7.734213412
7.759197572
7.796628963
7.834954698
7.883737649
7.948959042
8.019148815
8.087424508
8.175717623
8.302583487
8.450413954
8.599148881
8.757812046
8.922337731
9.097230943
9.31529551
9.559236262
9.844843393
10.12407815
10.3632273
10.52929204
10.66251545
10.77837405
10.91461656
11.04971039
11.18260704
11.31637158
11.44278908
11.56532454
11.69894742
11.81322153
11.88315265
11.94630107
12.01764464
12.10685368
12.21802807
12.34004716
12.46292143
12.5816404
12.69989307
12.82745136
12.97594543
13.19265846
13.45521693
13.69903513
13.90693701
14.07946257
14.20084596
14.27232643
14.29348553
14.25916922
14.22311848
14.18869734
14.12944447
14.0564973
13.97425292
13.87132761
13.75207419
13.62855945
13.51843376
13.41416702
13.32903095
13.25991514
13.18149459
13.11311013
13.03418551
12.94027459
12.85638708
12.76662361
12.67652276
12.59146904
12.51677146
12.43641554
12.37528583
12.28914273
12.18246586
12.04640611
11.88604761
11.7071913
11.52738687
11.33756799
11.12817725
10.91138385
10.70225225
10.53544986
10.4091185
10.31376642
10.27171045
10.24983155
10.23065005
10.21721779
10.18676965
10.13626091
10.03968388
9.91405894
9.783064362
9.699586043
9.689278726
9.740602236
9.836133281
9.967239274
10.11798605
10.27772037
10.36256659
10.32087644
10.1852384
9.976648669
9.741768822
9.521903552
9.311532997
9.096719829
8.85185271
8.592152187
8.334093205
8.094709167
7.862005188
7.680164583
7.510885087
7.338726101
7.175883037
7.006985116
6.818694935
6.603430224
6.354790225
6.097358828
5.832349092
5.547575711
5.269186332
4.99582501
4.726783598
4.449826667
4.185216154
3.910050064
3.629769752
3.340383004
3.058569855
2.791430478
2.544483969
2.331242534
2.128147035
1.917761003
1.706624889
1.504690251
1.348364693
1.233956105
1.122384245
0.99703282
0.880132697
0.745448745
0.58549852
0.410529966
0.195261715
-0.051405707
-0.331082418
-0.588775465
-0.868566141
-1.151880656
-1.409735532
-1.635645937
-1.80277562
-1.951026994
-2.125963182
-2.323386158
-2.546057522
-2.846569414
-3.166797604
-3.496457318
-3.794830236
-4.102595423
-4.408546976
-4.691667983
-4.95050329
-5.187628338
-5.398596338
-5.586060875
-5.765109391
-5.966480525
-6.177414755
-6.355632323
-6.464894719
-6.548721749
-6.648360441
-6.712965621
-6.771543805
-6.849801834
-6.948751617
-7.032055168
-7.065901691
-7.064230247
-7.062557564
-7.087871855
-7.100209848
-7.083093011
-7.086065084
-7.081210452
-7.053903857
-7.032911835
-7.060337293
-7.14059988
-7.283023374
-7.414939694
-7.376298898
-7.229286371
-7.008372344
-6.752933318
-6.488434295
-6.262198531
-6.100622594
-6.019959554
-6.023180306
-6.092267469
