-6.822530
-7.080139
-7.337709
-7.595203
-7.852582
-8.109808
-8.366842
-8.623646
-8.880182
-9.136412
-9.392298
-9.647801
-9.902883
-10.157507
-10.411635
-10.665228
-10.918250
-11.170662
-11.422427
-11.673507
-11.923865
-12.173464
-12.422266
-12.670235
-12.917334
-13.163525
-13.408773
-13.653040
-13.896291
-14.138489
-14.379598
-14.619582
-14.858406
-15.096033
-15.332430
-15.567559
-15.801387
-16.033879
-16.265000
-16.494715
-16.722991
-16.949793
-17.175087
-17.398841
-17.621021
-17.841594
-18.060526
-18.277786
-18.493341
-18.707159
-18.919208
-19.129456
-19.337873
-19.544427
-19.749087
-19.951824
-20.152606
-20.351405
-20.548189
-20.742931
-20.935601
-21.126171
-21.314611
-21.500894
-21.684993
-21.866880
-22.046527
-22.223909
-22.398998
-22.571769
-22.742196
-22.910253
-23.075916
-23.239160
-23.399960
-23.558293
-23.714135
-23.867463
-24.018254
-24.166486
-24.312136
-24.455183
-24.595606
-24.733383
-24.868495
-25.000921
-25.130641
-25.257636
-25.381887
-25.503376
-25.622084
-25.737994
-25.851089
-25.961352
-26.068766
-26.173316
-26.274985
-26.373760
-26.469624
-26.562564
-26.652566
-26.739617
-26.823703
-26.904812
-26.982932
-27.058051
-27.130159
-27.199244
-27.265296
-27.328306
-27.388264
-27.445160
-27.498988
-27.549737
-27.597402
-27.641975
-27.683449
-27.721818
-27.757076
-27.789219
-27.818240
-27.844137
-27.866906
-27.886541
-27.903042
-27.916405
-27.926629
-27.933712
-27.937652
-27.938450
-27.936104
-27.930617
-27.921987
-27.910218
-27.895309
-27.877264
-27.856086
-27.831776
-27.804340
-27.773781
-27.740104
-27.703313
-27.663414
-27.620414
-27.574318
-27.525133
-27.472867
-27.417527
-27.359122
-27.297661
-27.233152
-27.165605
-27.095030
-27.021438
-26.944839
-26.865246
-26.782669
-26.697122
-26.608617
-26.517166
-26.422784
-26.325486
-26.225284
-26.122194
-26.016232
-25.907413
-25.795754
-25.681270
-25.563980
-25.443900
-25.321049
-25.195444
-25.067105
-24.936050
-24.802300
-24.665873
-24.526790
-24.385073
-24.240741
-24.093817
-23.944323
-23.792280
-23.637711
-23.480639
-23.321088
-23.159082
-22.994644
-22.827799
-22.658571
-22.486987
-22.313071
-22.136850
-21.958350
-21.777596
-21.594617
-21.409439
-21.222090
-21.032597
-20.840990
-20.647296
-20.451545
-20.253765
-20.053986
-19.852238
-19.648550
-19.442953
-19.235478
-19.026156
-18.815017
-18.602093
-18.387416
-18.171017
-17.952930
-17.733186
-17.511817
-17.288858
-17.064342
-16.838300
-16.610768
-16.381780
-16.151368
-15.919568
-15.686414
-15.451941
-15.216183
-14.979176
-14.740955
-14.501555
-14.261013
-14.019363
-13.776642
-13.532886
-13.288132
-13.042415
-12.795772
-12.548240
-12.299856
-12.050657
-11.800680
-11.549961
-11.298539
-11.046451
-10.793735
-10.540427
-10.286565
-10.032189
-9.777334
-9.522040
-9.266344
-9.010284
-8.753898
-8.497226
-8.240303
-7.983170
-7.725864
-7.468424
-7.210887
-6.953293
-6.695679
-6.438084
-6.180547
-5.923105
-5.665796
-5.408660
-5.151734
-4.895058
-4.638667
-4.382602
-4.126900
-3.871600
-3.616738
-3.362354
-3.108485
-2.855168
-2.602442
-2.350344
-2.098912
-1.848183
-1.598194
-1.348982
-1.100586
-0.853041
-0.606384
-0.360653
-0.115883
0.127888
0.370625
0.612291
0.852851
1.092268
1.330507
1.567533
1.803310
2.037803
2.270977
2.502798
2.733231
2.962242
3.189796
3.415860
3.640400
3.863383
4.084776
4.304545
4.522658
4.739082
4.953786
5.166736
5.377903
5.587253
5.794757
6.000382
6.204099
6.405877
6.605686
6.803497
6.999279
7.193004
7.384643
7.574168
7.761550
7.946761
8.129774
8.310561
8.489096
8.665353
8.839304
9.010923
9.180187
9.347068
9.511543
9.673586
9.833175
9.990284
10.144891
10.296973
10.446506
10.593470
10.737841
10.879598
11.018721
11.155188
11.288980
11.420075
11.548456
11.674102
11.796995
11.917117
12.034450
12.148976
12.260679
12.369541
12.475547
12.578680
12.678926
12.776269
12.870695
12.962190
13.050740
13.136333
13.218955
13.298593
13.375237
13.448875
13.519496
13.587089
13.651644
13.713152
13.771604
13.826990
13.879303
13.928534
13.974677
14.017725
14.057671
14.094509
14.128233
14.158840
14.186324
14.210680
14.231907
14.249999
14.264955
14.276773
14.285450
14.290985
14.293378
14.292628
14.288736
14.281701
14.271525
14.258209
14.241756
14.222168
14.199447
14.173598
14.144623
14.112528
14.077317
14.038995
13.997568
13.953043
13.905425
13.854722
13.800941
13.744091
13.684180
13.621217
13.555211
13.486172
13.414110
13.339036
13.260961
13.179897
13.095857
13.008851
12.918894
12.825998
12.730178
12.631448
12.529822
12.425316
12.317946
12.207726
12.094674
11.978806
11.860140
11.738693
11.614484
11.487530
11.357852
11.225467
11.090396
10.952659
10.812277
10.669269
10.523658
10.375466
10.224713
10.071424
9.915620
9.757324
9.596561
9.433355
9.267728
9.099707
8.929316
8.756580
8.581526
8.404179
8.224566
8.042713
7.858648
7.672397
7.483989
7.293452
7.100814
6.906103
6.709349
6.510581
6.309829
6.107122
5.902490
5.695965
5.487576
5.277355
5.065334
4.851542
4.636014
4.418779
4.199872
3.979324
3.757169
3.533438
3.308167
3.081387
2.853134
2.623440
2.392340
2.159869
1.926061
1.690951
1.454574
1.216965
0.978159
0.738192
0.497100
0.254918
0.011683
-0.232569
-0.477802
-0.723980
-0.971065
-1.219021
-1.467811
-1.717398
-1.967745
-2.218814
-2.470569
-2.722971
-2.975983
-3.229569
-3.483688
-3.738305
-3.993381
-4.248878
-4.504758
-4.760983
-5.017515
-5.274315
-5.531346
-5.788569
-6.045946
-6.303438
-6.561008
-6.818617
-7.076226
-7.333798
-7.591293
-7.848674
-8.105902
-8.362940
-8.619748
-8.876288
-9.132523
-9.388414
-9.643923
-9.899012
-10.153643
-10.407779
-10.661381
-10.914411
-11.166833
-11.418607
-11.669698
-11.920068
-12.169678
-12.418493
-12.666475
-12.913587
-13.159793
-13.405055
-13.649337
-13.892604
-14.134818
-14.375944
-14.615945
-14.854787
-15.092433
-15.328848
-15.563997
-15.797846
-16.030358
-16.261500
-16.491236
-16.719534
-16.946359
-17.171677
-17.395454
-17.617658
