-7.247342087
-7.381607063
-7.423946969
-7.356636695
-7.200732728
-7.03127278
-6.853048994
-6.664983962
-6.480682852
-6.296759188
-6.088668773
-5.901384357
-5.779351169
-5.754787133
-5.859349996
-6.05439782
-6.323318379
-6.594676948
-6.85702699
-7.045850759
-7.126185992
-7.136143089
-7.074777527
-7.003216508
-6.95280845
-6.932122118
-6.921932377
-6.919547907
-6.915970868
-6.891903758
-6.848531173
-6.776837806
-6.66982525
-6.540857739
-6.434100976
-6.401022889
-6.409525034
-6.463517551
-6.487282254
-6.56714888
-6.731295978
-6.960759043
-7.179666129
-7.329624918
-7.412324248
-7.455650195
-7.495338311
-7.585130439
-7.717007166
-7.840472758
-8.004587152
-8.177733855
-8.287919629
-8.348958526
-8.389403604
-8.442904392
-8.507095819
-8.611712374
-8.737248245
-8.857251532
-8.989471843
-9.137684807
-9.304752458
-9.454686158
-9.578148872
-9.696634357
-9.795650378
-9.892406309
-9.969373558
-10.02858039
-10.1132574
-10.23115039
-10.40056651
-10.57289893
-10.76834894
-10.98344347
-11.22265364
-11.3934488
-11.5176552
-11.59011935
-11.64763855
-11.68990324
-11.70728615
-11.72865714
-11.76341297
-11.80485526
-11.86357704
-11.93962832
-12.03262807
-12.16817194
-12.36441108
-12.5818531
-12.79235677
-12.99833489
-13.18926726
-13.36136144
-13.48349581
-13.56594209
-13.62602034
-13.68063973
-13.72364634
-13.77062442
-13.83177841
-13.9252293
-14.05242543
-14.20061823
-14.33223728
-14.44077632
-14.49628449
-14.55139864
-14.61921906
-14.66764828
-14.70841713
-14.75439343
-14.81600525
-14.88078948
-14.96118256
-15.02993451
-15.12964284
-15.23867947
-15.36154975
-15.4791323
-15.59743617
-15.67521782
-15.67999624
-15.6331997
-15.59599293
-15.55831947
-15.52855647
-15.52730181
-15.5353789
-15.56166498
-15.60713616
-15.64473619
-15.67915385
-15.71768727
-15.77707289
-15.83913321
-15.90523063
-15.98289189
-16.04930579
-16.08175652
-16.06862328
-16.0215508
-15.95119909
-15.86030464
-15.76840164
-15.70933261
-15.64699659
-15.55753707
-15.42792935
-15.26965493
-15.09604644
-14.93638535
-14.82951444
-14.77429731
-14.78385541
-14.83331288
-14.88273003
-14.93586934
-14.98152958
-15.04752586
-15.11164717
-15.16764436
-15.23074344
-15.29096003
-15.35468288
-15.41572326
-15.47783368
-15.54360126
-15.5573824
-15.52468277
-15.45916124
-15.37418338
-15.26829765
-15.16229468
-15.06960335
-15.02458126
-15.0129935
-15.00910867
-15.01419839
-14.97553978
-14.94534613
-14.87658702
-14.79830332
-14.71217003
-14.60068468
-14.44564625
-14.24223025
-14.03365732
-13.79885754
-13.51987316
-13.24159791
-13.02861067
-12.89353945
-12.86161151
-12.85644927
-12.85644927
-12.85644927
-12.84612426
-12.84096149
-12.81677422
-12.71298097
-12.57379172
-12.41941143
-12.23358313
-12.04646059
-11.86704181
-11.69012979
-11.5174365
-11.36378667
-11.24455824
-11.17043682
-11.12992666
-11.13263849
-11.12638067
-11.06504185
-10.95786376
-10.81614953
-10.64114675
-10.44768279
-10.25142206
-10.08843393
-9.964155877
-9.865187527
-9.77205005
-9.679580666
-9.576851113
-9.486997269
-9.39484031
-9.308912958
-9.215270154
-9.086841638
-8.952280979
-8.78140916
-8.567434384
-8.339057403
-8.108678582
-7.854019365
-7.631073095
-7.434657325
-7.243834608
-7.065770234
-6.928337933
-6.85766145
-6.829331823
-6.807097164
-6.790954947
-6.736441008
-6.681933128
-6.6134118
-6.526640885
-6.396600946
-6.233557102
-6.060327851
-5.86785373
-5.640459307
-5.431334899
-5.231221923
-5.038207262
-4.851339625
-4.650485389
-4.434138459
-4.211983589
-3.992832116
-3.776765685
-3.562434578
-3.353218221
-3.147985
-2.960497175
-2.801021965
-2.679683855
-2.55803568
-2.411306597
-2.253758599
-2.081963677
-1.879135858
-1.691524516
-1.540156585
-1.393931896
-1.231833595
-1.038856536
-0.803973436
-0.563456371
-0.345587005
-0.190614865
-0.066619968
0.003175772
0.023960235
0.058530145
0.114287154
0.215070956
0.356282481
0.517200122
0.684808427
0.880425669
1.106529983
1.327332486
1.487443204
1.58127814
1.611567516
1.615162994
1.626653933
1.633118395
1.638904969
1.6605708
1.724797958
1.800570472
1.8979821
1.995301884
2.088173224
2.165819524
2.225359799
2.28203446
2.334474792
2.376146291
2.417123194
2.485369785
2.615352528
2.801142066
3.064389292
3.440964309
3.876485557
4.396270347
4.927726945
5.417186778
5.893280783
6.354580483
6.729340774
6.990811694
7.107295563
7.176729443
7.213203362
7.234478643
7.246210521
7.251312959
7.264169866
7.267522045
7.296110292
7.35946493
7.42833871
7.492154217
7.54936147
7.572377965
7.597365276
7.630454343
7.688777617
7.774313983
7.863851964
7.944864244
8.025950184
8.128390662
8.243966997
8.359149936
8.453956505
8.5435177
8.643409979
8.728807255
8.820664851
8.931082319
9.025243878
9.086220939
9.074972877
8.989760553
8.904083124
8.829542732
8.800550355
8.783017697
8.753567991
8.678550122
8.570983554
8.449791628
8.322793967
8.191369452
8.07604494
7.951954101
7.819529082
7.67703407
7.55610085
7.478690719
7.427486833
7.401028312
7.402956921
7.437559973
7.454010852
7.409436402
7.319207718
7.185530348
7.037228918
6.907465112
6.769658851
6.609867913
6.444186912
6.278667124
6.132086961
5.99880724
5.858632867
5.703024614
5.54719543
5.38608323
5.228431615
5.084001735
4.954259753
4.872670481
4.833102738
4.803928033
4.766027442
4.703960448
4.642231373
4.537044708
4.404032962
4.248191688
4.071510896
3.90780169
3.771460306
3.650627779
3.549499345
3.432764392
3.317275646
3.223783924
3.144472364
3.060431553
2.972478344
2.889523518
2.775975311
2.631994042
2.447462198
2.245045365
2.033778447
1.816408188
1.592260245
1.357063455
1.112746081
0.846703572
0.534180726
0.179431404
-0.183957245
-0.503127147
-0.764102033
-0.997182717
-1.215742121
-1.41874709
-1.646482949
-1.94089995
-2.263761716
-2.517674336
-2.748334063
-2.962775542
-3.147759654
-3.311826104
-3.437135565
-3.578854529
-3.743448283
-3.949354672
-4.190360612
-4.45279637
-4.734183793
-5.016916187
-5.321263195
-5.621043118
-5.96546152
-6.370032933
-6.81108699
-7.312983426
-7.785413379
-8.116778097
-8.291317278
-8.327738055
-8.173529974
-7.893060148
-7.57557596
-7.286634703
-7.050746471
-6.843406395
-6.639538125
-6.387628477
-6.05770568
-5.650093677
-5.184248075
-4.6909129
