-8.5008
-8.5861
-8.6573
-8.7127
-8.7536
-8.8355
-8.9160
-8.9871
-8.9969
-8.9873
-8.9356
-8.8626
-8.8034
-8.7932
-8.8212
-8.8422
-8.8271
-8.7727
-8.6951
-8.6214
-8.5265
-8.4602
-8.4069
-8.3822
-8.3787
-8.4057
-8.4739
-8.5494
-8.6002
-8.6656
-8.7590
-8.8580
-8.9334
-8.9586
-8.9640
-8.9694
-8.9981
-9.0574
-9.1511
-9.2920
-9.4547
-9.6374
-9.7931
-9.9168
-10.0062
-10.0966
-10.2144
-10.3662
-10.5815
-10.8182
-11.0576
-11.2673
-11.4937
-11.7343
-11.9392
-12.1470
-12.3682
-12.5938
-12.8380
-13.0999
-13.3549
-13.5593
-13.7528
-13.9698
-14.2432
-14.5850
-14.8739
-15.1083
-15.3400
-15.5684
-15.8178
-16.1016
-16.3291
-16.4462
-16.4860
-16.5147
-16.5551
-16.6229
-16.7614
-16.9751
-17.2825
-17.6199
-17.9441
-18.2212
-18.4202
-18.5820
-18.6820
-18.7668
-18.8537
-18.9785
-19.1398
-19.3161
-19.4934
-19.6624
-19.8141
-19.9884
-20.1752
-20.3309
-20.4689
-20.6331
-20.8502
-21.0935
-21.3174
-21.4631
-21.5516
-21.6398
-21.7295
-21.7980
-21.8461
-21.8937
-21.9325
-21.9834
-22.0525
-22.1398
-22.2307
-22.3243
-22.4033
-22.4674
-22.5315
-22.5916
-22.6454
-22.6365
-22.5707
-22.4689
-22.3757
-22.3387
-22.3313
-22.3479
-22.3475
-22.3120
-22.2270
-22.1277
-22.0431
-22.0138
-22.0106
-22.0308
-22.0536
-22.0409
-22.0022
-21.9524
-21.9262
-21.9176
-21.8765
-21.7884
-21.6740
-21.5539
-21.4539
-21.3856
-21.3322
-21.2564
-21.1262
-20.9591
-20.7885
-20.6209
-20.4706
-20.3400
-20.2637
-20.2268
-20.1899
-20.1185
-20.0158
-19.8875
-19.7621
-19.6309
-19.4974
-19.3503
-19.2150
-19.0849
-18.9371
-18.7488
-18.4997
-18.2164
-17.9000
-17.5918
-17.3735
-17.2672
-17.2439
-17.2198
-17.1077
-16.8548
-16.5066
-16.1288
-15.7697
-15.4810
-15.2989
-15.2034
-15.0993
-14.9269
-14.7059
-14.4874
-14.2432
-13.9696
-13.6631
-13.3487
-13.0891
-12.8716
-12.6873
-12.5221
-12.3536
-12.2064
-12.0733
-11.9466
-11.8305
-11.7044
-11.5417
-11.3869
-11.2182
-11.0385
-10.8366
-10.5701
-10.2547
-9.9098
-9.5930
-9.3489
-9.1720
-9.0631
-8.9472
-8.8584
-8.8160
-8.8310
-8.8751
-8.9231
-8.9676
-8.9753
-8.9500
-8.8975
-8.8040
-8.7051
-8.6357
-8.5543
-8.4463
-8.3131
-8.1778
-8.0458
-7.9557
-7.9109
-7.9100
-7.9706
-8.0435
-8.0879
-8.0984
-8.1088
-8.1265
-8.2101
-8.3029
-8.3603
-8.3615
-8.3329
-8.2793
-8.1354
-7.8691
