44.85012342
44.89875371
44.92028703
44.91742839
44.90324782
44.90787889
44.95093596
45.00661355
45.01277501
45.01382281
45.02499364
45.03305602
45.03874735
45.03874735
45.04522988
45.08001718
45.10985069
45.13810667
45.16800837
45.16888879
45.16255676
45.14817947
45.15165271
45.16899565
45.17744197
45.18032974
45.18172035
45.18475797
45.18381069
45.17982595
45.1821925
45.18559266
45.18285073
45.17981319
45.18255403
45.17677523
45.17121131
45.17490729
45.1779752
45.19027318
45.20220424
45.19703949
45.20078411
45.1857585
45.17928356
45.18397927
45.19858169
45.19590703
45.19157602
45.1886358
45.18878847
45.18917032
45.19224336
45.21886268
45.25321398
45.31008771
45.39194809
45.44708975
45.44923409
45.45870441
45.47863394
45.47903132
45.46919634
45.45729461
45.43820938
45.42928694
45.42638447
45.43360798
45.43981291
45.42161234
45.39791334
45.38227786
45.38096863
45.36710477
45.35939442
45.34270035
45.32929108
45.31687827
45.29677494
45.26942333
45.25570468
45.23279486
45.20935994
45.1911524
45.1764421
45.18474339
45.17748762
45.19375051
45.21051368
45.21536755
45.19450207
45.18334953
45.18539943
45.17012814
45.18149266
45.17997147
45.17769883
45.19442469
45.19981093
45.17946587
45.18277632
45.20695845
45.26065951
45.27046436
45.25475261
45.24562206
45.25339416
45.26430272
45.26762707
45.28711522
45.28872212
45.29271392
45.2790923
45.26313457
45.2583074
45.26780998
45.26653283
45.26090526
45.24502077
45.24067133
45.23809365
45.23662211
45.25431867
45.25735235
45.24319201
45.23828231
45.23016575
45.21784223
45.17188736
45.14129809
45.12710797
45.09724712
45.0848662
45.08004896
45.07924791
45.06272561
45.05918395
45.05891421
45.04319022
45.02340838
45.00791791
44.98955888
44.98026623
44.97401548
44.95721842
44.91957848
44.86747425
44.85210789
44.86277378
44.88828166
44.88616825
44.87873821
44.88448997
44.91082311
44.95414707
44.99970566
45.04017097
45.08569261
45.14865911
45.22700769
45.29646181
45.37870583
45.46243256
45.54516723
45.62926561
45.72227814
45.81344077
45.88042036
45.93732005
46.01402529
46.08064291
46.11869022
46.12740071
46.13248918
46.13414342
46.156022
46.16253698
46.16262085
46.1474429
46.15233403
46.18761353
46.23542269
46.28428524
46.31275608
46.33577626
46.36404337
46.39520966
46.42154582
46.44501621
46.46754937
46.46459994
46.47517236
46.49199158
46.49767653
46.46946758
46.45042743
46.43431441
46.41933326
46.36710877
46.33600968
46.32716933
46.33921112
46.34004885
46.34469541
46.34131886
46.34844023
46.36151312
46.38094327
46.39926105
46.41071168
46.42614949
46.44346344
46.47113623
46.49709645
46.51972959
46.54659408
46.58017677
46.60238144
46.61649097
46.62780846
46.63189828
46.62532168
46.63394191
46.63998066
46.66231364
46.70095886
46.7352468
46.76045459
46.76314787
46.79466236
46.83444402
46.87586681
46.91999815
46.97078788
46.99002856
46.99199724
46.9997112
47.01851602
47.01621585
47.00924401
47.00664633
47.01590527
47.038629
47.05767676
47.05868931
47.06601819
47.08118595
47.08905479
47.09613579
47.11445175
47.15104298
47.18502025
47.22086911
47.23855837
47.25761007
47.27513857
47.32961841
47.37985832
47.42837216
47.47740196
47.49854683
47.52355711
47.56143669
47.61696244
47.6829588
47.749685
47.79157085
47.81130279
47.80635134
47.80707298
47.8074941
47.82516534
47.82755025
47.82315348
47.83682916
47.86368259
47.91363928
47.98498939
48.04428473
48.08690264
48.13527633
48.18355619
48.22987877
48.27785597
48.3032968
48.32373673
48.33786932
48.3638686
48.394285
48.39956369
48.41126634
48.45294426
48.49159722
48.51732522
48.53615975
48.56271629
48.58013747
48.59330895
48.60275046
48.63369092
48.661217
48.69041675
48.71808936
48.74583376
48.76842396
48.77803831
48.78831814
48.78693305
48.80085281
48.81712806
48.83508806
48.84116193
48.82387356
48.78816449
48.76957252
48.74677177
48.7230033
48.69692841
48.69115823
48.70121867
48.70837247
48.72112593
48.71578383
48.69831338
48.67761933
48.66706679
48.67438808
48.68023902
48.68452686
48.68452686
48.68892282
48.68936491
48.6902997
48.69209768
48.69455809
48.69784247
48.69721586
48.70133146
48.70057674
48.68700109
48.65788565
48.62918771
48.60147536
48.58041583
48.56455747
48.5592416
48.55079902
48.53260478
48.53444024
48.51063124
48.49814068
48.47893259
48.45015676
48.42647329
48.41143292
48.41004649
48.39375777
48.38200299
48.36379904
48.33145576
48.29581639
48.27453675
48.24517061
48.20546451
48.18293995
48.19828355
48.19318696
48.19985162
48.18185355
48.16916946
48.18274781
48.18536506
48.17947877
48.20081852
48.22723742
48.24830738
48.25580349
48.25666651
48.26801052
48.27859819
48.28242831
48.30033034
48.3175226
48.34583978
48.36755118
48.38534046
48.39405468
48.41122755
48.41639862
48.41416534
48.40914249
48.41167229
48.42963668
48.4633678
48.46364529
48.4653769
48.46154237
48.43798696
48.40244188
48.38348846
48.37576257
48.37274809
48.37526901
48.35627653
48.33210024
48.33685825
48.3428632
48.35050837
48.35315933
48.34094342
48.32830605
48.31382822
48.30088926
48.28583856
48.27713832
48.25303969
48.21739548
48.17169803
48.12076916
48.07907924
48.01664621
47.95097094
47.88206402
47.84508515
47.798125
47.73057578
47.66796106
47.61119922
47.58074207
47.55730643
47.50619735
47.46744316
47.43769897
47.44230206
47.44026864
47.4329211
47.42420386
47.38715402
47.35205438
47.33526902
47.32698507
47.3323622
47.31025067
47.30965368
47.32249041
47.3379744
47.34989697
47.34580338
47.32845236
47.33545387
47.36884013
47.39408476
47.39098104
47.37449898
47.35970214
47.37634928
47.40925923
47.43110876
47.42767166
47.42677905
47.44173712
47.44471247
47.46670718
47.49611834
47.5129896
47.54443358
47.57215102
47.5834237
47.57744218
47.5519659
47.53609068
47.53345648
47.50447521
47.47338602
47.43865933
47.36573715
47.26291171
47.1478758
47.04446424
46.95586038
46.89619738
46.85583892
46.82098933
46.80083725
46.80106169
46.80358353
46.79690761
46.79372821
46.79722245
46.80425701
46.81043469
46.8294623
46.85071857
46.87331079
46.87729924
46.89797133
46.92922577
46.97254492
47.00574936
47.02122727
47.0666047
47.12516669
47.19567116
47.25044498
47.29528285
47.34879016
47.40953669
47.47330009
47.52875019
47.54319305
47.54295079
47.56449837
47.5715835
47.53741827
47.47919168
47.43250069
47.40449644
47.38497809
47.3820895
47.3885435
47.39136394
47.36680562
47.34002988
47.30316838
47.26873601
47.23999646
47.22984137
47.23441872
47.20878329
47.19301888
47.19615409
47.20492503
47.18560652
47.15527678
47.14431548
47.11726074
47.05363388
46.99838372
46.95329694
46.90705667
46.85742052
46.81558527
46.79988092
46.78905561
46.77475659
46.767467
46.74650948
46.71811837
46.69648774
46.68214484
46.65972526
46.65870223
46.66249315
46.66807902
46.66803518
46.67809269
46.67533039
46.65146635
46.65133622
46.66657242
46.68932471
46.71794387
46.74663946
46.72892773
46.66703717
46.57354132
46.52831289
46.5032896
46.49909938
46.48962784
46.46187166
46.41190459
46.35850231
46.31521953
46.24466516
46.13675896
45.97837788
45.75614319
45.47630358
45.14113787
44.73893115
44.25711714
43.71085658
43.14115755
42.59228664
42.08440638
41.59810475
41.20927762
40.89154725
40.57343753
40.22402756
39.83713013
39.46716254
39.19621436
38.98227247
38.8876533
38.92811688
38.9860035
39.02608189
39.06386669
39.09753879
39.08294796
39.02418585
38.96306086
38.89303198
38.8604142
38.85036233
38.86630634
38.90378071
38.98681737
39.10166013
39.21230895
39.32347936
39.44958413
39.56630353
39.72331523
39.92524673
40.15799191
40.38056006
40.58345844
40.75857764
40.91451688
41.02177743
41.09470315
41.19030858
41.27050851
41.33768575
41.4049588
41.49327631
41.58028768
41.66434744
41.77379293
41.88616338
41.99716075
42.08570062
42.19440516
42.29584255
42.41787897
42.5807137
42.77005037
42.9780956
43.21157052
43.42087192
43.58840624
43.72380442
43.82329077
43.90859438
44.00022094
44.09832085
44.19100405
44.2946291
44.38192314
44.47653464
44.58026403
44.70042023
44.79330355
44.84923788
44.87785704
44.88590247
44.89266238
44.89266238
44.89266238
44.89266238
44.90519485
44.93026502
44.95352802
44.9851637
45.01227873
45.01282575
44.9936013
44.98425123
44.98598138
44.99935627
44.98398357
44.97705377
44.96763326
44.96891785
44.96171337
44.96415887
44.95399962
44.93959456
44.93304483
44.92111113
44.91588329
44.88597735
44.86103176
44.85303458
44.85421343
44.84015064
44.83153819
44.80990143
44.77485159
44.76754846
44.76655867
44.75956184
44.73776444
44.72446112
44.71570959
44.70347535
44.70077441
44.70764945
44.70320077
44.68009258
44.65432309
44.63139849
44.62270862
44.60241848
44.59235725
44.58266807
44.58113983
44.56592178
44.52810878
44.50213126
44.48655848
44.48258316
44.50457
44.53774795
44.5487868
44.53624494
44.52426166
44.50234999
44.48413272
44.48343733
44.496134
44.49122307
44.49436412
44.50980387
44.48957193
44.46864444
44.47445156
44.46228312
44.45062006
44.43897553
44.44127282
44.43804652
44.44240205
44.43039859
44.4001407
44.4111598
44.43117129
44.42748792
44.40814866
44.38955669
44.36445875
44.35248692
44.34490163
44.32288383
44.30331704
44.29170428
44.3047889
44.34870284
44.37899638
44.39521775
44.38198504
44.37000775
44.36437568
44.3504125
44.33031217
44.31087291
44.29539708
44.27559316
44.26152884
44.24861404
44.24632235
44.22543401
44.19649813
44.18832188
44.17008519
44.16158953
44.16093938
44.1479301
44.14110177
44.1263114
44.12047589
44.10741129
44.09228929
44.06711249
44.05789945
44.05792679
44.08508536
44.08961358
44.07968022
44.07702988
44.10269144
44.12726415
44.14096611
44.14838671
44.15025335
44.13397379
44.09793633
44.06249734
44.02625618
43.99979096
43.96817939
43.91931988
43.87787491
43.84558992
43.81981248
43.79954516
43.77725172
43.74977387
43.72569055
43.69389103
43.66224561
43.64188954
43.62584655
43.60987006
43.59779535
43.58887508
43.57073556
43.54337774
43.52793667
43.50068457
43.46982851
43.45166785
43.47018015
43.49283015
43.52830109
43.57607312
43.62693767
43.68414939
43.74859504
43.80514454
43.86201432
43.91715511
43.98495057
44.06563889
44.16370439
44.25196861
44.34615911
44.4272415
44.50763534
44.59466239
44.67146476
44.71645005
44.75675092
44.8218505
44.88634165
44.9466722
45.00637689
45.05948128
45.10011711
45.1347904
45.13564421
45.14176392
45.15417349
45.18107475
45.21089913
45.24078614
45.23992557
45.2581846
45.28359487
45.30645064
45.3216866
45.36903819
45.43447243
45.49012767
45.54831601
45.60652452
45.66582591
45.70316912
45.733361
45.79185534
45.85920043
45.91854973
45.95317898
45.97319086
46.00351732
46.04587091
46.07512395
46.10096687
46.12346047
46.14605847
46.14872927
46.15346103
46.18005362
46.21590167
46.23829322
46.25807969
46.27941142
46.31426886
46.34631581
46.37502793
46.41263452
46.44820974
46.46374171
46.48986612
46.49820133
46.48957579
46.47882423
46.4825397
46.50174996
46.51419513
46.54472715
46.58078236
46.61775756
46.63928868
46.67622043
46.71018873
46.76739076
46.85402281
46.93665772
47.02076323
47.0918569
47.13370383
47.16917257
47.19964432
47.24971222
47.30271996
47.34912544
47.39712935
47.44573062
47.48556739
47.50376661
47.53604383
47.56874385
47.59732034
47.617261
47.63726425
47.66609059
47.69055367
47.71088474
47.73162488
47.74847082
47.77022516
47.77469054
47.77063589
47.77413673
47.77520411
47.78108409
47.78744986
47.77264272
47.74092628
47.71396963
47.68735414
47.65741856
47.613278
47.57149668
47.55623734
47.54968973
47.53124136
47.49271039
47.42564744
47.37585656
47.34698596
47.31744647
47.28808968
47.28078581
47.25596426
47.25215184
47.24428712
47.24123287
47.21646923
47.17241967
47.12900976
47.11547212
47.12142881
47.12458198
47.12029033
47.09357636
47.06606814
47.03510057
47.00071198
46.97655869
46.9599652
46.94635315
46.92836503
46.90802675
46.9118101
46.90270497
46.91606781
46.93119774
46.92750022
46.91650202
46.91599491
46.93341855
46.94631255
46.93434304
46.92193011
46.91876321
46.92817562
46.97370176
47.00923475
47.03674527
47.06523888
47.12207496
47.15908029
47.22392738
47.28636576
47.3162134
47.32923896
47.31752179
47.30656656
47.28572143
47.2677003
47.24776455
47.22452537
47.21352579
47.20172262
47.18767115
47.17904014
47.18363135
47.17927798
47.18247875
47.15980108
47.14728175
47.14116288
47.12613181
47.1178285
47.10841093
47.0994365
47.0896647
47.07449886
47.06611527
47.02448593
46.95560672
46.87456151
46.80141593
46.74651012
46.68406743
46.63351336
46.58690908
46.5284384
46.49330906
46.47170432
46.4720498
46.49800597
46.51860618
46.51750572
46.52497621
46.52416862
46.52086187
46.50102981
46.47573197
46.44799478
46.41899773
46.37572924
46.30519592
46.23663734
46.17302947
46.11542191
46.06116072
46.01240465
45.97002091
45.95266287
45.94049385
45.92887851
45.9254601
45.94351052
45.94904413
45.97900021
46.02945846
46.08609331
46.11278063
46.18000649
46.26694799
46.33855048
46.3810577
46.4175447
46.47302735
46.53943234
46.58688146
46.61003896
46.61167155
46.59568214
46.57385544
46.54625471
46.50313642
46.4505708
46.40833785
46.38842235
46.37373756
46.34768725
46.29083244
46.21645617
46.15222838
46.11333462
46.06116924
46.00862207
45.96770475
45.96054833
45.94577457
45.91492365
45.863719
45.82009485
45.7526109
45.71035179
45.71036571
45.70862995
45.68646493
45.638056
45.49771574
45.23478298
44.84014694
44.27665093
43.59340725
42.89338761
42.22162305
41.64675768
41.0973565
40.58670936
40.07000815
39.62292257
39.23577331
38.93534997
38.70555543
38.54327732
38.44999344
38.45501052
38.51816619
38.59339282
38.7345062
38.88442307
39.04307125
39.18899314
39.33584523
39.45643909
39.55979811
39.65735796
39.75093478
39.82797648
39.86945067
39.91275554
39.98533839
40.09014467
40.2215401
40.3949371
40.53711627
40.62524868
40.72027995
40.82392952
40.91137149
40.99953245
41.09344471
41.17787661
41.24807546
41.34101894
41.47371643
41.63492674
41.80111916
41.97705519
42.16795462
42.35467055
42.55791399
42.76742224
43.00394924
43.23590219
43.47760295
43.68230969
43.85691755
44.01099215
44.13402803
44.23812167
44.32533881
44.42137291
44.55075856
44.6815828
44.79345642
44.85490967
44.88022714
44.92491569
44.97395729
45.02106468
45.06866871
45.10443967
45.14665877
45.21826656
45.30145807
45.36826124
45.43030611
45.47785209
45.51646892
45.54247419
45.55116617
45.55412132
45.55076345
45.54596713
45.53343455
45.53793787
45.52265606
45.50114578
45.4995262
45.49947811
45.47878559
45.47617503
45.48531999
45.48002855
45.46472316
45.46388001
45.46072152
45.45454601
45.46277135
45.46357149
45.48016192
45.52481332
45.54678433
45.53375937
45.5304762
45.51760082
45.52137582
45.52418342
45.52234787
45.525157
45.52429947
45.5318919
45.5290824
45.52238346
45.51291871
45.5053241
45.49854501
45.47221532
45.436044
45.41343925
45.39926733
45.35457789
45.34047335
45.31540877
45.26616996
45.21930703
45.18913951
45.18040847
45.16899176
45.15285839
45.14206731
45.14347322
45.15364596
45.14709761
45.11688321
45.11929463
45.12445558
45.13025162
45.15486559
45.17391928
45.18582683
45.18642962
45.19158603
45.18006304
45.15247277
45.14376411
45.16439834
45.1958737
45.24361474
45.31329137
45.36656118
45.43036487
45.51499538
45.62663431
45.69443484
45.75377696
45.7863999
45.80726024
45.85510085
45.92257704
46.0029803
46.07295786
46.15718379
46.23531017
46.30776181
46.35962508
46.39123505
46.41241865
46.43016576
46.4394426
46.4332019
46.43133076
46.44184427
46.45022004
46.46497548
46.49955391
46.55723811
46.6218661
46.68480268
46.72692839
46.74084779
46.7699706
46.79282065
46.80735833
46.81237973
46.81008988
46.82224677
46.84307221
46.87703475
46.90838356
46.93032046
46.97082807
47.00707455
47.04576867
47.09482214
47.15901277
47.20396959
47.20016807
47.20957007
47.22667752
47.24097221
47.26115806
47.25509553
47.25049627
47.24711633
47.24153687
47.24154056
47.20633527
47.16298841
47.14811924
47.15238615
47.1477664
47.13390809
47.09695937
47.01202114
46.91062198
46.82036705
46.79280757
46.79981871
46.79842772
46.79710086
46.7920251
46.78698557
46.78158131
46.78534896
46.77544508
46.75690435
46.74392938
46.74777187
46.75229779
46.76417025
46.77943692
46.78541329
46.78927249
46.79999286
46.80845928
46.81528314
46.84164198
46.84659435
46.85959844
46.87165052
46.87206225
46.86370856
46.83310258
46.79892792
46.77956026
46.77534953
46.75929373
46.72535103
46.6950618
46.67809736
46.68268644
46.68034581
46.65249978
46.62695628
46.60965294
46.58802782
46.56683686
46.55430093
46.53788759
46.50421967
46.47671416
46.45071118
46.41149899
46.3729708
46.33569337
46.29658396
46.26390856
46.21783613
46.16394578
46.1228862
46.09047554
46.06650697
46.06176142
46.04516335
46.00856967
45.95856059
45.91292945
45.89156908
45.86359077
45.84918386
45.83818429
45.81969472
45.80122408
45.79266091
45.7766582
45.7706288
45.74772898
45.73038668
45.71265713
45.67766734
45.6469173
45.59995548
45.53491169
45.47539191
45.42163228
45.38288085
45.351456
45.30390992
45.26668925
45.24459304
45.22380309
45.18283514
45.10018752
45.03544129
44.97575542
44.91353472
44.84791232
44.79198496
44.751612
44.71165706
44.65315795
44.6097421
44.58111415
44.55448933
44.5190754
44.48244628
44.4477916
44.39290507
44.32962587
44.2603724
44.17032022
44.07643701
43.98948698
43.90320588
43.83223418
43.77430525
43.7250355
43.70301899
43.69751013
43.69155
43.69801198
43.72240424
43.72979298
43.72979298
43.73183226
43.73812621
43.77531262
43.79309965
43.7936767
43.7735942
43.77282217
43.72587781
43.61939051
43.44237853
44.40552921
