11.7614
11.7446
11.7154
11.6864
11.6521
11.6313
11.6059
11.5852
11.5890
11.5759
11.5669
11.5579
11.5481
11.5392
11.5219
11.4986
11.4674
11.4152
11.3523
11.2854
11.2400
11.2286
11.2365
11.2444
11.2434
11.2425
11.2336
11.2329
11.2239
11.2239
11.2191
11.2433
11.2635
11.2874
11.3234
11.3390
11.3509
11.3411
11.3370
11.3410
11.3572
11.3814
11.3852
11.3769
11.3766
11.3714
11.3665
11.3535
11.3191
11.2860
11.2357
11.1754
11.1150
11.0299
10.9565
10.9045
10.8873
10.8912
10.8992
10.9032
10.8949
10.8947
10.8699
10.8532
10.8530
10.8530
10.8405
10.8279
10.8153
10.8070
10.8068
10.8025
10.8022
10.7939
10.7814
10.7852
10.7970
10.8130
10.8127
10.8198
10.8108
10.7930
10.7622
10.7434
10.7547
10.7585
10.7624
10.7398
10.7043
10.6847
10.6821
10.7132
10.7448
10.7195
10.6431
10.5574
10.4772
10.4380
10.4417
10.4454
10.4613
10.4650
10.4567
10.4566
10.4318
10.3696
10.2839
10.1926
10.1192
10.0760
10.0630
10.0630
10.0630
10.0342
10.0177
9.9971
9.9845
9.9557
9.9269
9.9015
9.8851
9.8891
9.8891
9.8891
9.8850
9.8439
9.7862
9.7331
9.7178
9.7239
9.7330
9.7384
9.7384
9.7384
9.7343
9.7342
9.7211
9.7115
9.7155
9.7315
9.7515
9.7907
9.8542
9.9184
9.9569
9.9642
9.9563
9.9420
9.9340
9.9292
9.9284
9.9284
9.9236
9.9236
9.9141
9.9127
9.9031
9.8921
9.8873
9.8873
9.8777
9.8592
9.8401
9.8297
9.8369
9.8489
9.8472
9.8369
9.8321
9.8441
9.8425
9.8457
9.8400
9.8295
9.8327
9.8279
9.8344
9.8240
9.8240
9.8102
9.8077
9.8045
9.8013
9.8010
9.8081
9.8278
9.8475
9.8371
9.7922
9.7108
9.6522
9.6205
9.6067
9.6067
9.6027
9.5799
9.5433
9.4895
9.4633
9.4502
9.4453
9.4273
9.3997
9.3737
9.3460
9.3142
9.2555
9.2016
9.1469
9.0930
9.0293
8.9877
8.9705
8.9532
8.9394
8.9116
8.8880
8.8487
8.7947
8.7219
8.6433
8.5983
8.6022
8.5980
8.5849
8.5658
8.5437
8.5355
8.5306
8.5224
8.4952
8.4804
8.4843
8.4912
8.5003
8.5150
8.5100
8.4830
8.4348
8.3616
8.2965
8.2492
8.2620
8.2846
8.3247
8.3204
8.2966
8.2465
8.1774
8.1231
8.1181
8.1091
8.1091
8.1040
8.0866
8.0775
8.0562
8.0249
7.9829
7.9467
7.9196
7.9176
7.9126
7.9036
7.8904
7.8673
7.8343
7.7831
7.7311
7.6848
7.6213
7.5446
7.4611
7.4007
7.3239
7.2339
7.1621
7.0962
7.0233
6.9777
6.9424
6.9021
6.8657
6.8463
6.8220
6.8078
6.7947
6.7419
6.6547
6.5444
6.4482
6.3884
6.3507
6.3414
6.3534
6.3493
6.3493
6.3493
6.3441
6.3308
6.3226
6.3135
6.3003
6.2698
6.2474
6.2232
6.1765
6.1496
6.1245
6.1159
6.1205
6.1079
6.0490
5.9616
5.8702
5.8284
5.8019
5.7755
5.7664
5.7440
5.6952
5.6545
5.6352
5.6048
5.5652
5.5171
5.4479
5.3878
5.3533
5.3106
5.2577
5.1885
5.1192
5.0246
4.9457
4.8566
4.7413
4.6485
4.5772
4.5254
4.4869
4.4618
4.4195
4.3604
4.2829
4.2215
4.1727
4.1278
4.0853
4.0284
3.9625
3.8878
3.8287
3.7695
3.7235
3.6908
3.6867
3.6867
3.6787
3.6483
3.5983
3.5340
3.4817
3.4541
3.4541
3.4541
3.4501
3.4409
3.4357
3.4357
3.4317
3.4185
3.4041
3.3870
3.3634
3.3202
3.2702
3.2178
3.1861
3.1729
3.1585
3.1453
3.1269
3.0980
3.0612
3.0231
2.9850
2.9377
2.8916
2.8403
2.8010
2.7733
2.7496
2.7496
2.7392
2.7247
2.7103
2.6813
2.6472
2.6315
2.6183
2.5894
2.5736
2.5539
2.5158
2.4553
2.3738
2.2644
2.1350
2.0148
1.8997
1.7833
1.6840
1.5939
1.5158
1.4668
1.4139
1.3702
1.2946
1.1779
1.0360
0.9113
0.7800
0.6395
0.5348
0.4447
0.3664
0.3092
0.2866
0.2798
0.2680
0.2601
0.2444
0.2365
0.2326
0.2233
0.1968
0.1690
0.1411
0.0881
0.0127
-0.0921
-0.1895
-0.2615
-0.3477
-0.4075
-0.4633
-0.4976
-0.5422
-0.5892
-0.6352
-0.6960
-0.7566
-0.8266
-0.8912
-1.0146
-1.1225
-1.2132
-1.2745
-1.2971
-1.3204
-1.3633
-1.4558
-1.5366
-1.5988
-1.6236
-1.6391
-1.6469
-1.6693
-1.6802
-1.7097
-1.7392
-1.7726
-1.8177
-1.8697
-1.9349
-1.9962
-2.0599
-2.1384
-2.2201
-2.3111
-2.3780
-2.4208
-2.4394
-2.4432
-2.4734
-2.5146
-2.5574
-2.6189
-2.7117
-2.8006
-2.8973
-3.0357
-3.1665
-3.2810
-3.4000
-3.5211
-3.6431
-3.7234
-3.7569
-3.7569
-3.7569
-3.7569
-3.7647
-3.7724
-3.7878
-3.8071
-3.8319
-3.8637
-3.9125
-3.9652
-4.0312
-4.1287
-4.2242
-4.3064
-4.3608
-4.4019
-4.4393
-4.4674
-4.5188
-4.6170
-4.7315
-4.8782
-5.0590
-5.2038
-5.3130
-5.3993
-5.4498
-5.4779
-5.5272
-5.6369
-5.7652
-5.9063
-6.0038
-6.0636
-6.0709
-6.0670
-6.0670
-6.0823
-6.1048
-6.1272
-6.1495
-6.1625
-6.1737
-6.2055
-6.2373
-6.2523
-6.2523
-6.2523
-6.2653
-6.2766
-6.2803
-6.2859
-6.2896
-6.3009
-6.3009
-6.3121
-6.3290
-6.3534
-6.3890
-6.4134
-6.4470
-6.5033
-6.5502
-6.5954
-6.6257
-6.6446
-6.6971
-6.7422
-6.8005
-6.8455
-6.8923
-6.9749
-7.0687
-7.1364
-7.2117
-7.2778
-7.3363
-7.3813
-7.4170
-7.4489
-7.4863
-7.5423
-7.6135
-7.7204
-7.8686
-8.0432
-8.1992
-8.3608
-8.5001
-8.5959
-8.6729
-8.7068
-8.7349
-8.7704
-8.8245
-8.8865
-8.9507
-9.0166
-9.0936
-9.1540
-9.2031
-9.2427
-9.2861
-9.3143
-9.3291
-9.3495
-9.3833
-9.4533
-9.5270
-9.6063
-9.6968
-9.7815
-9.8548
-9.9276
-10.0106
-10.0769
-10.1205
-10.1716
-10.2224
-10.2696
-10.3072
-10.3411
-10.3540
-10.3745
-10.3987
-10.4287
-10.4733
-10.5368
-10.6022
-10.6641
-10.7281
-10.8030
-10.8589
-10.8945
-10.9355
-10.9825
-11.0220
-11.0564
-11.0975
-11.1694
-11.2784
-11.3936
-11.5301
-11.6941
-11.8445
-11.9502
-12.0295
-12.0963
-12.1175
-12.1303
-12.1549
-12.1994
-12.2356
-12.2473
-12.2625
-12.2699
-12.2976
-12.3240
-12.3704
-12.4126
-12.4475
-12.5139
-12.6143
-12.7140
-12.8031
-12.8607
-12.9051
-12.9563
-12.9917
-13.0222
-13.0595
-13.1004
-13.1414
-13.1946
-13.2626
-13.3344
-13.4130
-13.5032
-13.5851
-13.6398
-13.6529
-13.6564
-13.6634
-13.6945
-13.7418
-13.7749
-13.8187
-13.8711
-13.9068
-13.9510
-13.9928
-14.0431
-14.0897
-14.1292
-14.1614
-14.1949
-14.2282
-14.2425
-14.2486
-14.2640
-14.2971
-14.3244
-14.3516
-14.3706
-14.3872
-14.4087
-14.4301
-14.4539
-14.4777
-14.5145
-14.5383
-14.5702
-14.5927
-14.6106
-14.6414
-14.6652
-14.6652
-14.6723
-14.6925
-14.7269
-14.7803
-14.8598
-14.9523
-15.0235
-15.0910
-15.1608
-15.2557
-15.3597
-15.4637
-15.5417
-15.6102
-15.6373
-15.6658
-15.6872
-15.7154
-15.7379
-15.7414
-15.7474
-15.7615
-15.7861
-15.8237
-15.8778
-15.9052
-15.9358
-15.9628
-15.9993
-16.0184
-16.0493
-16.1135
-16.1634
-16.2188
-16.2836
-16.3288
-16.3816
-16.4538
-16.5131
-16.6020
-16.6847
-16.7560
-16.8257
-16.8825
-16.9179
-16.9558
-16.9807
-17.0091
-17.0385
-17.0678
-17.1110
-17.1921
-17.2964
-17.4110
-17.5488
-17.6839
-17.7896
-17.8918
-17.9905
-18.0488
-18.0617
-18.0617
-18.0649
-18.0742
-18.0835
-18.0998
-18.1126
-18.1187
-18.1442
-18.1742
-18.2117
-18.2555
-18.2691
-18.2691
-18.2691
-18.2760
-18.2862
-18.2998
-18.3255
-18.3599
-18.3848
-18.4173
-18.4574
-18.5061
-18.5488
-18.6333
-18.7359
-18.8559
-18.9822
-19.0719
-19.1279
-19.1483
-19.1517
-19.1583
-19.1616
-19.1718
-19.1751
-19.1785
-19.1819
-19.1920
-19.2090
-19.2227
-19.2296
-19.2298
-19.2298
-19.2298
-19.2300
-19.2401
-19.2435
-19.2504
-19.2609
-19.2777
-19.2979
-19.3184
-19.3390
-19.3725
-19.4283
-19.4720
-19.5255
-19.5621
-19.5943
-19.6037
-19.6037
-19.6037
-19.6131
-19.6367
-19.6786
-19.7329
-19.7617
-19.7784
-19.8084
-19.8648
-19.9207
-19.9550
-19.9783
-20.0016
-20.0182
-20.0315
-20.0518
-20.0688
-20.0957
-20.1156
-20.1256
-20.1355
-20.1521
-20.1683
-20.1843
-20.1943
-20.2042
-20.2141
-20.2244
-20.2546
-20.2788
-20.3027
-20.3267
-20.3542
-20.3707
-20.3872
-20.3973
-20.4107
-20.4205
-20.4212
-20.4313
-20.4450
-20.4462
-20.4662
-20.4708
-20.4540
-20.4644
-20.4907
-20.4978
-20.4984
-20.4930
-20.4873
-20.4753
-20.4667
-20.4710
-20.4780
-20.4981
-20.5219
-20.5433
-20.5772
-20.6139
-20.6471
-20.6869
-20.7202
-20.7435
-20.7574
-20.7778
-20.7822
-20.7800
-20.7903
-20.8140
-20.8344
-20.8575
-20.8908
-20.9270
-20.9632
-21.0059
-21.0480
-21.0706
-21.0933
-21.1062
-21.1345
-21.1411
-21.1576
-21.1678
-21.1812
-21.1824
-21.2024
-21.2258
-21.2306
-21.2351
-21.2280
-21.2208
-21.2249
-21.2445
-21.2606
-21.2517
-21.2004
-21.1459
-21.0975
-21.0793
-21.0733
-21.0733
-21.0572
-21.0441
-21.0146
-20.9695
-20.9376
-20.9189
-20.9158
-20.9068
-20.8947
-20.8793
-20.8732
-20.8895
-20.9027
-20.9223
-20.9261
-20.9391
-20.9432
-20.9475
-20.9517
-20.9406
-20.9387
-20.9238
-20.9238
-20.9302
-20.9272
-20.9304
-20.9339
-20.9382
-20.9459
-20.9391
-20.9355
-20.9247
-20.8916
-20.8676
-20.8554
-20.8554
-20.8560
-20.8452
-20.8085
-20.7777
-20.7858
-20.7992
-20.8057
-20.8027
-20.8028
-20.8060
-20.8093
-20.8163
-20.8330
-20.8563
-20.8701
-20.8970
-20.9247
-20.9466
-20.9617
-21.0009
-21.0395
-21.0590
-21.0593
-21.0657
-21.0720
-21.0720
-21.0752
-21.0884
-21.1113
-21.1282
-21.1390
-21.1656
-21.1922
-21.2148
-21.2219
-21.2166
-21.2049
-21.1898
-21.1929
-21.1994
-21.1969
-21.2066
-21.2134
-21.2265
-21.2187
-21.2016
-21.1694
-21.1409
-21.1127
-21.1092
-21.0991
-21.0986
-21.1091
-21.1250
-21.1250
-21.1039
-21.0770
-21.0318
-20.9987
-20.9716
-20.9538
-20.9364
-20.8951
-20.8567
-20.8093
-20.7832
-20.7696
-20.7803
-20.7851
-20.7749
-20.7591
-20.7256
-20.6798
-20.6222
-20.5642
-20.5414
-20.5453
-20.5519
-20.5552
-20.5462
-20.5223
-20.4804
-20.4147
-20.3398
-20.2949
-20.2918
-20.2887
-20.2765
-20.2704
-20.2552
-20.2460
-20.2188
-20.1525
-20.0780
-20.0067
-19.9507
-19.9042
-19.8914
-19.9053
-19.8948
-19.8183
-19.7087
-19.6016
-19.5507
-19.5356
-19.5326
-19.5273
-19.4829
-19.4505
-19.4180
-19.3972
-19.3882
-19.3882
-19.3914
-19.3799
-19.3418
-19.3012
-19.2699
-19.2293
-19.1860
-19.1394
-19.0896
-19.0424
-18.9951
-18.9745
-18.9809
-18.9842
-18.9545
-18.9370
-18.9073
-18.8813
-18.8608
-18.8410
-18.8062
-18.7805
-18.7277
-18.6717
-18.6066
-18.5380
-18.4489
-18.3717
-18.3133
-18.2729
-18.2475
-18.2342
-18.1876
-18.1149
-18.0125
-17.9092
-17.8212
-17.7983
-17.8022
-17.8087
-17.7940
-17.7707
-17.7242
-17.6863
-17.6420
-17.6067
-17.5714
-17.5683
-17.5683
-17.5567
-17.5009
-17.4593
-17.4298
-17.4068
-17.3864
-17.3456
-17.2933
-17.2020
-17.1048
-16.9898
-16.8980
-16.8689
-16.8724
-16.8854
-16.8588
-16.7950
-16.7132
-16.6539
-16.6394
-16.6401
-16.6434
-16.6402
-16.6109
-16.5727
-16.5143
-16.4648
-16.3968
-16.3142
-16.1543
-15.9621
-15.7732
-15.6186
-15.5290
-15.5268
-15.5335
-15.5336
-15.5165
-15.4791
-15.4353
-15.4118
-15.4053
-15.3964
-15.3932
-15.3875
-15.3875
-15.3875
-15.3811
-15.3778
-15.3778
-15.3714
-15.3487
-15.3260
-15.3131
-15.2970
-15.2841
-15.2744
-15.2583
-15.2421
-15.2138
-15.1829
-15.1400
-15.0703
-14.9609
-14.8400
-14.7143
-14.5641
-14.4091
-14.2835
-14.1612
-14.0955
-14.0867
-14.1102
-14.1158
-14.1158
-14.0810
-14.0341
-13.9661
-13.8788
-13.7849
-13.6757
-13.5501
-13.4433
-13.3430
-13.2540
-13.2118
-13.1795
-13.1706
-13.1416
-13.0925
-13.0224
-12.9367
-12.8600
-12.7922
-12.7155
-12.6044
-12.4922
-12.3855
-12.2744
-12.1767
-12.0700
-11.9589
-11.8067
-11.5977
-11.3866
-11.2114
-11.0959
-11.0127
-10.9827
-10.9827
-10.9827
-10.9704
-10.9260
-10.8584
-10.7641
-10.6754
-10.5724
-10.4672
-10.3655
-10.3047
-10.2482
-10.2326
-10.2292
-10.2114
-10.1937
-10.1460
-10.0997
-10.0520
-10.0043
-9.9689
-9.9368
-9.9089
-9.8578
-9.7802
-9.6739
-9.5514
-9.4220
-9.3016
-9.2015
-9.1347
-9.0994
-9.0762
-9.0551
-9.0144
-8.9701
-8.9048
-8.8395
-8.7826
-8.7507
-8.7384
-8.7153
-8.6711
-8.6128
-8.5436
-8.4783
-8.4308
-8.3901
-8.3670
-8.3474
-8.3317
-8.3018
-8.2504
-8.1867
-8.1231
-8.0859
-8.0648
-8.0506
-8.0330
-8.0100
-7.9694
-7.9269
-7.8634
-7.7929
-7.7417
-7.7065
-7.6907
-7.6819
-7.6467
-7.5726
-7.4601
-7.3145
-7.1636
-7.0265
-6.9333
-6.8982
-6.8843
-6.8528
-6.8211
-6.7843
-6.7475
-6.6896
-6.6389
-6.6091
-6.5951
-6.5637
-6.5217
-6.4533
-6.3725
-6.2987
-6.2548
-6.2093
-6.1724
-6.1513
-6.1303
-6.1232
-6.1232
-6.1197
-6.1057
-6.0599
-6.0001
-5.9332
-5.8803
-5.8097
-5.7655
-5.7408
-5.7178
-5.7002
-5.6630
-5.6311
-5.5921
-5.5495
-5.5034
-5.4662
-5.4344
-5.3584
-5.2452
-5.1087
-4.9384
-4.7504
-4.5380
-4.3204
-4.1686
-4.0909
-4.0802
-4.0730
-4.0694
-4.0694
-4.0730
-4.0551
-4.0480
-4.0409
-4.0194
-3.9872
-3.9572
-3.9239
-3.8834
-3.8357
-3.7861
-3.7348
-3.6796
-3.6208
-3.5584
-3.4947
-3.4362
-3.3721
-3.3236
-3.2839
-3.2370
-3.1764
-3.1552
-3.1303
-3.1251
-3.0986
-3.0484
-3.0074
-2.9613
-2.9001
-2.8234
-2.7367
-2.6682
-2.6013
-2.5463
-2.4767
-2.3916
-2.3080
-2.2566
-2.2296
-2.1871
-2.1576
-2.1364
-2.1188
-2.1048
-2.0805
-2.0292
-1.9728
-1.9236
-1.8811
-1.8614
-1.8453
-1.8313
-1.8123
-1.7947
-1.7734
-1.7383
-1.7016
-1.6715
-1.6591
-1.6203
-1.5698
-1.4921
-1.4232
-1.3462
-1.2816
-1.2214
-1.1789
-1.1614
-1.1379
-1.1269
-1.0859
-1.0346
-0.9584
-0.8733
-0.7722
-0.6965
-0.6356
-0.5988
-0.5546
-0.5053
-0.4744
-0.4485
-0.4050
-0.3439
-0.2887
-0.2238
-0.1567
-0.0798
0.0194
0.1004
0.1869
0.2920
0.3770
0.4520
0.4882
0.5470
0.6021
0.6650
0.7503
0.8181
0.8844
0.9371
0.9571
0.9696
0.9821
0.9959
1.0184
1.0309
1.0661
1.1025
1.1200
1.1375
1.1413
1.1501
1.1852
1.2342
1.3119
1.4098
1.5039
1.5728
1.6117
1.6192
1.6229
1.6267
1.6555
1.6880
1.7481
1.7831
1.8031
1.8144
1.8269
1.8319
1.8406
1.8556
1.8956
1.9668
2.0556
2.1458
2.2447
2.3547
2.4487
2.5362
2.6164
2.7028
2.7954
2.8657
2.9397
2.9910
3.0210
3.0525
3.0791
3.1131
3.1495
3.2274
3.3217
3.3856
3.4232
3.4346
3.4460
3.4612
3.4688
3.4813
3.5041
3.5384
3.5802
3.6254
3.6668
3.7098
3.7538
3.7865
3.8241
3.8557
3.8862
3.9052
3.9363
3.9439
3.9516
3.9603
3.9603
3.9909
4.0100
4.0253
4.0405
4.0634
4.1088
4.1644
4.2037
4.2534
4.3130
4.3758
4.4329
4.4736
4.5210
4.5635
4.6043
4.6257
4.6422
4.6537
4.6691
4.6844
4.7074
4.7616
4.8288
4.9143
4.9831
5.0411
5.0865
5.1494
5.2200
5.2974
5.3652
5.4106
5.4406
5.4542
5.4580
5.4696
5.4909
5.5199
5.5604
5.6087
5.6696
5.7420
5.8232
5.9006
5.9663
6.0233
6.0725
6.0976
6.1266
6.1362
6.1400
6.1487
6.1574
6.1582
6.1698
6.1862
6.1959
6.2171
6.2345
6.2596
6.2857
6.3244
6.3543
6.3668
6.3958
6.4142
6.4354
6.4566
6.5146
6.5910
6.6771
6.7438
6.8008
6.8588
6.9226
6.9824
7.0336
7.0761
7.1233
7.1532
7.1697
7.1909
7.2256
7.2642
7.2979
7.3355
7.3652
7.4201
7.4798
7.5433
7.5770
7.6107
7.6356
7.6566
7.6681
7.6844
7.7267
7.7863
7.8460
7.8962
7.9202
7.9286
7.9402
7.9439
7.9563
7.9649
7.9899
8.0158
8.0542
8.1004
8.1512
8.2011
8.2417
8.2766
8.3157
8.3767
8.4425
8.4958
8.5530
8.5811
8.6146
8.6358
8.6483
8.6569
8.6647
8.6898
8.7290
8.7744
8.8159
8.8659
8.9122
8.9662
9.0085
9.0406
9.0782
9.1158
9.1535
9.1911
9.2350
9.2837
9.3550
9.4395
9.5312
9.6081
9.6904
9.7556
9.8222
9.8934
9.9468
10.0127
10.0540
10.1081
10.1675
10.2097
10.2260
10.2298
10.2217
10.2175
10.2291
10.2405
10.2520
10.2633
10.2709
10.2706
10.2663
10.2462
10.2341
10.2179
10.2096
10.1974
10.1972
10.1690
10.1367
10.1282
10.1478
10.1434
10.1508
10.1822
10.2023
10.2437
10.2757
10.3075
10.3266
10.3506
10.3941
10.4342
10.4757
10.5079
10.5494
10.5876
10.6278
10.6759
10.7642
10.8710
10.9982
11.1203
11.2377
11.3310
11.4292
11.5236
11.5855
11.6096
11.6214
11.6172
11.6212
11.6251
11.6454
11.6614
11.6738
11.6890
11.7045
11.7360
11.7682
11.8017
11.8101
11.8099
11.8057
11.8095
11.8172
11.8328
11.8321
11.8233
11.8147
11.8183
11.8097
11.7891
11.7766
11.7684
11.7317
11.6689
11.6224
11.6094
11.6079
11.6196
11.6351
11.6469
11.6587
11.6584
11.6454
11.6195
11.6170
11.6639
11.7314
11.7872
11.8059
11.8047
11.8001
11.8146
11.8307
11.8341
11.8664
11.9104
11.9346
11.9243
11.9179
11.9036
11.8892
11.9239
11.9801
12.0365
12.0684
12.1066
12.1408
12.1687
12.1881
12.2036
12.1984
12.1887
12.1836
12.1745
12.1699
12.1727
12.1841
12.1915
12.1862
12.2017
12.2125
12.2134
12.2167
12.2364
12.2869
12.3703
12.4578
12.4965
12.4758
12.4477
12.4343
12.4256
12.4296
12.4288
12.4142
12.3819
12.3536
12.2993
12.2789
12.2677
12.2873
12.3134
12.3025
12.2731
12.2313
12.2047
12.1984
12.2408
12.3012
12.3385
12.3779
12.4051
12.4479
12.4913
12.5484
12.6248
12.6811
12.7250
12.7400
12.7307
12.7028
12.6702
12.6330
12.6143
12.5910
12.5630
12.5303
12.5022
12.4835
12.4748
12.4614
12.4380
12.4011
12.3819
12.3845
12.4006
12.4135
12.4388
12.4597
12.4846
12.5134
12.5326
12.5262
12.5299
12.5207
12.5143
12.5340
12.5334
12.5193
12.5098
12.4832
12.4514
12.4246
12.3917
12.3590
12.3489
12.3359
12.3270
12.2909
12.2725
12.2542
12.2653
12.2844
12.2958
12.3202
12.3487
12.3590
12.3972
12.4688
12.5785
12.6933
12.7746
12.8239
12.8489
12.8440
12.8140
12.7881
12.7622
12.7166
12.6778
12.6423
12.6025
12.5524
12.4964
12.4533
12.4240
12.3959
12.3881
12.3850
12.3825
12.3883
12.4160
12.4443
12.4954
12.5720
12.6823
12.8165
12.9430
13.0199
13.0519
13.0441
12.9827
12.8674
12.7516
12.6186
12.4886
12.3547
12.2112
12.0502
11.9058
11.7718
11.6660
11.5659
11.4901
11.3835
11.2589
11.1223
10.9994
10.8873
10.8165
10.7320
10.6473
10.5601
10.4652
10.3402
10.2015
10.0520
9.9380
9.8625
9.8205
9.7766
9.6645
9.5690
9.4745
9.3841
9.2864
9.1686
9.0704
8.9796
8.9068
8.8226
8.7385
8.6681
8.6010
8.5161
8.4155
8.3127
8.2592
8.2381
8.2684
8.2935
8.3062
8.3147
8.3262
8.2960
8.2159
8.1421
8.0748
8.0266
8.0042
7.9807
7.9736
7.9570
7.9309
7.9099
7.8888
7.8781
7.8892
7.9197
7.9325
7.9249
7.8939
7.8586
7.8130
7.7932
7.8259
7.8750
7.9148
7.9107
7.8985
7.8832
7.8780
7.8635
7.8377
7.8210
7.8127
7.8127
7.7672
7.7146
7.6862
7.6718
7.6604
7.6735
7.6852
7.6929
7.6916
7.6881
7.6601
7.6178
7.5888
7.5707
7.5559
7.5443
7.5399
7.4963
7.4314
7.3589
7.2905
7.2139
7.1504
7.1009
7.0494
6.9958
6.9372
6.9079
6.8876
6.9155
6.9515
6.9713
6.9641
6.9778
6.9976
7.0172
7.0328
7.0705
7.0971
7.1177
7.1163
7.0838
7.0235
6.9712
6.9631
6.9520
6.9466
6.9154
6.8851
6.8589
6.8385
6.8391
6.8257
6.8095
6.8015
6.7933
6.7853
6.7762
6.7790
6.7627
6.7385
6.7294
6.7253
6.7252
6.7279
6.7306
6.7115
6.6657
6.6287
6.5977
6.5788
6.5698
6.5508
6.5048
6.4437
6.3746
6.3124
6.2941
6.3089
6.3247
6.3573
6.3860
6.4118
6.4636
6.4854
6.5091
6.5468
6.5925
6.6144
6.6223
6.6461
6.6618
6.6618
6.6697
6.6816
6.6934
6.7051
6.7208
6.7248
6.7198
6.6918
6.7075
6.7232
6.7508
6.7865
6.8172
6.8328
6.8234
6.8191
6.8247
6.8433
6.8700
6.8857
6.8766
6.8246
6.7573
6.6720
6.5956
6.5623
6.5362
6.5150
6.4829
6.4245
6.3640
6.3097
6.2725
6.2623
6.2661
6.2897
6.3082
6.3030
6.2699
6.2145
6.1731
6.1275
6.0731
6.0256
5.9792
5.9446
5.9434
5.9353
5.9080
5.8454
5.7677
5.7092
5.6608
5.6414
5.6050
5.5986
5.5921
5.5879
5.5905
5.5838
5.5352
5.4684
5.3585
5.2354
5.0970
4.9772
4.8805
4.8498
4.8725
4.9196
4.9589
4.9587
4.9303
4.9110
4.8695
4.8472
4.8210
4.7987
4.7684
4.7250
4.6521
4.5741
4.4960
4.4230
4.3511
4.2671
4.2044
4.1531
4.1166
4.0750
4.0556
4.0282
3.9853
3.9305
3.8442
3.7461
3.6508
3.5764
3.5094
3.4385
3.3859
3.3477
3.3226
3.3135
3.3043
3.3004
3.2923
3.2844
3.2883
3.2804
3.2684
3.2959
3.3037
3.2997
3.2957
3.2957
3.2957
3.2997
3.3036
3.2905
3.2750
3.2555
3.2529
3.2542
3.2686
3.2817
3.2543
3.2257
3.2065
3.1934
3.1789
3.1698
3.1358
3.0861
3.0353
2.9921
2.9698
2.9750
2.9776
2.9776
2.9358
2.8454
2.7141
2.6131
2.5605
2.5461
2.5302
2.5143
2.4854
2.4118
2.2947
2.1539
2.0288
1.9103
1.8114
1.7099
1.6214
1.5145
1.3943
1.2623
1.1210
0.9903
0.8556
0.7263
0.6089
0.5295
0.4860
0.4611
0.4454
0.4180
0.3497
0.2653
0.1820
0.1158
0.0549
-0.0100
-0.0577
-0.0840
-0.0918
-0.0957
-0.1089
-0.1128
-0.1337
-0.1468
-0.1561
-0.1800
-0.1961
-0.2200
-0.2385
-0.2780
-0.3521
-0.4068
-0.4878
-0.5426
-0.6060
-0.6548
-0.7137
-0.7795
-0.8073
-0.8205
-0.8166
-0.8274
-0.8313
-0.8391
-0.8507
-0.8561
-0.8561
-0.8445
-0.8367
-0.8367
-0.8406
-0.8406
-0.8406
-0.8406
-0.8406
-0.8367
-0.8367
-0.8367
-0.8328
-0.8290
-0.8251
-0.8251
-0.8251
-0.8251
-0.8251
-0.8212
-0.8212
-0.8212
-0.8173
-0.8173
-0.8173
-0.8173
-0.8173
-0.8173
-0.8173
-0.8173
-0.8173
-0.8134
-0.8173
-0.8212
-0.8212
-0.8212
-0.8212
-0.8212
-0.8212
-0.8212
-0.8328
-0.8553
-0.8993
-0.9488
-0.9929
-1.0385
-1.0872
-1.1870
-1.3142
-1.4888
-1.6580
-1.8017
-1.8701
-1.8810
-1.8849
-1.8926
-1.9074
-1.9222
-2.0129
-2.1342
-2.2587
-2.3811
-2.4965
-2.5736
-2.6287
-2.6497
-2.6700
-2.6887
-2.7075
-2.7471
-2.8210
-2.9284
-3.0579
-3.2084
-3.3918
-3.5675
-3.6445
-3.6747
-3.6937
-3.7253
-3.7533
-3.7758
-3.7889
-3.7983
-3.8358
-3.9277
-4.0511
-4.2193
-4.3784
-4.5265
-4.6201
-4.6857
-4.7294
-4.7805
-4.8243
-4.8755
-4.9324
-4.9645
-5.0151
-5.1163
-5.2269
-5.3509
-5.4788
-5.6029
-5.7234
-5.8536
-5.9913
-6.1084
-6.2253
-6.2855
-6.3192
-6.3454
-6.3941
-6.5050
-6.5896
-6.6592
-6.6968
-6.7325
-6.7457
-6.7569
-6.7718
-6.7943
-6.8299
-6.9030
-6.9574
-6.9837
-7.0063
-7.0327
-7.0648
-7.1100
-7.1477
-7.1742
-7.2063
-7.2572
-7.3175
-7.3816
-7.4401
-7.5081
-7.5648
-7.6121
-7.6576
-7.7014
-7.7542
-7.8258
-7.9164
-8.0109
-8.1076
-8.1724
-8.2314
-8.2653
-8.2653
-8.2768
-8.2883
-8.3071
-8.3259
-8.3526
-8.4174
-8.4990
-8.5769
-8.6779
-8.7691
-8.8375
-8.9092
-8.9512
-8.9722
-8.9874
-9.0177
-9.0329
-9.0503
-9.0612
-9.0838
-9.1374
-9.2346
-9.3474
-9.4583
-9.5614
-9.6223
-9.6710
-9.7199
-9.7936
-9.8678
-9.9546
-10.0487
-10.1184
-10.1425
-10.1496
-10.1321
-10.1352
-10.1691
-10.2094
-10.2242
-10.2390
-10.2612
-10.2855
-10.3098
-10.3209
-10.3494
-10.3721
-10.3979
-10.4164
-10.4413
-10.4471
-10.4656
-10.4877
-10.5194
-10.5759
-10.6626
-10.7683
-10.8637
-10.9495
-11.0716
-11.2175
-11.3385
-11.4382
-11.5070
-11.5348
-11.5385
-11.5453
-11.5617
-11.5652
-11.5725
-11.5890
-11.6455
-11.7009
-11.7707
-11.7970
-11.8138
-11.8248
-11.8284
-11.8284
-11.8321
-11.8357
-11.8357
-11.8357
-11.8357
-11.8357
-11.8298
-11.8298
-11.8298
-11.8298
-11.8298
-11.8298
-11.8298
-11.8298
-11.8298
-11.8298
-11.8298
-11.8298
-11.8298
-11.8298
-11.8298
-11.8298
-11.8298
-11.8298
-11.8298
-11.8298
-11.8298
-11.8298
-11.8298
-11.8298
-11.8298
-11.8334
-11.8334
-11.8371
-11.8518
-11.8855
-11.9025
-11.9098
-11.9099
-11.9281
-11.9632
-12.0188
-12.1123
-12.2258
-12.3261
-12.4160
-12.5025
-12.5973
-12.6692
-12.7638
-12.8652
-12.9488
-13.0013
-13.0618
-13.1012
-13.1263
-13.1610
-13.2531
-13.3726
-13.4993
-13.6328
-13.7240
-13.7761
-13.8069
-13.8175
-13.8314
-13.8513
-13.8749
-13.9222
-13.9673
-14.0256
-14.0613
-14.0946
-14.1219
-14.1718
-14.2276
-14.2728
-14.3152
-14.3728
-14.4365
-14.5004
-14.5455
-14.5584
-14.5655
-14.5761
-14.5903
-14.6009
-14.6222
-14.6540
-14.6790
-14.7095
-14.7570
-14.7711
-14.7853
-14.8124
-14.8325
-14.8501
-14.8809
-14.9246
-14.9425
-14.9602
-14.9779
-15.0121
-15.0486
-15.0865
-15.1254
-15.1595
-15.1865
-15.2395
-15.3186
-15.4086
-15.4597
-15.4996
-15.5206
-15.5206
-15.5241
-15.5415
-15.5625
-15.5869
-15.6148
-15.6601
-15.7090
-15.7511
-15.8000
-15.8556
-15.8972
-15.9113
-15.9221
-15.9327
-15.9361
-15.9396
-15.9431
-15.9500
-15.9776
-16.0027
-16.0211
-16.0566
-16.0946
-16.1269
-16.1593
-16.1919
-16.2300
-16.2680
-16.2995
-16.3146
-16.3295
-16.3546
-16.3754
-16.3612
-16.3351
-16.3123
-16.3040
-16.2966
-16.3073
-16.3154
-16.3271
-16.3184
-16.3193
-16.3284
-16.3375
-16.3197
-16.2877
-16.2674
-16.2705
-16.2980
-16.3219
-16.3077
-16.2690
-16.1979
-16.1083
-16.0510
-16.0089
-16.0192
-16.0261
-16.0297
-16.0333
-16.0312
-16.0393
-16.0637
-16.0782
-16.1025
-16.1202
-16.1511
-16.1506
-16.1509
-16.1475
-16.1542
-16.1763
-16.1713
-16.1700
-16.1465
-16.1319
-16.1313
-16.1423
-16.1457
-16.1490
-16.1490
-16.1490
-16.1279
-16.1010
-16.0869
-16.0832
-16.0563
-16.0370
-16.0229
-16.0298
-16.0391
-16.0514
-16.0468
-16.0294
-16.0329
-16.0330
-16.0305
-16.0291
-16.0095
-16.0117
-16.0054
-16.0044
-16.0041
-16.0030
-15.9950
-15.9761
-15.9445
-15.8978
-15.8687
-15.8429
-15.7978
-15.7467
-15.7200
-15.7019
-15.6746
-15.6080
-15.4896
-15.3067
-15.0877
-14.8930
-14.7481
-14.6393
-14.5876
-14.5911
-14.6053
-14.6167
-14.5903
-14.5464
-14.5210
-14.4896
-14.4791
-14.4861
-14.4862
-14.4781
-14.4482
-14.4318
-14.4340
-14.4295
-14.4075
-14.3812
-14.3558
-14.3224
-14.2856
-14.2303
-14.1842
-14.1521
-14.1508
-14.1509
-14.1476
-14.1235
-14.0854
-14.0117
-13.9347
-13.8521
-13.7912
-13.7156
-13.6516
-13.5327
-13.3715
-13.2105
-13.0644
-12.9552
-12.8435
-12.7546
-12.6895
-12.6416
-12.6130
-12.5891
-12.5445
-12.4670
-12.3712
-12.2721
-12.1673
-12.0012
-11.8466
-11.7034
-11.6114
-11.5217
-11.4446
-11.3606
-11.3060
-11.2493
-11.1892
-11.1096
-11.0200
-10.9214
-10.8409
-10.7765
-10.7471
-10.7212
-10.6940
-10.6694
-10.6310
-10.5710
-10.4782
-10.3616
-10.2417
-10.0954
-9.9338
-9.7827
-9.6399
-9.5105
-9.4118
-9.3389
-9.2610
-9.1672
-9.0609
-8.9400
-8.8191
-8.6837
-8.5699
-8.4396
-8.2918
-8.1331
-7.9509
-7.7809
-7.6455
-7.5517
-7.4887
-7.4402
-7.3991
-7.3542
-7.2752
-7.1998
-7.1423
-7.0903
-6.9933
-6.8855
-6.7652
-6.6503
-6.5122
-6.3813
-6.2487
-6.1500
-6.0497
-5.9331
-5.7842
-5.5940
-5.4057
-5.2246
-5.0401
-4.8735
-4.7391
-4.6476
-4.6101
-4.5956
-4.5795
-4.5615
-4.5362
-4.4805
-4.4016
-4.3014
-4.1922
-4.1115
-4.0523
-4.0163
-3.9786
-3.9482
-3.9283
-3.8960
-3.8583
-3.8008
-3.7271
-3.6338
-3.5514
-3.4740
-3.3963
-3.3330
-3.2701
-3.1999
-3.1206
-3.0453
-2.9554
-2.8491
-2.7323
-2.6592
-2.6108
-2.5746
-2.5473
-2.5022
-2.4439
-2.3789
-2.3164
-2.2323
-2.1408
-2.0418
-1.9502
-1.8624
-1.7939
-1.7582
-1.7530
-1.7314
-1.6957
-1.6422
-1.5634
-1.4704
-1.3774
-1.3061
-1.2563
-1.2296
-1.2095
-1.1873
-1.1153
-1.0114
-0.9216
-0.8207
-0.7362
-0.6569
-0.5510
-0.4258
-0.2820
-0.1418
0.0214
0.1871
0.3553
0.5047
0.6211
0.7067
0.7745
0.8422
0.9479
1.0792
1.2016
1.2950
1.3745
1.4186
1.4513
1.4790
1.5345
1.6102
1.7023
1.7717
1.8408
1.8822
1.9061
1.9339
1.9553
1.9718
1.9881
2.0310
2.0929
2.1636
2.2457
2.3327
2.4097
2.4817
2.5488
2.6095
2.6715
2.7335
2.8069
2.8954
2.9776
3.0499
3.0855
3.1095
3.1194
3.1371
3.1459
3.1535
3.1535
3.1649
3.1890
3.2181
3.2483
3.2823
3.3228
3.3836
3.4760
3.5596
3.6523
3.7489
3.8412
3.9324
4.0050
4.0622
4.0941
4.1133
4.1298
4.1297
4.1372
4.1447
4.1521
4.1711
4.1991
4.2407
4.3051
4.3506
4.3832
4.4174
4.4595
4.5026
4.5604
4.6508
4.7240
4.7824
4.8308
4.8793
4.9299
4.9904
5.0461
5.1253
5.1870
5.2437
5.2824
5.3145
5.3465
5.3973
5.4558
5.5337
5.6281
5.7255
5.8443
5.9632
6.0656
6.1553
6.2226
6.2860
6.3690
6.4744
6.5829
6.6728
6.7245
6.7558
6.7714
6.7754
6.7714
6.7753
6.7830
6.7830
6.7827
6.7905
6.7864
6.7939
6.8212
6.8682
6.9270
6.9617
7.0203
7.0910
7.1616
7.2203
7.2831
7.3263
7.3617
7.3892
7.4128
7.4404
7.4728
7.5082
7.5525
7.6017
7.6469
7.6951
7.7354
7.7469
7.7863
7.8337
7.8731
7.9087
7.9403
7.9559
7.9468
7.9150
7.9040
7.9118
7.9353
7.9378
7.9128
7.8680
7.8478
7.8778
7.9409
7.9703
7.9771
7.9888
8.0154
8.0412
8.0648
8.0717
8.0955
8.1184
8.1214
8.1264
8.1313
8.1520
8.1855
8.2223
8.2543
8.2673
8.2544
8.2076
8.1301
8.0527
7.9800
7.9421
7.9140
7.8889
7.8688
7.8437
7.8157
7.7688
7.7000
7.6518
7.6434
7.6621
7.6939
7.7017
7.6927
7.6557
7.6198
7.5919
7.5719
7.5456
7.5101
7.4857
7.4964
7.4874
7.4824
7.4554
7.4324
7.4185
7.4186
7.4268
7.4757
7.5762
7.7072
7.8526
8.0004
8.1269
8.2619
8.4297
8.6591
8.9098
9.1984
9.5323
9.8762
10.2035
10.4804
10.6484
10.7534
10.7585
10.6236
10.3947
10.1066
9.8413
9.6010
9.4555
9.4371
9.4994
9.5959
9.6564
9.6842
9.6667
9.5806
9.4041
9.1859
8.9938
8.8490
8.7961
8.7684
8.7703
8.7183
8.5973
8.4245
8.2750
8.1726
8.0694
7.9722
7.8834
7.7818
7.6734
7.5758
7.5258
7.4940
7.4576
7.4033
7.3490
7.2696
7.1566
7.0269
6.9431
6.8874
6.8427
6.8048
6.7372
6.6233
6.4828
6.3476
6.2152
6.1138
5.9746
5.8229
5.6518
5.5089
5.3802
5.2698
5.1624
5.0551
4.9703
4.9173
4.8645
4.8505
4.8462
4.8308
4.8376
4.8637
4.8993
4.9128
4.8807
4.8184
4.7438
4.6624
4.5743
4.5178
4.4628
4.4489
4.4185
4.3799
4.2976
4.2195
4.1784
4.1618
4.1521
4.1615
4.1642
4.1559
4.1422
4.1094
4.0617
4.0046
3.9149
3.8049
3.7033
3.5572
3.4356
3.3304
3.2725
3.2607
3.2921
3.3423
3.4033
3.4413
3.4319
3.4428
3.4590
3.4631
3.4550
3.4334
3.4279
3.4617
3.5008
3.4872
3.4454
3.3901
3.3577
3.3536
3.3602
3.3816
3.3748
3.3318
3.2914
3.2631
3.2227
3.2107
3.2268
3.2482
3.2375
3.2307
3.2482
3.2441
3.2226
3.2185
3.2372
3.2492
3.2959
3.3665
3.4224
3.4381
3.4219
3.3872
3.3352
3.3113
3.3073
3.2925
3.2644
3.2283
3.1723
3.1123
3.0483
2.9764
2.8686
2.7490
2.6335
2.5539
2.5154
2.5194
2.5512
2.6017
2.6203
2.6098
2.6021
2.5866
2.5658
2.5555
2.5399
2.5493
2.5679
2.5536
2.5052
2.4541
2.4067
2.3685
2.3474
2.3197
2.3105
2.3157
2.3315
2.3579
2.3893
2.3918
2.3852
2.3864
2.4244
2.4951
2.5670
2.6191
2.6057
2.5584
2.5149
2.4597
2.4006
2.3770
2.3573
2.3258
2.2903
2.2707
2.2589
2.2236
2.1843
2.1568
2.1542
2.1309
2.1035
2.0761
2.0486
2.0121
1.9691
1.9508
1.9273
1.8908
1.8464
1.8294
1.8098
1.7719
1.7431
1.7287
1.7247
1.7363
1.7402
1.7441
1.7517
1.7594
1.7710
1.7710
1.7671
1.7671
1.7748
1.7786
1.7863
1.7939
1.8133
1.8365
1.8482
1.8272
1.8166
1.8205
1.8205
1.8205
1.8283
1.8594
1.8605
1.8540
1.8408
1.8144
1.7934
1.7722
1.7746
1.7809
1.7727
1.7500
1.6868
1.6329
1.5910
1.5530
1.5110
1.4860
1.4884
1.4961
1.4961
1.4725
1.4489
1.4305
1.4147
1.4002
1.3881
1.3944
1.4021
1.3968
1.3824
1.3679
1.3496
1.3312
1.3220
1.3115
1.2931
1.2695
1.2353
1.1841
1.1171
1.0567
1.0027
0.9747
0.9496
0.9140
0.8783
0.8072
0.7346
0.6411
0.5460
0.4640
0.3976
0.3510
0.3495
0.3442
0.3621
0.4008
0.4109
0.4206
0.4380
0.4505
0.4316
0.4112
0.4209
0.4738
0.5243
0.5397
0.5329
0.4984
0.4321
0.3844
0.3605
0.3288
0.2888
0.2425
0.1830
0.1025
-0.0005
-0.1274
-0.2162
-0.2659
-0.2946
-0.3141
-0.3233
-0.3389
-0.3505
-0.3908
-0.4774
-0.5794
-0.7007
-0.8206
-0.9150
-0.9784
-1.0194
-1.0705
-1.1169
-1.1742
-1.2354
-1.3059
-1.3826
-1.4685
-1.5352
-1.6157
-1.7088
-1.7886
-1.8406
-1.8795
-1.8833
-1.8833
-1.8833
-1.8910
-1.9173
-1.9661
-2.0088
-2.0576
-2.0932
-2.1660
-2.2761
-2.4465
-2.6223
-2.8092
-2.9643
-3.0719
-3.1258
-3.1427
-3.1427
-3.1465
-3.1733
-3.2056
-3.2395
-3.2603
-3.2883
-3.3180
-3.3311
-3.3422
-3.3625
-3.3923
-3.4555
-3.5450
-3.6398
-3.6976
-3.7184
-3.6249
-3.4524
-3.2289
-2.9398
-2.6136
-2.3121
-2.0227
-1.7792
-1.5562
-1.3498
-1.1574
-0.9264
-0.6659
-0.3572
-0.0483
0.2677
0.5371
0.7700
0.9225
1.0229
1.1113
1.2024
1.2736
1.3646
1.4831
1.6146
1.7461
1.8420
1.9038
1.9419
1.9655
1.9616
1.9500
1.9477
1.9518
1.9874
2.0361
2.0717
2.0914
2.0966
2.1031
2.1111
2.1163
2.0927
2.0664
2.0246
2.0088
2.0375
2.0585
2.0534
2.0078
1.9611
1.9274
1.8742
1.8416
1.8247
1.8168
1.8051
1.8012
1.7660
1.6995
1.6487
1.6254
1.6176
1.6124
1.6085
1.5733
1.5368
1.4861
1.4507
1.4232
1.4128
1.4075
1.3932
1.3841
1.3606
1.3551
1.3300
1.2867
1.2305
1.1990
1.1857
1.1857
1.2088
1.2359
1.2512
1.2508
1.2595
1.2632
1.2527
1.2563
1.3222
1.3609
1.3802
1.3589
1.3652
1.3613
1.3613
1.3430
1.3299
1.3025
1.2645
1.2265
1.1821
1.1180
1.0708
1.0525
1.0433
0.9949
0.9241
0.8730
0.8585
0.8585
0.8585
0.8532
0.8532
0.8282
0.8032
0.7835
0.7677
0.7677
0.7624
0.7764
0.7736
0.7472
0.7088
0.6718
0.6400
0.6241
0.6276
0.6349
0.6543
0.6528
0.6409
0.6246
0.5980
0.5860
0.6039
0.6218
0.6296
0.6345
0.6264
0.5891
0.5626
0.5568
0.5748
0.5757
0.5675
0.5661
0.5554
0.5355
0.5089
0.4876
0.4677
0.4531
0.4478
0.4386
0.4240
0.3856
0.3287
0.2479
0.1238
0.0224
-0.0547
-0.0956
-0.0971
-0.0971
-0.1049
-0.1049
-0.0894
-0.0817
-0.0964
-0.1325
-0.2067
-0.2691
-0.3223
-0.3663
-0.4127
-0.4250
-0.4373
-0.4558
-0.4558
-0.4612
-0.4612
-0.4774
-0.5106
-0.5507
-0.5816
-0.5978
-0.6140
-0.6410
-0.6734
-0.7082
-0.7817
-0.8994
-1.0204
-1.1352
-1.2485
-1.3200
-1.3527
-1.3620
-1.3620
-1.3620
-1.3675
-1.3784
-1.3947
-1.4111
-1.4127
-1.4143
-1.4143
-1.4307
-1.4525
-1.4853
-1.5236
-1.5673
-1.6266
-1.6727
-1.7062
-1.7249
-1.7287
-1.7397
-1.7546
-1.7771
-1.8106
-1.8458
-1.9152
-2.0258
-2.1485
-2.2356
-2.2785
-2.2824
-2.2824
-2.2824
-2.3050
-2.3105
-2.3326
-2.3547
-2.3861
-2.4143
-2.4369
-2.4728
-2.5048
-2.5518
-2.5854
-2.6153
-2.6153
-2.6208
-2.6357
-2.6413
-2.6524
-2.6579
-2.6728
-2.6877
-2.7027
-2.7270
-2.7718
-2.8576
-3.0054
-3.1833
-3.3537
-3.5056
-3.6090
-3.6879
-3.7236
-3.7687
-3.8086
-3.8599
-3.9201
-3.9842
-4.0728
-4.1559
-4.2463
-4.3425
-4.4352
-4.5090
-4.5449
-4.5754
-4.6078
-4.6476
-4.7045
-4.8011
-4.9147
-5.0662
-5.2311
-5.3809
-5.5005
-5.5896
-5.6690
-5.7560
-5.8090
-5.8525
-5.8979
-5.9926
-6.1443
-6.2921
-6.4078
-6.4780
-6.5083
-6.5384
-6.5724
-6.6102
-6.6405
-6.6669
-6.7046
-6.7348
-6.7366
-6.7309
-6.7458
-6.7458
-6.7344
-6.7324
-6.7658
-6.8467
-6.9216
-6.9798
-7.0287
-7.0962
-7.1785
-7.2572
-7.3284
-7.3846
-7.4446
-7.4989
-7.5272
-7.5496
-7.5758
-7.5833
-7.5985
-7.6022
-7.6022
-7.6229
-7.6513
-7.6871
-7.7493
-7.8361
-7.9362
-8.0363
-8.1341
-8.2465
-8.3628
-8.4629
-8.5762
-8.6517
-8.7215
-8.7593
-8.8045
-8.8680
-8.9515
-9.0366
-9.0993
-9.1298
-9.1634
-9.1802
-9.1913
-9.2060
-9.2429
-9.3135
-9.3651
-9.4208
-9.4760
-9.5369
-9.6021
-9.6818
-9.7571
-9.7975
-9.8341
-9.8980
-9.9381
-9.9564
-9.9746
-9.9818
-9.9818
-9.9644
-9.9282
-9.8593
-9.7312
-9.5513
-9.3680
-9.1769
-8.9654
-8.7188
-8.4233
-8.1119
-7.8272
-7.6042
-7.4114
-7.2402
-7.0659
-6.8602
-6.6032
-6.2470
-5.8086
-5.3199
-4.8453
-4.3869
-3.9838
-3.6076
-3.2714
-2.9334
-2.5233
-2.0868
-1.6018
-1.1404
-0.6880
-0.2658
0.1031
0.4384
0.6866
0.8799
1.0759
1.2507
1.4421
1.6386
1.7832
1.8767
1.9350
1.9778
2.0232
2.0711
2.1113
2.1399
2.1464
2.1319
2.1214
2.1018
2.0822
2.0627
2.0315
1.9884
1.9427
1.8982
1.8591
1.8174
1.7639
1.7195
1.6713
1.6036
1.5683
1.5370
1.4889
1.3964
1.2648
1.1216
0.9954
0.9250
0.8887
0.8834
0.8795
0.8872
0.8755
0.8406
0.8172
0.7899
0.7665
0.7510
0.7355
0.7275
0.7235
0.7427
0.7424
0.7305
0.7419
0.7419
0.7263
0.6769
0.6391
0.6040
0.5871
0.5933
0.5894
0.5841
0.5682
0.5537
0.5212
0.4534
0.3569
0.2684
0.2083
0.1558
0.1086
0.0989
0.1051
0.1050
0.1050
0.0762
0.0200
-0.0766
-0.1954
-0.2989
-0.3630
-0.4050
-0.4004
-0.3968
-0.4252
-0.5244
-0.6626
-0.8229
-0.9457
-1.0083
-1.0161
-1.0237
-1.0291
-1.0382
-1.0931
-1.1572
-1.2282
-1.2908
-1.3504
-1.4107
-1.4740
-1.5214
-1.5634
-1.5978
-1.6138
-1.6230
-1.6283
-1.6390
-1.6643
-1.6964
-1.7125
-1.7270
-1.7722
-1.8303
-1.9198
-1.9973
-2.0733
-2.1478
-2.2192
-2.3237
-2.4612
-2.6113
-2.7827
-2.8803
-2.9134
-2.9362
-2.9681
-3.0273
-3.1108
-3.2089
-3.3251
-3.4229
-3.5244
-3.5836
-3.6616
-3.6931
-3.7338
-3.8118
-3.9490
-4.0746
-4.1653
-4.2173
-4.2340
-4.2378
-4.2580
-4.2785
-4.3176
-4.3361
-4.3710
-4.4283
-4.4893
-4.5356
-4.5651
-4.5949
-4.6469
-4.7306
-4.8215
-4.9198
-4.9976
-5.0346
-5.0494
-5.0607
-5.1275
-5.2149
-5.3339
-5.4714
-5.5809
-5.6754
-5.7514
-5.8478
-5.9574
-6.0318
-6.0745
-6.1265
-6.2007
-6.2860
-6.3918
-6.4510
-6.5177
-6.5936
-6.6565
-6.7156
-6.8007
-6.8619
-6.9287
-7.0065
-7.0380
-7.0602
-7.1006
-7.1505
-7.1912
-7.1986
-7.2115
-7.2318
-7.2576
-7.3132
-7.3745
-7.4523
-7.5282
-7.5728
-7.6154
-7.6411
-7.6614
-7.6837
-7.7245
-7.7953
-7.8640
-7.9272
-8.0050
-8.0788
-8.1343
-8.1768
-8.2507
-8.3212
-8.3917
-8.4859
-8.5819
-8.6762
-8.7434
-8.7697
-8.7769
-8.7863
-8.7899
-8.8247
-8.8875
-8.9543
-8.9973
-9.0273
-9.0564
-9.0963
-9.1405
-9.2088
-9.3030
-9.3930
-9.4722
-9.5462
-9.6331
-9.7043
-9.7755
-9.8332
-9.8952
-9.9670
-10.0558
-10.1461
-10.2121
-10.2466
-10.2717
-10.2752
-10.2788
-10.2896
-10.3255
-10.3510
-10.3835
-10.4264
-10.4765
-10.5194
-10.5587
-10.5837
-10.6265
-10.6588
-10.7020
-10.7414
-10.7807
-10.8233
-10.8517
-10.8589
-10.8766
-10.8816
-10.8906
-10.8812
-10.8799
-10.8865
-10.8981
-10.9067
-10.9174
-10.8875
-10.8407
-10.8087
-10.7974
-10.8153
-10.8297
-10.8326
-10.8462
-10.8471
-10.8608
-10.8861
-10.9160
-10.9480
-10.9870
-11.0130
-10.9939
-10.9741
-10.9587
-10.9835
-11.0153
-11.0367
-11.0467
-11.0867
-11.1255
-11.1576
-11.1803
-11.2148
-11.2619
-11.3019
-11.2980
-11.2436
-11.1885
-11.1562
-11.1689
-11.1894
-11.2099
-11.2417
-11.2572
-11.2589
-11.2092
-11.1445
-11.0706
-11.0129
-10.9256
-10.8210
-10.7184
-10.6216
-10.4814
-10.3090
-10.1014
-9.9100
-9.7558
-9.6732
-9.6095
-9.5599
-9.4900
-9.4181
-9.3337
-9.2471
-9.1592
-9.0754
-8.9901
-8.8922
-8.7882
-8.6933
-8.6334
-8.5950
-8.5512
-8.4715
-8.3969
-8.3207
-8.2304
-8.1578
-8.0999
-8.0687
-8.0103
-7.9448
-7.8683
-7.7887
-7.7288
-7.7048
-7.6954
-7.6443
-7.5443
-7.4389
-7.3645
-7.3196
-7.2293
-7.0990
-6.9631
-6.8201
-6.7042
-6.6210
-6.5846
-6.5376
-6.5031
-6.4236
-6.3081
-6.1962
-6.1133
-6.0681
-6.0501
-6.0410
-6.0032
-5.9220
-5.7651
-5.5702
-5.3574
-5.1265
-4.9082
-4.7570
-4.6598
-4.6131
-4.5732
-4.5550
-4.5405
-4.5207
-4.4486
-4.3603
-4.2739
-4.2038
-4.1643
-4.1264
-4.0829
-4.0109
-3.9315
-3.8575
-3.8141
-3.7617
-3.7238
-3.6696
-3.6357
-3.5942
-3.5400
-3.4838
-3.4422
-3.4040
-3.3441
-3.2775
-3.1947
-3.1258
-3.0479
-2.9630
-2.8723
-2.7922
-2.7413
-2.6939
-2.6559
-2.6321
-2.6158
-2.6011
-2.5721
-2.5330
-2.4792
-2.4306
-2.4016
-2.3836
-2.3688
-2.3318
-2.2704
-2.2149
-2.1648
-2.1252
-2.0888
-2.0432
-1.9638
-1.8740
-1.7715
-1.6563
-1.5605
-1.4932
-1.4201
-1.3747
-1.3276
-1.2334
-1.1339
-1.0188
-0.9201
-0.8319
-0.7938
-0.7662
-0.7475
-0.6968
-0.6335
-0.5508
-0.4987
-0.4532
-0.4166
-0.3876
-0.3398
-0.2459
-0.1468
-0.0492
0.0320
0.0888
0.1126
0.1163
0.1351
0.1388
0.1388
0.1500
0.1536
0.1775
0.1924
0.2186
0.2560
0.3114
0.3960
0.4603
0.5019
0.5295
0.5369
0.5405
0.5405
0.5456
0.5508
0.5546
0.5546
0.5583
0.5582
0.5581
0.5767
0.5955
0.6029
0.6154
0.6303
0.6527
0.6869
0.7160
0.7385
0.7724
0.8168
0.8468
0.8805
0.9408
1.0205
1.1206
1.2449
1.3731
1.4441
1.5125
1.5531
1.5722
1.5797
1.5900
1.5989
1.6154
1.6269
1.6510
1.6777
1.7146
1.7387
1.7654
1.7842
1.8068
1.8486
1.9070
1.9525
1.9945
2.0250
2.0364
2.0477
2.0627
2.0777
2.1159
2.1387
2.1653
2.2111
2.2760
2.3409
2.4135
2.4862
2.5849
2.6539
2.6959
2.7292
2.7446
2.7523
2.7561
2.7599
2.7585
2.7753
2.7855
2.8046
2.8095
2.8041
2.7997
2.7943
2.7993
2.7696
2.7127
2.6662
2.6545
2.6660
2.6659
2.6272
2.5808
2.5536
2.5315
2.4872
2.4495
2.4400
2.4630
2.4732
2.4485
2.4227
2.4187
2.4136
2.4136
2.4212
2.4212
2.4212
2.4212
2.4212
2.4122
2.4122
2.4122
2.4200
2.4239
2.4278
2.4278
2.4278
2.4317
2.4317
2.4436
2.4907
2.5926
2.7129
2.8361
2.9385
3.0474
3.1603
3.2801
3.4036
3.5177
3.6270
3.7642
20.1215
