-8.1781
-7.9927
-7.9214
-7.9052
-7.9101
-7.9341
-8.0415
-8.1986
-8.3835
-8.6045
-8.8727
-9.1835
-9.5136
-9.8324
-10.0755
-10.2475
-10.3866
-10.4713
-10.4650
-10.1360
-9.2965
-8.0246
-6.4653
-4.8862
-3.4252
-2.2265
-1.3008
-0.5850
-0.0512
0.2826
0.4953
0.6141
0.7179
0.9108
1.1268
1.3697
1.5625
1.7284
1.9002
2.0518
2.1650
2.2316
2.2676
2.2663
2.2282
2.1292
2.0031
1.8570
1.6868
1.4839
1.2438
0.9484
0.6488
0.3615
0.0947
-0.1120
-0.2643
-0.3875
-0.5113
-0.6654
-0.8285
-0.9487
-1.0340
-1.1037
-1.1386
-1.1546
-1.1590
-1.2044
-1.2746
-1.3633
-1.4789
-1.6019
-1.6979
-1.7752
-1.8148
-1.8287
-1.8236
-1.8130
-1.8160
-1.8436
-1.8733
-1.8966
-1.9493
-2.0224
-2.0894
-2.1267
-2.1693
-2.2488
-2.3651
-2.4812
-2.5906
-2.6442
-2.6636
-2.6531
-2.6516
-2.6553
-2.6612
-2.6617
-2.6704
-2.6913
-2.7122
-2.7315
-2.7539
-2.7652
-2.7946
-2.8442
-2.9093
-2.9541
-2.9783
-2.9935
-2.9716
-2.9570
-2.9498
-2.9714
-3.0003
-3.0421
-3.1015
-3.1316
-3.1569
-3.1858
-3.2093
-3.2478
-3.2607
-3.2572
-3.2461
-3.2389
-3.2646
-3.3026
-3.3422
-3.3674
-3.3926
-3.4199
-3.4611
-3.5065
-3.5625
-3.6095
-3.6907
-3.7830
-3.8790
-4.0001
-4.1106
-4.2157
-4.3044
-4.3749
-4.4582
-4.5416
-4.6595
-4.8247
-5.0228
-5.2317
-5.4169
-5.5548
-5.6619
-5.7381
-5.7980
-5.8579
-5.9033
-5.9304
-5.9450
-5.9722
-6.0377
-6.1541
-6.3013
-6.4559
-6.5977
-6.6941
-6.7578
-6.8124
-6.8725
-6.9489
-7.0363
-7.1200
-7.2147
-7.3312
-7.4788
-7.6410
-7.8303
-8.0088
-8.1784
-8.3096
-8.4062
-8.4993
-8.5560
-8.5961
-8.6160
-8.6433
-8.6780
-8.7635
-8.8795
-9.0066
-9.1261
-9.2112
-9.3035
-9.3814
-9.4668
-9.5308
-9.5744
-9.6307
-9.7284
-9.8428
-9.9377
-10.0068
-10.0536
-10.1116
-10.1675
-10.2361
-10.3082
-10.3753
-10.4534
-10.5133
-10.5781
-10.6379
-10.7035
-10.7739
-10.8590
-10.9548
-11.0540
-11.1966
-11.3365
-11.4706
-11.5992
-11.7171
-11.7993
-11.8476
-11.8972
-11.9560
-12.0398
-12.1410
-12.2465
-12.3634
-12.4961
-12.6332
-12.7621
-12.8737
-12.9487
-12.9999
-13.0477
-13.0750
-13.1015
-13.1120
-13.1316
-13.1844
-13.2441
-13.3425
-13.4681
-13.6152
-13.7770
-13.9579
-14.1388
-14.2913
-14.4007
-14.4668
-14.5100
-14.5452
-14.5711
-14.6084
-14.6456
-14.6885
-14.7134
-14.7292
-14.7360
-14.7530
-14.7768
-14.8107
-14.8639
-14.9046
-14.9419
-14.9724
-14.9896
-15.0171
-15.0319
-15.0411
-15.0536
-15.0603
-15.0706
-15.0888
-15.0990
-15.1058
-15.1128
-15.1425
-15.1721
-15.2197
-15.2874
-15.3653
-15.4339
-15.5132
-15.5799
-15.6364
-15.6986
-15.7316
-15.7382
-15.7415
-15.7482
-15.7789
-15.8024
-15.8359
-15.8957
-15.9572
-15.9966
-16.0197
-16.0401
-16.0703
-16.0938
-16.0977
-16.1115
-16.1252
-16.1455
-16.1493
-16.1566
-16.1707
-16.1912
-16.2117
-16.2142
-16.2223
-16.2426
-16.2561
-16.2597
-16.2666
-16.2736
-16.2874
-16.3079
-16.3254
-16.3496
-16.3770
-16.4141
-16.4673
-16.5171
-16.5832
-16.6460
-16.6893
-16.7106
-16.7161
-16.7306
-16.7351
-16.7420
-16.7249
-16.7167
-16.7168
-16.7110
-16.6937
-16.6673
-16.6372
-16.6260
-16.6059
-16.5681
-16.5320
-16.5044
-16.4979
-16.4942
-16.5098
-16.5252
-16.5525
-16.5759
-16.5634
-16.5396
-16.5068
-16.4755
-16.4172
-16.3352
-16.2533
-16.1740
-16.1216
-16.0757
-16.0396
-16.0157
-15.9862
-15.9712
-15.9489
-15.8971
-15.8209
-15.7202
-15.6015
-15.4593
-15.3230
-15.1868
-15.0752
-14.9659
-14.8719
-14.7769
-14.7152
-14.6582
-14.5719
-14.4645
-14.3066
-14.1163
-13.8871
-13.6490
-13.4224
-13.2114
-13.0149
-12.8451
-12.7143
-12.6226
-12.5633
-12.5510
-12.5332
-12.4974
-12.4594
-12.4090
-12.3554
-12.2715
-12.1944
-12.1050
-12.0155
-11.9261
-11.8478
-11.7864
-11.7082
-11.6066
-11.5016
-11.3821
-11.2482
-11.1164
-10.9880
-10.8754
-10.7615
-10.6599
-10.5440
-10.4246
-10.2717
-10.0743
-9.8556
-9.6706
-9.5232
-9.4040
-9.2889
-9.1909
-9.0758
-8.9498
-8.8149
-8.6835
-8.5417
-8.3771
-8.2017
-8.0173
-7.8242
-7.6402
-7.4422
-7.2548
-7.0886
-6.9153
-6.7259
-6.5327
-6.3217
-6.1212
-5.9187
-5.7569
-5.6291
-5.5349
-5.4353
-5.3286
-5.2199
-5.1023
-4.9846
-4.8544
-4.7078
-4.5738
-4.4648
-4.3811
-4.3562
-4.3512
-4.3479
-4.3409
-4.3267
-4.2875
-4.2122
-4.1084
-3.9952
-3.8858
-3.7670
-3.6659
-3.5616
-3.4734
-3.3705
-3.2406
-3.0996
-2.9527
-2.8231
-2.6717
-2.5075
-2.3610
-2.2233
-2.0979
-1.9833
-1.9093
-1.8707
-1.8594
-1.8627
-1.8360
-1.7914
-1.7462
-1.7129
-1.7315
-1.7183
-1.6756
-1.5831
-1.4294
-1.2244
-1.0201
-0.8627
-0.7738
-0.6903
-0.6594
-0.6425
-0.6439
-0.6202
-0.5410
-0.3915
