44.4310862
44.43828671
44.41291424
44.39468612
44.40337265
44.38894673
44.39845884
44.40411837
44.38193168
44.35220649
44.34557923
44.34917372
44.33219693
44.32768321
44.31461679
44.30674717
44.28565588
44.26121979
44.25446817
44.23917
44.23207702
44.20460006
44.17970238
44.15003159
44.14200968
44.12055502
44.07389101
44.07068116
44.07068116
44.07930636
44.08354451
44.11473457
44.1643023
44.25144262
44.3536889
44.46754246
44.67162223
44.93594037
45.20695731
45.44214856
45.59844584
45.61700354
45.51060245
45.41401103
45.42997601
45.49843982
45.58974807
45.67355019
45.79273321
45.88507714
45.86326841
45.83237164
45.82110194
45.85868008
45.86282381
45.91864616
46.01587942
46.11170248
46.17421385
46.22122234
46.2635555
46.26250139
46.22787424
46.17787609
46.15274049
46.15447493
46.17887427
46.17747439
46.19968233
46.22815395
46.27424689
46.28122585
46.24599096
46.21195672
46.13522926
46.01424464
45.91494579
45.91511971
45.98576451
46.02897939
46.06238572
46.09716039
46.14143872
46.13367617
46.11482591
46.11664266
46.12515186
46.14566836
46.15453818
46.17234363
46.20400038
46.20617939
46.16200106
46.13611755
46.11711926
46.0985179
46.06988774
46.03409957
45.99942808
45.9830013
45.98921855
45.99234012
45.96876858
45.96341667
45.96341667
45.9471558
45.94250079
45.9436485
45.95525481
45.97266716
46.00750228
46.09237252
46.16529697
46.21357736
46.240788
46.21655976
46.2171839
46.24475161
46.32660415
46.42654809
46.50920296
46.55410363
46.54507818
46.5342935
46.53117322
46.50931485
46.47615686
46.48195063
46.50524291
46.52575784
46.5000704
46.47604904
46.45863095
46.44997295
46.4486193
46.44129371
46.40631745
46.29861993
46.17853668
46.11386161
46.06810855
46.01716592
46.03145901
46.06618088
46.05002024
46.02807336
46.01165982
45.95346518
45.86259851
45.80580017
45.76562448
45.73687278
45.7307477
45.71413643
45.68791637
45.65826115
45.63162004
45.59290212
45.54606395
45.53544946
45.54041559
45.54523733
45.56021179
45.5762782
45.55995595
45.54263572
45.53266502
45.55029018
45.5628117
45.554852
45.53154702
45.49787863
45.47720019
45.47191836
45.44726559
45.41919588
45.39167907
45.38708969
45.43974165
45.52912097
45.59225299
45.6072349
45.59735803
45.61241974
45.57795015
45.5471105
45.54790534
45.57966091
45.60732843
45.6171546
45.60874414
45.62860543
45.64849832
45.65488822
45.62566023
45.62537872
45.65135265
45.69978124
45.76773828
45.82968063
45.87144473
45.89413259
45.89115774
45.82086833
45.77137673
45.78169936
45.80454571
45.84478812
45.94211418
46.04480781
46.14627033
46.25220996
46.35297587
46.3762792
46.36843155
46.34962034
46.30825392
46.30560973
46.30518916
46.31384552
46.33822881
46.36060012
46.36393739
46.37406399
46.37138005
46.35639986
46.3309027
46.32522354
46.31983293
46.30601992
46.30375736
46.3124724
46.33681771
46.39948401
46.45875637
46.51363957
46.56430821
46.58773185
46.56451069
46.54233462
46.53122053
46.49522191
46.46943053
46.45523185
46.45577618
46.43883838
46.43266021
46.41634482
46.40108141
46.39834326
46.41374536
46.43053192
46.45128723
46.50048624
46.53358763
46.56601959
46.56496925
46.58088253
46.61412333
46.63984544
46.66081662
46.67909061
46.68773227
46.68635289
46.66996309
46.64748564
46.64900177
46.66618882
46.7165607
46.76623691
46.82197342
46.87458662
46.91636197
46.96768043
46.99515975
47.01543302
47.02172671
47.02572653
47.03161553
47.06126143
47.08196286
47.09218996
47.11960122
47.21531877
47.35211494
47.45519184
47.52596218
47.5691056
47.5907273
47.60085857
47.61064126
47.65539227
47.68265887
47.70666242
47.71227236
47.71891765
47.73128641
47.74571782
47.802102
47.88068006
47.96537481
48.02568722
48.06219353
48.07582404
48.09002308
48.10546837
48.1115351
48.0994925
48.09986738
48.10381531
48.10292596
48.07520408
48.0701304
48.08335848
48.08531191
48.07011667
48.06236137
48.05762957
48.04069279
48.03519936
48.03318349
48.02778586
48.02510538
48.03924162
48.05198286
48.06687074
48.08259469
48.07219353
48.07679277
48.10029706
48.15242118
48.18819734
48.21022755
48.23577252
48.27285298
48.28895723
48.32018366
48.33973008
48.35063655
48.4057633
48.4925844
48.5734014
48.62638225
48.66823269
48.6849881
48.71018885
48.72676227
48.73240828
48.75917091
48.809028
48.87555403
48.95048917
48.99619999
49.00715853
49.00824629
49.00077509
49.00627387
49.02924488
49.0757165
49.14875878
49.21662604
49.25671193
49.27046287
49.26593074
49.25075698
49.23503204
49.24756151
49.30152702
49.36420166
49.40613649
49.4154699
49.39614233
49.39580802
49.39362028
49.41581541
49.46555877
49.50920775
49.5692188
49.6513609
49.74306699
49.82200331
49.87909874
49.89266717
49.90995178
49.93355263
49.966174
50.0176072
50.04899277
50.06152796
50.05924459
50.06026105
50.06664422
50.09021441
50.10245659
50.13676685
50.18455545
50.19290682
50.20755062
50.22254121
50.24879804
50.23256668
50.20517081
50.21187487
50.22063471
50.22037663
50.21785979
50.21793571
50.20583233
50.18163034
50.15122069
50.09597624
50.07779584
50.0853741
50.09066054
50.07748845
50.08279209
50.09853706
50.13373134
50.1084782
50.02946747
49.95372465
49.91857598
49.92319318
49.94828667
49.97795794
50.01044357
50.02249651
50.053709
50.0752185
50.08735773
50.1245433
50.15969084
50.18943916
50.22775574
50.25415989
50.29327985
50.31553738
50.34813054
50.4124004
50.47806207
50.5214456
50.53647888
50.54150673
50.56175337
50.58873152
50.61113447
50.63459916
50.69148563
50.77504093
50.84127886
50.88477585
50.90272025
50.90898469
50.91365606
50.90876706
50.92357195
50.94308668
50.95290608
50.9608952
50.97366889
51.00635359
51.03889174
51.0611445
51.07895093
51.09499655
51.11487647
51.13386086
51.13993106
51.16332723
51.19355342
51.23628721
51.26280765
51.27886243
51.28931934
51.30533857
51.3044774
51.30496247
51.30486998
51.31959414
51.33159283
51.32948015
51.32723214
51.33351975
51.33091183
51.32775048
51.30817083
51.29198685
51.26102753
51.2225303
51.19812412
51.17471867
51.09176807
51.04624221
51.01741152
50.98682142
50.94572123
50.90918871
50.89948535
50.87847984
50.84914233
50.82343227
50.8251678
50.83358204
50.80269915
50.77097467
50.70620084
50.63232596
50.61025544
50.60351671
50.59601462
50.58542078
50.57700765
50.54914457
50.49062949
50.41249493
50.32914428
50.27498351
50.26141804
50.26156111
50.25454577
50.26671441
50.26824938
50.26055267
50.24666503
50.23558738
50.22537889
50.22843531
50.22746396
50.22501626
50.22051306
50.21160214
50.2180856
50.23784937
50.22819389
50.22980239
50.22793095
50.22259028
50.21028947
50.19460466
50.17898246
50.18122643
50.163373
50.12486586
50.11521511
50.1007378
50.08799966
50.06874547
50.08986881
50.09049256
50.09553171
50.09548395
50.09082661
50.0933521
50.09157965
50.08930345
50.06566649
50.05318357
50.03817641
50.01639015
49.99346421
49.9842631
49.97755096
49.94376102
49.91108856
49.892883
49.87970189
49.85803566
49.84083551
49.85335788
49.84597623
49.81412861
49.77562837
49.73610051
49.69709414
49.65890584
49.61772576
49.55851001
49.50209153
49.4673663
49.40535724
49.33422929
49.28198079
49.23570205
49.21093915
49.19003244
49.15325765
49.12317665
49.0850431
49.05491205
49.04624128
49.04226272
49.05806841
49.06437224
49.0623185
49.05205512
49.06590903
49.06802163
49.0512091
49.01199521
48.9633296
48.90077358
48.84411445
48.7718745
48.69439996
48.63076721
48.57363019
48.53035678
48.47855576
48.44877825
48.4099698
48.36330633
48.34084557
48.33336688
48.33336688
48.33152318
48.3278369
48.32038089
48.30544117
48.29214683
48.28093154
48.26454755
48.2357187
48.18904747
48.14799131
48.10544848
48.05005606
48.01389593
48.00956866
47.98382733
47.93058255
47.89948288
47.88054041
47.85003704
47.77620197
47.75930189
47.7508333
47.72410056
47.65830062
47.57586366
47.5260272
47.5143369
47.49837998
47.48017272
47.45692066
47.424768
47.37961344
47.35157913
47.32849015
47.30336093
47.27128112
47.23937945
47.206813
47.16348315
47.09992235
47.03575281
47.00576732
46.96677652
46.93250903
46.88613311
46.8411971
46.77956404
46.73145419
46.66299309
46.62065331
46.57855517
46.53212683
46.43164695
46.32919232
46.22512817
46.1162808
46.01805051
45.96567833
45.92312505
45.8566278
45.78521305
45.73333737
45.69109775
45.67096805
45.65373441
45.65554049
45.64464099
45.63269081
45.62953581
45.6306035
45.59756896
45.56788509
45.54870523
45.49030875
45.34354486
45.18524664
45.04526938
44.85803125
44.60989091
44.3444753
43.99880895
43.59579806
43.22528252
42.89273895
42.55793217
42.20573848
41.89820521
41.51733112
40.97050954
40.29556156
39.43351426
38.55561868
37.67195802
36.81808923
35.9400899
35.16697675
34.54556382
34.17223105
34.06037963
34.0300417
34.07767192
34.18995824
34.34721359
34.50378466
34.68599942
34.945787
35.25615752
35.57345659
35.85345026
36.12285967
36.43153409
36.79228887
37.18218674
37.5848828
37.98989312
38.35340209
38.69197407
39.03051115
39.42292062
39.76481692
40.0329317
40.2293253
40.38371846
40.47536185
40.54598856
40.64364849
40.7262797
40.75553336
40.80652076
40.8883995
41.00235954
41.13018086
41.32923099
41.53584344
41.75435637
41.98818724
42.20900039
42.4023317
42.58130405
42.72238624
42.79396258
42.82733247
42.86915931
42.90780771
42.92693617
42.95113936
42.98091992
43.03122635
43.11783005
43.2467551
43.34406196
43.38604439
43.38561671
43.38561671
43.38561671
43.38561671
43.38561671
43.38561671
43.38717758
43.38461817
43.38461817
43.37224382
43.3726417
43.3726417
43.38544647
43.39514404
43.41169336
43.47025409
43.54754279
43.63579058
43.69505626
43.70546371
43.68754855
43.67664306
43.68867823
43.7101711
43.75359986
43.81144001
43.8665124
43.90978923
43.9557732
43.97465548
43.99414002
43.99792675
43.99494738
43.99517279
44.04152569
44.12112461
44.14995886
44.15049683
44.1649873
44.15996078
44.16084961
44.16034953
44.16199121
44.21539914
44.29863446
44.38713518
44.48318396
44.53558935
44.50682786
44.50549085
44.50549085
44.50995079
44.52574331
44.54805294
44.56385863
44.58530155
44.59262106
44.61749169
44.63566404
44.60101063
44.58889774
44.59097742
44.59023847
44.60037955
44.6211931
44.63926679
44.65154864
44.6334742
44.61551264
44.59568258
44.58675741
44.56604392
44.54902381
44.52991926
44.51424234
44.47371619
44.43994164
44.43007009
44.42204102
44.41703357
44.4121024
44.4104147
44.40855664
44.39276676
44.38073264
44.37334563
44.36543976
44.35347175
44.3466931
44.34716318
44.34678665
44.35163708
44.3271742
44.31379811
44.29656996
44.27433763
44.2688343
44.25726221
44.23847925
44.23296543
44.2028614
44.17361792
44.15613302
44.12154256
44.08606273
44.06074068
44.04394107
44.02909097
44.02386859
44.00408787
43.987512
43.99290529
43.96870661
43.93363573
43.93631401
43.94085551
43.90985671
43.85408845
43.81189268
43.78197122
43.76484819
43.76347441
43.78358159
43.7887833
43.77576713
43.76799904
43.77724034
43.78009815
43.79260187
43.80206668
43.85401461
43.90236316
43.91504809
43.91679588
43.90442131
43.90553685
43.9267028
43.90919186
43.88508103
43.89318695
43.90771145
43.88667383
43.86527202
43.86614824
43.86889403
43.87233019
43.85844499
43.8412172
43.80683435
43.76371848
43.73395664
43.72691861
43.72787103
43.72306683
43.76604388
43.83031859
43.85579923
43.82815921
43.80645717
43.80429479
43.79924257
43.81107509
43.80094259
43.80163599
43.83643072
43.87424791
43.89764952
43.93273938
43.95235134
43.94408542
43.91705948
43.89866426
43.86198655
43.81924297
43.79809165
43.81862683
43.82940694
43.8252667
43.82493278
43.83810415
43.8147578
43.80550533
43.80700735
43.82419117
43.82033457
43.82656646
43.83665853
43.82895402
43.84228139
43.86468543
43.88262126
43.92067978
43.98088747
44.03418376
44.05676733
44.05673555
44.03706505
44.03750799
44.06669264
44.10242099
44.14775967
44.20895161
44.23904
44.27955681
44.30937548
44.31349411
44.29117503
44.30255261
44.32876388
44.34562737
44.31041242
44.28866906
44.29658727
44.31112366
44.30522726
44.29391878
44.29555947
44.28595138
44.28200638
44.2909402
44.3028584
44.3262145
44.37746062
44.42599397
44.45507181
44.4696637
44.46955298
44.47533303
44.47972072
44.48011361
44.50246901
44.51527321
44.52261543
44.53542766
44.56348308
44.60591348
44.6280173
44.6350596
44.65710775
44.67429376
44.68269674
44.69390435
44.67713445
44.66938467
44.68806857
44.72743544
44.75011787
44.76943078
44.78055551
44.78656549
44.78822644
44.79715298
44.79014327
44.78999205
44.79640866
44.80365231
44.80689685
44.82106781
44.81904434
44.82265151
44.84115148
44.86031093
44.84574269
44.86534618
44.92553547
44.94139323
44.90209144
44.90626413
44.94854567
44.99134309
45.00217214
45.01980257
45.02328282
45.01877763
45.05495685
45.10484295
45.15268105
45.21432162
45.28896976
45.33382054
45.35176607
45.36828644
45.39730129
45.4324463
45.46419612
45.49627022
45.51228371
45.51857441
45.51690128
45.52684545
45.54587537
45.58275884
45.62159205
45.65446594
45.65683508
45.66086568
45.67049575
45.67130471
45.70870818
45.76782931
45.81387708
45.8529707
45.85383601
45.839357
45.82725613
45.82147947
45.84506625
45.86723775
45.88522648
45.90099133
45.88068827
45.86082038
45.85423025
45.86116348
45.87080357
45.91214846
45.96966494
46.03359923
46.04461075
46.03836963
46.02851467
46.02139392
46.03164517
46.05571788
46.07603104
46.09043491
46.09222544
46.10379237
46.15144851
46.2140761
46.2961982
46.3781487
46.45874267
46.52942355
46.59015262
46.62398024
46.65543157
46.66271233
46.68028413
46.71348244
46.79030914
46.88978321
46.98316561
47.04980028
47.10137907
47.14342298
47.17500982
47.22466248
47.27947212
47.31504851
47.33093193
47.33281174
47.33281174
47.33756104
47.34661346
47.3432257
47.35489726
47.37958101
47.38192167
47.37598367
47.38148519
47.40025078
47.425631
47.46090015
47.4872503
47.48884649
47.51360889
47.52770786
47.53687343
47.5333589
47.53974851
47.56068681
47.57444486
47.5887894
47.60956877
47.61270636
47.60957856
47.61240909
47.62470246
47.63932542
47.66246437
47.66637849
47.67902383
47.68322837
47.69559019
47.67438512
47.64467877
47.62364359
47.61192778
47.59964775
47.59662001
47.59416288
47.60441282
47.62473892
47.67402567
47.73506325
47.8268138
47.88776596
47.93942497
47.94801376
47.96420244
47.96673593
47.97200076
47.98426113
48.00245586
48.0458261
48.11269829
48.12809954
48.12139648
48.12051546
48.12328135
48.13581777
48.15023713
48.15988781
48.18107752
48.20600743
48.23211219
48.26523254
48.29070275
48.30617597
48.34125108
48.37387883
48.40679557
48.44462269
48.47294076
48.50481489
48.5179012
48.52185202
48.53159583
48.52578395
48.5337173
48.5497471
48.54711034
48.55095477
48.56603041
48.57675996
48.58325272
48.59199775
48.61336417
48.64842575
48.69735685
48.72653776
48.7484304
48.7490099
48.73061419
48.72382806
48.72631364
48.73459137
48.76438014
48.80741892
48.8120602
48.79056524
48.76588649
48.75355916
48.75130861
48.76489614
48.77852855
48.77482549
48.76226576
48.75143023
48.75081022
48.72640342
48.67393311
48.61158916
48.55391103
48.47481148
48.42718276
48.4209094
48.44087653
48.41391672
48.36692527
48.32911262
48.30001628
48.26745052
48.23093231
48.1708049
48.1238578
48.07943854
48.07864798
48.11233846
48.15464939
48.18748988
48.20825288
48.20799195
48.19365106
48.14039424
48.11057846
48.05920714
48.01430572
47.98530212
47.9396264
47.92361678
47.892161
47.8564537
47.84018715
47.82897661
47.79640822
47.75307731
47.73353527
47.69526849
47.6382266
47.60364538
47.60019507
47.56490913
47.52314261
47.50267053
47.4937819
47.44962935
47.38565082
47.3387711
47.28955005
47.26619401
47.24961541
47.21998123
47.15028752
47.05303316
46.98485151
46.94517175
46.90846049
46.86689772
46.84852
46.84152838
46.83331861
46.82705555
46.80136446
46.76440918
46.70380747
46.66726182
46.62795306
46.55273808
46.48641957
46.43987359
46.3834771
46.35302315
46.31498824
46.26406182
46.20070074
46.16379982
46.13230993
46.10213754
46.08829759
46.08829759
46.08282366
46.08282366
46.08991784
46.07599283
46.05160474
46.0184873
45.99055611
45.96565667
45.9440942
45.92481794
45.89916151
45.8768918
45.84912837
45.81633657
45.78821711
45.76018018
45.75422824
45.73456718
45.70861068
45.69636885
45.6757151
45.5894744
45.42906471
45.2176131
44.99207194
44.81806958
44.67108039
44.48176583
44.2804384
44.08136695
43.88690644
43.61958318
43.22249132
42.71986271
42.13455125
41.56554934
41.09198949
40.66028718
40.04798617
39.30613922
38.53541047
37.79299186
37.05461644
36.33822756
35.64866425
35.00192948
34.52102668
34.2425994
34.18070644
34.11755131
34.04303311
34.06391733
34.12615299
34.20112785
34.22772274
34.29061069
34.41092475
34.51820605
34.69382676
34.90378059
35.12018507
35.3820083
35.63436736
35.85276162
36.04990363
36.24525459
36.46257545
36.6436084
36.82609643
37.05006841
37.2916819
37.47229235
37.62387802
37.75665257
37.89711203
38.00921868
38.11471151
38.20601221
38.32643356
38.49876128
38.70471376
38.92798536
39.18053081
39.44241663
39.68852258
39.94325483
40.1932313
40.42801792
40.6346891
40.81891575
40.99371117
41.13031378
41.30437988
41.46420979
41.66672405
41.87838565
42.08849929
42.31325909
42.52875735
42.70720474
42.84646725
42.94494985
42.96776976
43.00485703
43.03038673
43.04104665
43.06242915
43.06347402
43.05592821
43.06979754
43.10404046
43.13842372
43.17411793
43.25836957
43.36559127
43.52620859
43.6461827
43.73689329
43.8464959
43.91995479
43.91632193
43.90852317
43.9218625
43.93886015
43.9743227
44.01476516
44.11887836
44.25668389
44.33892504
44.34357215
44.35765502
44.38034395
44.4019595
44.40946503
44.42195589
44.45477754
44.45418587
44.45487706
44.44878145
44.45763034
44.4528882
44.42647103
44.41063166
44.39959556
44.4200606
44.41841908
44.37733639
44.35568245
44.34683782
44.34619326
44.33744118
44.33655432
44.32903718
44.32732233
44.31624328
44.29829215
44.27186
44.23478612
44.21571594
44.20894995
44.20467796
44.20233251
44.20306996
44.20968361
44.20263202
44.20194802
44.22225814
44.25005339
44.24595854
44.2326614
44.21982769
44.21448208
44.21227975
44.22546287
44.22941521
44.22165228
44.23040165
44.23831592
44.25306251
44.25028144
44.24529663
44.25471588
44.26659896
44.24038689
44.22121766
44.21791285
44.24971574
44.24795076
44.20383375
44.18256534
44.17356655
44.18016361
44.20331844
44.18348139
44.17800675
44.19241165
44.20681797
44.20192681
44.2092927
44.23438417
44.24083285
44.21989655
44.2154168
44.21226274
44.20220976
44.1763915
44.16688563
44.15761868
44.19082638
44.22842227
44.2587235
44.31336224
44.35666096
44.34561079
44.34285477
44.34695818
44.36475626
44.35574294
44.34732094
44.35387252
44.38933448
44.40459226
44.40823333
44.41342426
44.4024055
44.38155207
44.37344485
44.40022259
44.39312699
44.38814094
44.38772322
44.39983994
44.39721025
44.38852921
44.39531705
44.39294592
44.37832949
44.32651856
44.28436211
44.27068098
44.2558378
44.28014945
44.27720399
44.26752953
44.28473337
44.31043491
44.32164532
44.33067039
44.3590345
44.34299419
44.31793032
44.30100217
44.28744085
44.28865752
44.32639108
44.38208816
44.44976984
44.47957731
44.46577339
44.46175387
44.44745721
44.44956671
44.45170587
44.48722484
44.50204273
44.48718816
44.48594663
44.49127031
44.51525413
44.55053185
44.55094838
44.54533152
44.55099054
44.54852766
44.55156098
44.54612863
44.55977166
44.5732135
44.57592796
44.60865346
44.65277396
44.68619512
44.71443058
44.74692203
44.74582031
44.75020828
44.75020828
44.75460406
44.75849808
44.75960691
44.7601223
44.7773094
44.80747153
44.83794474
44.85359328
44.8524222
44.85911845
44.89511319
44.94071443
44.97434128
44.9985116
45.02320681
45.03628735
45.04205153
45.07118578
45.06778114
45.08355764
45.10603898
45.11122289
45.11372423
45.11641439
45.12682013
45.13099889
45.15218326
45.20929886
45.27273778
45.3312447
45.38691827
45.46120297
45.50066132
45.51934583
45.5403192
45.56475751
45.58645502
45.59720995
45.60834301
45.62303738
45.65434679
45.70675222
45.75403333
45.79731461
45.83712951
45.86471666
45.8607701
45.84710885
45.82886073
45.81966847
45.81360008
45.81499866
45.83181748
45.81392277
45.78363996
45.73029683
45.71294332
45.70880873
45.69957184
45.72004329
45.73066056
45.73287527
45.74742076
45.77055321
45.76531875
45.76069148
45.75051455
45.75837305
45.75837305
45.76058446
45.75268767
45.74761717
45.75352481
45.77835998
45.80697429
45.81785898
45.83528875
45.86051982
45.8775778
45.90408468
45.93533246
45.96217701
45.96420517
45.9798668
45.97301146
45.97656524
45.97455852
45.98511835
46.0045796
46.01464628
45.9984491
46.00737992
46.01303658
46.02618231
46.03870943
46.05973751
46.0775983
46.09467253
46.12922097
46.13857692
46.15982242
46.18232346
46.19901245
46.21685766
46.24887507
46.28783899
46.31413889
46.33482856
46.37046335
46.40845261
46.45728196
46.5383065
46.62752622
46.73376102
46.82988244
46.90770416
46.96392839
46.9860203
46.98290687
46.99344412
46.98808253
46.99915387
47.00582122
47.01313916
47.03411434
47.06171848
47.058297
47.04895127
47.06024973
47.06599082
47.08824188
47.11952508
47.1409476
47.15421378
47.15031884
47.17575919
47.17915288
47.17287606
47.17922814
47.2055204
47.22014511
47.21233728
47.16461298
47.1206785
47.13182663
47.13098645
47.11639113
47.09265615
47.06988187
47.05212513
47.04694491
47.0547881
47.04702876
47.05171764
47.05635724
47.05774056
47.05327271
47.06216764
47.05803537
47.05572093
47.04099997
46.99089507
46.91184792
46.85578824
46.80093752
46.74383146
46.69179681
46.67137071
46.63839606
46.57065379
46.48562712
46.46044698
46.43128721
46.41172034
46.39591692
46.39217865
46.35405948
46.33284678
46.34637375
46.34854133
46.33617016
46.32631901
46.312751
46.26423959
46.17938771
46.10653125
46.05311178
45.96785675
45.86179628
45.77402396
45.70681523
45.63804205
45.59530842
45.56670432
45.5310564
45.5292561
45.53110688
45.53110688
45.5292561
45.51698323
45.47785479
45.43629991
45.39657662
45.34182285
45.26739597
45.16685093
45.04998267
44.99330981
44.95122383
44.90548647
44.88598512
44.88451096
44.88189717
44.87743398
44.85626003
44.72508295
44.45703774
44.06691242
47.86857908
