-5,5556
-5,6246
-5,7512
-5,8780
-5,9659
-5,9875
-5,9990
-6,0454
-6,1329
-6,2491
-6,4457
-6,6263
-6,6923
-6,7284
-6,7806
-6,8128
-6,8680
-6,9517
-6,9856
-6,9880
-6,9995
-7,0144
-7,0388
-7,0768
-7,1582
-7,2111
-7,2069
-7,0880
-6,9430
-6,8375
-6,8169
-6,8551
-6,9412
-7,0221
-7,0617
-7,0793
-7,0882
-7,1085
-7,1442
-7,2242
-7,3115
-7,3853
-7,4454
-7,4585
-7,5044
-7,5810
-7,6510
-7,7126
-7,8030
-7,8701
-7,8939
-7,9272
-8,0305
-8,1513
-8,2546
-8,3604
-8,5546
-8,7278
-8,8567
-8,9933
-9,1470
-9,2163
-9,2506
-9,3122
-9,3793
-9,3767
-9,3716
-9,4396
-9,5689
-9,6782
-9,7974
-10,0060
-10,2296
-10,4281
-10,5948
-10,7321
-10,7696
-10,7838
-10,8019
-10,8185
-10,8357
-10,8627
-10,9552
-10,9896
-11,0068
-11,0753
-11,1667
-11,2460
-11,3438
-11,5248
-11,6776
-11,8068
-11,9711
-12,1472
-12,2828
-12,3559
-12,4442
-12,5229
-12,5901
-12,6474
-12,7612
-12,9111
-12,9915
-13,0598
-13,1788
-13,2421
-13,2588
-13,2794
-13,4052
-13,5195
-13,6208
-13,7290
-13,8110
-13,8664
-13,9434
-14,0851
-14,1619
-14,1938
-14,2491
-14,3317
-14,3967
-14,4551
-14,5498
-14,6632
-14,7125
-14,7319
-14,7470
-14,7594
-14,7651
-14,7720
-14,8046
-14,8552
-14,8937
-14,9377
-15,0033
-15,1286
-15,2821
-15,4072
-15,5013
-15,5737
-15,6308
-15,7044
-15,8325
-15,9675
-16,0577
-16,1380
-16,2590
-16,3654
-16,3997
-16,3808
-16,3755
-16,3932
-16,4000
-16,3961
-16,4128
-16,4931
-16,5841
-16,6440
-16,6985
-16,8126
-16,9065
-16,9530
-16,9896
-17,0707
-17,1682
-17,2566
-17,3432
-17,3999
-17,4420
-17,4410
-17,4685
-17,5274
-17,5608
-17,5794
-17,6027
-17,5997
-17,5457
-17,5132
-17,5712
-17,6613
-17,7569
-17,9065
-18,0184
-18,0483
-18,0167
-18,0187
-18,0422
-18,0436
-18,0490
-18,0769
-18,1096
-18,1135
-18,1355
-18,1930
-18,2666
-18,3362
-18,3818
-18,4473
-18,4870
-18,4894
-18,4923
-18,5565
-18,5920
-18,5716
-18,4981
-18,4578
-18,4334
-18,4281
-18,4402
-18,4698
-18,4858
-18,4798
-18,4967
-18,5532
-18,6372
-18,6916
-18,7316
-18,7946
-18,8491
-18,8756
-18,8361
-18,8063
-18,8114
-18,8287
-18,8613
-18,9142
-19,0027
-19,0667
-19,0937
-19,0656
-19,0549
-19,0578
-19,0607
-19,0622
-19,0651
-19,0724
-19,0896
-19,0472
-19,0025
-18,9989
-19,0232
-19,0271
-19,0403
-19,0628
-19,0877
-19,0898
-19,0964
-19,1294
-19,1541
-19,1712
-19,1946
-19,2222
-19,1947
-19,1037
-19,0766
-19,1411
-19,2345
-19,2883
-19,3277
-19,3734
-19,4042
-19,4123
-19,4180
-19,4335
-19,4535
-19,4848
-19,5208
-19,5564
-19,5853
-19,5751
-19,5962
-19,6303
-19,6705
-19,6857
-19,7000
-19,7546
-19,8244
-19,8368
-19,8796
-19,9664
-20,0549
-20,1034
-20,1266
-20,1330
-20,1276
-20,1191
-20,0851
-20,0097
-19,9148
-19,8365
-19,7660
-19,6806
-19,5751
-19,5014
-19,4528
-19,4128
-19,3894
-19,4193
-19,4487
-19,4630
-19,4924
-19,5245
-19,5203
-19,4973
-19,4636
-19,3682
-19,2613
-19,2026
-19,2261
-19,2502
-19,2768
-19,3199
-19,3555
-19,3606
-19,3512
-19,3413
-19,3797
-19,4303
-19,4557
-19,4770
-19,5030
-19,5252
-19,5432
-19,5686
-19,5885
-19,5558
-19,5447
-19,5481
-19,5506
-19,5655
-19,5841
-19,5709
-19,5852
-19,6066
-19,6178
-19,6566
-19,7026
-19,7382
-19,6980
-19,6582
-19,6312
-19,6124
-19,5544
-19,5244
-19,5282
-19,5346
-19,5211
-19,5211
-19,5417
-19,5336
-19,4698
-19,3982
-19,3497
-19,3463
-19,3381
-19,3226
-19,3381
-19,3556
-19,3211
-19,2334
-19,1930
-19,2000
-19,1935
-19,1501
-19,1393
-19,1453
-19,1166
-19,0533
-19,0111
-18,9944
-19,0140
-18,9815
-18,9300
-18,8842
-18,8708
-18,8708
-18,8761
-18,8484
-18,7865
-18,7111
-18,6371
-18,5497
-18,4261
-18,3280
-18,2630
-18,2138
-18,2017
-18,2120
-18,2271
-18,2284
-18,2321
-18,2395
-18,2692
-18,3026
-18,3213
-18,3063
-18,2486
-18,2170
-18,2137
-18,2212
-18,1979
-18,1999
-18,2123
-18,2365
-18,2498
-18,2215
-18,1861
-18,1657
-18,1323
-18,0789
-18,0589
-18,0677
-18,0602
-18,0223
-17,9207
-17,8058
-17,7148
-17,6355
-17,5860
-17,5902
-17,5872
-17,5473
-17,4887
-17,4396
-17,4234
-17,4098
-17,4081
-17,3840
-17,3467
-17,3105
-17,2702
-17,2408
-17,2125
-17,1511
-17,0950
-17,0510
-17,0149
-17,0029
-17,0091
-17,0119
-16,9708
-16,9343
-16,8716
-16,7940
-16,7086
-16,6364
-16,5539
-16,4950
-16,4692
-16,4621
-16,4777
-16,5037
-16,4962
-16,4896
-16,5339
-16,6405
-16,7255
-16,7359
-16,7359
-16,7500
-16,7715
-16,7630
-16,7263
-16,6515
-16,5879
-16,6104
-16,6639
-16,7083
-16,6675
-16,5905
-16,5362
-16,5030
-16,4765
-16,4144
-16,3491
-16,3113
-16,2681
-16,2171
-16,1563
-16,1047
-16,0244
-15,9361
-15,8420
-15,7950
-15,7596
-15,7053
-15,6593
-15,5805
-15,4821
-15,4230
-15,3706
-15,3128
-15,2684
-15,2579
-15,2712
-15,2450
-15,2122
-15,1719
-15,1338
-15,0880
-14,9850
-14,8478
-14,7230
-14,6322
-14,5697
-14,5391
-14,5078
-14,4480
-14,3920
-14,3594
-14,3398
-14,3137
-14,2746
-14,2389
-14,2119
-14,1838
-14,1415
-14,0716
-14,0001
-13,9275
-13,8539
-13,7596
-13,6474
-13,5436
-13,4841
-13,4507
-13,4091
-13,3529
-13,3215
-13,3254
-13,3292
-13,3331
-13,3212
-13,2639
-13,2293
-13,2228
-13,2154
-13,1879
-13,1398
-13,1095
-13,0758
-13,0297
-13,0181
-13,0073
-12,9568
-12,8803
-12,8162
-12,7751
-12,7394
-12,6910
-12,6355
-12,5700
-12,5268
-12,4707
-12,3953
-12,3317
-12,2650
-12,1833
-12,0994
-12,0243
-11,9482
-11,8929
-11,8633
-11,8664
-11,8694
-11,8448
-11,8368
-11,8379
-11,8314
-11,7939
-11,7744
-11,7636
-11,7389
-11,6837
-11,6528
-11,6120
-11,5424
-11,4322
-11,3284
-11,2339
-11,1366
-11,0442
-10,9372
-10,8325
-10,7275
-10,6264
-10,4984
-10,3837
-10,3391
-10,3312
-10,3278
-10,3224
-10,3033
-10,2719
-10,2165
-10,1620
-10,1058
-10,0391
-9,9557
-9,8547
-9,7690
-9,6979
-9,6216
-9,5157
-9,4034
-9,3154
-9,1936
-9,0601
-8,9327
-8,7662
-8,5594
-8,3879
-8,2581
-8,1199
-7,9881
-7,8784
-7,7046
-7,4535
-7,1268
-6,7263
-6,3241
-5,9751
-5,7185
-5,5956
-5,5878
-5,6443
-5,7229
-5,7762
-5,7804
-5,7191
-5,6654
-5,5935
-5,5431
-5,5152
-5,5070
-5,5119
-5,5643
-5,7144
-6,0274
-6,3793
-6,6602
-6,8204
-6,9068
-6,9606
-6,9637
-6,9182
-6,9120
-6,9257
-6,9002
-6,8771
-6,9155
-6,9961
-6,9781
-6,8039
-6,6380
-6,4971
-6,3767
-6,3425
-6,3178
-6,2437
-6,1754
-6,2287
-6,3391
-6,3989
-6,4044
-6,4095
-6,3999
-6,3128
-6,2088
-6,1341
-6,1374
-6,2306
-6,2870
-6,2854
-6,2080
-6,1328
-6,1039
-6,1205
-6,1455
-6,1309
-6,1059
-6,1268
-6,1684
-6,1392
-6,0185
-5,8041
-5,5388
-5,2624
-4,9786
-4,7112
-4,4604
-4,2779
-4,2107
-4,2177
-4,2749
-4,3237
-4,3213
-4,3111
-4,3095
-4,2968
-4,2767
-4,2529
-4,2092
-4,1286
-4,0560
-3,9938
-3,9292
-3,8707
-3,8341
-3,7744
-3,6926
-3,6045
-3,5318
-3,4152
-3,2358
-3,0918
-3,0374
-2,9873
-2,9220
-2,8727
-2,8506
-2,7581
-2,6092
-2,4216
-2,2119
-1,9822
-1,8114
-1,6735
-1,5203
-1,3687
-1,2316
-1,1246
-1,0784
-1,0689
-1,0692
-1,0344
-0,9709
-0,8991
-0,7886
-0,7245
-0,6975
-0,6495
-0,5355
-0,3607
-0,1700
0,0580
0,3038
0,5224
0,7297
0,9353
1,1254
1,2807
1,3663
1,3873
1,3931
1,3950
1,3995
1,4421
1,5297
1,6351
1,7602
1,8998
2,0273
2,1646
2,3348
2,5356
2,7083
2,8234
2,9204
2,9829
3,0066
3,0286
3,0442
3,0644
3,0801
3,1041
3,1092
3,1092
3,1098
3,1654
3,2251
3,2669
3,3186
3,4032
3,4925
3,6190
3,7692
3,9043
4,0017
4,0846
4,2388
4,3988
4,5139
4,6250
4,7250
4,7829
4,8462
4,9528
5,0700
5,1606
5,2316
5,3073
5,3760
5,4481
5,5341
5,6530
5,7860
5,8769
5,9657
6,0599
6,1589
6,2126
6,2715
6,3551
6,3963
6,4363
6,4914
6,5904
6,6727
6,7135
6,7565
6,7944
6,7983
6,8046
6,8168
6,8221
6,8124
6,8173
6,8618
6,8953
6,9221
6,9583
7,0356
7,0875
7,0941
7,0960
7,1086
7,1095
7,1609
7,2797
7,4269
7,5340
7,6175
7,7167
7,8443
7,9465
8,0305
8,0988
8,1154
8,1276
8,1360
8,1461
8,1682
8,1814
8,2402
8,3611
8,4721
8,5708
8,6642
8,7310
8,7566
8,7827
8,8184
8,8708
8,9385
9,0058
9,0485
9,0759
9,1142
9,1715
9,2187
9,2295
9,2360
9,2678
9,3153
9,3628
9,4348
9,5389
9,6373
9,7163
9,7893
9,8461
9,9083
9,9555
9,9979
10,0249
10,0418
10,0377
10,0336
10,0242
10,0225
10,0268
10,0603
10,1143
10,1696
10,2010
10,2168
10,2168
10,2168
10,2269
10,2390
10,2409
10,2574
10,2837
10,3305
10,3882
10,4455
10,5171
10,5748
10,6390
10,6927
10,7144
10,7413
10,7849
10,8385
10,8805
10,9327
10,9951
11,0589
11,1020
11,1083
11,1266
11,1622
11,1914
11,2090
11,2311
11,2529
11,2645
11,2709
11,2727
11,2749
11,2725
11,2698
11,2937
11,3375
11,3858
11,4191
11,4475
11,4812
11,5137
11,5515
11,5792
11,5946
11,6324
11,6695
11,6968
11,6877
11,6790
11,6870
11,6874
11,6874
11,7203
11,7826
11,8634
11,9450
12,0270
12,0726
12,0598
12,0405
12,0272
12,0301
12,0530
12,1155
12,1912
12,2238
12,2263
12,2293
12,2412
12,2038
12,1294
12,0784
11,9897
11,8804
11,8096
11,7812
11,7293
11,7087
11,7158
11,7173
11,6761
11,6302
11,6112
11,6152
11,5888
11,5526
11,5224
11,4904
11,4479
11,4331
11,4339
11,4066
11,3570
11,2970
11,2755
11,2425
11,2137
11,2334
11,2730
11,2729
11,2548
11,2820
11,3061
11,2863
11,2902
11,2839
11,2968
11,3158
11,3472
11,3779
11,3768
11,3802
11,3933
11,4216
11,4686
11,4965
11,5423
11,5378
11,4953
11,4912
11,5446
11,6205
11,6707
11,7015
11,6802
11,6362
11,5945
11,5616
11,5098
11,4898
11,5270
11,5642
11,5706
11,5598
11,5378
11,4996
11,4660
11,4541
11,4519
11,4546
11,4590
11,4850
11,5049
11,5146
11,5090
11,4928
11,4664
11,4181
11,3532
11,3122
11,2599
11,1954
11,1211
11,0577
11,0046
10,9620
10,9410
10,9357
10,9357
10,9357
10,9252
10,9146
10,9033
10,8815
10,8654
10,8492
10,8273
10,7896
10,7479
10,6729
10,5914
10,5168
10,4638
10,4160
10,3949
10,4004
10,4111
10,4067
10,3962
10,3972
10,4297
10,4349
10,4393
10,4450
10,4307
10,4201
10,4067
10,3901
10,3830
10,3909
10,3879
10,4122
10,4309
10,4422
10,4653
10,4901
10,4837
10,4157
10,3676
10,3403
10,3592
10,3641
10,3588
10,2817
10,1962
10,1102
10,0357
9,8947
9,8159
9,7354
9,6393
9,5621
9,5110
9,4663
9,3979
9,3251
9,2478
9,1765
9,1260
9,0918
9,0184
8,9547
8,9316
8,9361
8,9003
8,8249
8,7569
8,7125
8,6621
8,6447
8,6691
8,7005
8,6898
8,6311
8,5730
8,5363
8,4844
8,4190
8,3471
8,2587
8,1132
7,9702
7,8379
7,7207
7,6495
7,6483
7,6526
7,6447
7,6259
7,6125
7,6182
7,6345
7,6351
7,6400
7,6498
7,7143
7,7768
7,8201
7,8321
7,8294
7,7495
7,6267
7,4744
7,2998
7,0856
6,8921
6,7612
6,6880
6,6301
6,5838
6,5661
6,5661
6,5424
6,4469
6,3164
6,1810
6,0208
5,9022
5,8397
5,7885
5,7374
5,6882
5,6371
5,5748
5,5071
5,4521
5,3943
5,3544
5,3498
5,3427
5,3128
5,2443
5,1766
5,0908
4,9803
4,8714
4,7581
4,6203
4,5106
4,4397
4,3565
4,2504
4,1478
4,0389
3,9120
3,7807
3,6486
3,5236
3,4268
3,3373
3,2573
3,1917
3,1254
3,0470
2,9475
2,8542
2,7386
2,6377
2,5468
2,4766
2,3807
2,2399
2,1518
2,0890
2,0485
2,0141
1,9865
1,9480
1,8679
1,7766
1,7043
1,6188
1,5184
1,4243
1,3550
1,2595
1,1028
0,9893
0,9422
0,9175
0,9113
0,9113
0,8866
0,8122
0,6819
0,4943
0,2925
0,0580
-0,1378
-0,2731
-0,4632
-0,6799
-0,8122
-0,9258
-1,0484
-1,1782
-1,2502
-1,3348
-1,4350
-1,5101
-1,6186
-1,7793
-1,9009
-1,9807
-2,0609
-2,1430
-2,1871
-2,2250
-2,2627
-2,3030
-2,3515
-2,4126
-2,4989
-2,6053
-2,7398
-2,8792
-3,0329
-3,1840
-3,3045
-3,4268
-3,5300
-3,5808
-3,6587
-3,7401
-3,8240
-3,9126
-4,0580
-4,2335
-4,4309
-4,6767
-4,9439
-5,1754
-5,3861
-5,5482
-5,6893
-5,8189
-5,9027
-5,9702
-5,9923
-5,9882
-5,9817
-5,9971
-6,0321
-6,0248
-5,9805
-5,8992
-5,7818
-5,6412
-5,5093
-5,3933
-5,2706
-5,1528
-5,0480
-4,9599
-4,8873
-4,8028
-4,7472
-4,7204
-4,6969
-4,6771
-4,7138
-4,8003
-4,8285
-4,8633
-4,9576
-5,0275
-4,9881
-4,8375
-4,6871
-4,6030
-4,5716
-4,5486
-4,5870
-4,5923
-4,5503
-4,4746
-4,3515
-4,1034
-3,8153
-3,6060
-3,4470
-3,2546
-3,0738
-2,9593
-2,8648
-2,7694
-2,7665
-2,9322
-3,3047
-3,7126
-4,0546
-4,2865
-4,4348
-4,4842
-4,4736
-4,4326
-4,4212
-4,4137
-4,3872
-4,4271
-4,5462
-4,6881
-4,8092
-4,8882
-4,9371
-5,0248
-5,1262
-5,1799
-5,2275
-5,3003
-5,4220
-5,5547
-5,6398
-5,6895
-5,7036
-5,7073
-5,6882
-5,6702
-5,6624
-5,5859
-5,5716
-5,5768
-5,5507
-5,5277
-5,5853
-5,6549
-5,6639
-5,6695
-5,7356
-5,7868
-5,8356
-5,8714
-5,8904
-5,8591
-5,8113
-5,8046
-5,8145
-5,8247
-5,8405
-5,8553
-5,8525
-5,8800
-5,8746
-5,8274
-5,8036
-5,8027
-5,7979
-5,7760
-5,7470
-5,6995
-5,6453
-5,6026
-5,5339
-5,4826
-5,4447
-5,4298
-5,4377
-5,4373
-5,4307
-5,4237
-5,4463
-5,5059
-5,5774
-5,6453
-5,7065
-5,7609
-5,8314
-5,9554
-6,0054
-6,0079
-6,0123
-6,0427
-6,0728
-6,1314
-6,2636
-6,3936
-6,4767
-6,5346
-6,5875
-6,6182
-6,6305
-6,7030
-6,8191
-6,9034
-6,9791
-7,0463
-7,0786
-7,0932
-7,1770
-7,2499
-7,2893
-7,3181
-7,3963
-7,4571
-7,5297
-7,6512
-7,7639
-7,8276
-7,9323
-8,0732
-8,1865
-8,2912
-8,4200
-8,5901
-8,6954
-8,7240
-8,7696
-8,8012
-8,8017
-8,8318
-8,8749
-8,8907
-8,9189
-8,9701
-9,0245
-9,0843
-9,1295
-9,1746
-9,2079
-9,2586
-9,2968
-9,3320
-9,3320
-9,3356
-9,3612
-9,3735
-9,3735
-9,4086
-9,5085
-9,5918
-9,6599
-9,7446
-9,8611
-9,9401
-10,0359
-10,1438
-10,1863
-10,1974
-10,2218
-10,2643
-10,2809
-10,3246
-10,3921
-10,5016
-10,6108
-10,7225
-10,8715
-10,9938
-11,0792
-11,1678
-11,2186
-11,2297
-11,2366
-11,2722
-11,2878
-11,2996
-11,3139
-11,3483
-11,3906
-11,4383
-11,5085
-11,5723
-11,6202
-11,6533
-11,6990
-11,7459
-11,7643
-11,7828
-11,7945
-11,8076
-11,8258
-11,8461
-11,8597
-11,8661
-11,9251
-12,0435
-12,1330
-12,1809
-12,2283
-12,2427
-12,2654
-12,3142
-12,4081
-12,4915
-12,5198
-12,5418
-12,6052
-12,6641
-12,7368
-12,7981
-12,8467
-12,8760
-12,9153
-13,0132
-13,0924
-13,1266
-13,1482
-13,1617
-13,1726
-13,1537
-13,1482
-13,1559
-13,1775
-13,1865
-13,1768
-13,1852
-13,2519
-13,3610
-13,4115
-13,4436
-13,4844
-13,5568
-13,6127
-13,6764
-13,7457
-13,7727
-13,7821
-13,8036
-13,8283
-13,8543
-13,8771
-13,9057
-13,9448
-13,9447
-13,9349
-13,9525
-13,9932
-14,0238
-14,0341
-13,9850
-14,0051
-14,0769
-14,1547
-14,2271
-14,2993
-14,3738
-14,4562
-14,5387
-14,5953
-14,5938
-14,6110
-14,6095
-14,5729
-14,5051
-14,4659
-14,5135
-14,6029
-14,7435
-14,8999
-15,0358
-15,1324
-15,1981
-15,2560
-15,2560
-15,1410
-15,0518
-14,9987
-15,0223
-15,0716
-15,1048
-15,1178
-15,1388
-15,1773
-15,1619
-15,0789
-15,0697
-15,0918
-15,1171
-15,1358
-15,1705
-15,1784
-15,1240
-15,1301
-15,1520
-15,1591
-15,1389
-15,1883
-15,2846
-15,3347
-15,3557
-15,3768
-15,4032
-15,3960
-15,3580
-15,3363
-15,3429
-15,3572
-15,3620
-15,3492
-15,2960
-15,2210
-15,1378
-15,0649
-15,0123
-14,9613
-14,9217
-14,8692
-14,8124
-14,7258
-14,6404
-14,6006
-14,5756
-14,5399
-14,4787
-14,4415
-14,4337
-14,4219
-14,4315
-14,4718
-14,4940
-14,4121
-14,3131
-14,2215
-14,1364
-14,0421
-13,9563
-13,8972
-13,8958
-13,9184
-13,9479
-13,9293
-13,9090
-13,9331
-13,9692
-13,9760
-13,9273
-13,8920
-13,9124
-13,9228
-13,9304
-13,9327
-13,9375
-13,9314
-13,9355
-13,9142
-13,8756
-13,7997
-13,7097
-13,6361
-13,5416
-13,4527
-13,3685
-13,2963
-13,2485
-13,2450
-13,2637
-13,2682
-13,2186
-13,1701
-13,1053
-12,9927
-12,8596
-12,7476
-12,6344
-12,5322
-12,4593
-12,4131
-12,3736
-12,3242
-12,3281
-12,3210
-12,2959
-12,2313
-12,1721
-12,1118
-12,0621
-12,0228
-11,9659
-11,8604
-11,7400
-11,6732
-11,6157
-11,5512
-11,4881
-11,4425
-11,4205
-11,4030
-11,3717
-11,3215
-11,2748
-11,2277
-11,1862
-11,1469
-11,0840
-11,0001
-10,9074
-10,8202
-10,7460
-10,6740
-10,6041
-10,5373
-10,4458
-10,3393
-10,2454
-10,1670
-10,0921
-10,0124
-9,9485
-9,8856
-9,8073
-9,7161
-9,5990
-9,4949
-9,4063
-9,3481
-9,3158
-9,2964
-9,2834
-9,2576
-9,2188
-9,1885
-9,1369
-9,0401
-8,9176
-8,7907
-8,6427
-8,4503
-8,2867
-8,1772
-8,1269
-8,1109
-8,0980
-8,0788
-8,0461
-8,0233
-7,9858
-7,9218
-7,8514
-7,7682
-7,6404
-7,5283
-7,4154
-7,3007
-7,2061
-7,1233
-7,0870
-7,0616
-7,0510
-7,0423
-7,0242
-6,9680
-6,9172
-6,8834
-6,8284
-6,7458
-6,6178
-6,4645
-6,3054
-6,1361
-5,9971
-5,8750
-5,7509
-5,6626
-5,6079
-5,5441
-5,4812
-5,4246
-5,3441
-5,2251
-5,1436
-5,0507
-4,9261
-4,7873
-4,6765
-4,5958
-4,5176
-4,4818
-4,4599
-4,4263
-4,3920
-4,3690
-4,3249
-4,2302
-4,1273
-4,0345
-3,9425
-3,8040
-3,6313
-3,4408
-3,2289
-3,0023
-2,8108
-2,6670
-2,5724
-2,5158
-2,4682
-2,4418
-2,4135
-2,3992
-2,3461
-2,2245
-2,1107
-2,0595
-2,0230
-1,9911
-1,9778
-2,0281
-1,9977
-1,9081
-1,8491
-1,8380
-1,8565
-1,8688
-1,8533
-1,7865
-1,7143
-1,6844
-1,6799
-1,6690
-1,6115
-1,5058
-1,4502
-1,4236
-1,4080
-1,3959
-1,3765
-1,3166
-1,2256
-1,1328
-1,0202
-0,8362
-0,6225
-0,4596
-0,2989
-0,1306
0,0133
0,1094
0,1431
0,1625
0,1791
0,2269
0,2861
0,3294
0,3933
0,4739
0,5542
0,6534
0,7768
0,9019
1,0278
1,1972
1,4018
1,6032
1,8268
2,0581
2,2299
2,3060
2,3403
2,3486
2,3563
2,3720
2,4388
2,4709
2,5009
2,5130
2,5190
2,5196
2,5327
2,5783
2,6148
2,6394
2,6815
2,7482
2,8373
2,9176
3,0220
3,1328
3,2188
3,2880
3,3660
3,4474
3,5973
3,7556
3,8791
3,9788
4,0586
4,1138
4,1373
4,1853
4,2952
4,3699
4,4635
4,5904
4,7123
4,8235
4,9439
5,0220
5,0655
5,1302
5,2150
5,3047
5,4044
5,5290
5,6336
5,7004
5,7440
5,7808
5,8219
5,8554
5,8889
5,9183
5,9275
5,9371
5,9798
6,0203
6,0442
6,0772
6,1348
6,1650
6,1916
6,2186
6,2558
6,3083
6,3466
6,3742
6,3768
6,3795
6,3880
6,4061
6,4241
6,4533
6,5075
6,5574
6,5977
6,6423
6,6827
6,7172
6,7660
6,8250
6,8893
6,9637
7,0510
7,1234
7,2006
7,2528
7,2805
7,2911
7,2916
7,2916
7,2916
7,2927
7,3038
7,3086
7,3032
7,3052
7,3349
7,3790
7,4419
7,5140
7,6006
7,7048
7,7688
7,7906
7,8072
7,8096
7,8106
7,7966
7,7958
7,8074
7,8269
7,8498
7,8804
7,9144
7,9421
7,9571
7,9775
7,9930
7,9930
7,9581
7,9281
7,9014
7,8928
7,8778
7,8405
7,8067
7,7469
7,6068
7,4132
7,3196
7,3079
7,3297
7,3541
7,3541
7,3232
7,3005
7,3058
7,3116
7,3164
7,3218
7,3271
7,3139
7,2977
7,3116
7,3256
7,3131
7,2911
7,2641
7,2160
7,1552
7,1140
7,0391
6,9536
6,8693
6,8320
6,8290
6,8349
6,8290
6,8296
6,8324
6,8003
6,7613
6,7292
6,7230
6,7046
6,7115
6,7448
6,7924
6,8628
6,9301
6,9529
6,8781
6,7463
6,5687
6,3832
6,2355
6,1473
6,1015
6,0521
5,9857
5,9271
5,8233
5,6836
5,5225
5,4202
5,3725
5,3384
5,3319
5,3414
5,3509
5,3700
5,4004
5,4528
5,5183
5,5796
5,6545
5,6711
5,6356
5,5847
5,5825
5,5957
5,5988
5,6019
5,5985
5,5614
5,5375
5,5101
5,5260
5,5007
5,4825
5,4974
5,4844
5,4369
5,4379
5,4821
5,5013
5,5335
5,5919
5,6063
5,6057
5,5800
5,5705
5,5741
5,5730
5,5826
5,5826
5,5827
5,5943
5,6144
5,6080
5,5855
5,5595
5,5407
5,5275
5,5395
5,5142
5,4522
5,4159
5,4561
5,5254
5,5802
5,6205
5,6420
5,6137
5,5825
5,6082
5,6466
5,7003
5,7359
5,7692
5,8099
5,8469
5,8898
5,8879
5,8494
5,7775
5,6868
5,5657
5,4444
5,3546
5,2945
5,2526
5,2466
5,2466
5,2059
5,1557
5,1335
5,1518
5,1824
5,2569
5,3305
5,4189
5,5272
5,6460
5,7332
5,7732
5,8227
5,8562
5,8853
5,9101
5,9151
5,9145
5,8923
5,8332
5,7238
5,6171
5,5215
5,4185
5,2897
5,1811
5,1193
5,0960
5,0812
5,1043
5,2032
5,3363
5,4179
5,4727
5,4864
5,3714
5,1743
4,9819
4,8170
4,7241
4,7185
4,7631
4,7851
4,7894
4,7815
4,7326
4,6215
4,5366
4,4940
4,4897
4,5107
4,5614
4,6147
4,6363
4,6307
4,6346
4,6446
4,6621
4,6618
4,6576
4,6581
4,6608
4,6753
4,6753
4,6632
4,6438
4,6135
4,5700
4,5059
4,3864
4,2248
4,1005
4,0333
3,9852
3,9732
3,9671
3,9475
3,8778
3,7336
3,5851
3,4319
3,2831
3,1688
3,1351
3,1114
3,0585
3,0027
2,9661
2,9202
2,8554
2,7947
2,7386
2,6782
2,6099
2,5545
2,5011
2,4143
2,3213
2,2251
2,0828
1,9301
1,8266
1,7485
1,6612
1,6183
1,5841
1,5343
1,5044
1,4983
1,4889
1,4741
1,4741
1,4741
1,4708
1,4676
1,5047
1,6120
1,6442
1,6035
1,5234
1,4009
1,2069
1,0442
0,9595
0,9334
0,9531
1,0214
1,0348
1,0166
0,9871
0,9751
0,9247
0,9019
0,9019
0,9019
0,8905
0,8854
0,8716
0,8287
0,7552
0,6862
0,6126
0,5250
0,4328
0,3249
0,2141
0,1016
-0,0079
-0,0997
-0,1845
-0,3021
-0,4136
-0,5216
-0,6404
-0,7628
-0,8400
-0,8995
-0,9896
-1,0984
-1,2007
-1,3183
-1,4226
-1,5324
-1,6023
-1,6665
-1,7450
-1,8037
-1,8540
-1,9348
-2,0219
-2,1169
-2,2166
-2,3575
-2,5084
-2,6869
-2,8917
-3,1009
-3,2539
-3,3277
-3,3657
-3,3910
-3,4290
-3,4200
-3,4011
-3,4771
-3,5695
-3,6438
-3,7729
-3,9403
-4,1257
-4,3336
-4,5818
-4,8179
-5,0004
-5,1501
-5,2796
-5,3889
-5,4705
-5,5450
-5,6400
-5,6863
-5,6930
-5,6731
-5,5729
-5,4605
-5,3587
-5,3054
-5,2519
-5,1830
-5,0763
-4,9663
-4,8983
-4,8620
-4,8211
-4,7672
-4,6255
-4,3540
-3,9952
-3,7383
-3,5179
-3,3202
-3,1333
-2,9906
-2,8642
-2,7271
-2,6124
-2,5788
-2,6610
-2,8270
-3,0127
-3,1862
-3,3127
-3,3365
-3,3494
-3,4708
-3,7282
-4,0142
-4,1083
-4,0736
-4,0484
-3,9659
-3,8489
-3,7940
-3,8620
-3,9644
-3,9715
-3,9518
-3,9712
-4,0342
-4,1386
-4,2740
-4,3045
-4,3084
-4,3524
-4,4418
-4,4814
-4,4788
-4,4136
-4,2948
-4,1360
-3,9494
-3,7689
-3,6582
-3,5812
-3,5109
-3,5287
-3,6481
-3,8299
-3,9464
-4,0250
-4,1291
-4,1443
-4,0583
-3,9274
-3,8380
-3,7386
-3,6597
-3,6391
-3,7041
-3,7250
-3,7487
-3,7642
-3,7633
-3,7436
-3,7624
-3,8342
-3,8984
-3,8898
-3,8751
-3,8820
-3,8986
-3,9197
-3,9742
-4,0572
-4,0532
-4,0392
-4,0631
-4,1625
-4,1823
-4,0881
-4,0253
-4,0428
-4,1310
-4,2317
-4,3616
-4,5232
-4,6588
-4,7816
-4,8592
-4,9200
-4,9300
-4,8784
-4,8370
-4,8437
-4,8538
-4,8538
-4,8674
-4,9217
-4,9985
-5,0437
-5,0662
-5,0839
-5,1081
-5,1821
-5,2812
-5,3848
-5,5061
-5,6371
-5,7585
-5,8632
-5,9759
-6,0238
-6,0433
-6,1081
-6,2055
-6,2792
-6,3605
-6,4693
-6,5467
-6,5967
-6,6487
-6,6837
-6,7119
-6,7284
-6,7393
-6,7743
-6,8113
-6,8243
-6,8384
-6,8822
-6,9051
-6,9084
-6,9149
-6,9693
-7,0052
-7,0097
-7,0230
-7,0560
-7,1002
-7,1631
-7,2415
-7,2856
-7,3207
-7,3601
-7,4367
-7,4928
-7,5434
-7,6006
-7,6611
-7,7390
-7,8682
-7,9699
-8,0377
-8,1317
-8,2301
-8,2586
-8,2643
-8,2733
-8,3107
-8,3479
-8,3984
-8,4575
-8,5243
-8,5803
-8,6208
-8,6580
-8,6833
-8,7139
-8,7390
-8,7444
-8,7347
-8,7511
-8,8035
-8,8418
-8,8636
-8,8974
-8,9431
-8,9825
-9,0121
-9,0568
-9,1300
-9,1933
-9,2535
-9,2971
-9,3362
-9,3786
-9,4071
-9,4587
-9,4827
-9,5166
-9,5874
-9,6951
-9,7985
-9,8932
-9,9273
-9,9366
-9,9423
-9,9493
-9,9585
-9,9666
-9,9405
-9,9272
-9,9493
-9,9892
-10,0155
-10,0218
-10,0869
-10,1435
-10,1749
-10,2347
-10,2684
-10,2750
-10,2750
-10,2750
-10,2804
-10,2978
-10,3129
-10,3195
-10,3238
-10,3249
-10,3571
-10,3750
-10,3807
-10,3810
-10,3824
-10,3947
-10,4202
-10,4577
-10,4982
-10,5082
-10,5603
-10,6197
-10,6520
-10,6897
-10,7449
-10,8023
-10,7939
-10,7846
-10,7821
-10,7833
-10,7765
-10,7752
-10,7901
-10,8224
-10,8601
-10,8917
-10,9551
-11,0057
-10,9864
-10,9142
-10,8368
-10,7972
-10,7848
-10,8201
-10,8374
-10,8439
-10,8439
-10,8372
-10,8328
-10,7920
-10,7280
-10,6541
-10,6208
-10,6124
-10,5910
-10,5969
-10,6045
-10,6132
-10,6197
-10,6171
-10,6233
-10,6500
-10,6810
-10,7207
-10,7658
-10,7845
-10,7881
-10,7688
-10,7495
-10,7517
-10,7605
-10,7223
-10,6619
-10,5984
-10,5363
-10,4471
-10,3579
-10,3205
-10,3317
-10,3805
-10,3895
-10,3714
-10,3763
-10,3681
-10,3255
-10,2966
-10,2878
-10,2910
-10,2883
-10,2815
-10,3080
-10,3065
-10,2692
-10,2000
-10,1166
-10,0450
-9,9798
-9,8961
-9,7885
-9,6854
-9,5801
-9,4695
-9,3700
-9,3097
-9,2888
-9,2430
-9,1545
-9,0540
-8,9708
-8,8674
-8,7814
-8,7203
-8,6852
-8,6471
-8,6080
-8,5494
-8,4908
-8,4287
-8,3622
-8,2579
-8,1387
-8,0495
-7,9971
-7,9481
-7,9024
-7,8739
-7,8260
-7,7512
-7,7078
-7,6635
-7,6031
-7,5405
-7,4541
-7,3461
-7,2134
-7,0771
-6,9489
-6,8049
-6,6698
-6,5733
-6,4726
-6,3656
-6,2886
-6,2543
-6,2302
-6,2167
-6,2103
-6,2039
-6,1700
-6,1105
-6,0894
-6,0646
-6,0456
-6,0125
-5,9675
-5,9216
-5,8672
-5,8072
-5,7261
-5,5951
-5,4669
-5,3196
-5,1318
-4,9549
-4,8318
-4,7746
-4,7357
-4,7030
-4,6606
-4,6289
-4,6138
-4,5913
-4,5506
-4,4695
-4,3749
-4,2866
-4,2399
-4,1956
-4,1450
-4,1071
-4,0692
-4,0143
-3,9764
-3,9692
-3,9263
-3,8475
-3,7945
-3,7704
-3,7266
-3,6755
-3,6423
-3,5706
-3,4871
-3,4209
-3,3514
-3,2444
-3,1481
-3,0680
-2,9879
-2,9114
-2,8681
-2,8303
-2,7825
-2,7388
-2,7201
-2,6786
-2,6388
-2,6052
-2,5735
-2,5365
-2,4772
-2,3887
-2,2513
-2,1332
-2,0569
-1,9674
-1,8576
-1,8107
-1,7970
-1,7760
-1,7442
-1,7115
-1,6322
-1,5255
-1,4224
-1,3205
-1,2011
-1,0743
-0,9952
-0,9126
-0,8312
-0,7569
-0,7277
-0,6798
-0,6294
-0,6096
-0,6058
-0,5631
-0,5035
-0,4814
-0,4525
-0,3778
-0,3390
-0,3118
-0,2787
-0,2138
-0,1541
-0,1127
-0,0268
0,0759
0,1673
0,2357
0,3065
0,3277
0,3594
0,4095
0,4937
0,5833
0,6988
0,8418
0,9537
1,0252
1,0722
1,1168
1,1493
1,1765
1,2258
1,2545
1,2673
1,2786
1,2914
1,3135
1,3361
1,3510
1,3780
1,4036
1,4407
1,5006
1,5779
1,6339
1,6997
1,7326
1,7581
1,7754
1,8134
1,8436
1,8550
1,8709
1,8823
1,8975
1,9141
1,9612
2,0295
2,0926
2,1713
2,2584
2,3690
2,4315
2,4728
2,5015
2,5381
2,5615
2,5981
2,6208
2,6474
2,6520
2,6619
2,6913
2,7173
2,7533
2,8053
2,8487
2,8807
2,9074
2,9508
2,9916
3,0290
3,0638
3,1146
3,1654
3,2282
3,2704
3,2978
3,3098
3,2991
3,2817
3,2764
3,2724
3,2517
3,2277
3,2191
3,1978
3,1465
3,1126
3,1262
3,1484
3,1438
3,1459
3,1466
3,1406
3,1286
3,1233
3,1193
3,0693
3,0281
3,0251
3,0360
3,0395
3,0376
3,0277
2,9891
2,9686
2,9740
2,9833
2,9940
3,0154
3,0461
3,0661
3,0762
3,0916
3,1083
3,1316
3,1783
3,2438
3,2932
3,3327
3,3522
3,4033
3,4328
3,4510
3,4791
3,4832
3,4711
3,4397
3,4036
3,3742
3,3227
3,2893
3,2453
3,1764
3,0969
3,0188
2,9353
2,8785
2,8125
2,7321
2,6728
2,6477
2,6472
2,6460
2,6347
2,6315
2,6163
2,5639
2,5002
2,4454
2,4014
2,3551
2,3278
2,3043
2,2679
2,2133
2,1609
2,0857
1,9847
1,8911
1,8287
1,7312
1,6406
1,5911
1,5393
1,4721
1,4065
1,3425
1,2824
1,2215
1,1598
1,1048
1,0361
1,0057
0,9860
0,9617
0,9321
0,9185
0,9155
0,9102
0,8873
0,8293
0,7637
0,7095
0,6636
0,6293
0,6220
0,5938
0,5334
0,4659
0,4079
0,3055
0,1938
0,1022
-0,0055
-0,0990
-0,1642
-0,2180
-0,2603
-0,2664
-0,2664
-0,2726
-0,3017
-0,3460
-0,3903
-0,4574
-0,5777
-0,7241
-0,8463
-0,9888
-1,1514
-1,2887
-1,4082
-1,5069
-1,5584
-1,5876
-1,6374
-1,6686
-1,6776
-1,7035
-1,7364
-1,7872
-1,8595
-1,9541
-2,0854
-2,2466
-2,4249
-2,5630
-2,6923
-2,8245
-2,9558
-3,0195
-3,0510
-3,0699
-3,0835
-3,1087
-3,1475
-3,1926
-3,2315
-3,2344
-3,2446
-3,2519
-3,2718
-3,3253
-3,3914
-3,4465
-3,4708
-3,4847
-3,5309
-3,5680
-3,5743
-3,6340
-3,7160
-3,8109
-3,8886
-3,9827
-4,0551
-4,1040
-4,1664
-4,2790
-4,4230
-4,5324
-4,6404
-4,7317
-4,7839
-4,7958
-4,8188
-4,8827
-4,9102
-4,9058
-4,9166
-4,9635
-5,0016
-5,0287
-5,0479
-5,0779
-5,1050
