-4.289979246
-4.390300755
-4.436875544
-4.47263539
-4.507012931
-4.546941926
-4.588969256
-4.654614312
-4.758387119
-4.8664152
-4.986538734
-5.109817988
-5.235950634
-5.364746038
-5.452126525
-5.456898628
-5.445408073
-5.478753357
-5.515113122
-5.511809657
-5.491397446
-5.461405629
-5.382908622
-5.269057715
-5.151463548
-5.073361236
-4.972012074
-4.837988241
-4.74385678
-4.714347347
-4.712510934
-4.718936681
-4.711275908
-4.706826963
-4.692137632
-4.692137632
-4.670515053
-4.653209161
-4.661348328
-4.689621109
-4.719815712
-4.771964053
-4.843996712
-4.914967529
-4.963055153
-4.990316163
-5.02609259
-5.083190769
-5.142360445
-5.175931424
-5.185586473
-5.191851228
-5.247853903
-5.319578555
-5.384640069
-5.457139887
-5.555936487
-5.694704118
-5.865881916
-6.076321166
-6.299686631
-6.515594887
-6.708466241
-6.863216021
-7.009344472
-7.127169228
-7.18330234
-7.189639502
-7.203577465
-7.243542431
-7.295587105
-7.345193803
-7.412903969
-7.494439115
-7.615450134
-7.755666575
-7.915751077
-8.056841577
-8.19154983
-8.342180879
-8.493066474
-8.618743238
-8.733818292
-8.860009396
-8.960007699
-9.060678794
-9.136186827
-9.213661098
-9.327747118
-9.474235168
-9.637729849
-9.793716336
-9.98772399
-10.19537327
-10.38630736
-10.51652729
-10.61840584
-10.72237744
-10.79532303
-10.84495876
-10.89249952
-10.938982
-11.00771184
-11.08390333
-11.16173123
-11.22397607
-11.2974287
-11.38509743
-11.50493379
-11.63015463
-11.78653435
-11.97149048
-12.20195982
-12.44332605
-12.68356069
-12.9279923
-13.18131028
-13.41938826
-13.61984928
-13.79325123
-13.90120959
-13.95827366
-14.00258485
-14.02049657
-14.04979094
-14.0765683
-14.10073352
-14.1228677
-14.13549621
-14.18373793
-14.25461995
-14.33861978
-14.43674234
-14.52980304
-14.58229023
-14.63041623
-14.71278544
-14.81669971
-14.93448134
-15.03894912
-15.17324197
-15.31709646
-15.46685453
-15.58888814
-15.68678115
-15.76397061
-15.79804577
-15.77728486
-15.74605533
-15.69758909
-15.66196644
-15.69416766
-15.75231775
-15.81822733
-15.87418699
-15.93388105
-15.99786199
-16.06405868
-16.12552528
-16.18726986
-16.24157942
-16.29947813
-16.3647972
-16.44785283
-16.55228589
-16.68602808
-16.8423784
-17.01945714
-17.19261224
-17.392825
-17.60396822
-17.81513621
-17.9894963
-18.12084644
-18.19788261
-18.22374177
-18.19112669
-18.16357802
-18.14401667
-18.11793897
-18.11939927
-18.11939927
-18.11939927
-18.12085949
-18.13681978
-18.14334025
-18.14334025
-18.14480092
-18.15926679
-18.19391494
-18.21991493
-18.24087097
-18.27338593
-18.3426654
-18.42737139
-18.51688854
-18.61804764
-18.71615775
-18.81475571
-18.89494104
-18.96154436
-19.00936571
-19.04658385
-19.07940827
-19.10225706
-19.11865984
-19.12862006
-19.13495648
-19.1677424
-19.20608583
-19.27686327
-19.34596345
-19.4388344
-19.5515106
-19.62894527
-19.70072305
-19.78942743
-19.85979631
-19.88698169
-19.88286151
-19.83999244
-19.79421969
-19.7353896
-19.65988795
-19.54958696
-19.40672112
-19.23584847
-19.07795385
-18.92015991
-18.75672595
-18.59911818
-18.46388667
-18.36990223
-18.32290619
-18.3141295
-18.29746888
-18.29148066
-18.27809471
-18.28323808
-18.27275086
-18.22414133
-18.17104966
-18.13361173
-18.16537264
-18.23295657
-18.29532301
-18.34441531
-18.37614167
-18.40825701
-18.43716598
-18.48386089
-18.52557493
-18.52536572
-18.49259481
-18.46912823
-18.46565632
-18.47116663
-18.50398237
-18.56323042
-18.61654923
-18.63181348
-18.64899583
-18.67472375
-18.69811589
-18.72451914
-18.74752361
-18.77088354
-18.79458615
-18.831441
-18.88274513
-18.92103099
-18.96939173
-19.02117239
-19.07987909
-19.13986838
-19.17664572
-19.20584379
-19.2297621
-19.23309916
-19.24977797
-19.27725537
-19.33271188
-19.40124542
-19.47398741
-19.56057781
-19.69323835
-19.82149735
-19.92045234
-19.98395047
-20.03642638
-20.05169639
-20.04531128
-20.03116426
-19.99148745
-19.95457386
-19.89403547
-19.81426297
-19.70904226
-19.5907842
-19.45643104
-19.2825408
-19.09345469
-18.90045463
-18.71847238
-18.56335452
-18.43564041
-18.36965936
-18.36398103
-18.36778588
-18.36023939
-18.32165003
-18.24028372
-18.11782609
-17.96708501
-17.81980522
-17.65196384
-17.47490726
-17.2991128
-17.13074647
-16.96717854
-16.87843408
-16.87098893
-16.88424471
-16.90460477
-16.92164593
-16.94489835
-16.96473731
-16.98621775
-17.00146018
-16.98271607
-16.92686095
-16.82647327
-16.72697424
-16.62922245
-16.51298688
-16.37872527
-16.23721306
-16.10383219
-15.95124775
-15.80657758
-15.69716868
-15.62099785
-15.59236285
-15.59441756
-15.57843526
-15.53547854
-15.47527461
-15.40939534
-15.31938569
-15.2200593
-15.13302944
-15.06424945
-15.01262534
-14.94027302
-14.85452987
-14.79187876
-14.73789503
-14.68530423
-14.647676
-14.62679566
-14.61061832
-14.57847103
-14.5402066
-14.47986273
-14.41223872
-14.34838093
-14.30542304
-14.25521527
-14.21159129
-14.18806729
-14.16831998
-14.14247935
-14.1360613
-14.12469899
-14.11935823
-14.1010862
-14.09120605
-14.08661125
-14.08614477
-14.0511876
-13.98458423
-13.89025995
-13.80513955
-13.75453722
-13.70774319
-13.68187075
-13.66702395
-13.66320311
-13.65330371
-13.62517265
-13.62318792
-13.62377517
-13.62094005
-13.58738447
-13.5755105
-13.56251473
-13.56497868
-13.56502786
-13.52968177
-13.46434236
-13.363064
-13.23243686
-13.06169627
-12.8828256
-12.71929018
-12.59335746
-12.47894528
-12.37773934
-12.32790624
-12.32918497
-12.3399137
-12.34332085
-12.34308183
-12.35616906
-12.34136517
-12.30123088
-12.20128481
-12.06758145
-11.86561574
-11.62406789
-11.37950496
-11.15875456
-10.94922879
-10.77702608
-10.67863565
-10.61935765
-10.6134315
-10.6134315
-10.60851687
-10.59074058
-10.56006322
-10.51997105
-10.46453908
-10.39726646
-10.34050216
-10.26842805
-10.19157098
-10.09353966
-9.94135764
-9.730484241
-9.448226033
-9.151200645
-8.895754097
-8.687357126
-8.505285903
-8.355305062
-8.219347549
-8.144909088
-8.105454833
-8.084410804
-8.080830242
-8.061451524
-8.009026601
-7.948140431
-7.863922871
-7.718701332
-7.520094228
-7.298152983
-7.070983492
-6.800438577
-6.466424602
-6.085876747
-5.722914197
-5.405971108
-5.10952079
-4.834078469
-4.616536775
-4.471802069
-4.373443988
-4.314749035
-4.272320249
-4.230312579
-4.165625153
-4.080079424
-3.960451454
-3.814819686
-3.628342257
-3.427776784
-3.214751809
-2.983542878
-2.753874278
-2.512049886
-2.254278392
-1.988783931
-1.686513174
-1.361973077
-1.040663279
-0.726389175
-0.443380346
-0.222001695
-0.065591047
0.040097738
0.115576049
0.1473635
0.154342029
0.155756999
0.165808416
0.204625914
0.244332538
0.263390313
0.325948476
0.418514884
0.521501297
0.625186951
0.750190195
0.900475313
1.063590081
1.220656637
1.395480965
1.587796478
1.779445352
1.963157671
2.099850603
2.224850482
2.377217848
2.532410991
2.669208057
2.811415655
2.964432259
3.144748263
3.303244701
3.443261805
3.578922047
3.721246975
3.880826194
4.050157082
4.245993873
4.44877268
4.641349786
4.81403253
4.992525428
5.159071017
5.309967388
5.43079365
5.548395908
5.664296519
5.804066187
5.950201544
6.119607693
6.325272835
6.545054422
6.770863944
7.027751085
7.263868232
7.454736896
7.598426585
7.721510529
7.839903868
7.943477158
8.050544944
8.161603861
8.25058526
8.298927045
8.353568459
8.388931019
8.412362999
8.441168783
8.483561236
8.534243492
8.58053936
8.613752372
8.644439189
8.673785303
8.707506052
8.757843635
8.835820511
8.925320313
8.998150741
9.08109353
9.163194019
9.235231002
9.3205142
9.410262808
9.500074881
9.573103304
9.624034385
9.672870485
9.71119446
9.748719665
9.799989253
9.845978663
9.88311841
9.907364076
9.92758172
9.960304009
10.00359643
10.07524048
10.16109178
10.22386403
10.25379692
10.26470462
10.2740177
10.28293373
10.30198008
10.34938123
10.44058339
10.56588594
10.67213875
10.77433383
10.88592311
11.00728757
11.14221528
11.29637032
11.46002446
11.62415454
11.76885843
11.8895665
11.98589835
12.07283502
12.11681502
12.13769809
12.17123775
12.21812362
12.25102514
12.28882973
12.32730391
12.37916213
12.42680264
12.45681836
12.46919206
12.49855943
12.54164711
12.57559499
12.58666823
12.57167781
12.55243334
12.5331916
12.52502272
12.50122378
12.47743079
12.46928764
12.47909503
12.51336645
12.55221527
12.60118537
12.64984423
12.7174573
12.78540015
12.83929082
12.86900134
12.89778944
12.95535727
13.00866173
13.03870659
13.06754026
13.096687
13.11144713
13.08734865
13.04917783
13.03457447
13.05422749
13.08796222
13.12290979
13.13766437
13.16740044
13.210033
13.26740749
13.32139631
13.38089406
13.42568692
13.47423283
13.56115249
13.65799011
13.75464665
13.8031578
13.82281499
13.83262384
13.79961007
13.76109499
13.75247366
13.74873969
13.74989023
13.74265432
13.74495956
13.74697726
13.7426772
13.73350208
13.72894884
13.71002718
13.68139672
13.63295468
13.58024525
13.54681722
13.48928061
13.39130973
13.2900356
13.20953386
13.13638005
13.06379114
12.99080756
12.97234856
12.9636103
12.94385698
12.91406217
12.89595154
12.87691104
12.85235852
12.81219395
12.76817018
12.74039202
12.70224946
12.64854701
12.57926876
12.50998272
12.45698596
12.39845342
12.35517895
12.32066332
12.30140226
12.29615512
12.30563922
12.34836741
12.4338485
12.54882434
12.63950587
12.67710736
12.69574727
12.70483634
12.68496205
12.64062729
12.59263213
12.53339374
12.49012175
12.43645309
12.38872045
12.33059347
12.28708931
12.26275903
12.24791331
12.25223483
12.27991768
12.33720971
12.3899607
12.40828384
12.42305196
12.43609642
12.46468535
12.49292102
12.53588036
12.57356199
12.61619466
12.65426247
12.67859119
12.6930483
12.70680214
12.72514597
12.74878538
12.75646872
12.76292837
12.74671272
12.68750651
12.57004386
12.40226664
12.22184997
12.03148197
11.8341697
11.62022834
11.45503223
11.30669582
11.1703674
11.02946962
10.93945344
10.89228275
10.88771143
10.88771143
10.86486067
10.83745264
10.81918842
10.80929763
10.78418968
10.74874697
10.69319242
10.65053484
10.6078543
10.57139124
10.54025766
10.52025303
10.4953609
10.47092504
10.43580561
10.41104262
10.38594905
10.35504857
10.30843132
10.25704457
10.19701937
10.11163011
10.02067078
9.953842705
9.871793852
9.799686339
9.725929001
9.684046306
9.663318931
9.642239717
9.616626117
9.597244758
9.580543742
9.594288176
9.627021236
9.655878537
9.669092904
9.641430337
9.581079067
9.496370258
9.388492972
9.259216541
9.128223632
9.042920539
8.965608264
8.872197612
8.792426219
8.725292728
8.647485292
8.570886574
8.537957523
8.5269783
8.530612094
8.535174661
8.524192977
8.486677146
8.453711118
8.42622906
8.371238544
8.289254224
8.17090745
8.030362517
7.85249859
7.67437018
7.484669568
7.291176261
7.103472044
6.881874238
6.654375331
6.445147396
6.269936167
6.128038452
5.999527724
5.903602415
5.84147805
5.796269531
5.745382606
5.684287831
5.612977215
5.540477469
5.440724109
5.315835222
5.162326338
4.969841343
4.77125803
4.548526905
4.297167624
4.084423558
3.891916452
3.716478458
3.587643122
3.479190377
3.404026249
3.357741595
3.309590181
3.255641256
3.196410036
3.168763353
3.146104394
3.106375774
3.004278612
2.863870186
2.719192017
2.567144581
2.423628062
2.226636797
2.013244729
1.798109684
1.592913916
1.365338804
1.116768901
0.869357279
0.657143578
0.493453841
0.341517039
0.235130629
0.152138321
0.05876139
-0.049388913
-0.153240301
-0.23337038
-0.317916383
-0.403693496
-0.512896581
-0.606248823
-0.673014489
-0.739799563
-0.815311279
-0.902255759
-0.993763492
-1.074960054
-1.183789166
-1.325286956
-1.502402417
-1.713801281
-1.908302165
-2.092725244
-2.291727516
-2.491126409
-2.687219821
-2.873176886
-3.039826935
-3.155338141
-3.207072231
-3.207072231
-3.208869983
-3.233023383
-3.257182222
-3.257182222
-3.27413521
-3.341836384
-3.392603499
-3.425245897
-3.465616759
-3.519744976
-3.572192069
-3.581725971
-3.587036436
-3.594522581
-3.617808007
-3.688556295
-3.73453634
-3.751550464
-3.783442171
-3.84451259
-3.86031736
-3.825858052
-3.801023328
-3.803460724
-3.768227364
-3.668554113
-3.484953574
-3.260075305
-3.05706463
-2.860972354
-2.708688578
-2.608730144
-2.53357026
-2.491406579
-2.46661842
-2.443161672
-2.443484473
-2.491242983
-2.577913547
-2.653455942
-2.73319067
-2.834502094
-2.9608486
-3.102510488
-3.259547271
-3.42265921
-3.665039585
-3.98328392
-4.285618256
-4.549386681
-4.764869752
-4.980179137
-5.228049049
-5.451014392
-5.673391035
-5.84367105
-5.938462887
-5.926069221
-5.887951464
-5.85017442
-5.834122059
-5.81206289
-5.82561588
-5.881911699
-5.955305234
-6.034840859
-6.12114709
-6.173030357
-6.187687072
-6.216951308
-6.273307381
-6.310938378
-6.297446804
-6.262975295
-6.241779023
-6.225560437
-6.183186054
-6.111323461
-6.023523892
-5.897563941
-5.752274422
-5.573369057
-5.414321697
-5.33776421
-5.33841779
-5.329692822
-5.27493464
-5.200685735
-5.158509845
-5.159588644
-5.169216585
-5.189319706
-5.209645953
-5.228012837
-5.195626565
-5.138049155
-5.063576121
-4.989050797
-4.926082279
-4.851602025
-4.792719165
-4.754755951
-4.724952061
-4.656626095
-4.571312967
-4.486901266
-4.405392884
-4.292342611
-4.181249522
-4.129341318
-4.148494069
-4.181434716
-4.214377391
-4.249667011
-4.322808978
-4.398229041
-4.449765914
-4.46241682
-4.475149014
-4.531533286
-4.680656897
-4.901264141
-5.128812213
-5.32299545
-5.472308188
-5.589138064
-5.654013274
-5.666302601
-5.666302601
-5.666302601
-5.689043673
-5.734831799
-5.775581448
-5.849546791
-5.983505423
-6.173120401
-6.376037267
-6.551715515
-6.712782733
-6.861981836
-6.999640611
-7.111930211
-7.200490558
-7.287991692
-7.356200719
-7.436786428
-7.527627222
-7.63041599
-7.726291814
-7.837469595
-7.965432471
-8.087259035
-8.186123819
-8.269954111
-8.361098119
-8.480017619
-8.610367062
-8.749265428
-8.90730217
-9.069694475
-9.244003581
-9.407564057
-9.560083597
-9.697935264
-9.806373243
-9.909349099
-9.990472167
-10.04726911
-10.09402876
-10.12915751
-10.16002185
-10.23064639
-10.29246671
-10.33795724
-10.35999352
-10.41329867
-10.47159571
-10.55992317
-10.64674652
-10.77183683
-10.89066683
-11.02606742
-11.14009112
-11.25156888
-11.38239159
-11.51077765
-11.64200199
-11.75566942
-11.86823017
-11.95670337
-12.04118574
-12.12282132
-12.19507583
-12.24065243
-12.27990827
-12.31677331
-12.35900874
-12.42417307
-12.50840464
-12.59633707
-12.71191965
-12.83859298
-12.97516549
-13.0776163
-13.1493506
-13.19575127
-13.24590141
-13.30229542
-13.32238972
-13.28458671
-13.26701853
-13.27081827
-13.30189384
-13.33168995
-13.3662878
-13.41852946
-13.49318303
-13.59021571
-13.72935558
-13.89546159
-14.03659217
-14.17373937
-14.33128783
-14.48607725
-14.60085974
-14.683112
-14.75357301
-14.79657362
-14.7898137
-14.76468352
-14.7655629
-14.7883847
-14.77264334
-14.72511484
-14.7371785
-14.77831072
-14.81940598
-14.83992626
-14.8850073
-14.94428883
-15.00970303
-15.08427831
-15.17963709
-15.27894022
-15.35425183
-15.41703927
-15.45813975
-15.49866524
-15.53349439
-15.52083146
-15.51234461
-15.5219994
-15.54358117
-15.55746655
-15.57969277
-15.61644219
-15.69759291
-15.81947447
-15.96931326
-16.10250518
-16.2284742
-16.34813235
-16.44993176
-16.50292106
-16.52095119
-16.4978114
-16.44770124
-16.37882998
-16.31625089
-16.23762995
-16.15890692
-16.08794727
-16.04199205
-16.01344105
-16.02135305
-16.03330312
-16.01904582
-16.01354359
-16.05267676
-16.10244854
-16.13722158
-16.15184297
-16.15899066
-16.14435059
-16.11061766
-16.06972261
-16.02279045
-15.94308005
-15.84627423
-15.75573784
-15.6541495
-15.53921958
-15.41685826
-15.27452761
-15.1255836
-14.95455391
-14.74556067
-14.46254508
-14.15088059
-13.86416886
-13.61460999
-13.40351459
-13.27544579
-13.24618354
-13.24130025
-13.24130025
-13.23903322
-13.24629486
-13.24382876
-13.20237318
-13.12839312
-13.05176496
-12.98592776
-12.9006564
-12.80596028
-12.69429628
-12.59702797
-12.49610968
-12.37472286
-12.23796582
-12.09750925
-11.97111725
-11.86639654
-11.79821065
-11.75809466
-11.73393588
-11.70978195
-11.67356011
-11.6370471
-11.59564392
-11.5214717
-11.44241241
-11.38256887
-11.35170955
-11.33062437
-11.28671554
-11.22568885
-11.1582174
-11.07376238
-10.97389636
-10.8945367
-10.84215103
-10.80780081
-10.77393884
-10.73787871
-10.72586111
-10.72315715
-10.70191804
-10.67852869
-10.67477772
-10.68960129
-10.69876687
-10.64830466
-10.5749001
-10.51629871
-10.46541347
-10.43149757
-10.41346526
-10.38341755
-10.31936306
-10.22383396
-10.09871655
-9.951665983
-9.777895994
-9.569374356
-9.370885242
-9.166593857
-8.972353294
-8.767408776
-8.54511568
-8.331946014
-8.131593403
-7.948269598
-7.770377001
-7.591933387
-7.441621143
-7.328635801
-7.231416598
-7.122655147
-7.023823513
-6.929993059
-6.838383936
-6.75696187
-6.687126743
-6.614731004
-6.54139974
-6.459670408
-6.38330127
-6.304138281
-6.241327081
-6.189494541
-6.107792779
-5.995057092
-5.898623968
-5.803679023
-5.692310311
-5.539941582
-5.35656335
-5.13587525
-4.917555379
-4.673775352
-4.422503957
-4.189796657
-3.979310333
-3.825133024
-3.718647756
-3.6568922
-3.613873503
-3.568107797
-3.478461102
-3.327781254
-3.103996808
-2.837757234
-2.551754818
-2.231456463
-1.866238007
-1.483252808
-1.058392272
-0.631377133
-0.255583224
0.053107306
0.284156235
0.478309091
0.605946106
0.684554771
0.710793453
0.730039103
0.754976013
0.812970918
0.881373026
0.935320078
0.981132345
1.043226848
1.11349064
1.198008981
1.271069786
1.339039783
1.37318884
1.403172846
1.463211928
1.552323413
1.626142546
1.720053013
1.846959656
2.00877296
2.223142084
2.48048484
2.732443003
2.912435589
3.037042444
3.128398823
3.193457815
3.252273321
3.310452274
3.372815905
3.462026967
3.530501959
3.595564138
3.677161914
3.758738254
3.845799189
3.968414478
4.086162526
4.187438682
4.288362614
4.404044063
4.525237408
4.675256758
4.840243081
5.046399678
5.271456374
5.484349463
5.682022136
5.853665713
6.021552773
6.172532242
6.315907432
6.44026875
6.568946764
6.711701706
6.845875483
6.985475803
7.077505985
7.154956596
7.201713555
7.250109402
7.278735134
7.296628226
7.309663803
7.309663803
7.310697008
7.317108767
7.35114419
7.40898914
7.479657442
7.555704957
7.596164414
7.636634257
7.685321148
7.752479278
7.846886645
7.985235962
8.130082815
8.281389043
8.43719725
8.621001792
8.80355389
8.954370056
9.075886419
9.17693684
9.231319717
9.217698045
9.17076506
9.106988342
9.065066752
9.048069729
9.024774073
8.977105479
8.914400531
8.858017494
8.80118797
8.758024929
8.739234202
8.745343604
8.759088152
8.749418068
8.739276117
8.745846233
8.751985549
8.766456321
8.761945915
8.714634704
8.643040559
8.550700627
8.454507796
8.383101195
8.354520999
8.357995737
8.397480972
8.420449055
8.449797473
8.468994677
8.482361324
8.509878964
8.557326953
8.629111411
8.666287347
8.660948587
8.651295226
8.602171818
8.533661479
8.439912362
8.368143211
8.289518878
8.206994658
8.11042312
7.989941239
7.888673909
7.803240287
7.715235095
7.621008324
7.54290004
7.493440203
7.452628413
7.396628575
7.329234105
7.253298145
7.161109976
7.029660274
6.857363178
6.657662115
6.463976114
6.26408554
6.037181525
5.815382436
5.603567473
5.423135134
5.256336116
5.108249004
5.009386021
4.969249638
4.942447189
4.931389849
4.933434994
4.938593419
4.938749698
4.927167257
4.901569268
4.881500698
4.882501938
4.918592054
4.969565335
5.008264124
5.049585329
5.079356488
5.088716862
5.053088044
4.995986469
4.906462393
4.789966767
4.657346989
4.52154235
4.348957299
4.170830345
3.999883476
3.841871696
3.696764354
3.592286707
3.505342217
3.452667054
3.420417121
3.392271145
3.359245633
3.325448026
3.275493019
3.214234258
3.132471036
3.022612368
2.866608126
2.656421563
2.409556271
2.146033552
1.873358641
1.561408647
1.235005409
0.930166186
0.657437403
0.392948342
0.146116643
-0.042147954
-0.164764647
-0.262015288
-0.319423056
-0.324331962
-0.323405851
-0.323405851
-0.329240675
-0.350987037
-0.386008519
-0.429519183
-0.488958295
-0.578646245
-0.688503939
-0.815934714
-0.934025539
-1.05129112
-1.178783598
-1.346798539
-1.558043798
-1.78653295
-2.035778182
-2.277798758
-2.511911301
-2.752170622
-2.998891901
-3.180946477
-3.274769265
-3.331755707
-3.362012512
-3.365172615
-3.363397917
-3.374937457
-3.410484376
-3.453594895
-3.500589207
-3.557820207
-3.593228794
-3.598681493
-3.564195245
-3.487140767
-3.36913496
-3.211591918
-2.979553285
-2.677121179
-2.327927726
-1.914677496
-1.424522847
-0.942720046
-0.488295235
-0.073174889
0.287048352
0.557633687
0.701261634
0.73369546
0.645922514
0.459180386
0.231761826
-0.024935758
-0.345371809
-0.705717403
-1.064916927
-1.473858663
-1.984790117
-2.557355492
-3.151350027
-3.717449668
-4.220811982
-4.581875332
-4.788325153
-4.814246323
-4.814302838
-4.806655825
-4.759769409
-4.71151484
-4.694643246
-4.723262476
-4.77028492
-4.811697664
-4.835230057
-4.833345935
-4.834060538
-4.829046301
-4.826999456
-4.826999456
-4.824952415
-4.846240833
-4.891877702
-4.944161684
-4.976222546
-4.966908543
-4.93801766
-4.959564354
-5.022288885
-5.098642637
-5.162109173
-5.255120368
-5.329498192
-5.334886623
-5.297470812
-5.252178508
-5.161123656
-5.008230098
-4.828451585
-4.664278406
-4.492301092
-4.341140015
-4.228018634
-4.134540423
-4.101059832
-4.095034325
-4.117950611
-4.140131669
-4.16586875
-4.180809011
-4.209324232
-4.255701518
-4.292718567
-4.311164893
-4.34918318
-4.411899176
-4.474296626
-4.513791821
-4.548106652
-4.578370452
-4.59911067
-4.619800558
-4.659048788
-4.712686776
-4.786834038
-4.890479372
-5.007122683
-5.103334947
-5.181991366
-5.242154828
-5.304139204
-5.341754696
-5.368290301
-5.392737538
-5.433250287
-5.490010967
-5.52244005
-5.577101688
-5.656035602
-5.702562507
-5.743019966
-5.791561026
-5.842123585
-5.890666655
-5.959434749
-6.028203807
-6.096973792
-6.163765484
-6.227313812
-6.299124977
-6.37193548
-6.43061779
-6.491376567
-6.584391862
-6.661198141
-6.712979327
-6.757570351
-6.816271802
-6.870770692
-6.937577082
-7.009595675
-7.054211991
-7.08873818
-7.127259019
-7.196074252
-7.259782541
-7.324619676
-7.385486128
-7.446363356
-7.499996289
-7.574954162
-7.649916999
-7.712260225
-7.836736017
-7.968353366
-8.058484109
-8.134593465
-8.168190331
-8.172130912
-8.177228909
-8.192521539
-8.225879107
-8.246259108
-8.265476135
-8.311649164
-8.378040783
-8.445551276
-8.505289616
-8.599286241
-8.7300987
-8.886093141
-9.068607559
-9.251983895
-9.40219542
-9.517369339
-9.603376251
-9.672681235
-9.734584905
-9.789144555
-9.84227008
-9.905315016
-9.980930518
-10.0726626
-10.18929991
-10.34457871
-10.52573724
-10.66810989
-10.80616076
-10.91639587
-10.9869418
-11.00549998
-11.00549998
-11.00549998
-11.00549998
-10.99934472
-10.99934472
-10.98703513
-10.97472678
-10.96372725
-10.94415749
-10.91582624
-10.89485431
-10.88991044
-10.89363449
-10.87880344
-10.85781416
-10.8627175
-10.89720533
-10.96280437
-11.07868646
-11.20253291
-11.2888518
-11.37233966
-11.47064816
-11.50940619
-11.50813691
-11.49960917
-11.49960917
-11.49960917
-11.49960917
-11.48733367
-11.45657344
-11.4134717
-11.33120187
-11.24659954
-11.16797274
-11.10257207
-11.04701092
-11.00758528
-10.96709424
-10.91559472
-10.88001409
-10.86150507
-10.85754064
-10.86218386
-10.87292145
-10.86642601
-10.84908389
-10.79998563
-10.74963068
-10.69319009
-10.59391126
-10.43773855
-10.26211578
-10.0621242
-9.864478393
-9.647633651
-9.423483705
-9.207883218
-9.012687167
-8.866594236
-8.78655997
-8.761313675
-8.749126745
-8.747495586
-8.744275458
-8.710268657
-8.640396768
-8.533112466
-8.428442345
-8.320108848
-8.222626157
-8.108328149
-7.96815166
-7.816205128
-7.643896583
-7.456720929
-7.273533398
-7.132520421
-7.027970735
-6.94013668
-6.867336068
-6.814564205
-6.75376116
-6.68873928
-6.619839743
-6.522751461
-6.404204635
-6.282639988
-6.161278977
-6.058410151
-5.93702279
-5.800202485
-5.638997821
-5.463324533
-5.235379698
-4.984620448
-4.7653583
-4.557186331
-4.347505259
-4.143052348
-3.948471024
-3.807959985
-3.684933817
-3.592795391
-3.523745997
-3.459608992
-3.401260043
-3.345689713
-3.296865037
-3.252916462
-3.211708061
-3.184110968
-3.147292159
-3.079797787
-2.969892155
-2.820698821
-2.622985533
-2.417128318
-2.173907016
-1.946218944
-1.702819199
-1.493937712
-1.319577887
-1.195719448
-1.102777511
-1.046039591
-0.98929751
-0.942112452
-0.852473779
-0.703534489
-0.520103163
-0.335047174
-0.150842463
0.086348013
0.366973473
0.654135745
0.944700701
1.240209658
1.511705831
1.728687299
1.876630769
1.992709595
2.094312025
2.172450454
2.236789016
2.304540905
2.373017649
2.382698818
2.383411379
2.385549259
2.400794571
2.420885412
2.431999065
2.44724615
2.470052709
2.515069113
2.578050368
2.688114153
2.834137803
3.05129779
3.336984592
3.684867037
4.076647863
4.52879537
4.979862474
5.371176145
5.669542729
5.843658537
5.891394069
5.847958353
5.760973635
5.71995072
5.710309991
5.685594526
5.63621908
5.582634386
5.540510662
5.488779229
5.441883291
5.388968573
5.331258742
5.264573663
5.202828071
5.164667818
5.125901846
5.04661502
4.956395178
4.855921715
4.756725144
4.633769937
4.4847805
4.287016489
4.07378311
3.850594854
3.605277701
3.376162746
3.165993165
2.976319707
2.784780731
2.589293194
2.45466567
2.395730638
2.354217534
2.304119289
2.260983382
2.229823353
2.18118097
2.109448413
2.01262284
1.881034541
1.738252987
1.585711748
1.429297649
1.281652815
1.140253114
0.998697584
0.852869929
0.704316888
0.594716815
0.528665612
0.4674389
0.42634132
0.411868364
0.417752503
0.426028563
0.439240458
0.445242067
0.445590627
0.419333866
0.364646055
0.29961017
0.22086069
0.117042889
0.010962951
-0.044698535
-0.090708006
-0.196348233
-0.342031057
-0.498353041
-0.631422793
-0.777159897
-0.960508231
-1.152858287
-1.318816459
-1.444317079
-1.552323835
-1.669472436
-1.762729528
-1.822882125
-1.894029017
-2.011127919
-2.159661216
-2.314126474
-2.451806842
-2.569345183
-2.654544032
-2.694594399
-2.68017161
-2.627021506
-2.568374439
-2.500749093
-2.422021102
-2.333472273
-2.240913181
-2.194648404
-2.19128367
-2.233439201
-2.302469268
-2.384201868
-2.48938271
-2.620965639
-2.748823277
-2.865097099
-2.982500199
-3.123559602
-3.282480386
-3.418048443
-3.55010499
-3.690413529
-3.809037717
-3.882251201
-3.909161398
-3.916344069
-3.922483059
-3.941818241
-3.967288367
-4.002939724
-4.049811932
-4.114036526
-4.172414897
-4.229748011
-4.265832645
-4.283795733
-4.244866554
-4.233608174
-4.211135563
-4.179778754
-4.115721202
-4.015121578
-3.893280262
-3.747614726
-3.59198724
-3.422061897
-3.252280574
-3.090046879
-2.897717094
-2.648793041
-2.372995328
-2.112270529
-1.845752689
-1.657622741
-1.632759325
-1.814522433
-5.695078028
