12.6727
12.6781
12.6842
12.6745
12.6395
12.6016
12.5597
12.4958
12.4149
12.3254
12.2423
12.1876
12.1656
12.1765
12.2078
12.2283
12.2063
12.1577
12.1049
12.0477
12.0182
12.0125
12.0393
12.0467
12.0175
11.9761
11.9275
11.8861
11.8721
11.8944
11.9294
11.9487
11.9601
11.9718
11.9718
11.9757
11.9832
11.9948
12.0062
11.9895
11.9758
11.9325
11.8763
11.8123
11.7482
11.7213
11.7193
11.7578
11.7966
11.8038
11.7905
11.7816
11.7674
11.7285
11.6797
11.6424
11.6164
11.5857
11.5687
11.5389
11.4760
11.3988
11.3222
11.2930
11.2962
11.3152
11.3334
11.3293
11.2939
11.2314
11.1390
11.0624
11.0286
11.0459
11.0858
11.0907
11.0565
10.9646
10.8226
10.6501
10.4987
10.3977
10.3470
10.3529
10.3879
10.4110
10.3902
10.3294
10.1983
10.0035
9.7978
9.6456
9.5366
9.4656
9.4054
9.3646
9.3332
9.3074
9.2573
9.1976
9.1160
8.9960
8.8673
8.7260
8.5829
8.4695
8.3824
8.2978
8.2162
8.1143
7.9782
7.8462
7.7128
7.6006
7.5002
7.4381
7.3801
7.3103
7.2187
7.1137
7.0061
6.8763
6.7362
6.6037
6.4865
6.3991
6.3331
6.2946
6.2675
6.2666
6.2618
6.2364
6.1491
6.0395
5.9469
5.8649
5.7771
5.6944
5.5825
5.4183
5.2234
5.0352
4.8723
4.7659
4.7251
4.7288
4.7200
4.6976
4.6127
4.5111
4.3880
4.2462
4.0965
3.9271
3.7577
3.5940
3.4285
3.2638
3.0772
2.8551
2.5734
2.2077
1.7741
1.3084
0.8897
0.5575
0.3610
0.2876
0.2840
0.2781
0.2138
0.0927
-0.0327
-0.1603
-0.2839
-0.4090
-0.5070
-0.5476
-0.5433
-0.5691
-0.6376
-0.7806
-0.9643
-1.1698
-1.3961
-1.5785
-1.7546
-1.9330
-2.1138
-2.3022
-2.4403
-2.5628
-2.6726
-2.7712
-2.8669
-2.9819
-3.1237
-3.2671
-3.4315
-3.6065
-3.8078
-4.0556
-4.3669
-4.7190
-5.0890
-5.4448
-5.7850
-6.0973
-6.3860
-6.5952
-6.7163
-6.7778
-6.8155
-6.8728
-6.9496
-7.0749
-7.2524
-7.4551
-7.6507
-7.8604
-8.1279
-8.4136
-8.7298
-9.0205
-9.2859
-9.4846
-9.6203
-9.7465
-9.8665
-9.9854
-10.0879
-10.2156
-10.3646
-10.5026
-10.6064
-10.6989
-10.8184
-10.9534
-11.1083
-11.2525
-11.3987
-11.5804
-11.8161
-12.1103
-12.4280
-12.7201
-12.9601
-13.1731
-13.3360
-13.5104
-13.6699
-13.8347
-13.9808
-14.1143
-14.2408
-14.3582
-14.4956
-14.6340
-14.7832
-14.9292
-15.0859
-15.2555
-15.4436
-15.6139
-15.7547
-15.8577
-15.9246
-15.9810
-16.0207
-16.0372
-16.0439
-16.0506
-16.0674
-16.1105
-16.1806
-16.2609
-16.3647
-16.4959
-16.6568
-16.7998
-16.8976
-16.9577
-17.0265
-17.1231
-17.2215
-17.3427
-17.4477
-17.5261
-17.5840
-17.6166
-17.6399
-17.6889
-17.7603
-17.8443
-17.9157
-18.0221
-18.1370
-18.2586
-18.3706
-18.4851
-18.6544
-18.8355
-18.9997
-19.1522
-19.2636
-19.3457
-19.4246
-19.5032
-19.5874
-19.6656
-19.7461
-19.8176
-19.9087
-20.0027
-20.1197
-20.2570
-20.4151
-20.5795
-20.7731
-20.9313
-21.0427
-21.1310
-21.2131
-21.2683
-21.3141
-21.3798
-21.4483
-21.5082
-21.5303
-21.5181
-21.4940
-21.4464
-21.4015
-21.3337
-21.2460
-21.1380
-21.0244
-20.9395
-20.8662
-20.8248
-20.7779
-20.7226
-20.6303
-20.5156
-20.4033
-20.3371
-20.3054
-20.2907
-20.2561
-20.1847
-20.0468
-19.9089
-19.7962
-19.7092
-19.6874
-19.6879
-19.6801
-19.6265
-19.5166
-19.3695
-19.2139
-19.0589
-18.9323
-18.8255
-18.7017
-18.5526
-18.3492
-18.1156
-17.8611
-17.6087
-17.3991
-17.2272
-17.1000
-16.9672
-16.8083
-16.6136
-16.4445
-16.3290
-16.2889
-16.2712
-16.2659
-16.2520
-16.1893
-16.0514
-15.8632
-15.6410
-15.4322
-15.2613
-15.1516
-15.0929
-15.0388
-14.9376
-14.7586
-14.5425
-14.3111
-14.0913
-13.9341
-13.8184
-13.7537
-13.6645
-13.5445
-13.4024
-13.2393
-13.0953
-12.9343
-12.7851
-12.6295
-12.5036
-12.3894
-12.2932
-12.2065
-12.1252
-12.0607
-11.9963
-11.9339
-11.8578
-11.7564
-11.6477
-11.5423
-11.4442
-11.3505
-11.2460
-11.1331
-10.9877
-10.8475
-10.6744
-10.4591
-10.2146
-9.9340
-9.6435
-9.3582
-9.1014
-8.8987
-8.7293
-8.6031
-8.5073
-8.4215
-8.3325
-8.2432
-8.1456
-8.0668
-7.9813
-7.8990
-7.8034
-7.6608
-7.4730
-7.2118
-6.9440
-6.7114
-6.5190
-6.3584
-6.2112
-6.0709
-5.9640
-5.8623
-5.7556
-5.6337
-5.4952
-5.3535
-5.2053
-5.0233
-4.8395
-4.6309
-4.4087
-4.1513
-3.8450
-3.5095
-3.1396
-2.7448
-2.3431
-1.9788
-1.6315
-1.3392
-1.1048
-0.9288
-0.7953
-0.7034
-0.6197
-0.5665
-0.5012
-0.4253
-0.3243
-0.1997
-0.0824
0.0430
0.1847
0.3334
0.4963
0.6640
0.8352
1.0017
1.1565
1.3031
1.4639
1.6344
1.8096
1.9821
2.1535
2.3118
2.4736
2.6252
2.7922
2.9757
3.1613
3.3395
3.5124
3.6717
3.8101
3.9086
3.9696
4.0123
4.0323
4.0523
4.0850
4.1287
4.1887
4.2650
4.3368
4.4232
4.5150
4.6233
4.7434
4.8945
5.0522
5.2099
5.3559
5.4925
5.6203
5.7281
5.8085
5.8660
5.9065
5.9478
6.0189
6.0758
6.1453
6.2112
6.2800
6.3516
6.4382
6.5523
6.6969
6.8854
7.1074
7.3362
7.5452
7.7098
7.8590
7.9902
8.1035
8.1773
8.2474
8.3281
8.4194
8.5416
8.7069
8.8917
9.1152
9.3694
9.6632
9.9688
10.2643
10.5166
10.7542
10.9836
11.2210
11.4762
11.7414
11.9627
12.1487
12.2873
12.3989
12.4912
12.5644
12.6106
12.6137
12.5719
12.5215
12.4667
12.4524
12.4655
12.5142
12.5652
12.6124
12.6271
12.6251
12.5935
12.5659
12.5868
12.6402
12.7073
12.7274
12.6923
12.6504
12.6257
12.6175
12.5908
12.4980
12.3389
12.1413
11.9508
11.7478
11.5372
11.3559
11.2382
11.1911
11.1939
11.2245
11.2468
11.2974
11.3612
11.4611
11.6140
11.7992
12.0009
12.1623
12.2900
12.4401
12.6173
12.8503
13.0874
13.3502
13.6079
13.8514
14.0786
14.2554
14.3760
14.3522
14.1960
13.8654
13.4403
13.0373
12.7142
12.4358
12.1868
11.8704
11.5202
11.0777
10.6036
10.1245
9.6618
9.2226
8.8153
8.4222
8.0153
7.6097
7.2541
6.9420
6.6282
6.3671
6.1888
6.1110
6.0588
6.0565
6.0895
6.1412
6.1819
6.2106
6.2479
6.2821
6.3221
6.3525
6.4150
6.4906
6.5664
6.6265
6.6699
6.6818
6.6427
6.6112
6.6019
6.6321
6.6746
6.7375
6.8261
6.9083
6.9584
6.9573
6.9406
6.8989
6.8358
6.7878
6.7358
6.6565
6.5488
6.4399
6.3544
6.3015
6.2623
6.2388
6.2114
6.1753
6.1656
6.1908
6.2342
6.2862
6.3269
6.3375
6.3247
6.3114
6.3114
6.3114
6.3266
6.3416
6.3720
6.4088
6.4316
6.4386
6.4534
6.4721
6.4754
6.4699
6.4427
6.4528
6.4639
6.4868
6.5125
6.5327
6.5083
6.4472
6.3304
6.1955
6.0828
6.0515
6.0731
6.1072
6.1377
6.1217
6.0524
5.9454
5.8189
5.7117
5.6571
5.6656
5.7068
5.7518
5.7544
5.6786
5.5146
5.3044
5.1560
5.0980
5.1373
5.1942
5.2050
5.1441
5.0297
4.9225
4.8324
4.7464
4.6389
4.4976
4.3582
4.2234
4.0941
3.9471
3.8120
3.6974
3.6275
3.5932
3.5544
3.5118
3.4226
3.2918
3.1463
3.0542
3.0363
3.0538
3.0565
3.0602
3.0253
2.9621
2.8747
2.7845
2.6718
2.5406
2.3988
2.2806
2.1726
2.0697
1.9679
1.8777
1.7888
1.7350
1.6809
1.6195
1.5331
1.4412
1.3431
1.2425
1.1395
1.0252
0.9059
0.7953
0.7121
0.6314
0.5559
0.4652
0.3642
0.2407
0.0843
-0.1022
-0.3077
-0.5007
-0.6433
-0.7467
-0.8087
-0.8430
-0.8430
-0.8467
-0.8869
-0.9525
-1.0307
-1.1303
-1.2438
-1.3726
-1.4813
-1.5962
-1.7273
-1.8362
-1.9306
-2.0088
-2.0847
-2.1607
-2.2708
-2.3814
-2.5157
-2.6613
-2.8320
-3.0057
-3.2136
-3.4483
-3.7206
-4.0165
-4.3149
-4.5672
-4.7406
-4.8213
-4.8431
-4.8503
-4.8608
-4.9068
-4.9476
-5.0166
-5.0732
-5.1180
-5.1615
-5.2194
-5.3145
-5.4128
-5.4860
-5.5324
-5.5660
-5.5960
-5.6332
-5.6669
-5.7363
-5.8609
-6.0263
-6.2187
-6.4524
-6.7165
-6.9752
-7.2125
-7.4176
-7.5851
-7.7009
-7.7917
-7.8897
-7.9662
-8.0409
-8.1315
-8.2293
-8.3468
-8.4961
-8.6794
-8.8594
-9.0337
-9.1866
-9.3267
-9.4652
-9.6158
-9.7361
-9.8479
-9.9543
-10.0804
-10.2229
-10.3529
-10.4915
-10.6032
-10.7177
-10.8510
-11.0053
-11.1650
-11.3355
-11.4976
-11.6301
-11.7510
-11.8751
-12.0224
-12.1786
-12.3816
-12.5771
-12.7429
-12.8757
-13.0032
-13.0947
-13.1847
-13.3033
-13.4339
-13.5733
-13.7015
-13.8375
-13.9633
-14.0512
-14.1224
-14.1980
-14.3078
-14.4163
-14.5501
-14.7234
-14.9253
-15.1199
-15.2720
-15.3950
-15.4766
-15.5417
-15.5742
-15.5904
-15.5904
-15.5969
-15.6197
-15.6522
-15.6720
-15.6879
-15.6982
-15.6967
-15.7074
-15.7165
-15.7384
-15.7426
-15.7306
-15.6913
-15.6202
-15.5013
-15.3154
-15.0962
-14.9349
-14.8578
-14.8452
-14.8520
-14.8565
-14.8740
-14.8959
-14.9213
-14.8936
-14.8960
-14.9263
-15.0158
-15.1330
-15.2497
-15.3461
-15.3890
-15.3682
-15.3157
-15.2971
-15.2967
-15.3297
-15.3841
-15.4416
-15.4714
-15.4600
-15.4464
-15.4360
-15.4090
-15.3686
-15.3267
-15.2816
-15.2349
-15.1723
-15.0891
-15.0263
-14.9927
-14.9622
-14.9577
-14.9573
-14.9428
-14.9148
-14.8421
-14.7295
-14.5675
-14.4033
-14.2692
-14.2000
-14.2094
-14.2391
-14.2203
-14.1121
-13.9062
-13.6511
-13.4264
-13.2909
-13.2370
-13.2347
-13.2238
-13.1668
-13.0584
-12.9051
-12.7582
-12.6221
-12.5203
-12.4561
-12.3768
-12.2656
-12.1182
-11.9408
-11.7441
-11.5539
-11.3939
-11.2795
-11.2315
-11.2091
-11.1880
-11.1368
-11.0376
-10.8786
-10.6698
-10.4702
-10.2911
-10.1467
-10.0430
-9.9715
-9.9184
-9.8516
-9.7730
-9.6655
-9.5548
-9.4374
-9.3182
-9.1838
-9.0514
-8.9340
-8.8352
-8.7484
-8.6550
-8.5615
-8.4443
-8.2916
-8.0930
-7.8620
-7.6175
-7.3629
-7.1118
-6.8860
-6.6348
-6.4345
-6.2957
-6.2162
-6.1621
-6.1502
-6.1418
-6.1013
-6.0015
-5.8780
-5.7526
-5.6187
-5.4576
-5.2596
-5.0126
-4.7590
-4.5427
-4.3708
-4.2075
-4.0731
-3.9655
-3.8615
-3.7524
-3.6398
-3.5609
-3.4988
-3.4131
-3.3008
-3.1551
-2.9858
-2.8083
-2.6476
-2.5321
-2.4549
-2.3931
-2.3632
-2.3277
-2.2694
-2.1707
-2.0425
-1.8884
-1.6988
-1.4698
-1.2574
-1.0554
-0.8901
-0.7486
-0.6344
-0.5240
-0.4184
-0.3213
-0.2099
-0.1116
-0.0037
0.0959
0.2014
0.3140
0.4408
0.5854
0.7691
0.9680
1.1586
1.3325
1.4238
1.4712
1.4985
1.5186
1.5505
1.5990
1.6638
1.7523
1.8562
1.9767
2.1033
2.2135
2.3036
2.3931
2.5049
2.6535
2.8125
3.0003
3.2089
3.4241
3.6227
3.8341
4.0495
4.2608
4.4529
4.6221
4.7621
4.8564
4.9138
4.9285
4.9322
4.9359
4.9506
4.9727
4.9920
5.0177
5.0633
5.1262
5.2151
5.3218
5.4353
5.5237
5.5899
5.6379
5.6874
5.7330
5.7888
5.8549
5.9246
6.0212
6.1323
6.2531
6.3785
6.4775
6.5522
6.6265
6.7199
6.8096
6.8804
6.9472
7.0085
7.0774
7.1268
7.1609
7.1590
7.1224
7.0689
7.0261
7.0220
7.0382
7.0647
7.1150
7.2046
7.2903
7.3850
7.4884
7.6198
7.7172
7.7915
7.8433
7.8754
7.8873
7.8956
7.9325
7.9841
8.0351
8.0496
8.0139
7.9668
7.9362
7.9775
8.0562
8.1165
8.0797
7.9089
7.6721
7.4491
7.2840
7.2011
7.1842
7.2986
7.4605
7.6572
7.8318
7.9625
7.9939
7.8872
7.6744
7.5130
7.4746
7.5892
7.7656
7.9467
8.1508
8.3488
8.5465
8.6834
8.6800
8.4841
8.1347
7.7576
7.3673
7.0431
6.8281
6.6804
6.5512
6.3730
6.0953
5.7434
5.3481
4.9361
4.5415
4.2275
4.0173
3.8296
3.6476
3.4636
3.2951
3.1497
3.0582
2.9729
2.8965
2.8553
2.8358
2.8297
2.7814
2.7453
2.7043
2.6422
2.5275
2.3792
2.2310
2.0977
2.0248
2.0208
2.0491
2.0807
2.0672
2.0264
1.9363
1.8002
1.6956
1.6685
1.6978
1.7726
1.8121
1.8109
1.7531
1.6571
1.5507
1.4484
1.3645
1.3216
1.3363
1.3928
1.4446
1.4669
1.4706
1.4630
1.4364
1.3907
1.2941
1.1830
1.0967
1.0625
1.0902
1.1265
1.1587
1.1613
1.1257
1.0665
0.9914
0.9340
0.9215
0.9287
0.9259
0.8645
0.7868
0.6792
0.5790
0.4652
0.3152
0.0952
-0.1459
-0.3896
-0.6099
-0.7802
-0.8868
-0.9557
-1.0431
-1.1642
-1.3405
-1.5458
-1.7197
-1.8897
-2.0127
-2.0982
-2.1158
-2.1158
-2.1158
-2.1259
-2.1404
-2.1660
-2.2142
-2.2806
-2.3457
-2.4255
-2.5293
-2.6331
-2.7362
-2.8597
-3.0122
-3.1751
-3.2717
-3.3420
-3.3684
-3.3843
-3.4039
-3.4391
-3.5097
-3.5838
-3.6651
-3.7526
-3.8420
-3.9578
-4.1000
-4.2863
-4.5278
-4.8335
-5.1635
-5.4701
-5.6870
-5.7929
-5.8195
-5.8407
-5.8937
-6.0348
-6.2108
-6.3658
-6.5105
-6.6534
-6.7785
-6.8614
-6.9214
-6.9901
-7.0500
-7.1080
-7.1590
-7.2417
-7.3331
-7.4264
-7.5267
-7.6272
-7.6922
-7.7784
-7.8806
-8.0180
-8.1517
-8.2857
-8.4108
-8.5338
-8.6496
-8.8126
-9.0126
-9.2260
-9.4333
-9.6105
-9.7561
-9.8716
-9.9963
-10.1346
-10.2925
-10.4212
-10.5243
-10.5969
-10.6499
-10.7178
-10.8060
-10.9170
-11.0266
-11.1158
-11.1785
-11.2277
-11.2715
-11.3085
-11.3556
-11.3892
-11.4140
-11.4569
-11.5239
-11.5841
-11.6222
-11.6032
-11.5755
-11.5486
-11.5195
-11.5221
-11.5214
-11.5274
-11.4950
-11.4598
-11.4026
-11.3728
-11.3780
-11.4293
-11.4926
-11.5591
-11.6123
-11.6302
-11.5763
-11.5116
-11.4697
-11.4693
-11.5058
-11.5356
-11.5522
-11.5555
-11.5439
-11.5377
-11.5099
-11.4767
-11.4274
-11.3740
-11.3280
-11.2755
-11.2057
-11.1488
-11.0752
-10.9930
-10.9208
-10.8506
-10.7545
-10.6164
-10.4112
-10.1781
-9.9779
-9.8262
-9.7113
-9.5951
-9.4805
-9.3798
-9.3051
-9.2563
-9.2195
-9.1468
-9.0501
-8.9291
-8.7999
-8.6775
-8.5499
-8.4260
-8.2933
-8.1607
-8.0333
-7.9129
-7.7976
-7.6928
-7.5951
-7.5059
-7.4389
-7.3874
-7.3204
-7.2586
-7.1986
-7.1164
-7.0171
-6.9041
-6.7723
-6.6201
-6.4288
-6.2188
-6.0310
-5.8605
-5.7206
-5.6249
-5.5342
-5.4319
-5.3159
-5.1932
-5.0619
-4.9189
-4.7551
-4.5857
-4.3659
-4.1051
-3.8490
-3.6058
-3.4131
-3.3085
-3.2123
-3.0378
-2.7811
-2.5139
-2.2925
-2.1544
-2.0813
-2.0419
-2.0062
-1.9621
-1.8845
-1.7612
-1.6131
-1.4684
-1.3574
-1.2726
-1.2084
-1.1463
-1.0902
-1.0364
-0.9670
-0.9095
-0.8568
-0.8114
-0.7659
-0.7133
-0.6659
-0.6260
-0.5875
-0.5406
-0.4899
-0.4089
-0.3299
-0.2774
-0.2476
-0.2072
-0.1561
-0.0917
-0.0010
0.1148
0.2474
0.3932
0.5571
0.7403
0.8971
1.0069
1.0914
1.1675
1.2368
1.3087
1.3783
1.4213
1.4389
1.4638
1.4924
1.5174
1.5387
1.5527
1.5814
1.6103
1.6462
1.6706
1.6901
1.7379
1.8028
1.8678
1.9223
1.9548
1.9759
1.9900
2.0032
2.0126
2.0242
2.0226
2.0079
1.9784
1.9705
1.9774
2.0307
2.0985
2.1653
2.2335
2.3305
2.4398
2.5433
2.6623
2.7859
2.8964
2.9739
3.0158
3.0344
3.0507
3.0693
3.0852
3.0887
3.0680
3.0315
2.9787
2.9307
2.8876
2.8396
2.8000
2.7568
2.6879
2.5979
2.4946
2.4184
12.0398
