10.9866
10.8344
10.7204
10.6800
10.7136
10.8034
10.8905
10.9596
10.9835
10.9372
10.8832
10.8149
10.7258
10.6516
10.5381
10.3874
10.2280
10.0583
9.8775
9.7462
9.6381
9.5446
9.4669
9.3693
9.2679
9.1407
9.0325
8.9383
8.8385
8.7201
8.5981
8.4517
8.2921
8.1058
7.9007
7.7052
7.5057
7.3209
7.1585
7.0110
6.8751
6.7265
6.5792
6.4427
6.3199
6.2289
6.1062
5.9493
5.7727
5.5444
5.2839
4.9728
4.6192
4.2393
3.8888
3.5747
3.2906
3.0671
2.8678
2.7059
2.5558
2.3976
2.2215
2.0106
1.7674
1.5136
1.2493
0.9589
0.6517
0.3577
0.0790
-0.1559
-0.3807
-0.5747
-0.7659
-0.9661
-1.1846
-1.4365
-1.7392
-2.0989
-2.5270
-3.0022
-3.4996
-3.9843
-4.4405
-4.8365
-5.1872
-5.4414
-5.6118
-5.7351
-5.8347
-5.9767
-6.1851
-6.4829
-6.8499
-7.3245
-7.8555
-8.4633
-9.0834
-9.6828
-10.2371
-10.7350
-11.1273
-11.4183
-11.6250
-11.7696
-11.8878
-11.9982
-12.1711
-12.4031
-12.7168
-13.1196
-13.5473
-14.0060
-14.4602
-14.8515
-15.1330
-15.3104
-15.4123
-15.4706
-15.4981
-15.5210
-15.5936
-15.7053
-15.8679
-16.0689
-16.2800
-16.5287
-16.7564
-16.9859
-17.2026
-17.3934
-17.5644
-17.7281
-17.8552
-17.9321
-17.9668
-17.9946
-18.0448
-18.1326
-18.2548
-18.4119
-18.5893
-18.7518
-18.9177
-19.0914
-19.2650
-19.4417
-19.6238
-19.8224
-19.9981
-20.1421
-20.2817
-20.4187
-20.5299
-20.6040
-20.6605
-20.6986
-20.7587
-20.8499
-20.9570
-21.0684
-21.1804
-21.2657
-21.3242
-21.3610
-21.3344
-21.2862
-21.2311
-21.1599
-21.0851
-21.0073
-20.9111
-20.7614
-20.5411
-20.2821
-20.0259
-19.7376
-19.4497
-19.1477
-18.8269
-18.4446
-18.0686
-17.7407
-17.5045
-17.3961
-17.3768
-17.4191
-17.4857
-17.5246
-17.4947
-17.4150
-17.2907
-17.1381
-16.9503
-16.7722
-16.6036
-16.4107
-16.1941
-15.9712
-15.7261
-15.4730
-15.2248
-14.9919
-14.8173
-14.6817
-14.5829
-14.4919
-14.3940
-14.2665
-14.0952
-13.9000
-13.6699
-13.4325
-13.1708
-12.8874
-12.5647
-12.2357
-11.9255
-11.6242
-11.3296
-11.0467
-10.7892
-10.5350
-10.2970
-10.0690
-9.8519
-9.6153
-9.3775
-9.1203
-8.8352
-8.5347
-8.2034
-7.8809
-7.5811
-7.2934
-7.0403
-6.7771
-6.5330
-6.3115
-6.1316
-5.9846
-5.8480
-5.7045
-5.5351
-5.3261
-5.0897
-4.8034
-4.4861
-4.1932
-3.8934
-3.6023
-3.3386
-3.0857
-2.8522
-2.6631
-2.4863
-2.3181
-2.1343
-1.9150
-1.6596
-1.3635
-1.0330
-0.6855
-0.3075
0.0807
0.4777
0.8615
1.2395
1.5998
1.9081
2.1826
2.4060
2.5819
2.7341
2.8798
3.0060
3.1527
3.3313
3.5220
3.7324
3.9672
4.1907
4.4093
4.6175
4.8305
5.0135
5.2078
5.3665
5.5045
5.6387
5.7439
5.8567
5.9768
6.1261
6.3197
6.5444
6.7731
7.0110
7.2045
7.3805
7.5359
7.6812
7.8328
7.9807
8.1439
8.3109
8.4946
8.6843
8.8776
9.1019
9.3607
9.6602
9.9852
10.3293
10.6607
10.9767
11.2359
11.4338
11.5726
11.6686
11.7139
11.7166
11.7034
11.6989
11.6989
11.7028
11.7106
11.7259
11.7531
11.7999
11.8381
11.8680
11.8961
11.9388
11.9992
12.0635
12.1198
12.1479
12.1574
12.1389
12.1309
12.1457
12.1532
12.1565
12.1431
12.1331
12.1147
12.0822
12.0616
12.0724
12.1320
12.2200
12.3464
12.4962
12.6686
12.8577
13.0133
13.0738
12.9699
12.7476
12.4936
12.3326
12.2554
12.2604
12.2492
12.2130
12.1336
12.0580
11.9803
11.9094
11.8522
11.7851
11.7239
11.6596
11.5909
11.5388
11.5295
11.5349
11.5313
