7.9043
7.6386
7.4284
7.2402
7.1072
7.0477
7.0647
7.1540
7.3068
7.4546
7.5824
7.6320
7.5953
7.5119
7.3959
7.2906
7.2030
7.1999
7.2457
7.2998
7.3307
7.3307
7.2922
7.2455
7.1899
7.1364
7.0975
7.0865
7.0995
7.1447
7.1762
7.1930
7.1801
7.1551
7.1313
7.0976
7.0642
6.9754
6.8304
6.6526
6.4821
6.3049
6.1702
6.0743
5.9956
5.9284
5.8259
5.6561
5.4276
5.1781
4.9313
4.7084
4.4796
4.2750
4.0869
3.8835
3.6697
3.4194
3.1889
2.9799
2.8004
2.6531
2.5464
2.4766
2.4311
2.3852
2.3226
2.2203
2.0669
1.8558
1.5998
1.3293
1.0548
0.7929
0.5449
0.3352
0.1500
-0.0199
-0.1743
-0.3300
-0.4819
-0.6504
-0.8156
-1.0051
-1.2052
-1.4288
-1.6864
-1.9865
-2.3118
-2.6502
-2.9459
-3.2161
-3.4608
-3.6993
-3.9160
-4.1311
-4.3620
-4.6187
-4.9119
-5.2288
-5.5708
-5.9233
-6.2370
-6.5177
-6.7872
-7.0167
-7.2389
-7.4483
-7.6794
-7.9264
-8.2095
-8.4963
-8.7825
-9.0181
-9.2210
-9.4025
-9.5596
-9.6949
-9.8483
-10.0287
-10.2406
-10.4437
-10.6626
-10.8873
-11.1168
-11.3039
-11.4759
-11.6414
-11.7986
-11.9687
-12.1547
-12.3451
-12.5428
-12.7630
-12.9984
-13.2726
-13.5598
-13.8462
-14.1204
-14.3347
-14.5089
-14.6660
-14.7923
-14.8916
-14.9968
-15.0661
-15.1273
-15.1690
-15.2307
-15.2970
-15.3960
-15.5356
-15.6975
-15.8699
-16.0295
-16.1883
-16.3333
-16.4388
-16.5212
-16.5813
-16.6094
-16.6304
-16.6121
-16.5669
-16.4826
-16.3895
-16.3251
-16.2900
-16.2674
-16.2611
-16.2670
-16.2980
-16.3458
-16.4047
-16.4125
-16.3653
-16.2786
-16.1579
-16.0185
-15.9261
-15.8570
-15.7939
-15.7026
-15.5800
-15.4455
-15.3412
-15.2437
-15.1546
-15.0280
-14.7961
-14.5075
-14.1948
-13.9142
-13.7077
-13.5503
-13.4502
-13.3589
-13.2227
-13.0437
-12.8440
-12.6357
-12.4100
-12.1647
-11.8681
-11.4929
-11.0197
-10.4959
-9.9675
-9.4822
-9.1102
-8.7950
-8.5461
-8.3720
-8.2433
-8.1180
-7.9875
-7.8363
-7.6555
-7.4714
-7.2629
-7.0353
-6.8079
-6.5619
-6.3282
-6.1586
-6.0513
-5.9699
-5.8939
-5.7989
-5.6642
-5.4778
-5.2571
-5.0296
-4.8123
-4.6053
-4.3883
-4.1814
-3.9418
-3.6919
-3.4421
-3.2204
-3.0032
-2.7712
-2.5242
-2.2629
-1.9837
-1.6986
-1.4146
-1.1633
-0.9456
-0.7958
-0.6560
-0.5274
-0.3720
-0.1962
0.0245
0.2563
0.4957
0.7660
1.0718
1.3801
1.6945
1.9857
2.2731
2.5165
2.7580
2.9473
3.0870
3.2119
3.2901
3.3803
3.5073
3.6738
3.8824
4.1041
4.3533
4.6197
4.8548
5.0797
5.2996
5.5051
5.6919
5.8525
5.9981
6.1181
6.2276
6.3165
6.3762
6.4294
6.5016
6.6091
6.7516
6.9071
7.0672
7.2249
7.3705
7.4884
7.5719
7.6249
7.6584
7.6828
7.7174
7.7588
7.7787
7.7615
7.7339
7.6923
7.6787
7.7181
7.7664
7.8211
7.8391
7.8386
7.8070
7.7486
7.6473
7.5287
7.4371
7.3623
7.3387
7.3352
7.3336
7.3139
7.2959
7.3453
7.4450
7.5758
7.6954
7.7567
7.6994
7.5041
7.1948
6.8003
