3.8837
3.7949
3.6200
3.3558
3.0540
2.7276
2.4534
2.2558
2.1989
2.2401
2.3700
2.5351
2.6924
2.8129
2.8978
2.9577
3.0037
3.0585
3.0839
3.0878
3.0596
2.9885
2.8997
2.7971
2.6826
2.6420
2.6306
2.6875
2.7445
2.7322
2.6846
2.6305
2.6001
2.6114
2.6393
2.6385
2.6125
2.5752
2.5437
2.5246
2.5105
2.5003
2.5054
2.5030
2.4663
2.3878
2.2926
2.1958
2.0762
1.9577
1.8317
1.7109
1.5926
1.4985
1.4144
1.3276
1.2391
1.1466
1.0720
0.9936
0.9407
0.9031
0.8820
0.8543
0.8278
0.7795
0.7031
0.5816
0.4141
0.1827
-0.1016
-0.3807
-0.6771
-0.9725
-1.2228
-1.4497
-1.6360
-1.7674
-1.8666
-1.9590
-2.0581
-2.1769
-2.3181
-2.4842
-2.6361
-2.8046
-2.9641
-3.1200
-3.2600
-3.4148
-3.5840
-3.7605
-3.9537
-4.1354
-4.2897
-4.4170
-4.5258
-4.6399
-4.7671
-4.9326
-5.1488
-5.3905
-5.6516
-5.9217
-6.2094
-6.4950
-6.7642
-6.9845
-7.1633
-7.2897
-7.3892
-7.4525
-7.5100
-7.5763
-7.6699
-7.7633
-7.8712
-7.9989
-8.1482
-8.3422
-8.5706
-8.8171
-9.0495
-9.2452
-9.3971
-9.5258
-9.6504
-9.7482
-9.8259
-9.9015
-9.9819
-10.0608
-10.1472
-10.2530
-10.4128
-10.6072
-10.8200
-11.0261
-11.1993
-11.3575
-11.4811
-11.5852
-11.6510
-11.7040
-11.7407
-11.7671
-11.7676
-11.7277
-11.6286
-11.5050
-11.3466
-11.1984
-11.0515
-10.9178
-10.8101
-10.7237
-10.6531
-10.6099
-10.5721
-10.5412
-10.5028
-10.4486
-10.3665
-10.2667
-10.1902
-10.1302
-10.0872
-10.0600
-10.0279
-9.9646
-9.8604
-9.7073
-9.5419
-9.3679
-9.2184
-9.0955
-8.9800
-8.8136
-8.5800
-8.2990
-7.9726
-7.6357
-7.3151
-7.0314
-6.7920
-6.5845
-6.4070
-6.2543
-6.1281
-6.0371
-5.9705
-5.8917
-5.8181
-5.7077
-5.5747
-5.3804
-5.1598
-4.9358
-4.7274
-4.5349
-4.3321
-4.1327
-3.9385
-3.7515
-3.5717
-3.3972
-3.2059
-3.0315
-2.8559
-2.6976
-2.5322
-2.3683
-2.1842
-1.9639
-1.6958
-1.3849
-1.0546
-0.6885
-0.3050
0.0466
0.3555
0.5892
0.7528
0.8659
0.9472
1.0051
1.0555
1.1072
1.1724
1.2536
1.3321
1.4093
1.5165
1.6647
1.8231
2.0118
2.2019
2.3418
2.4580
2.5505
2.6600
2.7648
2.8700
2.9299
2.9536
2.9470
2.9271
2.9084
2.9060
2.9097
2.9247
2.9172
2.8684
2.8159
2.7596
2.7370
2.7370
2.7194
2.6667
2.6014
2.5412
2.4932
2.4590
2.4396
2.4442
2.4542
2.4656
2.4533
2.4234
2.3973
2.4296
2.5529
2.7369
11.3369
