-4.704958
-4.738670
-4.772382
-4.806094
-4.839805
-4.873516
-4.907227
-4.940937
-4.974646
-5.008354
-5.042062
-5.075769
-5.109474
-5.143178
-5.176882
-5.210583
-5.244284
-5.277982
-5.311679
-5.345375
-5.379068
-5.412760
-5.446449
-5.480137
-5.513822
-5.547504
-5.581185
-5.614862
-5.648538
-5.682210
-5.715880
-5.749546
-5.783210
-5.816871
-5.850528
-5.884182
-5.917833
-5.951480
-5.985123
-6.018763
-6.052399
-6.086031
-6.119659
-6.153283
-6.186903
-6.220519
-6.254130
-6.287737
-6.321339
-6.354936
-6.388529
-6.422117
-6.455700
-6.489277
-6.522850
-6.556417
-6.589980
-6.623536
-6.657087
-6.690633
-6.724172
-6.757706
-6.791234
-6.824756
-6.858272
-6.891781
-6.925284
-6.958781
-6.992271
-7.025755
-7.059232
-7.092702
-7.126166
-7.159622
-7.193071
-7.226513
-7.259948
-7.293375
-7.326795
-7.360207
-7.393612
-7.427008
-7.460397
-7.493778
-7.527151
-7.560516
-7.593872
-7.627221
-7.660560
-7.693891
-7.727214
-7.760528
-7.793833
-7.827129
-7.860416
-7.893694
-7.926962
-7.960222
-7.993472
-8.026712
-8.059943
-8.093164
-8.126376
-8.159577
-8.192769
-8.225950
-8.259121
-8.292282
-8.325433
-8.358573
-8.391703
-8.424821
-8.457930
-8.491027
-8.524113
-8.557189
-8.590253
-8.623306
-8.656348
-8.689378
-8.722397
-8.755404
-8.788399
-8.821383
-8.854354
-8.887314
-8.920262
-8.953197
-8.986120
-9.019031
-9.051930
-9.084815
-9.117689
-9.150549
-9.183396
-9.216231
-9.249053
-9.281861
-9.314656
-9.347438
-9.380206
-9.412961
-9.445703
-9.478430
-9.511144
-9.543844
-9.576530
-9.609202
-9.641860
-9.674503
-9.707132
-9.739747
-9.772347
-9.804932
-9.837503
-9.870059
-9.902600
-9.935126
-9.967636
-10.000132
-10.032612
-10.065077
-10.097526
-10.129960
-10.162378
-10.194781
-10.227167
-10.259538
-10.291892
-10.324230
-10.356553
-10.388858
-10.421148
-10.453420
-10.485677
-10.517916
-10.550139
-10.582345
-10.614533
-10.646705
-10.678860
-10.710997
-10.743117
-10.775219
-10.807304
-10.839372
-10.871421
-10.903453
-10.935467
-10.967463
-10.999440
-11.031400
-11.063341
-11.095264
-11.127169
-11.159054
-11.190922
-11.222770
-11.254600
-11.286410
-11.318202
-11.349975
-11.381728
-11.413462
-11.445177
-11.476872
-11.508548
-11.540204
-11.571840
-11.603456
-11.635053
-11.666629
-11.698185
-11.729721
-11.761237
-11.792733
-11.824207
-11.855662
-11.887095
-11.918508
-11.949900
-11.981271
-12.012622
-12.043951
-12.075258
-12.106545
-12.137810
-12.169053
-12.200275
-12.231476
-12.262654
-12.293811
-12.324946
-12.356059
-12.387149
-12.418218
-12.449264
-12.480288
-12.511289
-12.542268
-12.573224
-12.604158
-12.635068
-12.665956
-12.696821
-12.727662
-12.758480
-12.789276
-12.820047
-12.850796
-12.881520
-12.912221
-12.942899
-12.973552
-13.004182
-13.034788
-13.065369
-13.095927
-13.126460
-13.156969
-13.187453
-13.217913
-13.248349
-13.278759
-13.309145
-13.339506
-13.369842
-13.400153
-13.430439
-13.460700
-13.490935
-13.521145
-13.551329
-13.581488
-13.611622
-13.641729
-13.671811
-13.701867
-13.731896
-13.761900
-13.791878
-13.821829
-13.851754
-13.881652
-13.911524
-13.941369
-13.971188
-14.000980
-14.030745
-14.060483
-14.090194
-14.119878
-14.149535
-14.179164
-14.208766
-14.238341
-14.267888
-14.297407
-14.326899
-14.356362
-14.385798
-14.415206
-14.444586
-14.473938
-14.503261
-14.532557
-14.561823
-14.591062
-14.620271
-14.649452
-14.678605
-14.707728
-14.736823
-14.765889
-14.794925
-14.823933
-14.852911
-14.881859
-14.910779
-14.939669
-14.968529
-14.997360
-15.026161
-15.054932
-15.083673
-15.112384
-15.141065
-15.169716
-15.198337
-15.226927
-15.255487
-15.284017
-15.312516
-15.340984
-15.369421
-15.397828
-15.426204
-15.454549
-15.482862
-15.511145
-15.539396
-15.567616
-15.595805
-15.623962
-15.652088
-15.680182
-15.708244
-15.736275
-15.764273
-15.792240
-15.820174
-15.848077
-15.875947
-15.903785
-15.931591
-15.959364
-15.987104
-16.014812
-16.042488
-16.070130
-16.097740
-16.125317
-16.152861
-16.180372
-16.207849
-16.235293
-16.262704
-16.290082
-16.317426
-16.344737
-16.372014
-16.399257
-16.426466
-16.453642
-16.480783
-16.507891
-16.534964
-16.562003
-16.589008
-16.615979
-16.642915
-16.669817
-16.696684
-16.723517
-16.750314
-16.777077
-16.803805
-16.830498
-16.857156
-16.883779
-16.910367
-16.936919
-16.963436
-16.989918
-17.016364
-17.042775
-17.069150
-17.095489
-17.121792
-17.148060
-17.174291
-17.200487
-17.226646
-17.252769
-17.278856
-17.304907
-17.330921
-17.356899
-17.382840
-17.408744
-17.434612
-17.460443
-17.486237
-17.511994
-17.537715
-17.563398
-17.589044
-17.614652
-17.640224
-17.665758
-17.691254
-17.716713
-17.742135
-17.767518
-17.792864
-17.818173
-17.843443
-17.868675
-17.893869
-17.919025
-17.944143
-17.969223
-17.994264
-18.019267
-18.044232
-18.069158
-18.094045
-18.118894
-18.143703
-18.168474
-18.193206
-18.217900
-18.242554
-18.267169
-18.291744
-18.316281
-18.340778
-18.365236
-18.389654
-18.414033
-18.438372
-18.462671
-18.486931
-18.511150
-18.535330
-18.559470
-18.583570
-18.607630
-18.631649
-18.655629
-18.679568
-18.703466
-18.727325
-18.751142
-18.774919
-18.798656
-18.822351
-18.846006
-18.869620
-18.893193
-18.916725
-18.940216
-18.963666
-18.987075
-19.010442
-19.033768
-19.057053
-19.080296
-19.103498
-19.126658
-19.149776
-19.172853
-19.195887
-19.218880
-19.241831
-19.264740
-19.287607
-19.310432
-19.333214
-19.355954
-19.378652
-19.401308
-19.423921
-19.446491
-19.469019
-19.491504
-19.513946
-19.536346
-19.558703
-19.581017
-19.603288
-19.625515
-19.647700
-19.669842
-19.691940
-19.713995
-19.736006
-19.757975
-19.779899
-19.801780
-19.823618
-19.845411
-19.867161
-19.888868
-19.910530
-19.932148
-19.953722
-19.975253
-19.996739
-20.018181
-20.039578
-20.060932
-20.082241
-20.103505
-20.124725
-20.145901
-20.167032
-20.188118
-20.209159
-20.230156
-20.251108
-20.272014
-20.292876
-20.313693
-20.334465
-20.355191
-20.375873
-20.396509
-20.417099
-20.437644
-20.458144
-20.478598
-20.499007
-20.519370
-20.539687
-20.559959
-20.580185
-20.600364
-20.620498
-20.640586
-20.660628
-20.680624
-20.700573
-20.720477
-20.740334
-20.760145
-20.779909
-20.799627
-20.819298
-20.838923
-20.858501
-20.878032
-20.897517
-20.916955
-20.936346
-20.955690
-20.974987
-20.994238
-21.013441
-21.032597
-21.051706
-21.070767
-21.089781
-21.108748
-21.127668
-21.146540
-21.165364
-21.184141
-21.202870
-21.221552
-21.240186
-21.258772
-21.277310
-21.295801
-21.314243
-21.332638
-21.350984
-21.369282
-21.387532
-21.405734
-21.423888
-21.441993
-21.460050
-21.478059
-21.496019
-21.513930
-21.531793
-21.549608
-21.567373
-21.585090
-21.602758
-21.620377
-21.637948
-21.655469
-21.672942
-21.690365
-21.707740
-21.725065
-21.742341
-21.759568
-21.776745
-21.793873
-21.810952
-21.827981
-21.844961
-21.861892
-21.878772
-21.895603
-21.912385
-21.929117
-21.945798
-21.962431
-21.979013
-21.995545
-22.012027
-22.028460
-22.044842
-22.061174
-22.077456
-22.093688
-22.109869
-22.126000
-22.142081
-22.158112
-22.174092
-22.190021
-22.205900
-22.221729
-22.237507
-22.253234
-22.268910
-22.284536
-22.300111
-22.315635
-22.331108
-22.346530
-22.361901
-22.377221
-22.392490
-22.407708
-22.422875
-22.437991
-22.453055
-22.468068
-22.483030
-22.497940
-22.512799
-22.527607
-22.542363
-22.557067
-22.571720
-22.586321
-22.600871
-22.615368
-22.629814
-22.644209
-22.658551
-22.672841
-22.687080
-22.701267
-22.715401
-22.729484
-22.743514
-22.757493
-22.771419
-22.785293
-22.799114
-22.812884
-22.826601
-22.840265
-22.853878
-22.867437
-22.880945
-22.894400
-22.907802
-22.921151
-22.934448
-22.947693
-22.960884
-22.974023
-22.987109
-23.000142
-23.013123
-23.026050
-23.038925
-23.051746
-23.064514
-23.077230
-23.089892
-23.102501
-23.115057
-23.127560
-23.140010
-23.152406
-23.164749
-23.177038
-23.189275
-23.201457
-23.213587
-23.225663
-23.237685
-23.249654
-23.261569
-23.273431
-23.285238
-23.296993
-23.308693
-23.320340
-23.331933
-23.343472
-23.354957
-23.366388
-23.377766
-23.389089
-23.400358
-23.411574
-23.422735
-23.433842
-23.444895
-23.455894
-23.466839
-23.477730
-23.488566
-23.499348
-23.510076
-23.520749
-23.531368
-23.541932
-23.552442
-23.562898
-23.573299
-23.583646
-23.593938
-23.604175
-23.614358
-23.624486
-23.634560
-23.644579
-23.654543
-23.664452
-23.674307
-23.684106
-23.693851
-23.703541
-23.713176
-23.722756
-23.732281
-23.741752
-23.751167
-23.760527
-23.769832
-23.779082
-23.788277
-23.797416
-23.806501
-23.815530
-23.824504
-23.833423
-23.842286
-23.851095
-23.859847
-23.868545
-23.877187
-23.885774
-23.894305
-23.902781
-23.911201
-23.919566
-23.927876
-23.936129
-23.944328
-23.952470
-23.960557
-23.968588
-23.976564
-23.984484
-23.992348
-24.000157
-24.007909
-24.015606
-24.023248
-24.030833
-24.038362
-24.045836
-24.053254
-24.060615
-24.067921
-24.075171
-24.082365
-24.089503
-24.096585
-24.103611
-24.110580
-24.117494
-24.124352
-24.131153
-24.137898
-24.144587
-24.151220
-24.157797
-24.164318
-24.170782
-24.177190
-24.183542
-24.189837
-24.196077
-24.202259
-24.208386
-24.214456
-24.220470
-24.226427
-24.232328
-24.238173
-24.243961
-24.249692
-24.255367
-24.260986
-24.266548
-24.272054
-24.277503
-24.282895
-24.288231
-24.293510
-24.298733
-24.303899
-24.309008
-24.314061
-24.319057
-24.323997
-24.328879
-24.333705
-24.338474
-24.343187
-24.347843
-24.352442
-24.356984
-24.361469
-24.365898
-24.370270
-24.374585
-24.378843
-24.383044
-24.387188
-24.391276
-24.395306
-24.399280
-24.403197
-24.407057
-24.410860
-24.414606
-24.418295
-24.421927
-24.425502
-24.429020
-24.432481
-24.435885
-24.439232
-24.442522
-24.445755
-24.448931
-24.452049
-24.455111
-24.458116
-24.461063
-24.463954
-24.466787
-24.469564
-24.472283
-24.474945
-24.477550
-24.480097
-24.482588
-24.485021
-24.487398
-24.489717
-24.491979
-24.494184
-24.496331
-24.498421
-24.500455
-24.502431
-24.504349
-24.506211
-24.508015
-24.509762
-24.511452
-24.513085
-24.514660
-24.516178
-24.517639
-24.519042
-24.520389
-24.521678
-24.522910
-24.524084
-24.525201
-24.526261
-24.527264
-24.528209
-24.529097
-24.529928
-24.530702
-24.531418
-24.532077
-24.532678
-24.533223
-24.533710
-24.534139
-24.534512
-24.534827
-24.535085
-24.535285
-24.535428
-24.535514
-24.535543
-24.535514
-24.535428
-24.535284
-24.535084
-24.534826
-24.534510
-24.534138
-24.533708
-24.533220
-24.532676
-24.532074
-24.531415
-24.530698
-24.529925
-24.529094
-24.528205
-24.527260
-24.526257
-24.525197
-24.524079
-24.522904
-24.521672
-24.520383
-24.519036
-24.517633
-24.516172
-24.514653
-24.513078
-24.511445
-24.509755
-24.508007
-24.506203
-24.504341
-24.502422
-24.500446
-24.498413
-24.496322
-24.494174
-24.491969
-24.489707
-24.487388
-24.485011
-24.482577
-24.480087
-24.477539
-24.474933
-24.472271
-24.469552
-24.466775
-24.463941
-24.461051
-24.458103
-24.455098
-24.452036
-24.448917
-24.445741
-24.442508
-24.439217
-24.435870
-24.432466
-24.429005
-24.425486
-24.421911
-24.418279
-24.414589
-24.410843
-24.407040
-24.403180
-24.399263
-24.395289
-24.391258
-24.387170
-24.383026
-24.378824
-24.374566
-24.370251
-24.365879
-24.361450
-24.356964
-24.352422
-24.347823
-24.343167
-24.338454
-24.333684
-24.328858
-24.323975
-24.319036
-24.314039
-24.308986
-24.303877
-24.298711
-24.293488
-24.288208
-24.282872
-24.277479
-24.272030
-24.266524
-24.260962
-24.255343
-24.249668
-24.243936
-24.238148
-24.232303
-24.226402
-24.220444
-24.214430
-24.208360
-24.202233
-24.196050
-24.189810
-24.183515
-24.177163
-24.170754
-24.164290
-24.157769
-24.151192
-24.144559
-24.137869
-24.131124
-24.124322
-24.117464
-24.110550
-24.103580
-24.096554
-24.089472
-24.082334
-24.075140
-24.067890
-24.060584
-24.053222
-24.045804
-24.038330
-24.030800
-24.023215
-24.015573
-24.007876
-24.000123
-23.992314
-23.984450
-23.976530
-23.968554
-23.960522
-23.952435
-23.944292
-23.936094
-23.927840
-23.919530
-23.911165
-23.902745
-23.894268
-23.885737
-23.877150
-23.868508
-23.859810
-23.851057
-23.842248
-23.833384
-23.824465
-23.815491
-23.806462
-23.797377
-23.788237
-23.779042
-23.769792
-23.760486
-23.751126
-23.741711
-23.732240
-23.722715
-23.713135
-23.703499
-23.693809
-23.684064
-23.674264
-23.664409
-23.654500
-23.644535
-23.634516
-23.624443
-23.614314
-23.604131
-23.593894
-23.583601
-23.573254
-23.562853
-23.552397
-23.541887
-23.531322
-23.520703
-23.510029
-23.499301
-23.488519
-23.477683
-23.466792
-23.455847
-23.444848
-23.433794
-23.422687
-23.411525
-23.400310
-23.389040
-23.377717
-23.366339
-23.354907
-23.343422
-23.331883
-23.320290
-23.308643
-23.296942
-23.285188
-23.273379
-23.261518
-23.249602
-23.237633
-23.225611
-23.213535
-23.201405
-23.189222
-23.176985
-23.164696
-23.152352
-23.139956
-23.127506
-23.115003
-23.102447
-23.089838
-23.077175
-23.064459
-23.051691
-23.038869
-23.025994
-23.013067
-23.000086
-22.987053
-22.973967
-22.960827
-22.947636
-22.934391
-22.921094
-22.907744
-22.894342
-22.880887
-22.867379
-22.853819
-22.840206
-22.826542
-22.812824
-22.799055
-22.785233
-22.771359
-22.757432
-22.743454
-22.729423
-22.715340
-22.701205
-22.687019
-22.672780
-22.658489
-22.644147
-22.629752
-22.615306
-22.600808
-22.586258
-22.571657
-22.557004
-22.542299
-22.527543
-22.512735
-22.497876
-22.482965
-22.468003
-22.452990
-22.437926
-22.422810
-22.407643
-22.392425
-22.377155
-22.361835
-22.346463
-22.331041
-22.315568
-22.300043
-22.284468
-22.268843
-22.253166
-22.237439
-22.221660
-22.205832
-22.189953
-22.174023
-22.158043
-22.142012
-22.125931
-22.109799
-22.093618
-22.077386
-22.061104
-22.044771
-22.028389
-22.011956
-21.995474
-21.978941
-21.962359
-21.945726
-21.929044
-21.912312
-21.895531
-21.878699
-21.861819
-21.844888
-21.827908
-21.810878
-21.793799
-21.776671
-21.759493
-21.742266
-21.724990
-21.707665
-21.690290
-21.672866
-21.655394
-21.637872
-21.620301
-21.602682
-21.585014
-21.567297
-21.549531
-21.531716
-21.513853
-21.495941
-21.477981
-21.459972
-21.441915
-21.423810
-21.405656
-21.387454
-21.369203
-21.350905
-21.332558
-21.314164
-21.295721
-21.277230
-21.258692
-21.240106
-21.221471
-21.202790
-21.184060
-21.165283
-21.146458
-21.127586
-21.108666
-21.089699
-21.070685
-21.051623
-21.032514
-21.013358
-20.994155
-20.974904
-20.955607
-20.936262
-20.916871
-20.897433
-20.877948
-20.858416
-20.838838
-20.819213
-20.799542
-20.779824
-20.760059
-20.740248
-20.720391
-20.700487
-20.680538
-20.660542
-20.640500
-20.620411
-20.600277
-20.580097
-20.559871
-20.539600
-20.519282
-20.498919
-20.478510
-20.458056
-20.437556
-20.417010
-20.396419
-20.375783
-20.355102
-20.334375
-20.313603
-20.292786
-20.271924
-20.251017
-20.230065
-20.209068
-20.188027
-20.166941
-20.145809
-20.124634
-20.103414
-20.082149
-20.060840
-20.039486
-20.018088
-19.996646
-19.975160
-19.953629
-19.932055
-19.910436
-19.888774
-19.867067
-19.845317
-19.823523
-19.801686
-19.779805
-19.757880
-19.735911
-19.713900
-19.691845
-19.669746
-19.647604
-19.625419
-19.603192
-19.580920
-19.558606
-19.536249
-19.513850
-19.491407
-19.468922
-19.446394
-19.423823
-19.401210
-19.378554
-19.355856
-19.333116
-19.310333
-19.287508
-19.264641
-19.241732
-19.218781
-19.195788
-19.172753
-19.149676
-19.126558
-19.103398
-19.080196
-19.056952
-19.033668
-19.010341
-18.986974
-18.963565
-18.940115
-18.916624
-18.893092
-18.869518
-18.845904
-18.822249
-18.798553
-18.774817
-18.751039
-18.727222
-18.703363
-18.679464
-18.655525
-18.631546
-18.607526
-18.583466
-18.559366
-18.535226
-18.511046
-18.486826
-18.462566
-18.438266
-18.413927
-18.389548
-18.365130
-18.340672
-18.316175
-18.291638
-18.267062
-18.242447
-18.217793
-18.193100
-18.168367
-18.143596
-18.118786
-18.093938
-18.069050
-18.044124
-18.019159
-17.994156
-17.969115
-17.944035
-17.918917
-17.893761
-17.868566
-17.843334
-17.818063
-17.792755
-17.767409
-17.742025
-17.716603
-17.691144
-17.665647
-17.640113
-17.614542
-17.588933
-17.563287
-17.537604
-17.511883
-17.486126
-17.460332
-17.434500
-17.408633
-17.382728
-17.356787
-17.330809
-17.304794
-17.278744
-17.252657
-17.226533
-17.200374
-17.174178
-17.147946
-17.121679
-17.095375
-17.069036
-17.042661
-17.016250
-16.989804
-16.963322
-16.936805
-16.910252
-16.883664
-16.857041
-16.830383
-16.803690
-16.776962
-16.750199
-16.723401
-16.696568
-16.669701
-16.642799
-16.615863
-16.588892
-16.561887
-16.534847
-16.507774
-16.480666
-16.453524
-16.426349
-16.399139
-16.371896
-16.344619
-16.317308
-16.289964
-16.262586
-16.235175
-16.207730
-16.180253
-16.152742
-16.125198
-16.097621
-16.070011
-16.042368
-16.014693
-15.986985
-15.959244
-15.931471
-15.903665
-15.875827
-15.847956
-15.820054
-15.792119
-15.764152
-15.736153
-15.708123
-15.680060
-15.651966
-15.623841
-15.595683
-15.567494
-15.539274
-15.511023
-15.482740
-15.454426
-15.426081
-15.397705
-15.369299
-15.340861
-15.312393
-15.283893
-15.255364
-15.226804
-15.198213
-15.169592
-15.140941
-15.112260
-15.083549
-15.054807
-15.026036
-14.997235
-14.968404
-14.939544
-14.910654
-14.881734
-14.852785
-14.823807
-14.794800
-14.765763
-14.736697
-14.707603
-14.678479
-14.649326
-14.620145
-14.590935
-14.561697
-14.532430
-14.503135
-14.473811
-14.444459
-14.415079
-14.385671
-14.356235
-14.326771
-14.297279
-14.267760
-14.238213
-14.208638
-14.179036
-14.149407
-14.119750
-14.090066
-14.060355
-14.030616
-14.000851
-13.971059
-13.941241
-13.911395
-13.881523
-13.851624
-13.821699
-13.791748
-13.761770
-13.731767
-13.701737
-13.671681
-13.641599
-13.611491
-13.581358
-13.551199
-13.521014
-13.490804
-13.460569
-13.430308
-13.400022
-13.369711
-13.339375
-13.309014
-13.278628
-13.248217
-13.217782
-13.187322
-13.156837
-13.126328
-13.095795
-13.065237
-13.034655
-13.004050
-12.973420
-12.942766
-12.912089
-12.881388
-12.850663
-12.819914
-12.789143
-12.758347
-12.727529
-12.696687
-12.665822
-12.634935
-12.604024
-12.573091
-12.542134
-12.511155
-12.480154
-12.449130
-12.418084
-12.387015
-12.355924
-12.324811
-12.293677
-12.262520
-12.231341
-12.200141
-12.168918
-12.137675
-12.106410
-12.075123
-12.043815
-12.012486
-11.981136
-11.949765
-11.918373
-11.886960
-11.855526
-11.824071
-11.792596
-11.761101
-11.729585
-11.698049
-11.666493
-11.634916
-11.603320
-11.571703
-11.540067
-11.508411
-11.476735
-11.445040
-11.413325
-11.381591
-11.349837
-11.318065
-11.286273
-11.254462
-11.222633
-11.190784
-11.158917
-11.127031
-11.095126
-11.063203
-11.031262
-10.999302
-10.967324
-10.935329
-10.903315
-10.871283
-10.839233
-10.807166
-10.775081
-10.742978
-10.710858
-10.678721
-10.646566
-10.614394
-10.582205
-10.550000
-10.517777
-10.485537
-10.453281
-10.421008
-10.388719
-10.356413
-10.324091
-10.291752
-10.259398
-10.227027
-10.194641
-10.162238
-10.129820
-10.097386
-10.064937
-10.032472
-9.999991
-9.967496
-9.934985
-9.902459
-9.869918
-9.837362
-9.804791
-9.772206
-9.739606
-9.706991
-9.674362
-9.641718
-9.609061
-9.576389
-9.543703
-9.511003
-9.478289
-9.445561
-9.412820
-9.380065
-9.347296
-9.314514
-9.281719
-9.248911
-9.216089
-9.183254
-9.150407
-9.117546
-9.084673
-9.051787
-9.018889
-8.985978
-8.953055
-8.920119
-8.887172
-8.854212
-8.821240
-8.788257
-8.755261
-8.722254
-8.689235
-8.656205
-8.623163
-8.590110
-8.557046
-8.523970
-8.490884
-8.457787
-8.424678
-8.391559
-8.358430
-8.325290
-8.292139
-8.258978
-8.225807
-8.192625
-8.159434
-8.126232
-8.093021
-8.059799
-8.026569
-7.993328
-7.960078
-7.926819
-7.893550
-7.860272
-7.826985
-7.793689
-7.760384
-7.727070
-7.693747
-7.660416
-7.627077
-7.593728
-7.560372
-7.527007
-7.493634
-7.460253
-7.426864
-7.393467
-7.360063
-7.326650
-7.293230
-7.259803
-7.226368
-7.192926
-7.159477
-7.126021
-7.092558
-7.059087
-7.025610
-6.992127
-6.958636
-6.925140
-6.891636
-6.858127
-6.824611
-6.791089
-6.757561
-6.724027
-6.690488
-6.656942
-6.623391
-6.589834
-6.556272
-6.522705
-6.489132
-6.455554
-6.421972
-6.388384
-6.354791
-6.321194
-6.287591
-6.253985
-6.220373
-6.186758
-6.153138
-6.119514
-6.085886
-6.052254
-6.018618
-5.984978
-5.951334
-5.917687
-5.884036
-5.850382
-5.816725
-5.783065
-5.749401
-5.715734
-5.682065
-5.648392
-5.614717
-5.581039
-5.547359
-5.513676
-5.479991
-5.446304
-5.412614
-5.378923
-5.345229
-5.311534
-5.277837
-5.244138
-5.210438
-5.176736
-5.143033
-5.109328
-5.075623
-5.041916
-5.008209
-4.974500
-4.940791
-4.907081
-4.873370
-4.839659
-4.805948
-4.772236
-4.738525
-4.704813
-4.671101
-4.637389
-4.603677
-4.569966
-4.536255
-4.502544
-4.468834
-4.435125
-4.401416
-4.367709
-4.334002
-4.300297
-4.266592
-4.232889
-4.199188
-4.165487
-4.131789
-4.098091
-4.064396
-4.030703
-3.997011
-3.963322
-3.929634
-3.895949
-3.862267
-3.828586
-3.794908
-3.761233
-3.727561
-3.693891
-3.660225
-3.626561
-3.592900
-3.559243
-3.525589
-3.491939
-3.458291
-3.424648
-3.391008
-3.357372
-3.323740
-3.290112
-3.256488
-3.222868
-3.189253
-3.155641
-3.122035
-3.088433
-3.054835
-3.021242
-2.987655
-2.954072
-2.920494
-2.886921
-2.853354
-2.819792
-2.786235
-2.752684
-2.719139
-2.685599
-2.652065
-2.618538
-2.585016
-2.551500
-2.517991
-2.484487
-2.450991
-2.417500
-2.384017
-2.350540
-2.317070
-2.283606
-2.250150
-2.216701
-2.183259
-2.149824
-2.116397
-2.082977
-2.049565
-2.016161
-1.982764
-1.949375
-1.915994
-1.882621
-1.849256
-1.815900
-1.782552
-1.749212
-1.715881
-1.682558
-1.649245
-1.615940
-1.582644
-1.549357
-1.516079
-1.482810
-1.449551
-1.416301
-1.383061
-1.349830
-1.316609
-1.283397
-1.250196
-1.217004
-1.183823
-1.150652
-1.117491
-1.084340
-1.051200
-1.018071
-0.984952
-0.951844
-0.918746
-0.885660
-0.852585
-0.819521
-0.786468
-0.753426
-0.720396
-0.687377
-0.654370
-0.621375
-0.588391
-0.555420
-0.522460
-0.489512
-0.456577
-0.423654
-0.390743
-0.357845
-0.324959
-0.292086
-0.259226
-0.226378
-0.193544
-0.160722
-0.127914
-0.095119
-0.062337
-0.029568
0.003186
0.035928
0.068655
0.101369
0.134069
0.166755
0.199427
0.232084
0.264728
0.297357
0.329971
0.362571
0.395156
0.427727
0.460283
0.492824
0.525350
0.557860
0.590356
0.622836
0.655301
0.687750
0.720184
0.752602
0.785004
0.817391
0.849761
0.882115
0.914454
0.946776
0.979081
1.011371
1.043643
1.075900
1.108139
1.140362
1.172567
1.204756
1.236928
1.269082
1.301219
1.333339
1.365442
1.397527
1.429594
1.461643
1.493675
1.525689
1.557684
1.589662
1.621622
1.653563
1.685486
1.717390
1.749276
1.781143
1.812991
1.844821
1.876631
1.908423
1.940195
1.971949
2.003683
2.035397
2.067092
2.098768
2.130424
2.162060
2.193676
2.225273
2.256849
2.288405
2.319941
2.351457
2.382952
2.414427
2.445881
2.477315
2.508728
2.540120
2.571491
2.602841
2.634169
2.665477
2.696763
2.728028
2.759272
2.790494
2.821694
2.852873
2.884029
2.915164
2.946277
2.977367
3.008436
3.039482
3.070506
3.101507
3.132485
3.163442
3.194375
3.225285
3.256173
3.287037
3.317879
3.348697
3.379492
3.410264
3.441012
3.471737
3.502438
3.533115
3.563768
3.594398
3.625003
3.655585
3.686142
3.716675
3.747184
3.777669
3.808128
3.838564
3.868974
3.899360
3.929721
3.960057
3.990368
4.020653
4.050914
4.081149
4.111359
4.141543
4.171702
4.201835
4.231943
4.262024
4.292080
4.322110
4.352113
4.382091
4.412042
4.441966
4.471865
4.501737
4.531582
4.561400
4.591192
4.620957
4.650695
4.680406
4.710090
4.739746
4.769376
4.798977
4.828552
4.858099
4.887618
4.917109
4.946573
4.976009
5.005417
5.034797
5.064148
5.093472
5.122767
5.152033
5.181271
5.210481
5.239662
5.268814
5.297938
5.327032
5.356098
5.385134
5.414141
5.443119
5.472068
5.500987
5.529877
5.558737
5.587568
5.616369
5.645140
5.673881
5.702592
5.731273
5.759923
5.788544
5.817134
5.845694
5.874223
5.902722
5.931190
5.959628
5.988034
6.016410
6.044755
6.073068
6.101351
6.129602
6.157822
6.186010
6.214167
6.242293
6.270387
6.298449
6.326479
6.354478
6.382444
6.410379
6.438281
6.466151
6.493989
6.521794
6.549567
6.577308
6.605016
6.632691
6.660333
6.687943
6.715520
6.743063
6.770574
6.798051
6.825495
6.852906
6.880284
6.907628
6.934938
6.962215
6.989458
7.016667
7.043843
7.070984
7.098091
7.125165
7.152204
7.179209
7.206179
7.233115
7.260017
7.286884
7.313716
7.340513
7.367276
7.394004
7.420697
7.447355
7.473978
7.500565
7.527118
7.553634
7.580116
7.606562
7.632972
7.659347
7.685686
7.711989
7.738257
7.764488
7.790683
7.816843
7.842966
7.869052
7.895103
7.921117
7.947094
7.973035
7.998940
8.024807
8.050638
8.076432
8.102189
8.127909
8.153592
8.179238
8.204846
8.230418
8.255952
8.281448
8.306907
8.332328
8.357712
8.383057
8.408365
8.433635
8.458868
8.484062
8.509218
8.534335
8.559415
8.584456
8.609459
8.634423
8.659349
8.684236
8.709084
8.733894
8.758665
8.783397
8.808090
8.832744
8.857358
8.881934
8.906470
8.930967
8.955425
8.979843
9.004221
9.028560
9.052859
9.077119
9.101338
9.125518
9.149658
9.173758
9.197817
9.221837
9.245816
9.269755
9.293653
9.317511
9.341329
9.365106
9.388842
9.412537
9.436192
9.459806
9.483379
9.506911
9.530401
9.553851
9.577260
9.600627
9.623953
9.647237
9.670480
9.693681
9.716841
9.739959
9.763036
9.786070
9.809063
9.832014
9.854922
9.877789
9.900614
9.923396
9.946136
9.968834
9.991489
10.014102
10.036672
10.059200
10.081685
10.104127
10.126526
10.148883
10.171197
10.193467
10.215695
10.237879
10.260021
10.282119
10.304174
10.326185
10.348153
10.370077
10.391958
10.413795
10.435589
10.457339
10.479045
10.500707
10.522325
10.543899
10.565429
10.586915
10.608357
10.629754
10.651108
10.672416
10.693681
10.714901
10.736076
10.757206
10.778292
10.799334
10.820330
10.841282
10.862188
10.883050
10.903866
10.924638
10.945364
10.966045
10.986681
11.007272
11.027817
11.048316
11.068770
11.089179
11.109541
11.129859
11.150130
11.170355
11.190535
11.210669
11.230756
11.250798
11.270794
11.290743
11.310646
11.330503
11.350314
11.370078
11.389795
11.409466
11.429091
11.448669
11.468200
11.487685
11.507122
11.526513
11.545857
11.565154
11.584404
11.603607
11.622763
11.641872
11.660933
11.679947
11.698914
11.717833
11.736705
11.755529
11.774306
11.793035
11.811716
11.830350
11.848936
11.867474
11.885964
11.904406
11.922801
11.941147
11.959445
11.977695
11.995896
12.014050
12.032155
12.050212
12.068220
12.086180
12.104091
12.121954
12.139768
12.157533
12.175250
12.192918
12.210537
12.228107
12.245628
12.263101
12.280524
12.297898
12.315223
12.332499
12.349725
12.366903
12.384031
12.401109
12.418138
12.435118
12.452048
12.468929
12.485760
12.502541
12.519272
12.535954
12.552586
12.569168
12.585700
12.602182
12.618614
12.634996
12.651328
12.667610
12.683841
12.700023
12.716154
12.732234
12.748264
12.764244
12.780174
12.796052
12.811881
12.827658
12.843385
12.859061
12.874687
12.890261
12.905785
12.921258
12.936680
12.952051
12.967371
12.982640
12.997858
13.013024
13.028140
13.043204
13.058217
13.073178
13.088088
13.102947
13.117754
13.132510
13.147214
13.161867
13.176468
13.191017
13.205514
13.219960
13.234354
13.248696
13.262987
13.277225
13.291411
13.305546
13.319628
13.333658
13.347636
13.361562
13.375436
13.389257
13.403027
13.416743
13.430408
13.444020
13.457580
13.471087
13.484541
13.497943
13.511293
13.524589
13.537833
13.551025
13.564163
13.577249
13.590282
13.603262
13.616189
13.629064
13.641885
13.654653
13.667368
13.680030
13.692639
13.705195
13.717698
13.730147
13.742543
13.754886
13.767175
13.779411
13.791594
13.803723
13.815798
13.827820
13.839789
13.851704
13.863565
13.875373
13.887127
13.898827
13.910474
13.922066
13.933605
13.945090
13.956521
13.967898
13.979221
13.990491
14.001706
14.012867
14.023974
14.035027
14.046025
14.056970
14.067860
14.078696
14.089478
14.100205
14.110878
14.121497
14.132061
14.142571
14.153027
14.163428
14.173774
14.184066
14.194303
14.204486
14.214614
14.224687
14.234705
14.244669
14.254578
14.264433
14.274232
14.283977
14.293666
14.303301
14.312881
14.322406
14.331876
14.341291
14.350651
14.359955
14.369205
14.378400
14.387539
14.396623
14.405652
14.414626
14.423545
14.432408
14.441216
14.449969
14.458666
14.467308
14.475894
14.484425
14.492901
14.501321
14.509686
14.517995
14.526248
14.534446
14.542589
14.550675
14.558707
14.566682
14.574602
14.582466
14.590274
14.598026
14.605723
14.613364
14.620949
14.628478
14.635952
14.643369
14.650731
14.658036
14.665286
14.672479
14.679617
14.686699
14.693724
14.700694
14.707607
14.714465
14.721266
14.728011
14.734700
14.741333
14.747909
14.754429
14.760893
14.767301
14.773653
14.779948
14.786187
14.792370
14.798496
14.804566
14.810579
14.816536
14.822437
14.828281
14.834069
14.839801
14.845475
14.851094
14.856656
14.862161
14.867610
14.873002
14.878338
14.883617
14.888839
14.894005
14.899114
14.904166
14.909162
14.914101
14.918984
14.923809
14.928578
14.933291
14.937946
14.942545
14.947087
14.951572
14.956000
14.960372
14.964687
14.968944
14.973145
14.977290
14.981377
14.985407
14.989381
14.993297
14.997157
15.000959
15.004705
15.008394
15.012026
15.015600
15.019118
15.022579
15.025983
15.029330
15.032619
15.035852
15.039028
15.042146
15.045208
15.048212
15.051160
15.054050
15.056883
15.059659
15.062378
15.065040
15.067644
15.070192
15.072682
15.075115
15.077491
15.079810
15.082072
15.084276
15.086424
15.088514
15.090547
15.092523
15.094441
15.096302
15.098106
15.099853
15.101543
15.103175
15.104750
15.106268
15.107729
15.109132
15.110478
15.111767
15.112998
15.114173
15.115290
15.116349
15.117352
15.118297
15.119185
15.120015
15.120788
15.121504
15.122163
15.122764
15.123308
15.123795
15.124225
15.124597
15.124912
15.125169
15.125369
15.125512
15.125598
15.125626
15.125597
15.125511
15.125367
15.125166
15.124908
15.124592
15.124219
15.123789
15.123302
15.122757
15.122155
15.121495
15.120779
15.120005
15.119173
15.118285
15.117339
15.116336
15.115275
15.114158
15.112983
15.111750
15.110461
15.109114
15.107710
15.106249
15.104730
15.103154
15.101521
15.099831
15.098083
15.096279
15.094416
15.092497
15.090521
15.088487
15.086396
15.084248
15.082043
15.079781
15.077461
15.075084
15.072650
15.070159
15.067611
15.065005
15.062343
15.059623
15.056847
15.054013
15.051122
15.048174
15.045168
15.042106
15.038987
15.035810
15.032577
15.029287
15.025939
15.022535
15.019073
15.015554
15.011979
15.008346
15.004657
15.000910
14.997107
14.993247
14.989329
14.985355
14.981324
14.977236
14.973091
14.968890
14.964631
14.960316
14.955943
14.951514
14.947028
14.942486
14.937886
14.933230
14.928517
14.923747
14.918921
14.914038
14.909098
14.904101
14.899048
14.893938
14.888772
14.883548
14.878269
14.872932
14.867539
14.862090
14.856584
14.851021
14.845402
14.839727
14.833995
14.828206
14.822361
14.816460
14.810502
14.804487
14.798417
14.792290
14.786106
14.779867
14.773571
14.767219
14.760810
14.754345
14.747824
14.741247
14.734613
14.727924
14.721178
14.714376
14.707518
14.700604
14.693634
14.686607
14.679525
14.672387
14.665192
14.657942
14.650635
14.643273
14.635855
14.628381
14.620851
14.613265
14.605624
14.597926
14.590173
14.582364
14.574499
14.566579
14.558603
14.550571
14.542484
14.534340
14.526142
14.517888
14.509578
14.501212
14.492792
14.484315
14.475783
14.467196
14.458554
14.449856
14.441102
14.432294
14.423430
14.414510
14.405536
14.396506
14.387421
14.378281
14.369086
14.359835
14.350530
14.341169
14.331753
14.322283
14.312757
14.303177
14.293541
14.283851
14.274105
14.264305
14.254450
14.244540
14.234576
14.224557
14.214483
14.204354
14.194171
14.183933
14.173640
14.163293
14.152891
14.142435
14.131925
14.121360
14.110740
14.100067
14.089338
14.078556
14.067719
14.056828
14.045883
14.034884
14.023830
14.012722
14.001561
13.990345
13.979075
13.967751
13.956373
13.944941
13.933456
13.921916
13.910323
13.898676
13.886975
13.875220
13.863412
13.851550
13.839634
13.827665
13.815642
13.803566
13.791436
13.779253
13.767016
13.754726
13.742383
13.729986
13.717536
13.705033
13.692476
13.679866
13.667204
13.654488
13.641719
13.628897
13.616022
13.603094
13.590113
13.577080
13.563993
13.550854
13.537662
13.524417
13.511120
13.497770
13.484367
13.470912
13.457404
13.443844
13.430231
13.416566
13.402848
13.389079
13.375256
13.361382
13.347455
13.333477
13.319446
13.305363
13.291228
13.277041
13.262802
13.248511
13.234168
13.219773
13.205327
13.190829
13.176279
13.161677
13.147024
13.132319
13.117562
13.102755
13.087895
13.072984
13.058022
13.043009
13.027944
13.012828
12.997661
12.982442
12.967173
12.951852
12.936480
12.921058
12.905584
12.890060
12.874485
12.858858
12.843182
12.827454
12.811676
12.795847
12.779967
12.764037
12.748057
12.732026
12.715945
12.699813
12.683631
12.667399
12.651117
12.634784
12.618401
12.601969
12.585486
12.568953
12.552371
12.535738
12.519056
12.502324
12.485542
12.468710
12.451829
12.434898
12.417918
12.400888
12.383809
12.366680
12.349502
12.332275
12.314999
12.297673
12.280298
12.262875
12.245402
12.227880
12.210309
12.192689
12.175021
12.157303
12.139537
12.121723
12.103859
12.085947
12.067987
12.049978
12.031921
12.013815
11.995661
11.977458
11.959208
11.940909
11.922562
11.904168
11.885725
11.867234
11.848695
11.830109
11.811474
11.792792
11.774063
11.755285
11.736460
11.717588
11.698668
11.679701
11.660686
11.641624
11.622515
11.603359
11.584155
11.564904
11.545607
11.526262
11.506871
11.487432
11.467947
11.448415
11.428837
11.409212
11.389540
11.369822
11.350057
11.330246
11.310388
11.290485
11.270535
11.250539
11.230496
11.210408
11.190274
11.170094
11.149867
11.129595
11.109278
11.088914
11.068505
11.048051
11.027551
11.007005
10.986414
10.965778
10.945096
10.924369
10.903597
10.882780
10.861918
10.841010
10.820058
10.799061
10.778019
10.756933
10.735802
10.714626
10.693405
10.672140
10.650831
10.629477
10.608079
10.586637
10.565150
10.543620
10.522045
10.500426
10.478764
10.457057
10.435307
10.413513
10.391675
10.369793
10.347868
10.325900
10.303888
10.281833
10.259734
10.237592
10.215407
10.193179
10.170908
10.148593
10.126236
10.103836
10.081393
10.058908
10.036380
10.013809
9.991195
9.968540
9.945841
9.923101
9.900318
9.877493
9.854626
9.831716
9.808765
9.785772
9.762737
9.739660
9.716541
9.693381
9.670179
9.646935
9.623650
9.600324
9.576956
9.553547
9.530097
9.506606
9.483073
9.459500
9.435886
9.412230
9.388534
9.364798
9.341020
9.317202
9.293344
