-4.902141207
-4.99446521
-5.059326206
-5.099714458
-5.138153771
-5.164828853
-5.13532427
-5.138023857
-5.164921691
-5.161765372
-5.165467586
-5.140281289
-5.061092711
-4.948284715
-4.77983317
-4.537662677
-4.313150521
-4.138841936
-4.011521611
-3.920543935
-3.904182384
-3.922243755
-3.933468626
-3.926604602
-3.919094608
-3.933457802
-3.946822114
-3.951640206
-3.993801868
-4.035014614
-4.079890781
-4.077753462
-4.063173792
-4.094646171
-4.154814493
-4.225430648
-4.279643748
-4.316496244
-4.346672946
-4.381450764
-4.40386501
-4.437012339
-4.495763643
-4.562995258
-4.610270535
-4.613085899
-4.610045069
-4.605989896
-4.623863783
-4.63700943
-4.637666674
-4.65820224
-4.693873351
-4.714366049
-4.711790438
-4.710969124
-4.713837102
-4.704226744
-4.671843384
-4.688858271
-4.682510248
-4.660637385
-4.631295686
-4.614292473
-4.618972251
-4.630075255
-4.65154413
-4.693598442
-4.71394039
-4.727668225
-4.757262195
-4.773653867
-4.831808997
-4.91489197
-4.970732281
-5.02955811
-5.068080971
-5.078793197
-5.072565156
-5.032731763
-5.014445356
-4.987215978
-4.915557588
-4.830889397
-4.747336224
-4.661811908
-4.599656484
-4.569116586
-4.521853171
-4.459183456
-4.359580125
-4.308404168
-4.319257262
-4.339829066
-4.367719673
-4.415153065
-4.43604221
-4.435022288
-4.431962225
-4.42686113
-4.449732393
-4.478977966
-4.506926169
-4.529856516
-4.534512881
-4.543386339
-4.529568434
-4.523378657
-4.552715724
-4.607255469
-4.657191598
-4.720665583
-4.788572686
-4.81570636
-4.838305025
-4.874438827
-4.91505396
-4.937601734
-4.940170487
-4.958820683
-4.992899207
-5.013450616
-5.010456988
-4.971809418
-4.981415321
-5.001944752
-5.033386643
-5.059419874
-5.072129903
-5.072279878
-5.088266681
-5.125170278
-5.170998481
-5.196383322
-5.218745259
-5.252144725
-5.28710737
-5.304588889
-5.330854106
-5.361059687
-5.36749587
-5.373932402
-5.397706916
-5.421483408
-5.451701261
-5.462602076
-5.46706213
-5.46706213
-5.47994274
-5.497283871
-5.521067454
-5.566653043
-5.598875144
-5.637553139
-5.65689683
-5.682988818
-5.7178444
-5.724295656
-5.724295656
-5.724295656
-5.737199211
-5.767014313
-5.788530014
-5.797137285
-5.814355278
-5.885208748
-5.93316996
-5.992049569
-6.049709437
-6.092019938
-6.162775287
-6.283801925
-6.406025716
-6.471724812
-6.505829943
-6.524595574
-6.547785511
-6.60024564
-6.636142841
-6.649121421
-6.649121421
-6.661267017
-6.673412133
-6.706275606
-6.720493575
-6.748938429
-6.802386237
-6.866621233
-6.890526857
-6.891635296
-6.898263891
-6.904892419
-6.91593198
-6.926970694
-6.932489733
-6.934707627
-6.945745466
-6.957891718
-6.97225611
-7.000954443
-7.032978562
-7.045363095
-7.067458853
-7.113369095
-7.133132441
-7.14420375
-7.155274433
-7.191701727
-7.224832878
-7.265761081
-7.314307425
-7.396613574
-7.439502959
-7.46373826
-7.471381104
-7.472496064
-7.523714864
-7.589042355
-7.638159855
-7.71681582
-7.80861076
-7.861080766
-7.890758579
-7.917187684
-7.974146079
-8.073668083
-8.191850047
-8.250967778
-8.259819838
-8.274285749
-8.309689917
-8.33405045
-8.324329598
-8.334311808
-8.371813973
-8.399398371
-8.414968373
-8.460100536
-8.531524788
-8.615044414
-8.665719916
-8.667829855
-8.684161149
-8.694986468
-8.700483207
-8.706953571
-8.70907425
-8.672909455
-8.675131827
-8.735514002
-8.792926556
-8.853516577
-8.894250064
-8.935804725
-8.951146362
-8.939028204
-8.944603051
-8.974279516
-9.008277446
-9.047740044
-9.088105056
-9.133913484
-9.169013307
-9.224517964
-9.279133411
-9.323960153
-9.352401534
-9.371078129
-9.375381184
-9.375381184
-9.375381184
-9.373099814
-9.359957776
-9.362027444
-9.384993207
-9.419698328
-9.444642703
-9.480491667
-9.548972755
-9.632255303
-9.694853078
-9.737958324
-9.782152665
-9.821614658
-9.846766637
-9.860717076
-9.860717076
-9.854130565
-9.808036581
-9.763110854
-9.725928448
-9.700760361
-9.684471262
-9.69760397
-9.707289443
-9.709587153
-9.717301592
-9.730432377
-9.760958328
-9.810834729
-9.851355113
-9.869862501
-9.801275215
-9.649784018
-9.461597723
-9.274472535
-9.070542874
-8.854963296
-8.661714983
-8.546662673
-8.440124641
-8.319350829
-8.201837769
-8.079925075
-7.917223029
-7.708199331
-7.543815919
-7.393654062
-7.234572275
-7.02631507
-6.850951859
-6.721111067
-6.649416412
-6.576535231
-6.521330151
-6.484807381
-6.429594622
-6.368706733
-6.297797892
-6.226868634
-6.170542679
-6.117603885
-6.087816216
-6.075628618
-6.069133866
-6.027721521
-5.958828931
-5.914196654
-5.85940601
-5.79459019
-5.728851107
-5.710189931
-5.709118859
-5.711460244
-5.695289407
-5.694218644
-5.721105298
-5.755855123
-5.775621374
-5.80815595
-5.824189177
-5.805401943
-5.773850391
-5.761666904
-5.735208054
-5.706027222
-5.706297297
-5.727575181
-5.741965987
-5.750840646
-5.764149181
-5.768584438
-5.808481036
-5.88373956
-5.926775065
-5.931582255
-5.929567101
-5.930649225
-5.935066597
-5.960395449
-5.993233955
-6.021801871
-6.06526297
-6.114289846
-6.127309867
-6.128396936
-6.134979139
-6.140474124
-6.152550873
-6.193514532
-6.242171228
-6.280135648
-6.32065367
-6.348913079
-6.387901815
-6.398759311
-6.437490954
-6.482693536
-6.530252673
-6.591980908
-6.669955312
-6.719867519
-6.722077213
-6.757740263
-6.813448396
-6.867347481
-6.921489779
-7.002047349
-7.044358485
-7.048744967
-7.048744967
-7.059750105
-7.069637443
-7.08614199
-7.104879923
-7.123616362
-7.154377807
-7.192864426
-7.217090715
-7.228083617
-7.244445764
-7.279549037
-7.315873346
-7.34445738
-7.361933899
-7.361933899
-7.361933899
-7.363055984
-7.363055984
-7.371913893
-7.380771661
-7.388507411
-7.391872867
-7.391872867
-7.392994575
-7.426605101
-7.441849654
-7.44746522
-7.46295044
-7.470808522
-7.477541847
-7.480907757
-7.516817853
-7.559255829
-7.570047057
-7.577686027
-7.576685306
-7.598607613
-7.604231154
-7.614124709
-7.654378623
-7.694647739
-7.707698158
-7.703349573
-7.719788079
-7.738591341
-7.744230684
-7.763960331
-7.804297134
-7.82616652
-7.853551274
-7.861221501
-7.863483502
-7.871255185
-7.876909071
-7.881431147
-7.889202533
-7.89584344
-7.896973826
-7.902484244
-7.909124945
-7.927915812
-7.968647395
-8.05428843
-8.141138355
-8.231376015
-8.312611488
-8.349886987
-8.357585165
-8.357585165
-8.366302316
-8.366302316
-8.392539529
-8.438412354
-8.477802236
-8.521769141
-8.576651307
-8.618475054
-8.654802071
-8.685634969
-8.724005137
-8.755847871
-8.787696031
-8.798676485
-8.798676485
-8.799826627
-8.799826627
-8.80327673
-8.820896697
-8.836476211
-8.846565626
-8.850015005
-8.853463837
-8.859210672
-8.866104864
-8.880533165
-8.913729375
-8.95590908
-9.002623685
-9.051161195
-9.059148635
-9.073848997
-9.080728869
-9.086214208
-9.086214208
-9.086214208
-9.087360715
-9.089653541
-9.093092311
-9.096530518
-9.104275517
-9.112021274
-9.112021274
-9.115460033
-9.120044068
-9.126918302
-9.134935383
-9.144093985
-9.170625052
-9.187323328
-9.183024572
-9.19399897
-9.198341635
-9.20062987
-9.196307475
-9.211622811
-9.229223734
-9.243626401
-9.253500219
-9.311526834
-9.3688526
-9.401066169
-9.424120997
-9.428453252
-9.428453252
-9.428453252
-9.410888427
-9.401081442
-9.405654745
-9.410227016
-9.409320368
-9.392885483
-9.375308164
-9.345632694
-9.322575677
-9.295173892
-9.301782674
-9.304049606
-9.304049606
-9.30518557
-9.311797844
-9.312933754
-9.31520538
-9.316341095
-9.322953231
-9.329565189
-9.336176966
-9.348264216
-9.368097355
-9.403420559
-9.472710262
-9.555187276
-9.628970722
-9.680832243
-9.708291649
-9.745614129
-9.759945594
-9.768768057
-9.743285355
-9.741755544
-9.768125539
-9.78784903
-9.786707307
-9.806359367
-9.845879388
-9.875551619
-9.889652637
-9.881864019
-9.885179993
-9.865158511
-9.841688726
-9.849065095
-9.85955852
-9.888627614
-9.910086699
-9.942317569
-9.973293611
-9.986710036
-9.976037017
-10.00728901
-10.05471199
-10.08880267
-10.11672005
-10.12826942
-10.1032394
-10.08024986
-10.04601082
-9.996278826
-9.915166831
-9.825752971
-9.772785699
-9.741661753
-9.693028275
-9.626899967
-9.574021996
-9.527771153
-9.461727074
-9.408916011
-9.394624315
-9.393531954
-9.399831837
-9.399831837
-9.39764657
-9.389956535
-9.428624097
-9.505266718
-9.547892766
-9.500192029
-9.414535874
-9.317764859
-9.216511226
-9.089378399
-8.964654437
-8.85542355
-8.772362711
-8.688280843
-8.628371925
-8.589103952
-8.532462457
-8.497692049
-8.493270497
-8.497575532
-8.497575532
-8.472476582
-8.456033921
-8.426513673
-8.394648217
-8.342030432
-8.277394481
-8.212759074
-8.173084895
-8.161514562
-8.186735146
-8.208780136
-8.218798327
-8.239908016
-8.249137377
-8.248853339
-8.235518542
-8.222051081
-8.230064231
-8.223985192
-8.202916184
-8.204832303
-8.200244808
-8.192538348
-8.17297561
-8.146897363
-8.081724781
-7.979569346
-7.888454566
-7.812447505
-7.714952976
-7.618547409
-7.537205767
-7.440772805
-7.340250588
-7.247419958
-7.182702064
-7.144973502
-7.084656215
-7.052347834
-7.020047999
-7.017916497
-7.017916497
-7.01494344
-7.001333843
-6.930061745
-6.835494642
-6.744795777
-6.657359992
-6.593405525
-6.575584824
-6.594991308
-6.566177114
-6.56160383
-6.58517207
-6.675612324
-6.71378518
-6.693729031
-6.657989986
-6.666440245
-6.665760334
-6.587572202
-6.478710812
-6.38193424
-6.273513696
-6.149776528
-6.017925234
-5.916258168
-5.833254129
-5.752770388
-5.668561006
-5.600832139
-5.501367415
-5.395240217
-5.358947573
-5.368163645
-5.3259417
-5.25363424
-5.231416124
-5.267929454
-5.289424535
-5.315074865
-5.377013169
-5.470684177
-5.542605404
-5.617655177
-5.707350675
-5.771218183
-5.830930492
-5.915563664
-5.954494501
-5.963096766
-5.976298868
-5.997461274
-6.01416452
-6.036389715
-6.058603351
-6.048094348
-6.029105277
-6.056129269
-6.098213937
-6.143605338
-6.166101299
-6.203666685
-6.254458864
-6.299694765
-6.349294864
-6.38482939
-6.431841284
-6.467028681
-6.516465063
-6.582346915
-6.677781706
-6.786224075
-6.880309127
-6.930601224
-6.966583436
-6.978505159
-6.982861419
-6.995765478
-7.019636983
-7.058802699
-7.106486295
-7.169270983
-7.206094998
-7.223441009
-7.251562307
-7.314129601
-7.340015704
-7.383051236
-7.458494135
-7.525327168
-7.577010641
-7.598554276
-7.615809751
-7.647366466
-7.665985334
-7.690945458
-7.70500715
-7.736285859
-7.751356581
-7.784789297
-7.831269057
-7.859382414
-7.87685687
-7.919252085
-8.007076602
-8.078488437
-8.133750951
-8.212691376
-8.279721439
-8.346756369
-8.388838679
-8.41033788
-8.41033788
-8.423513398
-8.452976249
-8.508412714
-8.578939866
-8.664618352
-8.724044949
-8.779104288
-8.850346374
-8.921268787
-8.969380393
-9.031988078
-9.1234792
-9.229903361
-9.304312109
-9.345126242
-9.374980695
-9.38341003
-9.384589125
-9.389982409
-9.422336921
-9.46007258
-9.495949329
-9.536688547
-9.583448603
-9.616928208
-9.644368968
-9.668258846
-9.69096256
-9.705270991
-9.708819957
-9.714199484
-9.715382425
-9.717748125
-9.726676202
-9.733770954
-9.737317573
-9.733174118
-9.749843029
-9.765380591
-9.736991167
-9.750002676
-9.776744273
-9.806506844
-9.831593245
-9.88469893
-9.955087665
-10.02478973
-10.0797458
-10.1131561
-10.1304292
-10.11268972
-10.06818447
-10.06169951
-10.0773123
-10.11014411
-10.17557558
-10.23026947
-10.28910847
-10.3253569
-10.3503394
-10.37052988
-10.39605547
-10.3996163
-10.39660187
-10.41369556
-10.45929928
-10.49721765
-10.5108429
-10.5043182
-10.50132175
-10.48707363
-10.45145671
-10.44075812
-10.44425106
-10.44119002
-10.42092199
-10.41550787
-10.42849225
-10.41956572
-10.37205838
-10.30197054
-10.24072578
-10.20914758
-10.21314543
-10.23441115
-10.24088459
-10.22133599
-10.16963615
-10.09303917
-9.993859781
-9.883964418
-9.83373571
-9.873135557
-9.922806909
-9.94801599
-9.918648022
-9.875260498
-9.843816372
-9.817252824
-9.794799796
-9.774612755
-9.761975478
-9.765500209
-9.766689468
-9.794874275
-9.834892209
-9.880938168
-9.924972573
-9.947119274
-9.927389913
-9.89883108
-9.865186186
-9.826280736
-9.797499386
-9.785053191
-9.735471442
-9.722518877
-9.731932989
-9.717772161
-9.672455577
-9.629292776
-9.60888627
-9.559165537
-9.491261872
-9.456901048
-9.414972545
-9.369741985
-9.345005174
-9.327831118
-9.299940934
-9.263526075
-9.230166233
-9.185086499
-9.124811117
-9.038854218
-8.995785044
-8.97514874
-8.942602665
-8.884658344
-8.82671806
-8.75889849
-8.666549133
-8.577558416
-8.547506443
-8.545334616
-8.54309016
-8.537724715
-8.531295511
-8.480935681
-8.393274147
-8.33119993
-8.310789222
-8.302162602
-8.250799729
-8.169600862
-8.092749072
-8.027455666
-7.938631249
-7.834956962
-7.729313773
-7.665136106
-7.589208349
-7.496428832
-7.403704557
-7.301612406
-7.182574092
-7.089957102
-7.021576057
-6.939467032
-6.867109207
-6.806627212
-6.762126197
-6.755770263
-6.749414668
-6.730349915
-6.645632571
-6.516422026
-6.416932599
-6.340844949
-6.252137863
-6.154977889
-6.074788327
-6.030518985
-5.954667507
-5.844897987
-5.695068634
-5.562194058
-5.471705844
-5.396131375
-5.345775588
-5.322612733
-5.291156002
-5.260768024
-5.200419658
-5.140229624
-5.035393494
-4.92816766
-4.801227049
-4.732955332
-4.714159583
-4.701850919
-4.665631476
-4.635569434
-4.612587846
-4.549591424
-4.47172715
-4.392036588
-4.293615667
-4.185675304
-4.055620023
-3.895692075
-3.747906917
-3.639008463
-3.538848743
-3.481993713
-3.408838913
-3.304731825
-3.214832899
-3.139695001
-3.052180261
-2.930464098
-2.828168967
-2.73627734
-2.615432228
-2.454187024
-2.298306105
-2.131927815
-1.985866067
-1.852224226
-1.762802793
-1.655943164
-1.486822677
-1.321028816
-1.129813529
-0.935860801
-0.73140881
-0.560277619
-0.459512106
-0.392574947
-0.319785039
-0.231563406
-0.148653985
-0.037715857
0.074688658
0.167261683
0.221330717
0.274649082
0.358007597
0.469950457
0.59481936
0.7054972
0.785391711
0.863115509
0.952942369
1.045834272
1.166655413
1.304830773
1.442227037
1.565204548
1.685952974
1.782614991
1.845354166
1.928566854
2.02143692
2.140797827
2.247442292
2.317731931
2.388731687
2.440308134
2.478820105
2.536429493
2.612469925
2.697341864
2.765622282
2.83736766
2.882594837
2.926445508
2.96107148
3.023412935
3.109035414
3.224563879
3.334076622
3.423057325
3.479565915
3.526134626
3.56469358
3.603872005
3.669672521
3.759449627
3.858519446
3.956299347
4.080599652
4.1988973
4.292476313
4.325718888
4.348950108
4.398828691
4.482798123
4.564274025
4.621044878
4.647731471
4.658406951
4.663744871
4.672589038
4.722836286
4.799286295
4.863398264
4.916989953
5.013333265
5.150735237
5.23301141
5.283132162
5.305824462
5.344977529
5.358017418
5.344987963
5.289912224
5.196465646
5.096502129
5.019689884
4.949382921
4.911581328
4.877861801
4.825659724
4.753464478
4.669353232
4.552544515
4.425536559
4.357227527
4.323434655
4.272402329
4.231796988
4.192024858
4.140974317
4.077281757
4.037476893
3.98433893
3.914590227
3.871506918
3.821834418
3.74672744
3.666284037
3.61457394
3.565521705
3.472265941
3.364809556
3.284709983
3.250755478
3.253473336
3.236134547
3.190661028
3.151292506
3.143564835
3.122453284
3.100623694
3.071953179
3.061352454
3.047950615
3.030483343
3.04012174
3.057869391
3.053490473
3.036961111
3.006920386
3.025091965
3.066968365
3.099602052
3.120916058
3.173749919
3.241175233
3.264223085
3.225608641
3.179548266
3.161676791
3.190265579
3.230326674
3.261857648
3.310770334
3.347520329
3.356437344
3.320982353
3.290823804
3.245460395
3.188745923
3.128179171
3.089570445
3.043446008
3.002616089
2.952393595
2.882656994
2.803899776
2.725879044
2.641037278
2.573604057
2.509180265
2.447380552
2.409083922
2.378732881
2.372661573
2.361917554
2.332955944
2.294649298
2.243554649
2.18700956
2.112208882
2.008373745
1.893872562
1.782665637
1.673488047
1.568632504
1.500530606
1.445297583
1.406927465
1.396174819
1.396982435
1.397790087
1.391678443
1.391678443
1.374814344
1.364062506
1.321057679
1.247477529
1.184632837
1.140137655
1.074958692
1.007460752
0.927695676
0.856529303
0.806031989
0.736975319
0.670986427
0.617397824
0.525224814
0.394594739
0.242329742
0.097115987
-0.028957877
-0.185168025
-0.358518935
-0.493036944
-0.609431482
-0.678793678
-0.709802014
-0.732986552
-0.731193501
-0.736499885
-0.754213307
-0.772826836
-0.813736306
-0.851212647
-0.892867929
-0.9230159
-0.977285197
-1.051489482
-1.153492338
-1.243509241
-1.372920287
-1.501657997
-1.581070912
-1.641799401
-1.68211739
-1.733233174
-1.80139506
-1.891149817
-1.975280528
-2.045210074
-2.121421586
-2.228993225
-2.368000315
-2.528740326
-2.713003695
-2.914782074
-3.096829895
-3.253763458
-3.38822138
-3.474126275
-3.510264536
-3.52292324
-3.540079327
-3.557235945
-3.575404175
-3.621760673
-3.719836523
-3.83413148
-3.965865781
-4.121417266
-4.302192665
-4.407676994
-4.478592005
-4.531634393
-4.601213158
-4.636184647
-4.678224019
-4.708201454
-4.729878702
-4.755942641
-4.780082275
-4.796607526
-4.86245817
-4.976308613
-5.077893577
-5.188051443
-5.269807286
-5.329005375
-5.370245142
-5.386446842
-5.401721566
-5.402794459
-5.402794459
-5.426450648
-5.437291373
-5.437291373
-5.437291373
-5.437291373
-5.431957098
-5.431957098
-5.431957098
-5.423091271
-5.418657671
-5.425066469
-5.425066469
-5.425066469
-5.431475614
-5.431475614
-5.374791506
-5.321511457
-5.227580055
-5.100578175
-4.965334485
-4.848709307
-4.734179342
-4.614864381
-4.482715766
-4.360702174
-4.2590908
-4.165189674
-4.039085647
