-4,600787449
-4,731878682
-4,87195951
-5,022681362
-5,180521587
-5,337696937
-5,509877943
-5,679341826
-5,838788253
-5,976212906
-6,082055679
-6,185970819
-6,26083224
-6,308788204
-6,34570394
-6,36011288
-6,381727274
-6,393592574
-6,418619475
-6,451983424
-6,500819158
-6,573397857
-6,677854064
-6,822124352
-6,984911319
-7,168412395
-7,370776378
-7,605461412
-7,856884831
-8,110315432
-8,345953309
-8,568189439
-8,766775691
-8,927679334
-9,057817743
-9,145638262
-9,214688827
-9,250897316
-9,262146825
-9,267539789
-9,265096718
-9,274684192
-9,288714793
-9,322007293
-9,376917114
-9,457106842
-9,559972446
-9,708412038
-9,884968382
-10,10814638
-10,34605385
-10,58867466
-10,81853821
-11,04749335
-11,25089739
-11,42516174
-11,55963125
-11,63791945
-11,6586239
-11,66102605
-11,65987497
-11,66592986
-11,66278301
-11,67960204
-11,69370959
-11,73075606
-11,78782044
-11,80322271
-11,76325404
-11,68237454
-11,58829727
-11,48753062
-11,36060427
-11,20478639
-11,051883
-10,90235952
-10,75405862
-10,61716846
-10,49537488
-10,39750055
-10,31936432
-10,26303648
-10,20435414
-10,15379189
-10,1083241
-10,06365127
-10,03679858
-10,01592696
-10,00160833
-10,0176659
-10,0402775
-10,06230645
-10,06096625
-10,00785427
-9,909508301
-9,801398411
-9,677487066
-9,565107532
-9,47292754
-9,417023208
-9,411488156
-9,429041456
-9,464455768
-9,514877043
-9,563160209
-9,61536439
-9,692094734
-9,777699639
-9,857184046
-9,921782033
-9,995241862
-10,0731811
-10,17197294
-10,26177439
-10,34857914
-10,46145562
-10,60503188
-10,76452379
-10,96759094
-11,1700754
-11,37403934
-11,55810879
-11,70469111
-11,85016438
-11,94808455
-11,95768398
-11,88895184
-11,77794598
-11,62855964
-11,37686918
-11,00975209
-10,6355672
-10,35107649
-10,20065719
-10,17352779
-10,21181539
-10,228737
-10,2209141
-10,21242595
-10,21903317
-10,24218398
-10,25138439
-10,26350305
-10,31199023
-10,39082469
-10,48185331
-10,58510424
-10,71654931
-10,83972159
-10,94848474
-11,03148843
-11,11139368
-11,19530571
-11,33041144
-11,48610749
-11,69763134
-11,96712276
-12,29327568
-12,65058155
-13,03217729
-13,43407587
-13,85317206
-14,23850024
-14,53536519
-14,75291004
-14,88679469
-14,89886354
-14,81309576
-14,66790348
-14,50696197
-14,32928743
-14,11966313
-13,97631296
-13,92451211
-13,9563478
-14,04346559
-14,17080708
-14,36616514
-14,58348312
-14,83087502
-15,11858934
-15,42756053
-15,73524099
-16,0327115
-16,28043388
-16,48176711
-16,63204139
-16,72120642
-16,7507112
-16,7507112
-16,74412014
-16,74412014
-16,75474791
-16,75474791
-16,75828968
-16,76183105
-16,77953184
-16,79368517
-16,79168418
-16,77329755
-16,75379285
-16,76710206
-16,8123266
-16,87493169
-16,96685756
-17,09244868
-17,24315223
-17,39559641
-17,5295683
-17,65109149
-17,76491114
-17,87865006
-17,99608212
-18,12863133
-18,28840093
-18,45615448
-18,6287015
-18,75541743
-18,88312691
-18,97858384
-19,04372134
-19,07526493
-19,09344709
-19,10336151
-19,10831789
-19,07800712
-19,03492031
-18,97926615
-18,91248515
-18,82541685
-18,72349116
-18,63288148
-18,56830697
-18,52813243
-18,51084824
-18,49464952
-18,46355179
-18,41517508
-18,347709
-18,28378945
-18,22838328
-18,17382529
-18,12779907
-18,10556354
-18,13069478
-18,18298575
-18,25447846
-18,3504595
-18,43564091
-18,53248415
-18,62361304
-18,68866247
-18,73793382
-18,76495926
-18,7753081
-18,77051224
-18,75297534
-18,72427389
-18,67665763
-18,61336874
-18,52640607
-18,41112068
-18,28460184
-18,14378098
-18,00259803
-17,84760321
-17,67967941
-17,53301837
-17,37589144
-17,22012897
-17,08645271
-16,98282558
-16,91142637
-16,90129681
-16,91336053
-16,95747722
-17,01410189
-17,08105466
-17,11649715
-17,1455272
-17,15534851
-17,17474291
-17,20134955
-17,21732668
-17,21732668
-17,21732668
-17,21732668
-17,22372895
-17,23013088
-17,23994894
-17,23994894
-17,25019576
-17,27119797
-17,28890307
-17,30660533
-17,37874592
-17,46707756
-17,55858843
-17,64626092
-17,73304587
-17,8231427
-17,90301224
-17,96820347
-18,02549874
-18,0666657
-18,09847169
-18,11456486
-18,1272826
-18,13999883
-18,15608494
-18,19199994
-18,2458309
-18,31416993
-18,396971
-18,50086663
-18,63056258
-18,77441607
-18,94886189
-19,13589428
-19,32344925
-19,49404561
-19,63389612
-19,74473474
-19,82177661
-19,84812073
-19,84172189
-19,84172189
-19,83540776
-19,82909392
-19,81646707
-19,79752889
-19,78008954
-19,78158578
-19,78457803
-19,7967878
-19,81695894
-19,84359049
-19,87320227
-19,9154778
-19,96842448
-20,0213365
-20,07397928
-20,12831499
-20,17939933
-20,23697083
-20,30528108
-20,36353884
-20,42455054
-20,50398559
-20,5943196
-20,69531539
-20,79470088
-20,90009259
-20,99260855
-21,06954743
-21,13877594
-21,1814615
-21,20401292
-21,1829766
-21,13113291
-21,05608689
-20,97644104
-20,88409544
-20,75998627
-20,5897262
-20,36735192
-20,1181739
-19,8440313
-19,52793714
-19,17136546
-18,74635855
-18,30784287
-17,87052211
-17,45795857
-17,07156194
-16,74715617
-16,50252379
-16,37894052
-16,35423766
-16,35756103
-16,39176158
-16,39176158
-16,39176158
-16,39176158
-16,38689147
-16,37584527
-16,3586241
-16,33166331
-16,29983202
-16,23811322
-16,16075938
-16,04929401
-15,91326931
-15,75609777
-15,56559565
-15,35697893
-15,12697767
-14,90896071
-14,72175448
-14,5457063
-14,3893576
-14,25478614
-14,126406
-14,00420068
-13,89082218
-13,79037792
-13,69265633
-13,59687126
-13,50793257
-13,44059219
-13,3793206
-13,29468533
-13,21010833
-13,11612956
-12,9966877
-12,86327668
-12,7222484
-12,5812862
-12,44473023
-12,32283594
-12,20192605
-12,07857945
-11,93298013
-11,80794183
-11,70089311
-11,61626061
-11,53530736
-11,46416718
-11,40945521
-11,35126723
-11,27398892
-11,17420439
-11,04711769
-10,88574798
-10,69712708
-10,48835611
-10,28098735
-10,06544611
-9,841806928
-9,630159121
-9,424664703
-9,234939972
-9,051365775
-8,879783872
-8,693119331
-8,515860533
-8,339995426
-8,183185842
-8,047289993
-7,91370428
-7,802454754
-7,725381377
-7,67043079
-7,624676084
-7,593002783
-7,557707856
-7,51980138
-7,482324567
-7,436996776
-7,401391151
-7,36315871
-7,33552568
-7,294263918
-7,235751404
-7,167138583
-7,083174486
-6,996098788
-6,895322089
-6,775550956
-6,628477122
-6,48607398
-6,34318475
-6,192862637
-6,021188668
-5,835319399
-5,647631117
-5,452789504
-5,281062213
-5,123719208
-5,004500783
-4,900655652
-4,800764156
-4,70765133
-4,610906852
-4,536987055
-4,486742334
-4,464019006
-4,452659228
-4,446979811
-4,446979811
-4,424265285
-4,390202671
-4,327784684
-4,23706245
-4,108713241
-3,957896928
-3,796049474
-3,647589812
-3,514175532
-3,414594699
-3,324422737
-3,241747183
-3,172242342
-3,102742155
-3,018224055
-2,948734714
-2,88486619
-2,809906534
-2,733979308
-2,626887345
-2,502142603
-2,363372344
-2,182199143
-1,953442056
-1,705111593
-1,432567589
-1,142754437
-0,831905341
-0,526136338
-0,251985003
-0,015737004
0,181278005
0,358590998
0,521719269
0,687028768
0,843425444
0,98688527
1,143169796
1,315630894
1,500536612
1,677109506
1,835014234
2,002137927
2,1792362
2,355546297
2,529727518
2,685803061
2,820318581
2,911241615
2,976675127
3,033337084
3,093286687
3,15859116
3,208530713
3,259878916
3,317994789
3,401572822
3,487159486
3,615550753
3,768025696
3,953952607
4,144569081
4,363927132
4,547028177
4,717247312
4,91205468
5,106787656
5,334259056
5,590963819
5,88918465
6,198946967
6,515429786
6,819588139
7,097050493
7,335765965
7,520209552
7,63476859
7,707092404
7,743410012
7,746922914
7,749919932
7,728385038
7,714724965
7,710455956
7,720236751
7,73105604
7,741368781
7,750657462
7,75840323
7,76408643
7,76822123
7,770806182
7,769764364
7,773386088
7,777008823
7,780632568
7,784775225
7,789437283
7,797720072
7,792119706
7,801442404
7,81903254
7,827833008
7,836632708
7,85008163
7,855266997
7,860973248
7,867720075
7,879114045
7,901349661
7,919976608
7,938600437
7,960817632
7,976317286
7,986142571
7,989777643
7,992374697
7,993933158
8,000121984
8,006310237
8,021757196
8,041313612
8,066534656
8,092786965
8,129840485
8,172025023
8,232187528
8,290781481
8,34727661
8,409883043
8,473454739
8,534386102
8,600882482
8,653989732
8,687618813
8,705403422
8,725566617
8,74115577
8,743593479
8,73542086
8,73133509
8,736338476
8,736338476
8,737352748
8,738874277
8,740903208
8,743439734
8,747498995
8,752066905
8,757143893
8,762730402
8,781562301
8,808031679
8,839581661
8,875701984
8,920970826
8,968738792
9,029209432
9,091149306
9,153547155
9,220474309
9,291430413
9,385333555
9,475628702
9,556755467
9,606833642
9,646298801
9,676614472
9,705956123
9,735291757
9,764140788
9,79250584
9,826871443
9,859050686
9,896254609
9,94256246
10,01164848
10,08855231
10,19131289
10,32085087
10,46983636
10,61466746
10,74897709
10,84182871
10,88047652
10,88725352
10,86761886
10,84754959
10,84068743
10,84381797
10,84299518
10,84262476
10,84270771
10,8335595
10,82532535
10,81755947
10,8194848
10,82096736
10,81249742
10,79076446
10,77043059
10,76897996
10,77024466
10,77090233
10,7750125
10,77866666
10,77705094
10,78025089
10,78345133
10,78184294
10,76627015
10,76078239
10,74134209
10,7084205
10,67071543
10,62218785
10,57490619
10,52811792
10,47702051
10,42738631
10,37425154
10,32870717
10,28599831
10,23708504
10,17861096
10,12918488
10,10577702
10,09651972
10,08839999
10,08779889
10,06075585
10,00089454
9,904317057
9,760403096
9,555335651
9,313895803
9,039424515
8,766849653
8,496006086
8,236684384
8,004464302
7,778234712
7,566372847
7,358562021
7,175723702
7,015408366
6,873378632
6,788405289
6,741517203
6,70533018
6,666988684
6,627990778
6,58794353
6,54335525
6,504378598
6,454864715
6,399048765
6,336905186
6,275415638
6,200837094
6,113467673
6,02646716
5,88689699
5,687805543
5,427953657
5,120137258
4,77836131
4,42842127
4,065163267
3,71344355
3,384892889
3,078304703
2,806144535
2,546620682
2,318225279
2,121182463
1,983629992
1,890749987
1,827787513
1,775135869
1,715581453
1,673874453
1,628106642
1,594112408
1,564402561
1,551063961
1,546143323
1,553773501
1,565587608
1,583452367
1,601322088
1,620989982
1,640567383
1,65825944
1,666723782
1,673307906
1,681774163
1,694849829
1,714317099
1,751178872
1,795861157
1,839660392
1,899152628
1,979456404
2,043778786
2,079631298
2,078182245
2,029761932
1,945833306
1,830557126
1,691348509
1,536699446
1,36427136
1,195128988
1,030152187
0,879606574
0,733420676
0,584293044
0,469919155
0,379355324
0,28304587
0,2087502
0,176787662
0,173718942
0,181056364
0,188394376
0,197829826
0,201060975
0,207353947
0,212598415
0,211186783
0,192770874
0,180570661
0,187213361
0,232705426
0,313619941
0,417057345
0,518987849
0,626231238
0,734593082
0,843031742
0,944174937
1,035948243
1,11095647
1,175547946
1,225370818
1,264757693
1,294722626
1,324694365
1,362420737
1,409578753
1,461133098
1,518428824
1,565600697
1,580483072
1,569277997
1,525240373
1,466224209
1,389107186
1,285905852
1,145637155
0,979038812
0,772202585
0,530001417
0,219192537
-0,133312477
-0,530767787
-0,955547113
-1,369430581
-1,745881656
-2,049862933
-2,29113831
-2,457000419
-2,521559398
-2,52446454
-2,52446454
-2,523246121
-2,522027691
-2,520809248
-2,535613541
-2,578354233
-2,630584309
-2,71494215
-2,84710684
-3,006280192
-3,183579764
-3,382771241
-3,587291993
-3,815688558
-4,04335737
-4,25112092
-4,445302945
-4,640596908
-4,788943512
-4,916141363
-5,042168938
-5,146401911
-5,234263516
-5,327702821
-5,410223855
-5,492814084
-5,560630278
-5,595395681
-5,617449923
-5,638971075
-5,655518365
-5,677585737
-5,710696049
-5,76038234
-5,844635084
-5,944170909
-6,069555662
-6,210943365
-6,379015707
-6,566978008
-6,780426753
-7,003580271
-7,227852189
-7,474589512
-7,702972215
-7,912031022
-8,093267816
-8,242357271
-8,397743223
-8,527597103
-8,631296504
-8,693194945
-8,735391876
-8,753277349
-8,767505618
-8,793963247
-8,827558244
-8,870818655
-8,924778917
-8,973645785
-8,994516452
-9,003678932
-9,009786855
-9,01894814
-9,026581995
-9,032688717
-9,038795118
-9,050629879
-9,052156628
-9,061316697
-9,093784004
-9,140802722
-9,194628331
-9,23546616
-9,314782222
-9,440323499
-9,594847542
-9,735339646
-9,908788304
-10,10762291
-10,33025942
-10,56293966
-10,80283886
-11,06495353
-11,30431957
-11,53122182
-11,7600274
-11,95921528
-12,09890102
-12,18190591
-12,22014481
-12,24841246
-12,26643328
-12,27720987
-12,31730862
-12,37483893
-12,43785065
-12,51363367
-12,55850572
-12,60323705
-12,63722929
-12,67026607
-12,71085893
-12,75740077
-12,8006107
-12,82999495
-12,86859103
-12,91925371
-12,97756619
-13,03906999
-13,10698937
-13,16950285
-13,22840239
-13,28010984
-13,30688611
-13,30576302
-13,29212589
-13,28799061
-13,25661303
-13,21322337
-13,13966432
-13,03522177
-12,90834883
-12,78141008
-12,66513394
-12,59114824
-12,51494419
-12,42593381
-12,34684992
-12,2367942
-12,02630447
-11,63001208
-10,95906799
-9,98963671
-8,88616619
-7,863576421
-6,955639742
-6,062399215
-5,125045675
-4,186019903
-3,341053623
-2,713502003
-2,351533028
-2,237028527
-2,383277058
-2,713076418
-3,018444409
-3,211016544
-3,306901188
-3,326528499
-3,342060375
-3,396451835
-3,486224351
-3,583886545
-3,601313807
-3,56496125
-3,474667544
-3,380782028
-3,320215207
-3,288838525
-3,262983779
-3,233000949
-3,189253455
-3,15392367
-3,142955413
-3,14313946
-3,137876733
-3,121049775
-3,097408899
-3,157248731
-3,261434547
-3,370405651
-3,463268831
-3,56950582
-3,668308863
-3,731903321
-3,768943558
-3,810817868
-3,877673361
-3,960274844
-4,047003405
-4,12756406
-4,200189303
-4,252890421
-4,316645242
-4,398771196
-4,507556838
-4,65668163
-4,814672531
-4,989861787
-5,149935983
-5,296347882
-5,425840944
-5,526102886
-5,56590876
-5,572659662
-5,569226494
-5,563536027
-5,551060606
-5,543087181
-5,535118134
-5,565885673
-5,6219862
-5,680340381
-5,754927968
-5,807233956
-5,826780417
-5,816875404
-5,754899503
-5,669905299
-5,628750508
-5,662862257
-5,732146077
-5,826405425
-5,926351737
-6,003360172
-6,049697961
-6,060252993
-6,069316681
-6,091158962
-6,130447064
-6,167370423
-6,221311526
-6,286990272
-6,355983576
-6,418101174
-6,451745672
-6,450077763
-6,440732739
-6,396798005
-6,307005482
-6,143573021
-5,90904039
-5,634407409
-5,374209235
-5,127007881
-4,88501672
-4,649000018
-4,44471325
-4,297207437
-4,199044683
-4,230444584
-4,351078404
-4,519882932
-4,680384536
-4,810495546
-4,912485347
-4,971965416
-4,987132707
-4,979656898
-4,953068804
-4,923608887
-4,890101365
-4,850779833
-4,799641661
-4,76915519
-4,743225208
-4,753070679
-4,776007255
-4,811530803
-4,87547976
-4,912813755
-4,951326131
-4,988668244
-5,014865815
-5,057726485
-5,129159188
-5,223680678
-5,302756054
-5,362360571
-5,388603692
-5,416070515
-5,441156578
-5,466235747
-5,500109457
-5,557889232
-5,621672124
-5,699423389
-5,813647606
-5,96357757
-6,139405277
-6,333083626
-6,526328778
-6,702352768
-6,894795207
-7,078336825
-7,224044612
-7,334634785
-7,422175739
-7,504993046
-7,556074009
-7,583400412
-7,596300007
-7,622225644
-7,643224329
-7,656034055
-7,702764766
-7,797879623
-7,914049705
-8,071778792
-8,217732715
-8,341395752
-8,448160993
-8,520624869
-8,589622848
-8,637265659
-8,663466879
-8,667388174
-8,671309057
-8,675229528
-8,691388061
-8,719787809
-8,792263054
-8,890930487
-9,001474226
-9,128225015
-9,289941416
-9,457945302
-9,648258697
-9,837458328
-10,04359967
-10,27722494
-10,56006961
-10,8559277
-11,12560843
-11,33333979
-11,50666959
-11,6350618
-11,69905344
-11,70584853
-11,7142692
-11,7170843
-11,71849178
-11,7213066
-11,72732663
-11,74037564
-11,76246065
-11,79637254
-11,84451479
-11,90547902
-11,94840162
-12,00133217
-12,06566371
-12,1389807
-12,20186057
-12,25431535
-12,29873963
-12,33513517
-12,36350375
-12,38394789
-12,4134758
-12,421493
-12,42951008
-12,44024074
-12,47044614
-12,51514866
-12,58955847
-12,68102447
-12,7813922
-12,8986397
-13,02238424
-13,13711032
-13,23343005
-13,32827136
-13,41131853
-13,46339306
-13,48826613
-13,49625756
-13,50051394
-13,50618839
-13,51843423
-13,53236132
-13,56341997
-13,60270434
-13,65949413
-13,71910267
-13,78384449
-13,84856849
-13,91134163
-13,96723772
-14,01916019
-14,06079012
-14,08066273
-14,09157106
-14,11305224
-14,13331212
-14,16926679
-14,2117406
-14,26707474
-14,33474725
-14,40609986
-14,48394767
-14,55805219
-14,63299514
-14,69909179
-14,76602456
-14,83433268
-14,90260303
-14,97083531
-15,04214285
-15,11718981
-15,18376428
-15,27409818
-15,3835391
-15,48239289
-15,55869525
-15,61271279
-15,64365513
-15,65518161
-15,65518161
-15,65518161
-15,63600572
-15,6232233
-15,61824514
-15,62248256
-15,62895041
-15,64783125
-15,67450853
-15,70481644
-15,73147728
-15,75402431
-15,76787827
-15,80042158
-15,83521716
-15,88508581
-15,93861521
-15,98019384
-16,06091245
-16,14846617
-16,25436905
-16,41755422
-16,58400153
-16,73240081
-16,84580068
-16,92717724
-16,97303431
-16,97283078
-16,9173222
-16,81500227
-16,6935953
-16,54039132
-16,35549686
-16,1326798
-15,87847626
-15,64503222
-15,44361953
-15,28316354
-15,18966536
-15,16385094
-15,16469557
-15,17458979
-15,19353625
-15,19711452
-15,19711452
-15,19711452
-15,18448356
-15,18582707
-15,19074885
-15,20048813
-15,24158084
-15,31207168
-15,43101059
-15,57819865
-15,73528257
-15,88590397
-16,0263538
-16,14363622
-16,22193143
-16,27534987
-16,3026701
-16,30031357
-16,25737516
-16,17590095
-16,04465624
-15,8820164
-15,67052757
-15,4368327
-15,16417745
-14,90121224
-14,62506949
-14,3277302
-14,02372807
-13,73299541
-13,47619784
-13,25345861
-13,07180976
-12,94109378
-12,85963782
-12,83003472
-12,83124843
-12,83124843
-12,80659872
-12,77579341
-12,72773077
-12,67235701
-12,58502013
-12,46985072
-12,33988296
-12,21252045
-12,06176158
-11,87076062
-11,6556854
-11,43834177
-11,21995822
-10,99092245
-10,74635857
-10,48154918
-10,23276575
-10,01102555
-9,816045728
-9,649168625
-9,526910227
-9,438483931
-9,375521305
-9,332003136
-9,304228425
-9,264424455
-9,217219732
-9,166309849
-9,097362606
-8,996961596
-8,865119219
-8,699580543
-8,515837618
-8,311492731
-8,114702976
-7,908262053
-7,707866975
-7,513499677
-7,322975932
-7,110891253
-6,892966826
-6,690832836
-6,518036406
-6,390239996
-6,286833774
-6,189313824
-6,054784759
-5,883483172
-5,684874083
-5,518500485
-5,364034029
-5,192096634
-4,997007745
-4,827469264
-4,70474473
-4,617102334
-4,5732506
-4,546930424
-4,53220005
-4,505788792
-4,451117277
-4,359397467
-4,230726777
-4,063122583
-3,860776632
-3,646219434
-3,420444207
-3,156349683
-2,866252494
-2,588502161
-2,342946907
-2,124190637
-1,930343517
-1,779872406
-1,658601377
-1,544831554
-1,473386853
-1,428809622
-1,428809622
-1,425542254
-1,41590935
-1,404642366
-1,391741801
-1,387657859
-1,376390848
-1,365123537
-1,352222553
-1,311007706
-1,227621116
-1,108534849
-0,957861967
-0,753069426
-0,490864614
-0,201212342
0,104493981
0,397848796
0,699912337
1,020445161
1,310833921
1,577438992
1,813939493
2,000994852
2,151765935
2,226733301
2,26779277
2,324009822
2,378817003
2,435026687
2,491232157
2,554383239
2,616124703
2,686863992
2,756204263
2,810991127
2,84773846
2,871292811
2,918358675
2,987587559
3,044389897
3,099090923
3,153790926
3,192582189
3,21820031
3,248672375
3,284680214
3,326206786
3,390638843
3,484830872
3,601762544
3,751952087
3,931222961
4,12015914
4,358272507
4,628012871
4,949270183
5,307580949
5,684692566
6,057520824
6,414018401
6,749884644
7,077121577
7,358980397
7,582505609
7,733023454
7,793617736
7,797659491
7,791532967
7,770305579
7,724268056
7,65402534
7,585992463
7,520214991
7,451929721
7,375297653
7,303797103
7,251507765
7,195882835
7,092592845
6,984925102
6,875943121
6,798255771
6,74196445
6,687308161
6,651186953
6,607229616
6,559994239
6,5259662
6,502232928
6,492318624
6,452283785
6,376818243
6,292578259
6,209635897
6,127391984
6,037366236
5,947380826
5,862135355
5,793597396
5,703742188
5,619274528
5,539542097
5,465200426
5,380869615
5,30594892
5,235236888
5,170590423
5,100119142
5,003909762
4,91654533
4,841528358
4,751674861
4,657719452
4,56814918
4,503411587
4,411864907
4,290881607
4,147123701
3,981039617
3,805045094
3,639183324
3,492703345
3,374821642
3,282739
3,237362452
3,234430226
3,239941954
3,247030016
3,261088931
3,270542342
3,28970768
3,318318449
3,3604258
3,400939282
3,440386177
3,50709296
3,600287283
3,721025936
3,840500886
3,952100797
4,041505307
4,102049702
4,148788711
4,169442907
4,180386928
4,181139652
4,1872347
4,187508535
4,186539301
4,166739868
4,142387848
4,131022964
4,136437989
4,147956814
4,145821105
4,130071543
4,074945189
3,995696412
3,876430073
3,711861492
3,486311308
3,222106703
2,920652691
2,59420277
2,251243088
1,883404917
1,567236188
1,28546578
1,047770547
0,846892186
0,676514819
0,553565
0,46085704
0,388613945
0,304661439
0,224982819
0,180899864
0,148940059
0,112801444
0,089771365
0,086831654
0,085851795
0,084871957
0,07801371
0,060253352
0,047521328
0,035637841
-0,002293192
-0,075441099
-0,193104782
-0,357256974
-0,566463356
-0,80268
-1,062755234
-1,347042696
-1,631125444
-1,926820959
-2,253417751
-2,589877723
-2,926251388
-3,219241386
-3,481963986
-3,683825013
-3,827958929
-3,9035056
-3,941770861
-3,964843596
-3,98444636
-3,999431044
-4,005797445
-4,026626295
-4,043346501
-4,069817409
-4,099721947
-4,135350726
-4,169802289
-4,211142458
-4,259395357
-4,304211719
-4,356558512
-4,389365675
-4,424649629
-4,458374497
-4,480997758
-4,514729073
-4,54583207
-4,590343936
-4,645967657
-4,711552509
-4,777690476
-4,859111862
-4,951682643
-5,082477103
-5,249172132
-5,438037968
-5,665060209
-5,916529103
-6,181809802
-6,456229914
-6,691591613
-6,905816127
-7,111961189
-7,300322156
-7,442652816
-7,541281576
-7,593381984
-7,609398308
-7,607829867
-7,604141694
-7,606695472
-7,610525852
-7,612926687
-7,621860525
-7,624097932
-7,609964729
-7,576257341
-7,54336374
-7,456227584
-7,292205927
-7,070248379
-6,861016822
-6,698575487
-6,505615404
-6,177255449
-5,656646232
-4,963580605
-4,176952263
-3,370456909
-2,624378415
-1,909694532
-1,179580459
-0,487827225
0,102868004
0,520762006
0,783890608
0,914790493
0,87927304
0,626572086
0,166543448
-0,282385177
-0,703565853
-1,103389388
-1,454246959
-1,805847363
-2,122563753
-2,414682857
-2,651786972
-2,811808192
-2,910706293
-2,93137606
-2,94533561
-2,998276819
-3,087096072
-3,186624707
-3,255886902
-3,32099489
-3,397825271
-3,45478947
-3,469761831
-3,469761831
-3,464966768
-3,485466057
-3,49219325
-3,48235169
-3,465084023
-3,466812705
-3,506332768
-3,5670927
-3,62455571
-3,700566761
-3,802832372
-3,92637015
-4,057298986
-4,148172347
-4,205855366
-4,325922975
-4,50577448
-4,682437423
-4,79529051
-4,871734914
-4,925304338
-4,942064555
-4,894481763
-4,802068503
-4,702443878
-4,605027596
-4,48961992
-4,362632775
-4,262526325
-4,171410023
-4,089708749
-4,007342094
-3,925505369
-3,816419242
-3,669926809
-3,514869573
-3,355014858
-3,173178363
-2,962887697
-2,764134096
-2,636118344
-2,568343545
-2,532507249
-2,524192944
-2,541663444
-2,567090101
-2,579654861
-2,603415441
-2,608356932
-2,604538792
-2,59224023
-2,575873575
-2,557835415
-2,518625973
-2,483526498
-2,439233232
-2,394999479
-2,394689396
-2,411271624
-2,459763947
-2,524650464
-2,579015428
-2,612945997
-2,619196455
-2,616283699
-2,612259151
-2,611252919
-2,611252919
-2,63075984
-2,652028089
-2,700699562
-2,787527914
-2,891022881
-2,997268713
-3,117766122
-3,237238171
-3,340359153
-3,411764687
-3,459884356
-3,512700036
-3,581803262
-3,644175713
-3,696939911
-3,78165511
-3,87406588
-3,99339548
-4,136355705
-4,280962418
-4,402218266
-4,515082053
-4,621417238
-4,702539184
-4,77835134
-4,852092072
-4,927386611
-5,012542359
-5,100260428
-5,222745689
-5,384385471
-5,573209091
-5,764664223
-5,949444674
-6,126301268
-6,270653891
-6,374160803
-6,454667655
-6,500743577
-6,509178777
-6,512589073
-6,515998944
-6,515998944
-6,534826374
-6,553656829
-6,566212145
-6,578768806
-6,597606317
-6,629008888
-6,687699069
-6,731760826
-6,761115438
-6,824045754
-6,892345637
-6,990472863
-7,112376522
-7,253712141
-7,416323631
-7,59806566
-7,816476627
-8,022209036
-8,220277922
-8,411096944
-8,552268581
-8,64635604
-8,692120951
-8,702957744
-8,713255389
-8,734902188
-8,757732807
-8,797152017
-8,848366695
-8,906124648
-8,96976085
-9,043909633
-9,095614231
-9,136621648
-9,156258165
-9,161599169
-9,161599169
-9,162803431
-9,164007637
-9,174689286
-9,201389371
-9,241170329
-9,305903963
-9,39194963
-9,499269359
-9,603610476
-9,700032231
-9,781038155
-9,864088515
-9,939265046
-10,01475611
-10,0428549
-10,0428549
-10,0428549
-10,06983003
-10,11106091
-10,14898654
-10,18067648
-10,24925734
-10,33490621
-10,44280223
-10,56525586
-10,67909291
-10,75713124
-10,78569178
-10,79463628
-10,79463628
-10,79463628
-10,78652388
-10,77840964
-10,77679471
-10,78045856
-10,78656374
-10,79510839
-10,80608989
-10,83169104
-10,8414457
-10,84875908
-10,85485183
-10,86508302
-10,87729201
-10,89838866
-10,93574292
-10,97309099
-11,00517273
-11,02502931
-11,01363167
-10,95588922
-10,89903565
-10,84029058
-10,79166794
-10,7641593
-10,73372797
-10,74789575
-10,79321197
-10,82673416
-10,86550683
-10,90020891
-10,92268768
-10,92865329
-10,90944495
-10,85803071
-10,8188311
-10,79357483
-10,74933298
-10,68680636
-10,62957989
-10,55049829
-10,46664705
-10,41279085
-10,36540882
-10,32043696
-10,28954896
-10,30785919
-10,33362296
-10,33995133
-10,33456061
-10,32573098
-10,32519861
-10,34002256
-10,34624147
-10,3473041
-10,36071886
-10,37936384
-10,38451208
-10,39365859
-10,43321095
-10,48833016
-10,51849885
-10,53150657
-10,5357086
-10,51570374
-10,48324339
-10,40248829
-10,26764836
-10,1396197
-9,992673403
-9,84898223
-9,717706981
-9,601634968
-9,485164648
-9,371118551
-9,268858412
-9,181621947
-9,079512365
-8,977486937
-8,854616016
-8,754264439
-8,665196024
-8,60797189
-8,584798874
-8,584798874
-8,580694168
-8,567982474
-8,53845788
-8,464849921
-8,319893936
-8,147366153
-7,951508982
-7,770428446
-7,554024031
-7,343092591
-7,18349374
-7,044971254
-6,925468161
-6,83749103
-6,766365601
-6,728699616
-6,709871147
-6,699431366
-6,693156085
-6,682716124
-6,670166977
-6,630466749
-6,563618792
-6,446648932
-6,285842089
-6,066638331
-5,818347805
-5,545421321
-5,26881261
-4,996381212
-4,715907263
-4,413014421
-4,12899235
-3,903114772
-3,726677489
-3,608624294
-3,554564233
-3,554564233
-3,554564233
-3,550282422
-3,531278317
-3,501282645
-3,460906851
-3,406727115
-3,324910908
-3,258442561
-3,19357802
-3,132190918
-3,065615197
-2,974504614
-2,858769482
-2,729760482
-2,575100904
-2,455375439
-2,363579802
-2,28919275
-2,227883061
-2,164809679
-2,128983196
-2,11070406
-2,093275623
-2,067144217
-2,031381624
-1,979742215
-1,870186946
-1,730781062
-1,604465441
-1,462273361
-1,301676397
-1,147239355
-0,992833585
-0,844566775
-0,685770283
-0,531408543
-0,394520821
-0,316511684
-0,291599965
-0,328667147
-0,385916555
-0,451334255
-0,470601265
-0,440126798
-0,357839323
-0,280072332
-0,216552439
-0,181851054
-0,162956754
-0,150099486
-0,13120551
-0,105491638
-0,076090159
-0,041432753
0,015848866
0,100262577
0,189964436
0,279687724
0,395780914
0,543505874
0,729701397
0,930194874
1,160834596
1,401192552
1,625655291
1,854632154
2,055024989
2,225868937
2,353709016
2,431870823
2,466369244
2,479743253
2,489945911
2,495574767
2,506481385
2,532505264
2,567672093
2,617260906
2,662279675
2,712577873
2,768145266
2,817736804
2,859975742
2,893749211
2,938781531
3,010186251
3,075663067
3,131962646
3,180909636
3,210067507
3,217419618
3,218797346
3,219486262
3,220175214
3,22683795
3,248666634
3,282443393
3,33599276
3,387006825
3,464424038
3,541884274
3,619352132
3,690856618
3,763046378
3,843128922
3,912643011
3,965610652
4,007323236
4,036496362
4,068289625
4,082901541
4,102809572
4,112174139
4,122276942
4,117986025
4,133428968
4,142328703
4,14990641
4,137212497
4,111976266
4,090822117
4,086826872
4,089515034
4,091753111
4,090264246
4,088075344
4,091694037
4,093882889
4,066194237
3,96501601
3,842403313
3,720993067
3,642509265
3,583593426
3,529202739
3,484037945
3,425759375
3,357108514
3,248401494
3,097596701
2,895408835
2,62806154
2,341756266
2,057510002
1,78485344
1,556234248
1,359966101
1,21013351
1,088982891
0,985554671
0,900717259
0,846361216
0,791200572
0,738632081
0,69537317
0,641650112
0,617116398
0,598571504
0,597380836
0,591579348
0,573605257
0,551399824
0,542451521
0,540588701
0,554464145
0,563169115
0,563169115
0,552255093
0,536314749
0,490924014
0,437201594
0,369273018
0,284535362
0,166768945
0,012576187
-0,147708097
-0,320938281
-0,496225401
-0,702442638
-0,937316778
-1,153444372
-1,367107928
-1,577013099
-1,795112573
-2,019013737
-2,217618666
-2,383736899
-2,548734152
-2,677150059
-2,796172725
-2,89514677
-2,98515608
-3,046134517
-3,087909396
-3,140856407
-3,219630065
-3,298067894
-3,41553196
-3,562060996
-3,762490542
-3,97116411
-4,173424419
-4,387572176
-4,639845697
-4,958879538
-5,299267011
-5,624638657
-5,915543089
-6,161890839
-6,368612297
-6,515306022
-6,640479741
-6,748046828
-6,833749987
-6,8771944
-6,877255679
-6,869017236
-6,881435417
-6,912486674
-6,941060548
-6,978819055
-7,029955435
-7,065006216
-7,096876364
-7,124826074
-7,130210702
-7,116935702
-7,100605469
-7,115775825
-7,176786394
-7,231603503
-3,844543407
