10.4735
10.5134
10.5693
10.6213
10.6733
10.7173
10.7814
10.8375
10.8735
10.8455
10.8124
10.7799
10.7705
10.7705
10.7705
10.7657
10.7657
10.7569
10.7474
10.7371
10.7099
10.6696
10.6110
10.5537
10.4839
10.4188
10.3395
10.2602
10.1799
10.0825
9.9916
9.9202
9.8840
9.8978
9.9090
9.9017
9.8703
9.8359
9.7973
9.7636
9.7516
9.7576
9.7717
9.7785
9.7643
9.7121
9.6324
9.5575
9.4737
9.4007
9.3243
9.2386
9.1506
9.0634
8.9769
8.9117
8.8864
8.8700
8.8331
8.7798
8.7195
8.6819
8.6279
8.5650
8.4925
8.4427
8.4044
8.3791
8.3505
8.3179
8.3013
8.2807
8.2682
8.2717
8.2752
8.3108
8.3462
8.3885
8.4268
8.4467
8.4180
8.3816
8.2944
8.2024
8.1078
8.0761
8.0669
8.0976
8.1205
8.1275
8.0957
8.0321
7.9415
7.8468
7.7817
7.7305
7.6731
7.6118
7.5299
7.4503
7.4030
7.3527
7.3145
7.2418
7.1674
7.0912
7.0610
7.0486
7.0242
6.9950
6.9580
6.8998
6.8032
6.6785
6.5440
6.4225
6.3420
6.3055
6.3042
6.3080
6.3039
6.3039
6.2836
6.2191
6.1265
5.9909
5.8300
5.6831
5.5533
5.4546
5.3721
5.3287
5.3196
5.3196
5.3196
5.3065
5.2883
5.2702
5.2612
5.2521
5.2521
5.2430
5.2289
5.2007
5.1594
5.1211
5.0606
4.9678
4.8709
4.7639
4.6567
4.5152
4.3787
4.2786
4.2028
4.1402
4.0651
3.9901
3.9252
3.8745
3.8210
3.7635
3.6803
3.5947
3.5205
3.4748
3.4201
3.3550
3.2665
3.1620
3.0483
2.9163
2.7815
2.6531
2.5508
2.4502
2.3587
2.2856
2.2227
2.1519
2.0838
1.9975
1.9085
1.8129
1.7344
1.6625
1.5813
1.4739
1.3467
1.2024
1.0529
0.9243
0.8113
0.7074
0.5904
0.4627
0.3612
0.2823
0.2301
0.1910
0.1506
0.0943
0.0234
-0.0556
-0.1346
-0.2150
-0.3100
-0.4236
-0.5343
-0.6358
-0.7388
-0.8380
-0.9211
-1.0291
-1.1541
-1.2975
-1.4517
-1.6090
-1.7964
-2.0024
-2.2100
-2.4146
-2.6013
-2.7717
-2.9334
-3.0613
-3.1491
-3.1753
-3.1998
-3.2243
-3.2804
-3.3691
-3.4780
-3.6093
-3.7096
-3.7859
-3.8345
-3.8721
-3.9059
-3.9228
-3.9360
-3.9528
-3.9789
-4.0295
-4.0890
-4.1555
-4.2433
-4.3628
-4.5629
-4.8039
-5.0198
-5.1736
-5.2811
-5.3537
-5.4371
-5.5188
-5.6103
-5.7055
-5.8044
-5.8827
-5.9590
-6.0611
-6.1538
-6.3043
-6.5016
-6.7287
-6.9390
-7.1400
-7.3204
-7.4711
-7.6072
-7.7080
-7.7829
-7.8633
-7.9307
-8.0206
-8.1122
-8.2222
-8.3263
-8.4659
-8.5947
-8.7162
-8.8211
-8.8998
-8.9632
-9.0188
-9.0765
-9.1549
-9.2407
-9.3616
-9.4903
-9.5968
-9.6997
-9.8001
-9.9206
-10.0306
-10.1318
-10.2401
-10.3549
-10.4788
-10.5976
-10.7161
-10.8196
-10.9161
-11.0409
-11.1450
-11.2546
-11.3400
-11.3903
-11.4528
-11.5220
-11.5897
-11.6958
-11.8005
-11.9051
-11.9925
-12.0608
-12.1476
-12.2156
-12.2935
-12.3630
-12.4382
-12.5077
-12.5993
-12.7004
-12.7973
-12.8864
-12.9797
-13.0663
-13.1457
-13.2215
-13.2944
-13.3506
-13.3867
-13.4111
-13.4505
-13.4865
-13.5413
-13.6323
-13.7364
-13.8281
-13.9272
-14.0101
-14.0931
-14.1766
-14.2877
-14.4056
-14.5117
-14.6094
-14.6909
-14.7655
-14.8134
-14.8836
-14.9631
-15.0488
-15.1629
-15.2899
-15.4110
-15.5052
-15.5864
-15.6835
-15.7915
-15.9334
-16.1041
-16.2612
-16.4053
-16.5406
-16.6616
-16.7624
-16.8215
-16.8472
-16.8472
-16.8590
-16.8649
-16.8802
-16.8896
-16.9349
-17.0162
-17.1075
-17.1957
-17.2590
-17.3257
-17.3968
-17.4484
-17.4793
-17.4863
-17.4897
-17.4897
-17.4897
-17.4897
-17.4931
-17.4899
-17.4899
-17.4933
-17.5037
-17.5175
-17.5283
-17.5491
-17.5699
-17.5832
-17.5900
-17.6004
-17.6261
-17.6536
-17.7033
-17.7656
-17.8466
-17.9197
-17.9985
-18.0713
-18.1120
-18.1652
-18.2091
-18.2521
-18.3038
-18.3519
-18.3967
-18.4336
-18.4706
-18.5069
-18.5460
-18.5863
-18.6200
-18.6369
-18.6404
-18.6406
-18.6406
-18.6406
-18.6473
-18.6675
-18.6949
-18.7225
-18.7727
-18.8327
-18.8927
-18.9394
-18.9661
-18.9731
-18.9799
-19.0004
-19.0335
-19.0799
-19.1238
-19.1579
-19.1918
-19.2318
-19.2615
-19.2813
-19.3046
-19.3243
-19.3412
-19.3517
-19.3884
-19.4317
-19.4774
-19.5043
-19.5282
-19.5651
-19.6146
-19.6575
-19.6941
-19.7148
-19.7481
-19.7751
-19.8118
-19.8649
-19.9148
-19.9612
-20.0108
-20.0675
-20.1181
-20.1678
-20.2020
-20.2456
-20.2856
-20.3216
-20.3449
-20.3437
-20.3600
-20.3704
-20.3773
-20.3845
-20.3951
-20.4065
-20.4489
-20.4760
-20.5005
-20.4788
-20.4382
-20.4238
-20.4337
-20.4619
-20.4783
-20.4852
-20.4748
-20.4735
-20.4750
-20.4761
-20.4868
-20.4975
-20.5110
-20.5152
-20.4951
-20.4597
-20.4453
-20.4519
-20.4617
-20.4717
-20.4815
-20.4828
-20.4883
-20.5069
-20.5144
-20.5113
-20.4904
-20.4546
-20.4058
-20.3797
-20.3640
-20.3770
-20.3833
-20.3893
-20.3862
-20.3862
-20.3894
-20.3896
-20.3875
-20.4007
-20.3991
-20.3732
-20.3237
-20.2593
-20.2271
-20.2246
-20.2282
-20.2288
-20.2117
-20.1469
-20.0375
-19.8743
-19.7380
-19.6529
-19.6482
-19.6772
-19.6938
-19.6868
-19.6140
-19.5113
-19.4169
-19.3576
-19.3370
-19.3375
-19.3477
-19.3523
-19.3396
-19.3218
-19.2389
-19.1600
-19.0807
-19.0338
-19.0157
-19.0232
-19.0003
-18.9472
-18.8732
-18.7929
-18.7454
-18.7284
-18.7240
-18.7103
-18.6975
-18.6406
-18.5782
-18.5337
-18.4855
-18.4576
-18.4054
-18.3528
-18.3064
-18.2898
-18.2875
-18.2973
-18.3007
-18.2748
-18.2225
-18.1671
-18.0996
-18.0526
-18.0324
-18.0454
-18.0520
-18.0618
-18.0481
-18.0113
-17.9778
-17.9532
-17.9485
-17.9380
-17.8961
-17.8011
-17.6616
-17.5033
-17.3337
-17.1819
-17.0778
-17.0124
-16.9501
-16.8668
-16.7650
-16.6867
-16.6368
-16.6338
-16.6308
-16.6278
-16.6198
-16.6061
-16.5657
-16.5107
-16.4406
-16.3730
-16.3288
-16.2966
-16.2757
-16.2605
-16.2220
-16.1576
-16.0705
-15.9714
-15.8742
-15.8123
-15.7803
-15.7723
-15.7555
-15.6977
-15.5989
-15.4616
-15.3107
-15.1712
-15.0752
-14.9759
-14.8429
-14.6819
-14.4978
-14.3553
-14.2520
-14.2062
-14.1812
-14.1539
-14.0987
-14.0115
-13.8780
-13.7302
-13.5991
-13.4815
-13.3551
-13.2111
-13.0560
-12.8978
-12.7307
-12.5780
-12.4407
-12.3122
-12.2068
-12.1311
-12.0839
-12.0674
-12.0641
-12.0608
-12.0400
-12.0136
-11.9610
-11.8952
-11.8162
-11.7415
-11.6811
-11.6284
-11.5572
-11.4707
-11.4038
-11.3633
-11.3358
-11.3171
-11.2983
-11.2841
-11.2611
-11.2348
-11.2140
-11.1998
-11.1822
-11.1372
-11.0712
-10.9990
-10.9201
-10.8379
-10.7686
-10.7147
-10.6575
-10.6158
-10.5665
-10.5227
-10.4714
-10.4309
-10.3804
-10.3245
-10.2719
-10.2160
-10.1392
-10.0335
-9.9008
-9.7539
-9.5924
-9.4295
-9.2492
-9.0656
-8.8767
-8.7161
-8.5832
-8.4925
-8.4071
-8.3323
-8.2660
-8.2170
-8.1682
-8.1265
-8.0779
-8.0085
-7.9027
-7.7636
-7.5984
-7.4454
-7.3115
-7.2055
-7.0995
-6.9932
-6.8852
-6.7843
-6.6921
-6.6017
-6.4992
-6.3863
-6.2560
-6.1326
-6.0317
-5.9359
-5.8384
-5.7269
-5.6014
-5.4761
-5.3579
-5.2555
-5.1584
-5.0681
-4.9813
-4.8961
-4.8264
-4.7847
-4.7603
-4.7446
-4.7308
-4.6996
-4.6614
-4.6110
-4.5312
-4.4427
-4.3452
-4.2249
-4.0959
-3.9900
-3.9136
-3.8525
-3.7848
-3.7206
-3.6581
-3.5952
-3.5251
-3.4433
-3.3563
-3.2223
-3.0883
-2.9440
-2.8192
-2.6973
-2.5979
-2.5180
-2.4498
-2.3673
-2.2554
-2.1166
-1.9715
-1.8623
-1.7653
-1.7028
-1.6632
-1.6214
-1.5932
-1.5673
-1.5241
-1.4831
-1.4487
-1.4128
-1.3661
-1.3059
-1.2299
-1.1516
-1.0768
-0.9947
-0.9162
-0.8290
-0.7260
-0.6024
-0.4640
-0.3147
-0.1963
-0.0741
0.0335
0.1095
0.1598
0.2041
0.2606
0.3024
0.3331
0.3661
0.4248
0.4883
0.5604
0.6289
0.6911
0.7412
0.7839
0.8230
0.8658
0.9183
0.9817
1.0708
1.1950
1.3303
1.4776
1.6200
1.7247
1.7904
1.8281
1.8585
1.8840
1.9095
1.9192
1.9350
1.9702
2.0212
2.0674
2.1268
2.1767
2.2254
2.2593
2.3006
2.3382
2.3795
2.4234
2.4673
2.5281
2.6022
2.6980
2.7891
2.8562
2.9319
3.0112
3.1134
3.2261
3.3076
3.3880
3.4515
3.5029
3.5637
3.6230
3.6859
3.7320
3.7659
3.8241
3.8842
3.9424
4.0079
4.0999
4.2069
4.3316
4.4770
4.6102
4.7255
4.8042
4.8576
4.8782
4.8941
4.9307
4.9606
4.9980
5.0476
5.1057
5.1675
5.2087
5.2491
5.2978
5.3549
5.4307
5.5131
5.6077
5.7173
5.8409
5.9626
6.0834
6.1819
6.2712
6.3324
6.3794
6.4159
6.4564
6.4930
6.5342
6.5845
6.6432
6.7010
6.7678
6.8254
6.9205
7.0080
7.0803
7.1283
7.1757
7.2254
7.2920
7.3617
7.4356
7.5095
7.5757
7.6218
7.6424
7.6729
7.7285
7.8169
7.9433
8.0682
8.1788
8.2757
8.3589
8.4192
8.4512
8.4787
8.5184
8.5641
8.6167
8.6679
8.7145
8.7766
8.8425
8.9373
9.0451
9.1535
9.2408
9.3198
9.3660
9.3929
9.4128
9.4282
9.4552
9.4905
9.5349
9.5863
9.6455
9.7079
9.7663
9.8344
9.9059
9.9902
10.0662
10.1532
10.2479
10.3509
10.4657
10.5917
10.7132
10.8266
10.9367
11.0322
11.1005
11.1317
11.1395
11.1434
11.1473
11.1473
11.1668
11.1900
11.2250
11.2752
11.3282
11.4002
11.4974
11.5992
11.6971
11.7715
11.8303
11.8578
11.8576
11.8491
11.8322
11.8187
11.8061
11.7890
11.7869
11.7591
11.7310
11.7202
11.7272
11.7506
11.7820
11.8202
11.8366
11.8522
11.9140
12.0045
12.1069
12.2088
12.3024
12.3755
12.4570
12.5028
12.5257
12.5187
12.5029
12.5043
12.5152
12.5305
12.5577
12.5963
12.6349
12.6705
12.6759
12.6474
12.5983
12.5498
12.5519
12.5830
12.6465
12.7239
12.8121
12.9194
13.0469
13.1716
13.2677
13.3479
13.4331
13.5112
13.5607
13.5733
13.5358
13.5000
13.4729
13.4684
13.4684
13.4504
13.4237
13.3838
13.3224
13.2726
13.2275
13.2003
13.1776
13.1462
13.1196
13.0936
13.0884
13.0964
13.1044
13.0997
13.0952
13.0814
13.0659
13.0484
13.0469
13.0507
13.0843
13.1223
13.1399
13.1189
13.0761
13.0333
13.0130
13.0015
13.0153
13.0338
13.0310
12.9890
12.9153
12.8461
12.7777
12.7221
12.6665
12.6201
12.5927
12.5741
12.5509
12.5136
12.4587
12.3955
12.3420
12.3021
12.2439
12.1748
12.0972
12.0289
11.9617
11.9116
11.8792
11.8698
11.8549
11.8496
11.8536
11.8536
11.8536
11.8536
11.8619
11.9365
12.1228
12.4545
12.9453
13.6408
14.4951
15.4641
16.4450
17.3872
18.2024
18.7729
19.0281
18.9176
18.5016
17.8309
17.1267
16.4795
15.9920
15.6456
15.3765
15.0920
14.8301
14.5842
14.3236
14.0442
13.7543
13.5253
13.3400
13.2020
13.0655
12.9168
12.7092
12.4717
12.2522
12.0506
11.8930
11.7745
11.6950
11.6262
11.5096
11.3347
11.1365
10.9321
10.7238
10.5218
10.3342
10.1975
10.1189
10.1066
10.1061
10.1533
10.2361
10.3219
10.3927
10.4590
10.4963
10.4941
10.4530
10.3960
10.2898
10.1624
10.0050
9.8199
9.6437
9.5015
9.3844
9.3009
9.2257
9.1600
9.1266
9.1141
9.0972
9.0676
9.0381
9.0043
8.9622
8.9076
8.8489
8.7861
8.7276
8.6733
8.6233
8.5732
8.5105
8.4270
8.3438
8.2575
8.1818
8.1476
8.1673
8.2243
8.2771
8.3130
8.3384
8.3563
8.3740
8.3812
8.3669
8.3371
8.2777
8.2094
8.1207
8.0310
7.9434
7.8937
7.9076
7.9673
8.0290
8.0896
8.1185
8.0953
8.0233
7.9421
7.8557
7.7694
7.7292
7.6840
7.6143
7.5406
7.4569
7.3862
7.3267
7.3019
7.3390
7.4125
7.4848
7.5559
7.5873
7.5713
7.5061
7.4129
7.3046
7.1865
7.0500
6.8958
6.7599
6.6360
6.5209
6.4476
6.4121
6.4166
6.4582
6.5029
6.5525
6.6021
6.6368
6.6615
6.6643
6.6451
6.6268
6.6036
6.5983
6.6249
6.6841
6.7443
6.7837
6.7984
6.8152
6.8190
6.8308
6.8382
6.8814
6.8969
6.8957
6.8711
6.8433
6.8084
6.8003
6.7773
6.7654
6.7792
6.8018
6.8491
6.8722
6.8717
6.8315
6.7464
6.6417
6.5329
6.4659
6.4477
6.4195
6.3895
6.3275
6.2157
6.1078
6.0078
5.9735
5.9841
5.9957
6.0113
6.0230
6.0266
6.0302
6.0318
6.0473
6.0786
6.1018
6.1289
6.1550
6.1583
6.1479
6.1025
6.0352
5.9800
5.9459
5.9148
5.8848
5.8597
5.8356
5.7984
5.7343
5.6722
5.6131
5.5798
5.5823
5.5979
5.6045
5.6201
5.6007
5.5385
5.4573
5.3530
5.2575
5.1866
5.1497
5.1724
5.2103
5.2375
5.2338
5.1892
5.1036
5.0030
4.9373
4.9335
4.9478
4.9542
4.9545
4.8989
4.8043
4.6824
4.5554
4.4374
4.3386
4.2427
4.1840
4.1304
4.0962
4.0638
4.0274
3.9569
3.8904
3.8086
3.7308
3.6579
3.5874
3.5158
3.4338
3.3581
3.2773
3.2162
3.1315
3.0259
2.8981
2.7194
2.5302
2.3680
2.2185
2.0990
2.0202
1.9899
1.9899
1.9821
1.9821
1.9782
1.9743
1.9626
1.9547
1.9705
1.9917
2.0496
2.1233
2.1800
2.2077
2.2315
2.2698
2.3254
2.3654
2.3935
2.4332
2.4809
2.5484
2.6003
2.6641
2.7477
2.8473
2.9471
3.0389
3.1269
3.2389
3.3462
3.4657
3.6297
3.8186
4.0152
4.2031
4.3777
4.5102
4.6108
4.6592
4.6430
4.5832
4.4919
4.4582
4.4966
4.5724
4.6798
4.8066
4.9669
5.1767
5.3990
5.6319
5.8568
6.0652
6.2368
6.3403
6.3745
6.3449
6.2930
6.2536
6.2266
6.2327
6.2710
6.3356
6.3979
6.4228
6.4336
6.3992
6.3617
6.3361
6.3417
6.3692
6.4295
6.4893
6.5611
6.6278
6.6795
6.7028
6.6929
6.6884
6.6979
6.7254
6.7480
6.7716
6.7753
6.7361
6.6958
6.6556
6.6194
6.5963
6.5731
6.5380
6.4859
6.4377
6.3846
6.3474
6.3252
6.3110
6.2838
6.2433
6.1671
6.0889
5.9860
5.8939
5.8656
5.8692
5.8767
5.8563
5.8285
5.7710
5.6949
5.5731
5.4523
5.3444
5.2821
5.2964
5.3199
5.3405
5.3286
5.3206
5.3166
5.3166
5.3165
5.3163
5.3318
5.3435
5.3551
5.3666
5.3782
5.3820
5.3926
5.4082
5.4356
5.4787
5.5325
5.6029
5.7177
5.8218
5.8680
5.8500
5.7906
5.7436
5.7178
5.7098
5.6848
5.6257
5.5336
5.4324
5.3221
5.2298
5.1575
5.0993
5.0591
5.0219
4.9927
4.9787
4.9747
4.9656
4.9505
4.9223
4.8670
4.7885
4.6940
4.5903
4.4997
4.4182
4.3406
4.2901
4.2731
4.2691
4.2430
4.2288
4.1976
4.1483
4.0604
3.9713
3.8696
3.7680
3.6834
3.6175
3.5760
3.5294
3.4880
3.4504
3.4322
3.4101
3.3894
3.3649
3.3393
3.3068
3.2886
3.2742
3.2469
3.2144
3.1626
3.1289
3.0717
3.0015
2.9146
2.8286
2.7296
2.6190
2.5344
2.5044
2.4953
2.4861
2.4849
2.4848
2.4848
2.4704
2.4287
2.3673
2.2929
2.2184
2.1647
2.1058
2.0444
1.9973
1.9488
1.9095
1.8860
1.8716
1.8663
1.8663
1.8584
1.8414
1.8139
1.7733
1.7183
1.6437
1.5729
1.4956
1.4287
1.3670
1.3014
1.2448
1.2067
1.1908
1.1763
1.1658
1.1369
1.0934
1.0317
0.9215
0.7455
0.5129
0.2430
-0.0127
-0.2355
-0.4108
-0.5055
-0.5342
-0.5443
-0.5491
-0.5879
-0.6266
-0.6800
-0.7163
-0.7434
-0.7783
-0.8015
-0.8208
-0.8478
-0.8941
-0.9396
-0.9705
-1.0168
-1.0836
-1.1796
-1.3001
-1.4329
-1.5557
-1.6763
-1.7922
-1.9120
-2.0035
-2.0665
-2.1056
-2.1417
-2.1900
-2.2807
-2.3675
-2.4744
-2.5613
-2.6714
-2.7523
-2.8094
-2.8224
-2.8300
-2.8300
-2.8491
-2.8790
-2.9214
-2.9747
-3.0334
-3.1090
-3.2010
-3.3099
-3.4069
-3.5249
-3.6227
-3.7086
-3.7994
-3.9176
-4.0633
-4.2298
-4.3908
-4.5208
-4.6252
-4.7355
-4.8491
-4.9459
-5.0423
-5.1072
-5.2055
-5.3055
-5.4038
-5.4686
-5.5263
-5.5730
-5.6308
-5.6719
-5.7055
-5.7501
-5.7947
-5.8486
-5.8877
-5.9100
-5.9211
-5.9582
-6.0401
-6.1518
-6.3119
-6.4572
-6.6192
-6.7701
-6.9024
-7.0271
-7.1555
-7.2673
-7.3753
-7.4701
-7.5817
-7.6765
-7.7769
-7.8809
-7.9719
-8.0350
-8.0778
-8.1395
-8.1937
-8.2104
-8.2322
-8.2632
-8.3058
-8.3631
-8.4258
-8.4849
-8.5419
-8.6246
-8.7189
-8.8246
-8.9659
-9.1329
-9.3093
-9.4689
-9.5846
-9.6522
-9.7032
-9.7469
-9.7672
-9.7947
-9.8334
-9.9043
-9.9827
-10.0883
-10.2088
-10.2944
-10.3572
-10.4156
-10.4925
-10.5772
-10.6725
-10.7630
-10.8707
-10.9597
-11.0637
-11.1482
-11.2242
-11.2794
-11.3266
-11.3679
-11.4185
-11.4572
-11.5126
-11.5658
-11.6182
-11.6791
-11.7293
-11.7758
-11.8045
-11.8224
-11.8259
-11.8295
-11.8353
-11.8647
-11.8956
-11.9323
-11.9898
-12.0636
-12.1532
-12.2627
-12.3559
-12.4533
-12.5155
-12.5834
-12.6702
-12.7583
-12.8287
-12.8840
-12.9369
-12.9886
-13.0364
-13.0657
-13.0833
-13.0938
-13.0938
-13.0974
-13.1079
-13.1185
-13.1291
-13.1396
-13.1502
-13.1688
-13.1945
-13.2259
-13.2772
-13.3251
-13.3543
-13.3683
-13.3987
-13.4385
-13.5283
-13.6425
-13.7939
-13.9726
-14.1340
-14.2604
-14.3610
-14.4406
-14.5191
-14.5953
-14.6720
-14.7195
-14.7801
-14.8045
-14.8252
-14.8357
-14.8564
-14.8702
-14.8878
-14.9029
-14.9213
-14.9453
-14.9556
-14.9900
-15.0247
-15.0562
-15.0909
-15.1325
-15.2011
-15.2562
-15.3044
-15.3489
-15.4024
-15.4255
-15.4323
-15.4358
-15.4461
-15.4498
-15.4670
-15.4820
-15.5109
-15.5559
-15.6075
-15.6597
-15.6949
-15.7187
-15.7230
-15.7147
-15.6964
-15.6998
-15.7033
-15.7044
-15.7150
-15.7358
-15.7551
-15.7779
-15.7936
-15.8084
-15.8398
-15.8463
-15.8544
-15.8574
-15.8614
-15.8750
-15.8874
-15.8906
-15.8845
-15.8925
-15.9162
-15.9399
-15.9469
-15.9538
-15.9490
-15.9501
-15.9604
-15.9684
-15.9691
-15.9370
-15.9314
-15.9425
-15.9477
-15.9527
-15.9469
-15.9615
-15.9785
-15.9898
-15.9961
-15.9902
-15.9722
-15.9362
-15.8933
-15.8495
-15.8137
-15.7951
-15.7995
-15.8028
-15.8028
-15.7855
-15.7649
-15.7411
-15.7215
-15.7145
-15.7200
-15.7437
-15.7606
-15.7708
-15.7627
-15.7521
-15.7077
-15.6699
-15.6298
-15.6195
-15.6060
-15.5911
-15.5830
-15.5623
-15.5192
-15.4227
-15.3180
-15.2304
-15.2022
-15.2102
-15.2181
-15.1865
-15.0868
-14.9429
-14.8005
-14.7215
-14.6940
-14.7077
-14.7247
-14.7009
-14.6237
-14.5114
-14.3698
-14.2456
-14.1916
-14.1817
-14.1854
-14.1550
-14.0527
-13.8841
-13.6774
-13.4978
-13.4048
-13.4161
-13.4486
-13.4544
-13.4455
-13.4276
-13.4219
-13.4253
-13.4321
-13.4322
-13.4423
-13.4423
-13.4524
-13.4592
-13.4660
-13.4695
-13.4584
-13.4370
-13.4001
-13.3510
-13.2927
-13.2231
-13.1390
-13.0585
-12.9702
-12.8987
-12.8441
-12.8083
-12.7749
-12.7258
-12.6599
-12.5683
-12.4387
-12.2756
-12.0981
-11.8939
-11.6999
-11.5583
-11.4870
-11.4692
-11.4658
-11.4658
-11.4625
-11.4591
-11.4523
-11.4524
-11.4524
-11.4434
-11.4401
-11.4379
-11.4379
-11.4379
-11.4279
-11.4045
-11.3577
-11.2854
-11.2063
-11.1451
-11.0738
-11.0314
-10.9678
-10.8931
-10.8141
-10.7284
-10.6571
-10.5900
-10.4852
-10.3482
-10.2146
-10.0941
-9.9646
-9.8324
-9.7147
-9.6058
-9.5258
-9.4765
-9.4538
-9.4277
-9.3818
-9.3175
-9.2354
-9.1247
-8.9701
-8.8047
-8.6221
-8.4216
-8.2301
-8.0367
-7.8577
-7.6980
-7.5523
-7.4438
-7.3691
-7.3193
-7.2890
-7.2571
-7.2250
-7.1894
-7.1519
-7.1199
-7.0666
-7.0011
-6.9533
-6.9108
-6.8948
-6.8505
-6.8009
-6.7303
-6.6632
-6.6050
-6.5520
-6.4885
-6.4339
-6.3812
-6.3390
-6.3073
-6.2774
-6.2404
-6.2123
-6.1947
-6.1648
-6.1191
-6.0488
-5.9820
-5.8993
-5.8219
-5.7374
-5.6811
-5.6318
-5.5984
-5.5650
-5.5210
-5.4523
-5.3590
-5.2639
-5.1672
-5.0600
-4.9370
-4.7873
-4.6552
-4.5441
-4.4539
-4.3887
-4.3232
-4.2507
-4.1942
-4.1400
-4.0978
-4.0507
-3.9771
-3.8927
-3.8171
-3.7308
-3.6270
-3.5227
-3.4379
-3.3969
-3.3619
-3.3392
-3.3216
-3.3129
-3.2970
-3.2846
-3.2528
-3.2137
-3.1798
-3.1372
-3.1105
-3.0894
-3.0842
-3.0791
-3.0527
-3.0161
-2.9635
-2.9053
-2.8578
-2.8119
-2.7639
-2.7108
-2.6335
-2.5644
-2.4816
-2.4074
-2.3260
-2.2300
-2.1520
-2.0994
-2.0519
-2.0146
-1.9685
-1.9298
-1.8933
-1.8475
-1.7763
-1.6701
-1.5552
-1.4416
-1.3666
-1.3186
-1.2762
-1.2112
-1.1323
-1.0410
-0.9373
-0.8598
-0.8051
-0.7657
-0.7094
-0.6159
-0.4834
-0.3481
-0.2103
-0.0874
-0.0084
0.0486
0.0710
0.0710
0.0710
0.0834
0.0972
0.1110
0.1147
0.1334
0.1609
0.1922
0.2147
0.2247
0.2422
0.2784
0.3219
0.4062
0.5216
0.6445
0.7661
0.8779
0.9897
1.1215
1.2558
1.3438
1.4081
1.4514
1.4973
1.5617
1.6496
1.7550
1.8729
1.9774
2.0793
2.1364
2.1885
2.2444
2.3052
2.3559
2.3894
2.4316
2.4776
2.5100
2.5287
2.5586
2.6108
2.6866
2.7823
2.8830
3.0065
3.1398
3.2656
3.3800
3.4804
3.5821
3.6828
3.7719
3.8514
3.9328
3.9999
4.0696
4.1572
4.2437
4.3448
4.4287
4.5212
4.5861
4.6262
4.6435
4.6435
4.6483
4.6483
4.6521
4.6597
4.6873
4.7188
4.7616
4.8072
4.8449
4.9059
5.0111
5.1239
5.2252
5.3283
5.4527
5.5878
5.7212
5.8219
5.9025
5.9881
6.0697
6.1447
6.2005
6.2524
6.2716
6.3063
6.3410
6.3794
6.3945
6.4213
6.4599
6.4868
6.5137
6.5367
6.5404
6.5269
6.5075
6.5110
6.5264
6.5408
6.5660
6.6115
6.6452
6.6916
6.7674
6.8818
7.0214
7.1414
7.2576
7.3843
7.4761
7.5423
7.5700
7.5546
7.5274
7.4827
7.4606
7.4830
7.5212
7.5517
7.5815
7.6102
7.6680
7.7306
7.8100
7.8704
7.8844
7.8566
7.7840
7.7380
7.6988
7.6714
7.6311
7.5754
7.5108
7.4403
7.3775
7.3163
7.2711
7.2355
7.2198
7.2126
7.1590
7.1067
7.0714
7.0755
7.1237
7.2104
7.2850
7.3635
7.4579
7.5886
7.6956
7.7908
7.8592
7.8974
7.9211
7.9170
7.8736
7.8479
7.8585
7.9235
8.0292
8.1847
8.3575
8.5367
8.7045
8.8024
8.8403
8.8200
8.7306
8.5753
8.3975
8.1338
7.8130
7.4766
7.1323
6.8646
6.6929
6.6128
6.5812
6.5368
6.4529
6.3112
6.1770
6.0849
5.9817
5.8593
5.7289
5.5768
5.4234
5.2875
5.1614
5.0440
4.9443
4.8717
4.8091
4.7521
4.6711
4.5941
4.5456
4.4928
4.4036
4.2903
4.1800
4.0660
3.9454
3.8370
3.7367
3.6617
3.5788
3.4866
3.3985
3.3356
3.2901
3.2686
3.2524
3.2284
3.1846
3.1409
3.0799
3.0270
3.0044
2.9844
2.9552
2.9154
2.8585
2.7792
2.7250
2.6879
2.6507
2.6163
2.5779
2.5147
2.4555
2.4003
2.3187
2.2517
2.2005
2.1611
2.0982
2.0327
1.9710
1.9174
1.8849
1.8800
1.8763
1.8817
1.9131
1.9458
1.9966
2.0095
1.9859
1.9455
1.8907
1.8281
1.7407
1.6431
1.5469
1.4535
1.3693
1.3382
1.3344
1.3500
1.3397
1.3269
1.3142
1.3275
1.3371
1.3311
1.3377
1.3235
1.3015
1.2860
1.2705
1.2588
1.2548
1.2584
1.2569
1.2427
1.2143
1.1729
1.1417
1.1158
1.1130
1.0959
1.0907
1.0868
1.0764
1.0531
0.9976
0.8696
0.6950
0.5025
0.3489
0.2198
0.1472
0.1444
0.1406
0.1444
0.1210
0.1271
0.1347
0.1574
0.1686
0.1875
0.1951
0.1913
0.1951
0.1987
0.2023
0.2136
0.2083
0.2120
0.2005
0.1914
0.1823
0.1642
0.1212
0.1024
0.1161
0.1426
0.1396
0.1110
0.0914
0.0694
0.0488
0.0292
-0.0177
-0.0750
-0.1504
-0.2025
-0.2365
-0.2700
-0.2983
-0.3476
-0.4385
-0.5580
-0.6762
-0.7696
-0.8423
-0.9098
-0.9644
-1.0047
-1.0411
-1.0995
-1.1981
-1.3203
-1.4516
-1.5609
-1.6597
-1.7584
-1.8480
-1.9430
-2.0304
-2.0996
-2.1338
-2.1376
-2.1376
-2.1490
-2.1695
-2.1968
-2.2188
-2.2332
-2.2682
-2.3122
-2.3380
-2.3601
-2.3943
-2.4286
-2.4415
-2.4415
-2.4453
-2.4652
-2.5086
-2.5741
-2.6556
-2.7249
-2.7910
-2.8442
-2.9232
-3.0350
-3.1652
-3.3061
-3.4116
-3.5063
-3.5774
-3.6124
-3.6328
-3.6477
-3.6848
-3.7471
-3.8166
-3.8919
-3.9655
-4.0167
-4.0808
-4.1433
-4.1935
-4.2345
-4.2718
-4.3070
-4.3368
-4.3592
-4.3720
-4.4083
-4.4375
-4.4996
-4.5617
-4.6258
-4.7013
-4.8061
-4.9217
-5.0575
-5.1878
-5.2924
-5.3931
-5.4665
-5.5197
-5.5564
-5.5878
-5.6487
-5.7592
-5.8585
-5.9320
-5.9815
-6.0402
-6.1026
-6.1540
-6.2017
-6.2605
-6.2973
-6.3267
-6.3690
-6.4352
-6.5160
-6.6134
-6.7143
-6.8319
-6.9587
-7.0855
-7.2013
-7.2858
-7.3501
-7.3847
-7.4194
-7.4578
-7.5182
-7.5880
-7.6358
-7.6709
-7.7204
-7.8034
-7.9160
-8.0336
-8.1837
-8.3158
-8.4131
-8.4805
-8.5332
-8.5861
-8.6471
-8.6935
-8.7267
-8.7486
-8.7614
-8.7829
-8.8137
-8.8414
-8.8703
-8.9099
-8.9480
-8.9860
-9.0112
-9.0384
-9.0677
-9.0877
-9.1077
-9.1421
-9.1800
-9.2359
-9.3174
-9.4295
-9.5681
-9.6796
-9.7875
-9.8748
-9.9381
-9.9737
-10.0022
-10.0378
-10.0719
-10.0968
-10.1614
-10.2615
-10.3818
-10.4753
-10.5269
-10.5411
-10.5412
-10.5412
-10.5447
-10.5447
-10.5447
-10.5447
-10.5482
-10.5482
-10.5553
-10.5588
-10.5659
-10.5730
-10.5871
-10.6084
-10.6156
-10.6227
-10.6263
-10.6404
-10.6580
-10.6898
-10.7356
-10.7814
-10.8027
-10.8409
-10.8881
-10.9311
-10.9592
-10.9964
-11.0210
-11.0456
-11.0702
-11.0982
-11.1145
-11.1413
-11.1693
-11.1869
-11.2044
-11.2219
-11.2359
-11.2466
-11.2537
-11.2677
-11.2782
-11.2852
-11.2852
-11.2888
-11.2993
-11.3170
-11.3346
-11.3663
-11.3854
-11.4346
-11.4919
-11.5651
-11.6140
-11.6524
-11.6851
-11.7094
-11.7096
-11.7074
-11.6961
-11.6927
-11.6996
-11.7011
-11.7004
-11.6884
-11.6947
-11.7190
-11.7157
-11.6625
-11.6104
-11.5696
-11.5605
-11.5605
-11.5640
-11.5676
-11.5654
-11.5690
-11.5704
-11.5732
-11.5760
-11.5879
-11.6033
-11.6311
-11.6361
-11.6275
-11.6233
-11.6135
-11.6254
-11.5974
-11.5366
-11.4316
-11.3040
-11.1433
-10.9769
-10.8014
-10.6678
-10.5816
-10.5553
-10.5588
-10.5623
-10.5511
-10.5345
-10.5387
-10.5486
-10.5305
-10.4414
-10.3015
-10.1854
-10.1361
-10.1500
-10.1827
-10.1827
-10.1522
-10.1480
-10.1480
-10.1549
-10.1619
-10.1690
-10.1794
-10.1684
-10.1496
-10.1260
-10.1239
-10.1274
-10.1378
-10.1518
-10.1553
-10.1637
-10.1609
-10.1443
-10.1242
-10.1075
-10.1034
-10.1243
-10.1432
-10.1690
-10.1677
-10.1318
-10.0647
-9.9547
-9.8357
-9.7515
-9.7260
-9.7149
-9.7149
-9.6928
-9.6693
-9.6169
-9.5609
-9.4781
-9.3938
-9.3006
-9.2060
-9.0734
-8.9104
-8.7480
-8.5911
-8.4434
-8.3002
-8.1749
-8.0659
-7.9822
-7.9036
-7.8125
-7.7103
-7.6206
-7.5331
-7.4331
-7.3312
-7.2383
-7.1776
-7.1280
-7.0800
-7.0139
-6.9549
-6.8906
-6.8245
-6.7531
-6.6781
-6.6227
-6.5477
-6.4674
-6.3692
-6.2711
-6.1801
-6.0659
-5.9429
-5.8126
-5.6824
-5.5416
-5.3902
-5.2388
-5.0964
-4.9808
-4.9007
-4.8402
-4.8065
-4.7781
-4.7354
-4.6627
-4.5758
-4.4835
-4.4160
-4.3717
-4.3327
-4.3025
-4.2687
-4.2278
-4.1691
-4.1035
-4.0379
-3.9829
-3.9400
-3.9006
-3.8616
-3.8190
-3.7800
-3.7462
-3.7020
-3.6610
-3.6039
-3.5400
-3.4777
-3.4134
-3.3455
-3.2670
-3.1885
-3.1172
-3.0548
-2.9819
-2.9319
-2.8709
-2.7997
-2.7191
-2.6098
-2.5131
-2.4213
-2.3316
-2.2623
-2.2121
-2.1640
-2.1019
-2.0805
-2.0495
-2.0193
-1.9891
-1.9376
-1.8840
-1.8355
-1.7782
-1.7312
-1.6952
-1.6598
-1.6318
-1.5963
-1.5379
-1.4951
-1.4419
-1.3910
-1.3593
-1.3158
-1.2444
-1.1162
-0.9673
-0.7959
-0.6240
-0.4707
-0.3540
-0.2452
-0.1667
-0.0869
0.0195
0.1274
0.2580
0.3823
0.4763
0.5448
0.6022
0.6470
0.6769
0.7031
0.7319
0.7760
0.8238
0.8676
0.8975
0.9348
0.9873
1.0448
1.0797
1.1131
1.1706
1.2661
1.3465
1.4168
1.4808
1.5424
1.6078
1.6744
1.7512
1.8129
1.8746
1.9223
1.9612
2.0178
2.0807
2.1336
2.1573
2.1875
2.2026
2.2214
2.2402
2.2703
2.3006
2.3067
2.3319
2.3736
2.4114
2.4721
2.5405
2.6165
2.6886
2.7759
2.8749
2.9637
3.0360
3.1275
3.1887
3.2423
3.2614
3.2574
3.2395
3.2256
3.2217
3.2176
3.2049
3.1740
3.0968
2.9742
2.8363
2.7647
2.7795
2.8331
2.8710
2.8845
2.8552
2.8194
2.7785
2.7644
10.8842
