-2.6898
-2.6674
-2.6388
-2.6133
-2.5759
-2.5249
-2.4625
-2.3964
-2.3413
-2.2956
-2.2428
-2.2054
-2.1774
-2.1253
-2.0564
-2.0023
-1.9679
-1.9553
-1.9614
-1.9882
-2.0111
-2.0270
-2.0297
-2.0385
-2.0697
-2.1216
-2.1817
-2.2695
-2.3724
-2.4713
-2.5538
-2.6160
-2.6836
-2.7300
-2.7454
-2.7370
-2.7157
-2.6993
-2.6879
-2.7126
-2.7504
-2.7973
-2.8425
-2.8590
-2.8552
-2.8352
-2.8049
-2.7603
-2.7265
-2.7067
-2.7014
-2.7320
-2.7807
-2.8144
-2.8481
-2.8619
-2.8490
-2.8435
-2.8401
-2.8533
-2.8611
-2.8796
-2.8763
-2.8693
-2.8715
-2.8822
-2.8727
-2.8542
-2.8470
-2.8472
-2.8580
-2.8566
-2.8500
-2.8614
-2.8652
-2.8744
-2.9016
-2.9304
-2.9549
-2.9703
-2.9873
-2.9879
-2.9780
-2.9644
-2.9598
-2.9657
-2.9657
-2.9658
-2.9659
-2.9735
-2.9885
-3.0000
-3.0373
-3.0819
-3.1502
-3.2237
-3.2754
-3.3014
-3.3346
-3.3568
-3.3864
-3.3977
-3.4015
-3.4090
-3.4202
-3.4403
-3.4588
-3.4806
-3.5113
-3.5325
-3.5358
-3.5338
-3.5301
-3.5265
-3.5245
-3.5209
-3.5352
-3.5527
-3.5507
-3.5540
-3.5594
-3.5736
-3.5916
-3.6096
-3.6149
-3.6129
-3.6057
-3.5985
-3.5986
-3.6003
-3.6130
-3.6399
-3.6579
-3.6902
-3.7188
-3.7421
-3.7618
-3.7903
-3.8225
-3.8494
-3.8711
-3.8875
-3.9055
-3.9162
-3.9379
-3.9559
-3.9828
-4.0081
-4.0493
-4.0908
-4.1454
-4.2179
-4.2814
-4.3354
-4.3732
-4.4041
-4.4277
-4.4440
-4.4513
-4.4513
-4.4549
-4.4676
-4.4801
-4.4875
-4.4948
-4.5094
-4.5257
-4.5419
-4.5650
-4.5902
-4.6369
-4.7084
-4.7871
-4.8801
-4.9695
-5.0602
-5.1294
-5.1666
-5.2021
-5.2287
-5.2589
-5.2874
-5.3143
-5.3484
-5.3826
-5.4327
-5.4918
-5.5617
-5.6315
-5.6925
-5.7516
-5.7983
-5.8414
-5.8719
-5.8898
-5.9078
-5.9330
-5.9653
-6.0012
-6.0353
-6.0694
-6.1232
-6.1805
-6.2289
-6.2630
-6.2971
-6.3240
-6.3635
-6.4137
-6.4890
-6.5929
-6.7164
-6.8543
-6.9760
-7.0690
-7.1173
-7.1388
-7.1532
-7.1567
-7.1781
-7.2246
-7.3033
-7.3856
-7.4821
-7.6002
-7.7201
-7.8185
-7.8811
-7.9240
-7.9509
-7.9509
-7.9615
-7.9722
-7.9866
-7.9955
-8.0151
-8.0420
-8.0778
-8.1136
-8.1566
-8.2263
-8.3174
-8.4102
-8.4959
-8.5783
-8.6449
-8.6932
-8.7253
-8.7538
-8.7698
-8.7896
-8.8130
-8.8667
-8.9349
-8.9942
-9.0265
-9.0444
-9.0713
-9.1127
-9.1306
-9.1610
-9.1914
-9.2437
-9.3100
-9.3833
-9.4852
-9.5980
-9.6983
-9.7537
-9.7662
-9.7662
-9.7732
-9.8017
-9.8611
-9.9360
-10.0573
-10.2051
-10.3616
-10.4960
-10.5944
-10.6609
-10.6990
-10.7268
-10.7614
-10.7823
-10.7962
-10.8204
-10.8446
-10.8902
-10.9267
-10.9599
-10.9972
-11.0254
-11.0536
-11.0764
-11.0978
-11.1329
-11.1687
-11.2245
-11.2671
-11.2920
-11.3182
-11.3513
-11.3934
-11.4527
-11.5354
-11.6470
-11.7483
-11.8475
-11.9343
-12.0218
-12.0893
-12.1577
-12.2102
-12.2504
-12.3008
-12.3490
-12.4063
-12.4649
-12.5337
-12.6238
-12.7328
-12.8363
-12.9128
-12.9455
-12.9647
-12.9681
-12.9783
-12.9952
-13.0334
-13.0749
-13.1188
-13.1605
-13.1920
-13.2381
-13.2785
-13.3268
-13.3605
-13.3920
-13.4257
-13.4537
-13.4964
-13.5458
-13.6031
-13.6659
-13.7265
-13.7781
-13.8082
-13.8419
-13.8755
-13.9182
-13.9732
-14.0259
-14.0943
-14.1775
-14.2841
-14.3974
-14.4915
-14.5562
-14.6096
-14.6553
-14.7022
-14.7548
-14.7960
-14.8193
-14.8492
-14.8725
-14.9057
-14.9487
-15.0082
-15.0808
-15.1534
-15.2382
-15.3173
-15.3832
-15.4489
-15.5226
-15.5854
-15.6417
-15.6735
-15.6964
-15.7193
-15.7357
-15.7553
-15.7894
-15.8203
-15.8400
-15.8596
-15.8761
-15.9056
-15.9382
-15.9806
-16.0133
-16.0525
-16.0884
-16.1243
-16.1665
-16.2021
-16.2442
-16.2927
-16.3444
-16.3904
-16.4364
-16.4879
-16.5362
-16.5781
-16.6080
-16.6298
-16.6428
-16.6701
-16.7053
-16.7341
-16.7452
-16.7331
-16.7027
-16.6827
-16.6604
-16.6444
-16.6221
-16.5966
-16.5592
-16.5188
-16.4680
-16.4165
-16.3801
-16.3461
-16.3350
-16.3263
-16.3296
-16.3209
-16.3066
-16.3068
-16.2989
-16.3024
-16.3003
-16.2862
-16.2705
-16.2367
-16.1909
-16.1274
-16.0671
-15.9941
-15.9139
-15.8136
-15.7444
-15.6760
-15.6330
-15.5876
-15.5391
-15.4873
-15.4307
-15.3828
-15.3541
-15.3389
-15.3270
-15.3142
-15.3111
-15.3144
-15.3090
-15.2739
-15.2453
-15.2191
-15.2081
-15.1916
-15.1598
-15.1313
-15.0907
-15.0589
-15.0392
-15.0139
-14.9799
-14.9372
-14.8745
-14.8262
-14.7779
-14.7384
-14.6965
-14.6777
-14.6630
-14.6465
-14.6198
-14.5889
-14.5580
-14.5535
-14.5498
-14.5606
-14.5801
-14.6028
-14.6199
-14.6204
-14.6121
-14.6006
-14.5937
-14.5892
-14.6086
-14.6192
-14.6114
-14.6028
-14.5854
-14.5745
-14.5667
-14.5404
-14.5000
-14.4563
-14.4071
-14.3404
-14.2476
-14.1373
-14.0564
-14.0018
-13.9899
-13.9811
-13.9812
-13.9637
-13.9200
-13.8469
-13.7389
-13.6243
-13.4955
-13.3612
-13.2280
-13.1079
-12.9878
-12.8939
-12.8132
-12.7400
-12.6843
-12.6614
-12.6527
-12.6439
-12.6319
-12.6166
-12.5751
-12.5074
-12.4276
-12.3238
-12.1949
-12.0714
-11.9480
-11.8332
-11.7458
-11.6759
-11.6322
-11.5886
-11.5307
-11.4609
-11.3964
-11.3374
-11.2904
-11.2567
-11.2501
-11.2326
-11.2043
-11.1748
-11.1486
-11.1137
-11.0700
-11.0418
-10.9894
-10.9263
-10.8336
-10.7364
-10.6438
-10.5459
-10.4513
-10.3554
-10.2837
-10.2314
-10.2053
-10.1805
-10.1470
-10.1035
-10.0513
-9.9904
-9.9087
-9.8183
-9.7279
-9.6534
-9.5911
-9.5287
-9.4866
-9.4484
-9.4015
-9.3599
-9.2937
-9.2086
-9.1095
-9.0124
-8.9239
-8.8547
-8.7942
-8.7303
-8.6698
-8.5953
-8.5209
-8.4551
-8.4049
-8.3773
-8.3479
-8.3287
-8.3166
-8.3113
-8.2993
-8.2872
-8.2664
-8.2389
-8.1941
-8.1371
-8.0628
-7.9729
-7.8742
-7.7685
-7.6768
-7.6094
-7.5766
-7.5473
-7.5006
-7.4192
-7.3275
-7.2376
-7.1374
-7.0319
-6.9317
-6.8331
-6.7588
-6.6966
-6.6361
-6.5670
-6.4997
-6.4254
-6.3512
-6.2631
-6.1715
-6.0608
-5.9449
-5.8151
-5.6972
-5.5862
-5.4925
-5.4040
-5.3241
-5.2632
-5.1953
-5.1328
-5.0861
-5.0569
-5.0431
-5.0293
-5.0154
-4.9964
-4.9739
-4.9392
-4.8907
-4.8266
-4.7691
-4.7046
-4.6314
-4.5811
-4.5238
-4.4822
-4.4316
-4.3793
-4.3061
-4.2259
-4.1493
-4.0746
-3.9964
-3.9421
-3.8691
-3.7854
-3.7047
-3.6118
-3.5239
-3.4416
-3.3684
-3.3023
-3.2377
-3.1781
-3.1135
-3.0439
-2.9721
-2.9076
-2.8532
-2.8011
-2.7714
-2.7331
-2.6927
-2.6379
-2.5759
-2.5043
-2.4328
-2.3504
-2.2862
-2.2183
-2.1467
-2.0677
-1.9923
-1.9242
-1.8559
-1.8054
-1.7945
-1.7945
-1.7945
-1.7942
-1.7830
-1.7512
-1.6937
-1.6064
-1.5257
-1.4468
-1.3968
-1.3215
-1.2459
-1.1703
-1.0832
-0.9835
-0.8848
-0.7653
-0.6491
6.9176
