-10.382743
-10.383196
-10.384558
-10.386826
-10.390002
-10.394085
-10.399074
-10.404969
-10.411771
-10.419477
-10.428088
-10.437603
-10.448021
-10.459342
-10.471564
-10.484686
-10.498708
-10.513628
-10.529445
-10.546158
-10.563766
-10.582267
-10.601659
-10.621942
-10.643113
-10.665171
-10.688115
-10.711941
-10.736649
-10.762237
-10.788702
-10.816042
-10.844256
-10.873340
-10.903293
-10.934112
-10.965795
-10.998340
-11.031743
-11.066003
-11.101115
-11.137079
-11.173890
-11.211546
-11.250043
-11.289380
-11.329552
-11.370557
-11.412391
-11.455051
-11.498533
-11.542835
-11.587952
-11.633882
-11.680619
-11.728162
-11.776505
-11.825646
-11.875579
-11.926302
-11.977810
-12.030100
-12.083166
-12.137005
-12.191613
-12.246985
-12.303117
-12.360004
-12.417642
-12.476026
-12.535152
-12.595015
-12.655611
-12.716933
-12.778979
-12.841742
-12.905218
-12.969401
-13.034288
-13.099871
-13.166147
-13.233110
-13.300755
-13.369076
-13.438068
-13.507725
-13.578043
-13.649015
-13.720635
-13.792899
-13.865800
-13.939333
-14.013492
-14.088270
-14.163663
-14.239663
-14.316266
-14.393464
-14.471252
-14.549624
-14.628574
-14.708094
-14.788180
-14.868824
-14.950020
-15.031762
-15.114043
-15.196857
-15.280197
-15.364057
-15.448429
-15.533308
-15.618686
-15.704557
-15.790915
-15.877751
-15.965059
-16.052833
-16.141065
-16.229749
-16.318877
-16.408442
-16.498438
-16.588856
-16.679691
-16.770934
-16.862578
-16.954617
-17.047043
-17.139849
-17.233026
-17.326569
-17.420469
-17.514720
-17.609312
-17.704240
-17.799496
-17.895071
-17.990959
-18.087152
-18.183642
-18.280422
-18.377483
-18.474819
-18.572421
-18.670283
-18.768395
-18.866750
-18.965341
-19.064160
-19.163198
-19.262449
-19.361904
-19.461555
-19.561394
-19.661414
-19.761606
-19.861963
-19.962477
-20.063139
-20.163942
-20.264878
-20.365938
-20.467115
-20.568401
-20.669788
-20.771268
-20.872831
-20.974472
-21.076181
-21.177951
-21.279773
-21.381639
-21.483542
-21.585473
-21.687424
-21.789387
-21.891354
-21.993317
-22.095268
-22.197198
-22.299101
-22.400967
-22.502788
-22.604557
-22.706265
-22.807905
-22.909468
-23.010946
-23.112332
-23.213616
-23.314792
-23.415851
-23.516786
-23.617587
-23.718248
-23.818759
-23.919114
-24.019305
-24.119322
-24.219159
-24.318808
-24.418260
-24.517508
-24.616544
-24.715360
-24.813948
-24.912301
-25.010410
-25.108268
-25.205867
-25.303200
-25.400258
-25.497034
-25.593521
-25.689710
-25.785594
-25.881166
-25.976418
-26.071342
-26.165930
-26.260176
-26.354072
-26.447610
-26.540784
-26.633585
-26.726006
-26.818040
-26.909680
-27.000918
-27.091748
-27.182161
-27.272152
-27.361712
-27.450834
-27.539513
-27.627739
-27.715507
-27.802810
-27.889641
-27.975992
-28.061857
-28.147230
-28.232102
-28.316469
-28.400322
-28.483656
-28.566464
-28.648738
-28.730474
-28.811663
-28.892300
-28.972379
-29.051893
-29.130835
-29.209200
-29.286981
-29.364173
-29.440768
-29.516761
-29.592146
-29.666917
-29.741068
-29.814594
-29.887487
-29.959743
-30.031356
-30.102320
-30.172630
-30.242279
-30.311263
-30.379576
-30.447213
-30.514167
-30.580435
-30.646010
-30.710888
-30.775063
-30.838530
-30.901285
-30.963321
-31.024636
-31.085222
-31.145076
-31.204193
-31.262569
-31.320198
-31.377076
-31.433199
-31.488561
-31.543160
-31.596990
-31.650047
-31.702327
-31.753825
-31.804539
-31.854463
-31.903594
-31.951927
-31.999460
-32.046188
-32.092108
-32.137215
-32.181507
-32.224979
-32.267630
-32.309454
-32.350448
-32.390610
-32.429937
-32.468425
-32.506070
-32.542871
-32.578824
-32.613927
-32.648176
-32.681569
-32.714103
-32.745775
-32.776584
-32.806527
-32.835601
-32.863804
-32.891134
-32.917588
-32.943165
-32.967862
-32.991678
-33.014611
-33.036658
-33.057819
-33.078091
-33.097473
-33.115963
-33.133560
-33.150262
-33.166068
-33.180978
-33.194989
-33.208100
-33.220311
-33.231621
-33.242028
-33.251532
-33.260132
-33.267828
-33.274618
-33.280503
-33.285481
-33.289553
-33.292718
-33.294975
-33.296325
-33.296768
-33.296304
-33.294931
-33.292652
-33.289465
-33.285372
-33.280371
-33.274465
-33.267653
-33.259935
-33.251313
-33.241788
-33.231359
-33.220027
-33.207794
-33.194661
-33.180629
-33.165698
-33.149870
-33.133146
-33.115527
-33.097016
-33.077612
-33.057319
-33.036137
-33.014068
-32.991114
-32.967277
-32.942558
-32.916960
-32.890485
-32.863134
-32.834910
-32.805815
-32.775851
-32.745022
-32.713328
-32.680773
-32.647360
-32.613090
-32.577967
-32.541993
-32.505172
-32.467506
-32.428998
-32.389651
-32.349469
-32.308454
-32.266610
-32.223940
-32.180448
-32.136137
-32.091009
-32.045070
-31.998323
-31.950771
-31.902418
-31.853268
-31.803325
-31.752592
-31.701075
-31.648776
-31.595700
-31.541852
-31.487235
-31.431854
-31.375713
-31.318816
-31.261169
-31.202776
-31.143641
-31.083769
-31.023165
-30.961833
-30.899779
-30.837008
-30.773523
-30.709331
-30.644436
-30.578844
-30.512560
-30.445589
-30.377936
-30.309607
-30.240607
-30.170941
-30.100616
-30.029636
-29.958008
-29.885736
-29.812827
-29.739287
-29.665121
-29.590335
-29.514935
-29.438927
-29.362318
-29.285112
-29.207317
-29.128938
-29.049981
-28.970454
-28.890362
-28.809711
-28.728508
-28.646760
-28.564472
-28.481652
-28.398306
-28.314440
-28.230061
-28.145176
-28.059792
-27.973915
-27.887552
-27.800710
-27.713396
-27.625616
-27.537379
-27.448690
-27.359556
-27.269986
-27.179985
-27.089562
-26.998722
-26.907474
-26.815825
-26.723781
-26.631351
-26.538541
-26.445358
-26.351811
-26.257907
-26.163652
-26.069056
-25.974124
-25.878864
-25.783285
-25.687393
-25.591197
-25.494703
-25.397920
-25.300855
-25.203516
-25.105911
-25.008046
-24.909931
-24.811573
-24.712979
-24.614158
-24.515117
-24.415864
-24.316406
-24.216753
-24.116912
-24.016890
-23.916695
-23.816337
-23.715821
-23.615157
-23.514352
-23.413415
-23.312353
-23.211174
-23.109887
-23.008499
-22.907019
-22.805454
-22.703812
-22.602103
-22.500332
-22.398510
-22.296643
-22.194740
-22.092809
-21.990857
-21.888894
-21.786927
-21.684964
-21.583014
-21.481083
-21.379181
-21.277316
-21.175495
-21.073727
-20.972019
-20.870381
-20.768819
-20.667341
-20.565957
-20.464673
-20.363499
-20.262441
-20.161509
-20.060709
-19.960050
-19.859540
-19.759187
-19.658999
-19.558983
-19.459149
-19.359502
-19.260052
-19.160807
-19.061774
-18.962960
-18.864375
-18.766025
-18.667919
-18.570064
-18.472468
-18.375139
-18.278084
-18.181311
-18.084828
-17.988642
-17.892762
-17.797194
-17.701946
-17.607027
-17.512442
-17.418200
-17.324308
-17.230774
-17.137606
-17.044809
-16.952392
-16.860363
-16.768728
-16.677494
-16.586670
-16.496262
-16.406276
-16.316722
-16.227604
-16.138932
-16.050710
-15.962948
-15.875650
-15.788826
-15.702480
-15.616621
-15.531255
-15.446388
-15.362028
-15.278180
-15.194853
-15.112052
-15.029784
-14.948055
-14.866872
-14.786241
-14.706169
-14.626663
-14.547727
-14.469369
-14.391595
-14.314411
-14.237823
-14.161837
-14.086459
-14.011696
-13.937552
-13.864034
-13.791149
-13.718900
-13.647295
-13.576339
-13.506037
-13.436396
-13.367420
-13.299115
-13.231487
-13.164540
-13.098281
-13.032714
-12.967845
-12.903678
-12.840220
-12.777474
-12.715446
-12.654140
-12.593563
-12.533717
-12.474609
-12.416243
-12.358623
-12.301754
-12.245640
-12.190287
-12.135697
-12.081877
-12.028829
-11.976559
-11.925069
-11.874365
-11.824451
-11.775330
-11.727005
-11.679482
-11.632764
-11.586854
-11.541757
-11.497475
-11.454012
-11.411372
-11.369558
-11.328573
-11.288421
-11.249105
-11.210627
-11.172992
-11.136201
-11.100258
-11.065166
-11.030927
-10.997545
-10.965021
-10.933359
-10.902560
-10.872628
-10.843565
-10.815372
-10.788053
-10.761609
-10.736043
-10.711356
-10.687551
-10.664629
-10.642592
-10.621442
-10.601181
-10.581810
-10.563331
-10.545744
-10.529053
-10.513257
-10.498359
-10.484359
-10.471258
-10.459058
-10.447759
-10.437363
-10.427870
-10.419281
-10.411596
-10.404816
-10.398943
-10.393975
-10.389915
-10.386761
-10.384514
-10.383175
-10.382743
-10.383218
