-5.137600
-5.138847
-5.142587
-5.148820
-5.157543
-5.168754
-5.182448
-5.198623
-5.217271
-5.238389
-5.261968
-5.288002
-5.316482
-5.347399
-5.380744
-5.416506
-5.454673
-5.495233
-5.538174
-5.583482
-5.631143
-5.681141
-5.733461
-5.788086
-5.844998
-5.904181
-5.965614
-6.029279
-6.095155
-6.163222
-6.233458
-6.305840
-6.380346
-6.456953
-6.535635
-6.616368
-6.699126
-6.783884
-6.870614
-6.959288
-7.049880
-7.142359
-7.236697
-7.332864
-7.430829
-7.530562
-7.632030
-7.735202
-7.840045
-7.946525
-8.054609
-8.164263
-8.275452
-8.388141
-8.502293
-8.617874
-8.734845
-8.853171
-8.972813
-9.093735
-9.215896
-9.339260
-9.463786
-9.589435
-9.716168
-9.843944
-9.972722
-10.102463
-10.233124
-10.364665
-10.497044
-10.630219
-10.764147
-10.898786
-11.034094
-11.170028
-11.306544
-11.443600
-11.581151
-11.719155
-11.857568
-11.996345
-12.135443
-12.274818
-12.414425
-12.554221
-12.694161
-12.834200
-12.974295
-13.114401
-13.254474
-13.394468
-13.534341
-13.674047
-13.813542
-13.952782
-14.091724
-14.230322
-14.368533
-14.506313
-14.643619
-14.780408
-14.916634
-15.052257
-15.187232
-15.321517
-15.455069
-15.587846
-15.719806
-15.850907
-15.981107
-16.110366
-16.238643
-16.365896
-16.492085
-16.617171
-16.741114
-16.863874
-16.985413
-17.105692
-17.224672
-17.342318
-17.458590
-17.573452
-17.686869
-17.798803
-17.909219
-18.018083
-18.125360
-18.231016
-18.335017
-18.437331
-18.537925
-18.636767
-18.733826
-18.829071
-18.922473
-19.014000
-19.103625
-19.191319
-19.277054
-19.360804
-19.442540
-19.522239
-19.599873
-19.675420
-19.748854
-19.820153
-19.889294
-19.956255
-20.021015
-20.083553
-20.143850
-20.201886
-20.257643
-20.311104
-20.362251
-20.411068
-20.457540
-20.501652
-20.543390
-20.582741
-20.619692
-20.654232
-20.686350
-20.716035
-20.743278
-20.768071
-20.790405
-20.810274
-20.827672
-20.842592
-20.855030
-20.864982
-20.872445
-20.877417
-20.879896
-20.879881
-20.877372
-20.872370
-20.864877
-20.854895
-20.842427
-20.827477
-20.810049
-20.790151
-20.767787
-20.742964
-20.715691
-20.685977
-20.653830
-20.619261
-20.582280
-20.542901
-20.501134
-20.456993
-20.410493
-20.361648
-20.310473
-20.256984
-20.201200
-20.143136
-20.082812
-20.020247
-19.955461
-19.888473
-19.819306
-19.747981
-19.674521
-19.598950
-19.521290
-19.441567
-19.359805
-19.276032
-19.190273
-19.102556
-19.012907
-18.921357
-18.827933
-18.732666
-18.635585
-18.536722
-18.436107
-18.333773
-18.229751
-18.124076
-18.016780
-17.907897
-17.797462
-17.685509
-17.572075
-17.457196
-17.340907
-17.223245
-17.104248
-16.983954
-16.862400
-16.739626
-16.615669
-16.490570
-16.364367
-16.237102
-16.108813
-15.979543
-15.849331
-15.718219
-15.586249
-15.453462
-15.319901
-15.185608
-15.050625
-14.914995
-14.778761
-14.641966
-14.504654
-14.366868
-14.228652
-14.090050
-13.951105
-13.811861
-13.672363
-13.532655
-13.392780
-13.252785
-13.112711
-12.972605
-12.832511
-12.692472
-12.552534
-12.412740
-12.273135
-12.133763
-11.994669
-11.855896
-11.717488
-11.579489
-11.441943
-11.304894
-11.168385
-11.032458
-10.897158
-10.762527
-10.628608
-10.495443
-10.363074
-10.231543
-10.100893
-9.971163
-9.842396
-9.714633
-9.587913
-9.462277
-9.337765
-9.214416
-9.092269
-8.971363
-8.851736
-8.733426
-8.616471
-8.500908
-8.386773
-8.274102
-8.162931
-8.053296
-7.945231
-7.838770
-7.733947
-7.630796
-7.529348
-7.429637
-7.331693
-7.235548
-7.141232
-7.048776
-6.958207
-6.869556
-6.782850
-6.698116
-6.615382
-6.534673
-6.456016
-6.379435
-6.304954
-6.232598
-6.162388
-6.094348
-6.028498
-5.964860
-5.903453
