-5.9376
-6.0476
-6.1245
-6.1831
-6.2251
-6.2689
-6.2579
-6.2195
-6.1775
-6.1683
-6.2048
-6.2413
-6.2742
-6.3106
-6.3543
-6.3834
-6.4198
-6.4743
-6.5723
-6.7066
-6.8280
-6.9364
-7.0374
-7.1455
-7.2534
-7.3686
-7.4512
-7.5105
-7.5698
-7.6075
-7.6433
-7.6719
-7.6933
-7.7131
-7.7057
-7.6839
-7.6675
-7.6566
-7.6566
-7.6618
-7.6616
-7.6650
-7.7130
-7.7789
-7.8608
-7.9371
-7.9918
-8.0194
-8.0345
-8.0621
-8.0858
-8.1237
-8.1897
-8.2592
-8.3374
-8.3943
-8.4247
-8.4319
-8.4158
-8.3874
-8.3413
-8.3007
-8.2462
-8.1744
-8.0957
-8.0137
-7.9425
-7.8836
-7.8476
-7.8100
-7.7884
-7.7881
-7.8141
-7.8561
-7.8875
-7.9315
-8.0143
-8.1132
-8.2371
-8.3810
-8.5038
-8.5819
-8.6256
-8.6368
-8.6125
-8.5883
-8.5611
-8.5380
-8.5326
-8.5326
-8.5326
-8.5326
-8.5220
-8.5236
-8.5340
-8.5373
-8.5647
-8.5795
-8.5728
-8.5417
-8.5491
-8.6105
-8.7326
-8.8803
-9.0487
-9.2135
-9.3281
-9.3926
-9.4400
-9.4671
-9.4738
-9.4720
-9.4610
-9.4486
-9.4380
-9.4414
-9.4430
-9.4305
-9.3989
-9.3567
-9.3210
-9.2993
-9.2724
-9.2390
-9.2180
-9.2214
-9.2282
-9.2332
-9.2244
-9.2378
-9.2549
-9.2690
-9.2712
-9.2804
-9.2931
-9.3192
-9.3572
-9.3952
-9.4230
-9.4298
-9.4332
-9.4299
-9.4367
-9.4506
-9.4646
-9.4579
-9.4444
-9.4309
-9.4260
-9.4181
-9.3708
-9.2896
-9.1744
-9.0438
-8.9252
-8.7995
-8.6991
-8.6188
-8.6019
-8.6351
-8.7166
-8.7897
-8.8245
-8.8332
-8.8332
-8.8332
-8.8385
-8.8419
-8.8453
-8.8506
-8.8559
-8.8646
-8.8781
-8.9123
-8.9466
-8.9877
-8.9499
-8.8911
-8.8854
-8.8905
-8.8992
-8.9550
-9.0681
-9.2520
-9.4703
-9.6624
-9.8770
-10.1271
-10.3844
-10.6384
-10.8873
-11.1221
-11.3516
-11.5503
-11.7057
-11.8014
-11.8221
-11.8220
-11.8120
-11.8154
-11.8154
-11.8154
-11.8120
-11.8120
-11.8174
-11.8248
-11.8422
-11.8542
-11.8816
-11.9371
-12.0001
-12.0738
-12.1944
-12.3694
-12.5606
-12.7748
-12.9849
-13.2050
-13.3826
-13.4873
-13.5341
-13.5505
-13.5636
-13.5887
-13.6475
-13.7369
-13.8470
-13.9375
-14.0530
-14.1685
-14.2634
-14.3430
-14.3845
-14.3965
-14.3965
-14.3965
-14.4249
-14.4620
-14.5165
-14.5557
-14.6310
-14.7469
-14.8682
-14.9808
-15.0616
-15.1195
-15.1677
-15.2040
-15.2411
-15.2925
-15.3711
-15.4848
-15.6424
-15.8264
-16.0258
-16.2475
-16.4746
-16.6931
-16.9151
-17.1620
-17.3851
-17.5602
-17.6746
-17.7293
-17.7492
-17.7492
-17.7780
-17.8099
-17.8401
-17.8728
-17.9118
-17.9589
-18.0059
-18.0498
-18.0993
-18.1752
-18.3070
-18.4746
-18.6547
-18.8656
-19.1189
-19.3779
-19.5987
-19.7603
-19.8537
-19.8957
-19.9133
-19.9190
-19.9303
-19.9453
-19.9747
-20.0009
-20.0252
-20.0524
-20.0738
-20.0956
-20.1268
-20.1812
-20.2648
-20.3550
-20.4458
-20.5216
-20.5737
-20.6108
-20.6383
-20.6413
-20.6502
-20.6681
-20.6683
-20.6806
-20.7047
-20.7409
-20.7984
-20.8828
-20.9769
-21.0949
-21.2273
-21.3612
-21.4856
-21.5864
-21.6431
-21.6790
-21.6909
-21.6939
-21.6939
-21.7059
-21.7238
-21.7507
-21.7776
-21.7991
-21.8413
-21.9071
-21.9761
-22.0513
-22.1155
-22.1935
-22.2589
-22.3235
-22.3587
-22.3708
-22.3454
-22.3200
-22.3001
-22.2888
-22.2976
-22.3065
-22.3128
-22.3166
-22.3149
-22.3018
-22.2661
-22.2132
-22.1489
-22.0873
-22.0569
-22.0805
-22.0922
-22.0953
-22.0643
-22.0422
-22.0205
-22.0130
-22.0114
-22.0153
-22.0192
-22.0092
-22.0022
-21.9841
-21.9635
-21.9264
-21.8783
-21.8191
-21.7451
-21.6818
-21.6238
-21.5789
-21.5510
-21.5173
-21.4839
-21.4391
-21.3722
-21.3030
-21.2057
-21.0999
-20.9353
-20.7596
-20.5813
-20.4426
-20.3518
-20.3001
-20.2486
-20.1796
-20.0966
-20.0055
-19.9252
-19.8725
-19.8476
-19.8169
-19.7639
-19.7164
-19.6469
-19.5855
-19.5048
-19.4132
-19.3154
-19.2155
-19.1017
-18.9572
-18.8355
-18.7214
-18.6291
-18.5594
-18.5120
-18.4567
-18.4123
-18.3506
-18.2771
-18.2015
-18.1043
-17.9987
-17.8956
-17.7925
-17.6829
-17.5804
-17.4480
-17.2755
-17.0732
-16.8758
-16.6707
-16.5190
-16.4116
-16.3377
-16.2525
-16.1757
-16.0852
-15.9948
-15.9158
-15.8558
-15.8179
-15.7792
-15.7458
-15.6790
-15.5955
-15.5204
-15.4217
-15.3002
-15.1482
-14.9818
-14.7810
-14.5810
-14.4078
-14.2545
-14.1190
-14.0003
-13.8827
-13.7663
-13.6122
-13.4319
-13.2159
-12.9695
-12.7217
-12.5092
-12.3465
-12.2425
-12.1805
-12.1176
-12.0591
-12.0141
-11.9795
-11.9469
-11.9067
-11.8466
-11.7677
-11.6908
-11.6023
-11.4770
-11.3305
-11.1742
-11.0004
-10.8200
-10.6018
-10.3931
-10.2164
-10.0562
-9.9345
-9.8463
-9.7744
-9.6744
-9.5804
-9.5183
-9.4851
-9.4701
-9.4570
-9.4373
-9.3946
-9.3284
-9.2340
-9.1094
-8.9829
-8.8782
-8.7882
-8.7297
-8.7164
-8.7164
-8.7149
-8.6950
-8.6717
-8.6352
-8.5819
-8.4920
-8.3853
-8.2681
-8.1541
-8.0603
-7.9763
-7.9141
-7.8804
-7.8770
-7.8939
-7.9006
-7.9004
-7.8967
-7.8794
-7.8451
-7.7868
-7.6926
-7.5982
-7.4863
-7.3550
-7.1592
-6.8881
-6.5636
-6.2480
-5.9590
-5.7315
-5.5375
-5.4302
-5.3807
-5.4217
-5.5672
-5.8344
-6.1540
-6.4966
