-5.393186183
-5.408402235
-5.406565293
-5.401986201
-5.356229784
-5.277161331
-5.189459988
-5.075047712
-4.893805875
-4.723214821
-4.614075509
-4.565072918
-4.550631405
-4.573567523
-4.659966158
-4.769881274
-4.889935942
-5.021521917
-5.13804013
-5.247575944
-5.349133533
-5.43655069
-5.490822938
-5.533362703
-5.552629466
-5.519325482
-5.46091592
-5.399405464
-5.341978517
-5.28904058
-5.233431891
-5.192796288
-5.189220915
-5.234626074
-5.309855694
-5.409408625
-5.534464596
-5.664502568
-5.810096176
-5.962050201
-6.076559418
-6.148926707
-6.193248389
-6.245097065
-6.305973122
-6.399569704
-6.534381431
-6.679808459
-6.850436877
-7.027858342
-7.185862676
-7.32424113
-7.43702609
-7.522666372
-7.604075606
-7.711362703
-7.840615741
-7.993815649
-8.121493505
-8.210646882
-8.269620335
-8.301956855
-8.35599609
-8.412135546
-8.479045377
-8.557187421
-8.656599028
-8.781742734
-8.90255901
-9.060204199
-9.245807209
-9.440755406
-9.635142373
-9.799020492
-9.924564971
-10.00030125
-10.04473452
-10.07505647
-10.10015606
-10.11576719
-10.13903229
-10.18104534
-10.26599759
-10.37899087
-10.46833231
-10.55950818
-10.63297607
-10.72172696
-10.8024568
-10.8841543
-10.95858998
-11.00101512
-11.00505668
-11.00423288
-11.01242281
-11.02450836
-11.04051757
-11.03597253
-11.00724141
-10.96332727
-10.90035928
-10.81057564
-10.69830464
-10.56218301
-10.42473137
-10.27727198
-10.12371222
-9.984491348
-9.839172674
-9.691255557
-9.540682621
-9.386284353
-9.1940051
-8.982198583
-8.74760565
-8.484591391
-8.208561728
-7.924719552
-7.645486037
-7.387741443
-7.167956184
-6.937295508
-6.73351205
-6.518737882
-6.310401033
-6.108627633
-5.925269653
-5.749204095
-5.603582903
-5.483262704
-5.373160857
-5.274250245
-5.196550953
-5.098742789
-5.008096215
-4.921445031
-4.802571231
-4.679658741
-4.544724393
-4.38168896
-4.184598346
-3.967442934
-3.750408212
-3.525642841
-3.318971459
-3.148670174
-2.958293074
-2.75844961
-2.564735547
-2.342711402
-2.083520585
-1.832972715
-1.578581387
-1.288389964
-0.987703134
-0.693974983
-0.40050523
-0.15339506
0.010531318
0.122397298
0.174805045
0.194611634
0.212829669
0.254614894
0.342174539
0.447151667
0.539687967
0.639579241
0.759574231
0.871433324
0.999902274
1.146933225
1.299744335
1.445232652
1.60374026
1.790916215
1.932775778
2.059517245
2.186258106
2.300789044
2.395238994
2.475331843
2.555496466
2.650161707
2.753519292
2.87504114
3.009609074
3.148606969
3.295724461
3.456095292
3.621702024
3.750899577
3.826929956
3.845776294
3.817352441
3.812340323
3.818116951
3.822745905
3.822523128
3.850865765
3.88717276
3.94140668
4.000545779
4.07416542
4.11513093
4.159963118
4.199638181
4.194266212
4.146771282
4.098647664
4.027654123
3.915234585
3.778645246
3.636309146
3.481016117
3.316677162
3.137866382
2.941759811
2.71788567
2.451031898
2.194096276
1.940642584
1.696411695
1.481684806
1.278159706
1.096408094
0.928129466
0.77372122
0.578314358
0.399145014
0.207343264
0.005987779
-0.209504228
-0.453811514
-0.717181345
-1.008506593
-1.356905265
-1.724211887
-2.080263882
-2.42366621
-2.811069924
-3.217221511
-3.62730255
-4.01655269
-4.34715556
-4.63301884
-4.865555972
-5.035266152
-5.133465718
-5.164170739
-5.158029063
-5.136787768
-5.149595136
-5.169671028
-5.185556811
-5.199471749
-5.230646615
-5.277938587
-5.353588503
-5.475104859
-5.608157646
-5.733788568
-5.82799239
-5.83876245
-5.782210414
-5.64402184
-5.420837847
-5.097114351
-4.688201636
-6.494999103
