-5.950383
-6.117353
-6.284311
-6.451244
-6.618140
-6.784987
-6.951771
-7.118482
-7.285107
-7.451632
-7.618047
-7.784338
-7.950494
-8.116502
-8.282349
-8.448024
-8.613515
-8.778808
-8.943892
-9.108755
-9.273384
-9.437768
-9.601893
-9.765748
-9.929322
-10.092601
-10.255573
-10.418228
-10.580551
-10.742533
-10.904159
-11.065420
-11.226302
-11.386794
-11.546884
-11.706560
-11.865810
-12.024623
-12.182987
-12.340889
-12.498319
-12.655265
-12.811715
-12.967657
-13.123080
-13.277973
-13.432324
-13.586122
-13.739354
-13.892011
-14.044080
-14.195551
-14.346412
-14.496652
-14.646260
-14.795225
-14.943535
-15.091181
-15.238150
-15.384433
-15.530018
-15.674894
-15.819051
-15.962478
-16.105165
-16.247100
-16.388274
-16.528676
-16.668296
-16.807123
-16.945147
-17.082358
-17.218746
-17.354300
-17.489011
-17.622868
-17.755862
-17.887983
-18.019221
-18.149567
-18.279010
-18.407541
-18.535151
-18.661831
-18.787570
-18.912359
-19.036191
-19.159054
-19.280940
-19.401841
-19.521746
-19.640648
-19.758537
-19.875405
-19.991243
-20.106043
-20.219796
-20.332493
-20.444127
-20.554689
-20.664170
-20.772564
-20.879861
-20.986054
-21.091135
-21.195096
-21.297930
-21.399628
-21.500184
-21.599590
-21.697839
-21.794922
-21.890834
-21.985567
-22.079114
-22.171468
-22.262623
-22.352571
-22.441306
-22.528821
-22.615110
-22.700167
-22.783985
-22.866557
-22.947879
-23.027944
-23.106745
-23.184278
-23.260536
-23.335514
-23.409206
-23.481606
-23.552710
-23.622513
-23.691008
-23.758191
-23.824057
-23.888601
-23.951819
-24.013705
-24.074255
-24.133465
-24.191330
-24.247846
-24.303008
-24.356813
-24.409257
-24.460336
-24.510045
-24.558382
-24.605343
-24.650924
-24.695122
-24.737934
-24.779356
-24.819385
-24.858019
-24.895255
-24.931089
-24.965520
-24.998544
-25.030159
-25.060364
-25.089155
-25.116530
-25.142488
-25.167027
-25.190144
-25.211838
-25.232108
-25.250951
-25.268368
-25.284355
-25.298913
-25.312039
-25.323734
-25.333995
-25.342823
-25.350217
-25.356176
-25.360700
-25.363788
-25.365440
-25.365657
-25.364437
-25.361782
-25.357691
-25.352165
-25.345203
-25.336808
-25.326978
-25.315715
-25.303020
-25.288894
-25.273338
-25.256352
-25.237939
-25.218099
-25.196834
-25.174145
-25.150035
-25.124505
-25.097557
-25.069192
-25.039414
-25.008224
-24.975624
-24.941617
-24.906205
-24.869392
-24.831179
-24.791570
-24.750568
-24.708175
-24.664394
-24.619230
-24.572685
-24.524762
-24.475466
-24.424800
-24.372767
-24.319372
-24.264618
-24.208510
-24.151051
-24.092246
-24.032100
-23.970616
-23.907800
-23.843655
-23.778187
-23.711400
-23.643300
-23.573891
-23.503179
-23.431169
-23.357865
-23.283275
-23.207402
-23.130253
-23.051833
-22.972149
-22.891206
-22.809009
-22.725566
-22.640882
-22.554964
-22.467818
-22.379450
-22.289867
-22.199076
-22.107082
-22.013894
-21.919518
-21.823961
-21.727229
-21.629331
-21.530274
-21.430064
-21.328709
-21.226216
-21.122594
-21.017850
-20.911992
-20.805027
-20.696963
-20.587808
-20.477571
-20.366260
-20.253882
-20.140447
-20.025962
-19.910436
-19.793877
-19.676295
-19.557698
-19.438094
-19.317492
-19.195902
-19.073333
-18.949792
-18.825291
-18.699837
-18.573440
-18.446109
-18.317855
-18.188685
-18.058611
-17.927641
-17.795785
-17.663053
-17.529455
-17.395001
-17.259700
-17.123562
-16.986599
-16.848819
-16.710232
-16.570851
-16.430683
-16.289741
-16.148034
-16.005572
-15.862367
-15.718429
-15.573769
-15.428396
-15.282323
-15.135560
-14.988117
-14.840006
-14.691237
-14.541822
-14.391771
-14.241096
-14.089808
-13.937918
-13.785437
-13.632377
-13.478748
-13.324563
-13.169833
-13.014568
-12.858781
-12.702483
-12.545685
-12.388400
-12.230639
-12.072413
-11.913735
-11.754615
-11.595066
-11.435100
-11.274728
-11.113962
-10.952814
-10.791296
-10.629421
-10.467199
-10.304643
-10.141765
-9.978577
-9.815091
-9.651320
-9.487274
-9.322967
-9.158411
-8.993617
-8.828599
-8.663367
-8.497935
-8.332314
-8.166517
-8.000557
-7.834444
-7.668193
-7.501814
-7.335320
-7.168724
-7.002038
-6.835275
-6.668445
-6.501563
-6.334640
-6.167688
-6.000721
-5.833749
-5.666787
-5.499845
-5.332936
-5.166074
-4.999269
-4.832534
-4.665883
-4.499326
-4.332877
-4.166547
-4.000349
-3.834295
-3.668398
-3.502670
-3.337122
-3.171768
-3.006620
-2.841689
-2.676988
-2.512529
-2.348325
-2.184387
-2.020727
-1.857358
-1.694292
-1.531540
-1.369116
-1.207030
-1.045295
-0.883923
-0.722925
-0.562314
-0.402102
-0.242300
-0.082920
0.076026
0.234526
0.392569
0.550143
0.707235
0.863836
1.019932
1.175513
1.330567
1.485083
1.639048
1.792453
1.945284
2.097532
2.249184
2.400230
2.550659
2.700458
2.849618
2.998127
3.145974
3.293148
3.439639
3.585435
3.730526
3.874901
4.018550
4.161461
4.303624
4.445029
4.585664
4.725521
4.864588
5.002855
5.140313
5.276949
5.412756
5.547722
5.681838
5.815093
5.947478
6.078984
6.209599
6.339315
6.468123
6.596011
6.722972
6.848996
6.974073
7.098194
7.221350
7.343532
7.464730
7.584937
7.704142
7.822337
7.939514
8.055664
8.170777
8.284847
8.397863
8.509818
8.620704
8.730512
8.839235
8.946863
9.053390
9.158807
9.263106
9.366281
9.468322
9.569224
9.668977
9.767575
9.865011
9.961277
10.056366
10.150271
10.242986
10.334503
10.424815
10.513916
10.601800
10.688459
10.773888
10.858080
10.941029
11.022728
11.103173
11.182356
11.260271
11.336914
11.412278
11.486359
11.559149
11.630645
11.700840
11.769730
11.837309
11.903573
11.968516
12.032134
12.094422
12.155375
12.214990
12.273260
12.330183
12.385754
12.439969
12.492824
12.544314
12.594437
12.643188
12.690564
12.736562
12.781177
12.824407
12.866248
12.906698
12.945753
12.983410
13.019667
13.054521
13.087970
13.120010
13.150640
13.179857
13.207660
13.234045
13.259012
13.282558
13.304681
13.325380
13.344654
13.362501
13.378919
13.393908
13.407466
13.419592
13.430286
13.439546
13.447372
13.453764
13.458721
13.462242
13.464327
13.464976
13.464190
13.461967
13.458309
13.453215
13.446686
13.438723
13.429326
13.418495
13.406232
13.392537
13.377412
13.360857
13.342874
13.323463
13.302628
13.280368
13.256687
13.231584
13.205063
13.177126
13.147773
13.117008
13.084833
13.051250
13.016262
12.979871
12.942080
12.902891
12.862309
12.820334
12.776972
12.732225
12.686095
12.638588
12.589705
12.539452
12.487830
12.434846
12.380501
12.324801
12.267749
12.209349
12.149607
12.088526
12.026110
11.962366
11.897296
11.830906
11.763202
11.694187
11.623867
11.552247
11.479333
11.405130
11.329643
11.252879
11.174841
11.095538
11.014973
10.933154
10.850086
10.765776
10.680229
10.593452
10.505452
10.416235
10.325807
10.234175
10.141347
10.047328
9.952126
9.855748
9.758201
9.659492
9.559628
9.458618
9.356468
9.253185
9.148779
9.043255
8.936623
8.828889
8.720063
8.610152
8.499163
8.387106
8.273989
8.159819
8.044606
7.928358
7.811083
7.692791
7.573490
7.453188
7.331895
7.209620
7.086371
6.962158
6.836991
6.710877
6.583827
6.455850
6.326955
6.197153
6.066452
5.934862
5.802393
5.669055
5.534858
5.399811
5.263925
5.127209
4.989674
4.851330
4.712187
4.572255
4.431545
4.290068
4.147833
4.004851
3.861132
3.716688
3.571530
3.425667
3.279110
3.131871
2.983960
2.835388
2.686167
2.536307
2.385819
2.234714
2.083005
1.930701
1.777814
1.624356
1.470337
1.315769
1.160665
1.005034
0.848889
0.692241
0.535101
0.377482
0.219395
0.060852
-0.098136
-0.257557
-0.417398
-0.577649
-0.738298
-0.899332
-1.060739
-1.222508
-1.384627
-1.547083
-1.709865
-1.872961
-2.036358
-2.200045
-2.364009
-2.528239
-2.692721
-2.857444
-3.022397
-3.187565
-3.352938
-3.518503
-3.684248
-3.850161
-4.016229
-4.182440
-4.348782
-4.515242
-4.681808
-4.848469
-5.015210
-5.182021
-5.348889
-5.515801
-5.682745
-5.849709
-6.016681
-6.183647
-6.350597
-6.517516
-6.684394
-6.851218
-7.017975
-7.184653
-7.351239
-7.517722
-7.684090
-7.850328
-8.016427
-8.182372
-8.348153
-8.513756
-8.679170
-8.844382
-9.009379
-9.174151
-9.338684
-9.502966
-9.666986
-9.830731
-9.994189
-10.157347
-10.320195
-10.482720
-10.644909
-10.806751
-10.968234
-11.129345
-11.290074
-11.450408
-11.610335
-11.769843
-11.928921
-12.087557
-12.245739
-12.403455
-12.560694
-12.717445
-12.873694
-13.029432
-13.184646
-13.339325
-13.493457
-13.647032
-13.800037
-13.952462
-14.104295
-14.255525
-14.406141
-14.556131
-14.705485
-14.854192
-15.002239
-15.149618
-15.296316
-15.442322
-15.587627
-15.732219
-15.876088
-16.019222
-16.161612
-16.303246
-16.444115
-16.584208
-16.723514
-16.862023
-16.999726
-17.136611
-17.272669
-17.407889
-17.542262
-17.675778
-17.808427
-17.940198
-18.071083
-18.201072
-18.330154
-18.458321
-18.585562
-18.711869
-18.837233
-18.961643
-19.085091
-19.207567
-19.329063
-19.449569
-19.569078
-19.687578
-19.805063
-19.921523
-20.036950
-20.151335
-20.264670
-20.376946
-20.488155
-20.598289
-20.707339
-20.815299
-20.922158
-21.027911
-21.132548
-21.236062
-21.338446
-21.439692
-21.539792
-21.638739
-21.736526
-21.833146
-21.928590
-22.022853
-22.115927
-22.207806
-22.298482
-22.387949
-22.476201
-22.563230
-22.649030
-22.733596
-22.816920
-22.898997
-22.979820
-23.059384
-23.137682
-23.214710
-23.290460
-23.364928
-23.438108
-23.509994
-23.580582
-23.649866
-23.717841
-23.784502
-23.849843
-23.913861
-23.976551
-24.037907
-24.097925
-24.156602
-24.213931
-24.269910
-24.324534
-24.377800
-24.429702
-24.480237
-24.529402
-24.577193
-24.623607
-24.668639
-24.712287
-24.754547
-24.795417
-24.834892
-24.872971
-24.909651
-24.944928
-24.978801
-25.011266
-25.042321
-25.071965
-25.100194
-25.127007
-25.152401
-25.176376
-25.198928
-25.220057
-25.239761
-25.258038
-25.274887
-25.290306
-25.304296
-25.316854
-25.327980
-25.337672
-25.345931
-25.352755
-25.358144
-25.362098
-25.364616
-25.365698
-25.365345
-25.363555
-25.360329
-25.355668
-25.349572
-25.342041
-25.333076
-25.322678
-25.310846
-25.297583
-25.282889
-25.266765
-25.249212
-25.230232
-25.209826
-25.187996
-25.164742
-25.140068
-25.113975
-25.086464
-25.057538
-25.027198
-24.995448
-24.962289
-24.927724
-24.891756
-24.854387
-24.815619
-24.775456
-24.733901
-24.690957
-24.646627
-24.600914
-24.553821
-24.505353
-24.455512
