-4.450249234
-4.259133727
-4.07646559
-3.96668124
-3.973223389
-4.032205535
-4.135136753
-4.213526313
-4.241668858
-4.231302274
-4.190553154
-4.163598875
-4.153191284
-4.171495183
-4.211820265
-4.253452281
-4.297277905
-4.338346479
-4.350948383
-4.393416648
-4.451058398
-4.524626399
-4.609447632
-4.675342629
-4.746887395
-4.778739436
-4.793222964
-4.805454868
-4.831933333
-4.846823133
-4.851058435
-4.828051156
-4.747271721
-4.626920325
-4.459720212
-4.292411891
-4.127798101
-3.983992596
-3.886254106
-3.832489818
-3.80013052
-3.802003782
-3.823982463
-3.868975583
-3.933253671
-3.985546818
-4.023464676
-4.029900895
-4.040918342
-4.067531595
-4.103013333
-4.125892395
-4.164346611
-4.226566806
-4.313509923
-4.417242009
-4.515734295
-4.63783706
-4.758293267
-4.890967028
-4.979413466
-5.041361616
-5.086190387
-5.125062144
-5.134969487
-5.1364824
-5.118733568
-5.107528335
-5.075448963
-5.005014916
-4.885738483
-4.730170685
-4.549494331
-4.34944126
-4.1562977
-3.951784833
-3.748479683
-3.558242597
-3.414743703
-3.329258493
-3.315414878
-3.373281553
-3.445092166
-3.52541575
-3.585002783
-3.637931266
-3.704721203
-3.798187453
-3.912853789
-4.054824022
-4.224097712
-4.409611227
-4.581647948
-4.754089807
-4.891234451
-5.005533935
-5.077833532
-5.097074706
-5.08026759
-5.059669873
-5.035623861
-5.019146085
-5.027498912
-5.074596596
-5.118017383
-5.159831304
-5.211875534
-5.292144062
-5.385862521
-5.470406027
-5.541473166
-5.591981811
-5.629951116
-5.671445166
-5.720191246
-5.787288562
-5.851089169
-5.931134059
-6.037184011
-6.147709589
-6.237102033
-6.344783282
-6.474773116
-6.616846005
-6.756815764
-6.911378485
-7.061868971
-7.220126071
-7.36825137
-7.510259559
-7.667897057
-7.844382335
-8.015270906
-8.163284474
-8.314085918
-8.472912567
-8.59525034
-8.67403258
-8.727232564
-8.764509796
-8.776216459
-8.786997754
-8.785863211
-8.769002902
-8.757002972
-8.725076762
-8.705853252
-8.693950757
-8.710613243
-8.715255758
-8.720257207
-8.709714844
-8.728006642
-8.744754547
-8.782374849
-8.79479418
-8.801004331
-8.807214806
-8.811215016
-8.8236367
-8.8236367
-8.83384746
-8.83384746
-8.836430291
-8.85346897
-8.889087338
-8.92999145
-8.96019487
-8.978406916
-8.990033779
-9.012818669
-9.044670578
-9.073586925
-9.092278002
-9.110971987
-9.110971987
-9.114969524
-9.129194938
-9.149650766
-9.161531531
-9.176006415
-9.206456057
-9.25066693
-9.288196386
-9.327468897
-9.367086025
-9.41596658
-9.472036339
-9.530026722
-9.592002058
-9.650005568
-9.710341696
-9.766371027
-9.83687234
-9.905104495
-9.968748487
-10.03342282
-10.1215405
-10.26871074
-10.42253469
-10.55784148
-10.67371994
-10.81747173
-10.94342535
-11.06873444
-11.14347514
-11.16336954
-11.158747
-11.15444736
-11.16667252
-11.19710159
-11.25252275
-11.31590748
-11.3898024
-11.46112203
-11.53631975
-11.60759017
-11.67240618
-11.73059311
-11.76920768
-11.7576746
-11.75026602
-11.75397423
-11.80101102
-11.87677404
-11.94640845
-12.00570007
-12.05229515
-12.10647013
-12.19501461
-12.34060025
-12.50015916
-12.67689445
-12.84533262
-12.97640769
-13.05744471
-13.08290921
-13.0929395
-13.0929395
-13.10856754
-13.13542824
-13.15594756
-13.15594756
-13.15594756
-13.16389118
-13.18492023
-13.21248953
-13.24005576
-13.2699585
-13.3201475
-13.3817816
-13.44109413
-13.48967154
-13.54384904
-13.6253022
-13.7053724
-13.77005664
-13.8111449
-13.83263561
-13.87057027
-13.92860369
-13.99036612
-14.06479706
-14.16599774
-14.28967039
-14.41546807
-14.58186372
-14.76774926
-14.96375796
-15.14616198
-15.30542671
-15.45136552
-15.5853261
-15.72335873
-15.84258762
-15.94247147
-15.99405296
-16.00623622
-15.98898848
-15.99044456
-15.97012948
-15.94059435
-15.91752049
-15.90460655
-15.89444799
-15.86492123
-15.84055245
-15.81617163
-15.78951007
-15.76812038
-15.72469158
-15.70245788
-15.7029852
-15.73312794
-15.76324156
-15.79332588
-15.81304863
-15.84296953
-15.86464675
-15.86144936
-15.82796932
-15.77025771
-15.66280586
-15.51899214
-15.39018474
-15.26571071
-15.15090812
-15.06953869
-15.03721347
-15.02428552
-15.017822
-15.017822
-15.01512712
-14.99950811
-14.98164108
-14.92630423
-14.82300084
-14.66847797
-14.49019394
-14.33798752
-14.20882634
-14.11280952
-14.05391138
-14.04914707
-14.06882263
-14.07700868
-14.09473723
-14.1206285
-14.15982626
-14.21339462
-14.2658209
-14.31327101
-14.35928734
-14.41105327
-14.45221848
-14.478976
-14.49245964
-14.49317038
-14.4716846
-14.42287387
-14.34023451
-14.19418206
-14.02617256
-13.85675574
-13.67837494
-13.50004393
-13.37085141
-13.27269864
-13.21845766
-13.20164927
-13.20805752
-13.24676086
-13.28674018
-13.34222377
-13.38479897
-13.45051226
-13.55707562
-13.68746677
-13.84671696
-13.98872038
-14.09984377
-14.15273678
-14.15619513
-14.16533837
-14.20672536
-14.27609337
-14.35949513
-14.43784447
-14.49740633
-14.55525882
-14.61030938
-14.64805946
-14.6773193
-14.71697302
-14.7859198
-14.87729444
-14.95776912
-14.99799048
-14.97716926
-14.90086618
-14.80323709
-14.70597061
-14.6127104
-14.52209552
-14.44674168
-14.35997162
-14.25518908
-14.15027385
-14.05026232
-13.94010843
-13.83264232
-13.74807476
-13.67728519
-13.62262071
-13.57692226
-13.56906641
-13.6032713
-13.67072668
-13.74704861
-13.82148559
-13.89478042
-13.96056045
-14.02656624
-14.09261602
-14.17064656
-14.26103543
-14.3390579
-14.39724422
-14.46711795
-14.53772655
-14.60589932
-14.65554654
-14.68386739
-14.67429317
-14.63006277
-14.5632854
-14.48269287
-14.41343147
-14.3391632
-14.26737307
-14.18527121
-14.1220534
-14.04891859
-13.99473152
-13.94560723
-13.92666918
-13.90523133
-13.87376042
-13.83600535
-13.79950476
-13.7541613
-13.69377122
-13.59447355
-13.4980941
-13.41789443
-13.31889373
-13.19277339
-13.0182528
-12.77811379
-12.49269168
-12.22438015
-11.97778115
-11.7882481
-11.69103015
-11.66394505
-11.6798459
-11.70666373
-11.72123112
-11.72123112
-11.73825985
-11.78201002
-11.82194353
-11.84370337
-11.85318364
-11.86154138
-11.84677224
-11.82225606
-11.77574117
-11.69253641
-11.60177525
-11.49894915
-11.42919832
-11.38159507
-11.35961467
-11.33879146
-11.27996618
-11.20131454
-11.08330749
-10.92232562
-10.73073433
-10.55017563
-10.41012975
-10.33976174
-10.31068954
-10.31074465
-10.31300428
-10.3180087
-10.28312869
-10.2201842
-10.13395404
-10.02337148
-9.894478985
-9.754326266
-9.598292198
-9.4311922
-9.263208276
-9.110043291
-8.974184692
-8.86190126
-8.776543682
-8.707056996
-8.653436674
-8.593780708
-8.524318465
-8.423158746
-8.284282822
-8.113749645
-7.917600606
-7.699653589
-7.465951008
-7.204516481
-6.941234276
-6.703530889
-6.498488032
-6.327959911
-6.196908282
-6.100732552
-6.023585944
-5.948662831
-5.879693256
-5.805898137
-5.711460066
-5.615071819
-5.499846836
-5.377825816
-5.238115464
-5.061252995
-4.856876526
-4.640776922
-4.426718168
-4.222543992
-4.049832906
-3.863380241
-3.684011732
-3.507471401
-3.324245627
-3.122274957
-2.899811841
-2.679708705
-2.495040177
-2.333714153
-2.183935072
-2.023395915
-1.893463272
-1.76366061
-1.649493536
-1.537923272
-1.414015811
-1.282741777
-1.147338548
-0.994671981
-0.829628821
-0.67202261
-0.502965264
-0.311133581
-0.125866673
0.062486377
0.268109528
0.488584093
0.719681196
0.934426
1.16460945
1.380628738
1.585229855
1.73123385
1.863054515
1.961065928
2.020225834
2.073650139
2.107277164
2.132422471
2.163160032
2.198796828
2.244926126
2.299409013
2.365068798
2.439143254
2.523050669
2.644192263
2.793391524
2.950984019
3.109195
3.267316275
3.408606088
3.557031443
3.70119364
3.842706512
3.988474724
4.124404955
4.249217039
4.35991923
4.470614765
4.560381749
4.644611703
4.723312012
4.814937423
4.913998112
5.024872525
5.140102798
5.241817027
5.331926076
5.436910708
5.535647771
5.655365477
5.787366114
5.961585493
6.167705905
6.39281433
6.643339786
6.903154674
7.150906345
7.352013267
7.514016652
7.642365244
7.716099043
7.746434958
7.746962233
7.740412007
7.735443622
7.735443622
7.735443622
7.735443622
7.740939383
7.757425548
7.767888636
7.768942166
7.776016768
7.789217415
7.799671926
7.811250617
7.836816618
7.884946709
7.924185588
7.943893737
7.959715957
7.984586536
8.005227857
8.036480534
8.057314594
8.081441428
8.091857867
8.103323258
8.130594205
8.171723734
8.203482455
8.245646743
8.301598645
8.352603606
8.394232179
8.445745213
8.517033126
8.589337874
8.670502457
8.747728988
8.824940829
8.90163585
8.958538462
9.004543335
9.045598807
9.082697592
9.098912799
9.105936582
9.083409588
9.036791364
8.967215296
8.921486428
8.888369542
8.853511518
8.848166432
8.842820993
8.843332703
8.828320073
8.81484615
8.779475708
8.731964528
8.660844748
8.586225483
8.496683315
8.387952325
8.288479745
8.201550187
8.122516293
8.027885655
7.943571961
7.864208141
7.78214418
7.688024182
7.604207783
7.524320494
7.46093313
7.432854198
7.428674686
7.429851776
7.416140174
7.392309432
7.354187756
7.29225982
7.205784546
7.107146375
6.989395785
6.880805113
6.783398554
6.703643429
6.62655234
6.560366097
6.494583837
6.47202481
6.469232643
6.469875492
6.452767121
6.439295755
6.439295755
6.433933396
6.417844262
6.396387287
6.391022187
6.36955836
6.331983473
6.294391798
6.27278042
6.266800899
6.199126512
6.075571774
5.859738925
5.530714686
5.066511823
4.522837746
3.951678936
3.391170172
2.876398582
2.400992403
1.975685275
1.655329397
1.467697502
1.447793732
1.524415815
1.645072172
1.798371952
1.921748456
1.971339366
1.971339366
1.960005101
1.954337455
1.955180287
1.96819947
1.974707832
1.974707832
2.007278826
2.068159892
2.180267559
2.35693155
2.549603442
2.739088489
2.912903909
3.02950381
3.110872096
3.127005804
3.094564526
3.090694988
3.121358514
3.15443814
3.178666183
3.184212181
3.174725976
3.143728175
3.098710309
3.088448679
3.068631995
3.029743361
3.004585788
2.965404835
2.89127566
2.81444827
2.748755142
2.673262208
2.578176753
2.474136574
2.351138079
2.232603848
2.126619605
2.05280809
2.007505672
1.972853656
1.965108774
1.956501864
1.934962738
1.879640897
1.800012009
1.703558744
1.56345603
1.382999372
1.174660013
0.987323723
0.860835041
0.809895472
0.856491362
0.964488299
1.031975982
1.041971033
0.959339556
0.876317153
0.852932261
0.886535583
0.965483443
1.057874391
1.107896729
1.11845023
1.073701307
1.012882294
0.972839726
0.927056585
0.864335048
0.815784894
0.76149082
0.709000772
0.669798954
0.604311038
0.53885771
0.471963814
0.390233007
0.274308245
0.1774691
0.093840757
0.024962712
-0.039119263
-0.069888411
-0.076665127
-0.075716101
-0.075716101
-0.075716101
-0.075716101
-0.075716101
-0.076665127
-0.076665127
-0.076665127
-0.076665127
-0.093945959
-0.121183941
-0.141711171
-0.139807196
-0.142758428
-0.171208781
-0.208590496
-0.260206424
-0.302106352
-0.321655922
-0.323926141
-0.285889639
-0.271712057
-0.320326629
-0.368705825
-0.40426365
-0.495549276
-0.653166782
-0.874920441
-1.106905429
-1.361596096
-1.624247931
-1.918085011
-2.217202722
-2.510284123
-2.790666719
-3.038158438
-3.258992068
-3.431057695
-3.53814886
-3.57963402
-3.585561805
-3.585561805
-3.58778455
-3.591118431
-3.591118431
-3.610019755
-3.611131743
-3.613355626
-3.634489045
-3.660451406
-3.681600827
-3.71869753
-3.80007067
-3.884155978
-3.955596759
-4.054313028
-4.170743563
-4.291770663
-4.393138911
-4.470323556
-4.52066315
-4.55601216
-4.591684957
-4.628908019
-4.663677796
-4.709106082
-4.754026772
-4.79302716
-4.795330478
-4.798785195
-4.804542362
-4.809147468
-4.814903066
-4.827562306
-4.838416519
-4.849915094
-4.854513536
-4.871925875
-4.918322406
-4.96051643
-5.02082145
-5.117378551
-5.229602576
-5.31425409
-5.35777531
-5.380418062
-5.39680646
-5.410847958
-5.432333478
-5.495129992
-5.543691636
-5.561744304
-5.594088058
-5.600163824
-5.591956293
-5.581612969
-5.608277583
-5.639853901
-5.645934733
-5.664791192
-5.705833883
-5.740999383
-5.740999383
-5.732454036
-5.758622503
-5.771994555
-5.779272473
-5.807452295
-5.861496368
-5.968446143
-6.109584115
-6.191847701
-6.166772334
-5.966874062
-5.62026224
-5.150608816
-4.56681529
-3.935316973
-3.301799542
-2.706066351
-2.118218149
-1.547577423
-1.035566715
-0.60273251
-0.303061122
-0.16950152
-0.224795211
-0.378038824
-0.576068247
-0.749772086
-0.884597253
-1.009159751
-1.110093962
-1.177788194
-1.23199062
-1.286410392
-1.369261947
-1.481812916
-1.622831768
-1.771883749
-1.951046631
-2.187460222
-2.430523317
-2.66077341
-2.87846986
-3.075983032
-3.254409247
-3.380388272
-3.438130279
-3.437471216
-3.398789476
-3.36755011
-3.360940629
-3.360940629
-3.358142441
-3.369568786
-3.388749176
-3.420649672
-3.473767394
-3.561072755
-3.630435501
-3.674559401
-3.683252893
-3.68488557
-3.714203312
-3.779654669
-3.830986459
-3.881162711
-3.945439691
-4.089273968
-4.26805589
-4.440538482
-4.621556675
-4.776003344
-4.914027537
-5.047762347
-5.149953241
-5.211448299
-5.225638158
-5.173115285
-5.081649504
-4.931248359
-4.777376845
-4.658864598
-4.555353082
-4.444882241
-4.31105279
-4.143073526
-4.001741654
-3.886379078
-3.814082595
-3.800933473
-3.815541451
-3.841166687
-3.856814211
-3.876285439
-3.915834616
-3.962263391
-3.979061651
-3.988226942
-3.99978997
-3.999210582
-3.997752834
-4.014677644
-4.015693888
-4.020006779
-4.012865717
-4.003324865
-3.999295817
-3.977295622
-3.965368721
-3.952703173
-3.94450845
-3.956050623
-3.964984724
-4.003298808
-4.079799278
-4.196789181
-4.324063528
-4.429889016
-4.478030713
-4.459584179
-4.37260582
-4.226691574
-4.092388428
-3.965973226
-3.835995411
-3.722905778
-3.608127967
-3.486422626
-3.352416413
-3.226173999
-3.117846593
-3.045849525
-3.030363887
-3.046166089
-3.078121938
-3.139036962
-3.22334708
-3.308279042
-3.396150495
-3.487709763
-3.611536913
-3.724802754
-3.809272303
-3.87567561
-3.924089041
-3.930398569
-3.931448439
-3.931429383
-3.91983124
-3.912414999
-3.903923389
-3.90276835
-3.900576293
-3.901752007
-3.91550793
-3.940521039
-3.991598205
-4.049949148
-4.091577951
-4.129007288
-4.192815735
-4.285118136
-4.39944343
-4.501448876
-4.576799586
-4.607851957
-4.620455408
-4.626757165
-4.631974178
-4.64324109
-4.658891113
-4.708005331
-4.800255696
-4.928004703
-5.074317982
-5.234897372
-5.379058742
-5.511498973
-5.64890248
-5.786582218
-5.897601631
-5.962527958
-5.985614988
-6.034042357
-6.11482694
-6.186996616
-6.226806192
-6.232007667
-6.238117637
-6.254407427
-6.296256565
-6.341287933
-6.385189177
-6.430456794
-6.492471942
-6.586392737
-6.676978783
-6.779302883
-6.885595873
-7.028381027
-7.187532659
-7.397844443
-7.635003285
-7.916564933
-8.192173864
-8.447097636
-8.685790874
-8.873888027
-8.979713782
-9.025812422
-9.03843568
-9.027613268
-9.026283756
-9.033610913
-9.03715825
-9.043138131
-9.041979538
-9.029905302
-9.032524678
-9.041547049
-9.054716305
-9.090699588
-9.153813887
-9.242505676
-9.336340433
-9.433794389
-9.543062204
-9.648459208
-9.748349541
-9.817676701
-9.834621239
-9.840867962
-9.840867962
-9.844796336
-9.862960337
-9.873267938
-9.90466227
-9.929175228
-9.99675567
-10.09114145
-10.19549982
-10.28827835
-10.36468359
-10.41704634
-10.46803376
-10.51150728
-10.54473317
-10.58162956
-10.61085577
-10.62493347
-10.63653939
-10.64040715
-10.63538973
-10.62535427
-10.60289886
-10.59425739
-10.57828636
-10.55981094
-10.53125331
-10.53669115
-10.56089799
-10.61272672
-10.69108421
-10.77326998
-10.86527254
-10.91691366
-10.92935116
-10.89660516
-10.87396201
-10.85758916
-10.82867922
-10.76217587
-10.68920355
-10.6362564
-10.59702644
-10.55272166
-10.48961812
-10.39908335
-10.29606392
-10.18023015
-10.09058644
-10.03993647
-10.01542125
-10.02168253
-10.05012588
-10.07501572
-10.08892882
-10.12000399
-10.1471713
-10.16571897
-10.15897156
-10.14598861
-10.11667347
-10.07104349
-9.999022119
-9.879702683
-9.745192811
-9.583077857
-9.431066489
-9.29537548
-9.199665078
-9.145606276
-9.120300034
-9.127061656
-9.134947585
-9.116871275
-9.070081355
-9.008052699
-8.95331507
-8.913698389
-8.897097511
-8.925383783
-8.989504595
-9.063061403
-9.160335211
-9.259355276
-9.347201521
-9.384741302
-9.387095943
-9.34940162
-9.303609362
-9.252017898
-9.191036402
-9.156411618
-9.146916997
-9.152307897
-9.173683189
-9.209907041
-9.263668869
-9.343030636
-9.414556287
-9.467984256
-9.506454599
-9.506616406
-9.454454443
-9.332050887
-9.140321694
-8.936546742
-8.724839343
-8.501056493
-8.294490297
-8.111173852
-7.954266146
-7.822220925
-7.72611404
-7.664257785
-7.653197289
-7.652428107
-7.652993673
-7.646422561
-7.601344577
-7.523114359
-7.433050897
-7.349773515
-7.247783972
-7.119589003
-6.997462675
-6.862328172
-6.703401042
-6.52539474
-6.353481506
-6.203624332
-6.083690581
-5.94988664
-5.816114842
-5.658374833
-5.454858197
-5.199585703
-4.926487518
-4.66971504
-4.436207752
-4.231996153
-4.058899623
-3.89885827
-3.736428392
-3.583755975
-3.452936616
-3.351133562
-3.245307907
-3.167497239
-3.10155801
-3.050630044
-3.032703439
-3.020614435
-3.019721396
-3.009781358
-2.997116416
-2.985392841
-2.952901035
-2.914529797
-2.870328755
-2.823471944
-2.766775404
-2.700635383
-2.634131054
-2.552712484
-2.464943249
-2.351502013
-2.227869324
-2.066182525
-1.89250121
-1.697504848
-1.474641467
-1.234875744
-1.000478366
-0.790245368
-0.613967479
-0.455114392
-0.32104216
-0.191957818
-0.0728109
0.056168606
0.190035655
0.297579789
0.379620141
0.446831768
0.506745331
0.560144278
0.60860183
0.650544987
0.685975261
0.694062196
0.703961745
0.70891176
0.721411945
0.743795235
0.763554773
0.793196053
0.850952647
0.932354297
1.02025659
1.140084637
1.270558758
1.417389045
1.565714625
1.713300091
1.887765204
2.081165092
2.323836309
2.586751525
2.848111866
3.08464684
3.283832816
3.456110574
3.590417211
3.690835129
3.751715046
3.816873017
3.887682034
3.957799847
4.031523469
4.102991267
4.183717545
4.275061198
4.367066953
4.469679363
4.58155515
4.683662132
4.766729586
4.824466548
4.87414705
4.926406789
4.952710907
4.968306393
4.967661399
4.940141513
4.899454026
4.864028536
4.849348694
4.844498942
4.829275965
4.80059476
4.765169977
4.711447149
4.61303408
4.488204455
4.377879001
4.262628061
4.12060657
3.969144414
3.830443274
3.682787878
3.533425974
3.420355316
3.330385946
3.252898108
3.206467731
3.157984829
3.105506217
3.077548756
3.063185215
3.055917957
3.034521238
3.012381893
2.976139357
2.939348704
2.890215871
2.828198487
2.747678919
2.636313948
2.479860093
2.276400563
2.062827024
1.84965835
1.637112729
1.453669533
1.289617496
1.140628416
1.024590033
0.916495358
0.823658058
0.737720278
0.661468356
0.567489662
0.458694728
0.349571624
0.265158502
0.189778106
0.099879483
-0.023456623
-0.158259624
-0.297353038
-0.461848402
-0.602015922
-0.744553875
-0.85850091
-0.93926619
-1.016266039
-1.078091525
-1.117592845
-1.154697634
-1.179423831
-1.198435376
-1.233622045
-1.274521872
-1.323071724
-1.385981366
-1.442235831
-1.516675537
-1.625572789
-1.767069847
-1.911523257
-2.103203391
-2.317548446
-2.549853761
-2.780010452
-3.012218117
-3.239450909
-3.446210522
-3.606639035
-3.717606558
-3.774503386
-3.778498423
-3.778498423
-3.778498423
-3.778498423
-3.778498423
-3.778498423
-3.778498423
-3.784343902
-3.796035845
-3.825271444
-3.864358226
-3.919150848
-3.975824538
-4.046109136
-4.14098524
-4.246599477
-4.375827634
-4.55230313
-4.749936968
-4.935069203
-5.100726696
-5.242024182
-5.326956396
-5.361671803
-5.368737325
-5.369878353
-5.369878353
-5.369878353
-5.372160296
-5.377259438
-5.382964175
-5.388667977
-5.39833082
-5.400611991
-5.427758754
-5.477511491
-5.546255499
-5.637682692
-5.747049926
-5.867296688
-5.988848011
-6.108210851
-6.19184209
-6.268397257
-6.391232994
-6.515836594
-6.60583396
-6.650096698
-6.652831073
-6.639099423
-6.601097357
-6.570172525
-6.534079983
-6.482718999
-6.386085195
-6.236026218
-6.048354808
-5.810674857
-5.488355868
-5.136158628
-4.796245156
-4.537832254
-4.400565105
-4.309937778
-4.207462889
-4.056585538
-3.801923828
-3.324835487
-2.529950443
-1.465131027
