11.5071
11.4622
11.4037
11.3458
11.3133
11.2891
11.2902
11.3037
11.3113
11.3100
11.3121
11.3051
11.2725
11.2319
11.1878
11.1695
11.1824
11.2304
11.2959
11.3567
11.4140
11.4601
11.4763
11.4846
11.4976
11.5035
11.5253
11.5499
11.5951
11.6710
11.7349
11.7908
11.8334
11.8520
11.8576
11.8335
11.8047
11.7511
11.6616
11.5632
11.4913
11.4357
11.4270
11.4270
11.4350
11.4390
11.4390
11.4428
11.4425
11.4216
11.3655
11.2327
11.0397
10.8072
10.5816
10.4007
10.3186
10.3097
10.3217
10.3298
10.3298
10.3298
10.3378
10.3418
10.3458
10.3617
10.3870
10.4116
10.4489
10.4869
10.5075
10.5328
10.5462
10.5691
10.5972
10.6177
10.6241
10.6288
10.6602
10.6908
10.7208
10.7421
10.7587
10.7727
10.7774
10.8106
10.8731
10.9450
10.9910
11.0149
11.0348
11.0627
11.1033
11.1469
11.2198
11.3122
11.4321
11.5840
11.7683
11.9728
12.1567
12.2787
12.3263
12.2809
12.2264
12.1529
12.1045
12.0804
12.0643
12.0603
12.0427
12.0029
11.9327
11.8696
11.8317
11.7995
11.7721
11.7503
11.7327
11.6927
11.6258
11.5412
11.4502
11.3632
11.2772
11.1940
11.1018
10.9911
10.8668
10.7159
10.5869
10.5034
10.4726
10.4766
10.4766
10.4766
10.4678
10.4539
10.4181
10.3601
10.3150
10.2930
10.3005
10.3202
10.3056
10.2829
10.2343
10.1857
10.1276
10.0747
10.0565
10.0717
10.0917
10.0910
10.0779
10.0423
9.9752
9.8546
9.7071
9.5761
9.4732
9.3926
9.3739
9.3829
9.4019
9.4051
9.4003
9.3866
9.3770
9.3673
9.3439
9.3122
9.2983
9.2844
9.2615
9.2428
9.2185
9.2079
9.2094
9.2220
9.2353
9.2241
9.1983
9.1504
9.0717
8.9760
8.8721
8.7826
8.6672
8.5297
8.3493
8.1628
7.9480
7.7469
7.5611
7.4122
7.2825
7.2220
7.2038
7.2037
7.2037
7.2037
7.1996
7.1914
7.1684
7.1421
7.1149
7.0787
7.0375
7.0012
6.9700
6.9437
6.9336
6.9276
6.9223
6.9072
6.8960
6.8687
6.8423
6.8079
6.7643
6.6853
6.5873
6.4703
6.3533
6.2480
6.1465
6.0592
5.9820
5.8865
5.7448
5.5738
5.3764
5.1820
5.0055
4.8510
4.7209
4.6021
4.5129
4.4481
4.4006
4.3765
4.3544
4.3504
4.3453
4.3270
4.2985
4.2660
4.2214
4.1453
4.0338
3.8989
3.7313
3.5557
3.4001
3.2930
3.2432
3.2300
3.2300
3.2300
3.2208
3.2089
3.1946
3.1842
3.1751
3.1501
3.1134
3.0676
2.9799
2.8715
2.7368
2.6083
2.4442
2.2314
1.9700
1.6402
1.3038
0.9646
0.6843
0.4877
0.4045
0.3900
0.4045
0.4230
0.4204
0.4126
0.4008
0.4008
0.4008
0.3930
0.3852
0.3759
0.3510
0.3144
0.2763
0.2434
0.2118
0.1684
0.1301
0.0641
-0.0111
-0.1219
-0.2590
-0.4345
-0.6363
-0.8592
-1.0179
-1.1080
-1.1265
-1.1304
-1.1421
-1.1669
-1.1864
-1.2175
-1.2525
-1.2851
-1.3285
-1.3664
-1.3966
-1.4058
-1.4258
-1.4551
-1.4998
-1.5762
-1.6633
-1.7496
-1.8174
-1.8838
-1.9378
-1.9980
-2.0504
-2.1192
-2.2026
-2.3031
-2.4013
-2.4994
-2.6107
-2.7498
-2.8889
-3.0171
-3.1454
-3.2901
-3.4257
-3.5503
-3.6340
-3.6766
-3.6991
-3.7239
-3.7525
-3.7811
-3.8020
-3.8212
-3.8454
-3.8695
-3.9161
-3.9775
-4.0712
-4.1733
-4.2648
-4.3486
-4.4377
-4.5100
-4.5615
-4.5920
-4.6272
-4.6661
-4.7049
-4.7493
-4.8366
-4.9259
-5.0176
-5.0966
-5.1683
-5.2383
-5.2972
-5.3616
-5.4314
-5.5158
-5.5959
-5.6927
-5.7911
-5.9248
-6.0941
-6.2621
-6.3931
-6.5078
-6.6059
-6.6889
-6.7456
-6.7720
-6.7814
-6.7719
-6.7642
-6.7660
-6.7716
-6.7884
-6.8033
-6.8219
-6.8852
-6.9840
-7.1293
-7.3159
-7.5304
-7.7731
-7.9991
-8.2027
-8.3765
-8.4833
-8.5508
-8.6070
-8.6707
-8.7401
-8.8113
-8.8696
-8.9148
-8.9675
-8.9997
-9.0354
-9.0863
-9.1522
-9.2123
-9.2888
-9.3767
-9.4761
-9.5682
-9.6603
-9.7429
-9.8259
-9.9086
-10.0112
-10.1382
-10.2975
-10.4661
-10.6238
-10.7658
-10.8929
-10.9917
-11.0795
-11.1500
-11.2347
-11.3209
-11.4245
-11.5506
-11.6901
-11.8367
-11.9731
-12.0840
-12.1835
-12.2654
-12.3399
-12.4288
-12.5028
-12.5883
-12.6759
-12.7600
-12.8394
-12.9149
-12.9945
-13.0796
-13.1617
-13.2414
-13.3174
-13.3753
-13.4336
-13.4856
-13.5196
-13.5687
-13.6259
-13.6832
-13.7405
-13.7980
-13.8673
-13.9607
-14.0697
-14.2052
-14.3598
-14.5157
-14.6655
-14.8079
-14.9724
-15.1190
-15.2513
-15.3711
-15.4595
-15.5347
-15.6015
-15.6464
-15.6722
-15.6993
-15.7311
-15.7631
-15.8056
-15.8553
-15.9083
-15.9603
-16.0099
-16.0891
-16.1707
-16.2334
-16.2688
-16.2982
-16.3252
-16.3629
-16.4208
-16.4965
-16.6127
-16.7297
-16.8584
-16.9880
-17.1105
-17.2518
-17.3929
-17.5150
-17.5949
-17.6475
-17.6844
-17.7453
-17.8087
-17.8639
-17.9315
-18.0100
-18.0791
-18.1522
-18.2097
-18.2610
-18.3053
-18.3462
-18.3738
-18.4136
-18.4726
-18.5252
-18.5623
-18.5898
-18.6267
-18.6574
-18.7002
-18.7277
-18.7583
-18.7883
-18.8497
-18.9407
-19.0288
-19.1524
-19.2872
-19.4041
-19.5316
-19.6626
-19.8307
-19.9828
-20.1184
-20.2179
-20.2906
-20.3174
-20.3208
-20.3208
-20.3208
-20.3208
-20.3208
-20.3208
-20.3208
-20.3208
-20.3208
-20.3208
-20.3208
-20.3208
-20.3208
-20.3208
-20.3241
-20.3274
-20.3309
-20.3345
-20.3481
-20.3653
-20.3858
-20.4132
-20.4408
-20.4684
-20.4956
-20.5161
-20.5367
-20.5635
-20.5805
-20.6002
-20.6040
-20.6141
-20.6373
-20.6736
-20.7236
-20.7966
-20.8710
-20.9921
-21.1076
-21.2014
-21.2361
-21.2578
-21.2474
-21.2809
-21.3129
-21.3321
-21.3445
-21.3446
-21.3507
-21.3539
-21.3390
-21.3149
-21.2880
-21.2580
-21.2254
-21.1988
-21.2120
-21.2311
-21.2598
-21.2788
-21.2885
-21.2885
-21.2887
-21.2918
-21.2953
-21.3083
-21.3246
-21.3444
-21.3738
-21.4161
-21.4532
-21.4483
-21.4069
-21.3561
-21.3197
-21.3342
-21.3663
-21.3733
-21.3675
-21.3466
-21.3226
-21.3196
-21.3167
-21.3078
-21.2902
-21.2668
-21.2314
-21.2176
-21.2101
-21.2149
-21.2287
-21.2300
-21.2184
-21.1885
-21.1766
-21.1798
-21.1798
-21.1619
-21.1112
-21.0485
-21.0041
-20.9984
-21.0015
-21.0137
-21.0139
-21.0204
-21.0303
-21.0370
-21.0375
-21.0049
-20.9781
-20.9513
-20.9455
-20.9455
-20.9456
-20.9488
-20.9428
-20.9220
-20.8803
-20.8239
-20.7883
-20.7683
-20.7695
-20.7893
-20.7708
-20.7077
-20.5882
-20.4305
-20.2739
-20.1690
-20.1362
-20.1842
-20.2465
-20.2689
-20.2060
-20.1003
-20.0210
-19.9887
-19.9887
-19.9918
-19.9980
-20.0043
-20.0105
-20.0231
-20.0450
-20.0516
-20.0346
-20.0029
-19.9625
-19.9250
-19.8879
-19.8392
-19.7934
-19.7450
-19.6969
-19.6287
-19.5543
-19.4919
-19.4527
-19.4282
-19.3924
-19.3269
-19.2208
-19.0791
-18.9223
-18.7979
-18.7200
-18.7032
-18.7011
-18.6522
-18.5417
-18.3845
-18.2162
-18.0689
-17.9740
-17.9145
-17.8981
-17.8675
-17.7920
-17.6763
-17.5488
-17.4498
-17.3831
-17.3573
-17.3607
-17.3670
-17.3641
-17.3497
-17.2950
-17.2396
-17.1703
-17.1212
-17.1011
-17.0980
-17.1013
-17.0927
-17.0615
-17.0190
-16.9267
-16.7767
-16.5715
-16.3666
-16.2203
-16.1511
-16.1520
-16.1521
-16.1352
-16.0558
-15.9213
-15.7576
-15.5614
-15.3711
-15.1729
-15.0092
-14.8686
-14.7726
-14.7107
-14.6862
-14.6942
-14.7142
-14.7168
-14.7130
-14.6710
-14.6291
-14.5959
-14.5904
-14.5904
-14.5849
-14.5628
-14.5407
-14.5020
-14.4753
-14.4550
-14.4370
-14.4222
-14.3909
-14.3550
-14.3160
-14.2793
-14.2317
-14.1823
-14.1440
-14.1166
-14.1111
-14.1034
-14.0837
-14.0304
-13.9456
-13.8687
-13.7971
-13.7298
-13.6692
-13.5933
-13.5078
-13.4169
-13.3378
-13.2578
-13.1929
-13.1248
-13.0449
-12.9519
-12.8591
-12.7911
-12.7425
-12.7199
-12.7058
-12.6972
-12.6778
-12.6444
-12.6012
-12.5527
-12.4848
-12.4137
-12.3512
-12.3049
-12.2543
-12.1833
-12.0843
-11.9702
-11.8648
-11.7594
-11.6348
-11.4877
-11.3341
-11.1495
-10.9479
-10.7378
-10.5641
-10.3978
-10.2296
-10.0575
-9.8994
-9.7415
-9.5684
-9.3987
-9.2467
-9.1251
-9.0345
-8.9696
-8.9117
-8.8416
-8.7630
-8.6878
-8.6211
-8.5354
-8.4245
-8.2762
-8.1075
-7.9267
-7.7104
-7.4790
-7.2494
-7.0435
-6.8770
-6.7394
-6.6596
-6.6359
-6.6325
-6.6291
-6.6189
-6.6054
-6.5850
-6.5681
-6.5325
-6.4800
-6.4291
-6.3986
-6.3817
-6.3732
-6.3647
-6.3596
-6.3376
-6.2901
-6.2307
-6.1832
-6.1307
-6.0698
-6.0106
-5.9413
-5.8889
-5.8517
-5.8178
-5.8009
-5.7805
-5.7670
-5.7619
-5.7585
-5.7535
-5.7282
-5.6859
-5.6302
-5.5746
-5.5307
-5.5019
-5.4951
-5.4916
-5.4697
-5.4308
-5.3801
-5.3478
-5.3140
-5.2752
-5.2280
-5.1671
-5.1166
-5.0573
-5.0065
-4.9423
-4.8849
-4.8359
-4.8225
-4.8040
-4.7991
-4.7822
-4.7485
-4.7098
-4.6339
-4.5580
-4.4731
-4.3511
-4.2260
-4.0806
-3.9283
-3.7592
-3.6006
-3.4401
-3.2842
-3.1327
-2.9862
-2.8390
-2.7226
-2.6205
-2.5329
-2.4718
-2.4129
-2.3792
-2.3393
-2.3155
-2.3120
-2.3071
-2.2903
-2.2652
-2.2365
-2.2022
-2.1476
-2.0706
-1.9685
-1.8536
-1.7493
-1.6805
-1.5766
-1.3994
-1.1380
-0.8025
-0.4492
-0.0781
0.2402
0.5377
0.8170
1.0553
1.2832
1.4711
1.6652
1.8331
1.9724
2.0818
2.1599
2.1682
2.1499
2.1278
2.1495
2.1676
2.1878
2.1915
2.1950
2.2021
2.2260
2.2572
2.2800
2.3304
2.3845
2.4682
2.5666
2.6676
2.7854
2.9190
3.0823
3.2492
3.4373
3.6299
3.8530
4.0836
4.2682
4.4281
4.5567
4.6550
4.7451
4.8261
4.9367
5.0351
5.0935
5.1295
5.2069
5.3091
5.4298
5.5407
5.6334
5.7117
5.7749
5.8427
5.8837
5.9031
5.8993
5.8993
5.8993
5.9067
5.9254
5.9551
5.9787
6.0015
6.0346
6.0562
6.0919
6.1448
6.2273
6.3342
6.4654
6.6053
6.7264
6.8470
6.9919
7.1788
7.3476
7.4779
7.6038
7.7252
7.8518
7.9717
8.0819
8.1902
8.2900
8.3700
8.4662
8.5792
8.7072
8.8063
8.8811
8.9482
8.9994
9.0539
9.1083
9.1659
9.2350
9.3395
9.4601
9.5856
9.7139
9.8546
9.9904
10.1141
10.2191
10.3175
10.4033
10.4704
10.5253
10.5842
10.6386
10.6930
10.7635
10.8336
10.9231
11.0088
11.0907
11.1412
11.1564
11.1470
11.1253
11.1281
11.1554
11.1978
11.2318
11.2603
11.3010
11.3423
11.3806
11.4067
11.4029
11.3761
11.3464
11.3322
11.3355
11.3433
11.3506
11.3657
11.3847
11.3953
11.4012
11.4120
11.4386
11.4778
11.5092
11.5287
11.5441
11.5597
11.5832
11.6028
11.6065
11.6142
11.6300
11.6417
11.6496
11.6535
11.6736
11.6892
11.7009
11.7170
11.7246
11.7282
11.7436
11.7551
11.7590
11.7590
11.7590
11.7713
11.7870
11.8028
11.8381
11.8813
11.9164
11.9833
12.0610
12.1658
12.2744
12.3661
12.4426
12.5143
12.5938
12.6935
12.7943
12.8658
12.9141
12.9297
12.9165
12.8824
12.8533
12.8393
12.8309
12.8678
12.9571
13.0914
13.2397
13.3396
13.3574
13.3197
13.2194
13.0960
12.9459
12.7750
12.6311
12.5382
12.5131
12.5075
12.4716
12.3855
12.2816
12.2007
12.1413
12.1273
12.1075
12.0739
12.0201
11.9739
11.9266
11.8909
11.9058
12.0259
12.2585
