0.1474
0.0957
0.0936
0.1153
0.1153
0.1191
0.1255
0.1259
0.1300
0.1206
0.1087
0.1164
0.1347
0.1797
0.2329
0.2623
0.2556
0.1835
0.0845
-0.0477
-0.1451
-0.1768
-0.1515
-0.1188
-0.0974
-0.0910
-0.0712
-0.0551
-0.0463
-0.0434
-0.0332
-0.0234
0.0100
0.0709
0.1243
0.1802
0.2089
0.2102
0.2179
0.2333
0.2214
0.1919
0.1206
0.0646
0.0088
-0.0803
-0.2268
-0.3938
-0.5851
-0.8164
-1.0396
-1.2641
-1.4800
-1.7169
-1.9340
-2.1711
-2.3749
-2.5916
-2.7559
-2.9122
-3.0538
-3.2045
-3.3845
-3.5843
-3.8072
-4.0462
-4.2611
-4.4343
-4.5826
-4.7134
-4.8330
-4.9474
-5.0767
-5.1956
-5.2914
-5.4503
-5.6328
-5.8132
-5.9923
-6.1898
-6.3884
-6.5738
-6.7174
-6.8483
-7.0139
-7.1719
-7.3479
-7.5274
-7.7139
-7.9276
-8.1757
-8.4508
-8.7350
-9.0685
-9.4171
-9.7915
-10.1895
-10.5675
-10.8872
-11.1704
-11.4011
-11.6093
-11.8008
-11.9564
-12.1115
-12.2782
-12.4640
-12.6778
-12.9061
-13.1535
-13.4031
-13.6927
-13.9873
-14.2735
-14.5257
-14.7687
-14.9901
-15.2002
-15.4103
-15.6509
-15.9198
-16.2406
-16.5635
-16.8713
-17.1691
-17.4492
-17.7171
-17.9524
-18.1952
-18.4581
-18.7314
-19.0006
-19.2658
-19.5341
-19.7967
-20.0422
-20.2626
-20.5044
-20.7371
-20.9980
-21.2605
-21.5128
-21.7972
-22.0459
-22.2501
-22.4211
-22.5820
-22.7400
-22.9053
-23.0929
-23.2953
-23.4976
-23.6775
-23.8287
-23.9360
-23.9878
-24.0224
-24.0799
-24.1764
-24.3034
-24.4639
-24.6588
-24.8652
-25.0657
-25.2677
-25.4935
-25.7643
-26.0694
-26.3664
-26.6345
-26.8557
-26.9866
-27.0653
-27.1225
-27.1767
-27.2311
-27.3216
-27.4749
-27.6609
-27.9005
-28.0931
-28.2638
-28.4307
-28.6058
-28.7857
-28.9657
-29.1077
-29.2261
-29.3236
-29.3944
-29.4340
-29.4598
-29.4851
-29.5105
-29.5424
-29.5652
-29.5809
-29.5859
-29.6024
-29.6115
-29.5958
-29.5770
-29.5682
-29.5758
-29.5719
-29.5164
-29.4342
-29.3406
-29.2466
-29.1445
-29.0721
-29.0094
-28.9556
-28.9456
-28.9659
-28.9920
-29.0059
-29.0084
-28.9988
-28.9835
-28.9649
-28.9294
-28.8875
-28.8245
-28.7403
-28.6734
-28.6418
-28.6910
-28.7836
-28.9221
-29.0323
-29.0809
-29.0797
-29.0774
-29.0635
-29.0432
-29.0145
-28.9980
-29.0079
-28.9986
-28.9791
-28.9910
-29.0087
-28.9946
-28.9794
-29.0021
-29.0305
-29.0196
-28.9607
-28.8146
-28.6000
-28.3555
-28.0971
-27.8135
-27.5198
-27.2443
-26.9974
-26.7576
-26.5263
-26.2877
-26.0522
-25.8343
-25.6256
-25.4256
-25.2233
-25.0637
-24.9155
-24.8121
-24.7010
-24.5645
-24.3721
-24.0993
-23.7825
-23.4691
-23.1565
-22.8420
-22.5255
-22.2343
-21.9683
-21.6755
-21.3450
-21.0370
-20.7601
-20.5079
-20.2857
-20.0991
-19.9530
-19.8206
-19.7072
-19.5857
-19.4401
-19.2302
-18.9558
-18.6119
-18.2328
-17.8492
-17.4733
-17.1296
-16.8257
-16.5444
-16.2848
-16.0543
-15.8710
-15.7062
-15.5422
-15.3512
-15.1354
-14.8796
-14.6019
-14.2923
-13.9831
-13.6972
-13.4435
-13.1819
-12.9132
-12.5961
-12.2388
-11.8533
-11.4554
-11.0633
-10.7059
-10.4149
-10.1642
-9.9282
-9.7219
-9.5279
-9.3545
-9.1776
-8.9942
-8.8284
-8.6350
-8.4111
-8.1384
-7.8412
-7.5371
-7.2099
-6.8968
-6.5945
-6.2853
-6.0001
-5.7363
-5.4900
-5.2166
-4.9199
-4.6174
-4.3156
-4.0181
-3.7218
-3.4288
-3.1702
-2.9492
-2.7885
-2.6499
-2.4984
-2.2941
-2.0780
-1.8458
-1.5959
-1.3629
-1.1572
-0.9605
-0.7773
-0.6182
-0.4588
-0.2778
-0.0859
0.1074
0.2787
0.4647
0.6584
0.8455
1.0042
1.1804
1.3442
1.5081
1.6432
1.7286
1.8020
1.8776
1.9626
2.0272
2.0761
2.1211
2.1595
2.2095
2.2712
2.3541
2.4730
2.5967
2.6916
2.7419
2.7489
2.6783
2.5609
2.4093
2.2496
2.1077
2.0157
1.9578
1.9850
2.0594
2.1866
2.3937
2.6023
2.8433
3.1125
3.3618
3.5913
3.7575
3.8601
3.9300
3.9305
3.8156
3.6213
3.3701
3.0305
2.6364
2.2454
1.9013
1.5611
1.2820
1.0797
0.9650
0.8621
0.7637
0.6489
0.4777
0.2005
-0.0959
-0.3605
-0.5922
-0.8021
-1.0417
-1.2392
-1.3939
-1.4983
-1.5567
-1.6180
-1.6808
-1.8040
-1.9824
-2.1728
-2.3211
-2.4154
-2.4711
-2.5391
-2.6076
-2.6772
-2.7197
-2.7922
-2.8959
-2.9979
-3.1099
-3.2046
-3.2316
-3.2263
-3.2958
-3.4141
-3.5582
-3.7107
-3.8387
-3.9445
-3.9850
-4.0316
-4.0766
-4.1329
-4.2085
-4.2987
-4.3781
-4.4076
-4.4121
-4.3917
-4.3935
-4.3657
-4.3465
-4.3707
-4.4260
-4.5038
-4.5520
-4.5623
-4.5342
-4.5204
-4.5029
-4.4781
-4.4643
-4.4798
-4.5420
-4.6354
-4.7428
-4.8306
-4.8256
-4.7561
-4.6993
-4.6958
-4.7668
-4.8677
-4.9738
-5.0606
-5.1259
-5.1520
-5.1714
-5.2012
-5.2593
-5.3440
-5.4416
-5.5692
-5.7037
-5.8528
-6.0203
-6.1951
-6.3667
-6.5066
-6.6148
-6.7053
-6.8101
-6.9451
-7.1266
-7.3368
-7.5971
-7.9114
-8.2674
-8.6312
-8.9561
-9.2343
-9.4711
-9.6703
-9.8246
-9.9448
-10.0272
-10.1229
-10.2600
-10.4442
-10.6790
-10.9435
-11.2402
-11.5488
-11.9033
-12.2520
-12.5436
-12.7506
-12.8843
-12.9304
-12.9603
-12.9672
-12.9933
-13.0625
-13.1987
-13.4350
-13.7624
-14.1620
-14.5840
-15.0110
-15.4098
-15.7722
-16.0854
-16.3159
-16.4613
-16.5541
-16.6332
-16.6963
-16.7485
-16.8422
-17.0471
-17.3133
-17.6281
-17.9662
-18.2896
-18.5631
-18.7794
-18.9588
-19.0866
-19.2176
-19.3451
-19.4651
-19.5494
-19.6379
-19.7445
-19.8949
-20.0855
-20.2712
-20.4447
-20.5848
-20.7180
-20.8350
-20.9498
-21.0185
-21.0380
-21.0708
-21.1489
-21.2632
-21.4058
-21.5708
-21.7579
-21.9971
-22.2738
-22.5538
-22.7980
-23.0346
-23.2693
-23.4817
-23.6520
-23.7658
-23.8344
-23.9017
-24.0126
-24.1680
-24.3000
-24.3823
-24.4237
-24.4593
-24.4955
-24.5700
-24.6537
-24.7700
-24.9016
-25.0278
-25.1677
-25.3183
-25.4454
-25.5519
-25.6353
-25.7124
-25.7805
-25.8254
-25.8529
-25.8679
-25.9144
-26.0044
-26.0747
-26.0992
-26.0941
-26.1094
-26.1242
-26.1663
-26.1264
-25.9538
-25.7235
-25.5360
-25.4168
-25.3551
-25.3299
-25.3161
-25.2971
-25.2518
-25.1610
-25.0198
-24.8760
-24.7330
-24.6047
-24.5137
-24.4397
-24.3825
-24.3191
-24.2863
-24.3203
-24.4210
-24.5552
-24.6558
-24.6636
-24.5537
-24.3544
-24.1245
-23.9117
-23.7107
-23.5100
-23.3069
-23.1068
-22.9124
-22.6905
-22.4109
-22.0987
-21.8149
-21.5593
-21.2901
-20.9966
-20.6984
-20.4175
-20.1369
-19.8867
-19.6534
-19.4259
-19.1850
-18.9198
-18.6633
-18.4126
-18.1435
-17.8615
-17.5929
-17.3388
-17.0822
-16.8551
-16.6625
-16.4961
-16.3327
-16.1532
-15.9081
-15.5953
-15.2534
-14.8827
-14.5010
-14.1488
-13.8198
-13.4928
-13.2003
-12.9180
-12.6233
-12.3158
-12.0419
-11.8093
-11.6097
-11.4125
-11.2110
-11.0031
-10.7519
-10.4572
-10.0977
-9.7221
-9.3145
-8.9027
-8.5341
-8.2004
-7.8964
-7.6172
-7.3635
-7.1629
-7.0143
-6.8736
-6.7540
-6.6523
-6.5540
-6.4490
-6.3242
-6.1778
-6.0164
-5.8413
-5.6778
-5.4934
-5.2946
-5.0871
-4.8771
-4.6894
-4.5194
-4.3365
-4.1665
-4.0200
-3.8945
-3.7957
-3.6772
-3.5755
-3.5000
-3.4521
-3.4252
-3.3778
-3.3365
-3.3010
-3.2410
-3.1585
-3.0703
-3.0051
-2.9285
-2.8424
-2.7349
-2.6257
-2.5262
-2.4438
-2.4092
-2.4516
-2.5293
-2.5977
-2.6787
-2.7203
-2.7093
-2.5985
-2.4066
-2.1133
-1.8150
-1.5998
-1.4931
-1.4923
-1.5392
-1.6367
-1.7835
-2.0262
-2.3056
-2.5770
-2.8616
-3.1881
-3.5323
-3.8476
-4.1305
-4.4513
-4.8353
-5.1874
-5.4939
-5.7264
-5.8772
-5.9162
-5.9698
-6.0678
-6.2528
-6.4669
-6.6802
-6.7930
-6.8000
-6.7682
-6.7625
-6.8119
-6.9084
-7.0535
-7.1997
-7.3325
-7.4215
-7.4960
-7.5381
-7.5411
-7.5479
-7.6042
-7.7413
-7.9621
-8.3074
-8.6906
-8.9800
-9.1877
-9.3272
-9.4062
-9.4327
-9.4057
-9.3322
-9.2546
-9.1899
-9.1702
-9.1403
-9.1171
-9.1006
-9.0772
-9.0367
-8.9838
-8.9412
-8.8974
-8.8434
-8.7726
-8.6747
-8.5154
-8.3387
-8.1788
-8.0446
-7.9047
-7.7778
-7.6901
-7.6646
-7.6180
-7.5975
-7.6640
-7.8005
-7.9669
-8.0952
-8.2167
-8.3704
-8.5404
-8.7123
-8.8848
-9.0612
-9.2589
-9.3985
-9.4673
-9.4986
-9.5333
-9.5981
-9.6981
-9.8376
-10.0221
-10.2252
-10.4250
-10.6004
-10.7725
-10.9758
-11.1795
-11.3582
-11.5317
-11.7227
-11.9835
-12.3002
-12.6349
-12.9903
-13.2888
-13.5002
-13.6003
-13.6499
-13.7298
-13.8592
-14.0411
-14.2297
-14.3756
-14.4658
-14.5671
-14.7568
-15.0386
-15.4356
-15.8617
-16.2242
-16.4917
-16.6736
-16.7501
-16.7616
-16.7700
-16.7995
-16.8160
-16.8359
-16.8718
-16.9489
-17.0592
-17.1493
-17.2600
-17.4129
-17.5686
-17.7185
-17.8551
-17.9272
-17.9986
-18.1049
-18.2691
-18.4226
-18.5646
-18.7043
-18.8474
-19.0423
-19.2667
-19.5219
-19.7228
-19.8574
-19.9850
-20.1004
-20.2022
-20.2617
-20.2972
-20.3181
-20.3270
-20.3426
-20.3864
-20.4522
-20.5304
-20.6508
-20.7957
-20.9408
-21.0981
-21.2522
-21.3397
-21.3871
-21.4064
-21.4160
-21.4191
-21.4191
-21.4023
-21.3925
-21.3925
-21.4374
-21.5119
-21.6044
-21.7389
-21.9407
-22.1305
-22.2880
-22.3922
-22.4255
-22.3879
-22.3089
-22.2318
-22.2005
-22.1607
-22.1245
-22.0517
-21.9337
-21.7787
-21.5753
-21.3466
-21.1216
-20.8683
-20.6046
-20.3469
-20.0950
-19.8463
-19.6452
-19.5142
-19.4280
-19.3752
-19.3424
-19.3212
-19.2555
-19.1317
-18.9726
-18.8040
-18.6419
-18.4916
-18.3385
-18.1929
-18.0489
-17.8732
-17.6778
-17.4694
-17.2823
-17.1344
-16.9975
-16.8630
-16.7035
-16.5359
-16.3303
-16.1008
-15.8489
-15.5671
-15.2837
-14.9986
-14.7232
-14.4645
-14.2623
-14.1057
-13.9783
-13.8675
-13.7651
-13.6659
-13.5316
-13.3377
-13.0945
-12.8194
-12.5814
-12.4347
-12.3515
-12.2671
-12.1736
-12.0934
-11.9574
-11.7325
-11.4665
-11.1714
-10.9064
-10.6456
-10.4143
-10.1691
-9.9303
-9.6946
-9.4697
-9.2773
-9.1343
-9.0158
-8.9136
-8.8516
-8.8150
-8.7986
-8.7757
-8.7039
-8.6170
-8.5249
-8.4242
-8.3217
-8.2134
-8.1180
-8.0444
-8.0291
-8.0460
-8.0746
-8.0928
-8.0782
-8.0463
-8.0021
-7.9538
-7.8983
-7.9034
-7.9835
-8.1248
-8.2668
-8.4391
-8.6089
-8.7533
-8.7861
-8.6677
-8.4275
-8.0719
-7.6013
-7.0908
-6.5933
-6.1281
-5.6578
-5.2042
-4.7473
-4.3275
-3.9861
-3.7507
-3.6238
-3.6252
-3.7423
-4.0070
-4.4036
-4.8895
-5.4540
-6.0741
-6.7967
-7.6389
-8.5245
-9.4456
-10.2980
-11.0189
-11.5319
-11.8259
-11.9050
-11.9005
-11.9230
-12.0784
0.8139
