0.4469
0.3207
0.1659
-0.0072
-0.1525
-0.2699
-0.3260
-0.3285
-0.2737
-0.1866
-0.0934
-0.0092
0.0552
0.1195
0.1837
0.2527
0.3167
0.3721
0.4310
0.4605
0.4728
0.4654
0.4616
0.4579
0.4579
0.4430
0.4156
0.3462
0.2605
0.1501
0.0532
-0.0066
-0.0245
-0.0031
0.0074
-0.0076
-0.0496
-0.1176
-0.2117
-0.3342
-0.4654
-0.5819
-0.6675
-0.7162
-0.7230
-0.7053
-0.6911
-0.6915
-0.7141
-0.7366
-0.7578
-0.7826
-0.7929
-0.7889
-0.7911
-0.7949
-0.8557
-0.9463
-1.0813
-1.2091
-1.3041
-1.3644
-1.3901
-1.3837
-1.3433
-1.2962
-1.2563
-1.2236
-1.2326
-1.2639
-1.3161
-1.3894
-1.4591
-1.5189
-1.5521
-1.5831
-1.6104
-1.6516
-1.7123
-1.7548
-1.7922
-1.8101
-1.8146
-1.8055
-1.7892
-1.7730
-1.7843
-1.8415
-1.9468
-2.0942
-2.2700
-2.4518
-2.5998
-2.6990
-2.7319
-2.7421
-2.7573
-2.7964
-2.8702
-2.9449
-3.0096
-3.0729
-3.1385
-3.2299
-3.3403
-3.4493
-3.5547
-3.6337
-3.6915
-3.7195
-3.7247
-3.7423
-3.7789
-3.8352
-3.9158
-4.0265
-4.1547
-4.2933
-4.4253
-4.5516
-4.6621
-4.7814
-4.9130
-5.0556
-5.1982
-5.3180
-5.4118
-5.4840
-5.5578
-5.6513
-5.7640
-5.8767
-5.9860
-6.0969
-6.2219
-6.3257
-6.4351
-6.5622
-6.7071
-6.8432
-6.9848
-7.1070
-7.2327
-7.3318
-7.4150
-7.4770
-7.5496
-7.6257
-7.7178
-7.8011
-7.9022
-8.0157
-8.1558
-8.3174
-8.4808
-8.6727
-8.8504
-9.0105
-9.1583
-9.2954
-9.4147
-9.5344
-9.7092
-9.9127
-10.1287
-10.3556
-10.5972
-10.8299
-11.0609
-11.2880
-11.5022
-11.7178
-11.9319
-12.1448
-12.3545
-12.5443
-12.7255
-12.8888
-13.0398
-13.1535
-13.2619
-13.3647
-13.4619
-13.5648
-13.6949
-13.8422
-13.9953
-14.1608
-14.3260
-14.4837
-14.6435
-14.8043
-15.0076
-15.2253
-15.4820
-15.7710
-16.0819
-16.3855
-16.6769
-16.9515
-17.1858
-17.4011
-17.5795
-17.6974
-17.7688
-17.8460
-17.9174
-17.9912
-18.0928
-18.2389
-18.4402
-18.6955
-18.9559
-19.2089
-19.4544
-19.6872
-19.9006
-20.0500
-20.1320
-20.1671
-20.2106
-20.3297
-20.5245
-20.8180
-21.1587
-21.5238
-21.8827
-22.2006
-22.4805
-22.6798
-22.7988
-22.8438
-22.8660
-22.8852
-22.9044
-22.9568
-23.0118
-23.0728
-23.1493
-23.2385
-23.3788
-23.5589
-23.7882
-24.0686
-24.3488
-24.6105
-24.8333
-24.9935
-25.1257
-25.2329
-25.3391
-25.4178
-25.4921
-25.5720
-25.6935
-25.8508
-26.0532
-26.3005
-26.5753
-26.8387
-27.0379
-27.2246
-27.3687
-27.4838
-27.5863
-27.6785
-27.7677
-27.8490
-27.9449
-28.0166
-28.0826
-28.1304
-28.1720
-28.2344
-28.3264
-28.4563
-28.6181
-28.7856
-28.9506
-29.0926
-29.2059
-29.3068
-29.4018
-29.4894
-29.5855
-29.6967
-29.8138
-29.9437
-30.0521
-30.1629
-30.2934
-30.4193
-30.5338
-30.6272
-30.7061
-30.7897
-30.8712
-30.9506
-31.0449
-31.1458
-31.2647
-31.3958
-31.5430
-31.6929
-31.8524
-32.0170
-32.1606
-32.3178
-32.4487
-32.5612
-32.6353
-32.7086
-32.7727
-32.8226
-32.8662
-32.8961
-32.9180
-32.9318
-32.9429
-32.9469
-32.9469
-32.9361
-32.9195
-32.9022
-32.9010
-32.9171
-32.9421
-32.9697
-32.9968
-33.0121
-33.0133
-33.0354
-33.0484
-33.0685
-33.1011
-33.1115
-33.0995
-33.0666
-33.0400
-33.0287
-33.0148
-32.9881
-32.9642
-32.9209
-32.8708
-32.8380
-32.8084
-32.7872
-32.7450
-32.6855
-32.5977
-32.4960
-32.3841
-32.2582
-32.1515
-32.0796
-32.0458
-32.0264
-32.0030
-31.9710
-31.9450
-31.9047
-31.8720
-31.8261
-31.7858
-31.7398
-31.6943
-31.6466
-31.6040
-31.5506
-31.4717
-31.3747
-31.2580
-31.1207
-30.9775
-30.8338
-30.6953
-30.5653
-30.4431
-30.3512
-30.2660
-30.1942
-30.1451
-30.0925
-30.0245
-29.9584
-29.8789
-29.7852
-29.6883
-29.5881
-29.4973
-29.3896
-29.2870
-29.1758
-29.0511
-28.9122
-28.7800
-28.6437
-28.5113
-28.3615
-28.1890
-28.0282
-27.8673
-27.7059
-27.5624
-27.4384
-27.3337
-27.2120
-27.0847
-26.9520
-26.8030
-26.6620
-26.4957
-26.3331
-26.1819
-26.0307
-25.8901
-25.7526
-25.6231
-25.5016
-25.3912
-25.2666
-25.1563
-25.0605
-24.9705
-24.8635
-24.7479
-24.6293
-24.4968
-24.3533
-24.2154
-24.0885
-23.9703
-23.8717
-23.7814
-23.7139
-23.6295
-23.5452
-23.4438
-23.3030
-23.1540
-23.0079
-22.8676
-22.7076
-22.5449
-22.3821
-22.2250
-22.0904
-21.9979
-21.9391
-21.8915
-21.8524
-21.7994
-21.7155
-21.6036
-21.4527
-21.2626
-21.0502
-20.8295
-20.6367
-20.4550
-20.2680
-20.0953
-19.9368
-19.7674
-19.6369
-19.5258
-19.4784
-19.4507
-19.4314
-19.3819
-19.2763
-19.1261
-18.9508
-18.7664
-18.5707
-18.3611
-18.1633
-17.9690
-17.7891
-17.6379
-17.5167
-17.4129
-17.3174
-17.2358
-17.1453
-17.0625
-16.9727
-16.8913
-16.8189
-16.7602
-16.7016
-16.6021
-16.4998
-16.3683
-16.2339
-16.1079
-15.9986
-15.9081
-15.8215
-15.7461
-15.7032
-15.6822
-15.6558
-15.6182
-15.5476
-15.4333
-15.3131
-15.1930
-15.0842
-14.9934
-14.8973
-14.7765
-14.6375
-14.5018
-14.3683
-14.2737
-14.1697
-14.0995
-13.9912
-13.8819
-13.7572
-13.6346
-13.5056
-13.3693
-13.2288
-13.0759
-12.9155
-12.7406
-12.5417
-12.3355
-12.1230
-11.9281
-11.7427
-11.5624
-11.3781
-11.2103
-11.0368
-10.8602
-10.6868
-10.4635
-10.2306
-9.9943
-9.7661
-9.5396
-9.3247
-9.1164
-8.9126
-8.7362
-8.5548
-8.3814
-8.2132
-8.0387
-7.8873
-7.7391
-7.5858
-7.4241
-7.2408
-7.0557
-6.8605
-6.6485
-6.4279
-6.1972
-5.9364
-5.6599
-5.3681
-5.0746
-4.7992
-4.5601
-4.3621
-4.1809
-4.0347
-3.8981
-3.7882
-3.7022
-3.6202
-3.5748
-3.5314
-3.5060
-3.4805
-3.4413
-3.3834
-3.2986
-3.1875
-3.0530
-2.9206
-2.8048
-2.7089
-2.6073
-2.4995
-2.3939
-2.3075
-2.2176
-2.1279
-2.0513
-1.9628
-1.8660
-1.7668
-1.6629
-1.5756
-1.4823
-1.4185
-1.3550
-1.2789
-1.1565
-1.0300
-0.8936
-0.7654
-0.6598
-0.5611
-0.4814
-0.4028
-0.3265
-0.2535
-0.1589
-0.0618
0.0162
0.0619
0.0765
0.0720
0.0663
0.0861
0.1253
0.1646
0.1857
0.1921
0.1875
0.1823
0.1866
0.2031
0.2629
0.3497
0.4644
0.5612
0.6578
0.7286
0.7833
0.8259
0.8821
0.9618
1.0866
1.2491
1.3983
1.4924
1.5099
1.5037
1.4930
1.4948
1.5069
1.5252
1.5328
1.5319
1.4927
1.4306
1.3695
1.3276
1.3084
1.2749
1.2221
1.1523
1.0856
1.0108
0.9190
0.8051
0.7120
0.6226
0.5772
0.5792
0.6071
0.6156
0.5950
0.5451
0.4803
0.4214
0.3625
0.3207
0.2901
0.2865
0.2828
0.2744
0.2610
0.2455
0.2462
0.2765
0.3106
0.3141
0.2734
0.1772
0.0343
-0.0978
-0.2081
-0.2929
-0.3407
-0.3739
-0.3961
-0.4058
-0.4452
-0.4812
-0.5159
-0.5221
-0.5419
-0.5582
-0.5783
-0.5998
-0.6042
-0.5864
-0.5339
-0.4210
-0.2485
-0.0640
