-4.004700
-4.005079
-4.006216
-4.008111
-4.010764
-4.014174
-4.018342
-4.023267
-4.028949
-4.035388
-4.042582
-4.050532
-4.059238
-4.068698
-4.078912
-4.089880
-4.101600
-4.114072
-4.127295
-4.141269
-4.155992
-4.171464
-4.187684
-4.204650
-4.222362
-4.240818
-4.260017
-4.279959
-4.300641
-4.322063
-4.344223
-4.367120
-4.390753
-4.415119
-4.440218
-4.466048
-4.492607
-4.519893
-4.547906
-4.576642
-4.606101
-4.636280
-4.667178
-4.698793
-4.731122
-4.764164
-4.797917
-4.832378
-4.867546
-4.903418
-4.939991
-4.977265
-5.015236
-5.053901
-5.093260
-5.133308
-5.174044
-5.215465
-5.257568
-5.300352
-5.343812
-5.387947
-5.432754
-5.478229
-5.524371
-5.571176
-5.618641
-5.666763
-5.715540
-5.764968
-5.815044
-5.865766
-5.917129
-5.969130
-6.021768
-6.075037
-6.128935
-6.183459
-6.238605
-6.294369
-6.350748
-6.407739
-6.465339
-6.523542
-6.582347
-6.641748
-6.701743
-6.762328
-6.823499
-6.885252
-6.947583
-7.010488
-7.073964
-7.138006
-7.202611
-7.267775
-7.333492
-7.399760
-7.466574
-7.533931
-7.601824
-7.670252
-7.739209
-7.808690
-7.878693
-7.949211
-8.020241
-8.091779
-8.163820
-8.236359
-8.309393
-8.382915
-8.456923
-8.531410
-8.606373
-8.681807
-8.757707
-8.834069
-8.910887
-8.988157
-9.065874
-9.144033
-9.222629
-9.301658
-9.381114
-9.460993
-9.541289
-9.621998
-9.703114
-9.784633
-9.866548
-9.948857
-10.031552
-10.114629
-10.198083
-10.281908
-10.366099
-10.450652
-10.535560
-10.620819
-10.706423
-10.792367
-10.878645
-10.965252
-11.052183
-11.139432
-11.226993
-11.314862
-11.403033
-11.491500
-11.580258
-11.669302
-11.758624
-11.848221
-11.938087
-12.028215
-12.118601
-12.209238
-12.300122
-12.391245
-12.482604
-12.574191
-12.666001
-12.758029
-12.850269
-12.942714
-13.035360
-13.128201
-13.221230
-13.314441
-13.407830
-13.501390
-13.595115
-13.689000
-13.783039
-13.877225
-13.971553
-14.066017
-14.160611
-14.255330
-14.350167
-14.445116
-14.540171
-14.635327
-14.730578
-14.825917
-14.921339
-15.016838
-15.112408
-15.208042
-15.303735
-15.399481
-15.495274
-15.591108
-15.686976
-15.782874
-15.878795
-15.974732
-16.070681
-16.166635
-16.262587
-16.358533
-16.454465
-16.550379
-16.646268
-16.742126
-16.837947
-16.933725
-17.029454
-17.125128
-17.220742
-17.316289
-17.411763
-17.507158
-17.602469
-17.697689
-17.792813
-17.887834
-17.982746
-18.077545
-18.172223
-18.266775
-18.361195
-18.455477
-18.549615
-18.643603
-18.737436
-18.831107
-18.924612
-19.017943
-19.111095
-19.204062
-19.296839
-19.389419
-19.481797
-19.573968
-19.665925
-19.757662
-19.849174
-19.940456
-20.031501
-20.122303
-20.212858
-20.303160
-20.393202
-20.482980
-20.572487
-20.661718
-20.750667
-20.839330
-20.927700
-21.015772
-21.103540
-21.190999
-21.278144
-21.364968
-21.451467
-21.537636
-21.623468
-21.708958
-21.794102
-21.878894
-21.963328
-22.047399
-22.131102
-22.214432
-22.297384
-22.379952
-22.462131
-22.543916
-22.625303
-22.706285
-22.786858
-22.867017
-22.946757
-23.026073
-23.104959
-23.183412
-23.261426
-23.338996
-23.416117
-23.492785
-23.568994
-23.644741
-23.720020
-23.794827
-23.869156
-23.943004
-24.016366
-24.089237
-24.161612
-24.233487
-24.304858
-24.375720
-24.446069
-24.515900
-24.585208
-24.653991
-24.722243
-24.789960
-24.857137
-24.923772
-24.989858
-25.055394
-25.120373
-25.184793
-25.248649
-25.311937
-25.374653
-25.436794
-25.498355
-25.559333
-25.619723
-25.679523
-25.738728
-25.797334
-25.855339
-25.912738
-25.969527
-26.025704
-26.081265
-26.136205
-26.190523
-26.244214
-26.297275
-26.349703
-26.401494
-26.452646
-26.503154
-26.553017
-26.602230
-26.650792
-26.698697
-26.745945
-26.792531
-26.838453
-26.883708
-26.928294
-26.972206
-27.015444
-27.058003
-27.099881
-27.141077
-27.181586
-27.221407
-27.260537
-27.298973
-27.336714
-27.373757
-27.410099
-27.445739
-27.480674
-27.514901
-27.548420
-27.581227
-27.613320
-27.644699
-27.675360
-27.705302
-27.734522
-27.763020
-27.790793
-27.817839
-27.844158
-27.869746
-27.894604
-27.918728
-27.942118
-27.964772
-27.986689
-28.007867
-28.028305
-28.048001
-28.066956
-28.085166
-28.102632
-28.119352
-28.135325
-28.150550
-28.165026
-28.178752
-28.191727
-28.203952
-28.215423
-28.226142
-28.236108
-28.245319
-28.253775
-28.261476
-28.268421
-28.274610
-28.280042
-28.284717
-28.288635
-28.291796
-28.294198
-28.295843
-28.296730
-28.296859
-28.296230
-28.294842
-28.292697
-28.289794
-28.286134
-28.281716
-28.276541
-28.270609
-28.263921
-28.256477
-28.248278
-28.239323
-28.229614
-28.219151
-28.207935
-28.195967
-28.183247
-28.169776
-28.155554
-28.140584
-28.124865
-28.108399
-28.091187
-28.073229
-28.054528
-28.035083
-28.014897
-27.993970
-27.972304
-27.949901
-27.926761
-27.902886
-27.878278
-27.852938
-27.826867
-27.800068
-27.772542
-27.744290
-27.715315
-27.685618
-27.655201
-27.624067
-27.592216
-27.559651
-27.526374
-27.492387
-27.457693
-27.422293
-27.386189
-27.349384
-27.311880
-27.273680
-27.234785
-27.195199
-27.154923
-27.113961
-27.072314
-27.029986
-26.986979
-26.943296
-26.898939
-26.853911
-26.808215
-26.761854
-26.714831
-26.667149
-26.618810
-26.569818
-26.520176
-26.469887
-26.418953
-26.367379
-26.315167
-26.262321
-26.208844
-26.154739
-26.100009
-26.044659
-25.988691
-25.932110
-25.874917
-25.817118
-25.758716
-25.699714
-25.640116
-25.579926
-25.519148
-25.457784
-25.395840
-25.333319
-25.270225
-25.206562
-25.142333
-25.077544
-25.012197
-24.946297
-24.879848
-24.812855
-24.745321
-24.677250
-24.608648
-24.539517
-24.469863
-24.399690
-24.329002
-24.257804
-24.186099
-24.113894
-24.041191
-23.967996
-23.894313
-23.820146
-23.745501
-23.670382
-23.594794
-23.518741
-23.442228
-23.365261
-23.287843
-23.209979
-23.131675
-23.052936
-22.973765
-22.894169
-22.814152
-22.733719
-22.652875
-22.571626
-22.489975
-22.407929
-22.325493
-22.242671
-22.159469
-22.075892
-21.991945
-21.907634
-21.822964
-21.737939
-21.652566
-21.566849
-21.480794
-21.394407
-21.307693
-21.220656
-21.133303
-21.045640
-20.957670
-20.869401
-20.780837
-20.691985
-20.602849
-20.513435
-20.423748
-20.333796
-20.243582
-20.153112
-20.062393
-19.971430
-19.880228
-19.788794
-19.697132
-19.605249
-19.513151
-19.420843
-19.328330
-19.235620
-19.142716
-19.049626
-18.956356
-18.862910
-18.769294
-18.675516
-18.581580
-18.487492
-18.393258
-18.298884
-18.204377
-18.109741
-18.014983
-17.920108
-17.825123
-17.730034
-17.634846
-17.539565
-17.444198
-17.348750
-17.253227
-17.157636
-17.061981
-16.966270
-16.870508
-16.774701
-16.678855
-16.582976
-16.487070
-16.391143
-16.295201
-16.199250
-16.103296
-16.007346
-15.911403
-15.815476
-15.719570
-15.623691
-15.527845
-15.432037
-15.336275
-15.240563
-15.144908
-15.049316
-14.953792
-14.858343
-14.762975
-14.667694
