5.221400
5.221072
5.220086
5.218444
5.216145
5.213189
5.209576
5.205308
5.200383
5.194802
5.188566
5.181675
5.174129
5.165928
5.157073
5.147565
5.137404
5.126590
5.115124
5.103007
5.090240
5.076822
5.062755
5.048040
5.032677
5.016667
5.000011
4.982710
4.964764
4.946176
4.926944
4.907072
4.886560
4.865408
4.843618
4.821192
4.798130
4.774433
4.750104
4.725142
4.699550
4.673329
4.646480
4.619005
4.590905
4.562181
4.532836
4.502870
4.472286
4.441085
4.409268
4.376837
4.343795
4.310143
4.275882
4.241014
4.205542
4.169467
4.132791
4.095516
4.057644
4.019177
3.980117
3.940467
3.900228
3.859402
3.817992
3.775999
3.733427
3.690277
3.646552
3.602253
3.557384
3.511947
3.465943
3.419377
3.372249
3.324563
3.276321
3.227526
3.178180
3.128286
3.077847
3.026865
2.975342
2.923283
2.870689
2.817563
2.763909
2.709728
2.655025
2.599801
2.544060
2.487804
2.431038
2.373763
2.315983
2.257700
2.198919
2.139642
2.079872
2.019612
1.958866
1.897638
1.835929
1.773743
1.711085
1.647956
1.584361
1.520303
1.455785
1.390811
1.325384
1.259508
1.193185
1.126421
1.059218
0.991579
0.923509
0.855011
0.786089
0.716746
0.646987
0.576814
0.506231
0.435243
0.363853
0.292065
0.219883
0.147310
0.074351
0.001009
-0.072712
-0.146808
-0.221274
-0.296108
-0.371304
-0.446860
-0.522770
-0.599031
-0.675639
-0.752589
-0.829879
-0.907502
-0.985456
-1.063737
-1.142339
-1.221259
-1.300493
-1.380036
-1.459884
-1.540034
-1.620480
-1.701218
-1.782244
-1.863554
-1.945144
-2.027008
-2.109144
-2.191545
-2.274209
-2.357130
-2.440304
-2.523727
-2.607394
-2.691301
-2.775443
-2.859816
-2.944415
-3.029236
-3.114274
-3.199526
-3.284985
-3.370648
-3.456510
-3.542567
-3.628813
-3.715245
-3.801858
-3.888646
-3.975607
-4.062734
-4.150023
-4.237470
-4.325069
-4.412817
-4.500709
-4.588739
-4.676904
-4.765198
-4.853617
-4.942156
-5.030810
-5.119575
-5.208446
-5.297418
-5.386486
-5.475646
-5.564893
-5.654223
-5.743629
-5.833108
-5.922655
-6.012266
-6.101934
-6.191656
-6.281427
-6.371242
-6.461096
-6.550984
-6.640902
-6.730845
-6.820808
-6.910786
-7.000774
-7.090769
-7.180764
-7.270755
-7.360737
-7.450706
-7.540657
-7.630584
-7.720483
-7.810350
-7.900179
-7.989966
-8.079706
-8.169394
-8.259026
-8.348596
-8.438100
-8.527533
-8.616890
-8.706166
-8.795358
-8.884459
-8.973466
-9.062373
-9.151177
-9.239871
-9.328451
-9.416913
-9.505252
-9.593463
-9.681542
-9.769483
-9.857283
-9.944936
-10.032437
-10.119783
-10.206968
-10.293988
-10.380839
-10.467514
-10.554011
-10.640324
-10.726448
-10.812380
-10.898114
-10.983646
-11.068972
-11.154086
-11.238985
-11.323664
-11.408118
-11.492342
-11.576333
-11.660086
-11.743596
-11.826859
-11.909870
-11.992626
-12.075121
-12.157351
-12.239313
-12.321000
-12.402410
-12.483538
-12.564379
-12.644929
-12.725184
-12.805140
-12.884792
-12.964136
-13.043168
-13.121884
-13.200279
-13.278349
-13.356091
-13.433499
-13.510571
-13.587301
-13.663685
-13.739721
-13.815403
-13.890727
-13.965690
-14.040287
-14.114515
-14.188369
-14.261846
-14.334942
-14.407653
-14.479974
-14.551903
-14.623434
-14.694566
-14.765292
-14.835611
-14.905518
-14.975009
-15.044081
-15.112730
-15.180953
-15.248745
-15.316103
-15.383024
-15.449504
-15.515539
-15.581126
-15.646261
-15.710942
-15.775163
-15.838923
-15.902218
-15.965044
-16.027397
-16.089276
-16.150676
-16.211593
-16.272026
-16.331970
-16.391423
-16.450381
-16.508841
-16.566799
-16.624254
-16.681202
-16.737639
-16.793563
-16.848971
-16.903860
-16.958226
-17.012068
-17.065382
-17.118165
-17.170414
-17.222128
-17.273302
-17.323934
-17.374022
-17.423563
-17.472554
-17.520993
-17.568877
-17.616203
-17.662969
-17.709173
-17.754812
-17.799883
-17.844384
-17.888313
-17.931668
-17.974446
-18.016644
-18.058261
-18.099295
-18.139743
-18.179603
-18.218873
-18.257550
-18.295634
-18.333121
-18.370010
-18.406298
-18.441985
-18.477068
-18.511544
-18.545413
-18.578672
-18.611320
-18.643355
-18.674775
-18.705579
-18.735764
-18.765330
-18.794274
-18.822596
-18.850294
-18.877365
-18.903809
-18.929625
-18.954811
-18.979365
-19.003286
-19.026574
-19.049226
-19.071242
-19.092621
-19.113360
-19.133460
-19.152919
-19.171736
-19.189910
-19.207440
-19.224325
-19.240565
-19.256158
-19.271103
-19.285401
-19.299049
-19.312047
-19.324395
-19.336093
-19.347138
-19.357531
-19.367271
-19.376358
-19.384791
-19.392570
-19.399694
-19.406163
-19.411976
-19.417134
-19.421636
-19.425481
-19.428670
-19.431202
-19.433078
-19.434297
-19.434859
-19.434763
-19.434011
-19.432602
-19.430536
-19.427814
-19.424435
-19.420399
-19.415707
-19.410359
-19.404356
-19.397697
-19.390384
-19.382415
-19.373793
-19.364517
-19.354587
-19.344005
-19.332771
-19.320885
-19.308349
-19.295162
-19.281326
-19.266841
-19.251707
-19.235927
-19.219500
-19.202428
-19.184711
-19.166351
-19.147348
-19.127703
-19.107418
-19.086493
-19.064930
-19.042730
-19.019893
-18.996422
-18.972317
-18.947580
-18.922211
-18.896214
-18.869587
-18.842334
-18.814456
-18.785954
-18.756829
-18.727084
-18.696719
-18.665736
-18.634138
-18.601926
-18.569100
-18.535664
-18.501619
-18.466967
-18.431709
-18.395848
-18.359385
-18.322323
-18.284663
-18.246407
-18.207558
-18.168117
-18.128086
-18.087468
-18.046266
-18.004480
-17.962113
-17.919168
-17.875647
-17.831552
-17.786885
-17.741649
-17.695846
-17.649480
-17.602551
-17.555063
-17.507018
-17.458419
-17.409269
-17.359569
-17.309323
-17.258533
-17.207203
-17.155334
-17.102929
-17.049992
-16.996525
-16.942531
-16.888013
-16.832973
-16.777416
-16.721343
-16.664757
-16.607662
-16.550061
-16.491957
-16.433353
-16.374251
-16.314656
-16.254570
-16.193996
-16.132939
-16.071400
-16.009383
-15.946892
-15.883930
-15.820501
-15.756607
-15.692252
-15.627439
-15.562173
-15.496455
-15.430291
-15.363683
-15.296635
-15.229151
-15.161234
-15.092888
-15.024116
-14.954922
-14.885310
-14.815283
-14.744846
-14.674001
-14.602754
-14.531107
-14.459064
-14.386629
-14.313807
-14.240600
-14.167014
-14.093051
-14.018715
-13.944012
-13.868944
-13.793515
-13.717731
-13.641594
-13.565109
-13.488279
-13.411110
-13.333604
-13.255767
-13.177602
-13.099114
-13.020306
-12.941183
-12.861750
-12.782009
-12.701966
-12.621625
-12.540990
-12.460066
-12.378856
-12.297365
-12.215598
-12.133558
-12.051250
-11.968679
-11.885849
-11.802765
-11.719430
-11.635849
-11.552027
-11.467968
-11.383676
-11.299157
-11.214414
-11.129452
-11.044276
-10.958890
-10.873299
-10.787507
-10.701519
-10.615340
-10.528973
-10.442424
-10.355697
-10.268797
-10.181729
-10.094497
-10.007105
-9.919559
-9.831864
-9.744023
-9.656041
-9.567923
-9.479675
-9.391300
-9.302803
-9.214189
-9.125463
-9.036629
-8.947692
-8.858658
-8.769530
-8.680313
-8.591012
-8.501633
-8.412179
-8.322655
-8.233067
-8.143419
-8.053715
-7.963961
-7.874161
-7.784321
-7.694444
-7.604536
-7.514601
-7.424645
-7.334672
-7.244687
-7.154694
-7.064699
-6.974705
-6.884719
-6.794745
-6.704788
-6.614852
-6.524942
-6.435063
-6.345220
-6.255417
-6.165660
-6.075953
-5.986301
-5.896708
-5.807180
-5.717722
-5.628337
-5.539031
-5.449809
-5.360675
-5.271634
-5.182691
-5.093850
-5.005117
-4.916496
-4.827991
-4.739608
-4.651351
-4.563224
-4.475234
-4.387383
-4.299678
-4.212122
-4.124720
-4.037477
-3.950398
-3.863487
-3.776749
-3.690188
-3.603810
-3.517618
-3.431617
-3.345812
-3.260208
-3.174808
-3.089618
-3.004642
-2.919885
-2.835351
-2.751044
-2.666970
-2.583132
-2.499535
-2.416184
-2.333083
-2.250236
-2.167648
-2.085323
-2.003266
-1.921480
-1.839971
-1.758743
-1.677800
-1.597145
-1.516785
-1.436722
-1.356962
-1.277508
-1.198365
-1.119536
-1.041027
-0.962841
-0.884982
-0.807455
-0.730263
-0.653411
-0.576903
-0.500744
-0.424936
-0.349484
-0.274392
-0.199665
-0.125305
-0.051318
0.022294
0.095525
0.168373
0.240833
0.312902
0.384575
0.455849
0.526720
