-2.538600
-2.541351
-2.549600
-2.563342
-2.582566
-2.607256
-2.637394
-2.672957
-2.713916
-2.760239
-2.811891
-2.868831
-2.931016
-2.998395
-3.070919
-3.148528
-3.231165
-3.318763
-3.411255
-3.508568
-3.610628
-3.717355
-3.828665
-3.944472
-4.064685
-4.189212
-4.317955
-4.450815
-4.587687
-4.728465
-4.873039
-5.021298
-5.173125
-5.328403
-5.487010
-5.648824
-5.813718
-5.981563
-6.152230
-6.325585
-6.501493
-6.679818
-6.860421
-7.043161
-7.227895
-7.414481
-7.602773
-7.792623
-7.983886
-8.176411
-8.370049
-8.564649
-8.760060
-8.956129
-9.152704
-9.349632
-9.546760
-9.743933
-9.941000
-10.137806
-10.334198
-10.530023
-10.725129
-10.919364
-11.112577
-11.304618
-11.495336
-11.684584
-11.872214
-12.058080
-12.242037
-12.423943
-12.603656
-12.781035
-12.955944
-13.128244
-13.297804
-13.464490
-13.628172
-13.788724
-13.946021
-14.099939
-14.250360
-14.397165
-14.540242
-14.679478
-14.814765
-14.945998
-15.073074
-15.195895
-15.314366
-15.428393
-15.537888
-15.642767
-15.742946
-15.838349
-15.928901
-16.014532
-16.095175
-16.170766
-16.241249
-16.306566
-16.366668
-16.421508
-16.471043
-16.515235
-16.554049
-16.587455
-16.615427
-16.637943
-16.654986
-16.666543
-16.672604
-16.673164
-16.668224
-16.657787
-16.641861
-16.620459
-16.593597
-16.561296
-16.523582
-16.480483
-16.432034
-16.378272
-16.319238
-16.254979
