1.3865
1.2602
1.1788
1.1522
1.1793
1.2835
1.4011
1.5176
1.6265
1.7092
1.7701
1.7859
1.7772
1.7400
1.6909
1.6252
1.5612
1.5161
1.4935
1.4779
1.4388
1.3899
1.3336
1.2850
1.2516
1.2368
1.2194
1.1897
1.1771
1.1889
1.2105
1.2299
1.2358
1.2358
1.2245
1.2159
1.2194
1.2094
1.2080
1.2042
1.1993
1.1992
1.1842
1.1605
1.1122
1.0602
0.9883
0.9262
0.8727
0.8292
0.7920
0.7732
0.7508
0.7320
0.7095
0.6946
0.6943
0.6877
0.6661
0.6249
0.5726
0.5240
0.5016
0.4851
0.4638
0.4340
0.4041
0.3926
0.3810
0.3728
0.3720
0.3604
0.3465
0.3278
0.3225
0.3233
0.3274
0.3414
0.3590
0.3765
0.3867
0.3825
0.3916
0.4010
0.3981
0.3831
0.3791
0.3751
0.3357
0.2863
0.2248
0.1691
0.1219
0.0585
-0.0024
-0.0694
-0.0982
-0.0976
-0.0772
-0.0665
-0.0678
-0.0644
-0.0537
-0.0357
-0.0179
0.0034
0.0356
0.0643
0.0822
0.0926
0.0850
0.0587
0.0138
-0.0236
-0.0684
-0.1281
-0.1953
-0.2437
-0.2736
-0.2999
-0.3077
-0.3302
-0.3599
-0.3860
-0.3937
-0.3757
-0.3470
-0.3225
-0.2885
-0.2998
-0.3540
-0.4337
-0.5235
-0.5901
-0.6361
-0.6822
-0.7527
-0.8252
-0.9096
-0.9518
-0.9532
-0.9495
-0.9511
-0.9726
-1.0125
-1.0699
-1.1262
-1.1960
-1.3066
-1.4268
-1.5667
-1.7006
-1.7900
-1.8236
-1.8274
-1.8349
-1.8460
-1.8720
-1.9126
-1.9385
-1.9533
-1.9656
-1.9888
-2.0109
-2.0539
-2.1129
-2.1498
-2.1719
-2.1977
-2.2090
-2.2020
-2.2057
-2.2194
-2.2331
-2.2346
-2.2253
-2.2454
-2.2892
-2.3668
-2.4458
-2.5337
-2.6049
-2.6460
-2.6476
-2.6442
-2.6556
-2.6997
-2.7417
-2.7989
-2.8490
-2.9230
-3.0144
-3.1368
-3.2552
-3.3332
-3.3589
-3.3690
-3.3814
-3.3961
-3.4333
-3.5126
-3.6434
-3.7936
-3.9345
-4.0516
-4.1238
-4.1783
-4.2233
-4.2741
-4.2886
-4.2959
-4.3105
-4.3359
-4.3650
-4.3941
-4.4304
-4.4741
-4.5314
-4.5873
-4.6264
-4.6330
-4.6295
-4.6331
-4.6404
-4.6491
-4.6543
-4.6731
-4.6987
-4.7294
-4.7846
-4.8551
-4.9344
-5.0209
-5.0776
-5.1380
-5.1709
-5.1966
-5.2258
-5.2673
-5.3161
-5.3679
-5.4356
-5.4999
-5.5847
-5.6605
-5.7293
-5.7946
-5.8618
-5.9366
-6.0225
-6.1204
-6.2688
-6.4579
-6.6486
-6.8430
-7.0147
-7.1355
-7.1741
-7.1777
-7.1533
-7.1568
-7.1782
-7.2030
-7.2172
-7.2421
-7.2669
-7.2918
-7.3095
-7.3308
-7.3485
-7.3698
-7.4052
-7.4406
-7.4442
-7.4336
-7.4301
-7.4231
-7.4231
-7.4354
-7.4633
-7.5068
-7.5904
-7.7003
-7.8119
-7.8781
-7.9059
-7.9320
-7.9652
-8.0177
-8.0808
-8.1630
-8.2348
-8.2839
-8.3365
-8.4189
-8.5470
-8.6928
-8.8282
-8.9318
-8.9880
-9.0232
-9.0479
-9.0779
-9.1254
-9.1889
-9.2665
-9.3460
-9.4166
-9.4749
-9.5243
-9.5738
-9.6091
-9.6516
-9.7117
-9.7666
-9.8339
-9.9031
-9.9528
-9.9988
-10.0165
-10.0165
-10.0253
-10.0307
-10.0395
-10.0572
-10.0856
-10.1016
-10.1372
-10.1782
-10.2422
-10.3116
-10.3881
-10.4504
-10.4985
-10.5429
-10.5714
-10.5945
-10.6392
-10.7105
-10.7961
-10.8945
-10.9962
-11.0877
-11.1616
-11.2336
-11.2927
-11.3322
-11.3539
-11.3682
-11.3826
-11.4078
-11.4454
-11.5152
-11.5816
-11.6356
-11.6642
-11.6841
-11.7147
-11.7668
-11.8482
-11.9364
-12.0376
-12.1368
-12.2415
-12.3285
-12.4191
-12.4953
-12.5693
-12.6270
-12.6690
-12.6999
-12.7542
-12.7963
-12.8540
-12.9062
-12.9564
-13.0245
-13.1114
-13.2534
-13.4430
-13.7008
-13.9987
-14.2706
-14.4637
-14.5683
-14.5836
-14.5836
-14.5903
-14.5938
-14.5938
-14.5938
-14.6028
-14.6299
-14.6613
-14.6793
-14.6917
-14.6973
-14.7118
-14.7544
-14.8072
-14.8692
-14.9333
-14.9796
-15.0236
-15.0696
-15.1276
-15.2159
-15.3122
-15.3951
-15.4508
-15.4891
-15.5036
-15.5158
-15.5339
-15.5576
-15.6192
-15.6999
-15.7772
-15.8836
-16.0076
-16.1242
-16.2497
-16.3668
-16.4619
-16.5395
-16.5878
-16.6404
-16.6847
-16.7289
-16.7996
-16.8561
-16.9303
-17.0020
-17.0716
-17.1231
-17.1823
-17.2318
-17.2840
-17.3303
-17.4081
-17.5070
-17.5824
-17.6692
-17.7674
-17.8660
-17.9561
-18.0321
-18.0947
-18.1674
-18.2469
-18.3153
-18.3655
-18.4215
-18.4867
-18.5700
-18.6405
-18.6755
-18.6923
-18.7115
-18.7212
-18.7303
-18.7559
-18.7717
-18.8105
-18.8674
-18.9568
-19.0701
-19.2138
-19.3515
-19.4704
-19.5871
-19.6833
-19.7560
-19.8124
-19.8329
-19.8329
-19.8360
-19.8534
-19.8861
-19.9502
-20.0356
-20.1328
-20.2455
-20.3391
-20.3815
-20.3993
-20.4023
-20.4023
-20.4085
-20.4176
-20.4392
-20.4836
-20.5312
-20.5874
-20.6580
-20.7280
-20.7868
-20.8250
-20.8456
-20.8489
-20.8671
-20.8934
-20.9345
-20.9842
-21.0456
-21.1158
-21.1892
-21.2689
-21.3817
-21.5661
-21.8158
-22.0967
-22.3674
-22.5442
-22.5935
-22.5900
-22.5858
-22.5858
-22.5953
-22.5986
-22.6045
-22.6225
-22.6561
-22.6982
-22.7539
-22.8464
-22.9841
-23.1617
-23.3579
-23.5528
-23.6993
-23.7851
-23.8069
-23.8187
-23.8336
-23.8785
-23.9562
-24.0540
-24.1486
-24.2166
-24.2376
-24.2650
-24.2981
-24.3223
-24.3470
-24.3839
-24.4265
-24.4653
-24.5006
-24.5181
-24.5273
-24.5333
-24.5422
-24.5422
-24.5422
-24.5453
-24.5517
-24.5672
-24.5985
-24.6361
-24.6831
-24.7361
-24.7770
-24.7959
-24.7991
-24.7991
-24.8141
-24.8350
-24.8773
-24.9322
-25.0137
-25.1017
-25.1486
-25.1704
-25.1645
-25.1755
-25.1809
-25.1690
-25.1541
-25.1336
-25.1255
-25.1053
-25.0938
-25.0823
-25.0795
-25.0826
-25.0861
-25.0957
-25.1060
-25.1283
-25.1572
-25.1802
-25.2056
-25.2161
-25.2008
-25.1941
-25.1953
-25.1984
-25.1987
-25.2080
-25.2145
-25.2275
-25.2658
-25.3240
-25.3770
-25.4176
-25.4269
-25.4102
-25.3892
-25.3615
-25.3453
-25.3478
-25.3478
-25.3448
-25.3417
-25.3358
-25.3240
-25.3063
-25.2976
-25.2894
-25.2841
-25.2673
-25.2570
-25.2671
-25.2833
-25.2869
-25.2841
-25.2813
-25.2701
-25.2505
-25.2113
-25.1262
-25.0525
-24.9992
-25.0014
-24.9991
-24.9754
-24.9374
-24.9185
-24.9175
-24.9400
-24.9434
-24.9138
-24.8901
-24.8699
-24.8620
-24.8602
-24.9040
-24.9577
-25.0295
-25.1306
-25.2497
-25.3838
-25.4957
-25.6424
-25.8010
-26.0014
-26.1225
-26.1730
-26.1945
-26.1975
-26.1735
-26.1730
-26.1730
-26.1730
-26.1730
-26.1757
-26.1872
-26.1932
-26.2020
-26.2080
-26.2200
-26.2320
-26.2499
-26.2649
-26.2804
-26.2986
-26.3228
-26.3617
-26.4185
-26.4929
-26.5883
-26.6750
-26.7555
-26.8032
-26.8328
-26.8387
-26.8446
-26.8446
-26.8535
-26.8681
-26.9058
-26.9288
-26.9406
-26.9519
-26.9718
-26.9984
-27.0456
-27.0968
-27.1800
-27.2659
-27.3689
-27.4632
-27.5177
-27.5589
-27.5767
-27.5971
-27.6273
-27.6809
-27.7402
-27.7786
-27.7993
-27.7993
-27.8054
-27.8322
-27.8595
-27.8809
-27.9077
-27.9384
-27.9894
-28.0674
-28.1719
-28.2500
-28.3013
-28.3165
-28.3375
-28.3501
-28.3684
-28.3842
-28.4142
-28.4278
-28.4675
-28.5309
-28.6067
-28.6767
-28.7308
-28.7553
-28.7875
-28.8075
-28.8132
-28.8247
-28.8512
-28.9074
-29.0047
-29.1258
-29.2762
-29.4437
-29.6195
-29.7542
-29.8736
-29.9362
-29.9556
-29.9612
-29.9638
-29.9689
-29.9714
-29.9714
-29.9654
-29.9590
-29.9553
-29.9718
-29.9997
-30.0362
-30.0917
-30.1754
-30.2536
-30.3052
-30.3255
-30.3532
-30.3979
-30.4398
-30.4816
-30.5216
-30.5563
-30.5875
-30.6124
-30.6264
-30.6291
-30.6259
-30.6221
-30.6199
-30.6342
-30.6943
-30.7570
-30.7802
-30.7721
-30.7625
-30.7652
-30.7592
-30.7472
-30.7260
-30.7020
-30.6660
-30.6380
-30.6224
-30.6279
-30.6575
-30.6977
-30.7269
-30.7592
-30.7725
-30.7779
-30.7719
-30.7719
-30.7773
-30.7913
-30.7970
-30.7940
-30.7915
-30.7975
-30.7892
-30.7686
-30.7772
-30.7987
-30.8287
-30.8283
-30.7924
-30.7182
-30.6728
-30.6644
-30.6644
-30.6623
-30.6734
-30.6827
-30.7000
-30.7128
-30.7155
-30.7159
-30.7041
-30.6772
-30.6536
-30.6562
-30.6600
-30.6808
-30.6957
-30.6803
-30.6451
-30.6096
-30.5829
-30.5828
-30.6008
-30.6189
-30.6277
-30.6158
-30.5890
-30.5624
-30.5331
-30.5263
-30.5353
-30.5500
-30.5669
-30.5704
-30.5615
-30.5318
-30.4996
-30.4729
-30.4752
-30.4787
-30.4902
-30.4851
-30.4853
-30.4877
-30.4757
-30.4551
-30.4291
-30.4142
-30.3966
-30.3647
-30.3322
-30.2937
-30.2673
-30.2656
-30.2661
-30.2509
-30.2041
-30.1684
-30.1314
-30.1324
-30.1384
-30.1070
-30.0572
-29.9816
-29.9144
-29.8587
-29.8087
-29.7683
-29.7390
-29.7214
-29.7214
-29.7240
-29.7005
-29.6368
-29.5705
-29.5092
-29.4599
-29.3971
-29.3191
-29.2179
-29.1432
-29.1055
-29.1056
-29.1090
-29.1071
-29.1071
-29.1104
-29.1134
-29.1137
-29.1146
-29.1113
-29.0884
-29.0571
-29.0252
-29.0027
-28.9774
-28.9633
-28.9290
-28.8834
-28.8282
-28.8017
-28.7958
-28.7933
-28.7959
-28.7961
-28.7963
-28.7910
-28.7710
-28.7279
-28.6651
-28.5790
-28.4955
-28.4209
-28.3584
-28.3440
-28.3409
-28.3384
-28.3012
-28.2613
-28.2100
-28.1581
-28.0904
-28.0251
-27.9738
-27.9037
-27.8368
-27.7808
-27.7419
-27.7055
-27.6685
-27.6206
-27.5950
-27.5810
-27.5785
-27.5759
-27.5567
-27.5343
-27.4984
-27.4516
-27.4086
-27.3445
-27.2785
-27.1789
-27.0173
-26.8179
-26.6288
-26.4895
-26.3975
-26.3472
-26.3388
-26.3247
-26.2855
-26.1987
-26.1004
-26.0021
-25.9211
-25.8564
-25.8142
-25.7805
-25.7552
-25.7272
-25.6990
-25.6735
-25.6115
-25.5439
-25.4816
-25.4366
-25.4057
-25.3916
-25.3893
-25.3779
-25.3501
-25.2965
-25.2571
-25.2323
-25.2243
-25.2162
-25.1940
-25.1550
-25.1157
-25.0735
-25.0142
-24.9492
-24.8788
-24.8341
-24.8089
-24.7894
-24.7419
-24.6607
-24.5545
-24.4372
-24.3311
-24.2532
-24.1757
-24.0869
-23.9200
-23.7305
-23.5326
-23.3406
-23.1876
-23.1014
-23.0514
-23.0208
-22.9792
-22.9263
-22.8458
-22.7624
-22.6596
-22.5540
-22.4624
-22.3847
-22.3264
-22.2764
-22.2209
-22.1932
-22.1849
-22.1766
-22.1711
-22.1572
-22.1405
-22.1183
-22.0767
-22.0212
-21.9380
-21.8298
-21.6745
-21.5081
-21.3501
-21.2117
-21.1122
-21.0431
-20.9877
-20.9629
-20.9489
-20.9268
-20.8687
-20.7830
-20.6615
-20.5146
-20.3458
-20.2076
-20.0718
-19.9495
-19.8466
-19.7149
-19.5328
-19.4108
-19.3392
-19.3060
-19.2893
-19.2752
-19.2636
-19.2412
-19.1826
-19.1073
-19.0241
-18.9438
-18.8414
-18.7196
-18.5690
-18.4012
-18.2196
-18.0434
-17.8617
-17.6745
-17.4830
-17.2946
-17.1085
-16.9052
-16.7043
-16.5093
-16.3429
-16.2114
-16.1148
-16.0324
-15.9537
-15.8470
-15.7396
-15.6142
-15.5122
-15.4261
-15.3573
-15.2720
-15.1784
-15.0622
-14.9346
-14.8184
-14.6960
-14.5838
-14.4633
-14.3532
-14.2546
-14.1788
-14.1217
-14.0803
-14.0502
-14.0131
-13.9490
-13.8754
-13.7533
-13.6085
-13.4410
-13.2259
-12.9805
-12.6698
-12.3641
-12.1187
-11.9799
-11.9311
-11.9216
-11.9089
-11.8869
-11.8451
-11.7773
-11.7043
-11.6084
-11.4857
-11.3553
-11.2185
-11.1019
-11.0197
-10.9738
-10.9329
-10.8723
-10.7752
-10.6502
-10.5143
-10.3837
-10.2779
-10.1841
-10.0985
-10.0079
-9.9416
-9.8767
-9.8086
-9.7307
-9.6409
-9.5347
-9.4088
-9.2764
-9.1611
-9.0641
-8.9904
-8.9084
-8.8130
-8.6681
-8.4637
-8.2147
-7.9804
-7.7840
-7.6288
-7.5282
-7.4423
-7.3912
-7.3499
-7.3252
-7.3087
-7.2890
-7.2659
-7.2429
-7.2199
-7.2003
-7.1675
-7.1247
-7.0853
-7.0624
-7.0393
-6.9997
-6.9617
-6.9088
-6.8493
-6.7682
-6.6706
-6.5365
-6.3939
-6.2430
-6.0920
-5.9357
-5.7594
-5.6212
-5.5000
-5.4054
-5.3407
-5.3175
-5.3073
-5.2923
-5.2706
-5.2240
-5.1425
-5.0310
-4.8957
-4.7458
-4.6026
-4.4587
-4.3017
-4.1411
-3.9851
-3.8462
-3.7371
-3.6395
-3.5571
-3.4801
-3.4051
-3.3321
-3.2591
-3.2041
-3.1505
-3.0824
-3.0074
-2.9158
-2.8223
-2.7067
-2.5813
-2.4527
-2.3067
-2.1252
-1.9186
-1.7221
-1.5513
-1.4322
-1.3433
-1.3017
-1.2658
-1.2121
-1.1347
-1.0233
-0.8669
-0.7121
-0.6173
-0.5332
-0.4717
-0.4419
-0.4290
-0.4330
-0.4391
-0.4333
-0.4585
-0.5339
-0.6273
-0.7135
-0.7639
-0.7736
-0.7633
-0.7331
-0.6878
-0.6319
-0.5985
-0.5874
-0.6056
-0.6098
-0.5963
-0.5500
-0.4922
-0.4415
-0.3942
-0.3513
-0.2916
-0.2307
-0.1854
-0.1508
-0.0875
-0.0092
0.0522
0.1187
0.1713
0.2169
0.2768
0.3250
0.3825
0.4510
0.5594
0.6643
0.7563
0.8356
0.9197
1.0334
1.1988
1.3537
1.5102
1.6295
1.7110
1.7860
1.8539
1.9005
1.9290
1.9191
1.8871
1.8767
1.8865
1.8977
1.9184
1.9430
1.9491
1.9315
1.8868
1.8487
1.7929
1.7576
1.7458
1.7422
1.7412
1.7451
1.7524
1.7739
1.7882
1.7941
1.7862
1.7646
1.7646
1.7999
1.8906
1.9975
2.0694
2.0962
2.0850
2.0663
2.0794
2.1155
2.1449
2.1454
2.1276
2.1128
2.1252
2.1742
2.2565
2.3884
2.5056
2.5607
2.6075
2.7507
3.0758
3.5731
4.1771
4.7721
5.2671
5.6125
5.7734
5.8261
5.7276
5.6004
5.4385
5.1932
4.7736
