-2.120975
-2.206323
-2.291661
-2.376982
-2.462274
-2.547530
-2.632740
-2.717894
-2.802984
-2.888000
-2.972933
-3.057774
-3.142513
-3.227142
-3.311651
-3.396032
-3.480275
-3.564370
-3.648310
-3.732084
-3.815684
-3.899101
-3.982326
-4.065349
-4.148162
-4.230755
-4.313121
-4.395249
-4.477131
-4.558759
-4.640122
-4.721214
-4.802024
-4.882544
-4.962765
-5.042680
-5.122278
-5.201551
-5.280491
-5.359090
-5.437338
-5.515228
-5.592750
-5.669897
-5.746660
-5.823031
-5.899002
-5.974564
-6.049709
-6.124429
-6.198716
-6.272562
-6.345959
-6.418900
-6.491375
-6.563377
-6.634900
-6.705933
-6.776471
-6.846506
-6.916029
-6.985034
-7.053513
-7.121458
-7.188862
-7.255718
-7.322019
-7.387757
-7.452926
-7.517517
-7.581526
-7.644943
-7.707763
-7.769979
-7.831584
-7.892571
-7.952934
-8.012666
-8.071761
-8.130213
-8.188014
-8.245159
-8.301642
-8.357456
-8.412596
-8.467055
-8.520828
-8.573909
-8.626291
-8.677970
-8.728940
-8.779196
-8.828731
-8.877540
-8.925619
-8.972962
-9.019563
-9.065419
-9.110523
-9.154872
-9.198459
-9.241282
-9.283334
-9.324611
-9.365109
-9.404824
-9.443751
-9.481886
-9.519224
-9.555763
-9.591497
-9.626424
-9.660538
-9.693837
-9.726317
-9.757975
-9.788806
-9.818808
-9.847978
-9.876312
-9.903807
-9.930460
-9.956268
-9.981230
-10.005340
-10.028599
-10.051001
-10.072547
-10.093232
-10.113055
-10.132013
-10.150105
-10.167329
-10.183682
-10.199163
-10.213770
-10.227503
-10.240358
-10.252335
-10.263433
-10.273650
-10.282985
-10.291438
-10.299006
-10.305691
-10.311490
-10.316403
-10.320429
-10.323569
-10.325822
-10.327187
-10.327665
-10.327255
-10.325957
-10.323772
-10.320700
-10.316741
-10.311895
-10.306164
-10.299547
-10.292046
-10.283661
-10.274393
-10.264243
-10.253212
-10.241302
-10.228513
-10.214848
-10.200307
-10.184892
-10.168606
-10.151448
-10.133422
-10.114530
-10.094773
-10.074153
-10.052674
-10.030336
-10.007143
-9.983097
-9.958201
-9.932457
-9.905868
-9.878437
-9.850167
-9.821061
-9.791122
-9.760354
-9.728759
-9.696342
-9.663105
-9.629052
-9.594188
-9.558515
-9.522037
-9.484760
-9.446685
-9.407819
-9.368164
-9.327725
-9.286507
-9.244514
-9.201750
-9.158221
-9.113930
-9.068883
-9.023085
-8.976540
-8.929253
-8.881230
-8.832476
-8.782996
-8.732796
-8.681880
-8.630255
-8.577926
-8.524898
-8.471178
-8.416771
-8.361683
-8.305919
-8.249487
-8.192393
-8.134641
-8.076239
-8.017193
-7.957509
-7.897194
-7.836254
-7.774696
-7.712527
-7.649752
-7.586380
-7.522417
-7.457869
-7.392744
-7.327049
-7.260791
-7.193977
-7.126614
-7.058710
-6.990272
-6.921307
-6.851823
-6.781827
-6.711327
-6.640331
-6.568846
-6.496879
-6.424440
-6.351535
-6.278172
-6.204360
-6.130106
-6.055419
-5.980306
-5.904775
-5.828836
-5.752495
-5.675761
-5.598643
-5.521149
-5.443287
-5.365066
-5.286494
-5.207579
-5.128331
-5.048757
-4.968867
-4.888669
-4.808171
-4.727383
-4.646313
-4.564969
-4.483362
-4.401498
-4.319389
-4.237041
-4.154464
-4.071668
-3.988661
-3.905451
-3.822049
-3.738462
-3.654701
-3.570774
-3.486689
-3.402458
-3.318087
-3.233587
-3.148967
-3.064236
-2.979402
-2.894476
-2.809466
-2.724382
-2.639232
-2.554026
-2.468774
-2.383484
-2.298165
-2.212827
-2.127480
-2.042131
-1.956791
-1.871469
-1.786174
-1.700915
-1.615702
-1.530543
-1.445448
-1.360426
-1.275487
-1.190638
-1.105891
-1.021253
-0.936734
-0.852344
-0.768090
-0.683983
-0.600031
-0.516244
-0.432630
-0.349199
-0.265960
-0.182921
-0.100092
-0.017481
0.064902
0.147049
0.228950
0.310597
0.391981
0.473094
0.553926
0.634468
0.714713
0.794651
0.874273
0.953572
1.032537
1.111162
1.189438
1.267355
1.344906
1.422081
1.498874
1.575275
1.651277
1.726870
1.802047
1.876800
1.951121
2.025001
2.098432
2.171407
2.243918
2.315957
2.387516
2.458588
2.529164
2.599237
2.668799
2.737844
2.806363
2.874349
2.941795
3.008693
3.075036
3.140817
3.206030
3.270666
3.334719
3.398182
3.461047
3.523310
3.584961
3.645996
3.706407
3.766187
3.825331
3.883831
3.941682
3.998878
4.055411
4.111277
4.166468
4.220979
4.274805
4.327938
4.380374
4.432107
4.483132
4.533441
4.583031
4.631897
4.680031
4.727430
4.774089
4.820001
4.865163
4.909569
4.953215
4.996096
5.038207
5.079543
5.120101
5.159875
5.198863
5.237058
5.274457
5.311057
5.346853
5.381841
5.416018
5.449379
5.481922
5.513642
5.544536
5.574602
5.603835
5.632233
5.659792
5.686509
5.712382
5.737408
5.761584
5.784907
5.807375
5.828986
5.849736
5.869625
5.888649
5.906807
5.924097
5.940517
5.956065
5.970739
5.984538
5.997460
6.009504
6.020669
6.030953
6.040356
6.048875
6.056511
6.063263
6.069130
6.074110
6.078204
6.081412
6.083732
6.085165
6.085710
6.085368
6.084138
6.082021
6.079016
6.075125
6.070347
6.064683
6.058133
6.050699
6.042382
6.033181
6.023098
6.012135
6.000291
5.987570
5.973971
5.959497
5.944149
5.927928
5.910837
5.892878
5.874051
5.854360
5.833806
5.812392
5.790120
5.766992
5.743011
5.718179
5.692500
5.665975
5.638608
5.610402
5.581360
5.551484
5.520779
5.489247
5.456892
5.423718
5.389727
5.354924
5.319313
5.282897
5.245680
5.207666
5.168859
5.129265
5.088885
5.047727
5.005792
4.963087
4.919616
4.875383
4.830394
4.784652
4.738164
4.690934
4.642967
4.594269
4.544844
4.494698
4.443837
4.392265
4.339990
4.287015
4.233347
4.178992
4.123956
4.068244
4.011863
3.954818
3.897116
3.838764
3.779767
3.720131
3.659864
3.598971
3.537460
3.475337
3.412609
3.349282
3.285363
3.220860
3.155779
3.090127
3.023911
2.957139
2.889818
2.821955
2.753557
2.684632
2.615188
2.545231
2.474769
2.403810
2.332362
2.260432
2.188028
2.115159
2.041831
1.968052
1.893832
1.819177
1.744096
1.668597
1.592689
1.516378
