-3.6936
-3.8234
-4.0288
-4.2036
-4.3527
-4.3496
-4.2146
-3.9790
-3.7254
-3.5589
-3.4750
-3.4759
-3.5475
-3.6306
-3.6772
-3.7423
-3.8403
-3.9467
-4.0557
-4.1409
-4.2097
-4.2317
-4.2096
-4.1586
-4.0728
-3.9978
-3.9302
-3.8865
-3.8692
-3.8698
-3.9113
-4.0500
-4.2270
-4.3933
-4.5456
-4.6595
-4.7240
-4.7524
-4.7644
-4.7831
-4.8258
-4.8720
-4.9201
-4.9802
-5.0413
-5.0918
-5.1803
-5.2945
-5.4020
-5.4808
-5.5151
-5.5203
-5.5066
-5.4664
-5.4311
-5.4236
-5.4732
-5.5762
-5.6895
-5.7875
-5.8332
-5.8302
-5.8103
-5.7871
-5.7585
-5.7387
-5.7317
-5.7456
-5.7837
-5.8708
-5.9771
-6.0951
-6.2255
-6.4269
-6.6587
-6.9139
-7.1698
-7.4190
-7.6704
-7.9026
-8.1102
-8.2682
-8.3572
-8.4108
-8.4538
-8.5110
-8.5736
-8.6876
-8.8322
-8.9877
-9.2003
-9.4378
-9.7040
-10.0015
-10.3353
-10.6461
-10.9576
-11.2460
-11.4877
-11.6680
-11.8075
-11.9340
-12.0286
-12.0961
-12.1502
-12.2274
-12.3206
-12.4529
-12.6487
-12.9124
-13.1607
-13.4251
-13.6997
-13.9747
-14.2862
-14.6214
-14.9321
-15.2312
-15.5080
-15.7916
-16.0630
-16.2682
-16.4174
-16.5506
-16.6854
-16.8738
-17.0978
-17.3240
-17.5781
-17.8010
-17.9936
-18.1794
-18.3538
-18.5190
-18.7324
-18.9752
-19.2196
-19.4289
-19.5742
-19.6532
-19.7069
-19.7672
-19.8689
-20.0602
-20.3329
-20.6453
-20.9839
-21.2932
-21.5795
-21.8360
-22.0319
-22.1973
-22.3145
-22.4133
-22.4844
-22.5668
-22.6723
-22.7832
-22.9173
-23.0391
-23.1461
-23.2645
-23.3504
-23.4158
-23.4842
-23.5557
-23.6415
-23.7441
-23.8349
-23.8913
-23.9480
-23.9897
-24.0112
-24.0096
-24.0195
-24.0439
-24.0681
-24.0695
-24.0680
-24.0614
-24.0714
-24.0580
-24.0303
-23.9911
-23.9067
-23.7941
-23.6485
-23.4781
-23.2626
-23.0333
-22.8223
-22.6215
-22.4694
-22.4046
-22.4289
-22.5280
-22.6517
-22.7723
-22.8928
-22.9934
-23.0824
-23.1680
-23.2306
-23.2843
-23.2854
-23.2865
-23.2738
-23.2549
-23.2301
-23.2108
-23.1833
-23.1399
-23.0912
-23.0231
-22.9604
-22.9143
-22.8819
-22.8718
-22.8867
-22.9019
-22.9309
-22.9462
-22.9616
-22.9608
-22.9602
-22.9571
-22.9651
-22.9757
-22.9639
-22.9522
-22.9546
-22.9628
-22.9764
-22.9897
-22.9999
-23.0071
-23.0111
-23.0175
-23.0182
-23.0243
-23.0247
-23.0226
-23.0233
-22.9936
-22.9419
-22.8821
-22.8224
-22.7766
-22.7724
-22.7763
-22.7775
-22.7731
-22.7601
-22.7386
-22.7113
-22.6672
-22.6230
-22.5567
-22.4738
-22.3494
-22.1672
-21.9439
-21.6932
-21.4454
-21.2337
-21.0575
-20.9252
-20.7984
-20.6798
-20.5529
-20.4347
-20.3220
-20.2225
-20.0980
-19.9738
-19.8495
-19.7328
-19.6401
-19.6001
-19.5688
-19.5373
-19.5118
-19.4863
-19.4212
-19.3231
-19.1416
-18.9208
-18.6502
-18.3498
-18.0439
-17.7586
-17.4816
-17.2426
-17.0388
-16.8388
-16.6876
-16.5467
-16.4149
-16.2849
-16.1641
-16.0344
-15.9071
-15.7732
-15.6334
-15.4831
-15.3029
-15.0898
-14.8777
-14.6351
-14.3978
-14.1712
-13.9478
-13.7553
-13.5753
-13.3965
-13.2670
-13.1704
-13.0748
-12.9647
-12.8289
-12.6828
-12.5211
-12.3077
-12.0665
-11.7933
-11.4805
-11.1510
-10.8510
-10.5575
-10.2724
-10.0102
-9.7533
-9.5096
-9.2664
-9.0548
-8.8580
-8.6727
-8.5065
-8.3516
-8.1817
-8.0050
-7.8104
-7.5879
-7.3619
-7.1374
-6.8798
-6.6006
-6.2979
-5.9663
-5.6391
-5.3143
-5.0103
-4.7574
-4.5433
-4.3817
-4.2801
-4.2022
-4.1291
-4.0577
-4.0067
-3.9625
-3.9280
-3.8920
-3.8511
-3.8172
-3.7595
-3.6708
-3.5716
-3.4585
-3.3111
-3.1196
-2.9182
-2.7079
-2.4685
-2.2309
-1.9652
-1.6800
-1.3846
-1.1094
-0.8724
-0.6632
-0.4845
-0.3622
-0.3341
-0.3548
-0.4113
-0.4892
-0.5201
-0.5411
-0.5684
-0.6312
-0.7492
-0.9111
-1.1226
-1.3624
-1.5765
-1.6809
-1.7131
-1.6856
-1.6282
-1.5210
-1.4144
-1.3706
-1.4012
-1.4830
-1.6200
-1.7050
-1.7525
-1.7767
-1.7855
-1.8786
-2.0795
-2.4119
-2.8062
-3.2198
-3.6666
-4.1484
-4.6127
-5.0278
-5.3633
-5.5700
-5.7254
-5.8423
-5.8972
-5.9078
-5.8901
-5.8302
-5.7935
-5.8331
-5.9403
-6.1270
-6.3329
-6.5420
-6.7423
-6.9513
-7.1334
-7.2743
-7.3644
-7.4439
-7.5199
-7.5603
-7.5953
-7.6244
-7.7236
-7.8648
-7.9974
-8.1245
-8.1732
-8.1064
-7.9905
-7.8765
-7.8692
-7.9856
-8.1442
-8.2642
-8.3831
-8.4330
-8.4755
-8.5467
-8.5914
-8.6484
-8.6906
-8.7097
-8.7184
-8.7232
-8.7536
-8.8049
-8.9313
-9.1086
-9.3067
-9.5286
-9.7429
-9.9325
-10.1018
-10.2429
-10.3348
-10.3556
-10.3428
-10.3200
-10.2875
-10.2908
-10.2974
-10.2847
-10.2761
-10.2892
-10.3013
-10.3186
-10.3264
-10.3323
-10.3226
-10.3190
-10.3463
-10.3955
-10.4734
-10.5775
-10.6940
-10.8045
-10.9236
-11.0534
-11.2014
-11.3722
-11.5620
-11.7222
-11.8780
-11.9989
-12.1500
-12.3107
-12.4898
-12.6908
-12.9074
-13.1245
-13.3083
-13.4477
-13.5611
-13.6748
-13.8150
-14.0004
-14.1817
-14.3325
-14.4461
-14.5211
-14.6183
-14.7275
-14.8425
-14.9606
-15.0529
-15.1531
-15.2372
-15.3427
-15.4769
-15.6537
-15.8016
-15.9197
-16.0178
-16.0880
-16.1801
-16.2757
-16.3582
-16.4185
-16.4849
-16.5486
-16.5800
-16.5988
-16.6167
-16.6661
-16.7328
-16.8209
-16.9285
-17.0502
-17.1737
-17.3061
-17.4675
-17.6717
-17.9441
-18.2302
-18.5324
-18.8031
-19.0179
-19.1776
-19.3339
-19.5050
-19.6731
-19.8145
-19.9393
-20.0248
-20.1144
-20.2182
-20.3504
-20.4984
-20.6470
-20.7958
-20.9652
-21.1262
-21.2816
-21.4466
-21.6031
-21.7364
-21.8434
-21.9271
-22.0105
-22.0760
-22.1412
-22.2118
-22.2534
-22.2922
-22.3396
-22.3894
-22.4394
-22.4897
-22.5516
-22.6276
-22.6837
-22.7369
-22.8015
-22.8574
-22.9411
-23.0885
-23.2574
-23.4337
-23.5757
-23.7027
-23.7901
-23.8163
-23.7761
-23.6507
-23.4706
-23.2636
-23.1226
-23.0235
-22.9358
-22.8619
-22.7939
-22.7314
-22.6663
-22.6201
-22.6117
-22.6301
-22.6696
-22.7356
-22.8866
-23.0502
-23.1791
-23.2892
-23.3278
-23.3111
-23.2393
-23.1414
-23.0383
-22.9668
-22.9821
-23.1095
-23.3245
-23.5692
-23.7973
-23.9320
-23.9688
-23.8800
-23.6547
-23.3454
-23.0087
-22.6987
-22.4587
-22.2317
-22.0943
-22.0511
-22.0536
-22.1244
-22.1660
-22.1785
-22.1418
-21.9983
-21.7357
-21.3731
-21.0203
-20.6504
-20.2826
-19.9491
-19.6498
-19.4519
-19.3211
-19.2901
-19.3496
-19.4613
-19.5890
-19.6933
-19.7580
-19.8010
-19.8358
-19.8536
-19.9077
-19.9459
-19.9661
-19.9312
-19.9039
-19.9457
-20.0047
-20.0612
-20.0975
-20.0878
-20.0755
-20.0826
-20.1411
-20.2241
-20.2955
-20.3390
-20.2850
-20.1210
-19.8683
-19.5958
-19.2816
-18.9386
-18.6145
-18.3123
-18.0484
-17.8320
-17.6853
-17.5775
-17.5491
-17.5519
-17.5605
-17.5605
-17.5548
-17.5576
-17.5576
-17.5654
-17.5589
-17.5443
-17.5410
-17.5207
-17.4878
-17.4565
-17.3840
-17.2709
-17.1186
-16.9219
-16.7037
-16.4819
-16.2349
-16.0290
-15.8230
-15.6261
-15.4285
-15.2325
-15.0197
-14.8017
-14.5904
-14.3700
-14.1758
-14.0136
-13.8806
-13.7589
-13.6332
-13.5132
-13.3604
-13.1554
-12.8974
-12.6135
-12.3146
-12.0023
-11.7210
-11.4915
-11.2891
-11.1021
-10.9597
-10.8283
-10.7093
-10.5841
-10.4223
-10.2482
-10.0550
-9.8222
-9.5949
-9.3525
-9.0739
-8.7762
-8.5054
-8.2443
-7.9783
-7.7308
-7.5360
-7.3568
-7.1902
-7.0699
-6.9723
-6.8647
-6.7729
-6.6923
-6.6086
-6.5525
-6.4832
-6.3829
-6.2780
-6.1778
-6.0639
-5.9852
-5.9307
-5.8834
-5.8541
-5.8328
-5.8244
-5.8332
-5.8325
-5.8256
-5.8256
-5.8455
-5.8488
-5.8555
-5.8555
-5.8870
-5.9484
-6.0441
-6.1156
-6.1379
-6.1343
-6.1012
-6.1210
-6.1589
-6.2231
-6.2670
-6.2596
-6.2088
-6.1036
-6.0010
-5.8863
-5.7104
-5.4834
-5.1984
-11.9976
