-3.454400
-3.454611
-3.455243
-3.456296
-3.457771
-3.459667
-3.461985
-3.464723
-3.467883
-3.471464
-3.475465
-3.479887
-3.484729
-3.489992
-3.495675
-3.501778
-3.508300
-3.515242
-3.522603
-3.530383
-3.538582
-3.547199
-3.556233
-3.565686
-3.575556
-3.585842
-3.596545
-3.607665
-3.619200
-3.631150
-3.643515
-3.656295
-3.669488
-3.683095
-3.697115
-3.711548
-3.726392
-3.741647
-3.757313
-3.773390
-3.789876
-3.806770
-3.824074
-3.841784
-3.859902
-3.878426
-3.897356
-3.916691
-3.936430
-3.956573
-3.977118
-3.998065
-4.019414
-4.041162
-4.063311
-4.085858
-4.108803
-4.132145
-4.155884
-4.180018
-4.204546
-4.229468
-4.254782
-4.280488
-4.306584
-4.333071
-4.359946
-4.387209
-4.414858
-4.442893
-4.471313
-4.500117
-4.529303
-4.558870
-4.588818
-4.619145
-4.649850
-4.680932
-4.712390
-4.744222
-4.776428
-4.809006
-4.841955
-4.875274
-4.908962
-4.943017
-4.977438
-5.012223
-5.047372
-5.082883
-5.118755
-5.154987
-5.191577
-5.228523
-5.265825
-5.303481
-5.341489
-5.379849
-5.418559
-5.457617
-5.497021
-5.536772
-5.576866
-5.617302
-5.658080
-5.699197
-5.740652
-5.782443
-5.824569
-5.867028
-5.909819
-5.952940
-5.996390
-6.040166
-6.084268
-6.128693
-6.173440
-6.218507
-6.263893
-6.309596
-6.355613
-6.401945
-6.448588
-6.495541
-6.542803
-6.590371
-6.638243
-6.686419
-6.734896
-6.783672
-6.832746
-6.882115
-6.931778
-6.981734
-7.031979
-7.082513
-7.133333
-7.184438
-7.235826
-7.287494
-7.339441
-7.391665
-7.444163
-7.496935
-7.549978
-7.603290
-7.656869
-7.710712
-7.764819
-7.819187
-7.873814
-7.928698
-7.983837
-8.039229
-8.094872
-8.150763
-8.206901
-8.263284
-8.319909
-8.376775
-8.433878
-8.491218
-8.548792
-8.606598
-8.664634
-8.722897
-8.781385
-8.840097
-8.899030
-8.958181
-9.017550
-9.077132
-9.136927
-9.196932
-9.257145
-9.317563
-9.378184
-9.439006
-9.500027
-9.561245
-9.622657
-9.684261
-9.746054
-9.808034
-9.870200
-9.932548
-9.995077
-10.057784
-10.120666
-10.183722
-10.246949
-10.310345
-10.373907
-10.437632
-10.501520
-10.565566
-10.629770
-10.694128
-10.758638
-10.823297
-10.888104
-10.953056
-11.018150
-11.083384
-11.148755
-11.214262
-11.279902
-11.345671
-11.411569
-11.477591
-11.543737
-11.610003
-11.676387
-11.742887
-11.809499
-11.876222
-11.943054
-12.009990
-12.077030
-12.144170
-12.211409
-12.278743
-12.346170
-12.413688
-12.481294
-12.548985
-12.616759
-12.684614
-12.752547
-12.820555
-12.888636
-12.956788
-13.025007
-13.093292
-13.161639
-13.230047
-13.298512
-13.367033
-13.435606
-13.504229
-13.572899
-13.641615
-13.710373
-13.779170
-13.848005
-13.916875
-13.985777
-14.054708
-14.123666
-14.192649
-14.261654
-14.330677
-14.399718
-14.468773
-14.537839
-14.606914
-14.675996
-14.745082
-14.814169
-14.883255
-14.952336
-15.021412
-15.090478
-15.159533
-15.228574
-15.297598
-15.366603
-15.435586
-15.504545
-15.573477
-15.642379
-15.711249
-15.780084
-15.848883
-15.917641
-15.986357
-16.055028
-16.123652
-16.192226
-16.260747
-16.329214
-16.397622
-16.465971
-16.534256
-16.602477
-16.670629
-16.738711
-16.806721
-16.874655
-16.942511
-17.010286
-17.077979
-17.145586
-17.213105
-17.280534
-17.347869
-17.415109
-17.482251
-17.549292
-17.616230
-17.683063
-17.749788
-17.816402
-17.882904
-17.949289
-18.015557
-18.081705
-18.147729
-18.213629
-18.279400
-18.345042
-18.410551
-18.475924
-18.541160
-18.606257
-18.671210
-18.736019
-18.800681
-18.865193
-18.929554
-18.993759
-19.057809
-19.121698
-19.185427
-19.248991
-19.312389
-19.375619
-19.438677
-19.501562
-19.564272
-19.626803
-19.689154
-19.751323
-19.813306
-19.875102
-19.936709
-19.998124
-20.059344
-20.120368
-20.181194
-20.241818
-20.302239
-20.362455
-20.422463
-20.482261
-20.541847
-20.601218
-20.660373
-20.719309
-20.778025
-20.836516
-20.894783
-20.952822
-21.010631
-21.068209
-21.125552
-21.182660
-21.239529
-21.296158
-21.352544
-21.408686
-21.464581
-21.520228
-21.575623
-21.630766
-21.685654
-21.740285
-21.794657
-21.848768
-21.902616
-21.956198
-22.009514
-22.062561
-22.115337
-22.167840
-22.220068
-22.272019
-22.323692
-22.375083
-22.426192
-22.477017
-22.527555
-22.577805
-22.627765
-22.677433
-22.726807
-22.775885
-22.824666
-22.873147
-22.921327
-22.969205
-23.016777
-23.064043
-23.111001
-23.157649
-23.203985
-23.250008
-23.295715
-23.341106
-23.386178
-23.430930
-23.475360
-23.519466
-23.563248
-23.606702
-23.649828
-23.692624
-23.735088
-23.777220
-23.819016
-23.860476
-23.901598
-23.942381
-23.982823
-24.022922
-24.062677
-24.102087
-24.141151
-24.179865
-24.218230
-24.256244
-24.293906
-24.331213
-24.368165
-24.404760
-24.440997
-24.476874
-24.512391
-24.547546
-24.582337
-24.616763
-24.650824
-24.684517
-24.717841
-24.750796
-24.783380
-24.815591
-24.847429
-24.878893
-24.909981
-24.940691
-24.971024
-25.000978
-25.030551
-25.059743
-25.088552
-25.116978
-25.145019
-25.172674
-25.199943
-25.226824
-25.253316
-25.279419
-25.305131
-25.330451
-25.355379
-25.379913
-25.404053
-25.427797
-25.451145
-25.474096
-25.496650
-25.518804
-25.540559
-25.561914
-25.582867
-25.603418
-25.623567
-25.643312
-25.662653
-25.681589
-25.700119
-25.718243
-25.735960
-25.753270
-25.770171
-25.786663
-25.802746
-25.818418
-25.833680
-25.848530
-25.862969
-25.876995
-25.890608
-25.903808
-25.916594
-25.928965
-25.940922
-25.952463
-25.963589
-25.974298
-25.984591
-25.994467
-26.003926
-26.012967
-26.021591
-26.029795
-26.037582
-26.044949
-26.051897
-26.058426
-26.064535
-26.070225
-26.075494
-26.080343
-26.084771
-26.088779
-26.092366
-26.095532
-26.098277
-26.100600
-26.102503
-26.103984
-26.105044
-26.105683
-26.105900
-26.105696
-26.105070
-26.104023
-26.102554
-26.100664
-26.098353
-26.095621
-26.092468
-26.088894
-26.084899
-26.080483
-26.075647
-26.070391
-26.064714
-26.058618
-26.052102
-26.045166
-26.037812
-26.030038
-26.021846
-26.013235
-26.004207
-25.994761
-25.984897
-25.974617
-25.963920
-25.952807
-25.941279
-25.929334
-25.916976
-25.904202
-25.891015
-25.877414
-25.863401
-25.848975
-25.834137
-25.818888
-25.803228
-25.787158
-25.770678
-25.753789
-25.736492
-25.718788
-25.700676
-25.682158
-25.663234
-25.643906
-25.624173
-25.604036
-25.583497
-25.562556
-25.541214
-25.519471
-25.497329
-25.474787
-25.451848
-25.428512
-25.404780
-25.380652
-25.356130
-25.331214
-25.305906
-25.280206
-25.254115
-25.227634
-25.200765
-25.173508
-25.145865
-25.117835
-25.089421
-25.060623
-25.031443
-25.001882
-24.971940
-24.941618
-24.910919
-24.879843
-24.848391
-24.816564
-24.784364
-24.751791
-24.718848
-24.685534
-24.651853
-24.617803
-24.583388
-24.548608
-24.513464
-24.477959
-24.442092
-24.405866
-24.369282
-24.332341
-24.295044
-24.257394
-24.219390
-24.181036
-24.142332
-24.103279
-24.063880
-24.024135
-23.984046
-23.943614
-23.902842
-23.861730
-23.820280
-23.778494
-23.736373
-23.693919
-23.651133
-23.608017
-23.564573
-23.520801
-23.476705
-23.432284
-23.387542
-23.342480
-23.297099
-23.251401
-23.205388
-23.159061
-23.112423
-23.065474
-23.018218
-22.970654
-22.922786
-22.874615
-22.826143
-22.777371
-22.728302
-22.678937
-22.629278
-22.579327
-22.529086
-22.478557
-22.427741
-22.376640
-22.325257
-22.273593
-22.221650
-22.169431
-22.116936
-22.064168
-22.011130
-21.957822
-21.904247
-21.850407
-21.796304
-21.741940
-21.687317
-21.632437
-21.577302
-21.521914
-21.466275
-21.410388
-21.354253
-21.297874
-21.241253
-21.184391
-21.127291
-21.069954
-21.012384
-20.954582
-20.896549
-20.838290
-20.779805
-20.721096
-20.662167
-20.603019
-20.543654
-20.484074
-20.424283
-20.364281
-20.304072
-20.243657
-20.183038
-20.122219
-20.061201
-19.999986
-19.938577
-19.876977
-19.815186
-19.753208
-19.691046
-19.628700
-19.566174
-19.503470
-19.440590
-19.377537
-19.314313
-19.250919
-19.187360
-19.123637
-19.059752
-18.995707
-18.931506
-18.867151
-18.802643
-18.737986
-18.673181
-18.608232
-18.543140
-18.477908
-18.412538
-18.347034
-18.281396
-18.215629
-18.149733
-18.083712
-18.017569
-17.951304
-17.884922
-17.818424
-17.751813
-17.685092
-17.618262
-17.551327
-17.484289
-17.417150
-17.349913
-17.282580
-17.215155
-17.147638
-17.080034
-17.012344
-16.944571
-16.876717
-16.808786
-16.740779
-16.672699
-16.604548
-16.536330
-16.468046
-16.399699
-16.331293
-16.262828
-16.194308
-16.125736
-16.057114
-15.988444
-15.919729
-15.850972
-15.782175
-15.713340
-15.644471
-15.575570
-15.506639
-15.437681
-15.368699
-15.299695
-15.230671
-15.161631
-15.092576
-15.023510
-14.954435
-14.885353
-14.816268
-14.747181
-14.678095
-14.609013
-14.539937
-14.470871
-14.401816
-14.332774
-14.263750
-14.194745
-14.125761
-14.056802
-13.987870
-13.918968
-13.850097
-13.781261
-13.712462
-13.643703
-13.574986
-13.506314
-13.437690
-13.369115
-13.300593
-13.232126
-13.163716
-13.095367
-13.027080
-12.958859
-12.890705
-12.822622
-12.754612
-12.686676
-12.618819
-12.551042
-12.483349
-12.415740
-12.348220
-12.280790
-12.213453
-12.146212
-12.079068
-12.012025
-11.945085
-11.878251
-11.811525
-11.744909
-11.678406
-11.612018
-11.545748
-11.479599
-11.413572
-11.347671
-11.281898
-11.216254
-11.150743
-11.085368
-11.020130
-10.955031
-10.890075
-10.825264
-10.760600
-10.696085
-10.631723
-10.567515
-10.503463
-10.439571
-10.375840
-10.312273
-10.248872
-10.185640
-10.122579
-10.059692
-9.996979
-9.934445
-9.872091
-9.809920
-9.747934
-9.686135
-9.624525
-9.563108
-9.501884
-9.440857
-9.380029
-9.319401
-9.258977
-9.198758
-9.138747
-9.078946
-9.019357
-8.959982
-8.900824
-8.841884
-8.783166
-8.724670
-8.666400
-8.608358
-8.550545
-8.492964
-8.435617
-8.378506
-8.321633
-8.265001
-8.208610
-8.152465
-8.096566
-8.040916
-7.985516
-7.930370
-7.875478
-7.820843
-7.766467
-7.712352
-7.658500
-7.604913
-7.551594
-7.498543
-7.445763
-7.393255
-7.341023
-7.289068
-7.237391
-7.185995
-7.134882
-7.084053
-7.033510
-6.983256
-6.933292
-6.883619
-6.834241
-6.785158
-6.736373
-6.687887
-6.639702
-6.591820
-6.544243
-6.496972
-6.450010
-6.403357
-6.357016
-6.310989
-6.265277
-6.219881
-6.174804
-6.130047
-6.085612
-6.041501
-5.997715
-5.954255
-5.911124
-5.868323
-5.825854
-5.783718
-5.741916
-5.700451
-5.659324
-5.618536
-5.578089
-5.537985
-5.498224
-5.458809
-5.419740
-5.381020
-5.342650
-5.304630
-5.266964
-5.229651
-5.192694
-5.156093
-5.119851
-5.083968
-5.048446
-5.013286
-4.978489
-4.944057
-4.909991
-4.876292
-4.842962
-4.810002
-4.777412
-4.745195
-4.713351
-4.681882
-4.650789
-4.620072
-4.589734
-4.559774
-4.530195
-4.500998
-4.472183
-4.443751
-4.415704
-4.388043
-4.360768
-4.333881
-4.307383
-4.281275
-4.255557
-4.230231
-4.205297
-4.180757
-4.156611
-4.132861
-4.109506
-4.086549
-4.063990
-4.041829
-4.020068
-3.998708
-3.977748
-3.957191
-3.937036
-3.917285
-3.897938
-3.878996
-3.860459
-3.842329
-3.824606
-3.807290
-3.790383
-3.773884
-3.757796
-3.742117
-3.726849
-3.711992
-3.697548
-3.683515
-3.669896
-3.656690
-3.643897
-3.631520
-3.619557
-3.608009
-3.596877
-3.586161
-3.575862
-3.565979
-3.556514
-3.547467
-3.538837
-3.530626
-3.522833
-3.515460
-3.508505
-3.501970
-3.495854
-3.490159
-3.484883
-3.480028
-3.475593
-3.471579
-3.467986
