-7.1962
-7.2516
-7.3662
-7.4521
-7.4986
-7.5146
-7.5591
-7.6571
-7.7675
-7.8741
-7.9700
-8.0409
-8.1046
-8.1522
-8.2017
-8.2547
-8.3111
-8.3429
-8.3654
-8.3879
-8.4123
-8.4242
-8.4415
-8.4569
-8.4775
-8.4942
-8.4987
-8.4877
-8.4572
-8.4283
-8.4030
-8.3545
-8.2846
-8.2362
-8.1965
-8.1656
-8.1667
-8.2033
-8.2470
-8.2890
-8.3136
-8.3276
-8.3467
-8.3676
-8.3763
-8.3619
-8.3545
-8.3454
-8.3471
-8.3541
-8.3785
-8.4309
-8.5301
-8.6691
-8.8494
-9.0048
-9.1197
-9.1840
-9.2520
-9.3065
-9.3340
-9.3341
-9.3026
-9.2730
-9.2132
-9.1464
-9.0936
-9.0552
-9.0483
-9.0449
-9.0139
-8.9513
-8.8665
-8.7504
-8.6797
-8.6417
-8.6279
-8.6279
-8.6279
-8.6279
-8.6279
-8.6279
-8.6279
-8.6279
-8.6279
-8.6279
-8.6314
-8.6418
-8.6610
-8.6679
-8.6610
-8.6770
-8.6914
-8.6917
-8.6974
-8.7015
-8.7125
-8.7342
-8.7349
-8.7196
-8.7130
-8.7378
-8.7607
-8.8047
-8.8978
-8.9929
-9.0755
-9.1420
-9.1872
-9.2151
-9.2381
-9.2732
-9.3190
-9.3683
-9.4191
-9.4684
-9.5334
-9.6037
-9.6756
-9.7489
-9.8310
-9.9043
-9.9941
-10.0722
-10.1151
-10.1239
-10.1102
-10.1000
-10.1263
-10.1888
-10.2866
-10.3771
-10.4167
-10.4118
-10.4000
-10.3829
-10.3921
-10.4278
-10.4968
-10.6119
-10.7256
-10.8157
-10.8672
-10.8989
-10.9048
-10.9073
-10.9309
-11.0040
-11.0915
-11.1886
-11.2768
-11.3228
-11.3404
-11.3559
-11.3790
-11.4054
-11.4407
-11.4848
-11.5534
-11.6416
-11.7210
-11.7617
-11.7874
-11.8008
-11.8143
-11.8312
-11.8513
-11.8513
-11.8444
-11.8307
-11.8171
-11.8122
-11.8074
-11.8059
-11.8262
-11.8540
-11.9015
-11.9672
-12.0330
-12.1125
-12.2123
-12.3137
-12.4245
-12.5501
-12.6769
-12.8140
-12.9090
-13.0217
-13.1045
-13.1477
-13.1745
-13.1846
-13.1980
-13.1980
-13.1980
-13.2035
-13.2268
-13.2390
-13.2702
-13.3167
-13.3697
-13.4127
-13.4745
-13.5297
-13.5794
-13.6345
-13.6808
-13.7051
-13.7382
-13.7604
-13.7913
-13.8487
-13.9094
-13.9603
-14.0144
-14.0576
-14.0898
-14.1208
-14.1629
-14.2239
-14.3072
-14.3760
-14.4359
-14.4702
-14.5135
-14.5678
-14.6223
-14.6967
-14.7779
-14.8459
-14.8827
-14.9039
-14.9217
-14.9631
-15.0345
-15.1293
-15.2209
-15.3160
-15.4056
-15.4906
-15.5510
-15.5937
-15.6238
-15.6627
-15.7063
-15.7623
-15.8183
-15.9165
-16.0163
-16.1148
-16.2185
-16.3240
-16.4020
-16.4521
-16.4819
-16.5314
-16.5734
-16.6218
-16.6596
-16.7443
-16.8336
-16.9360
-17.0192
-17.0668
-17.1015
-17.1435
-17.1724
-17.2109
-17.2457
-17.2711
-17.2742
-17.2742
-17.2774
-17.2806
-17.2838
-17.2969
-17.3124
-17.3587
-17.4050
-17.4830
-17.5779
-17.6713
-17.7388
-17.7826
-17.8327
-17.8683
-17.8830
-17.8887
-17.9010
-17.9312
-17.9491
-17.9703
-18.0021
-18.0511
-18.1222
-18.2210
-18.3654
-18.5397
-18.6608
-18.6966
-18.7055
-18.7143
-18.7320
-18.7433
-18.7734
-18.8421
-18.9604
-19.1374
-19.3853
-19.6572
-19.8966
-20.0245
-20.0732
-20.0979
-20.1324
-20.1579
-20.1834
-20.2057
-20.2468
-20.2882
-20.3417
-20.4104
-20.4608
-20.5143
-20.5552
-20.5742
-20.5774
-20.5774
-20.5898
-20.5992
-20.6176
-20.6333
-20.6553
-20.6804
-20.7056
-20.7339
-20.7841
-20.8375
-20.9002
-20.9692
-21.0411
-21.0976
-21.1354
-21.1697
-21.2088
-21.2386
-21.2865
-21.3229
-21.3385
-21.3481
-21.3640
-21.3832
-21.4027
-21.4029
-21.3886
-21.3626
-21.3336
-21.2850
-21.2514
-21.2266
-21.2047
-21.2016
-21.2027
-21.2099
-21.2122
-21.1804
-21.1271
-21.0600
-20.9796
-20.9101
-20.8520
-20.7931
-20.7676
-20.7472
-20.7536
-20.7593
-20.7650
-20.7878
-20.8141
-20.8205
-20.8332
-20.8637
-20.8889
-20.9051
-20.9204
-20.9529
-20.9965
-21.0340
-21.0606
-21.0821
-21.1129
-21.1787
-21.2412
-21.2717
-21.2845
-21.2941
-21.2973
-21.2973
-21.2974
-21.3037
-21.2953
-21.2777
-21.2572
-21.2519
-21.2439
-21.2035
-21.1250
-21.0235
-20.9568
-20.9515
-20.9640
-20.9673
-20.9616
-20.9503
-20.9332
-20.9305
-20.9306
-20.9306
-20.9278
-20.9371
-20.9434
-20.9498
-20.9594
-20.9750
-20.9932
-21.0085
-21.0324
-21.0539
-21.0730
-21.0949
-21.1138
-21.1381
-21.1529
-21.1507
-21.1467
-21.1521
-21.1623
-21.1602
-21.1552
-21.1324
-21.0985
-21.1109
-21.1637
-21.2106
-21.2512
-21.2512
-21.2542
-21.2602
-21.2603
-21.2439
-21.2308
-21.2083
-21.1874
-21.1864
-21.2063
-21.2151
-21.2329
-21.2301
-21.2301
-21.2393
-21.2520
-21.2565
-21.2382
-21.2111
-21.1889
-21.1462
-21.1178
-21.0919
-21.0721
-21.0326
-21.0045
-20.9819
-20.9592
-20.9592
-20.9563
-20.9506
-20.9420
-20.9339
-20.9177
-20.8852
-20.8211
-20.7314
-20.6390
-20.5606
-20.5190
-20.5022
-20.4937
-20.4907
-20.4878
-20.4789
-20.4613
-20.4318
-20.3905
-20.3349
-20.2854
-20.2647
-20.2497
-20.2468
-20.2323
-20.2064
-20.1809
-20.1438
-20.0779
-20.0031
-19.9114
-19.8054
-19.6965
-19.6056
-19.5580
-19.5482
-19.5607
-19.5670
-19.5671
-19.5671
-19.5671
-19.5672
-19.5530
-19.5449
-19.5114
-19.4579
-19.4016
-19.3543
-19.3384
-19.3611
-19.3502
-19.2971
-19.2170
-19.1217
-19.0772
-19.0716
-19.1048
-19.2087
-19.2966
-19.3289
-19.3289
-19.3289
-19.3380
-19.3698
-19.3900
-19.3992
-19.4115
-19.4238
-19.4386
-19.4445
-19.4506
-19.4624
-19.4799
-19.4922
-19.5076
-19.5134
-19.5227
-19.5371
-19.5433
-19.5464
-19.5436
-19.5269
-19.5103
-19.4935
-19.4571
-19.4035
-19.3419
-19.2804
-19.2165
-19.1501
-19.0666
-18.9665
-18.8440
-18.7448
-18.6764
-18.6411
-18.6395
-18.6317
-18.6124
-18.5728
-18.5051
-18.4340
-18.3679
-18.2712
-18.1835
-18.1074
-18.0368
-17.9771
-17.9365
-17.8947
-17.8674
-17.8249
-17.7676
-17.6976
-17.6336
-17.6208
-17.6147
-17.6086
-17.5866
-17.5529
-17.4912
-17.4075
-17.2861
-17.1654
-17.0106
-16.8559
-16.6727
-16.5127
-16.3863
-16.2762
-16.1847
-16.1235
-16.0917
-16.0274
-15.9352
-15.8090
-15.6635
-15.5219
-15.3803
-15.2518
-15.1318
-15.0186
-14.9267
-14.8618
-14.8272
-14.8102
-14.8048
-14.8048
-14.7985
-14.7828
-14.7608
-14.7294
-14.6727
-14.6129
-14.5687
-14.5466
-14.5340
-14.5011
-14.4344
-14.3324
-14.2545
-14.2073
-14.1655
-14.1259
-14.0683
-13.9904
-13.8557
-13.6891
-13.5012
-13.3100
-13.1316
-12.9936
-12.8737
-12.7774
-12.6801
-12.6095
-12.5411
-12.5154
-12.5154
-12.5057
-12.4896
-12.4681
-12.4349
-12.4005
-12.3392
-12.2576
-12.1458
-11.9845
-11.8169
-11.6667
-11.5255
-11.3706
-11.1847
-10.9912
-10.8491
-10.7695
-10.7248
-10.6723
-10.5657
-10.4082
-10.2447
-10.0767
-9.9032
-9.7230
-9.5731
-9.4299
-9.3004
-9.1664
-9.0175
-8.9018
-8.8283
-8.7785
-8.7510
-8.7477
-8.7276
-8.7109
-8.6789
-8.6639
-8.6540
-8.6474
-8.6374
-8.6342
-8.6276
-8.6209
-8.6177
-8.6146
-8.6133
-8.6158
-8.6390
-8.6708
-8.7074
-8.7355
-8.7565
-8.7618
-8.7828
-8.8280
-8.8661
-8.9028
-8.9345
-8.9923
-9.0673
-9.1527
-9.2430
-9.3055
-9.3213
-9.3452
-9.3890
-9.4696
-9.5470
-9.5824
-9.5876
-9.5776
-9.5675
-9.5541
-9.5339
-9.5171
-9.4734
-9.4061
-9.3285
-9.2558
-9.2121
-9.1717
-9.1345
-9.1022
-9.0989
-9.0888
-9.0685
-9.0550
-9.0484
-9.0315
-9.0078
-8.9792
-8.9763
-9.0067
-9.0528
-9.1062
-9.1302
-9.1382
-9.1284
-9.1217
-9.1217
-9.1149
-9.1115
-9.1047
-9.0945
-9.0672
-9.0366
-8.9855
-8.8935
-8.7705
-8.6507
-8.5548
-8.4865
-8.4652
-8.4908
-8.5648
-8.6388
-8.7038
-8.7566
-8.7973
-8.8627
-8.9545
-9.0165
-9.0500
-9.0642
-9.0607
-9.0607
-9.0607
0.8545
