-5.2691
-5.3947
-5.4952
-5.5882
-5.6994
-5.7843
-5.8388
-5.8815
-5.9349
-5.9846
-6.0457
-6.1443
-6.2500
-6.3186
-6.3846
-6.4655
-6.5061
-6.5749
-6.6824
-6.7969
-6.8669
-6.8954
-6.9287
-6.9620
-6.9709
-6.9888
-7.0482
-7.1473
-7.2177
-7.3074
-7.4233
-7.4801
-7.4997
-7.5515
-7.5998
-7.6038
-7.6057
-7.7030
-7.8225
-7.8839
-7.9356
-8.0301
-8.1329
-8.1928
-8.3004
-8.4410
-8.5329
-8.5828
-8.6094
-8.6523
-8.6875
-8.7072
-8.7627
-8.8360
-8.8923
-8.9311
-8.9599
-9.0302
-9.1218
-9.2206
-9.3405
-9.4471
-9.4821
-9.4908
-9.5258
-9.5519
-9.5936
-9.6691
-9.7787
-9.8968
-9.9886
-10.0409
-10.0702
-10.1166
-10.2026
-10.2755
-10.4227
-10.6396
-10.8283
-10.9622
-11.1174
-11.3101
-11.4701
-11.6505
-11.8204
-11.9283
-12.0165
-12.0606
-12.0753
-12.0901
-12.1212
-12.1407
-12.1769
-12.2547
-12.3419
-12.4427
-12.5473
-12.6357
-12.6860
-12.7108
-12.7344
-12.8217
-12.9233
-13.0219
-13.1154
-13.2301
-13.3197
-13.3487
-13.3554
-13.4150
-13.5064
-13.5885
-13.6344
-13.6886
-13.7456
-13.8065
-13.9402
-14.1003
-14.2473
-14.3328
-14.3785
-14.4159
-14.4437
-14.4742
-14.5158
-14.5672
-14.6211
-14.6597
-14.6916
-14.7195
-14.7610
-14.8106
-14.8686
-14.9754
-15.0687
-15.1472
-15.2189
-15.2836
-15.3343
-15.3646
-15.4301
-15.5226
-15.5690
-15.5873
-15.6192
-15.6562
-15.7001
-15.7428
-15.8072
-15.8619
-15.9083
-15.9849
-16.1026
-16.2022
-16.2502
-16.2974
-16.3742
-16.4330
-16.4632
-16.4964
-16.5402
-16.5635
-16.5913
-16.6860
-16.7573
-16.7986
-16.8290
-16.9024
-16.9744
-17.0412
-17.1110
-17.2258
-17.3033
-17.3003
-17.2924
-17.3039
-17.3208
-17.3279
-17.3620
-17.4060
-17.4634
-17.5419
-17.6083
-17.6531
-17.6953
-17.7291
-17.7346
-17.7277
-17.7346
-17.7465
-17.7667
-17.7692
-17.7814
-17.8192
-17.8688
-17.9213
-17.9891
-18.0806
-18.1556
-18.2328
-18.2784
-18.3103
-18.3171
-18.3063
-18.3063
-18.3141
-18.3436
-18.3965
-18.4647
-18.5304
-18.5242
-18.5292
-18.5874
-18.6859
-18.7660
-18.8518
-18.9297
-18.9775
-18.9987
-19.0141
-19.0285
-19.0430
-19.0535
-19.0621
-19.0756
-19.0989
-19.1338
-19.1637
-19.2007
-19.2170
-19.2293
-19.2698
-19.3411
-19.4173
-19.4780
-19.4926
-19.4126
-19.3661
-19.3847
-19.4056
-19.4298
-19.4569
-19.4501
-19.3756
-19.3157
-19.3240
-19.3929
-19.4575
-19.4930
-19.5104
-19.5221
-19.5122
-19.5136
-19.5277
-19.5466
-19.5239
-19.4841
-19.4844
-19.4903
-19.4466
-19.4145
-19.4196
-19.4090
-19.3620
-19.3231
-19.3117
-19.2870
-19.2482
-19.2276
-19.2456
-19.2539
-19.2151
-19.1953
-19.1772
-19.1122
-19.0445
-19.0178
-19.0095
-18.9941
-18.9539
-18.9113
-18.8589
-18.8616
-18.8725
-18.8463
-18.7913
-18.7455
-18.7312
-18.7739
-18.8235
-18.8549
-18.8927
-18.9135
-18.8913
-18.8226
-18.7776
-18.7440
-18.7231
-18.7156
-18.7335
-18.7525
-18.7829
-18.8375
-18.8972
-18.8789
-18.8077
-18.7840
-18.7539
-18.7339
-18.7335
-18.7426
-18.7376
-18.7162
-18.6773
-18.6638
-18.6466
-18.5703
-18.4316
-18.3208
-18.2293
-18.1375
-18.0853
-18.0479
-17.9990
-17.9321
-17.9253
-17.9402
-17.9672
-17.9755
-17.9760
-17.9846
-18.0175
-18.0320
-18.0397
-18.0223
-18.0014
-18.0143
-18.0335
-18.0289
-17.9710
-17.9012
-17.8688
-17.8944
-17.9503
-18.0155
-18.0615
-18.0644
-18.0400
-18.0536
-18.0745
-18.0724
-18.0119
-17.9599
-17.9454
-17.9215
-17.8696
-17.8254
-17.7832
-17.7576
-17.6846
-17.5485
-17.4321
-17.3776
-17.3505
-17.3043
-17.2924
-17.3064
-17.3141
-17.2883
-17.2852
-17.2939
-17.2739
-17.2474
-17.2074
-17.1615
-17.1219
-17.0985
-17.0563
-16.9943
-16.9427
-16.8961
-16.8498
-16.7370
-16.6235
-16.5843
-16.5513
-16.4728
-16.3920
-16.3508
-16.3041
-16.2335
-16.1833
-16.1579
-16.0960
-16.0141
-15.9740
-15.9384
-15.9189
-15.9227
-15.9227
-15.9038
-15.8425
-15.7934
-15.7703
-15.7589
-15.7366
-15.6964
-15.6656
-15.6557
-15.6446
-15.6212
-15.5868
-15.5287
-15.4552
-15.4281
-15.4060
-15.3470
-15.2820
-15.2264
-15.1853
-15.1129
-15.0321
-14.9541
-14.8822
-14.8226
-14.7803
-14.7347
-14.6998
-14.6397
-14.5690
-14.5040
-14.4933
-14.4848
-14.4403
-14.4024
-14.3823
-14.3533
-14.3432
-14.3498
-14.3451
-14.3217
-14.3139
-14.3204
-14.3215
-14.2988
-14.2387
-14.2042
-14.1562
-14.0628
-14.0125
-13.9920
-13.9695
-13.8758
-13.7482
-13.6703
-13.6169
-13.5537
-13.4783
-13.4159
-13.3629
-13.3562
-13.3562
-13.3363
-13.3130
-13.2610
-13.1965
-13.1361
-13.0730
-13.0420
-13.0411
-13.0331
-12.9975
-12.9111
-12.7958
-12.7110
-12.6470
-12.6084
-12.6124
-12.6762
-12.7765
-12.8089
-12.6657
-12.3953
-12.1503
-11.9395
-11.7344
-11.5604
-11.4203
-11.3702
-11.3595
-11.3504
-11.3252
-11.3207
-11.2945
-11.2766
-11.2891
-11.3200
-11.3371
-11.3297
-11.2760
-11.1953
-11.1056
-10.9883
-10.8712
-10.7496
-10.6045
-10.4327
-10.2569
-10.1159
-10.0318
-9.9413
-9.8297
-9.7295
-9.5987
-9.4633
-9.3645
-9.2621
-9.1446
-9.0762
-9.0441
-9.0120
-8.9863
-8.9460
-8.9016
-8.8589
-8.7820
-8.6840
-8.5714
-8.4183
-8.2438
-8.0676
-7.8681
-7.6458
-7.4574
-7.3243
-7.2167
-7.1367
-7.0980
-7.0875
-7.0857
-7.0731
-7.0394
-7.0099
-6.9765
-6.9171
-6.8007
-6.6883
-6.5970
-6.4906
-6.3423
-6.1872
-6.0691
-5.9481
-5.8432
-5.7446
-5.6607
-5.6158
-5.5848
-5.5265
-5.4703
-5.4225
-5.3513
-5.2612
-5.1165
-4.9502
-4.8036
-4.6652
-4.4941
-4.2506
-4.0295
-3.8134
-3.5571
-3.3420
-3.1934
-3.0884
-3.0271
-3.0043
-2.9752
-2.9400
-2.8900
-2.8585
-2.8378
-2.7758
-2.6681
-2.5329
-2.3625
-2.1882
-2.0570
-1.9370
-1.7934
-1.6120
-1.4190
-1.2236
-1.0311
-0.8454
-0.6720
-0.4862
-0.3050
-0.1752
-0.0919
-0.0151
0.0855
0.1551
0.1814
0.2131
0.2368
0.2630
0.3051
0.3910
0.5146
0.6698
0.8257
0.9902
1.1772
1.3693
1.5434
1.7359
1.9540
2.1559
2.3382
2.4838
2.6564
2.8250
2.9428
3.0366
3.1463
3.2579
3.3418
3.4005
3.4789
3.5217
3.5314
3.5376
3.5855
3.6068
3.6131
3.6535
3.7121
3.7904
3.8351
3.8978
3.9815
4.0329
4.0999
4.2191
4.3458
4.4263
4.5174
4.6582
4.8377
4.9898
5.1485
5.2903
5.4019
5.4558
5.4949
5.5549
5.6055
5.6556
5.7126
5.8182
5.9403
6.0598
6.1380
6.1867
6.2203
6.2527
6.3103
6.3941
6.4786
6.5160
6.5212
6.5217
6.5312
6.5912
6.6345
6.6683
6.7111
6.7626
6.8296
6.8933
6.9492
7.0096
7.0673
7.1203
7.1846
7.2709
7.3813
7.4970
7.6132
7.6960
7.7556
7.8146
7.8762
7.9080
7.9249
7.9800
8.0605
8.1283
8.2017
8.2711
8.3497
8.4047
8.4636
8.5274
8.6193
8.6668
8.7303
8.7898
8.8427
8.8769
8.9350
9.0082
9.0819
9.1764
9.2636
9.3781
9.4890
9.5672
9.6048
9.6113
9.6121
9.6378
9.6888
9.7457
9.7836
9.8015
9.8013
9.8393
9.8727
9.8992
9.9109
9.9379
9.9690
9.9955
10.0278
10.0718
10.1314
10.1853
10.2289
10.2821
10.3501
10.4030
10.4554
10.4919
10.5178
10.5387
10.5501
10.5714
10.5988
10.6204
10.6492
10.6724
10.6906
10.6862
10.7044
10.7474
10.7850
10.8329
10.8843
10.9506
11.0192
11.0910
11.1678
11.2343
11.3062
11.3785
11.4516
11.4889
11.5356
11.5938
11.6412
11.6407
11.6363
11.6363
11.6370
11.6473
11.6838
11.7380
11.7862
11.7921
11.8289
11.8771
11.9564
12.0295
12.1129
12.2008
12.2787
12.3566
12.4198
12.4567
12.4614
12.4775
12.5164
12.5755
12.6282
12.7124
12.7811
12.8384
12.8916
12.9391
12.9867
13.0127
13.0130
12.9693
12.9265
12.8855
12.8611
12.8189
12.7657
12.7030
12.6281
12.5645
12.5355
12.5071
12.4605
12.4452
12.4611
12.5073
12.5223
12.5265
12.5294
12.5311
12.5337
12.5296
12.5306
12.5156
12.5019
12.5008
12.5038
12.4788
12.4642
12.4259
12.3923
12.3597
12.3324
12.3211
12.3041
12.2938
12.2705
12.2372
12.2006
12.1874
12.1972
12.2003
12.2041
12.2129
12.2143
12.1812
12.1747
12.1905
12.2263
12.2671
12.2986
12.2927
12.2654
12.2392
12.2163
12.1938
12.1869
12.1430
12.1114
12.1033
12.1057
12.1002
12.1046
12.1144
12.1290
12.1102
12.0513
11.9677
11.9110
11.8580
11.8324
11.8619
11.8969
11.8993
11.9192
11.9344
11.9425
11.9559
11.9966
12.0573
12.1060
12.1603
12.1945
12.1863
12.1657
12.1640
12.1312
12.0694
12.0545
12.0584
12.0442
12.0232
12.0250
12.0257
12.0143
12.0154
12.0162
12.0005
11.9970
12.0014
12.0091
12.0168
12.0320
12.0369
12.0313
12.0425
12.0536
12.0594
12.0437
12.0517
12.0546
12.0068
11.9539
11.9097
11.8380
11.7662
11.7055
11.6545
11.5816
11.4803
11.3945
11.3446
11.3187
11.2974
11.2811
11.2536
11.2274
11.2135
11.1870
11.1643
11.1588
11.1538
11.1073
11.0181
10.9361
10.8497
10.7461
10.6305
10.5450
10.4812
10.3921
10.3256
10.2942
10.2672
10.2157
10.1776
10.1505
10.0831
9.9773
9.8632
9.7481
9.6042
9.4781
9.3916
9.2939
9.2017
9.1629
9.1528
9.1141
9.0647
9.0100
8.9490
8.8997
8.8577
8.8370
8.7876
8.7208
8.6702
8.5938
8.4950
8.4298
8.3741
8.3172
8.2827
8.2657
8.2482
8.2306
8.2179
8.1951
8.1365
8.0860
8.0311
7.9540
7.8476
7.7331
7.6223
7.5193
7.4151
7.3365
7.2562
7.1381
7.0093
6.9130
6.8106
6.6833
6.5440
6.4487
6.3520
6.2296
6.1141
6.0529
5.9979
5.9135
5.8419
5.7968
5.7238
5.6466
5.5735
5.5007
5.4555
5.4223
5.3937
5.3548
5.2972
5.2458
5.2013
5.1367
5.0344
4.9184
4.7917
4.6679
4.5408
4.4513
4.3394
4.2422
4.1758
4.1148
4.0732
4.0248
3.9784
3.9226
3.8290
3.7077
3.5863
3.4647
3.3078
3.1384
2.9823
2.8240
2.6682
2.5703
2.5145
2.4274
2.3288
2.2392
2.2049
2.1598
2.0964
2.0198
1.9309
1.8181
1.7097
1.6295
1.5308
1.4258
1.3418
1.2639
1.1533
1.0576
0.9944
0.9161
0.8254
0.7574
0.6991
0.6175
0.5343
0.4722
0.4232
0.3670
0.3249
0.3062
0.2751
0.2102
0.1040
-0.0046
-0.0977
-0.2102
-0.3134
-0.4197
-0.5542
-0.7215
-0.8310
-0.9130
-1.0237
-1.1823
-1.3512
-1.5318
-1.7100
-1.8756
-2.0189
-2.1839
-2.3421
-2.4938
-2.6019
-2.6464
-2.6528
-2.6761
-2.6802
-2.6874
-2.7263
-2.8015
-2.8609
-2.9321
-3.0110
-3.1081
-3.2301
-3.3980
-3.5706
-3.7084
-3.8077
-3.9460
-4.1154
-4.2023
-4.2688
-4.3507
-4.3885
-4.4336
-4.5073
-4.5859
-4.6470
-4.6709
-4.6818
-4.6928
-4.7105
-4.7249
-4.7508
-4.7651
-4.7602
-4.7261
-4.6893
-4.6971
-4.6906
-4.6579
-4.6091
-4.6254
-4.7108
-4.7496
-4.6924
-4.6051
-4.4840
-4.3311
-4.1821
