-0.039779129
-0.225330484
-0.393968562
-0.52868534
-0.649125307
-0.723081983
-0.715952003
-0.642009867
-0.529969705
-0.398186968
-0.315433705
-0.275444271
-0.273459663
-0.300991873
-0.367813486
-0.465015775
-0.559228897
-0.604501372
-0.603636218
-0.588115147
-0.583326894
-0.59100803
-0.604333557
-0.616849669
-0.659944883
-0.749998399
-0.83454994
-0.889293258
-0.925417122
-0.944364885
-0.985531874
-1.0646629
-1.188339743
-1.350423782
-1.538943908
-1.743004501
-1.96442542
-2.174093546
-2.355585326
-2.517699012
-2.640563793
-2.725294887
-2.760099867
-2.76894237
-2.779666453
-2.797629208
-2.811096272
-2.81732678
-2.823557139
-2.849309854
-2.890293892
-2.926785757
-2.977939382
-3.027692606
-3.073142353
-3.118592916
-3.149295782
-3.195263739
-3.252988104
-3.313413477
-3.37828776
-3.456157386
-3.553268717
-3.659468353
-3.73574841
-3.792615899
-3.83360087
-3.880810684
-3.94686564
-4.004930733
-4.058506393
-4.128919815
-4.191525533
-4.216187745
-4.224218452
-4.240278563
-4.286498984
-4.36509854
-4.433700361
-4.501373818
-4.570162644
-4.62413875
-4.655716007
-4.66930189
-4.672924025
-4.68717254
-4.715547082
-4.7528486
-4.797262283
-4.8446381
-4.924898176
-4.998050088
-5.061096233
-5.101264413
-5.140534113
-5.168935641
-5.180886702
-5.184528444
-5.189988993
-5.196356495
-5.205447059
-5.213622653
-5.236803981
-5.273459491
-5.343263306
-5.378838518
-5.372338702
-5.360249586
-5.371913907
-5.421258064
-5.455021819
-5.463507905
-5.466820384
-5.496898538
-5.560725482
-5.662539089
-5.729644223
-5.749477355
-5.787376758
-5.846151663
-5.903993498
-5.926011565
-5.928394398
-5.941327417
-5.964243322
-6.004574834
-6.010019644
-5.960519565
-5.945465286
-5.952698418
-5.974844997
-6.004822037
-6.040062621
-6.073124728
-6.138126963
-6.209249886
-6.273425803
-6.280932788
-6.281499068
-6.319976337
-6.376229711
-6.432310982
-6.487462529
-6.525960251
-6.522110792
-6.515563536
-6.509915258
-6.492969657
-6.500432114
-6.547165161
-6.626573994
-6.690703314
-6.698609058
-6.639879703
-6.581574783
-6.537589306
-6.540031153
-6.556752994
-6.576081219
-6.586288879
-6.552210567
-6.484739106
-6.38127416
-6.280526079
-6.184213827
-6.14519671
-6.201499878
-6.309230865
-6.413360645
-6.459778236
-6.40179321
-6.255155753
-6.054202429
-5.845318665
-5.678575044
-5.555780608
-5.443903893
-5.323981425
-5.224356684
-5.148733587
-5.09889182
-5.060282313
-5.027292368
-4.994312836
-4.94931056
-4.904325736
-4.839271073
-4.764315377
-4.693544188
-4.622788984
-4.530534388
-4.426727118
-4.326055063
-4.223381948
-4.135880236
-4.058871321
-3.986252494
-3.909290609
-3.8474775
-3.779311597
-3.694839996
-3.592862379
-3.467388038
-3.349067804
-3.222430687
-3.105391161
-2.980862599
-2.833923379
-2.6567969
-2.465784114
-2.306794074
-2.175973547
-2.081806687
-1.999503194
-1.922445088
-1.828890114
-1.746980709
-1.684014169
-1.629214064
-1.591467363
-1.568144804
-1.545945361
-1.515627002
-1.470113799
-1.422780132
-1.347690183
-1.249318938
-1.110674491
-0.936072761
-0.751697118
-0.542806011
-0.29076909
-0.011972676
0.294880059
0.623876343
0.930919518
1.209031371
1.441159438
1.650450882
1.797933342
1.890426888
1.938365801
1.956486761
1.96386762
1.969408818
1.990617365
2.046794371
2.157150752
2.323149195
2.526034455
2.74656039
2.988091199
3.210057321
3.385642908
3.531614958
3.634685517
3.708495598
3.73222186
3.73222186
3.733371535
3.757668132
3.791251818
3.835546362
3.89028465
4.007499141
4.140943388
4.281551369
4.442176509
4.598268142
4.756711315
4.909290085
5.043208888
5.191955549
5.308563873
5.365084604
5.410133304
5.472950935
5.530547669
5.57379632
5.596905415
5.627598615
5.652827228
5.683832429
5.75744455
5.866630584
6.017940909
6.142617213
6.24835037
6.342657362
6.436777552
6.520375314
6.603461876
6.698122319
6.784295518
6.869980878
6.943797588
6.99603449
7.040232086
7.071596256
7.11022561
7.17373203
7.261638039
7.368522117
7.453530667
7.497767988
7.494499769
7.508507728
7.548443059
7.63203734
7.743597064
7.872078423
8.005330331
8.108906549
8.162711093
8.184229288
8.186980611
8.187342066
8.181925587
8.164238485
8.129334522
8.095382958
8.056490211
8.037724655
8.050034185
8.048272742
8.024014708
8.001351919
7.994608039
8.023116436
8.038870917
8.015260494
7.923246681
7.80864374
7.719106787
7.660629768
7.618897297
7.585144232
7.546497503
7.532244696
7.512593851
7.454965856
7.363080754
7.255626741
7.150237439
7.063964436
6.999646087
6.941706379
6.884931682
6.834197612
6.762165073
6.670122114
6.589401052
6.494460892
6.371959301
6.239071883
6.086279792
5.918958684
5.756323786
5.600731199
5.466695146
5.338121712
5.193881514
5.013904763
4.806266111
4.609272575
4.403386969
4.183869802
3.97902156
3.788255214
3.595321463
3.414467818
3.247504806
3.108759105
2.99509013
2.898370727
2.823170005
2.770792201
2.712966073
2.631986721
2.533265803
2.394413624
2.272080848
2.166603476
2.071196611
1.966876854
1.866476691
1.784694471
1.67678025
1.557307483
1.430862852
1.330533366
1.246373171
1.164394357
1.070089359
0.928054165
0.758357
0.568588153
0.372497948
0.158375539
-0.059059295
-0.263302933
-0.445949708
-0.602684916
-0.6809198
-0.627527793
-0.429547026
-0.112962101
0.269064449
0.679876403
