-3.831188265
-3.819842842
-3.833967955
-3.850439625
-3.884224448
-3.93382174
-3.984380199
-4.04502636
-4.116157543
-4.15191643
-4.208316369
-4.285016582
-4.38635602
-4.479371798
-4.56610133
-4.640493338
-4.698400427
-4.737890562
-4.764051237
-4.799579696
-4.845421052
-4.933732527
-5.032477981
-5.153084272
-5.30506195
-5.465510152
-5.611483163
-5.709590679
-5.793047961
-5.857784696
-5.918390136
-5.985296847
-6.050102523
-6.066811023
-6.077239112
-6.094019505
-6.122330804
-6.198845994
-6.340240529
-6.481469898
-6.644404774
-6.797689511
-6.935142065
-6.996601905
-7.011156615
-7.011156615
-7.019771892
-7.053392009
-7.113363589
-7.190844045
-7.289280255
-7.388838964
-7.494247727
-7.604667492
-7.707489088
-7.828521526
-7.950041518
-8.056634978
-8.175395884
-8.301646275
-8.421003929
-8.520178447
-8.623396635
-8.735312092
-8.878356197
-9.035324195
-9.162382115
-9.289464269
-9.440894579
-9.589996947
-9.699269874
-9.805814883
-9.878892416
-9.931258585
-9.958923567
-9.984160167
-10.00851669
-10.07769696
-10.19480087
-10.32843042
-10.41691189
-10.46901767
-10.54279729
-10.63615877
-10.75443378
-10.89367944
-10.99313704
-11.04576339
-11.07875189
-11.10503255
-11.15614355
-11.21228145
-11.30760526
-11.39168509
-11.45130817
-11.51347489
-11.59334803
-11.6999558
-11.7912271
-11.86069558
-11.89811414
-11.93689531
-11.99746365
-12.06541374
-12.10243023
-12.17279641
-12.23662154
-12.31563013
-12.38058166
-12.42638139
-12.47979576
-12.54836183
-12.60152454
-12.65340615
-12.69522612
-12.73057798
-12.79531208
-12.88527271
-12.97103684
-13.04277268
-13.09559775
-13.17591455
-13.2807533
-13.35949841
-13.42003575
-13.46527746
-13.51951359
-13.57350745
-13.64500182
-13.72666718
-13.80176927
-13.88555894
-13.96579118
-14.02475023
-14.0858399
-14.15180532
-14.20275483
-14.25729962
-14.30653044
-14.35137441
-14.39917702
-14.44257789
-14.50294648
-14.5331703
-14.54916238
-14.56229607
-14.62610429
-14.71261732
-14.81154105
-14.91048264
-14.98978836
-15.05561723
-15.08042498
-15.07246974
-15.05298515
-15.02303026
-15.008247
-15.00998342
-15.06188178
-15.13461057
-15.20327184
-15.22740061
-15.23868065
-15.25700575
-15.28011841
-15.30247253
-15.33066026
-15.35144825
-15.39691652
-15.49102173
-15.55535684
-15.60736127
-15.61751275
-15.58289963
-15.52803451
-15.47682707
-15.44274003
-15.4204905
-15.40495247
-15.379737
-15.39903111
-15.45511983
-15.52148407
-15.55032245
-15.52600817
-15.48553884
-15.40514383
-15.29729899
-15.17475076
-15.10385093
-15.08287193
-15.08241808
-15.09199655
-15.08867588
-15.04785921
-14.93664265
-14.74354084
-14.53708381
-14.34451944
-14.15222563
-13.97939244
-13.82594706
-13.67382826
-13.54329884
-13.4695834
-13.45552355
-13.47266259
-13.50208135
-13.5064161
-13.43140698
-13.33798999
-13.20413924
-13.03047034
-12.80801077
-12.57055345
-12.36911833
-12.24217394
-12.14990573
-12.07747991
-12.01029311
-11.9169186
-11.83476763
-11.73160105
-11.61274119
-11.44807755
-11.28494324
-11.12973702
-10.96945778
-10.83652718
-10.76530499
-10.74232958
-10.75348358
-10.7774964
-10.79559842
-10.77060416
-10.69496915
-10.53443899
-10.33497305
-10.09633898
-9.864404642
-9.650902978
-9.451683612
-9.302265505
-9.217363613
-9.176329124
-9.154341718
-9.100864584
-9.018309571
-8.899982937
-8.741590563
-8.566585806
-8.393567765
-8.228720085
-8.053043548
-7.849047137
-7.598738223
-7.328663514
-7.054969778
-6.767016348
-6.521651475
-6.318807833
-6.112288784
-5.910336865
-5.722528387
-5.519728166
-5.330146081
-5.132637055
-4.899965172
-4.676544135
-4.436421005
-4.197919039
-3.999721369
-3.851389384
-3.771891229
-3.741954927
-3.782992772
-3.877901132
-3.973618583
-3.98155572
-3.951599257
-3.878546517
-3.761361726
-3.637055721
-3.494528454
-3.374425134
-3.224214943
-3.017714045
-2.793477125
-2.565601257
-2.343903461
-2.097674955
-1.829349324
-1.578239701
-1.352424351
-1.157381354
-0.993415951
-0.826244666
-0.643756302
-0.457015106
-0.266478221
-0.087721647
0.145028842
0.388632143
0.650798903
0.930253324
1.234887348
1.553978573
1.826117032
2.025657616
2.151036266
2.19700119
2.19700119
2.199567304
2.262684748
2.367321411
2.547462599
2.821964761
3.158175335
3.491841862
3.765621197
3.978743081
4.160765087
4.332880262
4.4946632
4.599376833
4.687599348
4.817480922
4.986892741
5.187640084
5.389471227
5.571741393
5.755634341
5.954528907
6.136113349
6.303939719
6.476531277
6.638824468
6.731162605
6.778080086
6.850794724
6.949410658
7.047321382
7.164277524
7.326362768
7.503105196
7.667898737
7.834781535
8.008773056
8.183452835
8.306394095
8.388044433
8.487853456
8.611017578
8.721397509
8.793886248
8.860011248
8.916816394
8.989323916
9.08746243
9.208065137
9.307179931
9.392715636
9.54108756
9.703029521
9.833908374
9.957202242
10.02520021
10.01789478
10.03367929
10.05089392
10.11274299
10.19970922
10.32086326
10.43467952
10.54971852
10.66668257
10.74282941
10.78846059
10.8386315
10.90542921
10.96893841
11.03242993
11.10496899
11.1205008
11.11500443
11.09256985
11.042069
11.02337249
11.06085269
11.18009864
11.3669988
11.61295685
11.78958841
11.87666882
11.87716649
11.81286732
11.72395435
11.64982061
11.58258531
11.54628245
11.54256233
11.5231873
11.46380067
11.36603078
11.20042464
10.98462753
10.77358089
10.60340409
10.47548501
10.36376034
10.2202817
10.03948793
9.852245857
9.735267513
9.641612196
9.576387852
9.52102718
9.406513652
9.221745717
9.041172035
8.862270166
8.698509802
8.543650373
8.445456459
8.380872104
8.303076471
8.195948178
8.045470204
7.869374853
7.673161265
7.418616522
7.180150813
6.980951001
6.789710652
6.595658966
6.383817005
6.170982907
5.944061587
5.757885965
5.609985912
5.507244609
5.408587647
5.331421804
5.235849928
5.12377715
4.985346909
4.829604907
4.659583471
4.488661559
4.321163029
4.174193743
4.005677267
3.842835715
3.686244415
3.54179088
3.421649249
3.2997798
3.18612091
3.072341624
2.961579877
2.834972262
2.680920734
2.5532323
2.393206221
2.193431847
1.969010286
1.732620945
1.48827358
1.244998796
1.004950155
0.777091479
0.577427661
0.387330571
0.257142199
0.191045464
0.141629157
0.101295146
0.02813834
-0.075631587
-0.249024146
-0.503485183
-0.772608638
-1.060035689
-1.298373862
-1.482022533
-1.653658488
-1.809063602
-1.957354451
-2.130945911
-2.380315597
-2.665864475
-2.886331363
-3.088717528
-3.267954219
-3.382494489
-3.417350086
-3.433890196
-3.451367169
-3.490117464
-3.541922108
-3.598818486
-3.653909214
-3.724415354
-3.803112183
-3.972734251
-4.171274703
-4.312283481
-4.4235241
-4.484303638
-4.494511229
-4.465262827
-4.419257469
-4.364629115
-4.321875932
-4.309770308
-4.280672153
-4.236945864
-4.155911866
-4.052743176
-3.99395485
-3.992267228
-3.954055314
-3.844788062
-3.652904063
-3.430306738
-3.238334773
-3.075302285
-2.964183778
-2.854354576
-2.722929499
-2.576690891
-2.460591924
-2.417479622
-2.41522764
-2.404809412
-2.45652233
-2.531894647
-2.652600877
-2.786143205
-2.905730109
-2.982267737
-3.059410851
-3.114380081
-3.155984305
-3.185514849
-3.194841287
-3.169886968
-3.092007196
-3.028650623
-3.00977105
-3.035834307
-3.124351061
-3.263953138
-3.475613477
-3.725678439
-3.932475056
-4.09868356
-4.2181061
-4.273402783
-4.323655367
-4.321893624
-4.247276124
-4.132486863
-4.031617962
-3.927780512
-3.799019123
-3.683582112
-3.564948688
-3.477243206
-3.435316743
-3.403693539
-3.386216346
-3.427286931
-3.497089558
-3.586254184
-3.698219313
-3.815185596
-3.927086426
-3.999410894
-3.950544342
-3.850271577
-3.737521436
-3.634240674
-3.570999238
-3.487096379
-3.395810731
-3.377879982
-3.409403051
-3.486110542
-3.57977147
-3.667262354
-3.691677572
-3.703844962
-3.741990359
-3.786529886
-3.843071747
-3.878096231
-3.905347956
-3.906474998
-3.923124605
-3.930948913
-3.897342298
-3.863016751
-3.863596246
-3.871757527
-3.886175441
-3.910801405
-3.955136501
-4.014624563
-4.079031861
-4.15146578
-4.175576894
-4.180138789
-4.165919621
-4.066021541
-3.911251025
-3.781442005
-3.724550845
-3.784152775
-3.902296849
-4.024954853
-4.142242742
-4.233557191
-4.285755899
-4.302765985
-4.324709558
-4.360767766
-4.419342717
-4.466598877
-4.513855384
-4.579490733
-4.643091102
-4.717943943
-4.824591832
-4.926157311
-4.971327933
-4.983655185
-4.983655185
-4.985693102
-5.006226865
-5.037060287
-5.083307271
-5.154276221
-5.228398205
-5.284021101
-5.36833713
-5.478427301
-5.551446371
-5.64521951
-5.734938858
-5.837137992
-5.9631694
-6.071607441
-6.158456613
-6.189320556
-6.189320556
-6.177930054
-6.171707743
-6.212804498
-6.280735321
-6.314481683
-6.357278432
-6.434747282
-6.522606009
-6.591055516
-6.642183148
-6.6627117
-6.668941901
-6.692071121
-6.758129178
-6.813880309
-6.868515889
-6.901703894
-6.921763918
-6.945821121
-6.990686105
-7.047995056
-7.108218081
-7.184796853
-7.2753946
-7.36070322
-7.446312357
-7.562329825
-7.691846925
-7.831146913
-7.966293563
-8.065020748
-8.139411744
-8.205134566
-8.22368543
-8.249368974
-8.285131863
-8.306866861
-8.344596743
-8.448441325
-8.582541796
-8.739305094
-8.875337302
-8.940879996
-8.96717331
-8.982833689
-8.992897262
-9.056345181
-9.216274885
-9.413635682
-9.553970279
-9.600926957
-9.629895095
-9.640404721
-9.649778631
-9.668714489
-9.694921815
-9.762388338
-9.796498948
-9.814200924
-9.880233334
-9.992437219
-10.09861715
-10.15860298
-10.22432977
-10.32394
-10.45221343
-10.52997475
-10.53511025
-10.49345002
-10.42784295
-10.36452496
-10.36041185
-10.40010244
-10.42827203
-10.45372517
-10.44635236
-10.40953358
-10.36609936
-10.36009445
-10.38553851
-10.43313591
-10.44840551
-10.46366778
-10.50579349
-10.56926109
-10.64537739
-10.74922806
-10.81612063
-10.81523762
-10.7893101
-10.74967254
-10.70253061
-10.68486182
-10.68154326
-10.68531687
-10.6903398
-10.67460664
-10.66060322
-10.60397791
-10.49080318
-10.35511411
-10.21624894
-10.1014818
-10.01594287
-9.962833531
-9.892042892
-9.825009737
-9.810912186
-9.816307759
-9.819749413
-9.779236002
-9.711465729
-9.623909675
-9.555158935
-9.504324207
-9.457685861
-9.446061604
-9.447950647
-9.416094803
-9.291278853
-9.117731519
-8.929477692
-8.774902273
-8.656564261
-8.570732157
-8.483650906
-8.376806529
-8.244213121
-8.068583588
-7.89407619
-7.68511576
-7.496329573
-7.33979443
-7.204717263
-7.096189115
-6.994755198
-6.880176494
-6.800020129
-6.667023957
-6.500823524
-6.318235103
-6.159281359
-6.037616083
-5.934015977
-5.848768193
-5.730498016
-5.559251085
-5.375687199
-5.192310955
-4.990731763
-4.765319324
-4.547365568
-4.346883742
-4.158660478
-4.004630098
-3.878482106
-3.752739747
-3.662463462
-3.597559077
-3.54977975
-3.451653545
-3.346775693
-3.249058456
-3.116596817
-2.973763959
-2.845439985
-2.736961755
-2.62900293
-2.533448838
-2.412782291
-2.275139526
-2.127867246
-1.878265316
-1.577334375
-1.254011542
-0.912564901
-0.575179069
-0.266663969
-0.090374335
-0.01186776
0.000162126
-0.00471585
0.017675365
0.059208226
0.13832427
0.266410526
0.423428956
0.609703028
0.835931311
1.06115214
1.287715707
1.508430581
1.767231155
2.058577517
2.326239303
2.52883703
2.65792263
2.717151689
2.766110786
2.842781988
2.954397323
3.095790172
3.268184127
3.477980821
3.721594125
3.931738879
4.121497412
4.305833263
4.429503144
4.501089025
4.562091741
4.622155035
4.730615662
4.838977135
4.987103357
5.169579755
5.348267451
5.47211384
5.562927234
5.657452333
5.764951163
5.84246879
5.942464526
6.034582182
6.101943141
6.142128275
6.177253821
6.189890149
6.16067651
6.122045064
6.130796794
6.177088406
6.27649035
6.394723137
6.432466929
6.362094075
6.254303153
6.220881269
6.188217308
6.153853812
6.138960361
6.107255088
6.057953099
5.992990747
5.907956465
5.774086608
5.653851885
5.496619212
5.331866247
5.166946464
4.994938497
4.823433795
4.606011478
4.379058266
4.193409058
4.03617269
3.927488985
3.884661871
3.846958042
3.726220733
3.518575833
3.287788281
3.023912476
2.751701825
2.450143419
2.153010902
1.92038627
1.740582427
1.587107842
1.45952449
1.353711604
1.225434537
1.060013709
0.853117263
0.65367944
0.406133652
0.118767238
-0.18672744
-0.518111568
-0.872140718
-1.253095956
-1.668838342
-2.055603302
-2.381420588
-2.642718056
-2.8813497
-3.061615103
-3.192524531
-3.376084661
-3.565935164
-3.716570532
-3.818792225
-3.833968319
-3.837907024
-3.856914534
-3.886072182
-3.911219123
-3.980200239
-4.126379661
-4.33397734
-4.643091709
-5.007390113
-5.364484891
-5.700970629
-5.978721037
-6.208316842
-6.354514327
-6.406451258
-6.394288594
-6.319089535
-6.209814885
-6.162708556
-6.123943646
-6.103806572
-6.096090102
-6.07162267
-6.032551023
-5.997743385
-5.934107302
-5.85189821
-5.782180733
-5.708221275
-4.693866593
