-3.189325039
-3.205885061
-3.266779476
-3.334195211
-3.387132966
-3.440651343
-3.410954399
-3.392620731
-3.390806331
-3.388162102
-3.436414844
-3.506073569
-3.542928236
-3.579795268
-3.584112346
-3.586248535
-3.623049581
-3.698958254
-3.779316815
-3.832631101
-3.874406599
-3.888743843
-3.898611475
-3.896560305
-3.907933797
-3.897197973
-3.918510327
-3.997651651
-4.109280131
-4.246986195
-4.370587373
-4.520383214
-4.695990617
-4.873293747
-4.997480803
-5.095997671
-5.180843168
-5.247526574
-5.278937046
-5.292636258
-5.298100521
-5.298100521
-5.307895482
-5.318822698
-5.337273528
-5.351600688
-5.372315009
-5.400541286
-5.433300901
-5.473398171
-5.52343466
-5.579305603
-5.642074067
-5.712332152
-5.833285649
-5.988962636
-6.132903164
-6.334092333
-6.522897194
-6.690088097
-6.847188629
-6.950923792
-7.076465849
-7.223068596
-7.353677039
-7.472957827
-7.546557843
-7.559216443
-7.558009553
-7.534766542
-7.5220855
-7.535948665
-7.57418785
-7.632567138
-7.74436234
-7.833505858
-7.899990742
-7.962730338
-8.001407903
-8.043343956
-8.112159557
-8.14989298
-8.208815684
-8.292022542
-8.372031892
-8.452287395
-8.506917867
-8.451897075
-8.25743554
-7.978603106
-7.667438395
-7.386688964
-7.198807834
-7.120640612
-7.118890671
-7.09022385
-6.946951258
-6.775112861
-6.591434843
-6.4317321
-6.314253648
-6.199842051
-6.137888135
-6.134168616
-6.133009618
-6.141121683
-6.191492739
-6.214663709
-6.191257212
-6.080034489
-5.944154933
-5.769590411
-5.61730411
-5.448115393
-5.220888683
-5.008266892
-4.81091914
-4.557356099
-4.308466822
-4.019581921
-3.7002501
-3.39791789
-3.102947957
-2.933778101
-2.922256126
-2.992698218
-3.105499896
-3.158383519
-3.168959385
-3.168959385
-3.168959385
-3.179534964
-3.257162745
-3.33118035
-3.428886579
-3.574127134
-3.770006879
-3.935975167
-4.115101362
-4.286634571
-4.406475279
-4.484982223
-4.586417324
-4.676307682
-4.800440482
-4.998140275
-5.244969728
-5.564744593
-5.963193575
-6.342642223
-6.654087672
-6.851730708
-6.978383055
-7.069076744
-7.086844857
-7.112889697
-7.145336
-7.205572086
-7.33348023
-7.526518859
-7.741774619
-7.932333896
-8.101720494
-8.228663084
-8.332701067
-8.392247373
-8.448057219
-8.521462606
-8.603936921
-8.699788991
-8.860465036
-9.017891199
-9.223427653
-9.463355489
-9.649582547
-9.818153451
-9.938873308
-9.996788617
-10.01389091
-10.07281794
-10.13292058
-10.20696726
-10.33037142
-10.4498739
-10.54262391
-10.63371318
-10.73543263
-10.82912658
-10.88679511
-10.9474632
-10.99795866
-11.00330937
-11.02141201
-11.04256195
-11.09907802
-11.17931464
-11.24888801
-11.28743782
-11.33135091
-11.35491074
-11.36026202
-11.37866004
-11.42041596
-11.49332973
-11.62102705
-11.74108487
-11.87305881
-12.00454266
-12.10495965
-12.15257854
-12.20745289
-12.27683248
-12.32500808
-12.38218191
-12.4649404
-12.58694258
-12.76444863
-12.92303557
-13.07031995
-13.23862111
-13.38183297
-13.47987493
-13.53784324
-13.56772202
-13.61435864
-13.6454413
-13.71186018
-13.80950073
-13.90356999
-14.00024977
-14.09427859
-14.17917465
-14.29151269
-14.41029146
-14.58988992
-14.75850041
-14.87045595
-14.9592399
-15.06450843
-15.1313838
-15.17870978
-15.24585053
-15.25234746
-15.26372257
-15.31096936
-15.35597727
-15.41749539
-15.5234116
-15.62547329
-15.72327591
-15.85549926
-15.96442074
-16.06666103
-16.18994777
-16.29883699
-16.3778874
-16.46203583
-16.54013664
-16.59238674
-16.6746334
-16.75225511
-16.76916496
-16.78171041
-16.81496107
-16.83212474
-16.86161176
-16.92399856
-17.02018887
-17.12868007
-17.2325851
-17.32459754
-17.40251714
-17.43743048
-17.43894654
-17.4534857
-17.48467562
-17.51371188
-17.55435963
-17.62394304
-17.66306063
-17.7072172
-17.75792146
-17.73554151
-17.73635575
-17.77184749
-17.81306197
-17.83415405
-17.88930418
-17.94946036
-18.00745415
-18.11253487
-18.19721025
-18.30647127
-18.37359322
-18.41333806
-18.43079395
-18.4352128
-18.41734835
-18.41966269
-18.42491772
-18.42361581
-18.44272473
-18.46750979
-18.47855702
-18.50751093
-18.5680252
-18.62281561
-18.66813688
-18.69886908
-18.74622624
-18.78349913
-18.75212351
-18.73326538
-18.75685278
-18.80202762
-18.85101012
-18.91910841
-19.00924428
-19.09451499
-19.17324498
-19.24605025
-19.29375322
-19.33643556
-19.34047888
-19.32215367
-19.33357305
-19.32180197
-19.3084523
-19.34170795
-19.38574185
-19.42305225
-19.46191126
-19.4896678
-19.52975468
-19.54850548
-19.54212902
-19.5848741
-19.62995648
-19.65362979
-19.6794961
-19.67563564
-19.60728317
-19.53183261
-19.48404225
-19.46513708
-19.45992071
-19.46878857
-19.50323964
-19.52004456
-19.49387193
-19.47652861
-19.4481618
-19.36014449
-19.26055746
-19.16531444
-19.10441947
-19.10436381
-19.16010191
-19.25394477
-19.37351593
-19.42665375
-19.42060959
-19.38283881
-19.32745697
-19.27196956
-19.26502756
-19.26502756
-19.23771306
-19.16691255
-19.09825373
-19.02959387
-18.97813543
-18.98294013
-19.01631506
-19.04498704
-19.06215094
-19.04251715
-18.99605481
-18.98085444
-18.99646661
-19.0148245
-19.0543182
-19.10372381
-19.1640857
-19.23819655
-19.29911853
-19.34202363
-19.3505973
-19.28300897
-19.14685827
-19.05441064
-19.00186348
-18.97838872
-19.06755501
-19.17315289
-19.26756143
-19.340736
-19.35267313
-19.32046331
-19.3038372
-19.26017066
-19.1788298
-19.10439042
-19.03082687
-18.9236626
-18.8971687
-18.91271295
-18.9657421
-19.00787466
-19.03295206
-19.04898837
-19.01784436
-18.96609077
-18.89897143
-18.8324361
-18.72968608
-18.62122239
-18.50888376
-18.42512575
-18.36118694
-18.33322475
-18.31057432
-18.2426405
-18.115975
-17.98973164
-17.84791517
-17.69551361
-17.61876665
-17.58513781
-17.56354147
-17.55714999
-17.55075879
-17.4996397
-17.42548251
-17.37735463
-17.32923794
-17.29732822
-17.26493666
-17.22840178
-17.18429738
-17.14553737
-17.12003592
-17.10091289
-17.07835084
-17.01411573
-16.93663186
-16.83023832
-16.73368493
-16.64987408
-16.56607521
-16.47016248
-16.39046729
-16.29056318
-16.15485199
-16.04229342
-15.94528246
-15.86108634
-15.84556626
-15.83923139
-15.83289682
-15.82939924
-15.76887709
-15.61234344
-15.33552819
-15.00527968
-14.66713894
-14.35473568
-14.10300461
-13.92921555
-13.85639833
-13.84934371
-13.85154387
-13.83898603
-13.80955804
-13.79956591
-13.7441875
-13.67508049
-13.59667982
-13.50268949
-13.42013031
-13.34792588
-13.30332714
-13.28254405
-13.2522715
-13.21466602
-13.19009448
-13.12391044
-13.02176387
-12.93123888
-12.85743358
-12.7638882
-12.67245593
-12.55399343
-12.41054996
-12.24737317
-12.09260487
-11.98298251
-11.93832368
-11.93006762
-11.92385026
-11.90520005
-11.85547968
-11.80210186
-11.73250481
-11.66139724
-11.53479446
-11.40822302
-11.28909562
-11.14427152
-11.03145238
-10.9137069
-10.78831553
-10.66020769
-10.5387658
-10.43989688
-10.36930699
-10.35794799
-10.34658944
-10.3096162
-10.24186112
-10.13780695
-9.98893385
-9.801935315
-9.564592631
-9.274341279
-8.950641439
-8.627646771
-8.30583465
-8.049505497
-7.901801108
-7.82813982
-7.837409547
-7.846673861
-7.814147955
-7.790804909
-7.718746934
-7.611869814
-7.502921327
-7.376610716
-7.274852199
-7.183164852
-7.091475009
-7.009645131
-6.921804735
-6.815487459
-6.64691803
-6.389507723
-6.126318796
-5.809142855
-5.514853804
-5.218765481
-4.962862658
-4.721256749
-4.541208491
-4.345974748
-4.149853852
-3.950948847
-3.738538808
-3.487005487
-3.23297461
-3.072483877
-2.992215974
-2.969526872
-2.963874234
-2.924089565
-2.896152774
-2.877153081
-2.877153081
-2.877153081
-2.853073335
-2.831930766
-2.820613037
-2.814379714
-2.802659084
-2.753740559
-2.658213704
-2.543379284
-2.376125105
-2.180546084
-1.937658877
-1.692953257
-1.43248036
-1.194986857
-1.101551343
-1.113943313
-1.140422462
-1.140422462
-1.140422462
-1.140422462
-1.140422462
-1.140422462
-1.136349942
-1.111158827
-1.07329018
-1.017129742
-0.952804507
-0.841181993
-0.724201456
-0.583116739
-0.45159405
-0.343213334
-0.241409891
-0.154802506
-0.080137978
0.006481012
0.154466457
0.291912419
0.392417761
0.475177491
0.557437452
0.661031983
0.765737213
0.883932477
1.064960095
1.238802853
1.381394758
1.531983483
1.708505341
1.897682548
2.095080812
2.262561631
2.436736713
2.582979456
2.707320304
2.797406805
2.8928757
2.995576016
3.114129768
3.208698435
3.288876743
3.359139419
3.429188593
3.53563979
3.668544693
3.806387223
3.945438767
4.101538076
4.223688171
4.295877351
4.359282144
4.441509878
4.549547125
4.715864789
4.917266624
5.162656903
5.394069255
5.584122293
5.723732809
5.795670264
5.807470513
5.82508627
5.879455624
5.959526566
6.035452648
6.136431479
6.228014215
6.319596643
6.440653666
6.542392104
6.647311859
6.738412046
6.809324445
6.863912015
6.936610441
7.038780049
7.132804713
7.241813094
7.373097697
7.444490521
7.457751964
7.469260552
7.494415055
7.591267089
7.788377232
8.010039371
8.218001134
8.33518673
8.373906963
8.414799662
8.446850657
8.52906988
8.657502019
8.822561106
8.990710599
9.09610417
9.188097319
9.265181984
9.333655197
9.389821546
9.459322387
9.509210635
9.548382311
9.622622438
9.66740498
9.722778303
9.778554453
9.844364852
9.942876776
10.10508312
10.27236738
10.45111509
10.63013095
10.73538325
10.8082042
10.87112737
10.92230092
11.01056946
11.14436544
11.19985785
11.23164409
11.27296141
11.34609394
11.46043315
11.60567217
11.75515353
11.8692107
11.94982541
12.00725741
12.06997476
12.11714054
12.15439137
12.20721094
12.23523865
12.24243751
12.2727625
12.33149669
12.40733262
12.4785096
12.54405772
12.6086912
12.65322312
12.6980952
12.72778475
12.73888737
12.78314282
12.85097055
12.91073238
12.96990009
13.02531689
13.06615333
13.09240077
13.11805114
13.16790267
13.24722592
13.35603712
13.46927385
13.56823639
13.63332341
13.62398809
13.57637998
13.50429437
13.47077007
13.45879443
13.45501543
13.42008453
13.39592412
13.36187526
13.31882751
13.26068806
13.18774154
13.1049556
13.02314425
12.98929052
12.98941622
13.00956175
13.02444335
13.03379085
13.04871522
13.03459154
13.02456078
13.0049829
13.00055048
13.02483022
13.05464919
13.08849876
13.11734765
13.097643
13.06804867
13.02856583
12.96967865
12.91735879
12.84408421
12.77116586
12.70816571
12.63505927
12.59069089
12.55681539
12.58075328
12.63429906
12.67272588
12.70261287
12.74590074
12.75439324
12.74016083
12.72925143
12.71768785
12.69633492
12.66088201
12.62840929
12.59162456
12.58748526
12.562004
12.51294781
12.46332124
12.40744209
12.30699604
12.21211258
12.12669888
12.00882061
11.92734615
11.86758529
11.78032632
11.68882327
11.62956183
11.56519643
11.49213321
11.41195279
11.32223776
11.21813353
11.14410732
11.09314122
11.04818016
10.97840474
10.86089316
10.74582232
10.64554579
10.53121556
10.41212402
10.30450966
10.23506097
10.22548664
10.25990223
10.323729
10.37106579
10.38399915
10.36146459
10.27453969
10.17394754
10.05587695
9.924346162
9.832856725
9.783025939
9.749912408
9.760155921
9.830350243
9.885418275
9.904261031
9.904261031
9.863004302
9.844042199
9.839330697
9.843442615
9.808926511
9.767309658
9.736311128
9.714723921
9.709432113
9.732747139
9.721776478
9.696682237
9.674970213
9.663536836
9.640286568
9.617171493
9.576067923
9.511926832
9.448616494
9.362369431
9.291610582
9.248177229
9.250703298
9.280378101
9.293906072
9.265373885
9.213329735
9.111283664
8.959785904
8.781260246
8.607823761
8.391264436
8.189470042
8.017243004
7.892990509
7.784353431
7.774490538
7.75551164
7.709178162
7.648149225
7.571006967
7.472569034
7.361887537
7.241557776
7.099608733
6.961598805
6.794768156
6.572581309
6.366770573
6.171567294
5.944068737
5.723578048
5.564008089
5.42211659
5.383510967
5.383510967
5.393711142
5.394404028
5.388722175
5.383039963
5.377357394
5.367379567
5.368073791
5.345340134
5.287479555
5.216074926
5.149187609
5.068542522
4.973159233
4.848919527
4.713589705
4.539168444
4.372310022
4.167021355
3.932519659
3.736951304
3.555573143
3.407844417
3.303103058
3.235710493
3.171959751
3.091556354
3.026438927
2.971577424
2.886036219
2.816263361
2.769719785
2.673105562
2.595659211
2.502939831
2.380607306
2.216810326
2.008635063
1.769250527
1.545285362
1.398394343
1.275550425
1.175515643
1.087165407
0.976031457
0.850666416
0.753236302
0.66164942
0.512481815
0.400108769
0.262389288
0.089155644
-0.073898746
-0.182908512
-0.274759916
-0.370156459
-0.441762895
-0.534113107
-0.624074185
-0.698739365
-0.7908001
-0.887239743
-1.011914824
-1.179757328
-1.35274381
-1.52385841
-1.690190372
-1.851665821
-1.993892956
-2.166278313
-2.321977061
-2.423654209
-2.496349948
-2.556470917
-2.597942951
-2.660960834
-2.720905164
-2.796345386
-2.915945091
-3.05695294
-3.231132607
-3.395328387
-3.5682937
-3.708293963
-3.791148381
-3.857142056
-3.874048023
-3.878415186
-3.894642858
-3.91836493
-3.940487539
-3.958570847
-4.008157485
-4.038139585
-4.094166163
-4.153299154
-4.212488616
-4.283419356
-4.416145972
-4.561407735
-4.68107414
-4.827473234
-4.937451875
-5.014233496
-5.066210243
-5.092209881
-5.068867786
-5.005440281
-4.996866691
-4.984432525
-4.928495637
-4.923408451
-4.904624488
-4.849249523
-4.814131701
-4.811157271
-4.863001236
-4.930880081
-4.870318809
-4.671919151
-4.474552055
-4.345229741
-4.210300079
-4.098499837
-4.02205075
-3.938740252
-3.739432067
-3.369729608
-2.901876848
-2.322209147
-1.69834021
-1.114042005
-0.611964703
-0.239257153
-0.015218677
