-3.256036
-3.359892
-3.463732
-3.567543
-3.671307
-3.775011
-3.878639
-3.982176
-4.085606
-4.188915
-4.292088
-4.395108
-4.497962
-4.600634
-4.703110
-4.805373
-4.907410
-5.009204
-5.110742
-5.212009
-5.312989
-5.413668
-5.514031
-5.614064
-5.713751
-5.813079
-5.912032
-6.010596
-6.108757
-6.206500
-6.303811
-6.400677
-6.497081
-6.593011
-6.688453
-6.783392
-6.877815
-6.971707
-7.065055
-7.157846
-7.250066
-7.341700
-7.432737
-7.523162
-7.612962
-7.702125
-7.790636
-7.878484
-7.965654
-8.052136
-8.137915
-8.222979
-8.307316
-8.390914
-8.473759
-8.555841
-8.637147
-8.717665
-8.797384
-8.876291
-8.954375
-9.031625
-9.108030
-9.183577
-9.258257
-9.332058
-9.404970
-9.476981
-9.548081
-9.618260
-9.687508
-9.755814
-9.823169
-9.889562
-9.954983
-10.019424
-10.082875
-10.145326
-10.206769
-10.267194
-10.326593
-10.384956
-10.442276
-10.498543
-10.553750
-10.607889
-10.660951
-10.712929
-10.763816
-10.813603
-10.862283
-10.909850
-10.956297
-11.001616
-11.045801
-11.088846
-11.130744
-11.171489
-11.211075
-11.249496
-11.286747
-11.322822
-11.357716
-11.391424
-11.423941
-11.455263
-11.485383
-11.514299
-11.542006
-11.568500
-11.593776
-11.617832
-11.640664
-11.662268
-11.682641
-11.701781
-11.719684
-11.736348
-11.751770
-11.765949
-11.778881
-11.790566
-11.801001
-11.810186
-11.818117
-11.824796
-11.830219
-11.834388
-11.837300
-11.838956
-11.839356
-11.838499
-11.836385
-11.833015
-11.828389
-11.822508
-11.815373
-11.806985
-11.797345
-11.786455
-11.774315
-11.760929
-11.746297
-11.730422
-11.713306
-11.694952
-11.675363
-11.654541
-11.632489
-11.609211
-11.584710
-11.558990
-11.532054
-11.503906
-11.474551
-11.443993
-11.412236
-11.379284
-11.345143
-11.309818
-11.273314
-11.235636
-11.196790
-11.156781
-11.115616
-11.073300
-11.029839
-10.985240
-10.939509
-10.892654
-10.844680
-10.795596
-10.745407
-10.694122
-10.641749
-10.588293
-10.533765
-10.478170
-10.421519
-10.363818
-10.305077
-10.245303
-10.184506
-10.122695
-10.059879
-9.996066
-9.931267
-9.865490
-9.798746
-9.731044
-9.662394
-9.592805
-9.522289
-9.450856
-9.378516
-9.305279
-9.231157
-9.156159
-9.080298
-9.003585
-8.926029
-8.847644
-8.768440
-8.688429
-8.607623
-8.526033
-8.443671
-8.360550
-8.276682
-8.192078
-8.106752
-8.020716
-7.933982
-7.846563
-7.758472
-7.669722
-7.580326
-7.490297
-7.399648
-7.308392
-7.216542
-7.124113
-7.031118
-6.937570
-6.843483
-6.748870
-6.653746
-6.558125
-6.462021
-6.365447
-6.268417
-6.170947
-6.073050
-5.974740
-5.876033
-5.776942
-5.677482
-5.577667
-5.477512
-5.377032
-5.276242
-5.175156
-5.073788
-4.972155
-4.870271
-4.768150
-4.665807
-4.563259
-4.460519
-4.357602
-4.254525
-4.151301
-4.047946
-3.944475
-3.840903
-3.737246
-3.633518
-3.529735
-3.425912
-3.322064
-3.218206
-3.114354
-3.010523
-2.906727
-2.802983
-2.699305
-2.595709
-2.492209
-2.388821
-2.285560
-2.182441
-2.079479
-1.976690
-1.874088
-1.771688
-1.669506
-1.567555
-1.465852
-1.364412
-1.263248
-1.162375
-1.061810
-0.961565
-0.861657
-0.762099
-0.662906
-0.564093
-0.465674
-0.367664
-0.270076
-0.172925
-0.076226
0.020007
0.115761
0.211021
0.305774
0.400005
0.493701
0.586847
0.679432
0.771440
0.862858
0.953673
1.043872
1.133442
1.222369
1.310640
1.398242
1.485163
1.571390
1.656910
1.741711
1.825780
1.909106
1.991674
2.073475
2.154495
2.234724
2.314148
2.392757
2.470538
2.547482
2.623575
2.698808
2.773169
2.846647
2.919232
2.990913
3.061679
3.131520
3.200426
3.268386
3.335392
3.401432
3.466498
3.530579
3.593667
3.655752
3.716825
3.776877
3.835900
3.893884
3.950821
4.006703
4.061522
4.115270
4.167938
4.219519
4.270006
4.319391
4.367667
4.414827
4.460863
4.505770
4.549540
4.592168
4.633647
4.673970
4.713133
4.751128
4.787952
4.823597
4.858060
4.891335
4.923417
4.954301
4.983984
5.012460
5.039725
5.065776
5.090608
5.114218
5.136603
5.157760
5.177684
5.196373
5.213825
5.230037
5.245007
5.258732
5.271210
5.282440
5.292420
5.301148
5.308623
5.314845
5.319811
5.323522
5.325977
5.327176
5.327117
5.325802
5.323231
5.319404
5.314321
5.307983
5.300391
5.291547
5.281451
5.270106
5.257512
5.243671
5.228586
5.212259
5.194692
5.175888
5.155849
5.134579
5.112081
5.088357
5.063411
5.037248
5.009870
4.981282
4.951488
4.920492
4.888299
4.854914
4.820342
4.784586
4.747654
4.709550
4.670280
4.629849
4.588263
4.545530
4.501654
4.456642
4.410501
4.363237
4.314858
4.265371
4.214782
4.163099
4.110331
4.056484
4.001566
3.945585
3.888551
3.830470
3.771352
3.711205
3.650037
3.587859
3.524679
3.460506
3.395349
3.329219
3.262124
3.194076
3.125083
3.055155
2.984304
2.912539
2.839871
2.766311
2.691868
2.616555
2.540382
2.463361
2.385502
2.306817
2.227318
2.147015
2.065922
1.984050
1.901410
1.818016
1.733878
1.649010
1.563424
1.477132
1.390147
1.302482
1.214150
1.125163
1.035534
0.945278
0.854406
0.762932
0.670870
0.578233
0.485035
0.391289
0.297009
0.202209
0.106902
0.011103
-0.085174
-0.181916
-0.279107
-0.376735
-0.474783
-0.573240
-0.672089
-0.771316
-0.870907
-0.970847
-1.071122
-1.171717
-1.272617
-1.373807
-1.475273
-1.576999
-1.678971
-1.781175
-1.883594
-1.986214
-2.089020
-2.191997
-2.295130
-2.398403
-2.501802
-2.605311
-2.708916
-2.812601
-2.916350
-3.020150
-3.123984
-3.227837
-3.331694
-3.435541
-3.539361
-3.643139
-3.746861
-3.850511
-3.954074
-4.057535
-4.160878
-4.264089
-4.367153
-4.470053
-4.572776
-4.675307
-4.777629
-4.879729
-4.981590
-5.083200
-5.184541
-5.285601
-5.386363
-5.486813
-5.586937
-5.686720
-5.786146
-5.885202
-5.983874
-6.082146
-6.180004
-6.277434
-6.374421
-6.470952
-6.567013
-6.662588
-6.757665
