4.2743
4.2797
4.2900
4.2974
4.3048
4.3119
4.3266
4.3450
4.3548
4.3670
4.3802
4.3800
4.3806
4.3392
4.2929
4.2358
4.1539
4.0618
3.9531
3.8413
3.7115
3.5942
3.4878
3.3628
3.2303
3.0882
2.9480
2.8057
2.6548
2.4999
2.3259
2.1460
1.9947
1.8590
1.7369
1.6435
1.5905
1.5389
1.4814
1.4055
1.2998
1.1615
1.0298
0.8796
0.6956
0.5077
0.3484
0.1965
0.0707
-0.0135
-0.0674
-0.1336
-0.1796
-0.2096
-0.2458
-0.2992
-0.3311
-0.3665
-0.3979
-0.4265
-0.4935
-0.5854
-0.6803
-0.7994
-0.9282
-1.0033
-1.0457
-1.0983
-1.1422
-1.2124
-1.3198
-1.4400
-1.6030
-1.8327
-2.1139
-2.4091
-2.7383
-3.1098
-3.5304
-3.9583
-4.3776
-4.7836
-5.0979
-5.3220
-5.4454
-5.4823
-5.4931
-5.5256
-5.5825
-5.6535
-5.7472
-5.8393
-5.9524
-6.0762
-6.2014
-6.3266
-6.4713
-6.6212
-6.7622
-6.8895
-7.0292
-7.1761
-7.3356
-7.5095
-7.6781
-7.8504
-8.0211
-8.1774
-8.3514
-8.5254
-8.6993
-8.8925
-9.0819
-9.2605
-9.4514
-9.6373
-9.8410
-10.0482
-10.2505
-10.4741
-10.6819
-10.8858
-11.0932
-11.2929
-11.4720
-11.6490
-11.8228
-11.9788
-12.1348
-12.2975
-12.4589
-12.5673
-12.6780
-12.7834
-12.8649
-12.9108
-12.9559
-13.0423
-13.1246
-13.2415
-13.4075
-13.6099
-13.8754
-14.1572
-14.4429
-14.7368
-15.0377
-15.3404
-15.6086
-15.8464
-16.0605
-16.2318
-16.3952
-16.5468
-16.7200
-16.9130
-17.0757
-17.2313
-17.3996
-17.5616
-17.7149
-17.8830
-18.0576
-18.2151
-18.3544
-18.5109
-18.6616
-18.7951
-18.8955
-18.9920
-19.0738
-19.1418
-19.2081
-19.3073
-19.4180
-19.5604
-19.7155
-19.8559
-19.9938
-20.1405
-20.2701
-20.3771
-20.4778
-20.5566
-20.6368
-20.7138
-20.7875
-20.8460
-20.8965
-20.9466
-20.9907
-21.0225
-21.0665
-21.1321
-21.2005
-21.2600
-21.3491
-21.4322
-21.5323
-21.6379
-21.7463
-21.8604
-21.9568
-22.0588
-22.1370
-22.2119
-22.2605
-22.3092
-22.3519
-22.3798
-22.4136
-22.4848
-22.5411
-22.5951
-22.6467
-22.7266
-22.7919
-22.8836
-22.9812
-23.0764
-23.1686
-23.2579
-23.3328
-23.3759
-23.4156
-23.4753
-23.5370
-23.6099
-23.6799
-23.7296
-23.7651
-23.8036
-23.8479
-23.9212
-23.9974
-24.0852
-24.1844
-24.2806
-24.3713
-24.4623
-24.5078
-24.5501
-24.5979
-24.6652
-24.7325
-24.7909
-24.8605
-24.9219
-24.9493
-24.9653
-25.0094
-25.0764
-25.1290
-25.1870
-25.2589
-25.3333
-25.3993
-25.4851
-25.5967
-25.7233
-25.8326
-25.9192
-26.0053
-26.0798
-26.1293
-26.1775
-26.2309
-26.2790
-26.3213
-26.3522
-26.3720
-26.3946
-26.4069
-26.4132
-26.4307
-26.4708
-26.5059
-26.5291
-26.5529
-26.5823
-26.6366
-26.6962
-26.7471
-26.7953
-26.8149
-26.8313
-26.8460
-26.8574
-26.8680
-26.8673
-26.8044
-26.7247
-26.6539
-26.6147
-26.6543
-26.7135
-26.7704
-26.8273
-26.8602
-26.9033
-26.9546
-27.0009
-27.0475
-27.0827
-27.1017
-27.1227
-27.1510
-27.1654
-27.1362
-27.0682
-26.9529
-26.8319
-26.6864
-26.5190
-26.3400
-26.1621
-26.0315
-25.9433
-25.8994
-25.8861
-25.8802
-25.8777
-25.8640
-25.8254
-25.7427
-25.6243
-25.4952
-25.3717
-25.2762
-25.1974
-25.1462
-25.1224
-25.1097
-25.1052
-25.1004
-25.0896
-25.0820
-25.0717
-25.0415
-24.9869
-24.9077
-24.8125
-24.7254
-24.6603
-24.5926
-24.5169
-24.4521
-24.3901
-24.3088
-24.2412
-24.1571
-24.0975
-24.0216
-23.9265
-23.8176
-23.6842
-23.5317
-23.3817
-23.2151
-23.0484
-22.8680
-22.6932
-22.5264
-22.3624
-22.2257
-22.1245
-22.0616
-22.0206
-21.9850
-21.9685
-21.9658
-21.9603
-21.9493
-21.9466
-21.9411
-21.9219
-21.8972
-21.8643
-21.8232
-21.7738
-21.7162
-21.6558
-21.5762
-21.4855
-21.3920
-21.2848
-21.1775
-21.0784
-20.9602
-20.8365
-20.7074
-20.5866
-20.4712
-20.3419
-20.2098
-20.0835
-19.9707
-19.8735
-19.7735
-19.6784
-19.5534
-19.4205
-19.2797
-19.1500
-19.0091
-18.8678
-18.7372
-18.6012
-18.4680
-18.3483
-18.2472
-18.1577
-18.0993
-18.0462
-18.0101
-17.9906
-17.9619
-17.9307
-17.8912
-17.8468
-17.7907
-17.6838
-17.5455
-17.3650
-17.1320
-16.8970
-16.6504
-16.4114
-16.1798
-15.9485
-15.7459
-15.5589
-15.3482
-15.1637
-14.9967
-14.8734
-14.7602
-14.6925
-14.6354
-14.5919
-14.5418
-14.5023
-14.4711
-14.4338
-14.3722
-14.2984
-14.1928
-14.0473
-13.8856
-13.7518
-13.6431
-13.5449
-13.4571
-13.4038
-13.3506
-13.2974
-13.2399
-13.2096
-13.1565
-13.0886
-13.0092
-12.9289
-12.8237
-12.7111
-12.5903
-12.4622
-12.3134
-12.1896
-12.0700
-11.9346
-11.7968
-11.6395
-11.4631
-11.2917
-11.1274
-10.9737
-10.8334
-10.6624
-10.4854
-10.3217
-10.1728
-10.0437
-9.9306
-9.8260
-9.7344
-9.6478
-9.5434
-9.4159
-9.2897
-9.1622
-9.0216
-8.8760
-8.7336
-8.5879
-8.4406
-8.3195
-8.2381
-8.1585
-8.0925
-8.0010
-7.9027
-7.7829
-7.6299
-7.4716
-7.3051
-7.1021
-6.8674
-6.6508
-6.4409
-6.3077
-6.2711
-6.2578
-6.2429
-6.2430
-6.2214
-6.1965
-6.1551
-6.0921
-6.0289
-5.9327
-5.8182
-5.6907
-5.5414
-5.3806
-5.2066
-5.0322
-4.8647
-4.7054
-4.5379
-4.3704
-4.1781
-3.9756
-3.7717
-3.5952
-3.4110
-3.2593
-3.1186
-2.9827
-2.8737
-2.7907
-2.6856
-2.6211
-2.5586
-2.5093
-2.4413
-2.3932
-2.3205
-2.2444
-2.1722
-2.0927
-1.9934
-1.8823
-1.7504
-1.6150
-1.4590
-1.2886
-1.1113
-0.9212
-0.7217
-0.5114
-0.3113
-0.1218
0.0855
0.2637
0.4245
0.5677
0.7183
0.8596
0.9928
1.1178
1.2429
1.3543
1.4856
1.6309
1.7887
1.9406
2.1114
2.3084
2.4969
2.6517
2.8055
2.9495
3.0592
3.1582
3.2489
3.3134
3.3698
3.4162
3.4508
3.4943
3.5588
3.6389
3.7361
3.8350
3.9525
4.0820
4.2343
4.4059
4.5823
4.7579
4.9302
5.0821
5.2096
5.3247
5.4175
5.4928
5.5533
5.6012
5.6640
5.7195
5.7562
5.7852
5.8178
5.8541
5.9014
5.9706
6.0513
6.1398
6.2397
6.3474
6.4404
6.5223
6.5743
6.6105
6.6324
6.6316
6.6104
6.5932
6.5807
6.5757
6.5629
6.5173
6.4500
6.3627
6.2380
6.1279
6.0486
5.9894
5.9890
6.0097
6.0520
6.0853
6.1215
6.1532
6.1792
6.1972
6.2170
6.2404
6.2548
6.2558
6.2399
6.1983
6.1366
6.0631
5.9822
5.8866
5.8018
5.7236
5.6498
5.5974
5.5692
5.5636
5.5573
5.5510
5.5294
5.4895
5.4219
5.3270
5.2138
5.1084
4.9853
4.8494
4.7072
4.5474
4.3914
4.2522
4.1306
3.9963
3.8912
3.8093
3.7434
3.7029
3.6798
3.6874
3.6896
3.6699
3.6491
3.6283
3.5894
3.5534
3.5275
3.5067
3.4860
3.4613
3.4457
3.3913
3.3175
3.2319
3.1113
2.9879
2.8462
2.7072
2.5356
2.3548
2.2244
2.2328
2.3413
2.4975
2.6540
2.7444
2.7922
2.7671
2.6979
2.5928
2.4420
2.2545
2.0632
1.8993
1.7661
1.6826
1.6338
1.5879
1.5593
1.5308
1.5156
1.5073
1.4751
1.4148
1.3470
1.2593
1.1939
1.1462
1.1317
1.1294
1.1249
1.1144
1.1223
1.1155
1.1098
1.0980
1.0764
1.0241
0.9988
0.9529
0.8879
0.8083
0.6921
0.5400
0.3724
0.1868
0.0415
-0.0351
-0.0831
-0.0661
-0.0531
-0.0669
-0.0878
-0.1097
-0.1217
-0.1251
-0.1208
-0.1007
-0.0864
-0.0720
-0.0504
-0.0363
-0.0224
-0.0084
0.0212
0.0628
0.0969
0.1505
0.2296
0.3100
0.4026
0.4614
0.5084
0.5624
0.5890
0.5609
0.5238
0.4757
0.4510
0.4424
0.4289
0.4020
0.3676
0.2976
0.2326
0.1330
-0.0144
-0.1780
-0.3578
-0.5389
-0.6905
-0.8066
-0.9028
-0.9681
-1.0137
-1.0383
-1.0422
-1.0402
-1.0528
-1.0926
-1.1411
-1.1838
-1.2448
-1.3291
-1.4037
-1.4627
-1.4997
-1.5339
-1.5730
-1.6117
-1.6892
-1.7802
-1.9059
-2.0242
-2.1331
-2.2031
-2.2286
-2.2054
-2.1663
-2.1342
-2.1057
-2.0640
-2.0031
-1.9243
-1.8421
-1.7481
-1.6468
-1.5589
-1.4941
-1.4522
-1.4495
-1.4871
-1.5368
-1.6117
-1.6877
-1.7449
-1.8008
-1.8544
-1.9291
-2.0051
-2.0985
-2.2081
-2.3354
-2.5048
-2.6662
-2.7987
-2.9349
-3.0587
-3.1569
-3.2268
-3.2867
-3.3697
-3.4604
-3.5441
-3.6497
-3.7661
-3.8690
-3.9559
-4.0383
-4.1328
-4.2295
-4.3222
-4.4150
-4.5134
-4.5996
-4.7028
-4.8219
-4.9518
-5.0990
-5.2746
-5.4575
-5.6262
-5.7511
-5.8429
-5.9561
-6.0388
-6.1375
-6.2012
-6.2542
-6.3337
-6.4604
-6.6185
-6.8241
-7.0647
-7.3246
-7.5669
-7.8073
-8.0212
-8.2053
-8.3648
-8.4788
-8.5439
-8.5930
-8.6299
-8.6826
-8.7334
-8.7984
-8.8862
-9.0229
-9.1757
-9.3302
-9.4899
-9.6392
-9.7814
-9.9078
-9.9972
-10.0744
-10.1497
-10.2548
-10.3653
-10.4753
-10.5935
-10.7273
-10.8738
-11.0558
-11.2622
-11.4957
-11.7588
-11.9925
-12.2219
-12.4587
-12.6953
-12.9181
-13.1453
-13.3525
-13.5321
-13.6938
-13.8355
-13.9813
-14.1105
-14.1968
-14.2775
-14.3704
-14.4644
-14.5639
-14.6918
-14.8319
-15.0145
-15.2224
-15.4488
-15.6707
-15.8638
-16.0716
-16.2720
-16.4333
-16.6105
-16.7780
-16.9509
-17.1409
-17.3425
-17.5306
-17.6994
-17.8521
-17.9959
-18.1065
-18.1841
-18.2497
-18.3414
-18.4427
-18.5534
-18.6857
-18.8237
-18.9788
-19.0964
-19.2050
-19.3226
-19.3997
-19.4311
-19.4560
-19.4748
-19.4875
-19.5052
-19.5209
-19.5555
-19.5935
-19.6376
-19.6979
-19.7498
-19.8175
-19.9330
-20.0696
-20.2293
-20.3713
-20.4845
-20.5966
-20.6807
-20.7574
-20.8268
-20.8664
-20.8844
-20.8650
-20.8173
-20.7275
-20.6518
-20.5873
-20.5510
-20.4978
-20.4618
-20.3750
-20.2637
-20.1273
-19.9797
-19.8274
-19.6864
-19.5823
-19.5208
-19.5182
-19.5322
-19.5696
-19.6241
-19.6755
-19.7126
-19.7587
-19.8104
-19.8529
-19.8779
-19.9086
-19.9125
-19.9164
-19.9374
-19.9496
-19.9530
-19.9712
-19.9925
-20.0081
-20.0296
-20.0658
-20.0905
-20.1180
-20.1483
-20.1676
-20.1811
-20.1860
-20.1962
-20.2068
-20.2255
-20.2183
-20.2286
-20.2473
-20.2511
-20.2469
-20.2377
-20.2172
-20.1491
-20.0507
-19.9556
-19.8461
-19.7483
-19.6391
-19.5266
-19.4160
-19.2913
-19.1944
-19.0545
-18.9339
-18.8192
-18.6818
-18.5672
-18.4611
-18.3554
-18.2642
-18.1784
-18.0763
-17.9798
-17.8688
-17.7632
-17.6635
-17.5941
-17.5552
-17.5391
-17.5362
-17.5226
-17.4975
-17.4476
-17.3629
-17.2590
-17.1358
-16.9976
-16.8509
-16.7006
-16.5828
-16.4902
-16.4330
-16.3727
-16.3047
-16.2487
-16.1905
-16.1178
-16.0121
-15.8843
-15.7481
-15.5905
-15.4116
-15.2271
-15.0280
-14.8235
-14.6343
-14.4505
-14.2696
-14.1097
-13.9644
-13.8341
-13.7268
-13.6227
-13.5366
-13.4473
-13.3665
-13.2688
-13.1720
-13.0711
-12.9806
-12.8996
-12.8576
-12.8376
-12.8260
-12.8124
-12.7766
-12.7346
-12.6641
-12.5853
-12.5085
-12.4011
-12.2640
-12.1459
-11.9962
-11.8464
-11.6757
-11.4954
-11.2931
-11.0824
-10.8768
-10.6504
-10.4459
-10.2405
-10.0617
-9.8833
-9.7580
-9.6445
-9.5530
-9.4660
-9.3805
-9.2754
-9.1639
-9.0369
-8.8779
-8.7002
-8.5291
-8.3495
-8.2134
-8.1296
-8.0612
-7.9993
-7.9523
-7.9189
-7.8669
-7.8065
-7.7377
-7.6136
-7.4876
-7.3532
-7.1954
-7.0155
-6.8204
-6.5798
-6.3277
-6.0605
-5.7781
-5.4869
-5.2121
-4.9671
-4.7406
-4.5359
-4.3473
-4.1842
-4.0129
-3.8690
-3.7348
-3.6032
-3.4842
-3.3416
-3.1723
-2.9834
-2.7694
-2.5566
-2.3633
-2.1740
-2.0117
-1.8695
-1.7223
-1.5772
-1.4472
-1.3444
-1.2736
-1.2064
-1.1343
-1.0869
-1.0587
-1.0272
-0.9924
-0.9468
-0.8679
-0.7675
-0.6565
-0.5142
-0.3850
-0.2558
-0.1026
0.0389
0.1914
0.3295
0.4554
0.5490
0.6287
0.7257
0.8082
0.8631
0.9145
0.9378
0.9332
0.9357
0.9563
0.9878
1.0116
1.0242
1.0283
1.0430
1.0735
1.1473
1.2125
1.2850
1.3423
1.4266
1.5379
1.6356
1.7083
1.7818
1.8228
1.8378
1.8235
1.7650
1.6187
1.3972
0.9640
0.4811
0.0187
-0.3440
-0.6709
-0.9521
-1.2650
-1.5701
-1.8396
-2.0687
-2.2118
-2.2967
-2.2899
-2.2749
-2.2227
-2.1297
-2.0287
-1.9791
-1.9251
-1.8795
-1.8477
-1.8321
-1.8224
-1.8081
-1.8368
-1.9414
-2.0567
-2.1718
-2.2883
-2.3975
-2.5280
-2.6760
-2.8327
-3.0036
-3.1804
-3.3300
-3.4366
-3.5415
-3.6376
-3.7263
-3.7940
-3.8304
-3.8616
-3.8893
-3.8903
-3.8684
-3.8463
-3.8087
-3.7588
-3.6995
-3.6682
-3.6517
-3.6434
-3.6437
-3.6751
-3.7115
-3.7537
-3.7879
-3.8640
-3.9461
-4.0108
-4.1032
-4.2149
-4.3430
-4.4692
-4.5761
-4.6372
-4.6840
-4.7052
-4.7230
-4.7445
-4.7798
-4.8220
-4.8609
-4.8895
-4.9074
-4.9043
-4.8979
-4.8882
-4.8645
-4.8652
-4.8589
-4.8525
-4.8426
-4.8537
-4.8615
-4.8625
-4.8776
-4.8804
-4.9054
-4.9139
-4.9039
-4.8889
-4.8704
-4.8636
-4.8773
-4.9063
-4.9471
-4.9827
-5.0100
-5.0339
-5.0526
-5.0952
-5.1412
-5.1719
-5.2145
-5.2418
-5.2535
-5.2361
-5.2157
-5.2071
-5.2170
-5.2289
-5.2767
-5.3226
-5.3618
-5.4079
-5.4335
-5.4506
-5.4847
-5.5052
-5.5562
-5.6058
-5.6912
-5.7954
-5.9268
-6.0722
-6.2246
-6.3875
-6.5383
-6.7044
-6.8948
-7.1023
-7.2962
-7.4747
-7.6258
-7.7649
-7.8866
-7.9912
-8.0975
-8.1797
-8.2569
-8.3170
-8.3787
-8.4301
-8.5123
-8.6134
-8.7554
-8.9335
-9.1136
-9.3147
-9.5417
-9.7568
-9.9683
-10.1623
-10.3241
-10.4033
-10.4391
-10.4692
-10.5079
-10.5881
-10.6830
-10.8194
-10.9491
-11.0807
-11.2237
-11.3758
-11.4783
-11.5933
-11.6806
-11.7566
-11.7955
-11.8239
-11.8477
-11.8609
-11.8814
-11.9230
-11.9778
-12.0306
-12.0941
-12.1489
-12.1706
-12.1990
-12.2346
-12.2710
-12.3185
-12.3897
-12.4984
-12.6501
-12.8458
-13.1070
-13.3894
-13.6674
-13.9495
-14.1800
-14.3631
-14.4979
-14.5546
-14.5898
-14.5995
-14.6091
-14.6219
-14.6701
-14.7183
-14.7899
-14.8870
-14.9616
-15.0267
-15.0715
-15.1162
-15.1702
-15.2295
-15.2802
-15.3277
-15.3658
-15.3974
-15.4375
-15.4848
-15.5475
-15.5858
-15.6111
-15.6583
-15.6960
-15.7400
-15.7777
-15.8248
-15.8625
-15.8909
-15.9349
-15.9819
-16.0288
-16.0725
-16.1099
-16.1566
-16.1908
-16.2250
-16.2871
-16.3523
-16.4298
-16.5041
-16.5905
-16.6798
-16.7599
-16.8306
-16.8798
-16.9106
-16.8864
-16.8298
-16.7717
-16.7327
-16.7082
-16.7091
-16.7069
-16.7001
-16.6858
-16.6615
-16.6281
-16.5901
-16.5590
-16.5309
-16.5570
-16.5892
-16.6312
-16.6724
-16.7013
-16.7264
-16.7256
-16.7157
-16.6913
-16.6806
-16.6616
-16.6190
-16.5491
-16.4654
-16.3620
-16.2458
-16.1167
-15.9990
-15.8898
-15.8164
-15.7755
-15.7551
-15.7559
-15.7506
-15.7149
-15.6824
-15.6323
-15.5528
-15.4596
-15.3854
-15.3173
-15.2567
-15.2053
-15.1583
-15.1135
-15.0779
-15.0173
-14.9659
-14.8886
-14.8039
-14.7275
-14.6450
-14.5731
-14.4941
-14.4173
-14.3299
-14.2509
-14.1697
-14.1030
-14.0332
-13.9655
-13.9010
-13.8280
-13.7499
-13.6707
-13.5790
-13.4561
-13.3311
-13.1926
-13.0801
-12.9874
-12.9071
-12.8353
-12.7854
-12.7208
-12.6562
-12.5792
-12.4888
-12.3607
-12.2255
-12.0864
-11.9418
-11.7997
-11.6595
-11.5457
-11.4493
-11.3746
-11.3178
-11.2649
-11.2153
-11.1572
-11.1042
-11.0313
-10.9482
-10.8620
-10.7827
-10.7195
-10.6716
-10.6338
-10.6140
-10.5834
-10.5342
-10.4913
-10.4286
-10.3742
-10.2999
-10.2174
-10.1252
-10.0461
-9.9477
-9.8658
-9.7724
-9.6851
-9.6158
-9.5287
-9.3901
-9.1982
-8.9695
-8.6860
-8.3840
-8.1068
-7.8562
-7.6454
-7.4144
-7.1932
-6.9770
-6.7742
-6.5911
-6.4447
-6.3333
-6.2317
-6.1317
-6.0249
-5.9450
-5.8732
-5.8098
-5.7581
-5.7097
-5.6561
-5.5858
-5.5239
-5.4422
-5.3583
-5.2609
-5.1310
-4.9811
-4.8092
-4.6474
-4.4950
-4.3693
-4.2537
-4.1604
-4.0973
-4.0458
-4.0051
-3.9948
-3.9915
-3.9985
-3.9952
-3.9922
-3.9893
-3.9794
-3.9665
-3.9572
-3.9343
-3.9059
-3.8719
-3.8039
-3.7324
-3.6484
-3.5702
-3.4829
-3.4069
-3.3115
-3.1831
-3.0755
-3.0096
-2.9958
-3.0169
-3.0316
-3.0316
-3.0393
-3.0306
-3.0452
-3.0764
-3.1181
-3.1680
-3.1976
-3.2152
-3.2207
-3.2058
-3.1939
-3.2083
-3.2514
-3.3236
-3.3789
-3.4359
-3.4433
-3.3831
-3.2646
-3.0622
-2.8157
-2.5706
-2.3579
-2.1310
-1.9527
-1.8245
5.8260
