42.68360441
42.87402893
43.02758659
43.15560468
43.24634408
43.31566616
43.36371852
43.42071756
43.45608141
43.46443255
43.46145807
43.45442549
43.43774489
43.40660934
43.35531082
43.30845104
43.28660688
43.24409212
43.16994809
43.08723002
43.01967135
42.99189552
42.97719137
42.96739278
42.97304405
42.98523065
42.97189808
42.95453536
42.95248938
42.96122654
42.97566629
43.01885893
43.05741749
43.1153763
43.20440161
43.29109081
43.33761805
43.3709426
43.4248162
43.47425238
43.5329597
43.57792089
43.58531754
43.59758382
43.65976496
43.72933346
43.80299722
43.88890239
43.96426227
44.03550902
44.09358728
44.13114798
44.13932008
44.15493574
44.16407031
44.17983726
44.18112284
44.1654162
44.17078371
44.18327487
44.18258554
44.17941093
44.17941093
44.17941093
44.17782429
44.17338234
44.16863656
44.17432476
44.17844259
44.16896491
44.17657343
44.17911476
44.19244234
44.19380741
44.1926423
44.18424711
44.19853193
44.19896857
44.19716751
44.1874943
44.17597596
44.16777855
44.17262604
44.17974047
44.19906404
44.24069282
44.29718206
44.3343987
44.3621257
44.3716984
44.35819958
44.34769949
44.36148717
44.4003703
44.44178897
44.45672673
44.48593803
44.51100425
44.50926112
44.50637653
44.51332772
44.53291863
44.5749312
44.62273184
44.65513895
44.69479653
44.70776161
44.70640402
44.71765374
44.7428528
44.77673951
44.83183077
44.85327528
44.85061941
44.86615467
44.86882677
44.86446698
44.88843371
44.92409401
44.96482845
44.99648506
45.01178582
45.02528888
45.04659814
45.03647521
45.00053269
44.97295054
44.96511422
44.97711399
44.96646163
44.97509478
45.00667977
45.01450708
45.03588838
45.06561285
45.08591228
45.0982932
45.09152539
45.08072084
45.076594
45.06825274
45.07140241
45.06692339
45.07501518
45.10749428
45.13275051
45.11000288
45.11710998
45.11101177
45.08008209
45.05227064
45.01156518
44.95734234
44.907037
44.87048971
44.84424047
44.84890391
44.84620365
44.84146127
44.8494453
44.85065984
44.84701764
44.85364867
44.85607394
44.8646198
44.85795716
44.85963416
44.87215442
44.86483427
44.86617928
44.89078943
44.91881928
44.91364958
44.89956288
44.86096831
44.8405111
44.8509507
44.88542538
44.89666718
44.89130812
44.9157862
44.90347939
44.83466929
44.8020303
44.76620568
44.71817095
44.66810917
44.65395992
44.65395992
44.65767477
44.66247505
44.66467743
44.65758994
44.64580543
44.6466451
44.64278852
44.63473631
44.60039414
44.55365799
44.53781837
44.52158314
44.49274319
44.46906726
44.46143667
44.47856468
44.49078125
44.49810882
44.5361464
44.55805543
44.56485807
44.56407482
44.58699481
44.6156741
44.60947388
44.60258454
44.58789045
44.59153894
44.5794298
44.57805502
44.57790764
44.58854879
44.60462004
44.5908024
44.57630221
44.58561879
44.59417096
44.60172401
44.5916936
44.60662598
44.61819951
44.6112534
44.5845543
44.58528111
44.58276979
44.58022717
44.58426237
44.59308666
44.58814583
44.58336678
44.58290072
44.57463389
44.57900716
44.56567514
44.5314769
44.51553293
44.48511448
44.48834754
44.52223626
44.58717151
44.6122536
44.62359026
44.64216692
44.63026137
44.6106275
44.59437504
44.58333077
44.54843542
44.51922999
44.52467271
44.54182028
44.54064618
44.54456757
44.553274
44.5549692
44.54448918
44.54909234
44.5450281
44.54258375
44.55194632
44.55601599
44.56277029
44.56440356
44.59912039
44.63485678
44.62098403
44.6123205
44.64048003
44.65611607
44.66695309
44.69115979
44.76045188
44.8124158
44.82213989
44.84702138
44.8573733
44.83947543
44.8209698
44.80952649
44.78809433
44.72913216
44.66826502
44.6606555
44.6681215
44.66034975
44.6745141
44.70963788
44.76596575
44.81163046
44.82816762
44.85583249
44.88414822
44.91734306
44.90161279
44.88245134
44.89291412
44.88077246
44.88600075
44.91064705
44.99044772
45.03904671
45.06824534
45.10478182
45.13693572
45.1594369
45.1476836
45.13650376
45.12095845
45.08884283
45.06737792
45.06756614
45.07969978
45.09416263
45.10267222
45.13026793
45.15806382
45.17555851
45.19049501
45.1981076
45.20336949
45.20258645
45.17111933
45.14067746
45.09997977
45.08176214
45.072212
45.08313162
45.08415873
45.08706072
45.10402416
45.11109056
45.12656382
45.13949791
45.15354137
45.15637988
45.1596379
45.16585677
45.18770984
45.18896564
45.18853928
45.19241666
45.20224129
45.21003456
45.20519167
45.20651708
45.21521813
45.2111333
45.20922522
45.19724498
45.18611431
45.19005121
45.17930664
45.16925753
45.15987242
45.16096196
45.16578895
45.14172932
45.13026687
45.12555033
45.11181082
45.08641267
45.09349745
45.10322316
45.14727613
45.19574344
45.23304634
45.27177321
45.32492714
45.35867149
45.34688416
45.353453
45.38119202
45.41169387
45.41484097
45.41609767
45.40806216
45.40241762
45.38486331
45.37096578
45.35159706
45.33457268
45.34000545
45.37283491
45.44283532
45.52663948
45.63080636
45.76831996
45.84221785
45.86289436
45.82554404
45.81869603
45.81799625
45.82188501
45.82838966
45.82531573
45.83233542
45.83204138
45.84934776
45.86138497
45.90568624
45.98381398
46.05577033
46.10355749
46.13611849
46.17183719
46.16306208
46.18770832
46.22163652
46.24089503
46.24588183
46.24994334
46.25249619
46.2609927
46.27794239
46.32036454
46.35405573
46.37368069
46.39652253
46.4161168
46.42666443
46.4395803
46.45943017
46.45844631
46.46005446
46.46279201
46.45733137
46.45077112
46.45134471
46.44814362
46.44567399
46.45356178
46.46686493
46.46105253
46.46942479
46.47887163
46.50570916
46.53468374
46.57590868
46.62498393
46.6477963
46.67795144
46.67524012
46.67915269
46.69871876
46.7300355
46.74467823
46.74162264
46.73965832
46.75115783
46.76491801
46.79385171
46.8236277
46.83906481
46.87717666
46.90443668
46.91920622
46.92142933
46.91511279
46.88807432
46.91123291
46.9436984
46.99684848
47.02540915
46.98929077
46.97300018
46.9815666
46.96636417
46.95233342
46.96795825
46.97915831
46.97926676
46.96890128
46.97185613
46.97241334
46.98441778
47.0265296
47.05968265
47.09784576
47.1265469
47.13952903
47.13481529
47.12504479
47.11913112
47.12296823
47.15114565
47.17864115
47.18480965
47.18770629
47.19413527
47.206731
47.21751397
47.24206921
47.29028726
47.36627358
47.46087438
47.55234613
47.64026561
47.69678741
47.7404666
47.78110822
47.81090406
47.81499769
47.85291843
47.89900775
47.92600241
47.94235243
47.93012995
47.91814161
47.89188991
47.88762976
47.875458
47.86735781
47.88214646
47.88112514
47.87349393
47.8560433
47.82264709
47.80257663
47.82177166
47.85858179
47.84892511
47.80539926
47.77044415
47.76521751
47.79113109
47.78069126
47.77423936
47.78478574
47.78591832
47.77267269
47.74146898
47.74278966
47.75314883
47.76393523
47.76312753
47.74453949
47.72982719
47.73364945
47.74708273
47.73991763
47.73460827
47.73836628
47.7520108
47.7748424
47.7828248
47.7717401
47.77631717
47.75646115
47.73458158
47.73866615
47.75533164
47.76122756
47.79079397
47.81734643
47.83465471
47.83533821
47.83223499
47.85697113
47.87689437
47.91223464
47.93404659
47.9567293
47.99052629
48.02154374
48.05983015
48.10390153
48.14599296
48.19006744
48.2370973
48.27109376
48.30738585
48.34467834
48.37466305
48.41406686
48.44665246
48.46190236
48.50061542
48.55636981
48.61098104
48.63608567
48.62891698
48.63073383
48.64516642
48.65543873
48.66821506
48.69847535
48.7182505
48.74670496
48.75777906
48.78532279
48.81293143
48.82150124
48.83388611
48.8648757
48.8809288
48.91231075
48.94572818
48.98097276
49.02115863
49.05079167
49.07195929
49.08149961
49.09026662
49.08610994
49.06993373
49.05043324
49.02767271
49.00750981
48.98466037
48.97128397
48.95946526
48.95133721
48.93014719
48.91521881
48.90170807
48.87355917
48.85541306
48.84421545
48.84806659
48.83859302
48.81351244
48.78623076
48.77113697
48.77319015
48.77068545
48.73173059
48.68626984
48.66466116
48.66401248
48.67059019
48.66328136
48.65249963
48.63095055
48.6010685
48.59478998
48.60696482
48.60602261
48.58837726
48.59316157
48.58937462
48.59984253
48.57585289
48.49869639
48.45511627
48.44519794
48.44781287
48.44435566
48.4289219
48.39872957
48.36093105
48.33981252
48.30826209
48.27092712
48.23004429
48.16509423
48.11346499
48.09289118
48.09747867
48.08064948
48.0536831
48.04414117
48.03717961
48.02031523
48.01746201
48.00354851
48.00719821
48.01650185
47.99735873
47.97673393
47.95707077
47.95189727
47.91591375
47.88359369
47.84970005
47.83993845
47.84022252
47.82158465
47.79164597
47.7697035
47.76005683
47.74797667
47.71363452
47.68084378
47.64321645
47.59068578
47.53315466
47.49151087
47.43751646
47.38093378
47.3281677
47.2862757
47.25121207
47.22625146
47.23249161
47.23701586
47.25419045
47.25419045
47.26140321
47.25936537
47.2609349
47.27083044
47.27042537
47.26811754
47.26416413
47.26531382
47.245938
47.22352907
47.21533882
47.21193673
47.2012278
47.17788745
47.14406585
47.12055783
47.09906171
47.09214184
47.07782495
47.06732821
47.05851505
47.04041351
47.01733335
47.01949883
47.00077009
46.97663784
46.94526038
46.91582576
46.91072109
46.92615109
46.91944368
46.90563087
46.88624292
46.8755211
46.8755211
46.87373552
46.86838119
46.86873562
46.86549557
46.84829611
46.81866515
46.78148287
46.67833272
46.53895173
46.43009928
46.33807369
46.26803593
46.20964929
46.15039518
46.07492735
46.03529136
45.99453404
45.9743533
45.94599458
45.89325551
45.83362244
45.8015352
45.7515025
45.71020671
45.68744245
45.67424794
45.66143251
45.66104311
45.66245787
45.65211
45.64458212
45.63529047
45.58636572
45.51832591
45.47352657
45.44724995
45.42248287
45.37527141
45.33082785
45.26694362
45.15396766
45.05882574
45.00755131
44.94944728
44.90158496
44.88752374
44.90646573
44.8968953
44.90320226
44.87809406
44.82041715
44.70358214
44.5556165
44.39439084
44.24161062
44.15693497
44.08492755
44.02854085
43.93242149
43.78442761
43.65895237
43.54350945
43.45806113
43.36478978
43.29397917
43.24855342
43.22526675
43.12345356
42.99072484
42.87231801
42.79435278
42.73230374
42.69506669
42.61217756
42.5182989
42.40979487
42.30204329
42.11192774
41.90283918
41.70898447
41.50850649
41.26262265
40.9794838
40.65411653
40.2712475
39.79505422
39.25820861
38.67432736
38.00734074
37.30285578
36.61687907
35.95668043
35.37961224
35.02204402
34.82976407
34.73014479
34.71983734
34.67323342
34.6457377
34.73691011
34.93938631
35.22793621
35.59887522
36.04060756
36.49588427
36.97203948
37.47684661
37.94410951
38.32264649
38.6423134
38.91821401
39.14394259
39.33334606
39.53727432
39.72325318
39.91213531
40.09140054
40.26703087
40.43900886
40.59509096
40.72049379
40.83643618
40.94307397
41.04667243
41.12467651
41.21220256
41.28030426
41.33572702
41.43642598
41.52540359
41.59738931
41.71250597
41.88647943
42.04505345
42.21680433
42.4405317
42.68416825
42.85580025
42.97700983
43.04661976
43.10228296
43.14215028
43.196814
43.29831042
43.39555295
43.54273967
43.69831899
43.8247684
43.90512316
43.9372149
43.92711513
43.92350749
43.88318231
43.85163623
43.79127584
43.72396857
43.66510777
43.6345956
43.63732733
43.63938293
43.64401645
43.66216932
43.67434957
43.70162234
43.75796866
43.77088816
43.78258654
43.78449839
43.80706378
43.82469352
43.87228318
43.91867106
43.94629049
43.97790539
43.97726824
43.94759781
43.94700484
43.98703177
44.01309462
44.02570669
44.10472065
44.16302332
44.19038101
44.19767964
44.22839452
44.22281601
44.1975281
44.20555584
44.23351027
44.25280588
44.26470215
44.26846557
44.24498346
44.23266461
44.23529237
44.24236068
44.24124858
44.24938241
44.23521901
44.21688076
44.1869194
44.14494171
44.12331704
44.09809492
44.07663218
44.07796158
44.10390047
44.10726742
44.09527096
44.0795986
44.08424393
44.10915933
44.09825399
44.087906
44.09386745
44.08964479
44.07558924
44.06413969
44.05116861
44.06250786
44.07340362
44.06476609
44.10136183
44.15296371
44.13991256
44.10015597
44.09507661
44.09507661
44.09995565
44.09990862
44.10465651
44.09469182
44.08468374
44.06329476
44.04037184
44.02716168
44.01719249
44.00907858
43.99797471
44.00168488
44.00579353
44.00878518
44.04968409
44.06166556
44.01990407
43.97395564
43.94938417
43.92104448
43.8717215
43.83968378
43.80487615
43.77868819
43.76778943
43.74168401
43.71332565
43.71123035
43.73887781
43.75440129
43.77645918
43.80387877
43.79963225
43.83713901
43.91317874
43.94361564
43.9456597
43.94607213
43.95225053
43.91353034
43.8880467
43.86693888
43.83059813
43.8139934
43.82982853
43.86671177
43.91058741
43.9742021
44.01057647
43.97404292
43.93066931
43.87263868
43.80646906
43.78565584
43.79050235
43.78938027
43.80626864
43.86491687
43.92503051
43.94884475
43.94557778
43.92149201
43.92136452
43.91819903
43.88347567
43.85923037
43.86717914
43.90174333
43.97373313
44.07818107
44.15931124
44.21328506
44.24177389
44.23327954
44.19943075
44.17144962
44.18140008
44.18688743
44.19346696
44.18982291
44.20626531
44.19773321
44.1814702
44.15703011
44.17197912
44.20185613
44.22049818
44.24171688
44.25786866
44.26746531
44.26742908
44.25805305
44.26578562
44.26741615
44.29785976
44.33048834
44.36192281
44.38787202
44.40933792
44.44779098
44.48406666
44.49026952
44.4961701
44.51269568
44.51759311
44.53371528
44.54212823
44.54537056
44.54635874
44.53531873
44.54986943
44.54910118
44.55400078
44.57627527
44.61131269
44.64952827
44.69501734
44.73935636
44.76266141
44.79113575
44.84114848
44.89773586
44.96898174
45.05350575
45.12284931
45.18736117
45.22815947
45.23778249
45.24728393
45.23981468
45.23981468
45.24665102
45.26475554
45.2653561
45.29197753
45.31818146
45.32225199
45.32105911
45.32880063
45.32463451
45.3287361
45.33909476
45.34968131
45.34327442
45.35464273
45.37885984
45.4081237
45.40752308
45.42541922
45.44352494
45.46183997
45.47887965
45.47353142
45.48723563
45.52552838
45.55261627
45.55826734
45.57402558
45.60301105
45.64567758
45.69026316
45.71294079
45.78627634
45.87174119
45.94507751
45.97886607
45.98803344
46.0284413
46.08288906
46.14870613
46.18335611
46.21948682
46.2428215
46.27749764
46.31221366
46.34517414
46.36447874
46.37957951
46.403225
46.42130949
46.44845914
46.46717214
46.47403942
46.47165757
46.47318619
46.46215089
46.46995907
46.46917832
46.44157706
46.40066494
46.37613208
46.37989982
46.38747895
46.39874282
46.41114559
46.41894378
46.44346628
46.46197965
46.48214501
46.47449754
46.47667813
46.48609232
46.53997366
46.57945255
46.62358422
46.66810665
46.72171682
46.73866025
46.73916915
46.73760969
46.75981295
46.78215124
46.81364381
46.84556456
46.84380622
46.82430311
46.81898782
46.81774057
46.81951674
46.82892225
46.85531061
46.89033009
46.93114443
46.96235442
46.98908171
46.99535272
46.99254452
47.010467
47.05020324
47.08905556
47.11514105
47.12168962
47.1237101
47.1395028
47.15679021
47.17188815
47.1813101
47.23006712
47.28349296
47.34893245
47.42679292
47.54133847
47.63610211
47.72024526
47.78663548
47.80645697
47.83633999
47.85485248
47.8843424
47.92590189
47.98015156
48.0493755
48.101928
48.15741634
48.21206721
48.25392994
48.29076933
48.33483294
48.35386903
48.3624205
48.36831576
48.38772775
48.38549478
48.37986513
48.38139111
48.37854708
48.38462532
48.38588662
48.38012048
48.36551747
48.35099352
48.37239405
48.36186429
48.35452519
48.34856719
48.33413957
48.32861619
48.33222012
48.33194298
48.30835242
48.31320242
48.32902321
48.34196747
48.34318566
48.30612176
48.29718058
48.31009658
48.33305529
48.32888924
48.30053201
48.28331039
48.27551929
48.27248648
48.27888607
48.29447835
48.27838967
48.25463175
48.25079103
48.25898204
48.2509525
48.24424496
48.25738334
48.268838
48.26050913
48.19971539
48.17967398
48.19252964
48.22173906
48.23311258
48.21684609
48.2100802
48.24240159
48.25108863
48.21665943
48.15967422
48.14445047
48.18625288
48.22750072
48.23537487
48.24715076
48.26674017
48.29934725
48.31434263
48.29659007
48.25125455
48.20206786
48.14368109
48.14502635
48.1606568
48.1516025
48.16641659
48.16833553
48.15446534
48.13017575
48.10325316
48.0720702
48.04955816
48.04173301
48.03278797
48.01104346
47.99862298
47.96087582
47.92564203
47.93063997
47.93533959
47.90751988
47.86566153
47.85177489
47.83298852
47.77801065
47.71345728
47.65723257
47.61572924
47.57021596
47.52295633
47.50294383
47.46896713
47.41921179
47.377421
47.32614094
47.26472086
47.22894237
47.19956109
47.13944712
47.07384852
47.00262418
46.92753573
46.85496144
46.80896855
46.72416642
46.62098977
46.55300377
46.50834481
46.44010985
46.38086774
46.3482047
46.34371484
46.32944763
46.298122
46.27798457
46.25916392
46.21890746
46.17058568
46.16209564
46.13790737
46.09624759
46.05151526
46.02091028
45.94297219
45.86747309
45.80143124
45.7077389
45.58900348
45.46619594
45.37611589
45.33497185
45.29596583
45.27109286
45.2597317
45.25509758
45.24748881
45.22005241
45.19078981
45.17043674
45.12748248
45.08440557
45.03149832
44.96311523
44.88407054
44.81105758
44.71302834
44.59094133
44.52154798
44.53605046
44.51546246
44.49661854
44.47441711
44.45908963
44.44111748
44.41538855
44.4027961
44.36417012
44.27386937
44.17364398
44.04628517
43.88074679
43.70059403
43.54460115
43.42833735
43.37944781
43.30412413
43.18021787
43.03133834
42.84776492
42.66208174
42.50610303
42.33161847
42.10609125
41.83451258
41.52276242
41.13336576
40.69233239
40.19610654
39.6518598
39.05113045
38.46713169
37.86535708
37.28182267
36.7528336
36.24324064
35.84076931
35.51599997
35.36239249
35.39111867
35.48910849
35.6377036
35.847059
36.12387715
36.36344192
36.60969572
36.87791254
37.16177041
37.43388493
37.71882854
38.06372689
38.4555273
38.82268309
39.18218531
39.51055941
39.82568509
40.09034004
40.33586574
40.59023383
40.89109084
41.17449652
41.41915168
41.66734796
41.89244012
42.13947483
42.34519582
42.53416617
42.67223759
42.72406625
42.75122587
42.76224908
42.77285819
42.82060578
42.89112317
42.95082045
42.97436382
42.9691671
42.97318567
42.98075049
42.98225979
43.03942255
43.122832
43.30552993
43.65120563
43.97356209
44.19839161
44.28650573
44.25902462
44.27160191
44.26693661
44.27271136
44.26811912
44.30147198
44.35827984
44.41823153
44.44742893
44.46964808
44.48551305
44.48158917
44.47127347
44.47762031
44.49970376
44.53724677
44.53381304
44.54654698
44.573876
44.58298705
44.57919358
44.57729746
44.5717837
44.57316972
44.58434531
44.59115863
44.60075724
44.60223779
44.59663728
44.6003541
44.59663728
44.59329804
44.58860123
44.59033966
44.59111873
44.60203496
44.60012764
44.60739677
44.6156204
44.61511734
44.61784717
44.62421023
44.61869063
44.6082174
44.60627177
44.60137052
44.60137052
44.59775756
44.59775756
44.60236405
44.59395762
44.58695222
44.57603282
44.54718251
44.51636096
44.51608989
44.51756341
44.50486728
44.51126135
44.49966339
44.47189189
44.43958541
44.41942978
44.38944539
44.37869408
44.36586982
44.36797359
44.35538115
44.33419781
44.34828485
44.36258173
44.35717714
44.37973466
44.39316753
44.37430865
44.34079593
44.34972161
44.38361215
44.39088757
44.39886876
44.4451913
44.47654221
44.44698259
44.41209999
44.41715787
44.41578943
44.40759522
44.43689651
44.48582242
44.50221227
44.5311377
44.56172941
44.52662222
44.49397124
44.48712456
44.4640098
44.39657469
44.35352088
44.36825514
44.39258927
44.41622846
44.44626088
44.51181444
44.54326683
44.52638538
44.50453233
44.48735563
44.45371564
44.41828538
44.39064921
44.37402567
44.38473145
44.43338849
44.47615818
44.49592633
44.4946361
44.46377475
44.4288759
44.40522091
44.41105725
44.40691822
44.38496013
44.3643536
44.3509286
44.33901016
44.31362965
44.28633275
44.27543424
44.29044516
44.29577166
44.30199686
44.328579
44.38738519
44.43333038
44.44263732
44.44927297
44.42835983
44.40748019
44.39831482
44.40473984
44.42027423
44.45280156
44.48079829
44.53554377
44.58544205
44.62625698
44.63163506
44.6526341
44.66904685
44.67136666
44.66692001
44.67156114
44.67031306
44.66931679
44.65971255
44.6533579
44.64873036
44.65180816
44.6455765
44.64181184
44.64511736
44.64384033
44.64246789
44.63568501
44.63966964
44.66679445
44.69323856
44.71252986
44.75599523
44.8043763
44.83733372
44.85176532
44.88721381
44.92608241
44.94713171
44.97301092
44.99432148
44.99358811
44.99604323
44.99683051
44.99330584
45.01273616
45.06153837
45.11889592
45.16469422
45.2129974
45.22692836
45.22694359
45.22383555
45.23990729
45.27968373
45.31923913
45.33430337
45.33090638
45.31034511
45.31177872
45.31259431
45.32377767
45.34690691
45.38147571
45.40787729
45.41104123
45.41848067
45.41981127
45.40984441
45.42848866
45.44299245
45.46324295
45.46785062
45.46901832
45.46890262
45.45806826
45.47658978
45.50990705
45.55189292
45.62269741
45.71098594
45.75446716
45.77696718
45.79031316
45.83283186
45.89282459
45.95183939
46.00058545
46.02446005
46.03457594
46.03457594
46.03391744
46.05863421
46.09768884
46.13603749
46.17572916
46.19698739
46.22896956
46.27303027
46.3143244
46.38843003
46.44984517
46.5223298
46.57812292
46.61343241
46.62776041
46.63918428
46.6290106
46.62574327
46.63698616
46.65459609
46.64152835
46.64088667
46.61847474
46.59942092
46.58456801
46.59340834
46.63983775
46.67742392
46.68774444
46.69423245
46.66678132
46.63612079
46.60482027
46.59713998
46.5735783
46.57567625
46.57879032
46.5427939
46.49728409
46.43926281
46.38359978
46.31149535
46.27308179
46.2431953
46.20532855
46.17667677
46.181458
46.19422523
46.18198576
46.14678392
46.11354596
46.07836418
46.03139084
45.9966781
45.95292041
45.89435771
45.85224761
45.79148815
45.70330372
45.64044951
45.62041651
45.63022483
45.63179739
45.65035668
45.64911373
45.64170615
45.62703819
45.60715269
45.57366282
45.53854257
45.48138788
45.39378352
45.29126897
45.20059725
45.12067586
45.05192917
45.01797445
44.9665481
44.93013224
44.88853855
44.86290098
44.84854521
44.83800458
44.8278228
44.80363018
44.76541417
44.75459863
44.72746815
44.71066953
44.69073867
44.66750715
44.65463011
44.62687316
44.60534662
44.59910324
44.59950095
44.57789019
44.55085634
44.5209078
44.48748034
44.45062054
44.39740616
44.36046467
44.31239921
44.22293689
44.16580257
44.14516959
44.11510161
44.10677167
46.76358309
