0.3523
0.2337
0.1275
0.0520
0.0238
0.0126
0.0393
0.0152
-0.0076
-0.0240
-0.0024
0.0710
0.1717
0.2524
0.2967
0.2776
0.2018
0.0718
-0.0826
-0.2288
-0.3693
-0.4400
-0.4915
-0.5545
-0.6120
-0.6477
-0.6378
-0.6116
-0.5915
-0.5775
-0.5918
-0.6335
-0.6674
-0.6618
-0.6515
-0.6440
-0.5955
-0.5423
-0.4735
-0.4107
-0.3312
-0.2515
-0.1702
-0.0825
0.0102
0.0902
0.1575
0.2360
0.3325
0.4585
0.5922
0.7347
0.8718
1.0013
1.1092
1.2198
1.3333
1.3866
1.4248
1.4041
1.3757
1.3563
1.3434
1.3176
1.2633
1.1987
1.1109
0.9958
0.8768
0.7489
0.6276
0.5116
0.4160
0.3732
0.3548
0.3505
0.3464
0.3271
0.2857
0.2469
0.1977
0.1545
0.0844
-0.0106
-0.1484
-0.3366
-0.5894
-0.8972
-1.2318
-1.5460
-1.7451
-1.8046
-1.7519
-1.6204
-1.4613
-1.3702
-1.3441
-1.3343
-1.3335
-1.3038
-1.2890
-1.3143
-1.3617
-1.4994
-1.6714
-1.8266
-1.9238
-1.9730
-2.0107
-2.0607
-2.1136
-2.1627
-2.1891
-2.2004
-2.1758
-2.1527
-2.1347
-2.1182
-2.0676
-1.9848
-1.8699
-1.7800
-1.7307
-1.7051
-1.6606
-1.5836
-1.4691
-1.3673
-1.2714
-1.1954
-1.1586
-1.1700
-1.2082
-1.2172
-1.2021
-1.2174
-1.2288
-1.2438
-1.2400
-1.2400
-1.2514
-1.2558
-1.2597
-1.2933
-1.3388
-1.3867
-1.4395
-1.4732
-1.5093
-1.5530
-1.6071
-1.6785
-1.7770
-1.8717
-1.9740
-2.0366
-2.1190
-2.1789
-2.2251
-2.2819
-2.3698
-2.4509
-2.5200
-2.5422
-2.5333
-2.5160
-2.4972
-2.5307
-2.5951
-2.6898
-2.8132
-2.9724
-3.1387
-3.2816
-3.4520
-3.6097
-3.7418
-3.8724
-4.0143
-4.1435
-4.2582
-4.3584
-4.4383
-4.4746
-4.4746
-4.4746
-4.4746
-4.4783
-4.4970
-4.5231
-4.5530
-4.5900
-4.6320
-4.6669
-4.7089
-4.7618
-4.8238
-4.9391
-5.0798
-5.2536
-5.4587
-5.6913
-5.9166
-6.1035
-6.2888
-6.4487
-6.5775
-6.6730
-6.7354
-6.7869
-6.8347
-6.8915
-6.9704
-7.0422
-7.0789
-7.1283
-7.1927
-7.2332
-7.2626
-7.2993
-7.3324
-7.3654
-7.3947
-7.4557
-7.4962
-7.5421
-7.6213
-7.7324
-7.8748
-8.0357
-8.2167
-8.3960
-8.5794
-8.7598
-8.9275
-9.0620
-9.1617
-9.2330
-9.2668
-9.2761
-9.2795
-9.2859
-9.2772
-9.3226
-9.3705
-9.3781
-9.3741
-9.3850
-9.4074
-9.4651
-9.5468
-9.6407
-9.7725
-9.9235
-10.0998
-10.3088
-10.5232
-10.7256
-10.9266
-11.1274
-11.3025
-11.4571
-11.6020
-11.7255
-11.8489
-11.9952
-12.1599
-12.3257
-12.5417
-12.8241
-13.1148
-13.4060
-13.6536
-13.8356
-13.9654
-14.0056
-13.9933
-13.9933
-13.9974
-14.0049
-14.0123
-14.0505
-14.0808
-14.1257
-14.1998
-14.3226
-14.4682
-14.6075
-14.7051
-14.7830
-14.8315
-14.8514
-14.8684
-14.8926
-14.9339
-14.9920
-15.1009
-15.3171
-15.5983
-15.8886
-16.1913
-16.4419
-16.5818
-16.6380
-16.6112
-16.6305
-16.7089
-16.8132
-16.9016
-16.9756
-17.0318
-17.1200
-17.2441
-17.3800
-17.4412
-17.4656
-17.4770
-17.4671
-17.5283
-17.6274
-17.7789
-17.9419
-18.0714
-18.2068
-18.2977
-18.3709
-18.4476
-18.4816
-18.4512
-18.3874
-18.3363
-18.2972
-18.2972
-18.2972
-18.2754
-18.2736
-18.3086
-18.3878
-18.4600
-18.5249
-18.6087
-18.7209
-18.8383
-19.0012
-19.1860
-19.3560
-19.4961
-19.6331
-19.7613
-19.8813
-19.9617
-20.0303
-20.0875
-20.1471
-20.2281
-20.3238
-20.4434
-20.5936
-20.8129
-21.0807
-21.3733
-21.7199
-22.0887
-22.4770
-22.8733
-23.2311
-23.4885
-23.6471
-23.7560
-23.7626
-23.7445
-23.7209
-23.7414
-23.7820
-23.8398
-23.9180
-24.0158
-24.0818
-24.1514
-24.2332
-24.3367
-24.4368
-24.5101
-24.5689
-24.6365
-24.7237
-24.8670
-25.0672
-25.3555
-25.6593
-26.0003
-26.3482
-26.6466
-26.9091
-27.0865
-27.1820
-27.2270
-27.2554
-27.1954
-27.1185
-27.0136
-26.9016
-26.7501
-26.5786
-26.4217
-26.2976
-26.1993
-26.1537
-26.1930
-26.2865
-26.3947
-26.5660
-26.7165
-26.7692
-26.6710
-26.5392
-26.3429
-26.0686
-25.7344
-25.3323
-24.9082
-24.5325
-24.2200
-23.9561
-23.7349
-23.6009
-23.5691
-23.6062
-23.7000
-23.8759
-24.0955
-24.3164
-24.5426
-24.8029
-25.0851
-25.3584
-25.6259
-25.9191
-26.2150
-26.5449
-26.9017
-27.2712
-27.6353
-27.9563
-28.2307
-28.4521
-28.5839
-28.6712
-28.7378
-28.8189
-28.9248
-29.0303
-29.1179
-29.1907
-29.2329
-29.2623
-29.2929
-29.3204
-29.3626
-29.4412
-29.5296
-29.6356
-29.7608
-29.9015
-30.0313
-30.1513
-30.2539
-30.3298
-30.3815
-30.4354
-30.4857
-30.5245
-30.5588
-30.5896
-30.6306
-30.6744
-30.7181
-30.7560
-30.7885
-30.8261
-30.8608
-30.8868
-30.9231
-30.9619
-31.0067
-31.0478
-31.0857
-31.1242
-31.1632
-31.1951
-31.2284
-31.2508
-31.2773
-31.3178
-31.3627
-31.4111
-31.4390
-31.4729
-31.5093
-31.5390
-31.5852
-31.6447
-31.6995
-31.7264
-31.7550
-31.7853
-31.8288
-31.8806
-31.9122
-31.9666
-32.0224
-32.0836
-32.1369
-32.1796
-32.2360
-32.2948
-32.3826
-32.4787
-32.5566
-32.6082
-32.6383
-32.6673
-32.7120
-32.7450
-32.7825
-32.8170
-32.8364
-32.8457
-32.8596
-32.8706
-32.8674
-32.8577
-32.8632
-32.8623
-32.8747
-32.8872
-32.8806
-32.8574
-32.8494
-32.8686
-32.8779
-32.8913
-32.9010
-32.8761
-32.8273
-32.7464
-32.6158
-32.4541
-32.2901
-32.1533
-32.0374
-31.9607
-31.9488
-31.9971
-32.0825
-32.1549
-32.2188
-32.2759
-32.3232
-32.3652
-32.4171
-32.4497
-32.4695
-32.4836
-32.4998
-32.5026
-32.5087
-32.5063
-32.5063
-32.5002
-32.5003
-32.5035
-32.4945
-32.4456
-32.3721
-32.2680
-32.1641
-32.0790
-31.9991
-31.9444
-31.9171
-31.8737
-31.8055
-31.7319
-31.6557
-31.5637
-31.4768
-31.3882
-31.2818
-31.2050
-31.1452
-31.1260
-31.0946
-31.0631
-30.9968
-30.9141
-30.8376
-30.7462
-30.6654
-30.6370
-30.6184
-30.6264
-30.6530
-30.7083
-30.7722
-30.8191
-30.8346
-30.8570
-30.8572
-30.8597
-30.8625
-30.8757
-30.8812
-30.8839
-30.8839
-30.8864
-30.8889
-30.9124
-30.9401
-30.9675
-30.9749
-30.9855
-30.9677
-30.9219
-30.8999
-30.8594
-30.8043
-30.7887
-30.7809
-30.7839
-30.7501
-30.6580
-30.4845
-30.2198
-29.8597
-29.5107
-29.1910
-28.9451
-28.7998
-28.7184
-28.7186
-28.7367
-28.7952
-28.8130
-28.8107
-28.8133
-28.7820
-28.7685
-28.7493
-28.7012
-28.6442
-28.5709
-28.4789
-28.3790
-28.2740
-28.1897
-28.1026
-28.0196
-27.9739
-27.9531
-27.9344
-27.9141
-27.9027
-27.8741
-27.8258
-27.7592
-27.6831
-27.6032
-27.5119
-27.4068
-27.2678
-27.1232
-26.9589
-26.7559
-26.5031
-26.2408
-25.9667
-25.6962
-25.4641
-25.2793
-25.1150
-25.0277
-25.0092
-24.9965
-25.0004
-24.9902
-24.9742
-24.9439
-24.9272
-24.8828
-24.7868
-24.6850
-24.5723
-24.4625
-24.3526
-24.2375
-24.0956
-23.9591
-23.8498
-23.7515
-23.6588
-23.5851
-23.5197
-23.4626
-23.4271
-23.3615
-23.2525
-23.0921
-22.9184
-22.7367
-22.5607
-22.3932
-22.2179
-22.0321
-21.8571
-21.6904
-21.5612
-21.4913
-21.4535
-21.4426
-21.4289
-21.4099
-21.3748
-21.3347
-21.2541
-21.1304
-20.9853
-20.8139
-20.5971
-20.3510
-20.0704
-19.7716
-19.5048
-19.2866
-19.1290
-19.0429
-19.0100
-18.9738
-18.9316
-18.8562
-18.7505
-18.6383
-18.4889
-18.3081
-18.1216
-17.9327
-17.7224
-17.4913
-17.2292
-16.9591
-16.7228
-16.5245
-16.3899
-16.3470
-16.3441
-16.3486
-16.3428
-16.3428
-16.3712
-16.3894
-16.3778
-16.3553
-16.3524
-16.3677
-16.3889
-16.3998
-16.3736
-16.3416
-16.3272
-16.2772
-16.2048
-16.1446
-16.0631
-15.9655
-15.8627
-15.7393
-15.5869
-15.4455
-15.2921
-15.1607
-15.0317
-14.8851
-14.6978
-14.4944
-14.2824
-14.0827
-13.9181
-13.8103
-13.7625
-13.7425
-13.7305
-13.7066
-13.6408
-13.5479
-13.4150
-13.2751
-13.0873
-12.8742
-12.6605
-12.4621
-12.2467
-12.0452
-11.8707
-11.6969
-11.5164
-11.3345
-11.1248
-10.8896
-10.6292
-10.3675
-10.1209
-9.8999
-9.7106
-9.5859
-9.5058
-9.4652
-9.4496
-9.4496
-9.4496
-9.4528
-9.4479
-9.4479
-9.4417
-9.4354
-9.4259
-9.4039
-9.3725
-9.3634
-9.3419
-9.2759
-9.2007
-9.1205
-9.0260
-8.9107
-8.7838
-8.6757
-8.5982
-8.5366
-8.4829
-8.4384
-8.3952
-8.3402
-8.2738
-8.2008
-8.1101
-8.0260
-7.9418
-7.8579
-7.7562
-7.6739
-7.6045
-7.4963
-7.3572
-7.1745
-6.9269
-6.6648
-6.4340
-6.2468
-6.1087
-6.0024
-5.9237
-5.8662
-5.8036
-5.7115
-5.5897
-5.4478
-5.2793
-5.0858
-4.8243
-4.5055
-4.1541
-3.7700
-3.3955
-3.0574
-2.7496
-2.4972
-2.3028
-2.1743
-2.1365
-2.1463
-2.1974
-2.2163
-2.2124
-2.2018
-2.1325
-2.0563
-1.9801
-1.8758
-1.7506
-1.6282
-1.5395
-1.4742
-1.4250
-1.3930
-1.3574
-1.3314
-1.3124
-1.2627
-1.1950
-1.1226
-1.0129
-0.8808
-0.7262
-0.5419
-0.3338
-0.1207
0.0988
0.3103
0.5153
0.7128
0.9108
1.0872
1.2528
1.4238
1.6011
1.7926
1.9580
2.0946
2.2217
2.2984
2.2891
2.1932
2.0195
1.8193
1.6680
1.5743
1.5106
1.4625
1.4168
1.3658
1.2615
1.1001
0.8651
0.5753
0.2547
-0.0799
-0.3627
-0.5412
-0.5669
-0.5030
-0.4119
-0.3256
-0.2052
-0.0541
0.0775
0.1798
0.3009
0.3901
0.4547
0.5318
0.6174
0.6609
0.7121
0.7636
0.7890
0.7826
0.7361
0.6636
0.5649
0.4512
0.3667
0.3488
0.3631
0.3850
0.4580
0.5383
0.6162
0.6978
0.7584
0.7839
0.7769
0.7835
0.7779
0.7249
0.6418
0.5460
0.4528
0.3638
0.3368
0.3633
0.4210
0.4970
0.5424
0.5261
0.4015
0.2432
0.0665
-0.0970
-0.1284
0.0505
0.3812
0.7526
1.0283
1.1082
0.9717
0.5951
0.0704
-0.5537
-1.2026
-1.7332
-2.1106
-2.3852
-2.5928
-2.7365
-2.9527
-3.1524
-3.3178
-3.4975
-3.7882
-4.1072
-4.4231
-4.6532
-4.8424
-4.9606
-5.0314
-5.1759
-5.4088
-5.6561
-5.8500
-6.0355
-6.2336
-6.4441
-6.5929
-6.7081
-6.7952
-6.8355
-6.8237
-6.7952
-6.7614
-6.7852
-6.8477
-6.9729
-7.0619
-7.0444
-6.8640
-6.6162
-6.3638
-6.1310
-5.9396
-5.7858
-5.6270
-5.5432
-5.5194
-5.5650
-5.5795
-5.5502
-5.4955
-5.4683
-5.4211
-5.3266
-5.1542
-4.9279
-4.6480
-4.3697
-4.1442
-3.9688
-3.8554
-3.8315
-3.9926
-4.2696
-4.5902
-4.8785
-5.1345
-5.2852
-5.3058
-5.2806
-5.1929
-5.1181
-5.1050
-5.1875
-5.3126
-5.4321
-5.5224
-5.5528
-5.5564
-5.5998
-5.6360
-5.6432
-5.6362
-5.6189
-5.6264
-5.6391
-5.6716
-5.6826
-5.6613
-5.6187
-5.5403
-5.3980
-5.2916
-5.2294
-5.2011
-5.1747
-5.1447
-5.0755
-4.9641
-4.8227
-4.6921
-4.6069
-4.5928
-4.6662
-4.8364
-4.9370
-4.9602
-4.9586
-4.9534
-4.9499
-4.9647
-5.0029
-5.0422
-5.0731
-5.1275
-5.1842
-5.2549
-5.3348
-5.4200
-5.4839
-5.5338
-5.6053
-5.6677
-5.7229
-5.7637
-5.7975
-5.8313
-5.8313
-5.8330
-5.8170
-5.7656
-5.7269
-5.7218
-5.7111
-5.6827
-5.6333
-5.6175
-5.6139
-5.6105
-5.6251
-5.6522
-5.7236
-5.7575
-5.7522
-5.7325
-5.7110
-5.7040
-5.7396
-5.8086
-5.9008
-6.0181
-6.1372
-6.2297
-6.3239
-6.4450
-6.5410
-6.5996
-6.6174
-6.6120
-6.5941
-6.5869
-6.5869
-6.6117
-6.6706
-6.7527
-6.8529
-6.9906
-7.1500
-7.3203
-7.5264
-7.7363
-7.9230
-8.0987
-8.2850
-8.4842
-8.6961
-8.9115
-9.1368
-9.3521
-9.4678
-9.5073
-9.4998
-9.4112
-9.3613
-9.3500
-9.3107
-9.2673
-9.1697
-9.0218
-8.7947
-8.4801
-8.1175
-7.7733
-7.5247
-7.4049
-7.4189
-7.4989
-7.6217
-7.7177
-7.7637
-7.7720
-7.6998
-7.5541
-7.3049
-6.9777
-6.5859
-6.1729
-5.7691
-5.4398
-5.1726
-4.9627
-4.8750
-4.9301
-5.0896
-5.2755
-5.4455
-5.5599
-5.5973
-5.5661
-5.4676
-5.3546
-5.2577
-5.2037
-5.2039
-5.2074
-5.2252
-5.2274
-5.2173
-5.2096
-5.2276
-5.3451
-5.5425
-5.7526
-5.8663
-5.8954
-5.8595
-5.7958
-5.7471
-5.7473
-5.7913
-5.9093
-6.0738
-6.2451
-6.3940
-6.4900
-6.5650
-6.6029
-6.6276
-6.6687
-6.6592
-6.6259
-6.5913
-6.5501
-6.4864
-6.4121
-6.3376
-6.2750
-6.2570
-6.2273
-6.1891
-6.1158
-6.0141
-5.8847
-5.7729
-5.6431
-5.5038
-5.3716
-5.2515
-5.1410
-5.0549
-5.0150
-4.9998
-5.0178
-5.0626
-5.1306
-5.2002
-5.2823
-5.3943
-5.5236
-5.6578
-5.7961
-5.9381
-6.0571
-6.1746
-6.2714
-6.3489
-6.3820
-6.3819
-6.3766
-6.3500
-6.3445
-6.3849
-6.4761
-6.6080
-6.7716
-6.9019
-7.0132
-7.0910
-7.1069
-7.0963
-7.0625
-7.0055
-6.9538
-6.9020
-6.8573
-6.8821
-6.9639
-7.0974
-7.2687
-7.4725
-7.6589
-7.8296
-7.9739
-8.0985
-8.2180
-8.3230
-8.4009
-8.4696
-8.5075
-8.5165
-8.5291
-8.5720
-8.6366
-8.7447
-8.8871
-9.1052
-9.3457
-9.6035
-9.8341
-10.0268
-10.1836
-10.2787
-10.3315
-10.3531
-10.3789
-10.4040
-10.4200
-10.4694
-10.5627
-10.6727
-10.7862
-10.9183
-11.0747
-11.2312
-11.4424
-11.6910
-11.9603
-12.1847
-12.3869
-12.5432
-12.6264
-12.7071
-12.7787
-12.8495
-12.8871
-12.9669
-13.1296
-13.3797
-13.7305
-14.1633
-14.6729
-15.1695
-15.6244
-16.0245
-16.2890
-16.3871
-16.3602
-16.2302
-16.1310
-16.1136
-16.1498
-16.1940
-16.2032
-16.2170
-16.2378
-16.2702
-16.3468
-16.4585
-16.5910
-16.7179
-16.8329
-16.9504
-17.0324
-17.1013
-17.1970
-17.2954
-17.4267
-17.5727
-17.7287
-17.8697
-18.0141
-18.1435
-18.2698
-18.3636
-18.4242
-18.4521
-18.4623
-18.4692
-18.4788
-18.4609
-18.4443
-18.4661
-18.5175
-18.5873
-18.7168
-18.8535
-18.9936
-19.1122
-19.2449
-19.3893
-19.5597
-19.7506
-19.9923
-20.2220
-20.3990
-20.5207
-20.6304
-20.7118
-20.8068
-20.9687
-21.1635
-21.3615
-21.5878
-21.8642
-22.1415
-22.4081
-22.6790
-22.9359
-23.1570
-23.3564
-23.5525
-23.7241
-23.8526
-24.0046
-24.1406
-24.2260
-24.3172
-24.3679
-24.3828
-24.3526
-24.3280
-24.3454
-24.3447
-24.2673
-24.1490
-24.0355
-23.9288
-23.7969
-23.6891
-23.4640
-23.0595
-22.5458
-21.9834
-21.3481
-20.6614
-19.9357
-19.1900
-18.3820
-17.5415
-16.7551
-15.9199
-15.0248
-14.1472
-13.4319
-12.9060
-12.5862
-12.5086
-12.5628
-12.6931
-12.8243
-12.9434
-13.0110
-13.0063
-12.9075
-12.6862
-12.3992
-11.9918
-11.5272
-11.0536
-10.6260
-10.2764
-10.0270
-9.8717
-9.7854
-9.8130
-9.9812
-10.2382
-10.5217
-10.6772
-10.6321
-10.4195
-10.1541
-9.8628
-9.6204
-9.4892
-9.4058
-9.3741
-9.3148
-9.2717
-9.2949
-9.2971
-9.2561
-9.1789
-9.0913
-9.0436
-9.1079
-9.2768
-9.5655
-9.8989
-10.2110
-10.4943
-10.7541
-10.9759
-11.2163
-11.4416
-11.6550
-11.8217
-11.9605
-12.1056
-12.2817
-12.4705
-12.6798
-12.8055
-12.8521
-12.7204
-12.4047
-11.9916
-11.6026
-11.3373
-11.2182
-11.2040
-11.2040
-11.2040
-11.1771
-11.1421
-11.1072
-11.0622
-11.0150
-10.9649
-10.8839
-10.8194
-10.7623
-10.6614
-10.5548
-10.4318
-10.2897
-10.1839
-10.1176
-10.0993
-10.1563
-10.2000
-10.2088
-10.1939
-10.1976
-10.1877
-10.1986
-10.2252
-10.2488
-10.2690
-10.3137
-10.3742
-10.4454
-10.5444
-10.6600
-10.8041
-11.0189
-11.2508
-11.4928
-11.7152
-11.8670
-11.9398
-11.9182
-11.8795
-11.8263
-11.8115
-11.8416
-11.9071
-12.0393
-12.2400
-12.4876
-12.7768
-13.1022
-13.4323
-13.7134
-13.9105
-14.0078
-14.0202
-13.9780
-13.9580
-13.9648
-13.9862
-13.9966
-14.0139
-14.0508
-14.0990
-14.1868
-14.3449
-14.5375
-14.7238
-14.9130
-15.0929
-15.2361
-15.3897
-15.5562
-15.7255
-15.9131
-16.0684
-16.1828
-16.3016
-16.3938
-16.4584
-16.5160
-16.5886
-16.6863
-16.8047
-16.9490
-17.0858
-17.2145
-17.3594
-17.5492
-17.7304
-17.9256
-18.1208
-18.3040
-18.4550
-18.6014
-18.7192
-18.8003
-18.8904
-19.0068
-19.1316
-19.2621
-19.3847
-19.4983
-19.5816
-19.6682
-19.8110
-19.9806
-20.1500
-20.3389
-20.5503
-20.7556
-20.9131
-21.0626
-21.1655
-21.2701
-21.3653
-21.4911
-21.6591
-21.8104
-21.9433
-22.0141
-22.0592
-22.1069
-22.1637
-22.2753
-22.4347
-22.6092
-22.7659
-22.8865
-22.9453
-22.9530
-22.9492
-22.9550
-22.9490
-22.9590
-22.9832
-23.0313
-23.0553
-23.0785
-23.1534
-23.2437
-23.2020
-23.0654
-22.8680
-22.5421
-22.0722
-21.5456
-21.0122
-20.5064
-20.1037
-19.8443
-19.6412
-19.5049
-19.4041
-19.3060
-19.2283
-19.1243
-19.0386
-18.9350
-18.7909
-18.5797
-18.3264
-18.0049
-17.6798
-17.4461
-17.3612
-17.3744
-17.5138
-17.6983
-17.8335
-17.9058
-17.9905
-18.0983
-18.2720
-18.5647
-18.9343
-19.3298
-19.7096
-20.0567
-20.3576
-20.5669
-20.7130
-20.8135
-20.8756
-20.9193
-20.9740
-21.0275
-21.0774
-21.1357
-21.2474
-21.4174
-21.6271
-21.8668
-22.1255
-22.3816
-22.6293
-22.8660
-23.0714
-23.2475
-23.3879
-23.4895
-23.5314
-23.5251
-23.5040
-23.5011
-23.5018
-23.5392
-23.5141
-23.5051
-23.5212
-23.5914
-23.6832
-23.7606
-23.8430
-23.9204
-23.9885
-24.0420
-24.0958
-24.1794
-24.2902
-24.4220
-24.5689
-24.7517
-24.9621
-25.1487
-25.3081
-25.4607
-25.6011
-25.6896
-25.7477
-25.7753
-25.7876
-25.7998
-25.8088
-25.8393
-25.8914
-25.9435
-25.9727
-25.9945
-26.0323
-26.0321
-25.9112
-25.7882
-25.6946
-25.6147
-25.5040
-25.3798
-25.1965
-24.9857
-24.7529
-24.5417
-24.3438
-24.1885
-24.0901
-24.0312
-23.9846
-23.9766
-24.0222
-24.2696
-24.6982
-25.2868
-25.9672
-26.6324
-27.2332
-27.7764
-28.2010
-28.4917
-28.6414
-28.7189
-28.7628
-28.7803
-28.7515
-28.7252
-28.7132
-28.7132
-28.6649
-28.5774
-28.4456
-28.2542
-28.0302
-27.7949
-27.5260
-27.2349
-26.9694
-26.7573
-26.5725
-26.4233
-26.3083
-26.1942
-26.0795
-25.9592
-25.8293
-25.7245
-25.6256
-25.5412
-25.4772
-25.4647
-25.5346
-25.6206
-25.6972
-25.7642
-25.8418
-25.9481
-26.0334
-26.1128
-26.1831
-26.2684
-26.3518
-26.4177
-26.4812
-26.5389
-26.5912
-26.6446
-26.6764
-26.7047
-26.7191
-26.7372
-26.7590
-26.8013
-26.8437
-26.8886
-26.9591
-27.0390
-27.1368
-27.2293
-27.3218
-27.4003
-27.4674
-27.5146
-27.5313
-27.5476
-27.5493
-27.5505
-27.5565
-27.5448
-27.5337
-27.5393
-27.5069
-27.4623
-27.4484
-27.4638
-27.5016
-27.5400
-27.5624
-27.5642
-27.5686
-27.5877
-27.6226
-27.6599
-27.6799
-27.7021
-27.7084
-27.7283
-27.7502
-27.7336
-27.6688
-27.5923
-27.4753
-27.3560
-27.2536
-27.1529
-27.0557
-26.9784
-26.9389
-26.9284
-26.9502
-26.9881
-27.0129
-27.0158
-27.0192
-26.9998
-26.9355
-26.8234
-26.6774
-26.5282
-26.3789
-26.2093
-26.0549
-25.9229
-25.8052
-25.6882
-25.5946
-25.5349
-25.4865
-25.4669
-25.4529
-25.4414
-25.4301
-25.4132
-25.3828
-25.3584
-25.3223
-25.2726
-25.1917
-25.1020
-24.9919
-24.8935
-24.8205
-24.7731
-24.7254
-24.6802
-24.6261
-24.5690
-24.4840
-24.3740
-24.2413
-24.0915
-23.8913
-23.6354
-23.3345
-23.0453
-22.7510
-22.4713
-22.2282
-21.9908
-21.7731
-21.5721
-21.4214
-21.2905
-21.1623
-21.0534
-20.9531
-20.8553
-20.7691
-20.7108
-20.6665
-20.6132
-20.5350
-20.4599
-20.3508
-20.2192
-20.0990
-19.9517
-19.7543
-19.5206
-19.2729
-19.0378
-18.8517
-18.7097
-18.5981
-18.5031
-18.4421
-18.4013
-18.3500
-18.3040
-18.2408
-18.1286
-17.9737
-17.8082
-17.6550
-17.5156
-17.4038
-17.3292
-17.2871
-17.2510
-17.2089
-17.1666
-17.1039
-17.0416
-17.0011
-16.9788
-16.9304
-16.8894
-16.8417
-16.7862
-16.7128
-16.6164
-16.5610
-16.5333
-16.5286
-16.5377
-16.5407
-16.5528
-16.5650
-16.5619
-16.5528
-16.5282
-16.5066
-16.4712
-16.3943
-16.2862
-16.1490
-15.9668
-15.7825
-15.5939
-15.4132
-15.2434
-15.1263
-15.0548
-15.0138
-15.0032
-14.9948
-14.9895
-14.9613
-14.9128
-14.8414
-14.7700
-14.7397
-14.7062
-14.6789
-14.6516
-14.6085
-14.5280
-14.4054
-14.2575
-14.1206
-14.0539
-14.0716
-14.1312
-14.1470
-14.1293
-14.0926
-14.0697
-14.0614
-14.0562
-14.0352
-14.0091
-13.9789
-13.9340
-13.8632
-13.7778
-13.6831
-13.5698
-13.4419
-13.3152
-13.2186
-13.1149
-13.0258
-12.9410
-12.8448
-12.7393
-12.6442
-12.5534
-12.4986
-12.4948
-12.5179
-12.5431
-12.5279
-12.4436
-12.3272
-12.1962
-12.0501
-11.8963
-11.7484
-11.6096
-11.4896
-11.3865
-11.3234
-11.2998
-11.2653
-11.2180
-11.1778
-11.1078
-10.9943
-10.8829
-10.7752
-10.6668
-10.5892
-10.5618
-10.5265
-10.4402
-10.3478
-10.3019
-10.2712
-10.2648
-10.2514
-10.2417
-10.2023
-10.1209
-9.9604
-9.7468
-9.5467
-9.3989
-9.2962
-9.2447
-9.1930
-9.1460
-9.0971
-9.0296
-8.9749
-8.9419
-8.9090
-8.8548
-8.7825
-8.6876
-8.5546
-8.3785
-8.1924
-7.9463
-7.6832
-7.3964
-7.0937
-6.7519
-6.4209
-6.1358
-5.8733
-5.6505
-5.4742
-5.3041
-5.1779
-5.1181
-5.1046
-5.0729
-5.0590
-5.0485
-5.0411
-5.0168
-4.9737
-4.9353
-4.8862
-4.8064
-4.7004
-4.5496
-4.3747
-4.1770
-3.9816
-3.7871
-3.6159
-3.4872
-3.4112
-3.3776
-3.3897
-3.4506
-3.5408
-3.6276
-3.6865
-3.7080
-3.7382
-3.7835
-3.8447
-3.9598
-4.0973
-4.2923
-4.5199
-4.7233
-4.8800
-4.9765
-4.9873
-4.9513
-4.9364
-4.9504
-4.9142
-4.8572
-4.7877
-4.7426
-4.7983
-5.0288
-5.3136
-5.5434
-5.5724
-5.2382
-4.5268
-3.6288
-2.5714
-1.4800
-0.4942
0.3105
0.7801
0.9200
0.7263
0.2427
-0.4252
-1.1943
-2.0500
-2.7910
-3.3400
-3.7091
-3.9401
-4.0794
-4.0883
-4.0400
-3.9852
-4.0133
-4.1194
-4.3144
-4.5977
-4.9327
-5.2799
-5.6222
-5.9930
-6.3400
-6.6666
-6.9503
-7.3266
-7.7510
-8.1988
-8.5795
-8.8678
-8.9975
-8.9709
-8.9418
-8.8974
-8.9048
-8.9661
-9.0762
-9.2110
-9.3277
-9.3913
-9.3834
-9.3441
-9.3165
-9.3372
-9.3806
-9.4812
-9.5815
-9.6532
-9.6902
-9.6954
-9.6289
-9.5719
-9.5455
-9.5785
-9.6530
-9.7495
-9.8954
-10.0567
-10.2005
-10.2787
-10.2778
-10.2382
-10.1784
-10.1403
-10.1420
-10.1838
-10.2892
-10.3876
-10.4386
-10.4316
-10.3291
-10.1973
-10.0623
-9.9804
-9.9291
-9.8885
-9.9099
-9.9438
-9.9598
-9.9599
-9.9668
-9.9669
-9.9636
-9.9602
-9.9637
-9.9604
-9.9537
-9.9572
-9.9819
-9.9946
-9.9880
-9.9779
-9.9746
-9.9712
-9.9712
-9.9712
-9.9644
-9.9210
-9.8742
-9.8342
-9.7701
-9.7200
-9.6666
-9.5765
-9.4604
-9.3564
-9.2421
-9.1332
-9.0934
-9.1005
-9.1586
-9.2301
-9.2841
-9.3400
-9.3787
-9.4275
-9.4801
-9.5482
-9.6387
-9.7387
-9.8445
-9.9379
-10.0261
-10.0658
-10.0446
-10.0142
-9.9736
-9.9261
-9.9058
-9.9078
-9.9228
-9.9320
-9.9393
-9.9500
-9.9451
-9.9213
-9.9043
-9.8873
-9.8757
-9.8587
-9.8576
-9.8357
-9.8036
-9.7695
-9.7427
-9.7265
-9.7103
-9.6922
-9.6775
-9.6578
-9.6240
-9.6035
-9.6024
-9.6189
-9.6525
-9.7339
-9.8456
-9.9891
-10.1309
-10.2713
-10.3806
-10.4425
-10.4994
-10.5392
-10.5952
-10.6792
-10.7904
-10.9180
-11.0396
-11.1771
-11.3420
-11.5045
-11.6482
-11.7317
-11.7789
-11.7728
-11.7625
-11.7582
-11.7582
-11.7616
-11.7683
-11.7853
-11.7975
-11.8077
-11.8313
-11.8871
-11.9513
-11.9999
-12.0641
-12.1575
-12.2470
-12.3189
-12.3765
-12.3875
-12.3875
-12.3875
-12.3875
-12.3841
-12.3806
-12.3950
-12.4192
-12.4523
-12.4722
-12.4977
-12.5265
-12.5342
-12.5431
-12.5597
-12.5741
-12.5796
-12.6106
-12.6438
-12.6668
-12.6809
-12.7161
-12.7345
-12.7147
-12.6880
-12.6834
-12.6507
-12.6414
-12.6515
-12.6943
-12.7488
-12.8034
-12.8681
-12.9553
-13.0414
-13.1499
-13.2664
-13.3945
-13.5080
-13.6183
-13.7106
-13.7995
-13.8749
-13.9493
-14.0418
-14.1253
-14.2009
-14.2869
-14.3741
-14.4523
-14.5328
-14.6113
-14.6989
-14.7980
-14.9190
-15.0537
-15.2142
-15.3979
-15.5784
-15.7226
-15.8299
-15.8761
-15.8902
-15.8869
-15.8655
-15.8507
-15.8482
-15.8555
-15.8836
-15.9242
-15.9430
-15.9517
-15.9877
-16.0022
-15.9199
-15.7702
-15.6542
-15.5743
-15.5698
-15.6255
-15.7115
-15.7718
-15.8311
-15.8868
-15.9161
-15.8292
-15.6639
-15.3943
-15.1034
-14.8058
-14.5699
-14.3600
-14.1675
-14.0272
-13.9741
-14.0297
-14.0946
-14.1533
-14.1973
-14.2346
-14.2873
-14.3005
-14.2769
-14.1749
-13.9963
-13.7790
-13.5623
-13.3285
-13.0724
-12.8461
-12.7073
-12.7158
-12.8546
-13.0331
-13.1902
-13.2780
-13.3053
-13.3107
-13.3206
-13.3491
-13.3906
-13.4494
-13.4789
-13.5184
-13.5306
-13.5242
-13.5386
-13.5588
-13.5427
-13.4870
-13.4223
-13.3786
-13.3674
-13.3642
-13.3330
-13.2907
-13.2196
-13.1480
-13.0668
-12.9679
-12.8863
-12.8364
-12.7733
-12.6901
-12.5998
-12.5156
-12.4203
-12.3878
-12.3554
-12.3320
-12.2422
-12.1330
-12.0279
-11.9609
-11.8998
-11.8678
-11.8371
-11.7958
-11.7366
-11.6170
-11.4344
-11.2295
-11.0084
-10.7672
-10.5063
-10.2677
-10.0667
-9.8897
-9.7493
-9.6493
-9.6237
-9.6737
-9.7793
-9.8934
-9.9624
-9.9903
-10.0307
-10.0723
-10.1333
-10.2179
-10.3041
-10.3535
-10.3681
-10.3668
-10.3856
-10.4280
-10.5103
-10.5931
-10.6723
-10.7445
-10.8000
-10.8876
-11.0313
-11.2085
-11.3908
-11.5162
-11.6042
-11.6473
-11.6811
-11.6979
-11.6890
-11.6995
-11.7311
-11.7512
-11.8017
-11.8723
-11.9532
-12.0399
-12.1170
-12.2212
-12.3175
-12.3815
-12.4100
-12.4310
-12.4276
-12.3969
-12.4036
-12.4202
-12.4105
-12.3895
-12.3772
-12.3542
-12.3290
-12.2904
-12.2395
-12.1820
-12.1299
-12.0833
-12.0529
-12.0226
-11.9922
-11.9517
-11.9011
-11.8571
-11.8265
-11.7756
-11.7079
-11.6569
-11.6079
-11.5440
-11.5152
-11.5423
-11.6132
-11.7166
-11.8294
-11.9106
-11.9776
-12.0165
-12.0478
-12.0875
-12.1414
-12.2307
-12.3576
-12.5508
-12.7796
-13.0285
-13.2955
-13.5416
-13.7168
-13.8412
-13.9335
-13.9976
-14.0641
-14.1009
-14.1300
-14.1434
-14.1736
-14.2372
-14.3284
-14.4597
-14.6179
-14.7898
-14.9816
-15.2100
-15.4643
-15.7145
-15.9381
-16.1520
-16.3189
-16.4267
-16.4470
-16.4542
-16.4597
-16.4988
-16.5640
-16.6393
-16.7066
-16.7828
-16.8678
-16.9421
-16.9779
-17.0013
-17.0598
-17.1370
-17.1851
-17.2266
-17.2941
-17.4039
-17.5314
-17.6726
-17.8028
-17.9276
-18.0397
-18.1496
-18.2459
-18.3318
-18.3984
-18.4251
-18.4509
-18.4736
-18.5134
-18.5702
-18.6611
-18.7693
-18.8610
-18.9497
-19.0468
-19.1383
-19.2185
-19.2919
-19.3596
-19.4280
-19.5027
-19.5340
-19.5182
-19.4963
-19.4739
-19.4642
-19.4745
-19.5018
-19.5765
-19.7012
-19.8609
-20.0530
-20.2707
-20.4860
-20.6801
-20.8155
-20.9050
-20.9531
-20.9863
-21.0168
-21.0598
-21.1112
-21.1809
-21.2715
-21.3567
-21.4515
-21.5528
-21.6874
-21.8728
-22.0758
-22.2554
-22.4114
-22.5402
-22.6118
-22.6533
-22.7166
-22.7978
-22.8874
-22.9469
-23.0275
-23.1135
-23.1872
-23.2491
-23.3147
-23.3977
-23.4801
-23.5504
-23.6235
-23.6579
-23.5987
-23.4646
-23.3747
-23.3363
-23.3219
-23.2990
-23.2711
-23.2073
-23.1126
-23.0266
-22.9280
-22.8202
-22.7042
-22.5618
-22.3831
-22.2104
-22.0832
-21.9234
-21.6956
-21.4855
-21.2616
-21.0412
-20.8012
-20.5888
-20.3761
-20.1458
-19.8927
-19.7249
-19.6238
-19.6426
-19.7845
-19.9642
-20.1386
-20.2890
-20.4067
-20.5123
-20.5829
-20.6252
-20.6593
-20.6930
-20.7323
-20.7656
-20.7772
-20.7772
-20.7653
-20.7621
-20.7738
-20.7949
-20.8224
-20.8682
-20.9558
-21.0696
-21.1949
-21.3237
-21.4590
-21.5793
-21.7026
-21.7936
-21.8286
-21.8497
-21.8796
-21.9030
-21.9408
-21.9659
-21.9907
-22.0243
-22.0600
-22.1191
-22.1577
-22.1734
-22.2072
-22.2637
-22.3701
-22.4975
-22.6340
-22.7182
-22.6985
-22.6753
-22.6234
-22.5928
-22.5387
-22.4952
-22.4343
-22.3811
-22.3424
-22.3066
-22.2486
-22.2132
-22.1941
-22.2068
-22.2361
-22.2900
-22.3897
-22.4599
-22.4623
-22.3529
-22.1344
-21.8654
-21.5414
-21.2046
-20.8185
-20.4317
-20.1424
-19.9396
-19.8499
-19.8909
-20.1078
-20.4068
-20.6965
-20.9438
-21.1183
-21.2406
-21.3715
-21.5141
-21.6804
-21.8913
-22.1609
-22.4336
-22.7153
-22.9941
-23.1878
-23.2875
-23.3569
-23.3905
-23.4088
-23.4267
-23.4183
-23.4212
-23.4212
-23.3892
-23.3925
-23.4135
-23.4524
-23.5093
-23.5989
-23.6971
-23.8096
-23.9074
-24.0284
-24.1665
-24.2845
-24.3766
-24.4673
-24.5402
-24.5616
-24.5596
-24.5509
-24.5451
-24.5187
-24.4781
-24.4375
-24.3592
-24.2489
-24.1296
-24.0139
-23.9302
-23.9465
-24.0226
-24.0939
-24.1055
-24.0807
-24.0384
-24.0101
-23.9989
-24.0076
-24.0243
-24.0205
-23.9914
-23.9455
-23.9141
-23.9086
-23.9383
-24.0280
-24.1539
-24.2761
-24.3779
-24.4310
-24.4582
-24.4598
-24.4164
-24.3594
-24.2517
-24.1186
-24.0194
-23.9760
-24.0110
-24.0493
-24.1078
-24.1107
-24.1163
-24.1276
-24.1332
-24.1332
-24.1249
-24.1114
-24.1124
-24.0877
-24.0710
-24.0739
-24.0655
-24.0489
-24.0243
-24.0029
-23.9646
-23.9037
-23.8287
-23.7451
-23.6752
-23.6021
-23.5206
-23.4472
-23.3849
-23.3338
-23.2744
-23.2151
-23.1698
-23.1558
-23.1559
-23.1445
-23.1273
-23.1187
-23.1187
-23.1187
-23.1016
-23.1075
-23.1103
-23.1132
-23.1134
-23.1164
-23.1167
-23.1233
-23.1329
-23.1363
-23.1366
-23.1311
-23.1283
-23.1313
-23.1003
-23.0669
-23.0365
-22.9835
-22.9161
-22.8543
-22.7836
-22.7325
-22.6616
-22.5739
-22.5031
-22.4324
-22.3505
-22.2743
-22.2007
-22.1499
-22.1133
-22.0795
-22.0401
-21.9811
-21.9025
-21.7708
-21.6085
-21.4160
-21.2044
-20.9958
-20.8206
-20.6985
-20.6296
-20.6107
-20.6136
-20.6357
-20.6500
-20.6444
-20.6504
-20.6424
-20.6488
-20.6519
-20.6607
-20.6551
-20.6611
-20.6672
-20.6676
-20.6682
-20.6603
-20.6727
-20.6793
-20.6805
-20.6672
-20.6512
-20.6435
-20.6216
-20.5911
-20.5690
-20.5413
-20.5137
-20.4749
-20.4470
-20.4194
-20.3864
-20.3313
-20.2374
-20.0945
-19.9406
-19.8166
-19.7789
-19.8020
-19.8187
-19.8326
-19.8326
-19.8380
-19.8490
-19.8599
-19.8708
-19.8763
-19.8792
-19.8763
-19.8679
-19.8794
-19.8793
-19.8958
-19.9066
-19.9036
-19.9007
-19.9004
-19.8917
-19.8831
-19.8705
-19.8258
-19.7730
-19.7229
-19.6438
-19.5558
-19.5144
-19.4820
-19.4610
-19.4492
-19.4492
-19.4463
-19.4518
-19.4478
-19.4485
-19.4679
-19.4981
-19.5486
-19.5569
-19.5087
-19.4317
-19.3519
-19.2659
-19.1549
-18.9884
-18.8398
-18.7328
-18.6768
-18.6498
-18.6219
-18.6189
-18.6130
-18.5950
-18.5923
-18.5806
-18.5477
-18.4946
-18.4086
-18.3276
-18.2642
-18.2122
-18.1243
-18.0393
-17.9763
-17.9402
-17.9005
-17.8581
-17.8112
-17.7872
-17.7718
-17.7656
-17.7600
-17.7346
-17.7314
-17.7133
-17.6595
-17.6005
-17.5267
-17.4443
-17.3607
-17.2953
-17.1735
-17.0202
-16.8502
-16.7274
-16.6462
-16.6219
-16.6189
-16.6095
-16.6127
-16.6065
-16.5940
-16.5847
-16.5605
-16.5332
-16.4965
-16.4386
-16.3727
-16.2695
-16.1781
-16.0922
-16.0093
-15.9381
-15.8758
-15.7993
-15.6982
-15.5805
-15.4794
-15.3933
-15.3396
-15.3001
-15.2470
-15.1709
-15.0997
-15.0220
-14.9547
-14.9030
-14.8425
-14.7748
-14.7038
-14.6406
-14.5732
-14.4878
-14.3914
-14.2843
-14.1206
-13.9531
-13.8061
-13.6601
-13.5215
-13.4179
-13.3252
-13.2619
-13.1965
-13.1310
-13.0655
-13.0098
-12.9464
-12.8632
-12.7635
-12.6230
-12.4658
-12.2959
-12.1343
-11.9911
-11.8308
-11.7036
-11.6155
-11.5584
-11.4854
-11.3999
-11.3203
-11.2697
-11.2312
-11.1907
-11.1371
-11.1066
-11.0749
-11.0071
-10.9214
-10.8276
-10.7186
-10.6231
-10.5377
-10.4425
-10.3225
-10.2091
-10.0920
-9.9491
-9.7796
-9.6131
-9.4705
-9.3525
-9.2342
-9.1242
-9.0189
-8.8854
-8.7587
-8.6599
-8.5610
-8.4832
-8.4478
-8.4194
-8.3946
-8.3533
-8.3407
-8.3442
-8.3442
-8.3442
-8.3194
-8.3052
-8.2551
-8.1536
-8.0247
-7.9060
-7.7550
-7.5791
-7.3920
-7.1553
-6.9168
-6.6850
-6.5217
-6.4545
-6.5313
-6.6353
-6.7702
-6.9630
-7.1663
-7.3673
-7.5500
-7.7322
-7.9751
-8.2570
-8.5480
-8.7713
-8.9890
-9.1859
-9.3810
-9.5901
-9.7897
-9.9781
-10.0982
-10.1485
-10.1151
-10.0259
-9.9329
-9.8171
-9.6754
-9.5230
-9.3717
-9.2674
-9.2064
-9.2061
-9.2561
-9.2931
-9.2881
-9.2847
-9.2744
-9.2606
-9.2777
-9.3363
-9.4205
-9.5039
-9.5706
-9.6354
-9.6908
-9.7666
-9.8728
-10.0117
-10.1847
-10.3586
-10.5266
-10.6941
-10.8745
-11.0363
-11.1559
-11.2474
-11.3005
-11.3270
-11.3237
-11.3205
-11.3239
-11.3206
-11.3074
-11.3074
-11.3074
-11.3074
-11.3074
-11.3074
-11.3074
-11.3041
-11.3041
-11.3260
-11.4158
-11.5192
-11.6261
-11.7264
-11.8297
-11.9050
-11.9526
-11.9568
-11.9403
-11.9035
-11.8881
-11.9325
-11.9810
-12.0361
-12.1151
-12.2383
-12.4097
-12.6363
-12.8666
-13.1030
-13.3377
-13.5332
-13.7013
-13.8079
-13.8800
-13.9183
-13.9282
-13.9661
-14.0509
-14.1387
-14.2284
-14.3156
-14.4072
-14.5041
-14.5998
-14.7013
-14.7707
-14.8001
-14.8166
-14.8584
-14.9169
-14.9960
-15.0894
-15.1996
-15.3274
-15.4800
-15.6853
-15.9148
-16.1359
-16.3605
-16.5792
-16.7968
-17.0071
-17.1738
-17.2878
-17.3648
-17.4312
-17.4736
-17.5167
-17.5597
-17.6173
-17.6729
-17.7027
-17.7018
-17.5978
-17.2590
-16.6870
-15.8733
-14.9079
-13.8189
-12.6497
-11.5434
-10.6783
-10.0198
-9.6497
-9.4346
-9.3285
-9.2265
-9.0302
-8.7815
-8.4755
-8.1440
-7.7826
-7.4467
-7.2551
-7.2178
-7.3487
-7.7088
-8.2068
-8.8561
-9.6287
-10.4812
-11.3602
-12.2049
-12.9665
-13.5950
-14.1444
-14.6249
-14.9408
-15.1604
-15.2981
-15.3729
-15.4803
-15.7143
-16.1201
-16.6441
-17.2452
-17.9001
-18.6399
1.5584
