-3.052107942
-2.980334567
-2.893993236
-2.782062242
-2.672306415
-2.559167596
-2.440590233
-2.320325756
-2.224635909
-2.164715301
-2.159604639
-2.181359088
-2.21572698
-2.255792137
-2.309651426
-2.366337127
-2.430961786
-2.501512609
-2.585344681
-2.680391651
-2.771672646
-2.855666175
-2.922155091
-2.97672409
-3.036654107
-3.065921583
-3.067071959
-3.022454612
-2.959338116
-2.896102032
-2.817022265
-2.731687781
-2.677471866
-2.635241213
-2.601034968
-2.593223028
-2.599231082
-2.628460908
-2.677437093
-2.728197263
-2.792958562
-2.847332493
-2.912679033
-2.966459438
-3.026415371
-3.098373573
-3.134493837
-3.145407866
-3.137306772
-3.093384242
-3.016170524
-2.909748955
-2.768832508
-2.653267247
-2.572974478
-2.529845921
-2.520068172
-2.516065371
-2.515314824
-2.500536543
-2.480247004
-2.447714874
-2.429205193
-2.423947023
-2.447666767
-2.47736462
-2.494325681
-2.515517514
-2.523991293
-2.528696586
-2.534401269
-2.530633838
-2.534866637
-2.528873188
-2.528873188
-2.528873188
-2.533105664
-2.573000217
-2.635542328
-2.693399852
-2.788925348
-2.905527765
-3.014283388
-3.075366355
-3.093198944
-3.097399761
-3.097399761
-3.097399761
-3.104429894
-3.117465783
-3.141488972
-3.185932304
-3.245250461
-3.300401962
-3.389383091
-3.490177598
-3.582856723
-3.651997301
-3.678210979
-3.68424133
-3.68424133
-3.68424133
-3.68424133
-3.68424133
-3.685290355
-3.691321295
-3.709416141
-3.740632217
-3.808882571
-3.905537113
-4.019618572
-4.148062643
-4.278951718
-4.39307871
-4.482120619
-4.548690287
-4.565512582
-4.571842411
-4.577088327
-4.577088327
-4.577088327
-4.587579682
-4.60331552
-4.635868056
-4.685042944
-4.741610268
-4.813870104
-4.901311249
-5.004168162
-5.124154815
-5.240600787
-5.345053028
-5.435821603
-5.47654519
-5.47654519
-5.482885734
-5.491124213
-5.502455632
-5.502455632
-5.50966924
-5.517995119
-5.524098825
-5.530202863
-5.540425336
-5.566974374
-5.594637794
-5.617073099
-5.65384569
-5.664305175
-5.68698196
-5.730102503
-5.783444191
-5.832680279
-5.902358619
-5.967939021
-6.027406316
-6.093235671
-6.154315936
-6.195885349
-6.238349431
-6.291697029
-6.345044217
-6.38840969
-6.431093462
-6.471484619
-6.508660929
-6.538819834
-6.575105922
-6.60846322
-6.631390388
-6.646809787
-6.652947817
-6.664300435
-6.670439256
-6.670439256
-6.675653457
-6.6974346
-6.723500568
-6.746648629
-6.778237297
-6.817950596
-6.856510714
-6.903306193
-6.961043285
-7.026689129
-7.056726645
-7.081771795
-7.115296279
-7.13324309
-7.168336893
-7.24655242
-7.340198757
-7.416315203
-7.460852771
-7.495389441
-7.532990167
-7.586188336
-7.634167925
-7.678106789
-7.727232052
-7.78790764
-7.86914824
-7.985321487
-8.106237436
-8.242548713
-8.37071458
-8.508443756
-8.632640514
-8.729629621
-8.805271072
-8.84249565
-8.848700876
-8.848700876
-8.848700876
-8.848700876
-8.848700876
-8.852662821
-8.84421471
-8.841446941
-8.848838374
-8.858466954
-8.866379428
-8.859645538
-8.838274663
-8.824456127
-8.829754898
-8.840051666
-8.847954667
-8.857052647
-8.87644187
-8.909011814
-8.941708075
-8.994310911
-9.054767171
-9.112455002
-9.166185469
-9.219895285
-9.264530883
-9.296620557
-9.318886674
-9.347343714
-9.384398897
-9.413726009
-9.437142912
-9.462952401
-9.502476824
-9.541881158
-9.574961112
-9.590294611
-9.603217872
-9.579676841
-9.562448203
-9.532799146
-9.514971824
-9.522249621
-9.553624266
-9.592362044
-9.64856763
-9.710860758
-9.777299967
-9.800909198
-9.824064998
-9.814181506
-9.766908827
-9.699842066
-9.6599964
-9.625167451
-9.584535922
-9.555129306
-9.537728475
-9.525338255
-9.504451138
-9.484753836
-9.449971591
-9.415195083
-9.356854135
-9.295874135
-9.247266016
-9.224616737
-9.230974351
-9.242340564
-9.261059521
-9.277487843
-9.287674227
-9.285486877
-9.258071943
-9.239176891
-9.217991061
-9.196802478
-9.186812272
-9.202091671
-9.247645864
-9.304460947
-9.365169748
-9.435906566
-9.496498287
-9.536919631
-9.560682856
-9.543367579
-9.503581392
-9.466907071
-9.417469097
-9.344472469
-9.279984397
-9.234032289
-9.217808213
-9.212783168
-9.212783168
-9.212783168
-9.202030155
-9.17276636
-9.12957933
-9.080241904
-9.009697887
-8.946481445
-8.895598659
-8.843590724
-8.803904166
-8.789968491
-8.792233666
-8.791106601
-8.772645794
-8.746396261
-8.71286532
-8.679856511
-8.63178864
-8.585980299
-8.535154233
-8.483219635
-8.436870279
-8.398349327
-8.370993605
-8.331931718
-8.289548809
-8.268867787
-8.25262487
-8.257545307
-8.275303739
-8.299706825
-8.316906385
-8.32910569
-8.339073992
-8.350169979
-8.364567578
-8.370569056
-8.374363977
-8.356972158
-8.347329509
-8.334838341
-8.306714394
-8.265294173
-8.205028983
-8.133625696
-8.057185186
-7.987539485
-7.911949888
-7.86914875
-7.850801773
-7.824225973
-7.81983492
-7.81983492
-7.813742076
-7.813742076
-7.807649553
-7.801557353
-7.783282682
-7.752831337
-7.722388043
-7.679780958
-7.631106475
-7.582452617
-7.539897414
-7.485206796
-7.424470084
-7.364817441
-7.295159363
-7.21549858
-7.153004609
-7.077436134
-7.022943705
-6.98766673
-6.957413374
-6.933216029
-6.921119703
-6.909024402
-6.896930396
-6.874870957
-6.858858919
-6.836802321
-6.812944336
-6.763879494
-6.685706361
-6.60932805
-6.510965781
-6.400857099
-6.274805766
-6.132825792
-5.986955428
-5.847143353
-5.727305785
-5.633441699
-5.567479875
-5.513541036
-5.459628429
-5.375867751
-5.282215497
-5.186565135
-5.094915157
-5.011243671
-4.930602885
-4.845066451
-4.755496727
-4.697744862
-4.633079522
-4.562511374
-4.48199188
-4.388493822
-4.286170331
-4.163934032
-4.021742575
-3.884540166
-3.727719986
-3.548239399
-3.373843425
-3.214532224
-3.045365098
-2.879057287
-2.714633022
-2.577834529
-2.436066637
-2.29342586
-2.158459458
-2.057536182
-1.982449448
-1.937301897
-1.913859874
-1.890423233
-1.848560721
-1.821025866
-1.783526035
-1.726112268
-1.654590255
-1.589609761
-1.535484255
-1.487211958
-1.429823391
-1.392379475
-1.358227687
-1.306690228
-1.243499132
-1.179461836
-1.117122273
-1.048958119
-0.980800402
-0.914329523
-0.852846267
-0.805497051
-0.763132011
-0.701637129
-0.616075137
-0.523023628
-0.409215681
-0.2746548
-0.116925634
0.056537169
0.238353442
0.420145314
0.58457779
0.748638704
0.906864767
1.051991167
1.160630124
1.213599998
1.24010391
1.254660971
1.262698837
1.274976056
1.279975371
1.280734794
1.282253749
1.292252175
1.303769403
1.324527222
1.346044944
1.362562859
1.38408186
1.405601669
1.427122275
1.457892031
1.497917711
1.54446701
1.603031531
1.666632596
1.731730155
1.787571996
1.824156905
1.854985118
1.889261153
1.914257429
1.969934602
2.030631734
2.084179728
2.144972174
2.202304864
2.263970181
2.319937718
2.378064996
2.444054413
2.540011389
2.660972528
2.776269815
2.874338098
2.931716568
2.978433994
3.020123906
3.067502287
3.119082962
3.164213556
3.216377755
3.262155282
3.31864642
3.369462585
3.400258557
3.427478379
3.453997926
3.484160475
3.514955799
3.536368855
3.552741324
3.573456355
3.594170735
3.630625845
3.648373681
3.665562368
3.685716469
3.717261203
3.75950246
3.78607654
3.808298536
3.831893611
3.850446663
3.872663663
3.903587279
3.936568117
3.981933078
4.029354897
4.086863604
4.144377124
4.201216909
4.2530189
4.298428855
4.330732075
4.356639122
4.371779575
4.382547472
4.387594575
4.392641783
4.402736517
4.414177556
4.439415894
4.474753955
4.505718259
4.545445319
4.592236644
4.653519337
4.717871897
4.770913289
4.839051211
4.91162498
4.979181137
5.022771309
5.052494395
5.077812161
5.097415127
5.103237894
5.103449865
5.10862099
5.124468496
5.139771198
5.165207206
5.191949262
5.212545509
5.233911033
5.254097686
5.286155723
5.337084289
5.387260432
5.419749264
5.434030801
5.453916164
5.435649614
5.395650052
5.366986115
5.356420716
5.351204448
5.367082818
5.376580339
5.370980852
5.360434309
5.355487749
5.344286539
5.311330096
5.270311187
5.244920619
5.206997257
5.158507161
5.110666761
5.080988388
5.045033765
5.00480469
4.953347912
4.930793073
4.899395685
4.889259741
4.894091988
4.911328455
4.933516043
4.930708577
4.898483437
4.851276937
4.797219883
4.749606062
4.733464749
4.746212751
4.775326943
4.803084892
4.841432236
4.857812249
4.858528689
4.829100076
4.74956338
4.64302944
4.515961853
4.388127046
4.288600937
4.236179774
4.183117412
4.162426306
4.147593628
4.142649724
4.142649724
4.136984655
4.136984655
4.131319234
4.10937658
4.089601071
4.064160354
4.026656056
3.983473419
3.933875181
3.896343735
3.858070989
3.825467928
3.794333487
3.768880415
3.747817199
3.73663761
3.726753156
3.716127532
3.716127532
3.720515108
3.720702423
3.720148159
3.729300569
3.743586833
3.759872313
3.769522645
3.757724808
3.705730847
3.600830631
3.446344218
3.282538179
3.135177828
3.000502895
2.885558834
2.797666041
2.737656111
2.72121433
2.703978525
2.698232557
2.675245184
2.635003806
2.577486376
2.508419542
2.422014547
2.30091572
2.157959836
2.016675253
1.873347387
1.726375275
1.591290652
1.466845313
1.333895122
1.208940585
1.091421849
1.003872977
0.94871937
0.921887042
0.901524394
0.901524394
0.901524394
0.897185406
0.897185406
0.897185406
0.897185406
0.892846833
0.892846833
0.879833594
0.865318682
0.842767323
0.820420224
0.810000885
0.783805425
0.751764638
0.751764638
0.751764638
0.751764638
0.751764638
0.74007387
0.710840875
0.675749829
0.626136767
0.54443941
0.445136077
0.306021034
0.184306704
0.043251003
-0.094443672
-0.258182437
-0.40943704
-0.536050706
-0.643033682
-0.756057159
-0.865684264
-0.963594473
-1.044672745
-1.100582339
-1.159817927
-1.202390239
-1.256882186
-1.354050627
-1.499237511
-1.660178691
-1.835899805
-2.037234194
-2.244810606
-2.468292932
-2.68087993
-2.867289977
-2.985923834
-3.024679297
-3.033797459
-3.036885307
-3.048064094
-3.044856692
-3.037410822
-3.020327525
-2.984056186
-2.894554883
-2.76658232
-2.596217667
-2.364192665
-2.055150418
-1.680059916
-1.213244288
-0.636389333
0.038088292
-2.949112829
