-5.479702
-5.608473
-5.737234
-5.865975
-5.994686
-6.123357
-6.251978
-6.380540
-6.509032
-6.637444
-6.765766
-6.893989
-7.022102
-7.150096
-7.277961
-7.405686
-7.533262
-7.660679
-7.787928
-7.914997
-8.041878
-8.168560
-8.295035
-8.421291
-8.547319
-8.673110
-8.798654
-8.923940
-9.048960
-9.173703
-9.298161
-9.422322
-9.546179
-9.669720
-9.792937
-9.915820
-10.038360
-10.160546
-10.282370
-10.403822
-10.524893
-10.645573
-10.765853
-10.885723
-11.005175
-11.124199
-11.242786
-11.360927
-11.478612
-11.595833
-11.712580
-11.828844
-11.944617
-12.059889
-12.174651
-12.288895
-12.402612
-12.515793
-12.628428
-12.740511
-12.852030
-12.962979
-13.073349
-13.183130
-13.292315
-13.400895
-13.508862
-13.616206
-13.722921
-13.828997
-13.934427
-14.039202
-14.143314
-14.246755
-14.349517
-14.451593
-14.552973
-14.653651
-14.753619
-14.852868
-14.951392
-15.049182
-15.146231
-15.242532
-15.338076
-15.432857
-15.526867
-15.620099
-15.712546
-15.804201
-15.895056
-15.985104
-16.074339
-16.162753
-16.250341
-16.337094
-16.423006
-16.508071
-16.592282
-16.675632
-16.758115
-16.839725
-16.920455
-17.000299
-17.079251
-17.157305
-17.234454
-17.310694
-17.386017
-17.460417
-17.533891
-17.606430
-17.678031
-17.748687
-17.818393
-17.887143
-17.954933
-18.021756
-18.087608
-18.152484
-18.216379
-18.279287
-18.341204
-18.402125
-18.462045
-18.520960
-18.578865
-18.635756
-18.691628
-18.746476
-18.800298
-18.853088
-18.904842
-18.955556
-19.005227
-19.053851
-19.101423
-19.147941
-19.193400
-19.237797
-19.281129
-19.323392
-19.364582
-19.404698
-19.443735
-19.481691
-19.518563
-19.554347
-19.589042
-19.622644
-19.655150
-19.686559
-19.716868
-19.746074
-19.774176
-19.801170
-19.827055
-19.851830
-19.875491
-19.898038
-19.919468
-19.939780
-19.958972
-19.977043
-19.993991
-20.009815
-20.024514
-20.038086
-20.050532
-20.061849
-20.072036
-20.081094
-20.089021
-20.095816
-20.101480
-20.106011
-20.109410
-20.111676
-20.112808
-20.112808
-20.111674
-20.109408
-20.106008
-20.101476
-20.095811
-20.089015
-20.081087
-20.072028
-20.061840
-20.050522
-20.038076
-20.024502
-20.009802
-19.993977
-19.977028
-19.958956
-19.939763
-19.919450
-19.898019
-19.875472
-19.851810
-19.827034
-19.801148
-19.774153
-19.746050
-19.716843
-19.686533
-19.655124
-19.622616
-19.589013
-19.554318
-19.518532
-19.481660
-19.443703
-19.404665
-19.364548
-19.323357
-19.281093
-19.237760
-19.193362
-19.147902
-19.101384
-19.053811
-19.005186
-18.955514
-18.904799
-18.853044
-18.800253
-18.746431
-18.691582
-18.635709
-18.578817
-18.520911
-18.461996
-18.402075
-18.341153
-18.279235
-18.216326
-18.152431
-18.087554
-18.021701
-17.954877
-17.887086
-17.818335
-17.748628
-17.677972
-17.606370
-17.533830
-17.460356
-17.385954
-17.310630
-17.234390
-17.157240
-17.079186
-17.000233
-16.920388
-16.839657
-16.758047
-16.675563
-16.592212
-16.508000
-16.422935
-16.337022
-16.250268
-16.162680
-16.074265
-15.985029
-15.894980
-15.804125
-15.712469
-15.620022
-15.526789
-15.432778
-15.337997
-15.242451
-15.146150
-15.049101
-14.951310
-14.852786
-14.753536
-14.653568
-14.552889
-14.451508
-14.349432
-14.246669
-14.143227
-14.039115
-13.934339
-13.828909
-13.722832
-13.616117
-13.508772
-13.400805
-13.292224
-13.183039
-13.073257
-12.962887
-12.851938
-12.740417
-12.628335
-12.515698
-12.402517
-12.288800
-12.174556
-12.059793
-11.944520
-11.828747
-11.712482
-11.595735
-11.478514
-11.360828
-11.242687
-11.124100
-11.005076
-10.885623
-10.765752
-10.645472
-10.524792
-10.403721
-10.282268
-10.160444
-10.038257
-9.915718
-9.792834
-9.669617
-9.546076
-9.422219
-9.298057
-9.173599
-9.048856
-8.923836
-8.798549
-8.673005
-8.547214
-8.421185
-8.294929
-8.168455
-8.041772
-7.914891
-7.787821
-7.660573
-7.533156
-7.405580
-7.277854
-7.149990
-7.021996
-6.893882
-6.765659
-6.637337
-6.508924
-6.380433
-6.251871
-6.123250
-5.994578
-5.865867
-5.737126
-5.608365
-5.479594
-5.350823
-5.222062
-5.093321
-4.964610
-4.835939
-4.707318
-4.578756
-4.450265
-4.321853
-4.193530
-4.065308
-3.937194
-3.809201
-3.681336
-3.553611
-3.426035
-3.298618
-3.171370
-3.044301
-2.917420
-2.790738
-2.664264
-2.538008
-2.411979
-2.286189
-2.160645
-2.035359
-1.910339
-1.785596
-1.661139
-1.536978
-1.413122
-1.289580
-1.166364
-1.043481
-0.920942
-0.798756
-0.676932
-0.555480
-0.434410
-0.313730
-0.193451
-0.073581
0.045871
0.164895
0.283481
0.401622
0.519306
0.636527
0.753273
0.869537
0.985310
1.100581
1.215343
1.329587
1.443303
1.556483
1.669119
1.781200
1.892720
2.003668
2.114037
2.223818
2.333003
2.441582
2.549548
2.656892
2.763606
2.869682
2.975111
3.079885
3.183997
3.287438
3.390199
3.492274
3.593654
3.694332
3.794299
3.893547
3.992070
4.089860
4.186908
4.283208
4.378752
4.473532
4.567542
4.660773
4.753220
4.844873
4.935728
5.025775
5.115010
5.203423
5.291010
5.377762
5.463674
5.548738
5.632948
5.716297
5.798780
5.880389
5.961118
6.040962
6.119913
6.197966
6.275115
6.351353
6.426675
6.501076
6.574548
6.647087
6.718687
6.789342
6.859047
6.927797
6.995585
7.062408
7.128259
7.193134
7.257028
7.319935
7.381852
7.442772
7.502691
7.561605
7.619510
7.676399
7.732270
7.787118
7.840939
7.893728
7.945481
7.996195
8.045865
8.094487
8.142059
8.188576
8.234034
8.278430
8.321761
8.364023
8.405213
8.445327
8.484364
8.522319
8.559189
8.594973
8.629667
8.663268
8.695773
8.727181
8.757489
8.786694
8.814795
8.841788
8.867673
8.892446
8.916107
8.938653
8.960082
8.980393
8.999584
9.017654
9.034601
9.050424
9.065122
9.078694
9.091138
9.102454
9.112641
9.121697
9.129623
9.136418
9.142081
9.146611
9.150009
9.152274
9.153405
9.153404
9.152269
9.150002
9.146601
9.142068
9.136402
9.129605
9.121676
9.112617
9.102427
9.091108
9.078661
9.065087
9.050386
9.034560
9.017610
8.999537
8.980343
8.960029
8.938598
8.916049
8.892386
8.867610
8.841722
8.814726
8.786623
8.757415
8.727104
8.695693
8.663185
8.629581
8.594885
8.559098
8.522225
8.484267
8.445228
8.405111
8.363918
8.321654
8.278320
8.233921
8.188460
8.141941
8.094367
8.045742
7.996069
7.945353
7.893597
7.840805
7.786982
7.732132
7.676258
7.619366
7.561459
7.502542
7.442620
7.381698
7.319779
7.256869
7.192973
7.128096
7.062242
6.995417
6.927626
6.858874
6.789166
6.718509
6.646906
6.574365
6.500890
6.426488
6.351163
6.274923
6.197772
6.119716
6.040763
5.960917
5.880186
5.798574
5.716090
5.632738
5.548526
5.463460
5.377546
5.290791
5.203203
5.114787
5.025551
4.935501
4.844645
4.752989
4.660541
4.567307
4.473296
4.378513
4.282968
4.186666
4.089616
3.991825
3.893300
3.794049
3.694080
3.593401
3.492019
3.389943
3.287179
3.183737
3.079624
2.974848
2.869417
2.763340
2.656624
2.549278
2.441311
2.332730
2.223544
2.113762
2.003391
1.892441
1.780920
1.668837
1.556201
1.443019
1.329301
1.215056
1.100293
0.985020
0.869247
0.752982
0.636234
0.519012
0.401326
0.283185
0.164597
0.045572
-0.073880
-0.193752
-0.314032
-0.434713
-0.555784
-0.677237
-0.799061
-0.921248
-1.043788
-1.166672
-1.289889
-1.413431
-1.537288
-1.661450
-1.785908
-1.910652
-2.035672
-2.160959
-2.286503
-2.412295
-2.538323
-2.664580
-2.791055
-2.917737
-3.044619
-3.171688
-3.298937
-3.426354
-3.553931
-3.681656
-3.809521
-3.937515
-4.065629
-4.193852
-4.322174
-4.450586
-4.579078
-4.707640
-4.836261
-4.964933
-5.093644
-5.222385
-5.351146
-5.479917
-5.608688
-5.737449
-5.866190
-5.994901
-6.123572
-6.252193
-6.380755
-6.509246
-6.637658
-6.765980
-6.894203
-7.022316
-7.150310
-7.278174
-7.405899
-7.533475
-7.660892
-7.788140
-7.915209
-8.042090
-8.168772
-8.295246
-8.421501
-8.547529
-8.673320
-8.798863
-8.924149
-9.049168
-9.173911
-9.298368
-9.422529
-9.546385
-9.669926
-9.793143
-9.916025
-10.038564
-10.160750
-10.282573
-10.404024
-10.525094
-10.645774
-10.766053
-10.885923
-11.005374
-11.124397
-11.242984
-11.361124
-11.478808
-11.596028
-11.712774
-11.829038
-11.944810
-12.060081
-12.174842
-12.289086
-12.402801
-12.515981
-12.628616
-12.740697
-12.852216
-12.963164
-13.073533
-13.183313
-13.292497
-13.401076
-13.509041
-13.616385
-13.723099
-13.829174
-13.934602
-14.039376
-14.143487
-14.246927
-14.349688
-14.451763
-14.553142
-14.653819
-14.753785
-14.853034
-14.951556
-15.049345
-15.146393
-15.242692
-15.338235
-15.433015
-15.527024
-15.620254
-15.712700
-15.804353
-15.895207
-15.985254
-16.074487
-16.162900
-16.250486
-16.337238
-16.423149
-16.508212
-16.592421
-16.675770
-16.758252
-16.839860
-16.920589
-17.000432
-17.079382
-17.157434
-17.234582
-17.310820
-17.386141
-17.460541
-17.534013
-17.606551
-17.678150
-17.748804
-17.818508
-17.887257
-17.955045
-18.021867
-18.087718
-18.152592
-18.216485
-18.279391
-18.341307
-18.402226
-18.462144
-18.521058
-18.578961
-18.635850
-18.691720
-18.746567
-18.800387
-18.853175
-18.904927
-18.955640
-19.005309
-19.053931
-19.101502
-19.148018
-19.193475
-19.237870
-19.281200
-19.323461
-19.364650
-19.404764
-19.443800
-19.481754
-19.518623
-19.554406
-19.589099
-19.622699
-19.655204
-19.686611
-19.716918
-19.746122
-19.774222
-19.801214
-19.827098
-19.851870
-19.875530
-19.898075
-19.919503
-19.939813
-19.959003
-19.977072
-19.994018
-20.009840
-20.024537
-20.038108
-20.050552
-20.061867
-20.072052
-20.081108
-20.089033
-20.095827
-20.101488
-20.106018
-20.109415
-20.111679
-20.112809
-20.112807
-20.111672
-20.109403
-20.106001
-20.101467
-20.095801
-20.089002
-20.081073
-20.072012
-20.061822
-20.050502
-20.038054
-20.024478
-20.009777
-19.993950
-19.976999
-19.958925
-19.939730
-19.919416
-19.897983
-19.875433
-19.851769
-19.826992
-19.801104
-19.774107
-19.746002
-19.716793
-19.686482
-19.655070
-19.622561
-19.588956
-19.554259
-19.518472
-19.481597
-19.443639
-19.404599
-19.364481
-19.323287
-19.281021
-19.237687
-19.193287
-19.147826
-19.101305
-19.053730
-19.005104
-18.955431
-18.904713
-18.852957
-18.800164
-18.746340
-18.691489
-18.635615
-18.578721
-18.520814
-18.461896
-18.401974
-18.341050
-18.279131
-18.216220
-18.152323
-18.087445
-18.021590
-17.954764
-17.886972
-17.818219
-17.748511
-17.677853
-17.606250
-17.533708
-17.460232
-17.385829
-17.310504
-17.234262
-17.157111
-17.079055
-17.000100
-16.920254
-16.839522
-16.757910
-16.675424
-16.592072
-16.507859
-16.422792
-16.336877
-16.250122
-16.162533
-16.074117
-15.984880
-15.894829
-15.803972
-15.712316
-15.619867
-15.526633
-15.432621
-15.337838
-15.242291
-15.145989
-15.048938
-14.951146
-14.852621
-14.753370
-14.653400
-14.552720
-14.451338
-14.349261
-14.246497
-14.143054
-14.038940
-13.934164
-13.828732
-13.722654
-13.615938
-13.508592
-13.400624
-13.292043
-13.182856
-13.073073
-12.962702
-12.851752
-12.740231
-12.628147
-12.515510
-12.402328
-12.288610
-12.174365
-12.059601
-11.944327
-11.828553
-11.712288
-11.595540
-11.478318
-11.360631
-11.242490
-11.123902
-11.004876
-10.885423
-10.765552
-10.645271
-10.524590
-10.403518
-10.282065
-10.160240
-10.038053
-9.915513
-9.792629
-9.669411
-9.545869
-9.422012
-9.297849
-9.173391
-9.048647
-8.923627
-8.798339
-8.672795
-8.547004
-8.420975
-8.294718
-8.168243
-8.041560
-7.914679
-7.787609
-7.660360
-7.532943
-7.405366
-7.277641
-7.149776
-7.021782
-6.893668
-6.765445
-6.637122
-6.508710
-6.380218
-6.251656
-6.123035
-5.994363
-5.865652
-5.736911
-5.608150
-5.479379
-5.350608
-5.221847
-5.093107
-4.964396
