1.403700
1.403249
1.401895
1.399640
1.396482
1.392424
1.387464
1.381603
1.374843
1.367185
1.358628
1.349174
1.338824
1.327580
1.315442
1.302413
1.288493
1.273685
1.257990
1.241409
1.223946
1.205602
1.186379
1.166279
1.145305
1.123460
1.100746
1.077165
1.052721
1.027416
1.001253
0.974236
0.946368
0.917652
0.888091
0.857689
0.826449
0.794376
0.761473
0.727744
0.693193
0.657824
0.621641
0.584649
0.546851
0.508254
0.468860
0.428675
0.387704
0.345950
0.303421
0.260119
0.216052
0.171223
0.125638
0.079302
0.032222
-0.015598
-0.064151
-0.113433
-0.163436
-0.214156
-0.265586
-0.317719
-0.370551
-0.424074
-0.478282
-0.533169
-0.588728
-0.644953
-0.701837
-0.759373
-0.817554
-0.876374
-0.935825
-0.995900
-1.056593
-1.117896
-1.179801
-1.242302
-1.305391
-1.369060
-1.433302
-1.498110
-1.563475
-1.629390
-1.695847
-1.762838
-1.830355
-1.898390
-1.966935
-2.035982
-2.105522
-2.175548
-2.246052
-2.317023
-2.388455
-2.460339
-2.532667
-2.605428
-2.678616
-2.752221
-2.826235
-2.900648
-2.975453
-3.050639
-3.126199
-3.202123
-3.278401
-3.355026
-3.431988
-3.509278
-3.586886
-3.664804
-3.743021
-3.821530
-3.900320
-3.979383
-4.058708
-4.138286
-4.218109
-4.298165
-4.378447
-4.458944
-4.539647
-4.620546
-4.701631
-4.782894
-4.864324
-4.945911
-5.027647
-5.109521
-5.191523
-5.273644
-5.355874
-5.438203
-5.520622
-5.603120
-5.685688
-5.768316
-5.850995
-5.933713
-6.016463
-6.099233
-6.182014
-6.264796
-6.347570
-6.430325
-6.513051
-6.595739
-6.678379
-6.760961
-6.843476
-6.925913
-7.008262
-7.090515
-7.172661
-7.254690
-7.336593
-7.418359
-7.499980
-7.581445
-7.662745
-7.743871
-7.824812
-7.905558
-7.986101
-8.066431
-8.146538
-8.226413
-8.306045
-8.385427
-8.464548
-8.543399
-8.621970
-8.700252
-8.778237
-8.855914
-8.933274
-9.010308
-9.087008
-9.163364
-9.239366
-9.315006
-9.390275
-9.465164
-9.539665
-9.613767
-9.687462
-9.760742
-9.833599
-9.906022
-9.978004
-10.049536
-10.120609
-10.191216
-10.261348
-10.330995
-10.400152
-10.468807
-10.536955
-10.604587
-10.671694
-10.738268
-10.804303
-10.869789
-10.934720
-10.999087
-11.062882
-11.126099
-11.188730
-11.250767
-11.312202
-11.373030
-11.433241
-11.492830
-11.551789
-11.610111
-11.667789
-11.724817
-11.781187
-11.836892
-11.891928
-11.946285
-11.999959
-12.052943
-12.105231
-12.156816
-12.207692
-12.257853
-12.307293
-12.356007
-12.403988
-12.451231
-12.497731
-12.543481
-12.588476
-12.632712
-12.676182
-12.718881
-12.760805
-12.801949
-12.842307
-12.881874
-12.920647
-12.958621
-12.995790
-13.032151
-13.067699
-13.102430
-13.136340
-13.169424
-13.201680
-13.233103
-13.263689
-13.293435
-13.322337
-13.350392
-13.377596
-13.403946
-13.429440
-13.454073
-13.477843
-13.500748
-13.522785
-13.543950
-13.564242
-13.583657
-13.602195
-13.619851
-13.636626
-13.652515
-13.667519
-13.681634
-13.694859
-13.707192
-13.718633
-13.729179
-13.738829
-13.747583
-13.755439
-13.762397
-13.768454
-13.773612
-13.777869
-13.781224
-13.783678
-13.785229
-13.785878
-13.785625
-13.784470
-13.782412
-13.779453
-13.775592
-13.770830
-13.765167
-13.758604
-13.751143
-13.742783
-13.733526
-13.723373
-13.712325
-13.700383
-13.687549
-13.673825
-13.659211
-13.643711
-13.627325
-13.610055
-13.591904
-13.572873
-13.552966
-13.532184
-13.510530
-13.488006
-13.464615
-13.440360
-13.415244
-13.389269
-13.362440
-13.334758
-13.306227
-13.276852
-13.246634
-13.215578
-13.183688
-13.150966
-13.117418
-13.083047
-13.047857
-13.011853
-12.975038
-12.937417
-12.898995
-12.859775
-12.819763
-12.778964
-12.737382
-12.695023
-12.651890
-12.607990
-12.563328
-12.517909
-12.471737
-12.424820
-12.377162
-12.328769
-12.279647
-12.229802
-12.179239
-12.127964
-12.075985
-12.023306
-11.969934
-11.915875
-11.861137
-11.805725
-11.749645
-11.692906
-11.635512
-11.577472
-11.518792
-11.459479
-11.399540
-11.338982
-11.277813
-11.216039
-11.153668
-11.090708
-11.027165
-10.963048
-10.898364
-10.833121
-10.767326
-10.700987
-10.634113
-10.566711
-10.498789
-10.430355
-10.361417
-10.291984
-10.222064
-10.151665
-10.080795
-10.009464
-9.937678
-9.865448
-9.792780
-9.719685
-9.646171
-9.572246
-9.497920
-9.423200
-9.348097
-9.272619
-9.196774
-9.120573
-9.044023
-8.967134
-8.889916
-8.812377
-8.734526
-8.656373
-8.577928
-8.499199
-8.420195
-8.340927
-8.261403
-8.181634
-8.101628
-8.021394
-7.940944
-7.860285
-7.779429
-7.698383
-7.617159
-7.535765
-7.454211
-7.372507
-7.290663
-7.208688
-7.126592
-7.044385
-6.962077
-6.879677
-6.797196
-6.714642
-6.632026
-6.549358
-6.466647
-6.383904
-6.301137
-6.218358
-6.135575
-6.052799
-5.970039
-5.887305
-5.804608
-5.721957
-5.639361
-5.556831
-5.474376
-5.392006
-5.309731
-5.227561
-5.145506
-5.063575
-4.981777
-4.900124
-4.818623
-4.737286
-4.656122
-4.575139
-4.494349
-4.413761
-4.333383
-4.253227
-4.173300
-4.093614
-4.014176
-3.934997
-3.856086
-3.777453
-3.699106
-3.621056
-3.543310
-3.465880
-3.388773
-3.311999
-3.235567
-3.159486
-3.083766
-3.008415
-2.933441
-2.858855
-2.784665
-2.710879
-2.637507
-2.564557
-2.492038
-2.419959
-2.348327
-2.277152
-2.206442
-2.136206
-2.066451
-1.997186
-1.928420
-1.860160
-1.792414
-1.725192
-1.658499
-1.592346
-1.526738
-1.461685
-1.397194
-1.333272
-1.269927
-1.207167
-1.145000
-1.083431
-1.022470
-0.962123
-0.902397
-0.843299
-0.784836
-0.727016
-0.669845
-0.613331
-0.557478
-0.502295
-0.447788
-0.393964
-0.340828
-0.288387
-0.236647
-0.185615
-0.135297
-0.085697
-0.036824
0.011319
0.058725
0.105388
0.151303
0.196464
0.240867
0.284505
0.327374
0.369469
0.410784
0.451315
0.491057
0.530005
0.568154
0.605500
0.642039
