44.5947847
44.59453163
44.60422366
44.60974654
44.60736613
44.5975487
44.60669749
44.59982403
44.56682587
44.53899561
44.4995636
44.41474677
44.32595242
44.20385364
44.089122
43.98329488
43.91336976
43.86072467
43.78735923
43.72239253
43.67878351
43.67188328
43.65871733
43.66776983
43.65366084
43.66434775
43.65606697
43.65006922
43.66611115
43.6673553
43.67347624
43.6645232
43.66432078
43.6661451
43.66832157
43.66367835
43.66211544
43.64984012
43.64994331
43.62609605
43.60431725
43.60277302
43.58023679
43.53226838
43.48347945
43.43706862
43.38994977
43.36260989
43.34289668
43.3167269
43.30621332
43.28175851
43.26542877
43.2474522
43.22882132
43.19345199
43.16374441
43.15253667
43.13385974
43.10147743
43.07723928
43.0644565
43.05314966
43.06819437
43.09448927
43.13263434
43.16526248
43.21149972
43.26460522
43.32811717
43.38702524
43.44895277
43.51913538
43.61083962
43.69856659
43.78125726
43.87589351
43.991233
44.11379944
44.23927719
44.33796442
44.40816752
44.46303308
44.49796802
44.49024825
44.46974956
44.45081934
44.41900959
44.37925649
44.33474628
44.29708212
44.27566751
44.23631505
44.22340875
44.21014784
44.19924079
44.17349137
44.14020819
44.1145477
44.08500888
44.03690627
44.00308797
43.97420473
43.94686475
43.9331032
43.93750531
43.93664216
43.9471833
43.97268155
43.98693342
44.00664246
44.03899764
44.0688526
44.07176869
44.07518113
44.06256131
44.04075144
44.00549529
43.96520909
43.92526779
43.86808309
43.79492603
43.73379345
43.68980583
43.64373782
43.61988697
43.59318237
43.56743734
43.57086354
43.57626663
43.56048923
43.57494076
43.55787123
43.54149351
43.51258906
43.47546451
43.42439999
43.3701226
43.31707267
43.26919644
43.25138938
43.25348247
43.25554224
43.26446347
43.29514621
43.3388971
43.38354498
43.4112486
43.42752701
43.42285206
43.42587935
43.42792922
43.42864051
43.41246197
43.41151675
43.42727052
43.45907462
43.50666199
43.57524851
43.65586908
43.74845828
43.84850241
43.96202784
44.06564686
44.17827286
44.31023851
44.45164294
44.60369187
44.72811958
44.85495696
44.97300236
45.06790879
45.16429172
45.25506834
45.33913039
45.39530909
45.46557432
45.50697794
45.55532006
45.58994758
45.63495058
45.65728648
45.67816394
45.70778057
45.72593849
45.7392665
45.76367424
45.80295997
45.85055972
45.88700018
45.90988947
45.93226435
45.95359015
46.01187251
46.07473752
46.13532309
46.21217316
46.28694568
46.34551255
46.40834591
46.47721043
46.54615457
46.60412722
46.65008699
46.69701339
46.73122042
46.77953297
46.82034408
46.85250834
46.88683229
46.92829752
46.95932166
46.98875939
47.02234763
47.05497059
47.07337132
47.09012652
47.10388423
47.10403635
47.09939891
47.11304734
47.12757773
47.13780539
47.15132212
47.18108049
47.21563213
47.2587433
47.31052056
47.34835605
47.39075875
47.4243243
47.44612879
47.4649786
47.48622511
47.51931643
47.54298082
47.57374665
47.60108059
47.64175702
47.67659627
47.71542549
47.77686875
47.81006148
47.82919666
47.84147685
47.84928746
47.85307055
47.86944535
47.88315722
47.89601602
47.92030372
47.9472515
47.96341812
47.98205101
48.0069093
48.0166132
48.02125268
48.01737881
48.03159385
48.02752763
48.03041721
48.03929019
48.05278165
48.04593887
48.05645161
48.08501623
48.11689787
48.1483368
48.19008143
48.25512668
48.30997815
48.35759799
48.35788902
48.32078814
48.27701271
48.21790996
48.16615762
48.12725264
48.0613576
48.0008432
47.95398378
47.91476263
47.89341753
47.89053203
47.89050367
47.89553153
47.87240794
47.85221159
47.81749678
47.76612443
47.7041159
47.64579435
47.57614615
47.53470084
47.51124632
47.46529831
47.43380473
47.378644
47.31198449
47.26795111
47.23459366
47.1828223
47.14682989
47.13031658
47.09239743
47.03328856
46.98099376
46.92593753
46.84268173
46.76521522
46.69363786
46.59845395
46.50185613
46.41939691
46.34014445
46.25343217
46.15193493
46.06065449
45.98954174
45.92086251
45.86590258
45.83366635
45.80934113
45.78999652
45.77711683
45.75427318
45.72645484
45.68448771
45.6228501
45.54842177
45.473368
45.36737001
45.25493993
45.16709591
45.05448419
44.91251683
44.77068006
44.64048108
44.54232028
44.47615961
44.41776685
44.34290103
44.27848083
44.22511118
44.20619573
44.17445057
44.18012121
44.18286183
44.19863267
44.20581684
44.2289798
44.22807
44.23833762
44.24757926
44.25220174
44.24042463
44.20960627
44.14551426
44.07515281
43.96548321
43.82323248
43.66201746
43.46877962
43.18818815
42.84012029
42.44295914
41.98043177
41.51826545
41.06956226
40.63983704
40.28554315
39.97841042
39.72265013
39.48765422
39.29303808
39.14174673
39.03450798
38.98528909
39.00892718
39.07250038
39.23693412
39.44879116
39.67395738
39.95186416
40.26155577
40.58657854
40.96267069
41.33322812
41.70758346
42.09004504
42.42974033
42.69296559
42.92672453
43.15322791
43.34732186
43.49155718
43.64831279
43.77246074
43.87195761
43.96336438
44.02100065
44.10119875
44.17843302
44.20799676
44.21859443
44.21200871
44.17448573
44.10464933
44.05270384
43.98444181
43.92125853
43.85818347
43.78185333
43.71835055
43.65163503
43.59832298
43.56933916
43.55478715
43.52380217
43.47647422
43.41171616
43.35203247
43.31644689
43.28539429
43.27215733
43.25353625
43.19624412
43.13804985
43.10536022
43.09801523
43.10868916
43.13206821
43.15673847
43.21053872
43.26658289
43.33444369
43.38159593
43.40692658
43.41903762
43.43345913
43.44269434
43.46141259
43.49119038
43.52951531
43.55385195
43.57609101
43.58238156
43.54582612
43.5106646
43.46415895
43.44569601
43.41730409
43.39384476
43.41339516
43.45683637
43.50500626
43.56139673
43.63357199
43.67612866
43.72751844
43.76047778
43.80103016
43.84425284
43.88160394
43.91203537
43.93747312
43.97220362
44.01298426
44.06249476
44.12502222
44.20861433
44.30765493
44.41163334
44.52604841
44.63828097
44.75332295
44.83644914
44.90864155
44.96477585
44.98116203
44.99885772
44.99885772
44.99059395
45.00821726
45.02065362
45.02458649
45.06238195
45.10572726
45.14475579
45.17874707
45.23107303
45.29507481
45.35028564
45.40249708
45.45971531
45.48996047
45.51226923
45.52565238
45.56968531
45.62987754
45.70021368
45.77854793
45.87111256
45.97605494
46.05652321
46.1730983
46.29324095
46.39311529
46.49381349
46.6043465
46.69020641
46.77467991
46.84269244
46.90974924
46.97228423
47.04113306
47.09049381
47.12620209
47.15924415
47.20052472
47.2317984
47.28009696
47.33799539
47.39500558
47.45165983
47.50355767
47.54348621
47.57116763
47.58456502
47.59174837
47.60108402
47.62318986
47.63278648
47.65564472
47.66905854
47.69129786
47.70184498
47.74551672
47.79037093
47.84211916
47.8990927
47.94439299
47.99671075
48.0462328
48.07968797
48.09785967
48.10800766
48.12088123
48.12235669
48.11008991
48.09647881
48.09621268
48.09272877
48.09530216
48.08808773
48.10797204
48.13994571
48.17850564
48.20797368
48.22580869
48.24594719
48.25253365
48.25425751
48.23967735
48.24648429
48.27008486
48.29785572
48.31263098
48.31811549
48.32284636
48.30567396
48.26948588
48.22316212
48.16724467
48.10464646
48.05282401
48.00783239
47.98178814
47.97484273
47.97523177
47.97031867
47.94569001
47.90740432
47.84440139
47.76560835
47.68466105
47.6259623
47.58238219
47.56834719
47.53334525
47.50815167
47.48773067
47.47918434
47.47481742
47.46069989
47.43700211
47.43289187
47.4254943
47.42257247
47.41699356
47.4111251
47.40818455
47.37887989
47.34359287
47.30980113
47.28078254
47.23120328
47.18029346
47.11458923
47.045593
46.99339021
46.94501951
46.90339732
46.8427767
46.78028019
46.69941846
46.60988957
46.53213011
46.47406153
46.409675
46.34481167
46.28378844
46.22724001
46.1650806
46.10001196
46.04733793
45.99346632
45.93299673
45.8844401
45.84588192
45.80614203
45.7625002
45.7085883
45.6391107
45.55919452
45.48514546
45.40102605
45.31580043
45.24676255
45.16179149
45.08923897
45.03226902
44.98699987
44.95899907
44.94971778
44.94308742
44.92371885
44.9027618
44.89009414
44.86370363
44.86465074
44.85053742
44.78641072
44.75508258
44.72082288
44.63543422
44.538681
44.46076917
44.40431075
44.37447955
44.36577582
44.36479313
44.3585152
44.35790605
44.28969825
44.09032348
43.78753667
43.32644401
42.80299787
42.2311733
41.64180361
41.09011781
40.65607741
40.30884333
40.02872454
39.82408205
39.6783383
39.50869615
39.3182958
39.14375592
38.97590665
38.88574628
38.84159537
38.83157396
38.84678606
38.91759595
39.03253712
39.21473921
39.46549051
39.76824192
40.09431222
40.42660003
40.75374083
41.06753929
41.38070104
41.67723222
41.93309698
42.17010711
42.37046136
42.53860978
42.70291902
42.84435512
42.99924083
43.13951008
43.31379916
43.52669467
43.71138986
43.87702235
44.06516742
44.25152668
44.38514659
44.45234731
44.51950957
44.58226481
44.63141713
44.67219252
44.70070388
44.72151341
44.73573107
44.74592308
44.69689011
44.64668721
44.59757465
44.52217342
44.45172105
44.37504006
44.27658834
44.16763662
44.05895005
43.95350223
43.85041867
43.73565122
43.6475132
43.5634114
43.46738732
43.39278825
43.35929114
43.34184948
43.32520151
43.29626124
43.26207198
43.24189761
43.2016515
43.16725759
43.15287242
43.14534336
43.135196
43.1421506
43.18368141
43.25650996
43.32455731
43.37175203
43.41833508
43.45250666
43.4643858
43.47563448
43.4654459
43.44694494
43.43649498
43.4085522
43.37890023
43.36552861
43.34897037
43.35816922
43.37243382
43.42483425
43.48083404
43.55571003
43.63795817
43.75804948
43.88524692
44.02287086
44.14888465
44.26486656
44.41056263
44.55690948
44.70592019
44.88872269
45.09909192
45.30395805
45.51262346
45.70491893
45.84501672
45.94197401
46.03337403
46.10774171
46.18680877
46.24626514
46.32332462
46.41605142
46.50166931
46.61462425
46.75507519
46.87931081
46.99422624
47.10053049
47.16834721
47.22981802
47.24414965
47.23214339
47.21171703
47.19532122
47.16447162
47.11496389
47.06058668
47.00252738
46.92682549
46.84841365
46.74746312
46.6694419
46.60318389
46.57258213
46.56654104
46.55458751
46.56606149
46.61728703
46.6590899
46.70580106
46.73153835
46.74817869
46.75844182
46.76789099
46.77488583
46.79388448
46.83535307
46.8872938
46.91067982
46.93643761
46.9688884
46.98890083
47.0037037
47.02077493
47.04967209
47.11598835
47.18703563
47.2630941
47.33467274
47.39003368
47.43275259
47.47349205
47.47652327
47.49900168
47.51614222
47.53286549
47.54743814
47.561032
47.5846349
47.60939082
47.61530545
47.60070506
47.54507979
47.49894858
47.45798249
47.35530856
47.2374965
47.1191238
46.98795642
46.83655931
46.6837151
46.54808678
46.4166363
46.30888504
46.21658694
46.16029033
46.12018981
46.10135454
46.09194544
46.08489236
46.05905853
46.01687823
45.95442408
45.8800969
45.8022816
45.73194265
45.64719165
45.53322754
45.40612178
45.29668214
45.17017346
45.05256109
44.93771055
44.86590127
44.82164308
44.81444804
44.79443637
44.78494908
44.77416927
44.77909644
44.77667111
44.76784927
44.76823486
44.75296016
44.72237384
44.70511382
44.63762681
44.49352486
44.28008723
44.0209359
43.74545044
43.4675843
43.19831321
42.95623892
42.70380465
42.4481178
